1.00000000e-03	3.63633465e+12	-2.17681699e+15	3.93659431e-07
2.00000000e-03	2.02683840e+12	-5.80507909e+14	-6.75713135e-05
3.00000000e-03	2.38338868e+12	8.38883374e+14	-4.24666852e-04
4.00000000e-03	2.80895265e+12	-1.68217851e+14	7.08200818e-06
5.00000000e-03	2.36380807e+12	-3.92303732e+14	4.12985340e-04
6.00000000e-03	2.38802541e+12	3.70207588e+14	4.68052001e-06
7.00000000e-03	2.67668282e+12	2.35622645e+13	9.36009116e-05
8.00000000e-03	2.45482127e+12	-2.93622291e+14	3.54818956e-06
9.00000000e-03	2.39550706e+12	1.94995220e+14	-3.28936206e-05
1.00000000e-02	2.61391176e+12	9.06015458e+13	2.82225361e-05
1.10000000e-02	2.49879686e+12	-2.27154449e+14	-2.86590561e-04
1.20000000e-02	2.40547898e+12	9.62239518e+13	-2.23882591e-05
1.30000000e-02	2.57311975e+12	1.18757959e+14	1.48862281e-05
1.40000000e-02	2.52398872e+12	-1.73607912e+14	2.11747110e-05
1.50000000e-02	2.41747314e+12	3.11951763e+13	2.18230368e-05
1.60000000e-02	2.54287942e+12	1.27644808e+14	7.00029735e-06
1.70000000e-02	2.53870268e+12	-1.27068133e+14	-1.24419966e-04
1.80000000e-02	2.43093452e+12	-1.39453262e+13	-4.43591155e-04
1.90000000e-02	2.51929901e+12	1.24631537e+14	-9.84172705e-05
2.00000000e-02	2.54636851e+12	-8.56889702e+13	1.49507586e-04
2.10000000e-02	2.44525207e+12	-4.50158947e+13	4.55387929e-06
2.20000000e-02	2.50080832e+12	1.13563873e+14	-4.68524077e-05
2.30000000e-02	2.54880898e+12	-4.91028662e+13	-1.02372836e-04
2.40000000e-02	2.45979251e+12	-6.50093495e+13	-4.29542832e-04
2.50000000e-02	2.48668490e+12	9.70136922e+13	7.54653111e-05
2.60000000e-02	2.54723289e+12	-1.74951944e+13	9.85710823e-04
2.70000000e-02	2.47393479e+12	-7.58238172e+13	-1.18690021e-07
2.80000000e-02	2.47652092e+12	7.70058408e+13	5.59443584e-05
2.90000000e-02	2.54259547e+12	8.79772269e+12	2.45036489e-06
3.00000000e-02	2.48710317e+12	-7.89381672e+13	1.03327685e-04
3.10000000e-02	2.46999929e+12	5.52722027e+13	-1.67963838e-04
3.20000000e-02	2.53573829e+12	2.94884390e+13	7.92726288e-05
3.30000000e-02	2.49879697e+12	-7.56944144e+13	-2.86533510e-04
3.40000000e-02	2.46679317e+12	3.33317682e+13	5.45984077e-05
3.50000000e-02	2.52743938e+12	4.44438922e+13	7.17910244e-04
3.60000000e-02	2.50861523e+12	-6.74096712e+13	-2.63739703e-04
3.70000000e-02	2.46652327e+12	1.25010487e+13	4.58057612e-05
3.80000000e-02	2.51842310e+12	5.37380296e+13	-2.59763181e-04
3.90000000e-02	2.51627498e+12	-5.54054046e+13	9.24605129e-05
4.00000000e-02	2.46874604e+12	-6.12224381e+12	4.40612861e-04
4.10000000e-02	2.50935152e+12	5.76697045e+13	-1.11090845e-04
4.20000000e-02	2.52162203e+12	-4.09939030e+13	-1.86792857e-05
4.30000000e-02	2.47296001e+12	-2.16820412e+13	-1.66706717e-05
4.40000000e-02	2.50080817e+12	5.67552361e+13	-4.68571687e-05
4.50000000e-02	2.52463389e+12	-2.54428195e+13	3.47264247e-05
4.60000000e-02	2.47862314e+12	-3.35827825e+13	8.88743055e-04
4.70000000e-02	2.49328047e+12	5.17016851e+13	-1.64158768e-06
4.80000000e-02	2.52541485e+12	-9.93026563e+12	5.76941192e-05
4.90000000e-02	2.48517668e+12	-4.14986319e+13	2.71796956e-05
5.00000000e-02	2.48714447e+12	4.33657022e+13	1.06920849e-04
5.10000000e-02	2.52418370e+12	4.50123771e+12	2.49596777e-05
5.20000000e-02	2.49207191e+12	-4.53702390e+13	-2.26383319e-05
5.30000000e-02	2.48265438e+12	3.27024360e+13	-1.68118295e-05
5.40000000e-02	2.52125505e+12	1.69860636e+13	-2.57177208e-05
5.50000000e-02	2.49879718e+12	-4.53881710e+13	-2.86419486e-04
5.60000000e-02	2.47993821e+12	2.07088779e+13	-1.29739753e-04
5.70000000e-02	2.51701573e+12	2.68678267e+13	1.88664347e-04
5.80000000e-02	2.50490267e+12	-4.19635992e+13	3.19805075e-05
5.90000000e-02	2.47900018e+12	8.36590929e+12	-7.65353417e-04
6.00000000e-02	2.51189772e+12	3.37199434e+13	-1.71801439e-05
6.10000000e-02	2.51002134e+12	-3.56879568e+13	-6.75277469e-05
6.20000000e-02	2.47972986e+12	-3.41692660e+12	-1.61081670e-04
6.30000000e-02	2.50634953e+12	3.73528111e+13	8.40075490e-05
6.40000000e-02	2.51388427e+12	-2.72841319e+13	1.59236036e-05
6.50000000e-02	2.48191737e+12	-1.38503167e+13	-3.16351212e-05
6.60000000e-02	2.50080790e+12	3.78071633e+13	-4.68651039e-05
6.70000000e-02	2.51632975e+12	-1.75523546e+13	9.64610315e-05
6.80000000e-02	2.48527374e+12	-2.23047179e+13	2.92578108e-05
6.90000000e-02	2.49567156e+12	3.53342189e+13	4.58330874e-05
7.00000000e-02	2.51730551e+12	-7.31425409e+12	2.97155679e-04
7.10000000e-02	2.48945493e+12	-2.83382731e+13	-1.60258096e-04
7.20000000e-02	2.49127860e+12	3.03641744e+13	-4.05868815e-05
7.30000000e-02	2.51686409e+12	2.64137723e+12	1.57459223e-04
7.40000000e-02	2.49408797e+12	-3.17116944e+13	1.16782089e-05
7.50000000e-02	2.48788895e+12	2.34653688e+13	2.48057381e-04
7.60000000e-02	2.51515207e+12	1.16077683e+13	4.34551766e-05
7.70000000e-02	2.49879749e+12	-3.23896183e+13	-2.86248643e-04
7.80000000e-02	2.48567256e+12	1.52970216e+13	3.87071800e-05
7.90000000e-02	2.51239377e+12	1.90013798e+13	-8.65196114e-06
8.00000000e-02	2.50323086e+12	-3.05288619e+13	1.45971635e-06
8.10000000e-02	2.48470426e+12	6.55880452e+12	1.79268307e-05
8.20000000e-02	2.50887099e+12	2.43928245e+13	-1.81214821e-04
8.30000000e-02	2.50708052e+12	-2.64548645e+13	1.59984508e-04
8.40000000e-02	2.48496490e+12	-2.05937714e+12	2.28750238e-05
8.50000000e-02	2.50490000e+12	2.75259335e+13	3.19198274e-05
8.60000000e-02	2.51010208e+12	-2.06283455e+13	-6.39976215e-05
8.70000000e-02	2.48634876e+12	-9.92413442e+12	6.01564830e-05
8.80000000e-02	2.50080754e+12	2.83242384e+13	-4.68762131e-05
8.90000000e-02	2.51212713e+12	-1.36047955e+13	-1.31487494e-05
9.00000000e-02	2.48867637e+12	-1.64989534e+13	-1.00307258e-03
9.10000000e-02	2.49690750e+12	2.68850044e+13	1.08585469e-04
9.20000000e-02	2.51307037e+12	-5.98980506e+12	2.32392647e-06
9.30000000e-02	2.49171153e+12	-2.13757678e+13	-3.00993276e-05
9.40000000e-02	2.49347966e+12	2.34617726e+13	1.59531701e-06
9.50000000e-02	2.51293051e+12	1.60659112e+12	7.13396786e-08
9.60000000e-02	2.49518138e+12	-2.42960260e+13	3.30227204e-05
9.70000000e-02	2.49075196e+12	1.84371132e+13	-5.71164904e-05
9.80000000e-02	2.51178547e+12	8.61342541e+12	-1.92250369e-05
9.90000000e-02	2.49879791e+12	-2.51603033e+13	-2.86021211e-04
1.00000000e-01	2.48888726e+12	1.22878838e+13	-4.14026971e-04
1.01000000e-01	2.50978225e+12	1.45372978e+13	-7.96134379e-05
1.02000000e-01	2.50227938e+12	-2.40263253e+13	-1.42941908e-05
1.03000000e-01	2.48797537e+12	5.54571748e+12	2.89013591e-04
1.04000000e-01	2.50712256e+12	1.89934485e+13	1.67873699e-04
1.05000000e-01	2.50537025e+12	-2.10960653e+13	4.38135958e-05
1.06000000e-01	2.48803058e+12	-1.24431794e+12	3.22737096e-04
1.07000000e-01	2.50404526e+12	2.17275886e+13	1.50526947e-05
1.08000000e-01	2.50785821e+12	-1.66933017e+13	8.77541830e-04
1.09000000e-01	2.48899470e+12	-7.56393173e+12	-3.20402556e-04
1.10000000e-01	2.50080706e+12	2.26273805e+13	-4.68904963e-05
1.11000000e-01	2.50958732e+12	-1.12336312e+13	-9.18783050e-05
1.12000000e-01	2.49074506e+12	-1.29579287e+13	-5.73732770e-05
1.13000000e-01	2.49766292e+12	2.17232250e+13	2.60253694e-04
1.14000000e-01	2.51046650e+12	-5.18937778e+12	-5.05382773e-05
1.15000000e-01	2.49310679e+12	-1.70642483e+13	-4.47418054e-06
1.16000000e-01	2.49484743e+12	1.91787657e+13	2.57553650e-05
1.17000000e-01	2.51047289e+12	9.47896374e+11	-5.03314986e-05
1.18000000e-01	2.49586826e+12	-1.96358703e+13	5.20352653e-05
1.19000000e-01	2.49255869e+12	1.52722350e+13	-1.36900906e-05
1.20000000e-01	2.50965022e+12	6.70451124e+12	-8.76292159e-05
1.21000000e-01	2.49879844e+12	-2.05533772e+13	-2.85737495e-04
1.22000000e-01	2.49094536e+12	1.03703607e+13	-5.04022849e-05
