0.00000000e+00	0.00000000e+00	-1.33952600e+02
4.88281250e-05	-5.34395303e-03	-8.49357157e+01
9.76562500e-05	-7.37646907e-03	1.68385902e+00
1.46484375e-04	-5.35327933e-03	8.11859925e+01
1.95312500e-04	-7.88693468e-04	1.05779444e+02
2.44140625e-04	3.36774320e-03	6.44682016e+01
2.92968750e-04	4.66270031e-03	-1.14267587e+01
3.41796875e-04	2.65949557e-03	-7.06245072e+01
3.90625000e-04	-9.29984467e-04	-7.64005952e+01
4.39453125e-04	-3.52406556e-03	-2.98529664e+01
4.88281250e-04	-3.44243024e-03	3.31967492e+01
5.37109375e-04	-9.61600786e-04	6.84180253e+01
5.85937500e-04	2.01529587e-03	5.35156618e+01
6.34765625e-04	3.37366976e-03	2.12333259e+00
6.83593750e-04	2.26193715e-03	-4.76599002e+01
7.32421875e-04	-3.91184904e-04	-6.10119792e+01
7.81250000e-04	-2.62476498e-03	-3.04754607e+01
8.30078125e-04	-2.87615643e-03	2.01784667e+01
8.78906250e-04	-1.06234125e-03	5.41154033e+01
9.27734375e-04	1.43035092e-03	4.79852678e+01
9.76562500e-04	2.79358902e-03	7.85296512e+00
1.02539063e-03	2.09921004e-03	-3.62947282e+01
1.07421875e-03	-7.53631789e-05	-5.27757909e+01
1.12304688e-03	-2.11634012e-03	-3.08226248e+01
1.17187500e-03	-2.56395041e-03	1.24885075e+01
1.22070312e-03	-1.15109452e-03	4.53820697e+01
1.26953125e-03	1.04542371e-03	4.45873171e+01
1.31835938e-03	2.42031528e-03	1.17282415e+01
1.36718750e-03	2.00838464e-03	-2.86009204e+01
1.41601563e-03	1.58782720e-04	-4.71587743e+01
1.46484375e-03	-1.75404388e-03	-3.11906034e+01
1.51367188e-03	-2.34809648e-03	6.85820919e+00
1.56250000e-03	-1.22931380e-03	3.89671292e+01
1.61132813e-03	7.50277666e-04	4.21169373e+01
1.66015625e-03	2.13859262e-03	1.47484434e+01
1.70898438e-03	1.94602209e-03	-2.26361325e+01
1.75781250e-03	3.48853427e-04	-4.27838958e+01
1.80664063e-03	-1.46513470e-03	-3.15170580e+01
1.85546875e-03	-2.17790493e-03	2.32198954e+00
1.90429688e-03	-1.29698425e-03	3.37605215e+01
1.95312500e-03	5.05984579e-04	4.00890818e+01
2.00195313e-03	1.90553962e-03	1.72366928e+01
2.05078125e-03	1.89518326e-03	-1.76608895e+01
2.09960937e-03	5.09901378e-04	-3.90802563e+01
2.14843750e-03	-1.21936774e-03	-3.17506070e+01
2.19726562e-03	-2.03163346e-03	-1.51979657e+00
2.24609375e-03	-1.35412371e-03	2.92705957e+01
2.29492188e-03	2.94883669e-04	3.82727466e+01
2.34375000e-03	1.70126534e-03	1.93326467e+01
2.39257813e-03	1.84788000e-03	-1.33273104e+01
2.44140625e-03	6.49274848e-04	-3.57675566e+01
2.49023438e-03	-1.00179087e-03	-3.18600951e+01
2.53906250e-03	-1.89839165e-03	-4.86467296e+00
2.58789063e-03	-1.40080865e-03	2.52456724e+01
2.63671875e-03	1.07763735e-04	3.65454526e+01
2.68554688e-03	1.51530840e-03	2.11075768e+01
2.73437500e-03	1.79990945e-03	-9.45031775e+00
2.78320313e-03	7.71007292e-04	-3.26935146e+01
2.83203125e-03	-8.04211551e-04	-3.18274492e+01
2.88085938e-03	-1.77220062e-03	-7.82138293e+00
2.92968750e-03	-1.43714967e-03	2.15450697e+01
2.97851563e-03	-6.06110959e-05	3.48379504e+01
3.02734375e-03	1.34173362e-03	2.26020893e+01
3.07617188e-03	1.74892322e-03	-5.92360348e+00
3.12500000e-03	8.77491168e-04	-2.97702533e+01
3.17382812e-03	-6.21848002e-04	-3.16426791e+01
3.22265625e-03	-1.64960331e-03	-1.04541784e+01
3.27148438e-03	-1.46328278e-03	1.80858677e+01
3.32031250e-03	-2.13385669e-04	3.31099178e+01
3.36914063e-03	1.17702616e-03	2.38413506e+01
3.41796875e-03	1.69358472e-03	-2.68311177e+00
3.46679688e-03	9.70229116e-04	-2.69455339e+01
3.51562500e-03	-4.51805640e-04	-3.13010097e+01
3.56445313e-03	-1.52856203e-03	-1.28029319e+01
3.61328125e-03	-1.47936964e-03	1.48178521e+01
3.66210938e-03	-3.52516372e-04	3.13380578e+01
3.71093750e-03	1.01907137e-03	2.48421759e+01
3.75976563e-03	1.63315828e-03	3.10824126e-01
3.80859375e-03	1.05021203e-03	-2.41883026e+01
3.85742188e-03	-2.92306240e-04	-3.08012458e+01
3.90625000e-03	-1.40789603e-03	-1.48933121e+01
3.95507812e-03	-1.48560094e-03	1.17105190e+01
4.00390625e-03	-4.79246506e-04	2.95097585e+01
4.05273438e-03	8.66614092e-04	2.56166916e+01
4.10156250e-03	1.56729093e-03	3.08303185e+00
4.15039062e-03	1.11812633e-03	-2.14808139e+01
4.19921875e-03	-1.42264872e-04	-3.01448098e+01
4.24804688e-03	-1.28697147e-03	-1.67423727e+01
4.29687500e-03	-1.48220010e-03	8.74580832e+00
4.34570313e-03	-5.94375721e-04	2.76194781e+01
4.39453125e-03	7.18950939e-04	2.61743819e+01
4.44335937e-03	1.49588834e-03	5.64897403e+00
4.49218750e-03	1.17447536e-03	-1.88140499e+01
4.54101563e-03	-1.04221347e-06	-2.93351497e+01
4.58984375e-03	-1.16551918e-03	-1.83618270e+01
4.63867188e-03	-1.46942649e-03	5.91378358e+00
4.68750000e-03	-6.98421990e-04	2.56665609e+01
4.73632813e-03	5.75744627e-04	2.65233037e+01
4.78515625e-03	1.41903985e-03	8.01806879e+00
4.83398438e-03	1.21965423e-03	-1.61849041e+01
4.88281250e-03	1.31708428e-04	-2.83773558e+01
4.93164063e-03	-1.04352165e-03	-1.97600681e+01
4.98046875e-03	-1.44757775e-03	3.20993007e+00
5.02929688e-03	-7.91723777e-04	2.36538487e+01
5.07812500e-03	4.36906309e-04	2.66708396e+01
5.12695312e-03	1.33697078e-03	1.01958009e+01
5.17578125e-03	1.25399796e-03	-1.35943675e+01
5.22460938e-03	2.56139948e-04	-2.72778966e+01
5.27343750e-03	-9.21139483e-04	-2.09434689e+01
5.32226563e-03	-1.41699106e-03	6.33388194e-01
5.37109375e-03	-8.74507106e-04	2.15867547e+01
5.41992188e-03	3.02517676e-04	2.66241803e+01
5.46875000e-03	1.25001033e-03	1.21851187e+01
5.51757813e-03	1.27781332e-03	-1.10463080e+01
5.56640625e-03	3.72277824e-04	-2.60444261e+01
5.61523438e-03	-7.98661480e-04	-2.19172478e+01
5.66406250e-03	-1.37804367e-03	-1.81424651e+00
5.71289063e-03	-9.46931078e-04	1.94726181e+01
5.76171875e-03	1.72777353e-04	2.63906392e+01
5.81054688e-03	1.15856907e-03	1.39873893e+01
5.85937500e-03	1.29140042e-03	-8.54661693e+00
5.90820313e-03	4.80066233e-04	-2.46856315e+01
5.95703125e-03	-6.76469220e-04	-2.26860607e+01
6.00585938e-03	-1.33115251e-03	-4.12976684e+00
6.05468750e-03	-1.00911961e-03	1.73202345e+01
6.10351562e-03	4.79627092e-05	2.59778572e+01
6.15234375e-03	1.06312212e-03	1.56030724e+01
6.20117188e-03	1.29506747e-03	-6.10259102e+00
6.25000000e-03	5.79401029e-04	-2.32111064e+01
6.29882813e-03	-5.55011061e-04	-2.32544128e+01
6.34765625e-03	-1.27677322e-03	-6.30896504e+00
6.39648438e-03	-1.06118400e-03	1.51394991e+01
6.44531250e-03	-7.15982311e-05	2.53939342e+01
6.49414063e-03	9.64196172e-04	1.70322046e+01
6.54296875e-03	1.28914090e-03	-3.72246836e+00
6.59179688e-03	6.70153935e-04	-2.16312379e+01
6.64062500e-03	-4.34782290e-04	-2.36269499e+01
6.68945313e-03	-1.21539844e-03	-8.34708754e+00
6.73828125e-03	-1.10323931e-03	1.29411254e+01
6.78710938e-03	-1.85548049e-04	2.46475087e+01
6.83593750e-03	8.62358801e-04	1.82747559e+01
6.88476563e-03	1.27397221e-03	-1.41507058e+00
6.93359375e-03	7.52190649e-04	-1.99571023e+01
6.98242188e-03	-3.16309487e-04	-2.38086633e+01
7.03125000e-03	-1.14755569e-03	-1.02391811e+01
7.08007812e-03	-1.13541619e-03	1.07364150e+01
7.12890625e-03	-2.93516424e-04	2.37477993e+01
7.17773438e-03	7.58209508e-04	1.93308949e+01
7.22656250e-03	1.24994233e-03	8.10481523e-01
7.27539063e-03	8.25384619e-04	-1.82003654e+01
7.32421875e-03	-2.00137807e-04	-2.38050332e+01
7.37304688e-03	-1.07380467e-03	-1.19803615e+01
7.42187500e-03	-1.15786957e-03	8.53706299e+00
7.47070313e-03	-3.95133220e-04	2.27046181e+01
7.51953125e-03	6.52371788e-04	2.02011870e+01
7.56835938e-03	1.21746422e-03	2.94499903e+00
7.61718750e-03	8.89627648e-04	-1.63731851e+01
7.66601563e-03	-8.68203907e-05	-2.36221266e+01
7.71484375e-03	-9.94734244e-04	-1.35660249e+01
7.76367188e-03	-1.17078492e-03	6.35498933e+00
7.81250000e-03	-4.90039032e-04	2.15283621e+01
7.86132813e-03	5.45486006e-04	2.08867434e+01
7.91015625e-03	1.17698405e-03	4.97941649e+00
7.95898438e-03	9.44838087e-04	-1.44881152e+01
8.00781250e-03	2.30906669e-05	-2.32666591e+01
8.05664062e-03	-9.10959024e-04	-1.49920162e+01
8.10546875e-03	-1.17438253e-03	4.20218955e+00
8.15429687e-03	-5.77893824e-04	2.02299877e+01
8.20312500e-03	4.38202826e-04	2.13893310e+01
8.25195313e-03	1.12898125e-03	6.90495315e+00
8.30078125e-03	9.90967170e-04	-1.25580098e+01
8.34960938e-03	1.29052134e-04	-2.27460301e+01
8.39843750e-03	-8.23115683e-04	-1.62547637e+01
8.44726563e-03	-1.16892046e-03	2.09060008e+00
8.49609375e-03	-6.58384045e-04	1.88209715e+01
8.54492188e-03	3.31177079e-04	2.17114522e+01
8.59375000e-03	1.07396767e-03	8.71325028e+00
8.64257812e-03	1.02800386e-03	-1.05959279e+01
8.69140625e-03	2.30536509e-04	-2.20683348e+01
8.74023438e-03	-7.31859017e-04	-1.73513860e+01
8.78906250e-03	-1.15469618e-03	3.19757613e-02
8.83789063e-03	-7.31228524e-04	1.73132594e+01
8.88671875e-03	2.25061976e-04	2.18563995e+01
8.93554688e-03	1.01248601e-03	1.03964888e+01
8.98437500e-03	1.05597845e-03	-8.61503838e+00
9.03320312e-03	3.27038088e-04	-2.12423588e+01
9.08203125e-03	-6.37857802e-04	-1.82797769e+01
9.13085937e-03	-1.13204724e-03	-1.96222259e+00
9.17968750e-03	-7.96183342e-04	1.57192079e+01
9.22851563e-03	1.20503626e-04	2.18282903e+01
9.27734375e-03	9.45107646e-04	1.19474904e+01
9.32617188e-03	1.07496517e-03	-6.62852608e+00
9.37500000e-03	4.18078364e-04	-2.02775576e+01
9.42382813e-03	-5.41790509e-04	-1.90386715e+01
9.47265625e-03	-1.10135113e-03	-3.88093166e+00
9.52148438e-03	-8.53045826e-04	1.40515170e+01
9.57031250e-03	1.81358236e-05	2.16320834e+01
9.61914063e-03	8.72429945e-04	1.33598038e+01
9.66796875e-03	1.08508389e-03	-4.64949815e+00
9.71679688e-03	5.03210820e-04	-1.91840229e+01
9.76562500e-03	-4.44340895e-04	-1.96276954e+01
9.81445313e-03	-1.06302440e-03	-5.71358089e+00
9.86328125e-03	-9.01657775e-04	1.23231578e+01
9.91210938e-03	-8.14248995e-05	2.12735808e+01
9.96093750e-03	7.95073145e-04	1.46277791e+01
1.00097656e-02	1.08650104e-03	-2.69089246e+00
1.00585938e-02	5.82025177e-04	-1.79724390e+01
1.01074219e-02	-3.46193531e-04	-2.00473993e+01
1.01562500e-02	-1.01752115e-03	-7.45018009e+00
1.02050781e-02	-9.41907982e-04	1.05472956e+01
1.02539062e-02	-1.77583957e-04	2.07594165e+01
1.03027344e-02	7.13676913e-04	1.57466288e+01
1.03515625e-02	1.07942987e-03	-7.65387779e-01
1.04003906e-02	6.54151124e-04	-1.66540295e+01
1.04492188e-02	-2.48029302e-04	-2.02992807e+01
1.04980469e-02	-9.65331062e-04	-9.08139941e+00
1.05468750e-02	-9.73734136e-04	8.73720953e+00
1.05957031e-02	-2.69773124e-04	2.00970335e+01
1.06445313e-02	6.28896611e-04	1.67124789e+01
1.06933594e-02	1.06413007e-03	1.11468353e+00
1.07421875e-02	7.19261572e-04	-1.52404971e+01
1.07910156e-02	-1.50520909e-04	-2.03857933e+01
1.08398438e-02	-9.06976846e-04	-1.05986419e+01
1.08886719e-02	-9.97124117e-04	6.90620964e+00
1.09375000e-02	-3.57454673e-04	1.92946508e+01
1.09863281e-02	5.41399327e-04	1.75224090e+01
1.10351563e-02	1.04090686e-03	2.93741974e+00
1.10839844e-02	7.77075416e-04	-1.37439559e+01
1.11328125e-02	-5.43284310e-05	-2.03103457e+01
1.11816406e-02	-8.43011393e-04	-1.19941084e+01
1.12304688e-02	-1.01211676e-03	5.06755275e+00
1.12792969e-02	-4.40125209e-04	1.83612210e+01
1.13281250e-02	4.51859748e-04	1.81744829e+01
1.13769531e-02	1.01010958e-03	4.69143036e+00
1.14257813e-02	8.27359853e-04	-1.21768593e+01
1.14746094e-02	3.99050414e-05	-2.00772898e+01
1.15234375e-02	-7.74014520e-04	-1.32608554e+01
1.15722656e-02	-1.01880206e-03	3.23435775e+00
1.16210938e-02	-5.17319208e-04	1.73063799e+01
1.16699219e-02	3.60955899e-04	1.86677685e+01
1.17187500e-02	9.72129755e-04	6.36591270e+00
1.17675781e-02	8.69932229e-04	-1.05519234e+01
1.18164063e-02	1.31557645e-04	-1.96918996e+01
1.18652344e-02	-7.00589429e-04	-1.43928445e+01
1.19140625e-02	-1.01732096e-03	1.41952104e+00
1.19628906e-02	-5.88612213e-04	1.61403892e+01
1.20117188e-02	2.69364809e-04	1.90023496e+01
1.20605469e-02	9.27398826e-04	7.95072367e+00
1.21093750e-02	9.04661446e-04	-8.88204673e+00
1.21582031e-02	2.20032831e-04	-1.91603414e+01
1.22070312e-02	-6.23358919e-04	-1.53849847e+01
1.22558594e-02	-1.00786457e-03	-3.64366738e-01
1.23046875e-02	-6.53623708e-04	1.48740724e+01
1.23535156e-02	1.77758145e-04	1.91793282e+01
1.24023438e-02	8.76385460e-04	9.43644658e+00
1.24511719e-02	9.31468923e-04	-7.18022791e+00
1.25000000e-02	3.04763271e-04	-1.84896356e+01
1.25488281e-02	-5.42961389e-04	-1.62331665e+01
1.25976563e-02	-9.90673028e-04	-2.10510225e+00
1.26464844e-02	-7.12019621e-04	1.35187458e+01
1.26953125e-02	8.67978481e-05	1.92008178e+01
1.27441406e-02	8.19592526e-04	1.08144522e+01
1.27929688e-02	9.50329117e-04	-5.45948144e+00
1.28417969e-02	3.85214544e-04	-1.76876115e+01
1.28906250e-02	-4.60046678e-04	-1.69342882e+01
1.29394531e-02	-9.66033902e-04	-3.79094846e+00
1.29882813e-02	-7.63514476e-04	1.20861441e+01
1.30371094e-02	-2.86817209e-06	1.90699285e+01
1.30859375e-02	7.57553768e-04	1.20769541e+01
1.31347656e-02	9.61269619e-04	-3.73275287e+00
1.31835938e-02	4.60888583e-04	-1.67628544e+01
1.32324219e-02	-3.75271788e-04	-1.74862745e+01
1.32812500e-02	-9.34280207e-04	-5.41071039e+00
1.33300781e-02	-8.07873154e-04	1.05883433e+01
1.33789063e-02	-9.06102667e-05	1.87907446e+01
1.34277344e-02	6.90830211e-04	1.32170574e+01
1.34765625e-02	9.64370821e-04	-2.01283401e+00
1.35253906e-02	5.31326850e-04	-1.57246470e+01
1.35742188e-02	-2.89296521e-04	-1.78880863e+01
1.36230469e-02	-8.95788057e-04	-6.95380705e+00
1.36718750e-02	-8.44912276e-04	9.03767905e+00
1.37207031e-02	-1.75821149e-04	1.83682935e+01
1.37695313e-02	6.20006344e-04	1.42288006e+01
1.38183594e-02	9.59765178e-04	-3.12278804e-01
1.38671875e-02	5.96113222e-04	-1.45829053e+01
1.39160156e-02	-2.02779085e-04	-1.81397236e+01
1.39648438e-02	-8.50973973e-04	-8.41033900e+00
1.40136719e-02	-8.74501193e-04	7.44666406e+00
1.40625000e-02	-2.57919843e-04	1.78085080e+01
1.41113281e-02	5.45686100e-04	1.51071914e+01
1.41601562e-02	9.47636065e-04	1.35667920e+00
1.42089844e-02	6.54876562e-04	-1.33481084e+01
1.42578125e-02	-1.16371688e-04	-1.82422199e+01
1.43066406e-02	-8.00291874e-04	-9.77115090e+00
1.43554688e-02	-8.96562578e-04	5.82790286e+00
1.44042969e-02	-3.36355440e-04	1.71181815e+01
1.44531250e-02	4.68488687e-04	1.58482339e+01
1.45019531e-02	9.28216255e-04	2.98220723e+00
1.45507813e-02	7.07292960e-04	-1.20312254e+01
1.45996094e-02	-3.07161764e-05	-1.81976288e+01
1.46484375e-02	-7.44229789e-04	-1.10278887e+01
1.46972656e-02	-9.11072620e-04	4.19400635e+00
1.47460938e-02	-4.10610642e-04	1.63049163e+01
1.47949219e-02	3.89044298e-04	1.64489500e+01
1.48437500e-02	9.01786017e-04	4.55295080e+00
1.48925781e-02	7.53087619e-04	-1.06436372e+01
1.49414063e-02	5.35602582e-05	-1.80090035e+01
1.49902344e-02	-6.83306308e-04	-1.21730510e+01
1.50390625e-02	-9.18060828e-04	2.55750591e+00
1.50878906e-02	-4.80205054e-04	1.53770666e+01
1.51367188e-02	3.07989732e-04	1.69073919e+01
1.51855469e-02	8.68670875e-04	6.05810776e+00
1.52343750e-02	7.92036391e-04	-9.19705624e+00
1.52832031e-02	1.35849265e-04	-1.76803684e+01
1.53320313e-02	-6.18066811e-04	-1.32000341e+01
1.53808594e-02	-9.17609434e-04	9.30768269e-01
1.54296875e-02	-5.44698212e-04	1.43436754e+01
1.54785156e-02	2.25963977e-04	1.72226479e+01
1.55273438e-02	8.29239029e-04	7.48749826e+00
1.55761719e-02	8.23966933e-04	-7.70344332e+00
1.56250000e-02	2.15565380e-04	-1.72166843e+01
1.56738281e-02	-5.49079504e-04	-1.41031702e+01
1.57226563e-02	-9.09852421e-04	-6.74088526e-01
1.57714844e-02	-6.03692307e-04	1.32144068e+01
1.58203125e-02	1.43603773e-04	1.73948406e+01
1.58691406e-02	7.83898469e-04	8.83163011e+00
1.59179688e-02	8.48759486e-04	-6.17492284e+00
1.59667969e-02	2.92149898e-04	-1.66238059e+01
1.60156250e-02	-4.76931288e-04	-1.48777595e+01
1.60644531e-02	-8.94974172e-04	-2.24527706e+00
1.61132812e-02	-6.56834604e-04	1.19994738e+01
1.61621094e-02	6.15392059e-05	1.74251174e+01
1.62109375e-02	7.33093808e-04	1.00817591e+01
1.62597656e-02	8.66347275e-04	-4.62369706e+00
1.63085937e-02	3.65074542e-04	-1.59084341e+01
1.63574219e-02	-4.02223516e-04	-1.55200944e+01
1.64062500e-02	-8.73207755e-04	-3.77142002e+00
1.64550781e-02	-7.03819521e-04	1.07095621e+01
1.65039063e-02	-1.96106455e-05	1.73156335e+01
1.65527344e-02	6.77302855e-04	1.12299435e+01
1.66015625e-02	8.76716516e-04	-3.06195996e+00
1.66503906e-02	4.33844910e-04	-1.50780610e+01
1.66992188e-02	-3.25567640e-04	-1.60274770e+01
1.67480469e-02	-8.44832860e-04	-5.24162643e+00
1.67968750e-02	-7.44390368e-04	9.35575090e+00
1.68457031e-02	-9.92419656e-05	1.70695277e+01
1.68945313e-02	6.17032958e-04	1.22690932e+01
1.69433594e-02	8.79906047e-04	-1.50181145e+00
1.69921875e-02	4.98003650e-04	-1.41409107e+01
1.70410156e-02	-2.47580810e-04	-1.63982288e+01
1.70898438e-02	-8.10173411e-04	-6.64556414e+00
1.71386719e-02	-7.78340718e-04	7.94943125e+00
1.71875000e-02	-1.76770335e-04	1.66908916e+01
1.72363281e-02	5.52817146e-04	1.31930116e+01
1.72851562e-02	8.76006574e-04	4.48273956e-02
1.73339844e-02	5.57133376e-04	-1.31058736e+01
1.73828125e-02	-1.68881445e-04	-1.66316935e+01
1.74316406e-02	-7.69594858e-04	-7.97352795e+00
1.74804688e-02	-8.05515412e-04	6.50222205e+00
1.75292969e-02	-2.51634705e-04	1.61847317e+01
1.75781250e-02	4.85210105e-04	1.39964317e+01
1.76269531e-02	8.65159550e-04	1.56629757e+00
1.76757813e-02	6.10859261e-04	-1.19824374e+01
1.77246094e-02	-9.00848113e-05	-1.67282318e+01
1.77734375e-02	-7.23501189e-04	-9.21650302e+00
1.78222656e-02	-8.25811195e-04	5.02588516e+00
1.78710938e-02	-3.23301191e-04	1.55569246e+01
1.79199219e-02	4.14784004e-04	1.46750450e+01
1.79687500e-02	8.47555683e-04	3.05128298e+00
1.80175781e-02	6.58851328e-04	-1.07806134e+01
1.80664062e-02	-1.17986498e-05	-1.66892097e+01
1.81152344e-02	-6.72331670e-04	-1.03662228e+01
1.81640625e-02	-8.39176963e-04	3.53223966e+00
1.82128906e-02	-3.91266641e-04	1.48141671e+01
1.82617187e-02	3.42124232e-04	1.52255230e+01
1.83105469e-02	8.23433106e-04	4.48888846e+00
1.83593750e-02	7.00826391e-04	-9.51085952e+00
1.84082031e-02	6.53811285e-05	-1.65169784e+01
1.84570313e-02	-6.16557348e-04	-1.14152216e+01
1.85058594e-02	-8.45613632e-04	2.03307619e+00
1.85546875e-02	-4.55061973e-04	1.39639198e+01
1.86035156e-02	2.67825038e-04	1.56455322e+01
1.86523438e-02	7.93075198e-04	5.86871438e+00
1.87011719e-02	7.36549656e-04	-8.18400056e+00
1.87500000e-02	1.40874633e-04	-1.62148484e+01
1.87988281e-02	-5.56677339e-04	-1.23568803e+01
1.88476563e-02	-8.45173638e-04	5.40071923e-01
1.88964844e-02	-5.14255241e-04	1.30143456e+01
1.89453125e-02	1.92485151e-04	1.59337409e+01
1.89941406e-02	7.56808101e-04	7.18092714e+00
1.90429688e-02	7.65835958e-04	-6.81114609e+00
1.90917969e-02	2.14122044e-04	-1.57870558e+01
1.91406250e-02	-4.93214937e-04	-1.31854669e+01
1.91894531e-02	-8.37960054e-04	-9.35293074e-01
1.92382813e-02	-5.68454418e-04	1.19742439e+01
1.92871094e-02	1.16703381e-04	1.60898195e+01
1.93359375e-02	7.14997930e-04	8.41632522e+00
1.93847656e-02	7.88550624e-04	-5.40360688e+00
1.94335938e-02	2.84587500e-04	-1.52387227e+01
1.94824219e-02	-4.26713567e-04	-1.38961690e+01
1.95312500e-02	-8.24125352e-04	-2.38181767e+00
1.95800781e-02	-6.17309863e-04	1.08529801e+01
1.96289063e-02	4.10742475e-05	1.61144331e+01
1.96777344e-02	6.68047716e-04	9.56640020e+00
1.97265625e-02	8.04609970e-04	-3.97281027e+00
1.97753906e-02	3.51762777e-04	-1.45758107e+01
1.98242188e-02	-3.57732612e-04	-1.44851204e+01
1.98730469e-02	-8.03869801e-04	-3.78865888e+00
1.99218750e-02	-6.60516473e-04	9.66041119e+00
1.99707031e-02	-3.38163342e-05	1.60092265e+01
2.00195312e-02	6.16394086e-04	1.06233923e+01
2.00683594e-02	8.13981417e-04	-2.53021525e+00
2.01171875e-02	4.15170751e-04	-1.38050696e+01
2.01660156e-02	-2.86843154e-04	-1.49494199e+01
2.02148438e-02	-7.77439538e-04	-5.14540797e+00
2.02636719e-02	-6.97815491e-04	8.40680896e+00
2.03125000e-02	-1.07395274e-04	1.57768031e+01
2.03613281e-02	5.60503734e-04	1.15803402e+01
2.04101563e-02	8.16683235e-04	-1.08722785e+00
2.04589844e-02	4.74368604e-04	-1.29339794e+01
2.05078125e-02	-2.14623657e-04	-1.52871436e+01
2.05566406e-02	-7.45124304e-04	-6.44216295e+00
2.06054688e-02	-7.28995959e-04	7.10277997e+00
2.06542969e-02	-1.79106410e-04	1.54206960e+01
2.07031250e-02	5.00869677e-04	1.24311245e+01
2.07519531e-02	8.12783912e-04	3.44882542e-01
2.08007813e-02	5.28950765e-04	-1.19706882e+01
2.08496094e-02	-1.41655616e-04	-1.54973491e+01
2.08984375e-02	-7.07254880e-04	-7.66959672e+00
2.09472656e-02	-7.53895817e-04	5.75918393e+00
2.09960938e-02	-2.48414456e-04	1.49453326e+01
2.10449219e-02	4.38007357e-04	1.31705048e+01
2.10937500e-02	8.02401159e-04	1.75506529e+00
2.11425781e-02	5.78551548e-04	-1.09239454e+01
2.11914063e-02	-6.85192242e-05	-1.55800735e+01
2.12402344e-02	-6.64200234e-04	-8.81902071e+00
2.12890625e-02	-7.72402628e-04	4.38705068e+00
2.13378906e-02	-3.14808773e-04	1.43559936e+01
2.13867188e-02	3.72450595e-04	1.37941501e+01
2.14355469e-02	7.85700559e-04	3.13256844e+00
2.14843750e-02	6.22847484e-04	-9.80303041e+00
2.15332031e-02	4.21092955e-06	-1.55363229e+01
2.15820313e-02	-6.16364413e-04	-9.88244319e+00
2.16308594e-02	-7.84453933e-04	2.99749647e+00
2.16796875e-02	-3.77806928e-04	1.36587648e+01
2.17285156e-02	3.04747438e-04	1.42986620e+01
2.17773438e-02	7.62893871e-04	4.46701590e+00
2.18261719e-02	6.61559321e-04	-8.61767906e+00
2.18750000e-02	7.59700876e-05	-1.53680560e+01
2.19238281e-02	-5.64183186e-04	-1.08526221e+01
2.19726562e-02	-7.90037237e-04	1.60164023e+00
2.20214844e-02	-4.36958024e-04	1.28604843e+01
2.20703125e-02	2.35455933e-04	1.46815914e+01
2.21191406e-02	7.34237005e-04	5.74848127e+00
2.21679688e-02	6.94453689e-04	-7.37800590e+00
2.22167969e-02	1.46207449e-04	-1.50781601e+01
2.22656250e-02	-5.08120485e-04	-1.17231121e+01
2.23144531e-02	-7.89189620e-04	2.10520349e-01
2.23632813e-02	-4.91845768e-04	1.19686838e+01
2.24121094e-02	1.65139855e-04	1.49414473e+01
2.24609375e-02	7.00027678e-04	6.96755787e+00
2.25097656e-02	7.21344399e-04	-6.09442497e+00
2.25585938e-02	2.14390164e-04	-1.46704205e+01
2.26074219e-02	-4.48664657e-04	-1.24883050e+01
2.26562500e-02	-7.81996987e-04	-1.16498727e+00
2.27050781e-02	-5.42091263e-04	1.09915257e+01
2.27539063e-02	9.43644214e-05	1.50776991e+01
2.28027344e-02	6.60602786e-04	8.11542432e+00
2.28515625e-02	7.42093399e-04	-4.77756880e+00
2.29003906e-02	2.80007161e-04	-1.41494835e+01
2.29492188e-02	-3.86324562e-04	-1.31434639e+01
2.29980469e-02	-7.68592954e-04	-2.51424943e+00
2.30468750e-02	-5.87355498e-04	9.93773562e+00
2.30957031e-02	2.36920278e-05	1.50907710e+01
2.31445313e-02	6.16335494e-04	9.18390532e+00
2.31933594e-02	7.56611351e-04	-3.43820621e+00
2.32421875e-02	3.42572790e-04	-1.35208132e+01
2.32910156e-02	-3.21625549e-04	-1.36847508e+01
2.33398438e-02	-7.49157390e-04	-3.82695345e+00
2.33886719e-02	-6.27341530e-04	8.81653108e+00
2.34375000e-02	-4.63219632e-05	1.49820304e+01
2.34863281e-02	5.67632079e-04	1.01655272e+01
2.35351563e-02	7.64857844e-04	-2.08715984e+00
2.35839844e-02	4.01630246e-04	-1.27906426e+01
2.36328125e-02	-2.55105332e-04	-1.41092467e+01
2.36816406e-02	-7.23914625e-04	-5.09318194e+00
2.37304688e-02	-6.61796324e-04	7.63754755e+00
2.37792969e-02	-1.15133352e-04	1.47537678e+01
2.38281250e-02	5.14928550e-04	1.10535677e+01
2.38769531e-02	7.66841243e-04	-7.35223810e-01
2.39257812e-02	4.56754750e-04	-1.19659189e+01
2.39746094e-02	-1.87309810e-04	-1.44149655e+01
2.40234375e-02	-6.93131335e-04	-6.30348419e+00
2.40722656e-02	-6.90512262e-04	6.41076144e+00
2.41210938e-02	-1.82213115e-04	1.44091716e+01
2.41699219e-02	4.58687069e-04	1.18421000e+01
2.42187500e-02	7.62618167e-04	6.06917788e-01
2.42675781e-02	5.07556472e-04	-1.10542448e+01
2.43164063e-02	-1.18788853e-04	-1.46008597e+01
2.43652344e-02	-6.57114124e-04	-7.44894341e+00
2.44140625e-02	-7.13328289e-04	5.14641124e+00
2.44628906e-02	-2.47051281e-04	1.39522950e+01
2.45117188e-02	3.99392199e-04	1.25260299e+01
2.45605469e-02	7.52292611e-04	1.92877094e+00
2.46093750e-02	5.53683161e-04	-1.00638140e+01
2.46582031e-02	-5.00920886e-05	-1.46668202e+01
2.47070313e-02	-6.16206829e-04	-8.52123952e+00
2.47558594e-02	-7.30130710e-04	3.85491733e+00
2.48046875e-02	-3.09160624e-04	1.33880174e+01
2.48535156e-02	3.37547014e-04	1.31011275e+01
2.49023438e-02	7.36014721e-04	3.22010979e+00
2.49511719e-02	5.94822485e-04	-9.00334380e+00
2.50000000e-02	1.82352765e-05	-1.46136682e+01
2.50488281e-02	-5.70787556e-04	-9.51270699e+00
2.50976563e-02	-7.40853621e-04	2.54680097e+00
2.51464844e-02	-3.68080170e-04	1.27219996e+01
2.51953125e-02	2.73669103e-04	1.35640506e+01
2.52441406e-02	7.13979227e-04	4.47105204e+00
2.52929688e-02	6.30704038e-04	-7.88200380e+00
2.53417969e-02	8.56565707e-05	-1.44431404e+01
2.53906250e-02	-5.21265492e-04	-1.04163873e+01
2.54394531e-02	-7.45478972e-04	1.23260311e+00
2.54882813e-02	-4.23378471e-04	1.19606334e+01
2.55371094e-02	2.08286480e-04	1.39123630e+01
2.55859375e-02	6.86423548e-04	5.67213129e+00
2.56347656e-02	6.61101027e-04	-6.70934172e+00
2.56835938e-02	1.51647679e-04	-1.41578674e+01
2.57324219e-02	-4.68077490e-04	-1.12260755e+01
2.57812500e-02	-7.44036272e-04	-7.71962895e-02
2.58300781e-02	-4.74656632e-04	1.11109863e+01
2.58789062e-02	1.41933464e-04	1.41445440e+01
2.59277344e-02	6.53625593e-04	6.81436561e+00
2.59765625e-02	6.85831615e-04	-5.49520696e+00
2.60253906e-02	2.15700936e-04	-1.37613456e+01
2.60742188e-02	-4.11684482e-04	-1.19363611e+01
2.61230469e-02	-7.36601938e-04	-1.37225793e+00
2.61718750e-02	-5.21551078e-04	1.01807412e+01
2.62207031e-02	7.51465234e-05	1.42599926e+01
2.62695313e-02	6.15901273e-04	7.88932198e+00
2.63183594e-02	7.04759903e-04	-4.24967251e+00
2.63671875e-02	2.77328871e-04	-1.32579026e+01
2.64160156e-02	-3.52567733e-04	-1.25426623e+01
2.64648438e-02	-7.23298286e-04	-2.64246115e+00
2.65136719e-02	-5.63736017e-04	9.17813172e+00
2.65625000e-02	8.46015036e-06	1.42590233e+01
2.66113281e-02	5.73601736e-04	8.88917605e+00
2.66601563e-02	7.17796570e-04	-2.98295562e+00
2.67089844e-02	3.36067764e-04	-1.26526563e+01
2.67578125e-02	-2.91224964e-04	-1.30412539e+01
2.68066406e-02	-7.04292190e-04	-3.87797970e+00
2.68554688e-02	-6.00925613e-04	8.11187468e+00
2.69042969e-02	-5.75972293e-05	1.41428559e+01
2.69531250e-02	5.27110358e-04	9.80676687e+00
2.70019531e-02	7.24899148e-04	-1.70533805e+00
2.70507813e-02	3.91481002e-04	-1.19514692e+01
2.70996094e-02	-2.28166387e-04	-1.34292879e+01
2.71484375e-02	-6.79793401e-04	-5.06935464e+00
2.71972656e-02	-6.32875830e-04	6.99109832e+00
2.72460938e-02	-1.22507266e-04	1.39135981e+01
2.72949219e-02	4.76839517e-04	1.06356461e+01
2.73437500e-02	7.26071932e-04	-4.27086368e-01
2.73925781e-02	4.43162202e-04	-1.11608962e+01
2.74414063e-02	-1.63910661e-04	-1.37048083e+01
2.74902344e-02	-6.50052563e-04	-6.20756398e+00
2.75390625e-02	-6.59385946e-04	5.82526860e+00
2.75878906e-02	-1.85765588e-04	1.35742213e+01
2.76367188e-02	4.23227156e-04	1.13701215e+01
2.76855469e-02	7.21365548e-04	8.41626987e-01
2.77343750e-02	4.90738077e-04	-1.02881282e+01
2.77832031e-02	-9.89808306e-05	-1.38667583e+01
2.78320312e-02	-6.15358925e-04	-7.28408844e+00
2.78808594e-02	-6.80299725e-04	4.62411327e+00
2.79296875e-02	-2.46885575e-04	1.31285303e+01
2.79785156e-02	3.66733192e-04	1.20052944e+01
2.80273438e-02	7.10876155e-04	2.09080140e+00
2.80761719e-02	5.33871032e-04	-9.34093124e+00
2.81250000e-02	-3.39002452e-05	-1.39149803e+01
2.81738281e-02	-5.76037773e-04	-8.29097287e+00
2.82226563e-02	-6.95506240e-04	3.39754447e+00
2.82714844e-02	-3.05401956e-04	1.25811270e+01
2.83203125e-02	3.07835770e-04	1.25370903e+01
2.83691406e-02	6.94744318e-04	3.31068387e+00
2.84179688e-02	5.72261467e-04	-8.32758146e+00
2.84667969e-02	3.08114847e-05	-1.38502098e+01
2.85156250e-02	-5.32447614e-04	-9.22088289e+00
2.85644531e-02	-7.04940348e-04	2.15558054e+00
2.86132813e-02	-3.60874231e-04	1.19373676e+01
2.86621094e-02	2.47027414e-04	1.29622838e+01
2.87109375e-02	6.73153541e-04	4.49184232e+00
2.87597656e-02	6.05649771e-04	-7.25679671e+00
2.88085938e-02	9.46424764e-05	-1.36740621e+01
2.88574219e-02	-4.84977116e-04	-1.00671564e+01
2.89062500e-02	-7.08582801e-04	9.08267574e-01
2.89550781e-02	-4.12889868e-04	1.12033149e+01
2.90039063e-02	1.84811092e-04	1.32785164e+01
2.90527344e-02	6.46328482e-04	5.62523593e+00
2.91015625e-02	6.33817998e-04	-6.13766535e+00
2.91503906e-02	1.57092475e-04	-1.33890121e+01
2.91992188e-02	-4.34041844e-04	-1.08238496e+01
2.92480469e-02	-7.06460015e-04	-3.34398675e-01
2.92968750e-02	-4.61067266e-04	1.03856857e+01
2.93457031e-02	1.21696227e-04	1.34843070e+01
2.93945313e-02	6.14532872e-04	6.70228198e+00
2.94433594e-02	6.56591206e-04	-4.97957262e+00
2.94921875e-02	2.17676636e-04	-1.29983682e+01
2.95410156e-02	-3.80080813e-04	-1.14857770e+01
2.95898438e-02	-6.98643481e-04	-1.56254992e+00
2.96386719e-02	-5.05058458e-04	9.49179246e+00
2.96875000e-02	5.81946940e-05	1.35790566e+01
2.97363281e-02	5.78067137e-04	7.71491863e+00
2.97851562e-02	6.73838458e-04	-3.79212536e+00
2.98339844e-02	2.75929161e-04	-1.25062394e+01
2.98828125e-02	-3.23552887e-04	-1.20485452e+01
2.99316406e-02	-6.85248839e-04	-2.76652095e+00
2.99804688e-02	-5.44551537e-04	8.52948243e+00
3.00292969e-02	-5.18317798e-06	1.35630456e+01
3.00781250e-02	5.37265769e-04	8.65566331e+00
3.01269531e-02	6.85473479e-04	-2.58507548e+00
3.01757813e-02	3.31406762e-04	-1.19174973e+01
3.02246094e-02	-2.64933045e-04	-1.25085812e+01
3.02734375e-02	-6.66434615e-04	-3.93692309e+00
3.03222656e-02	-5.79272785e-04	7.50707165e+00
3.03710938e-02	-6.79325625e-05	1.34374239e+01
3.04199219e-02	4.92494438e-04	9.51766609e+00
3.04687500e-02	6.91454965e-04	-1.36824293e+00
3.05175781e-02	3.83691927e-04	-1.12377311e+01
3.05664063e-02	-2.04708559e-04	-1.28631528e+01
3.06152344e-02	-6.42400643e-04	-5.06471502e+00
3.06640625e-02	-6.08988494e-04	6.43327663e+00
3.07128906e-02	-1.29558020e-04	1.32041956e+01
3.07617188e-02	4.44146901e-04	1.02947580e+01
3.08105469e-02	6.91786533e-04	-1.51438656e-01
3.08593750e-02	4.32395960e-04	-1.04731992e+01
3.09082031e-02	-1.43375094e-04	-1.31103832e+01
3.09570313e-02	-6.13386168e-04	-6.14127045e+00
3.10058594e-02	-6.33506463e-04	5.31714316e+00
3.10546875e-02	-1.89577285e-04	1.28661960e+01
3.11035156e-02	3.92641698e-04	1.09814935e+01
3.11523438e-02	6.86516340e-04	1.05561182e+00
3.12011719e-02	4.77161786e-04	-9.63077431e+00
3.12500000e-02	-8.14327800e-05	-1.32492591e+01
3.12988281e-02	-5.79667671e-04	-7.15844202e+00
3.13476563e-02	-6.52677167e-04	4.16797308e+00
3.13964844e-02	-2.47524917e-04	1.24270631e+01
3.14453125e-02	3.38418696e-04	1.15731873e+01
3.14941406e-02	6.75736345e-04	2.24334358e+00
3.15429688e-02	5.17666480e-04	-8.71788527e+00
3.15917969e-02	-1.93822727e-05	-1.32796316e+01
3.16406250e-02	-5.41556412e-04	-8.10862110e+00
3.16894531e-02	-6.66394582e-04	2.99524967e+00
3.17382812e-02	-3.02955809e-04	1.18912025e+01
3.17871094e-02	2.81935484e-04	1.20659449e+01
3.18359375e-02	6.59581252e-04	3.40242576e+00
3.18847656e-02	5.53623519e-04	-7.74245451e+00
3.19335938e-02	4.22791625e-05	-1.32022103e+01
3.19824219e-02	-4.99395724e-04	-8.98479300e+00
3.20312500e-02	-6.74596674e-04	1.80856207e+00
3.20800781e-02	-3.55448497e-04	1.12637473e+01
3.21289062e-02	2.23663657e-04	1.24566866e+01
3.21777344e-02	6.38227115e-04	4.52383266e+00
3.22265625e-02	5.84784741e-04	-6.71283227e+00
3.22753906e-02	1.03061511e-04	-1.30185513e+01
3.23242188e-02	-4.53558079e-04	-9.78058715e+00
3.23730469e-02	-6.77265541e-04	6.17529509e-01
3.24218750e-02	-4.04608279e-04	1.05505119e+01
3.24707031e-02	1.64085017e-04	1.27431655e+01
3.25195313e-02	6.11889642e-04	5.59891195e+00
3.25683594e-02	6.10941986e-04	-5.63772792e+00
3.26171875e-02	1.62485786e-04	-1.27310380e+01
3.26660156e-02	-4.04441947e-04	-1.04903219e+01
3.27148438e-02	-6.74427207e-04	-5.68274282e-01
3.27636719e-02	-4.50070093e-04	9.75794168e+00
3.28125000e-02	1.03687725e-04	1.29239785e+01
3.28613281e-02	5.80822199e-04	6.61944955e+00
3.29101563e-02	6.31928414e-04	-4.52613897e+00
3.29589844e-02	2.20087696e-04	-1.23428568e+01
3.30078125e-02	-3.52468476e-04	-1.11090440e+01
3.30566406e-02	-6.66151085e-04	-1.73939568e+00
3.31054687e-02	-4.91501149e-04	8.89305703e+00
3.31542969e-02	4.29624247e-05	1.29985710e+01
3.32031250e-02	5.45313538e-04	7.57773065e+00
3.32519531e-02	6.47619503e-04	-3.38727835e+00
3.33007813e-02	2.75421170e-04	-1.18579653e+01
3.33496094e-02	-2.98078014e-04	-1.16325612e+01
3.33984375e-02	-6.52549099e-04	-2.88657441e+00
3.34472656e-02	-5.28603298e-04	7.96339441e+00
3.34960938e-02	-1.76016202e-05	1.29672343e+01
3.35449219e-02	5.05685262e-04	8.46659639e+00
3.35937500e-02	6.57933697e-04	-2.23050049e+00
3.36425781e-02	3.28061720e-04	-1.12810557e+01
3.36914062e-02	-2.41726512e-04	-1.20574703e+01
3.37402344e-02	-6.33774485e-04	-4.00081467e+00
3.37890625e-02	-5.61115100e-04	6.97694308e+00
3.38378906e-02	-7.75203578e-05	1.28310976e+01
3.38867188e-02	4.62289052e-04	9.27949586e+00
3.39355469e-02	6.62832728e-04	-1.06522687e+00
3.39843750e-02	3.77609607e-04	-1.06175122e+01
3.40332031e-02	-1.83881829e-04	-1.23811770e+01
3.40820312e-02	-6.10020278e-04	-5.07345388e+00
3.41308594e-02	-5.88813610e-04	5.94207901e+00
3.41796875e-02	-1.36318709e-04	1.25921121e+01
3.42285156e-02	4.15503682e-04	1.00105330e+01
3.42773438e-02	6.62321590e-04	9.91285446e-02
3.43261719e-02	4.23692800e-04	-9.87336381e+00
3.43750000e-02	-1.25019963e-04	-1.26019109e+01
3.44238281e-02	-5.81517499e-04	-6.09622817e+00
3.44726563e-02	-6.11515839e-04	4.86749618e+00
3.45214844e-02	-1.93534234e-04	1.22530304e+01
3.45703125e-02	3.65731840e-04	1.06545081e+01
3.46191406e-02	6.56448181e-04	1.25323324e+00
3.46679688e-02	4.65969693e-04	-9.05523209e+00
3.47167969e-02	-6.56212522e-05	-1.27187330e+01
3.47656250e-02	-5.48533057e-04	-7.06133447e+00
3.48144531e-02	-6.29079899e-04	3.76213582e+00
3.48632813e-02	-2.48720677e-04	1.18173779e+01
3.49121094e-02	3.13396787e-04	1.12069534e+01
3.49609375e-02	6.45302606e-04	2.38790895e+00
3.50097656e-02	5.04131571e-04	-8.17027453e+00
3.50585937e-02	-6.16656396e-06	-1.27315371e+01
3.51074219e-02	-5.11367384e-04	-7.96148850e+00
3.51562500e-02	-6.41405817e-04	2.63511428e+00
3.52050781e-02	-3.01451356e-04	1.12894205e+01
3.52539063e-02	2.58938870e-04	1.16641632e+01
3.53027344e-02	6.29016165e-04	3.49420280e+00
3.53515625e-02	5.37904797e-04	-7.22612444e+00
3.54003906e-02	5.28664966e-05	-1.26410443e+01
3.54492188e-02	-4.70351831e-04	-8.78997834e+00
3.54980469e-02	-6.48436020e-04	1.49564994e+00
3.55468750e-02	-3.51322385e-04	1.06741246e+01
3.55957031e-02	2.02811936e-04	1.20232172e+01
3.56445312e-02	6.07760017e-04	4.56345618e+00
3.56933594e-02	5.67052714e-04	-6.23082732e+00
3.57421875e-02	1.11007324e-04	-1.24487918e+01
3.57910156e-02	-4.25845827e-04	-9.54071322e+00
3.58398438e-02	-6.50155481e-04	3.52989808e-01
3.58886719e-02	-3.97955691e-04	9.97711358e+00
3.59375000e-02	1.45479654e-04	1.22819981e+01
3.59863281e-02	5.81743546e-04	5.58737087e+00
3.60351562e-02	5.91377246e-04	-5.19277450e+00
3.60839844e-02	1.67795971e-04	-1.21571145e+01
3.61328125e-02	-3.78233852e-04	-1.02082670e+01
3.61816406e-02	-6.46591531e-04	-7.83663542e-01
3.62304688e-02	-4.41001808e-04	9.20461862e+00
3.62792969e-02	8.74117918e-05	1.24392024e+01
3.63281250e-02	5.51212435e-04	6.55807193e+00
3.63769531e-02	6.10720187e-04	-4.12063442e+00
3.64257813e-02	2.22786703e-04	-1.17691211e+01
3.64746094e-02	-3.27922218e-04	-1.07879163e+01
3.65234375e-02	-6.37813347e-04	-1.90522431e+00
3.65722656e-02	-4.80142432e-04	8.36342498e+00
3.66210938e-02	2.90804645e-05	1.24943449e+01
3.66699219e-02	5.16446473e-04	7.46816684e+00
3.67187500e-02	6.24964161e-04	-3.02328232e+00
3.67675781e-02	2.75551413e-04	-1.12886639e+01
3.68164063e-02	-2.75335715e-04	-1.12756729e+01
3.68652344e-02	-6.23931106e-04	-3.00279434e+00
3.69140625e-02	-5.15092717e-04	7.46081476e+00
3.69628906e-02	-2.90436091e-05	1.24477567e+01
3.70117187e-02	4.77757103e-04	8.31080046e+00
3.70605469e-02	6.34033269e-04	-1.90972868e+00
3.71093750e-02	3.25682878e-04	-1.07203033e+01
3.71582031e-02	-2.20914122e-04	-1.16683098e+01
3.72070313e-02	-6.05094832e-04	-4.06773212e+00
3.72558594e-02	-5.45603288e-04	6.50450577e+00
3.73046875e-02	-8.64948147e-05	1.23005773e+01
3.73535156e-02	4.35484744e-04	9.07970544e+00
3.74023438e-02	6.37893396e-04	-7.89047054e-01
3.74511719e-02	3.72797835e-04	-1.00692671e+01
3.75000000e-02	-1.65108630e-04	-1.19633817e+01
3.75488281e-02	-5.81492931e-04	-5.09171926e+00
3.75976562e-02	-5.71461966e-04	5.50258759e+00
3.76464844e-02	-1.42816288e-04	1.20547394e+01
3.76953125e-02	3.89995898e-04	9.76924774e+00
3.77441406e-02	6.36552193e-04	3.29698072e-01
3.77929688e-02	4.16539842e-04	-9.34140393e+00
3.78417969e-02	-1.08378196e-04	-1.21592389e+01
3.78906250e-02	-5.53350437e-04	-6.06682407e+00
3.79394531e-02	-5.92495190e-04	4.46345496e+00
3.79882813e-02	-1.97563465e-04	1.17129485e+01
3.80371094e-02	3.41680072e-04	1.03744667e+01
3.80859375e-02	6.30058726e-04	1.43752293e+00
3.81347656e-02	4.56581914e-04	-8.54313316e+00
3.81835938e-02	-5.11858576e-05	-1.22550348e+01
3.82324219e-02	-5.20926981e-04	-6.98556165e+00
3.82812500e-02	-6.08569128e-04	3.39573932e+00
3.83300781e-02	-2.50307519e-04	1.12786562e+01
3.83789063e-02	2.90946539e-04	1.08911100e+01
3.84277344e-02	6.18502814e-04	2.52559503e+00
3.84765625e-02	4.92628911e-04	-7.68139011e+00
3.85253906e-02	6.00495709e-06	-1.22507270e+01
3.85742188e-02	-4.84514505e-04	-7.84095012e+00
3.86230469e-02	-6.19590464e-04	2.30823882e+00
3.86718750e-02	-3.00638646e-04	1.07560277e+01
3.87207031e-02	2.38220966e-04	1.13156620e+01
3.87695313e-02	6.02014034e-04	3.58530203e+00
3.88183594e-02	5.24419659e-04	-6.76356763e+00
3.88671875e-02	6.27341035e-05	-1.21470727e+01
3.89160156e-02	-4.44434725e-04	-8.62656249e+00
3.89648438e-02	-6.25506866e-04	1.20984758e+00
3.90136719e-02	-3.48169184e-04	1.01499039e+01
3.90625000e-02	1.83941928e-04	1.16453673e+01
3.91113281e-02	5.80760430e-04	4.60831857e+00
3.91601563e-02	5.51728792e-04	-5.79745445e+00
3.92089844e-02	1.18548343e-04	-1.19456167e+01
3.92578125e-02	-4.01036388e-04	-9.33657387e+00
3.93066406e-02	-6.26307125e-04	1.09484501e-01
3.93554688e-02	-3.92536536e-04	9.46575884e+00
3.94042969e-02	1.28557352e-04	1.18782468e+01
3.94531250e-02	5.54946928e-04	5.58667024e+00
3.95019531e-02	5.74368300e-04	-4.79117081e+00
3.95507812e-02	1.73004891e-04	-1.16486744e+01
3.95996094e-02	-3.54692329e-04	-9.96580370e+00
3.96484375e-02	-6.22020973e-04	-9.83977582e-01
3.96972656e-02	-4.33405877e-04	8.70965192e+00
3.97460938e-02	7.25208987e-05	1.20131088e+01
3.97949219e-02	5.24813462e-04	6.51279457e+00
3.98437500e-02	5.92188772e-04	-3.75310187e+00
3.98925781e-02	2.25674857e-04	-1.12593081e+01
3.99414063e-02	-3.05796349e-04	-1.05097525e+01
3.99902344e-02	-6.12718578e-04	-2.06178197e+00
4.00390625e-02	-4.70472633e-04	7.88817587e+00
4.00878906e-02	1.62883296e-05	1.20495532e+01
4.01367188e-02	4.90632847e-04	7.37959830e+00
4.01855469e-02	6.05080329e-04	-2.69182945e+00
4.02343750e-02	2.76146558e-04	-1.07812978e+01
4.02832031e-02	-2.54759961e-04	-1.09646332e+01
4.03320313e-02	-5.98509718e-04	-3.11535685e+00
4.03808594e-02	-5.03464692e-04	7.00840113e+00
4.04296875e-02	-3.96861252e-05	1.19879689e+01
4.04785156e-02	4.52708395e-04	8.18051058e+00
4.05273438e-02	6.12973237e-04	-1.61606262e+00
4.05761719e-02	3.24028673e-04	-1.02191068e+01
4.06250000e-02	-2.02009003e-04	-1.13273964e+01
4.06738281e-02	-5.79542659e-04	-4.13638211e+00
4.07226563e-02	-5.32144358e-04	6.07781651e+00
4.07714844e-02	-9.49533625e-05	1.18295267e+01
4.08203125e-02	4.11371308e-04	8.90953181e+00
4.08691406e-02	6.15838205e-04	-5.34567715e-01
4.09179688e-02	3.68953219e-04	-9.57784129e+00
4.09667969e-02	-1.47980167e-04	-1.15957502e+01
4.10156250e-02	-5.56002726e-04	-5.11685382e+00
4.10644531e-02	-5.56310020e-04	5.10426704e+00
4.11132813e-02	-1.49072940e-04	1.15761637e+01
4.11621094e-02	3.66977874e-04	9.56127760e+00
4.12109375e-02	6.13686351e-04	5.43901648e-01
4.12597656e-02	4.10578327e-04	-8.86320634e+00
4.13085938e-02	-9.31174567e-05	-1.17681729e+01
4.13574219e-02	-5.28110591e-04	-6.04914583e+00
4.14062500e-02	-5.75797517e-04	4.09588935e+00
4.14550781e-02	-2.01616523e-04	1.12305642e+01
4.15039062e-02	3.19906470e-04	1.01310176e+01
4.15527344e-02	6.06568865e-04	1.61067409e+00
4.16015625e-02	4.48590787e-04	-8.08145619e+00
4.16503906e-02	-3.78686172e-05	-1.18439210e+01
4.16992188e-02	-4.96120300e-04	-6.92606793e+00
4.17480469e-02	-5.90481208e-04	3.06104513e+00
4.17968750e-02	-2.52171206e-04	1.07961326e+01
4.18457031e-02	2.70554420e-04	1.06147091e+01
4.18945313e-02	5.94576342e-04	2.65722890e+00
4.19433594e-02	4.82708364e-04	-7.23934129e+00
4.19921875e-02	1.73184528e-05	-1.18230295e+01
4.20410156e-02	-4.60317039e-04	-7.74092029e+00
4.20898438e-02	-6.00274731e-04	2.00825323e+00
4.21386719e-02	-3.00342708e-04	1.02769624e+01
4.21875000e-02	2.19334708e-04	1.10090245e+01
4.22363281e-02	5.77837816e-04	3.67526280e+00
4.22851563e-02	5.12681843e-04	-6.34405147e+00
4.23339844e-02	7.19992630e-05	-1.17063070e+01
4.23828125e-02	-4.21014671e-04	-8.48754373e+00
4.24316406e-02	-6.05131439e-04	9.46120886e-01
4.24804688e-02	-3.45758386e-04	9.67779938e+00
4.25292969e-02	1.66672602e-04	1.13113739e+01
4.25781250e-02	5.56519492e-04	4.65675476e+00
4.26269531e-02	5.38296807e-04	-5.40315593e+00
4.26757813e-02	1.25736247e-04	-1.14953246e+01
4.27246094e-02	-3.78553058e-04	-9.16036531e+00
4.27734375e-02	-6.05044529e-04	-1.16725339e-01
4.28222656e-02	-3.88070069e-04	9.00399923e+00
4.28710938e-02	1.13002190e-04	1.15199205e+01
4.29199219e-02	5.30823197e-04	5.59402797e+00
4.29687500e-02	5.59375133e-04	-4.42454068e+00
4.30175781e-02	1.78102203e-04	-1.11923985e+01
4.30664063e-02	-3.33295200e-04	-9.75443910e+00
4.31152344e-02	-6.00046846e-04	-1.17170834e+00
4.31640625e-02	-4.26956678e-04	8.26148163e+00
4.32128906e-02	5.87628688e-05	1.16335910e+01
4.32617188e-02	5.00984548e-04	6.47980898e+00
4.33105469e-02	5.75776179e-04	-3.41634377e+00
4.33593750e-02	2.28683632e-04	-1.08005669e+01
4.34082031e-02	-2.85624197e-04	-1.02654817e+01
4.34570312e-02	-5.90210383e-04	-2.21036848e+00
4.35058594e-02	-4.62126619e-04	7.45667947e+00
4.35546875e-02	4.39581413e-06	1.16520794e+01
4.36035156e-02	4.67270873e-04	7.30728305e+00
4.36523438e-02	5.87397682e-04	-2.38688895e+00
4.37011719e-02	2.77083947e-04	-1.03235617e+01
4.37500000e-02	-2.35940078e-04	-1.06899024e+01
4.37988281e-02	-5.75645466e-04	-3.22443029e+00
4.38476563e-02	-4.93319925e-04	6.59648447e+00
4.38964844e-02	-4.96595471e-05	1.15758446e+01
4.39453125e-02	4.29978889e-04	8.07014576e+00
4.39941406e-02	5.94176340e-04	-1.34461818e+00
4.40429688e-02	3.22926533e-04	-9.76577393e+00
4.40917969e-02	-1.84656509e-04	-1.10248275e+01
4.41406250e-02	-5.56499644e-04	-4.20586730e+00
4.41894531e-02	-5.20310137e-04	5.68818950e+00
4.42382813e-02	-1.02969028e-04	1.14061023e+01
4.42871094e-02	3.89432155e-04	8.76265013e+00
4.43359375e-02	5.96088076e-04	-2.98023611e-01
4.43847656e-02	3.65857626e-04	-9.13221564e+00
4.44335938e-02	-1.32197415e-04	-1.12681189e+01
4.44824219e-02	-5.32956288e-04	-5.14696456e+00
4.45312500e-02	-5.42905910e-04	4.73942802e+00
4.45800781e-02	-1.55107111e-04	1.11448108e+01
4.46289063e-02	3.45978337e-04	9.37964914e+00
4.46777344e-02	5.93148003e-04	7.44420386e-01
4.47265625e-02	4.05549001e-04	-8.42847553e+00
4.47753906e-02	-7.89935363e-05	-1.14183868e+01
4.48242188e-02	-5.05232917e-04	-6.04037825e+00
4.48730469e-02	-5.60952329e-04	3.75811114e+00
4.49218750e-02	-2.05660292e-04	1.07946507e+01
4.49707031e-02	2.99986288e-04	9.91663318e+00
4.50195313e-02	5.85410066e-04	1.77432476e+00
4.50683594e-02	4.41700435e-04	-7.66067123e+00
4.51171875e-02	-2.54789526e-05	-1.14749965e+01
4.51660156e-02	-4.73579261e-04	-6.87919216e+00
4.52148438e-02	-5.74331929e-04	2.75236291e+00
4.52636719e-02	-2.54230306e-04	1.03589996e+01
4.53125000e-02	2.51842982e-04	1.03697623e+01
4.53613281e-02	5.72966383e-04	2.78345219e+00
4.54101562e-02	4.74041941e-04	-6.83539732e+00
4.54589844e-02	2.79123992e-05	-1.14380687e+01
4.55078125e-02	-4.38275076e-04	-7.65697029e+00
4.55566406e-02	-5.82965411e-04	1.73045417e+00
4.56054688e-02	-3.00437219e-04	9.84190059e+00
4.56542969e-02	2.01950318e-04	1.07358929e+01
4.57031250e-02	5.55946287e-04	3.76378198e+00
4.57519531e-02	5.02335742e-04	-5.95966988e+00
4.58007813e-02	8.07501888e-05	-1.13084744e+01
4.58496094e-02	-3.99627737e-04	-8.36780544e+00
4.58984375e-02	-5.86812056e-04	7.00735727e-01
4.59472656e-02	-3.43922350e-04	9.24802664e+00
4.59960938e-02	1.50721825e-04	1.10125988e+01
4.60449219e-02	5.34515076e-04	4.70757278e+00
4.60937500e-02	5.26377986e-04	-5.04086800e+00
4.61425781e-02	1.32611108e-04	-1.10878233e+01
4.61914063e-02	-3.57969622e-04	-9.00636335e+00
4.62402344e-02	-5.85869823e-04	-3.28428870e-01
4.62890625e-02	-3.84351016e-04	8.58263917e+00
4.63378906e-02	9.85792944e-05	1.11981864e+01
4.63867188e-02	5.08872488e-04	5.60742285e+00
4.64355469e-02	5.46000175e-04	-4.08667281e+00
4.64843750e-02	1.83082209e-04	-1.07784471e+01
4.65332031e-02	-3.13655316e-04	-9.56792194e+00
4.65820313e-02	-5.80175143e-04	-1.34873015e+00
4.66308594e-02	-4.21415067e-04	7.85154286e+00
4.66796875e-02	4.59493581e-05	1.12917040e+01
4.67285156e-02	4.79250902e-04	6.45632723e+00
4.67773438e-02	5.61070309e-04	-3.10500430e+00
4.68261719e-02	2.31764147e-04	-1.03833761e+01
4.68750000e-02	-2.67058648e-04	-1.00484056e+01
4.69238281e-02	-5.69802409e-04	-2.35197885e+00
4.69726563e-02	-4.54835191e-04	7.06103608e+00
4.70214844e-02	-6.73994315e-06	1.12929453e+01
4.70703125e-02	4.45913297e-04	7.24773144e+00
4.71191406e-02	5.71493735e-04	-2.10395670e+00
4.71679688e-02	2.78274292e-04	-9.90631170e+00
4.72167969e-02	-2.18569595e-04	-1.04444139e+01
4.72656250e-02	-5.54863164e-04	-3.33017066e+00
4.73144531e-02	-4.84362991e-04	6.21785775e+00
4.73632812e-02	-5.90625916e-05	1.12024466e+01
4.74121094e-02	4.09150981e-04	7.97558132e+00
4.74609375e-02	5.77213689e-04	-1.09173278e+00
4.75097656e-02	3.22249694e-04	-9.35159248e+00
4.75585938e-02	-1.68591074e-04	-1.07532454e+01
4.76074219e-02	-5.35505003e-04	-4.27554917e+00
4.76562500e-02	-5.09782790e-04	5.32913101e+00
4.77050781e-02	-1.10597986e-04	1.10214785e+01
4.77539063e-02	3.69281095e-04	8.63436862e+00
4.78027344e-02	5.78211538e-04	-7.65776644e-02
4.78515625e-02	3.63349872e-04	-8.72415616e+00
4.79003906e-02	-1.17535644e-04	-1.09729146e+01
4.79492188e-02	-5.11910183e-04	-5.18066654e+00
4.79980469e-02	-5.30913173e-04	4.40230405e+00
4.80468750e-02	-1.60934276e-04	1.07520316e+01
4.80957031e-02	3.26643936e-04	9.21917200e+00
4.81445313e-02	5.74506715e-04	9.33287393e-01
4.81933594e-02	4.01259416e-04	-8.02949672e+00
4.82421875e-02	-6.58221573e-05	-1.11021645e+01
4.82910156e-02	-4.84293980e-04	-6.03844132e+00
4.83398438e-02	-5.47608252e-04	3.44508873e+00
4.83886719e-02	-2.09671606e-04	1.03967963e+01
4.84375000e-02	2.81600108e-04	9.72569314e+00
4.84863281e-02	5.66156352e-04	1.92973061e+00
4.85351563e-02	4.35690367e-04	-7.27361733e+00
4.85839844e-02	-1.38723712e-05	-1.11404724e+01
4.86328125e-02	-4.52902780e-04	-6.84221308e+00
4.86816406e-02	-5.59758631e-04	2.46539743e+00
4.87304688e-02	-2.56425251e-04	9.95913779e+00
4.87792969e-02	2.34527519e-04	1.01502877e+01
4.88281250e-02	5.53254617e-04	2.90477428e+00
4.88769531e-02	4.66384372e-04	-6.46297950e+00
4.89257813e-02	3.78924439e-05	-1.10880499e+01
4.89746094e-02	-4.18011934e-04	-7.58579343e+00
4.90234375e-02	-5.67292081e-04	1.47127860e+00
4.90722656e-02	-3.00828609e-04	9.44306523e+00
4.91210938e-02	1.85818265e-04	1.04899907e+01
4.91699219e-02	5.35931754e-04	3.85065777e+00
4.92187500e-02	4.93114588e-04	-5.60444888e+00
4.92675781e-02	8.90548726e-05	-1.09458371e+01
4.93164062e-02	-3.79923399e-04	-8.26351292e+00
4.93652344e-02	-5.70173920e-04	4.70851579e-01
4.94140625e-02	-3.42536039e-04	8.85319605e+00
4.94628906e-02	1.35875415e-04	1.07425371e+01
4.95117188e-02	5.14352846e-04	4.75989848e+00
4.95605469e-02	5.15687330e-04	-4.70523802e+00
4.96093750e-02	1.39204676e-04	-1.07154915e+01
4.96582031e-02	-3.38963175e-04	-8.87026368e+00
4.97070313e-02	-5.68407083e-04	-5.27758789e-01
4.97558594e-02	-3.81225515e-04	8.19471581e+00
4.98046875e-02	8.51097190e-05	1.09063754e+01
4.98535156e-02	4.88716302e-04	5.62535025e+00
4.99023438e-02	5.33943436e-04	-3.77284681e+00
4.99511719e-02	1.87942037e-04	-1.03993705e+01
5.00000000e-02	-2.95478561e-04	-9.40153722e+00
5.00488281e-02	-5.62031894e-04	-1.51648727e+00
5.00976563e-02	-4.16601077e-04	7.47333351e+00
5.01464844e-02	3.39362811e-05	1.09806767e+01
5.01953125e-02	4.59252089e-04	6.44025882e+00
5.02441406e-02	5.47759366e-04	-2.81500078e+00
5.02929688e-02	2.34880710e-04	-1.00005089e+01
5.03417969e-02	-2.49835264e-04	-9.85345739e+00
5.03906250e-02	-5.51125546e-04	-2.48739255e+00
5.04394531e-02	-4.48395064e-04	6.69523310e+00
5.04882813e-02	-1.72287911e-05	1.09653374e+01
5.05371094e-02	4.26219725e-04	7.19831380e+00
5.05859375e-02	5.57047990e-04	-1.83958805e+00
5.06347656e-02	2.79651041e-04	-9.52259102e+00
5.06835938e-02	-2.02414366e-04	-1.02228080e+01
5.07324219e-02	-5.35801284e-04	-3.43272016e+00
5.07812500e-02	-4.76370103e-04	5.86702135e+00
5.08300781e-02	-6.79717260e-05	1.08609762e+01
5.08789063e-02	3.89906035e-04	7.89369690e+00
5.09277344e-02	5.61759103e-04	-8.54595201e-01
5.09765625e-02	3.21902838e-04	-8.96991741e+00
5.10253906e-02	-1.53609189e-04	-1.05070552e+01
5.10742188e-02	-5.16207308e-04	-4.34496371e+00
5.11230469e-02	-5.00320858e-04	4.99567270e+00
5.11718750e-02	-1.17884392e-04	1.06689249e+01
5.12207031e-02	3.50622711e-04	8.52112600e+00
5.12695312e-02	5.61879626e-04	1.31957227e-01
5.13183594e-02	3.61308085e-04	-8.34736753e+00
5.13671875e-02	-1.03822081e-04	-1.07043641e+01
5.14160156e-02	-4.92525396e-04	-5.21692368e+00
5.14648438e-02	-5.20075502e-04	4.08847136e+00
5.15136719e-02	-1.66567539e-04	1.03912148e+01
5.15625000e-02	3.08703687e-04	9.07589462e+00
5.16113281e-02	5.57433517e-04	1.11207924e+00
5.16601563e-02	3.97563447e-04	-7.66035733e+00
5.17089844e-02	-5.34611400e-05	-1.08136097e+01
5.17578125e-02	-4.64969279e-04	-6.04176363e+00
5.18066406e-02	-5.35496923e-04	3.15295134e+00
5.18554688e-02	-2.13633955e-04	1.00305558e+01
5.19042969e-02	2.64502337e-04	9.55390669e+00
5.19531250e-02	5.48481389e-04	2.07787531e+00
5.20019531e-02	4.30392576e-04	-6.91479311e+00
5.20507813e-02	-2.93691048e-06	-1.08343826e+01
5.20996094e-02	-4.33782752e-04	-6.81306304e+00
5.21484375e-02	-5.46483641e-04	2.19683465e+00
5.21972656e-02	-2.58711508e-04	9.59031192e+00
5.22460938e-02	2.18388545e-04	9.95170623e+00
5.22949219e-02	5.35119830e-04	3.02160720e+00
5.23437500e-02	4.59548190e-04	-6.11702158e+00
5.23925781e-02	4.73409196e-05	-1.07669882e+01
5.24414063e-02	-3.99237570e-04	-7.52486674e+00
5.24902344e-02	-5.52970438e-04	1.22796845e+00
5.25390625e-02	-3.01446051e-04	9.07447043e+00
5.25878906e-02	1.70745653e-04	1.02665018e+01
5.26367188e-02	5.17480444e-04	3.93575523e+00
5.26855469e-02	4.84813904e-04	-5.27377668e+00
5.27343750e-02	9.69668026e-05	-1.06124406e+01
5.27832031e-02	-3.61631119e-04	-8.17173026e+00
5.28320313e-02	-5.54928698e-04	2.54261421e-01
5.28808594e-02	-3.41504177e-04	8.48760694e+00
5.29296875e-02	1.21967314e-04	1.04961854e+01
5.29785156e-02	4.95728616e-04	4.81307755e+00
5.30273438e-02	5.06005813e-04	-4.39212355e+00
5.30761719e-02	1.45542564e-04	-1.03724511e+01
5.31250000e-02	-3.21283902e-04	-8.74876093e+00
5.31738281e-02	-5.52366445e-04	-7.16380051e-01
5.32226562e-02	-3.78575784e-04	7.83484554e+00
5.32714844e-02	7.24542813e-05	1.06393459e+01
5.33203125e-02	4.70062014e-04	5.64666678e+00
5.33691406e-02	5.22973797e-04	-3.47940016e+00
5.34179688e-02	1.92680562e-04	-1.00494107e+01
5.34667969e-02	-2.78536847e-04	-9.25165432e+00
5.35156250e-02	-5.45328097e-04	-1.67611528e+00
5.35644531e-02	-4.12376445e-04	7.12181494e+00
5.36132813e-02	2.26111551e-05	1.06952772e+01
5.36621094e-02	4.40708835e-04	6.43000380e+00
5.37109375e-02	5.35602556e-04	-2.54315697e+00
5.37597656e-02	2.38006742e-04	-9.64636757e+00
5.38085938e-02	-2.33748468e-04	-9.67672587e+00
5.38574219e-02	-5.33893923e-04	-2.61723193e+00
5.39062500e-02	-4.42649568e-04	6.35460070e+00
5.39550781e-02	-2.71568840e-05	1.06639796e+01
5.40039063e-02	4.07925824e-04	7.15700812e+00
5.40527344e-02	5.43812368e-04	-1.59109532e+00
5.41015625e-02	2.81163578e-04	-9.16699909e+00
5.41503906e-02	-1.87291900e-04	-1.00209373e+01
5.41992188e-02	-5.18179219e-04	-3.53220727e+00
5.42480469e-02	-4.69168309e-04	5.53969413e+00
5.42968750e-02	-7.64473324e-05	1.05461571e+01
5.43457031e-02	3.71996067e-04	7.82208455e+00
5.43945313e-02	5.47559539e-04	-6.31004737e-01
5.44433594e-02	3.21812855e-04	-8.61557943e+00
5.44921875e-02	-1.39551824e-04	-1.02819178e+01
5.45410156e-02	-4.98333209e-04	-4.41376770e+00
5.45898438e-02	-4.91737253e-04	4.68393805e+00
5.46386719e-02	-1.24863582e-04	1.03432075e+01
5.46875000e-02	3.33226584e-04	8.42016569e+00
5.47363281e-02	5.46836586e-04	3.29300002e-01
5.47851563e-02	3.59638293e-04	-7.99694210e+00
5.48339844e-02	-9.09213263e-05	-1.04579799e+01
5.48828125e-02	-4.74537678e-04	-5.25494586e+00
5.49316406e-02	-5.10193823e-04	3.79447013e+00
5.49804688e-02	-1.72018078e-04	1.00572084e+01
5.50292969e-02	2.91945750e-04	8.94675001e+00
5.50781250e-02	5.41672113e-04	1.28204182e+00
5.51269531e-02	3.94347978e-04	-7.31643838e+00
5.51757812e-02	-4.17986947e-05	-1.05481293e+01
5.52246094e-02	-4.47005348e-04	-6.04913518e+00
5.52734375e-02	-5.24409427e-04	2.87866411e+00
5.53222656e-02	-2.17535387e-04	9.69089654e+00
5.53710938e-02	2.48500546e-04	9.39793531e+00
5.54199219e-02	5.32130403e-04	2.21954361e+00
5.54687500e-02	4.25676590e-04	-6.57989179e+00
5.55175781e-02	7.41580499e-06	-1.05520700e+01
5.55664063e-02	-4.15978021e-04	-6.79014117e+00
5.56152344e-02	-5.34290322e-04	1.94406933e+00
5.56640625e-02	-2.61055156e-04	9.24764308e+00
5.57128906e-02	2.03253686e-04	9.77044706e+00
5.57617188e-02	5.18310730e-04	3.13428948e+00
5.58105469e-02	4.53387403e-04	-5.79354897e+00
5.58593750e-02	5.63231563e-05	-1.04702026e+01
5.59082031e-02	-3.81724493e-04	-7.47222916e+00
5.59570313e-02	-5.39778202e-04	9.98349249e-01
5.60058594e-02	-3.02234931e-04	8.73142313e+00
5.60546875e-02	1.56580617e-04	1.00616617e+01
5.61035156e-02	5.00346391e-04	4.01898437e+00
5.61523438e-02	4.77274050e-04	-4.96402744e+00
5.62011719e-02	1.04528793e-04	-1.03036183e+01
5.62500000e-02	-3.44538261e-04	-8.09016822e+00
5.62988281e-02	-5.40850491e-04	4.92192460e-02
5.63476563e-02	-3.40752830e-04	8.14678097e+00
5.63964844e-02	1.08866448e-04	1.02696247e+01
5.64453125e-02	4.78403466e-04	4.86661159e+00
5.64941406e-02	4.97162036e-04	-4.09826057e+00
5.65429688e-02	1.51645749e-04	-1.00540865e+01
5.65917969e-02	-3.04735045e-04	-8.63927076e+00
5.66406250e-02	-5.37520357e-04	-8.95615623e-01
5.66894531e-02	-3.76310026e-04	7.49879076e+00
5.67382813e-02	6.05028021e-05	1.03930627e+01
5.67871094e-02	4.52679332e-04	5.67048798e+00
5.68359375e-02	5.12909987e-04	-3.20344037e+00
5.68847656e-02	1.97297734e-04	-9.72403748e+00
5.69335938e-02	-2.62650144e-04	-9.11542764e+00
5.69824219e-02	-5.29836429e-04	-1.82852256e+00
5.70312500e-02	-4.08633044e-04	6.79301320e+00
5.70800781e-02	1.18846370e-05	1.04313910e+01
5.71289062e-02	4.23400920e-04	6.42431598e+00
5.71777344e-02	5.24410628e-04	-2.28695834e+00
5.72265625e-02	2.41122110e-04	-9.31653937e+00
5.72753906e-02	-2.18635648e-04	-9.51513842e+00
5.73242188e-02	-5.17882242e-04	-2.74200204e+00
5.73730469e-02	-4.37475834e-04	6.03544851e+00
5.74218750e-02	-3.65929457e-05	1.03847146e+01
5.74707031e-02	3.90822755e-04	7.12223250e+00
5.75195313e-02	5.31591489e-04	-1.35634515e+00
5.75683594e-02	2.82772740e-04	-8.83527082e+00
5.76171875e-02	-1.73057522e-04	-9.83553668e+00
5.76660156e-02	-5.01775399e-04	-3.62874757e+00
5.77148438e-02	-4.62621627e-04	5.23248605e+00
5.77636719e-02	-8.45378806e-05	1.02538242e+01
5.78125000e-02	3.55224772e-04	7.75885404e+00
5.78613281e-02	5.34415316e-04	-4.19209348e-01
5.79101563e-02	3.21922696e-04	-8.28448838e+00
5.79589844e-02	-1.26292598e-04	-1.00744101e+01
5.80078125e-02	-4.81666463e-04	-4.48170346e+00
5.80566406e-02	-4.83884538e-04	4.39085112e+00
5.81054688e-02	-1.31564278e-04	1.00401867e+01
5.81542969e-02	3.16909951e-04	8.32931770e+00
5.82031250e-02	5.32880212e-04	5.16824190e-01
5.82519531e-02	3.58266801e-04	-7.66898952e+00
5.83007813e-02	-7.87254965e-05	-1.02302150e+01
5.83496094e-02	-4.57737593e-04	-5.29412051e+00
5.83984375e-02	-5.01110915e-04	3.51754924e+00
5.84472656e-02	-1.77295500e-04	9.74593018e+00
5.84960938e-02	2.76201768e-04	8.82931792e+00
5.85449219e-02	5.27019484e-04	1.44417572e+00
5.85937500e-02	3.91523981e-04	-6.99407152e+00
5.86425781e-02	-3.07454898e-05	-1.03020860e+01
5.86914063e-02	-4.30200931e-04	-6.05960886e+00
5.87402344e-02	-5.14180432e-04	2.61980850e+00
5.87890625e-02	-2.21367148e-04	9.37382361e+00
5.88378906e-02	2.33441498e-04	9.25513851e+00
5.88867188e-02	5.16901213e-04	2.35537140e+00
5.89355469e-02	4.21439417e-04	-6.26548655e+00
5.89843750e-02	1.72566497e-05	-1.02898396e+01
5.90332031e-02	-3.99296752e-04	-6.77218775e+00
5.90820312e-02	-5.23006894e-04	1.70502034e+00
5.91308594e-02	-2.63429939e-04	8.92725173e+00
5.91796875e-02	1.88985383e-04	9.60367989e+00
5.92285156e-02	5.02627543e-04	3.24310297e+00
5.92773438e-02	4.47786473e-04	-5.48939321e+00
5.93261719e-02	6.48918023e-05	-1.01939725e+01
5.93750000e-02	-3.65291408e-04	-7.42633180e+00
5.94238281e-02	-5.27538784e-04	7.80679291e-01
5.94726563e-02	-3.03152451e-04	8.41018491e+00
5.95214844e-02	1.43201701e-04	9.87248114e+00
5.95703125e-02	4.84333708e-04	4.10028585e+00
5.96191406e-02	4.70368393e-04	-4.67230515e+00
5.96679688e-02	1.11775626e-04	-1.00156546e+01
5.97167969e-02	-3.28475056e-04	-8.01701338e+00
5.97656250e-02	-5.27759510e-04	-1.45677842e-01
5.98144531e-02	-3.40223702e-04	7.82714452e+00
5.98632813e-02	9.64677400e-05	1.00597369e+01
5.99121094e-02	4.62186785e-04	4.92011512e+00
5.99609375e-02	4.89019748e-04	-3.82103694e+00
6.00097656e-02	1.57531630e-04	-9.75671636e+00
6.00585938e-02	-2.89159220e-04	-8.53974084e+00
6.01074219e-02	-5.23687386e-04	-1.06653284e+00
6.01562500e-02	-3.74355570e-04	7.18316401e+00
6.02050781e-02	4.91667234e-05	1.01643091e+01
6.02539063e-02	4.36384208e-04	5.69611906e+00
6.03027344e-02	5.03607626e-04	-2.94264788e+00
6.03515625e-02	2.01794169e-04	-9.41963130e+00
6.04003906e-02	-2.47674180e-04	-8.99059226e+00
6.04492188e-02	-5.15375322e-04	-1.97444655e+00
6.04980469e-02	-4.05285003e-04	6.48374604e+00
6.05468750e-02	1.68469506e-06	1.01857328e+01
6.05957031e-02	4.07152043e-04	6.42220978e+00
6.06445313e-02	5.14032555e-04	-2.04438401e+00
6.06933594e-02	2.44211341e-04	-9.00749293e+00
6.07421875e-02	-2.04366232e-04	-9.36624445e+00
6.07910156e-02	-5.02910248e-04	-2.86211844e+00
6.08398438e-02	-4.32776028e-04	5.73481607e+00
6.08886719e-02	-4.55926022e-05	1.01242171e+01
6.09375000e-02	3.74743033e-04	7.09273054e+00
6.09863281e-02	5.20229157e-04	-1.13361889e+00
6.10351562e-02	2.84447759e-04	-8.52398718e+00
6.10839844e-02	-1.59594825e-04	-9.66399706e+00
6.11328125e-02	-4.86412253e-04	-3.72244478e+00
6.11816406e-02	-4.56621532e-04	4.94267272e+00
6.12304688e-02	-9.22828326e-05	9.98064039e+00
6.12792969e-02	3.39434446e-04	7.70249934e+00
6.13281250e-02	5.22166518e-04	-2.17793691e-01
6.13769531e-02	3.22187179e-04	-7.97336002e+00
6.14257813e-02	-1.13729607e-04	-9.88179151e+00
6.14746094e-02	-4.66033477e-04	-4.54857502e+00
6.15234375e-02	-4.76644796e-04	4.11393539e+00
6.15722656e-02	-1.38010133e-04	9.75654043e+00
6.16210938e-02	3.01525733e-04	8.24684864e+00
6.16699219e-02	5.19848286e-04	6.95643136e-01
6.17187500e-02	3.57134965e-04	-7.36038079e+00
6.17675781e-02	-6.71473981e-05	-1.00182248e+01
6.18164063e-02	-4.41956740e-04	-5.33396585e+00
6.18652344e-02	-4.92700793e-04	3.25548944e+00
6.19140625e-02	-1.82408111e-04	9.45409881e+00
6.19628906e-02	2.61336016e-04	8.72166060e+00
6.20117188e-02	5.13312492e-04	1.59929587e+00
6.20605469e-02	3.89020364e-04	-6.69030143e+00
6.21093750e-02	-2.02291295e-05	-1.00725578e+01
6.21582031e-02	-4.14393933e-04	-6.07243256e+00
6.22070313e-02	-5.04677209e-04	2.37442961e+00
6.22558594e-02	-2.25122758e-04	9.07612068e+00
6.23046875e-02	2.19201427e-04	9.12339793e+00
6.23535156e-02	5.02631086e-04	2.48588089e+00
6.24023438e-02	4.17598587e-04	-5.96881205e+00
6.24511719e-02	2.66432511e-05	-1.00447185e+01
6.25000000e-02	-3.83584186e-04	-6.75819734e+00
6.25488281e-02	-5.12495209e-04	1.47800184e+00
6.25976563e-02	-2.65815248e-04	8.62600937e+00
6.26464844e-02	1.75472330e-04	9.44912983e+00
6.26953125e-02	4.87909213e-04	3.34828492e+00
6.27441406e-02	4.42652665e-04	-5.20199313e+00
6.27929687e-02	7.30898591e-05	-9.93529940e+00
6.28417969e-02	-3.49791818e-04	-7.38593407e+00
6.28906250e-02	-5.16109928e-04	5.73544271e-01
6.29394531e-02	-3.04164600e-04	8.10773634e+00
6.29882812e-02	1.30510430e-04	9.69655292e+00
6.30371094e-02	4.69284222e-04	4.17962160e+00
6.30859375e-02	4.63995081e-04	-4.39626484e+00
6.31347656e-02	1.18735927e-04	-9.74555011e+00
6.31835938e-02	-3.13304097e-04	-7.95080927e+00
6.32324219e-02	-5.15510679e-04	-3.31572354e-01
6.32812500e-02	-3.39870192e-04	7.52580673e+00
6.33300781e-02	8.46858122e-05	9.86400719e+00
6.33789063e-02	4.46924416e-04	4.97328604e+00
6.34277344e-02	4.81469150e-04	-3.55833376e+00
6.34765625e-02	1.63214804e-04	-9.47736424e+00
6.35253906e-02	-2.74428829e-04	-8.44851897e+00
6.35742188e-02	-5.10720900e-04	-1.23000424e+00
6.36230469e-02	-3.72654091e-04	6.88522071e+00
6.36718750e-02	3.83739172e-05	9.95048652e+00
6.37207031e-02	4.21027564e-04	5.72300684e+00
6.37695312e-02	4.94950152e-04	-2.69513763e+00
6.38183594e-02	2.06170877e-04	-9.13326147e+00
6.38671875e-02	-2.33491784e-04	-8.87532112e+00
6.39160156e-02	-5.01797809e-04	-2.11449366e+00
6.39648438e-02	-4.02263205e-04	6.19143103e+00
6.40136719e-02	-8.04750538e-06	9.95564405e+00
6.40625000e-02	3.91819177e-04	6.42289527e+00
6.41113281e-02	5.04346201e-04	-1.81378837e+00
6.41601563e-02	2.47262391e-04	-8.71636452e+00
6.42089844e-02	-1.90833994e-04	-9.22806339e+00
6.42578125e-02	-4.88831808e-04	-2.97792709e+00
6.43066406e-02	-4.28471211e-04	5.45029714e+00
6.43554688e-02	-5.42014544e-05	9.87979211e+00
6.44042969e-02	3.59550577e-04	7.06749109e+00
6.44531250e-02	5.09598846e-04	-9.21513979e-01
6.45019531e-02	2.86164145e-04	-8.23037138e+00
6.45507813e-02	-1.46808936e-04	-9.50420603e+00
6.45996094e-02	-4.71945606e-04	-3.81339200e+00
6.46484375e-02	-4.51080270e-04	4.66803618e+00
6.46972656e-02	-9.97147147e-05	9.72389696e+00
6.47460937e-02	3.24496754e-04	7.65180481e+00
6.47949219e-02	5.10683400e-04	-2.55997827e-02
6.48437500e-02	3.22570049e-04	-7.67952307e+00
6.48925781e-02	-1.01779631e-04	-9.70183982e+00
6.49414062e-02	-4.51293096e-04	-4.61423172e+00
6.49902344e-02	-4.69922500e-04	3.85117134e+00
6.50390625e-02	-1.44220851e-04	9.48956817e+00
6.50878906e-02	2.86954053e-04	8.17135590e+00
6.51367188e-02	5.07608997e-04	8.66670619e-01
6.51855469e-02	3.56195508e-04	-7.06856713e+00
6.52343750e-02	-5.61156716e-05	-9.81969880e+00
6.52832031e-02	-4.27057979e-04	-5.37409812e+00
6.53320313e-02	-4.84861207e-04	3.00647790e+00
6.53808594e-02	-1.87363138e-04	9.17904300e+00
6.54296875e-02	2.47237689e-04	8.62220686e+00
6.54785156e-02	5.00418376e-04	1.74807409e+00
6.55273438e-02	3.86779629e-04	-6.40271718e+00
6.55761719e-02	-1.01902176e-05	-9.85716774e+00
6.56250000e-02	-3.99452161e-04	-6.08700148e+00
6.56738281e-02	-4.95791856e-04	2.14092759e+00
6.57226562e-02	-2.28797392e-04	8.79516567e+00
6.57714844e-02	2.05679131e-04	9.00099267e+00
6.58203125e-02	4.89187399e-04	2.61150598e+00
6.58691406e-02	4.14087229e-04	-5.68760895e+00
6.59179688e-02	3.56230336e-05	-9.81428447e+00
6.59667969e-02	-3.68713925e-04	-6.74735736e+00
6.60156250e-02	-5.02642781e-04	1.26163143e+00
6.60644531e-02	-2.68194702e-04	8.34136190e+00
6.61132813e-02	1.62623352e-04	9.30494559e+00
6.61621094e-02	4.74024294e-04	3.45003699e+00
6.62109375e-02	4.37910622e-04	-4.92925300e+00
6.62597656e-02	8.09528633e-05	-9.69173681e+00
6.63085938e-02	-3.35105896e-04	-7.35002998e+00
6.63574219e-02	-5.05375626e-04	3.75781841e-01
6.64062500e-02	-3.05244017e-04	7.82160886e+00
6.64550781e-02	1.18425999e-04	9.53191501e+00
6.65039063e-02	4.55068658e-04	4.25696831e+00
6.65527344e-02	4.58071188e-04	-4.13398468e+00
6.66015625e-02	1.25433517e-04	-9.49085432e+00
6.66503906e-02	-2.98912824e-04	-7.89037180e+00
6.66992187e-02	-5.03985519e-04	-5.09405790e-01
6.67480469e-02	-3.39654586e-04	7.24040080e+00
6.67968750e-02	7.34504686e-05	9.68038225e+00
6.68457031e-02	4.32490192e-04	5.02588480e+00
6.68945312e-02	4.74420687e-04	-3.30841169e+00
6.69433594e-02	1.68707633e-04	-9.21359499e+00
6.69921875e-02	-2.60439194e-04	-8.36425904e+00
6.70410156e-02	-4.98500972e-04	-1.38675141e+00
6.70898438e-02	-3.71158217e-04	6.60271065e+00
6.71386719e-02	2.80649497e-05	9.74947028e+00
6.71875000e-02	4.06487212e-04	5.75070558e+00
6.72363281e-02	4.86842339e-04	-2.45935960e+00
6.72851563e-02	2.10429096e-04	-8.86252683e+00
6.73339844e-02	-2.20006686e-04	-8.76812281e+00
6.73828125e-02	-4.88983516e-04	-2.24916814e+00
6.74316406e-02	-3.99511354e-04	5.91394792e+00
6.74804688e-02	-1.73605712e-05	9.73894813e+00
6.75292969e-02	3.77284934e-04	6.42573176e+00
6.75781250e-02	4.95251631e-04	-1.59381584e+00
6.76269531e-02	2.50265780e-04	-8.44080464e+00
6.76757812e-02	-1.77951514e-04	-9.09897570e+00
6.77246094e-02	-4.75527070e-04	-3.08971909e+00
6.77734375e-02	-4.24496939e-04	5.17991329e+00
6.78222656e-02	-6.24573042e-05	9.64923015e+00
6.78710938e-02	3.45133541e-04	7.04569089e+00
6.79199219e-02	4.99596876e-04	-7.18872692e-01
6.79687500e-02	2.87902177e-04	-7.95214221e+00
6.80175781e-02	-1.34621644e-04	-9.35443351e+00
6.80664063e-02	-4.58257052e-04	-3.90167277e+00
6.81152344e-02	-4.45926062e-04	4.40675012e+00
6.81640625e-02	-1.06860628e-04	9.48137006e+00
6.82128906e-02	3.10306069e-04	7.60577783e+00
6.82617188e-02	4.99859493e-04	1.58330449e-01
6.83105469e-02	3.23041877e-04	-7.40078003e+00
6.83593750e-02	-9.03739460e-05	-9.53273208e+00
6.84082031e-02	-4.37329236e-04	-4.67855660e+00
6.84570313e-02	-4.63639369e-04	3.60089353e+00
6.85058594e-02	-1.50213017e-04	9.23704988e+00
6.85546875e-02	2.73096103e-04	8.10169165e+00
6.86035156e-02	4.96054026e-04	1.03066489e+00
6.86523437e-02	3.55409884e-04	-6.79144897e+00
6.87011719e-02	-4.55712694e-05	-9.63273906e+00
6.87500000e-02	-4.12928380e-04	-5.41420818e+00
6.87988281e-02	-4.77508236e-04	2.76901727e+00
6.88476562e-02	-1.92166901e-04	8.91856381e+00
6.88964844e-02	2.33815330e-04	8.52966836e+00
6.89453125e-02	4.88227893e-04	1.89107019e+00
6.89941406e-02	3.84754750e-04	-6.12933011e+00
6.90429688e-02	-5.79493570e-07	-9.65396052e+00
6.90917969e-02	-3.85266610e-04	-6.10282378e+00
6.91406250e-02	-4.87435677e-04	1.91797882e+00
6.91894531e-02	-2.32387431e-04	8.52879731e+00
6.92382813e-02	1.92790950e-04	8.88650918e+00
6.92871094e-02	4.76460873e-04	2.73261089e+00
6.93359375e-02	4.10850517e-04	-5.42001109e+00
6.93847656e-02	4.42354408e-05	-9.59654242e+00
6.94335938e-02	-3.54581606e-04	-6.73900382e+00
6.94824219e-02	-4.93357009e-04	1.05476330e+00
6.95312500e-02	-2.70555138e-04	8.07120138e+00
6.95800781e-02	1.50362966e-04	9.16960413e+00
6.96289062e-02	4.60864337e-04	3.54853203e+00
6.96777344e-02	4.33498434e-04	-4.66943939e+00
6.97265625e-02	8.85104878e-05	-9.46126690e+00
6.97753906e-02	-3.21134575e-04	-7.31779487e+00
6.98242188e-02	-4.95240247e-04	1.86426556e-01
6.98730469e-02	-3.06368443e-04	7.54976251e+00
6.99218750e-02	1.06881393e-04	9.37695078e+00
6.99707031e-02	4.41580217e-04	4.33231304e+00
7.00195313e-02	4.52528464e-04	-3.88387286e+00
7.00683594e-02	1.31888417e-04	-9.24954344e+00
7.01171875e-02	-2.85208052e-04	-7.83472793e+00
7.01660156e-02	-4.93086227e-04	-6.79962129e-01
7.02148438e-02	-3.39546035e-04	6.96896837e+00
7.02636719e-02	6.27033893e-05	9.50716807e+00
7.03125000e-02	4.18779746e-04	5.07771949e+00
7.03613281e-02	4.67800535e-04	-3.06982794e+00
7.04101563e-02	1.74020678e-04	-8.96339502e+00
7.04589844e-02	-2.47103532e-04	-8.28585261e+00
7.05078125e-02	-4.86928479e-04	-1.53737721e+00
7.05566406e-02	-3.69829056e-04	6.33376956e+00
7.06054687e-02	1.81903423e-05	9.55950500e+00
7.06542969e-02	3.92661956e-04	5.77885231e+00
7.07031250e-02	4.79205567e-04	-2.23402602e+00
7.07519531e-02	2.14570180e-04	-8.60543943e+00
7.08007812e-02	-2.07138963e-04	-8.66776707e+00
7.08496094e-02	-4.76832824e-04	-2.37889346e+00
7.08984375e-02	-3.96983107e-04	5.64953785e+00
7.09472656e-02	-2.62950667e-05	9.53384429e+00
7.09960938e-02	3.63451966e-04	6.43019418e+00
7.10449219e-02	4.86666221e-04	-1.38333831e+00
7.10937500e-02	2.53213973e-04	-8.17886575e+00
7.11425781e-02	-1.65646112e-04	-8.97764334e+00
7.11914063e-02	-4.62896720e-04	-3.19774156e+00
7.12402344e-02	-4.20800051e-04	4.92202112e+00
7.12890625e-02	-7.03917987e-05	9.43070088e+00
7.13378906e-02	3.31399059e-04	7.02665264e+00
7.13867188e-02	4.90137410e-04	-5.24729779e-01
7.14355469e-02	2.89645804e-04	-7.68740639e+00
7.14843750e-02	-1.22967828e-04	-9.21324798e+00
7.15332031e-02	-4.45248350e-04	-3.98736217e+00
7.15820312e-02	-4.41099588e-04	4.15729546e+00
7.16308594e-02	-1.13743368e-04	9.25121529e+00
7.16796875e-02	2.96774574e-04	7.56359960e+00
7.17285156e-02	4.89606535e-04	3.34797550e-01
7.17773438e-02	3.23578524e-04	-7.13530488e+00
7.18261719e-02	-7.94552342e-05	-9.37295786e+00
7.18750000e-02	-4.24045469e-04	-4.74145817e+00
7.19238281e-02	-4.57730610e-04	3.36171482e+00
7.19726563e-02	-1.56000706e-04	8.99714204e+00
7.20214844e-02	2.59869631e-04	8.03690696e+00
7.20703125e-02	4.85093465e-04	1.18826129e+00
7.21191406e-02	3.54746340e-04	-6.52727957e+00
7.21679688e-02	-3.54648533e-05	-9.45577089e+00
7.22167969e-02	-3.99474019e-04	-5.45404453e+00
7.22656250e-02	-4.70572309e-04	2.54185858e+00
7.23144531e-02	-1.96824953e-04	8.67083310e+00
7.23632813e-02	2.20992703e-04	8.44297810e+00
7.24121094e-02	4.76650252e-04	2.02875507e+00
7.24609375e-02	3.82906877e-04	-5.86848368e+00
7.25097656e-02	8.64429140e-06	-9.46131183e+00
7.25585937e-02	-3.71746513e-04	-6.11949551e+00
7.26074219e-02	-4.79535038e-04	1.70447752e+00
7.26562500e-02	-2.35890161e-04	8.27521665e+00
7.27050781e-02	1.80467054e-04	8.77877489e+00
7.27539062e-02	4.64360584e-04	2.84950408e+00
7.28027344e-02	4.07843055e-04	-5.16446205e+00
7.28515625e-02	5.25135887e-05	-9.38983290e+00
7.29003906e-02	-3.41100222e-04	-6.73258878e+00
7.29492188e-02	-4.84560920e-04	8.56438584e-01
7.29980469e-02	-2.72885877e-04	7.81377119e+00
7.30468750e-02	1.38628073e-04	9.04184017e+00
7.30957031e-02	4.48338997e-04	3.64391931e+00
7.31445313e-02	4.29364743e-04	-4.42110479e+00
7.31933594e-02	9.57877368e-05	-9.24220938e+00
7.32421875e-02	-3.07795161e-04	-7.28854610e+00
7.32910156e-02	-4.85624193e-04	4.66894571e-03
7.33398438e-02	-3.07519595e-04	7.29049536e+00
7.33886719e-02	9.58205117e-05	9.23031542e+00
7.34375000e-02	4.28729828e-04	4.40565018e+00
7.34863281e-02	4.47310195e-04	-3.64459835e+00
7.35351562e-02	1.38117604e-04	-9.01993020e+00
7.35839844e-02	-2.72111901e-04	-7.78307031e+00
7.36328125e-02	-4.82731299e-04	-8.43900234e-01
7.36816406e-02	-3.39519057e-04	6.70987368e+00
7.37304688e-02	5.23956704e-05	9.34295354e+00
7.37792969e-02	4.05705936e-04	5.12863494e+00
7.38281250e-02	4.61547256e-04	-2.84137445e+00
7.38769531e-02	1.79163026e-04	-8.72508363e+00
7.39257813e-02	-2.34349227e-04	-8.21237827e+00
7.39746094e-02	-4.75920715e-04	-1.68238986e+00
7.40234375e-02	-3.68634373e-04	6.07683845e+00
7.40722656e-02	8.70852606e-06	9.37912667e+00
7.41210938e-02	3.79467200e-04	5.80714863e+00
7.41699219e-02	4.71974317e-04	-2.01805712e+00
7.42187500e-02	2.18595527e-04	-8.36033812e+00
7.42675781e-02	-1.94821651e-04	-8.57322952e+00
7.43164063e-02	-4.65262517e-04	-2.50402836e+00
7.43652344e-02	-3.94639962e-04	5.39672822e+00
7.44140625e-02	-3.48851485e-05	9.33882895e+00
7.44628906e-02	3.50238804e-04	6.43584812e+00
7.45117187e-02	4.78521023e-04	-1.18140841e+00
7.45605469e-02	2.56100930e-04	-7.92891859e+00
7.46093750e-02	-1.53856811e-04	-8.86295051e+00
7.46582031e-02	-4.50857703e-04	-3.30220599e+00
7.47070312e-02	-4.17336289e-04	4.67524309e+00
7.47558594e-02	-7.80316654e-05	9.22267429e+00
7.48046875e-02	3.18269317e-04	7.00981395e+00
7.48535156e-02	4.81148729e-04	-3.38273226e-01
7.49023438e-02	2.91381845e-04	-7.43457834e+00
7.49511719e-02	-1.11792775e-04	-9.07945410e+00
7.50000000e-02	-4.32837254e-04	-4.07052778e+00
7.50488281e-02	-4.36551376e-04	3.91839734e+00
7.50976563e-02	-1.20382274e-04	9.03188909e+00
7.51464844e-02	2.83828604e-04	7.52458848e+00
7.51953125e-02	4.79850694e-04	5.04476354e-01
7.52441406e-02	3.24160013e-04	-6.88156667e+00
7.52929688e-02	-6.89752653e-05	-9.22125431e+00
7.53417969e-02	-4.11360975e-04	-4.80286437e+00
7.53906250e-02	-4.52142099e-04	3.13246954e+00
7.54394531e-02	-1.61595965e-04	8.76830011e+00
7.54882813e-02	2.47205559e-04	7.97621031e+00
7.55371094e-02	4.74652021e-04	1.33999676e+00
7.55859375e-02	3.54178485e-04	-6.27459278e+00
7.56347656e-02	-2.57548379e-05	-9.28747613e+00
7.56835938e-02	-3.86616089e-04	-5.49340072e+00
7.57324219e-02	-4.63995235e-04	2.32395090e+00
7.57812500e-02	-2.01342198e-04	8.43431752e+00
7.58300781e-02	2.08705704e-04	8.36124454e+00
7.58789063e-02	4.65609335e-04	2.16152818e+00
7.59277344e-02	3.81203628e-04	-5.61878593e+00
7.59765625e-02	1.75159732e-05	-9.27786039e+00
7.60253906e-02	-3.58815626e-04	-6.13668192e+00
7.60742188e-02	-4.72028273e-04	1.49949192e+00
7.61230469e-02	-2.39303538e-04	8.03291321e+00
7.61718750e-02	1.68648654e-04	8.67680856e+00
7.62207031e-02	4.52810213e-04	2.96244894e+00
7.62695313e-02	4.05026923e-04	-4.91965251e+00
7.63183594e-02	6.04855141e-05	-9.19276361e+00
7.63671875e-02	-3.28196607e-04	-6.72765607e+00
7.64160156e-02	-4.76189967e-04	6.65848043e-01
7.64648438e-02	-2.75178178e-04	7.56759482e+00
7.65136719e-02	1.27365480e-04	8.92059344e+00
7.65625000e-02	4.36372365e-04	3.73632858e+00
7.66113281e-02	4.25466568e-04	-4.18303003e+00
7.66601562e-02	1.02805853e-04	-9.03315289e+00
7.67089844e-02	-2.95018038e-04	-7.26171367e+00
7.67578125e-02	-4.76460642e-04	-1.70175400e-01
7.68066406e-02	-3.08682323e-04	7.04237534e+00
7.68554688e-02	8.51959941e-05	9.09088055e+00
7.69042969e-02	4.16442570e-04	4.47697920e+00
7.69531250e-02	4.42368850e-04	-3.41503879e+00
7.70019531e-02	1.44135580e-04	-8.80059592e+00
7.70507813e-02	-2.59558738e-04	-7.73472335e+00
7.70996094e-02	-4.72852237e-04	-1.00177840e+00
7.71484375e-02	-3.39552421e-04	6.46173889e+00
7.71972656e-02	4.24859627e-05	9.18655330e+00
7.72460938e-02	3.93195385e-04	5.17850464e+00
7.72949219e-02	4.55609285e-04	-2.62203130e+00
7.73437500e-02	1.84142551e-04	-8.49724613e+00
7.73925781e-02	-2.22115010e-04	-8.14306355e+00
7.74414063e-02	-4.65408097e-04	-1.82222131e+00
7.74902344e-02	-3.67547222e-04	5.83060273e+00
7.75390625e-02	-4.15708365e-07	9.20710408e+00
7.75878906e-02	3.66831636e-04	5.83534716e+00
7.76367188e-02	4.65093529e-04	-1.81054006e+00
7.76855469e-02	2.22506535e-04	-8.12582319e+00
7.77343750e-02	-1.82998183e-04	-8.48365007e+00
7.77832031e-02	-4.54202509e-04	-2.62487911e+00
7.78320313e-02	-3.92449656e-04	5.15427594e+00
7.78808594e-02	-4.31598095e-05	9.15263618e+00
7.79296875e-02	3.37576699e-04	6.44233122e+00
7.79785156e-02	4.70758026e-04	-9.87224058e-01
7.80273438e-02	2.58921771e-04	-7.68958898e+00
7.80761719e-02	-1.42532039e-04	-8.75395907e+00
7.81250000e-02	-4.39339992e-04	-3.40329470e+00
7.81738281e-02	-4.14068499e-04	4.43841508e+00
7.82226563e-02	-8.53996545e-05	9.02386079e+00
7.82714844e-02	3.05678587e-04	6.99470400e+00
7.83203125e-02	4.72570422e-04	-1.58814444e-01
7.83691406e-02	2.93099384e-04	-7.19231929e+00
7.84179688e-02	-1.01050148e-04	-8.95204555e+00
7.84667969e-02	-4.20954348e-04	-4.15123049e+00
7.85156250e-02	-4.32239830e-04	3.68897715e+00
7.85644531e-02	-1.26793877e-04	8.82208911e+00
7.86132812e-02	2.71405866e-04	7.48817238e+00
7.86621094e-02	4.70529709e-04	6.67940215e-01
7.87109375e-02	3.24769669e-04	-6.63827144e+00
7.87597656e-02	-5.88931356e-05	-9.07655705e+00
7.88085938e-02	-3.99207471e-04	-4.86271813e+00
7.88574219e-02	-4.46828266e-04	2.91217035e+00
7.89062500e-02	-1.67009175e-04	8.54921964e+00
7.89550781e-02	2.35045408e-04	7.91893608e+00
7.90039063e-02	4.64666128e-04	1.48632861e+00
7.90527344e-02	3.53684206e-04	-6.03214816e+00
7.91015625e-02	-1.64058987e-05	-9.12674252e+00
7.91503906e-02	-3.74287941e-04	-5.53210591e+00
7.91992188e-02	-4.57727954e-04	2.11440297e+00
7.92480469e-02	-2.05722980e-04	8.20772076e+00
7.92968750e-02	1.96900006e-04	8.28371673e+00
7.93457031e-02	4.55040817e-04	2.28973090e+00
7.93945313e-02	3.79617793e-04	-5.37905797e+00
7.94433594e-02	2.60651981e-05	-9.10245631e+00
7.94921875e-02	-3.46409404e-04	-6.15410339e+00
7.95410156e-02	-4.64863325e-04	1.30223077e+00
7.95898438e-02	-2.42626031e-04	7.80060877e+00
7.96386719e-02	1.57285865e-04	8.57978252e+00
7.96875000e-02	4.41745203e-04	3.07167195e+00
7.97363281e-02	4.02370192e-04	-4.68447239e+00
7.97851563e-02	6.81751330e-05	-9.00415723e+00
7.98339844e-02	-3.15808758e-04	-6.72382293e+00
7.98828125e-02	-4.68189604e-04	4.82303460e-01
7.99316406e-02	-2.77424833e-04	7.33142156e+00
7.99804688e-02	1.16530002e-04	8.80496849e+00
8.00292969e-02	4.24900162e-04	3.82587327e+00
8.00781250e-02	4.21767663e-04	-3.95418042e+00
8.01269531e-02	1.09583015e-04	-8.83290280e+00
8.01757813e-02	-2.82744151e-04	-7.23681793e+00
8.02246094e-02	-4.67693064e-04	-3.38689513e-01
8.02734375e-02	-3.09843975e-04	6.80418818e+00
8.03222656e-02	7.49675548e-05	8.95769208e+00
8.03710938e-02	4.04654939e-04	4.54630316e+00
8.04199219e-02	4.37664279e-04	-3.19424057e+00
8.04687500e-02	1.49954828e-04	-8.59033855e+00
8.05175781e-02	-2.47492824e-04	-7.68911729e+00
8.05664062e-02	-4.63391030e-04	-1.15407322e+00
8.06152344e-02	-3.39628302e-04	6.22339455e+00
8.06640625e-02	3.29390439e-05	9.03696394e+00
8.07128906e-02	3.81185838e-04	5.22722473e+00
8.07617188e-02	4.49943011e-04	-2.41093089e+00
8.08105469e-02	1.88966116e-04	-8.27868275e+00
8.08593750e-02	-2.10348793e-04	-8.07725592e+00
8.09082031e-02	-4.55331635e-04	-1.95724128e+00
8.09570313e-02	-3.66544909e-04	5.59394555e+00
8.10058594e-02	-9.21240250e-06	9.04239393e+00
8.10546875e-02	3.54694707e-04	5.86324127e+00
8.11035156e-02	4.58516579e-04	-1.61069738e+00
8.11523438e-02	2.26304571e-04	-7.90070646e+00
8.12011719e-02	-1.71620418e-04	-8.39830108e+00
8.12500000e-02	-4.43593322e-04	-2.74170906e+00
8.12988281e-02	-3.90384952e-04	4.92112390e+00
8.13476563e-02	-5.11438365e-05	8.97419219e+00
8.13964844e-02	3.25407214e-04	6.44933886e+00
8.14453125e-02	4.63328055e-04	-8.00101237e-01
8.14941406e-02	2.61672525e-04	-7.45970925e+00
8.15429688e-02	-1.31627855e-04	-8.64987433e+00
8.15917969e-02	-4.28284110e-04	-3.50116585e+00
8.16406250e-02	-4.10965256e-04	4.21054609e+00
8.16894531e-02	-9.25152668e-05	8.83316547e+00
8.17382813e-02	2.93570942e-04	6.98092564e+00
8.17871094e-02	4.64351224e-04	1.42346922e-02
8.18359375e-02	2.94789311e-04	-6.95949062e+00
8.18847656e-02	-9.07004232e-05	-8.83016890e+00
8.19335938e-02	-4.09540614e-04	-4.22952530e+00
8.19824219e-02	-4.28129714e-04	3.46811576e+00
8.20312500e-02	-1.32992401e-04	8.62070855e+00
8.20800781e-02	2.59453305e-04	7.45386760e+00
8.21289063e-02	4.61590691e-04	8.25679720e-01
8.21777344e-02	3.25393476e-04	-6.40431765e+00
8.22265625e-02	-4.91739077e-05	-8.93796239e+00
8.22753906e-02	-3.87526848e-04	-4.92097403e+00
8.23242188e-02	-4.41750458e-04	2.69997497e+00
8.23730469e-02	-1.72249337e-04	8.33879096e+00
8.24218750e-02	2.23339321e-04	7.86452046e+00
8.24707031e-02	4.55081741e-04	1.62764906e+00
8.25195312e-02	3.53244835e-04	-5.79888876e+00
8.25683594e-02	-7.38781898e-06	-8.97262474e+00
8.26171875e-02	-3.62432801e-04	-5.57001773e+00
8.26660156e-02	-4.51728801e-04	1.91245358e+00
8.27148438e-02	-2.09971167e-04	7.98993912e+00
8.27636719e-02	1.85529242e-04	8.20975763e+00
8.28125000e-02	4.44889951e-04	2.41365701e+00
8.28613281e-02	3.78126345e-04	-5.14829431e+00
8.29101563e-02	3.43173699e-05	-8.93412131e+00
8.29589844e-02	-3.34472814e-04	-6.17152463e+00
8.30078125e-02	-4.57995939e-04	1.11201745e+00
8.30566406e-02	-2.45856500e-04	7.57721399e+00
8.31054688e-02	1.46336072e-04	8.48699372e+00
8.31542969e-02	4.31110555e-04	3.17736913e+00
8.32031250e-02	3.99845788e-04	-4.45797401e+00
8.32519531e-02	7.56029838e-05	-8.82301124e+00
8.33007813e-02	-3.03883762e-04	-6.72076585e+00
8.33496094e-02	-4.60513408e-04	3.05215520e-01
8.33984375e-02	-2.79619852e-04	7.10418456e+00
8.34472656e-02	1.06082988e-04	8.69420376e+00
8.34960938e-02	4.13867579e-04	3.91265308e+00
8.35449219e-02	4.18237241e-04	-3.73367172e+00
8.35937500e-02	1.16134883e-04	-8.64044088e+00
8.36425781e-02	-2.70923058e-04	-7.21345238e+00
8.36914063e-02	-4.59273298e-04	-5.01373438e-01
8.37402344e-02	-3.10993909e-04	6.57489721e+00
8.37890625e-02	6.51006939e-05	8.82993771e+00
8.38378906e-02	3.93312738e-04	4.61362760e+00
8.38867188e-02	4.33162339e-04	-2.98138793e+00
8.39355469e-02	1.55586154e-04	-8.38813261e+00
8.39843750e-02	-2.35866506e-04	-7.64576834e+00
8.40332031e-02	-4.54298210e-04	-1.30119425e+00
8.40820313e-02	-3.39731630e-04	5.99384137e+00
8.41308594e-02	2.37247095e-05	8.89333029e+00
8.41796875e-02	3.69624115e-04	5.27470935e+00
8.42285156e-02	4.44511299e-04	-2.20733027e+00
8.42773438e-02	1.93639735e-04	-8.06836901e+00
8.43261719e-02	-1.99006002e-04	-8.01440038e+00
8.43750000e-02	-4.45640980e-04	-2.08776835e+00
8.44238281e-02	-3.65608184e-04	5.36591169e+00
8.44726562e-02	-1.77073581e-05	8.88410614e+00
8.45214844e-02	3.43004636e-04	5.89065712e+00
8.45703125e-02	4.52203722e-04	-1.41786256e+00
8.46191406e-02	2.29990952e-04	-7.68397246e+00
8.46679688e-02	-1.60647116e-04	-8.31656284e+00
8.47167969e-02	-4.33384149e-04	-2.85474602e+00
8.47656250e-02	-3.88422697e-04	4.69636709e+00
8.48144531e-02	-5.88585584e-05	8.80258004e+00
8.48632813e-02	3.13680340e-04	6.45661325e+00
8.49121094e-02	4.56189141e-04	-6.19452768e-01
8.49609375e-02	2.64349947e-04	-7.23828061e+00
8.50097656e-02	-1.21106577e-04	-8.55001864e+00
8.50585938e-02	-4.17639196e-04	-3.59595743e+00
8.51074219e-02	-4.07999804e-04	3.99078694e+00
8.51562500e-02	-9.93953246e-05	8.64965252e+00
8.52050781e-02	2.81898478e-04	6.96814165e+00
8.52539063e-02	4.56447341e-04	1.81379771e-01
8.53027344e-02	2.96443977e-04	-6.73511758e+00
8.53515625e-02	-8.07096646e-05	-8.71309558e+00
8.54003906e-02	-3.98545543e-04	-4.30546200e+00
8.54492188e-02	-4.24190982e-04	3.25502482e+00
8.54980469e-02	-1.38990166e-04	8.42680060e+00
8.55468750e-02	2.47925436e-04	7.42126245e+00
8.55957031e-02	4.52988419e-04	9.78117324e-01
8.56445313e-02	3.26019568e-04	-6.17876145e+00
8.56933594e-02	-3.97875486e-05	-8.80469806e+00
8.57421875e-02	-3.76269334e-04	-4.97759585e+00
8.57910156e-02	-4.36875672e-04	2.49516022e+00
8.58398438e-02	-1.77324300e-04	8.13606399e+00
8.58886719e-02	2.12044516e-04	7.81248273e+00
8.59375000e-02	4.45852605e-04	1.76429657e+00
8.59863281e-02	3.52844511e-04	-5.57390811e+00
8.60351563e-02	1.32541250e-06	-8.82431416e+00
8.60839844e-02	-3.51002003e-04	-5.60701676e+00
8.61328125e-02	-4.45962165e-04	1.71744850e+00
8.61816406e-02	-2.14090211e-04	7.78002675e+00
8.62304688e-02	1.74553589e-04	8.13882329e+00
8.62792969e-02	4.35109842e-04	2.53356081e+00
8.63281250e-02	3.76709669e-04	-4.92563189e+00
8.63769531e-02	4.22943927e-05	-8.77201783e+00
8.64257812e-02	-3.22958641e-04	-6.18874644e+00
8.64746094e-02	-4.51388249e-04	9.28269719e-01
8.65234375e-02	-2.48994100e-04	7.36179460e+00
8.65722656e-02	1.35762631e-04	8.39784111e+00
8.66210938e-02	4.20859121e-04	3.27971112e+00
8.66699219e-02	3.97430604e-04	-4.23934319e+00
8.67187500e-02	8.27868126e-05	-8.64846649e+00
8.67675781e-02	-2.92376181e-04	-6.71820972e+00
8.68164063e-02	-4.53121622e-04	1.34076457e-01
8.68652344e-02	-2.81758230e-04	6.88496809e+00
8.69140625e-02	9.59911735e-05	8.58764747e+00
8.69628906e-02	4.03227588e-04	3.99675608e+00
8.70117188e-02	4.14848987e-04	-3.52074359e+00
8.70605469e-02	1.22475027e-04	-8.45489380e+00
8.71093750e-02	-2.59511402e-04	-7.19127034e+00
8.71582031e-02	-4.51160059e-04	-6.58658670e-01
8.72070313e-02	-3.12123117e-04	6.35361184e+00
8.72558594e-02	5.55656848e-05	8.70692146e+00
8.73046875e-02	3.82369425e-04	4.67895973e+00
8.73535156e-02	4.28833805e-04	-2.77577872e+00
8.74023438e-02	1.61038967e-04	-8.19309784e+00
8.74511719e-02	-2.24638789e-04	-7.60426306e+00
8.75000000e-02	-4.45531333e-04	-1.44349554e+00
8.75488281e-02	-3.39849581e-04	5.77222013e+00
8.75976563e-02	1.48169009e-05	8.75491895e+00
8.76464844e-02	3.58464511e-04	5.32088714e+00
8.76953125e-02	4.39282329e-04	-2.01058928e+00
8.77441406e-02	1.98168705e-04	-7.86542476e+00
8.77929688e-02	-1.88048254e-04	-7.95402191e+00
8.78417969e-02	-4.36292897e-04	-2.21407863e+00
8.78906250e-02	-3.64720618e-04	5.14567915e+00
8.79394531e-02	-2.59228680e-05	8.73147671e+00
8.79882813e-02	3.31716887e-04	5.91744764e+00
8.80371094e-02	4.46120865e-04	-1.23146067e+00
8.80859375e-02	2.33566941e-04	-7.47474806e+00
8.81347656e-02	-1.50042734e-04	-8.23790426e+00
8.81835938e-02	-4.23531321e-04	-2.96418824e+00
8.82324219e-02	-3.86543092e-04	4.47922608e+00
8.82812500e-02	-6.63224360e-05	8.63701199e+00
8.83300781e-02	3.02353025e-04	6.46393490e+00
8.83789062e-02	4.49305254e-04	-4.44771593e-01
8.84277344e-02	2.66951368e-04	-7.02444358e+00
8.84765625e-02	-1.10935697e-04	-8.45381060e+00
8.85253906e-02	-4.07361505e-04	-3.68779050e+00
8.85742188e-02	-4.05149221e-04	3.77840565e+00
8.86230469e-02	-1.06054423e-04	8.47251727e+00
8.86718750e-02	2.70619923e-04	6.95606392e+00
8.87207031e-02	4.48821141e-04	3.43057976e-01
8.87695313e-02	2.98056916e-04	-6.51836064e+00
8.88183594e-02	-7.10485655e-05	-8.60019986e+00
8.88671875e-02	-3.87925655e-04	-4.37908572e+00
8.89160156e-02	-4.20397861e-04	3.04902415e+00
8.89648438e-02	-1.44797895e-04	8.23955046e+00
8.90136719e-02	2.36783035e-04	7.39000444e+00
8.90625000e-02	4.44683996e-04	1.12561892e+00
8.91113281e-02	3.26637844e-04	-5.96078932e+00
8.91601563e-02	-3.07080911e-05	-8.67610018e+00
8.92089844e-02	-3.65392046e-04	-5.03255461e+00
8.92578125e-02	-4.32175568e-04	2.29710156e+00
8.93066406e-02	-1.82240948e-04	7.94022048e+00
8.93554688e-02	2.01124069e-04	7.76241061e+00
8.94042969e-02	4.36938901e-04	1.89656491e+00
8.94531250e-02	3.52469678e-04	-5.35642431e+00
8.95019531e-02	9.75631511e-06	-8.68111502e+00
8.95507813e-02	-3.39953579e-04	-5.64300225e+00
8.95996094e-02	-4.40397430e-04	1.52882214e+00
8.96484375e-02	-2.18083206e-04	7.57716846e+00
8.96972656e-02	1.63938645e-04	8.07044656e+00
8.97460938e-02	4.25660087e-04	2.64966369e+00
8.97949219e-02	3.75350958e-04	-4.71032563e+00
8.98437500e-02	5.00152598e-05	-8.61542455e+00
8.98925781e-02	-3.11826138e-04	-6.20559912e+00
8.99414063e-02	-4.45007667e-04	7.50483712e-01
8.99902344e-02	-2.52038223e-04	7.15354472e+00
9.00390625e-02	1.25533861e-04	8.31180785e+00
9.00878906e-02	4.10950245e-04	3.37884723e+00
9.01367188e-02	3.95104805e-04	-4.02787645e+00
9.01855469e-02	8.97420376e-05	-8.47978250e+00
9.02343750e-02	-2.81246773e-04	-6.71591917e+00
9.02832031e-02	-4.45979997e-04	-3.15536934e-02
9.03320312e-02	-2.83835761e-04	6.67298161e+00
9.03808594e-02	8.62257662e-05	8.48473854e+00
9.04296875e-02	3.92939607e-04	4.07826040e+00
9.04785156e-02	4.11580279e-04	-3.31473848e+00
9.05273438e-02	1.28615272e-04	-8.27550822e+00
9.05761719e-02	-2.48471708e-04	-7.16997447e+00
9.06250000e-02	-4.43317755e-04	-8.10919624e-01
9.06738281e-02	-3.13223931e-04	6.13956265e+00
9.07226563e-02	4.63367705e-05	8.58804370e+00
9.07714844e-02	3.71784806e-04	4.74230785e+00
9.08203125e-02	4.24653523e-04	-2.57680520e+00
9.08691406e-02	1.66321505e-04	-8.00447429e+00
9.09179688e-02	-2.13774210e-04	-7.56424619e+00
9.09667969e-02	-4.37053777e-04	-1.58128488e+00
9.10156250e-02	-3.39971182e-04	5.55778798e+00
9.10644531e-02	6.19301252e-06	8.62109743e+00
9.11132813e-02	3.47667523e-04	5.36569852e+00
9.11621094e-02	4.34228684e-04	-1.82015335e+00
9.12109375e-02	2.02557713e-04	-7.66908963e+00
9.12597656e-02	-1.77442320e-04	-7.89571173e+00
9.13085938e-02	-4.27250046e-04	-2.33641270e+00
9.13574219e-02	-3.63868113e-04	4.93253666e+00
9.14062500e-02	-3.38782975e-05	8.58384619e+00
9.14550781e-02	3.20792939e-04	5.94348766e+00
9.15039063e-02	4.40238606e-04	-1.05099315e+00
9.15527344e-02	2.37033735e-04	-7.27227836e+00
9.16015625e-02	-1.39776471e-04	-8.16186770e+00
9.16503906e-02	-4.13997096e-04	-3.07020909e+00
9.16992188e-02	-3.84729108e-04	4.26902591e+00
9.17480469e-02	-7.35515337e-05	8.47680752e+00
9.17968750e-02	2.91388003e-04	6.47111589e+00
9.18457031e-02	4.42645288e-04	-2.75617484e-01
9.18945313e-02	2.69474585e-04	-6.81745452e+00
9.19433594e-02	-1.01087016e-04	-8.36074866e+00
9.19921875e-02	-3.97413199e-04	-3.77677177e+00
9.20410156e-02	-4.02393764e-04	3.57276781e+00
9.20898438e-02	-1.12505290e-04	8.30106407e+00
9.21386719e-02	2.59699520e-04	6.94444497e+00
9.21875000e-02	4.41440105e-04	4.99649359e-01
9.22363281e-02	2.99622635e-04	-6.30849293e+00
9.22851562e-02	-6.16916810e-05	-8.49094144e+00
9.23339844e-02	-3.77643314e-04	-4.45043746e+00
9.23828125e-02	-4.16728122e-04	2.84952373e+00
9.24316406e-02	-1.50424975e-04	8.05825319e+00
9.24804688e-02	2.25992098e-04	7.35979013e+00
9.25292969e-02	4.36643788e-04	1.26850306e+00
9.25781250e-02	3.27239655e-04	-5.74969634e+00
9.26269531e-02	-2.19129651e-05	-8.55159497e+00
9.26757813e-02	-3.54857841e-04	-5.08582715e+00
9.27246094e-02	-4.27625672e-04	2.10525680e+00
9.27734375e-02	-1.87005341e-04	7.75055195e+00
9.28222656e-02	1.90545941e-04	7.71394859e+00
9.28710938e-02	4.28306169e-04	2.02471035e+00
9.29199219e-02	3.52108685e-04	-5.14575930e+00
9.29687500e-02	1.79244867e-05	-8.54242546e+00
9.30175781e-02	-3.29251154e-04	-5.67788879e+00
9.30664063e-02	-4.35008132e-04	1.34608300e+00
9.31152344e-02	-2.21952934e-04	7.38065787e+00
9.31640625e-02	1.53654535e-04	8.00422406e+00
9.32128906e-02	4.16505692e-04	2.76215935e+00
9.32617188e-02	3.74035732e-04	-4.50172891e+00
9.33105469e-02	5.74965248e-05	-8.46371703e+00
9.33593750e-02	-3.01039960e-04	-6.22193738e+00
9.34082031e-02	-4.38826001e-04	5.78221109e-01
9.34570313e-02	-2.54988437e-04	6.95176553e+00
9.35058594e-02	1.15622225e-04	8.22844719e+00
9.35546875e-02	4.01348689e-04	3.47490878e+00
9.36035156e-02	3.92851276e-04	-3.82296282e+00
9.36523438e-02	9.64821221e-05	-8.31631773e+00
9.37011719e-02	-2.70461470e-04	-6.71369179e+00
9.37500000e-02	-4.39058879e-04	-1.92058100e-01
9.37988281e-02	-2.85848893e-04	6.46753915e+00
9.38476563e-02	7.67617190e-05	8.38499150e+00
9.38964844e-02	3.82968436e-04	4.15723563e+00
9.39453125e-02	4.08411570e-04	-3.11508486e+00
9.39941406e-02	1.34565968e-04	-8.10163100e+00
9.40429688e-02	-2.37771419e-04	-7.14930839e+00
9.40917969e-02	-4.35715541e-04	-9.58482822e-01
9.41406250e-02	-3.14289792e-04	5.93208151e+00
9.41894531e-02	3.73915214e-05	8.47278507e+00
9.42382812e-02	3.61523993e-04	4.80368098e+00
9.42871094e-02	4.20599733e-04	-2.38393866e+00
9.43359375e-02	1.71441011e-04	-7.82160262e+00
9.43847656e-02	-2.03241936e-04	-7.52541086e+00
9.44335938e-02	-4.28833781e-04	-1.71483112e+00
9.44824219e-02	-3.40086997e-04	5.34989936e+00
9.45312500e-02	-2.16666361e-06	8.49131751e+00
9.45800781e-02	3.37198838e-04	5.40909346e+00
9.46289063e-02	4.29326618e-04	-1.63553959e+00
9.46777344e-02	2.06810921e-04	-7.47870338e+00
9.47265625e-02	-1.67159284e-04	-7.83911622e+00
9.47753906e-02	-4.18480023e-04	-2.45498123e+00
9.48242188e-02	-3.63038507e-04	4.72586570e+00
9.48730469e-02	-4.15905524e-05	8.44064254e+00
9.49218750e-02	3.10199308e-04	5.96867014e+00
9.49707031e-02	4.34531454e-04	-8.76025456e-01
9.50195313e-02	2.40392467e-04	-7.07590745e+00
9.50683594e-02	-1.29821505e-04	-8.08805683e+00
9.51171875e-02	-4.04748697e-04	-3.17296096e+00
9.51660156e-02	-3.82966026e-04	4.06517916e+00
9.52148438e-02	-8.05598977e-05	8.32137586e+00
9.52636719e-02	2.80752856e-04	6.47799452e+00
9.53125000e-02	4.36182254e-04	-1.11606354e-01
9.53613281e-02	2.71917772e-04	-6.61666683e+00
9.54101563e-02	-9.15359594e-05	-8.27039802e+00
9.54589844e-02	-3.87761392e-04	-3.86299568e+00
9.55078125e-02	-3.99716342e-04	3.37332090e+00
9.55566406e-02	-1.18759081e-04	8.13468854e+00
9.56054688e-02	2.49106147e-04	6.93307118e+00
9.56542969e-02	4.34275998e-04	6.51485909e-01
9.57031250e-02	3.01136446e-04	-6.10488195e+00
9.57519531e-02	-5.26168116e-05	-8.38485148e+00
9.58007813e-02	-3.67665788e-04	-4.51955460e+00
9.58496094e-02	-4.13162500e-04	2.65600930e+00
9.58984375e-02	-1.55879658e-04	7.88229589e+00
9.59472656e-02	2.15523001e-04	7.33035701e+00
9.59960938e-02	4.28838563e-04	1.40704845e+00
9.60449219e-02	3.27817561e-04	-5.54486870e+00
9.60937500e-02	-1.33824590e-05	-8.43068411e+00
9.61425781e-02	-3.44634389e-04	-5.13739494e+00
9.61914062e-02	-4.23204751e-04	1.91915291e+00
9.62402344e-02	-1.91622844e-04	7.56644201e+00
9.62890625e-02	1.80282201e-04	7.66678863e+00
9.63378906e-02	4.19924441e-04	2.14895753e+00
9.63867188e-02	3.51751474e-04	-4.94132228e+00
9.64355469e-02	2.58470633e-05	-8.40772238e+00
9.64843750e-02	-3.18863044e-04	-5.71160363e+00
9.65332031e-02	-4.29771288e-04	1.16880196e+00
9.65820313e-02	-2.25701904e-04	7.18988001e+00
9.66308594e-02	1.43675192e-04	7.93980588e+00
9.66796875e-02	4.07616206e-04	2.87121803e+00
9.67285156e-02	3.72751463e-04	-4.29927792e+00
9.67773438e-02	6.47526828e-05	-8.31635210e+00
9.68261719e-02	-2.90569298e-04	-6.23763622e+00
9.68750000e-02	-4.32818746e-04	4.11098821e-01
9.69238281e-02	-2.57844452e-04	6.75584826e+00
9.69726563e-02	1.06003677e-04	8.14737113e+00
9.70214844e-02	3.92023767e-04	3.56801174e+00
9.70703125e-02	3.90655178e-04	-3.62406915e+00
9.71191406e-02	1.03018877e-04	-8.15751374e+00
9.71679688e-02	-2.59990559e-04	-6.71135273e+00
9.72167969e-02	-4.32332472e-04	-3.47772024e-01
9.72656250e-02	-2.87794614e-04	6.26804270e+00
9.73144531e-02	6.75771405e-05	8.28798435e+00
9.73632813e-02	3.73283399e-04	4.23374400e+00
9.74121094e-02	4.05325889e-04	-2.92128363e+00
9.74609375e-02	1.40336221e-04	-7.93269317e+00
9.75097656e-02	-2.27382120e-04	-7.12905006e+00
9.75585938e-02	-4.28326563e-04	-1.10163434e+00
9.76074219e-02	-3.15315058e-04	5.73058557e+00
9.76562500e-02	2.87103146e-05	8.36069371e+00
9.77050781e-02	3.51556561e-04	4.86308854e+00
9.77539063e-02	4.16653521e-04	-2.19671706e+00
9.78027344e-02	1.76403883e-04	-7.64390809e+00
9.78515625e-02	-1.93015034e-04	-7.48749078e+00
9.79003906e-02	-4.20843671e-04	-1.84437020e+00
9.79492188e-02	-3.40188873e-04	5.14799073e+00
9.79980469e-02	-1.02793876e-05	8.36510179e+00
9.80468750e-02	3.27028514e-04	5.45102988e+00
9.80957031e-02	4.24555474e-04	-1.45632563e+00
9.81445312e-02	2.10932042e-04	-7.29369011e+00
9.81933594e-02	-1.57173871e-04	-7.78392812e+00
9.82421875e-02	-4.09954575e-04	-2.56996948e+00
9.82910156e-02	-3.62221263e-04	4.52512594e+00
9.83398438e-02	-4.90744571e-05	8.30136722e+00
9.83886719e-02	2.99906753e-04	5.99290316e+00
9.84375000e-02	4.28977213e-04	-7.06177158e-01
9.84863281e-02	2.43644206e-04	-6.88506280e+00
9.85351563e-02	-1.20154370e-04	-8.01612687e+00
9.85839844e-02	-3.95757525e-04	-3.27257833e+00
9.86328125e-02	-3.81241069e-04	3.86717233e+00
9.86816406e-02	-8.73598648e-05	8.17020181e+00
9.87304688e-02	2.70419258e-04	6.48443106e+00
9.87792969e-02	4.29892633e-04	4.75984010e-02
9.88281250e-02	2.74279417e-04	-6.42151574e+00
9.88769531e-02	-8.22610080e-05	-8.18238006e+00
9.89257813e-02	-3.78377372e-04	-3.94654621e+00
9.89746094e-02	-3.97102096e-04	3.17958153e+00
9.90234375e-02	-1.24825612e-04	7.97286324e+00
9.90722656e-02	2.38812586e-04	6.92175733e+00
9.91210938e-02	4.27304193e-04	7.98858917e-01
9.91699219e-02	3.02594330e-04	-5.90697491e+00
9.92187500e-02	-4.38045041e-05	-8.28152133e+00
9.92675781e-02	-3.57964479e-04	-4.58647124e+00
9.93164063e-02	-4.09684220e-04	2.46803063e+00
9.93652344e-02	-1.61169231e-04	7.71114335e+00
9.94140625e-02	2.05349821e-04	7.30147700e+00
9.94628906e-02	4.21242813e-04	1.54149995e+00
9.95117188e-02	3.28365135e-04	-5.34576961e+00
9.95605469e-02	-5.09928199e-06	-8.31293292e+00
9.96093750e-02	-3.34693427e-04	-5.18724326e+00
9.96582031e-02	-4.18894300e-04	1.73837548e+00
9.97070313e-02	-1.96098219e-04	7.38735203e+00
9.97558594e-02	1.70308391e-04	7.62066270e+00
9.98046875e-02	4.11767543e-04	2.26950418e+00
9.98535156e-02	3.51389320e-04	-4.74259618e+00
9.99023438e-02	3.35390936e-05	-8.27654910e+00
9.99511719e-02	-3.08761533e-04	-5.74408455e+00
1.00000000e-01	-4.24666852e-04	9.96602666e-01
