0.00000000e+00	0.00000000e+00	8.90801739e-05
4.88281250e-05	4.34964869e-09	8.90814366e-05
9.76562500e-05	8.69939828e-09	8.90843064e-05
1.46484375e-04	1.30493342e-08	8.90890684e-05
1.95312500e-04	1.73995487e-08	8.90957187e-05
2.44140625e-04	2.17501341e-08	8.91042593e-05
2.92968750e-04	2.61011827e-08	8.91146918e-05
3.41796875e-04	3.04527869e-08	8.91270171e-05
3.90625000e-04	3.48050392e-08	8.91412360e-05
4.39453125e-04	3.91580320e-08	8.91573493e-05
4.88281250e-04	4.35118579e-08	8.91753576e-05
5.37109375e-04	4.78666093e-08	8.91952613e-05
5.85937500e-04	5.22223789e-08	8.92170613e-05
6.34765625e-04	5.65792593e-08	8.92407580e-05
6.83593750e-04	6.09373430e-08	8.92663520e-05
7.32421875e-04	6.52967228e-08	8.92938442e-05
7.81250000e-04	6.96574913e-08	8.93232351e-05
8.30078125e-04	7.40197413e-08	8.93545255e-05
8.78906250e-04	7.83835656e-08	8.93877162e-05
9.27734375e-04	8.27490569e-08	8.94228080e-05
9.76562500e-04	8.71163081e-08	8.94598017e-05
1.02539063e-03	9.14854121e-08	8.94986982e-05
1.07421875e-03	9.58564619e-08	8.95394986e-05
1.12304688e-03	1.00229550e-07	8.95822036e-05
1.17187500e-03	1.04604770e-07	8.96268145e-05
1.22070312e-03	1.08982215e-07	8.96733321e-05
1.26953125e-03	1.13361978e-07	8.97217578e-05
1.31835938e-03	1.17744152e-07	8.97720925e-05
1.36718750e-03	1.22128831e-07	8.98243375e-05
1.41601563e-03	1.26516107e-07	8.98784941e-05
1.46484375e-03	1.30906074e-07	8.99345635e-05
1.51367188e-03	1.35298826e-07	8.99925471e-05
1.56250000e-03	1.39694456e-07	9.00524462e-05
1.61132813e-03	1.44093057e-07	9.01142623e-05
1.66015625e-03	1.48494724e-07	9.01779967e-05
1.70898438e-03	1.52899549e-07	9.02436512e-05
1.75781250e-03	1.57307627e-07	9.03112271e-05
1.80664063e-03	1.61719052e-07	9.03807260e-05
1.85546875e-03	1.66133917e-07	9.04521498e-05
1.90429688e-03	1.70552316e-07	9.05254999e-05
1.95312500e-03	1.74974345e-07	9.06007782e-05
2.00195313e-03	1.79400096e-07	9.06779865e-05
2.05078125e-03	1.83829664e-07	9.07571265e-05
2.09960937e-03	1.88263144e-07	9.08382001e-05
2.14843750e-03	1.92700629e-07	9.09212093e-05
2.19726562e-03	1.97142215e-07	9.10061561e-05
2.24609375e-03	2.01587996e-07	9.10930423e-05
2.29492188e-03	2.06038068e-07	9.11818702e-05
2.34375000e-03	2.10492523e-07	9.12726417e-05
2.39257813e-03	2.14951459e-07	9.13653591e-05
2.44140625e-03	2.19414969e-07	9.14600245e-05
2.49023438e-03	2.23883150e-07	9.15566402e-05
2.53906250e-03	2.28356095e-07	9.16552084e-05
2.58789063e-03	2.32833901e-07	9.17557315e-05
2.63671875e-03	2.37316664e-07	9.18582119e-05
2.68554688e-03	2.41804478e-07	9.19626519e-05
2.73437500e-03	2.46297439e-07	9.20690541e-05
2.78320313e-03	2.50795644e-07	9.21774210e-05
2.83203125e-03	2.55299189e-07	9.22877551e-05
2.88085938e-03	2.59808168e-07	9.24000591e-05
2.92968750e-03	2.64322680e-07	9.25143355e-05
2.97851563e-03	2.68842820e-07	9.26305872e-05
3.02734375e-03	2.73368684e-07	9.27488167e-05
3.07617188e-03	2.77900370e-07	9.28690271e-05
3.12500000e-03	2.82437973e-07	9.29912210e-05
3.17382812e-03	2.86981592e-07	9.31154014e-05
3.22265625e-03	2.91531323e-07	9.32415712e-05
3.27148438e-03	2.96087263e-07	9.33697334e-05
3.32031250e-03	3.00649510e-07	9.34998911e-05
3.36914063e-03	3.05218160e-07	9.36320472e-05
3.41796875e-03	3.09793313e-07	9.37662050e-05
3.46679688e-03	3.14375065e-07	9.39023676e-05
3.51562500e-03	3.18963515e-07	9.40405382e-05
3.56445313e-03	3.23558761e-07	9.41807201e-05
3.61328125e-03	3.28160900e-07	9.43229166e-05
3.66210938e-03	3.32770032e-07	9.44671311e-05
3.71093750e-03	3.37386255e-07	9.46133669e-05
3.75976563e-03	3.42009668e-07	9.47616276e-05
3.80859375e-03	3.46640370e-07	9.49119167e-05
3.85742188e-03	3.51278460e-07	9.50642377e-05
3.90625000e-03	3.55924037e-07	9.52185941e-05
3.95507812e-03	3.60577201e-07	9.53749898e-05
4.00390625e-03	3.65238051e-07	9.55334282e-05
4.05273438e-03	3.69906687e-07	9.56939133e-05
4.10156250e-03	3.74583209e-07	9.58564488e-05
4.15039062e-03	3.79267718e-07	9.60210386e-05
4.19921875e-03	3.83960314e-07	9.61876865e-05
4.24804688e-03	3.88661097e-07	9.63563964e-05
4.29687500e-03	3.93370169e-07	9.65271725e-05
4.34570313e-03	3.98087630e-07	9.67000187e-05
4.39453125e-03	4.02813581e-07	9.68749391e-05
4.44335937e-03	4.07548124e-07	9.70519378e-05
4.49218750e-03	4.12291360e-07	9.72310191e-05
4.54101563e-03	4.17043391e-07	9.74121871e-05
4.58984375e-03	4.21804320e-07	9.75954462e-05
4.63867188e-03	4.26574248e-07	9.77808007e-05
4.68750000e-03	4.31353277e-07	9.79682550e-05
4.73632813e-03	4.36141512e-07	9.81578135e-05
4.78515625e-03	4.40939053e-07	9.83494807e-05
4.83398438e-03	4.45746005e-07	9.85432612e-05
4.88281250e-03	4.50562470e-07	9.87391595e-05
4.93164063e-03	4.55388552e-07	9.89371802e-05
4.98046875e-03	4.60224356e-07	9.91373281e-05
5.02929688e-03	4.65069984e-07	9.93396079e-05
5.07812500e-03	4.69925542e-07	9.95440244e-05
5.12695312e-03	4.74791133e-07	9.97505825e-05
5.17578125e-03	4.79666862e-07	9.99592869e-05
5.22460938e-03	4.84552834e-07	1.00170143e-04
5.27343750e-03	4.89449155e-07	1.00383155e-04
5.32226563e-03	4.94355929e-07	1.00598328e-04
5.37109375e-03	4.99273263e-07	1.00815668e-04
5.41992188e-03	5.04201263e-07	1.01035180e-04
5.46875000e-03	5.09140033e-07	1.01256868e-04
5.51757813e-03	5.14089682e-07	1.01480739e-04
5.56640625e-03	5.19050315e-07	1.01706797e-04
5.61523438e-03	5.24022040e-07	1.01935048e-04
5.66406250e-03	5.29004963e-07	1.02165496e-04
5.71289063e-03	5.33999193e-07	1.02398149e-04
5.76171875e-03	5.39004836e-07	1.02633010e-04
5.81054688e-03	5.44022002e-07	1.02870087e-04
5.85937500e-03	5.49050798e-07	1.03109383e-04
5.90820313e-03	5.54091332e-07	1.03350905e-04
5.95703125e-03	5.59143714e-07	1.03594660e-04
6.00585938e-03	5.64208053e-07	1.03840651e-04
6.05468750e-03	5.69284457e-07	1.04088886e-04
6.10351562e-03	5.74373038e-07	1.04339370e-04
6.15234375e-03	5.79473904e-07	1.04592109e-04
6.20117188e-03	5.84587166e-07	1.04847109e-04
6.25000000e-03	5.89712935e-07	1.05104377e-04
6.29882813e-03	5.94851321e-07	1.05363917e-04
6.34765625e-03	6.00002435e-07	1.05625737e-04
6.39648438e-03	6.05166390e-07	1.05889843e-04
6.44531250e-03	6.10343296e-07	1.06156240e-04
6.49414063e-03	6.15533267e-07	1.06424936e-04
6.54296875e-03	6.20736413e-07	1.06695936e-04
6.59179688e-03	6.25952848e-07	1.06969247e-04
6.64062500e-03	6.31182685e-07	1.07244876e-04
6.68945313e-03	6.36426037e-07	1.07522828e-04
6.73828125e-03	6.41683018e-07	1.07803111e-04
6.78710938e-03	6.46953742e-07	1.08085731e-04
6.83593750e-03	6.52238322e-07	1.08370695e-04
6.88476563e-03	6.57536875e-07	1.08658010e-04
6.93359375e-03	6.62849514e-07	1.08947682e-04
6.98242188e-03	6.68176355e-07	1.09239719e-04
7.03125000e-03	6.73517513e-07	1.09534127e-04
7.08007812e-03	6.78873105e-07	1.09830913e-04
7.12890625e-03	6.84243246e-07	1.10130085e-04
7.17773438e-03	6.89628054e-07	1.10431648e-04
7.22656250e-03	6.95027646e-07	1.10735612e-04
7.27539063e-03	7.00442138e-07	1.11041982e-04
7.32421875e-03	7.05871648e-07	1.11350766e-04
7.37304688e-03	7.11316295e-07	1.11661971e-04
7.42187500e-03	7.16776197e-07	1.11975606e-04
7.47070313e-03	7.22251472e-07	1.12291676e-04
7.51953125e-03	7.27742240e-07	1.12610190e-04
7.56835938e-03	7.33248621e-07	1.12931155e-04
7.61718750e-03	7.38770734e-07	1.13254580e-04
7.66601563e-03	7.44308699e-07	1.13580470e-04
7.71484375e-03	7.49862637e-07	1.13908835e-04
7.76367188e-03	7.55432669e-07	1.14239682e-04
7.81250000e-03	7.61018917e-07	1.14573019e-04
7.86132813e-03	7.66621501e-07	1.14908854e-04
7.91015625e-03	7.72240545e-07	1.15247194e-04
7.95898438e-03	7.77876171e-07	1.15588048e-04
8.00781250e-03	7.83528502e-07	1.15931425e-04
8.05664062e-03	7.89197661e-07	1.16277331e-04
8.10546875e-03	7.94883772e-07	1.16625775e-04
8.15429687e-03	8.00586960e-07	1.16976767e-04
8.20312500e-03	8.06307347e-07	1.17330313e-04
8.25195313e-03	8.12045060e-07	1.17686422e-04
8.30078125e-03	8.17800225e-07	1.18045103e-04
8.34960938e-03	8.23572966e-07	1.18406364e-04
8.39843750e-03	8.29363409e-07	1.18770214e-04
8.44726563e-03	8.35171683e-07	1.19136662e-04
8.49609375e-03	8.40997913e-07	1.19505716e-04
8.54492188e-03	8.46842227e-07	1.19877385e-04
8.59375000e-03	8.52704753e-07	1.20251677e-04
8.64257812e-03	8.58585619e-07	1.20628603e-04
8.69140625e-03	8.64484954e-07	1.21008169e-04
8.74023438e-03	8.70402887e-07	1.21390387e-04
8.78906250e-03	8.76339549e-07	1.21775264e-04
8.83789063e-03	8.82295068e-07	1.22162811e-04
8.88671875e-03	8.88269576e-07	1.22553035e-04
8.93554688e-03	8.94263204e-07	1.22945946e-04
8.98437500e-03	9.00276082e-07	1.23341555e-04
9.03320312e-03	9.06308343e-07	1.23739869e-04
9.08203125e-03	9.12360120e-07	1.24140900e-04
9.13085937e-03	9.18431545e-07	1.24544655e-04
9.17968750e-03	9.24522751e-07	1.24951145e-04
9.22851563e-03	9.30633872e-07	1.25360379e-04
9.27734375e-03	9.36765043e-07	1.25772368e-04
9.32617188e-03	9.42916397e-07	1.26187120e-04
9.37500000e-03	9.49088071e-07	1.26604646e-04
9.42382813e-03	9.55280200e-07	1.27024956e-04
9.47265625e-03	9.61492920e-07	1.27448060e-04
9.52148438e-03	9.67726368e-07	1.27873967e-04
9.57031250e-03	9.73980681e-07	1.28302688e-04
9.61914063e-03	9.80255997e-07	1.28734234e-04
9.66796875e-03	9.86552453e-07	1.29168613e-04
9.71679688e-03	9.92870188e-07	1.29605838e-04
9.76562500e-03	9.99209343e-07	1.30045917e-04
9.81445313e-03	1.00557005e-06	1.30488863e-04
9.86328125e-03	1.01195247e-06	1.30934684e-04
9.91210938e-03	1.01835672e-06	1.31383392e-04
9.96093750e-03	1.02478295e-06	1.31834997e-04
1.00097656e-02	1.03123130e-06	1.32289511e-04
1.00585938e-02	1.03770191e-06	1.32746944e-04
1.01074219e-02	1.04419494e-06	1.33207306e-04
1.01562500e-02	1.05071051e-06	1.33670610e-04
1.02050781e-02	1.05724878e-06	1.34136865e-04
1.02539062e-02	1.06380989e-06	1.34606083e-04
1.03027344e-02	1.07039398e-06	1.35078275e-04
1.03515625e-02	1.07700120e-06	1.35553453e-04
1.04003906e-02	1.08363169e-06	1.36031627e-04
1.04492188e-02	1.09028561e-06	1.36512810e-04
1.04980469e-02	1.09696310e-06	1.36997012e-04
1.05468750e-02	1.10366430e-06	1.37484245e-04
1.05957031e-02	1.11038937e-06	1.37974521e-04
1.06445313e-02	1.11713845e-06	1.38467851e-04
1.06933594e-02	1.12391169e-06	1.38964248e-04
1.07421875e-02	1.13070925e-06	1.39463722e-04
1.07910156e-02	1.13753127e-06	1.39966286e-04
1.08398438e-02	1.14437791e-06	1.40471952e-04
1.08886719e-02	1.15124931e-06	1.40980732e-04
1.09375000e-02	1.15814563e-06	1.41492638e-04
1.09863281e-02	1.16506703e-06	1.42007682e-04
1.10351563e-02	1.17201365e-06	1.42525877e-04
1.10839844e-02	1.17898565e-06	1.43047235e-04
1.11328125e-02	1.18598318e-06	1.43571768e-04
1.11816406e-02	1.19300641e-06	1.44099488e-04
1.12304688e-02	1.20005548e-06	1.44630409e-04
1.12792969e-02	1.20713055e-06	1.45164543e-04
1.13281250e-02	1.21423178e-06	1.45701903e-04
1.13769531e-02	1.22135933e-06	1.46242502e-04
1.14257813e-02	1.22851335e-06	1.46786351e-04
1.14746094e-02	1.23569401e-06	1.47333466e-04
1.15234375e-02	1.24290147e-06	1.47883858e-04
1.15722656e-02	1.25013588e-06	1.48437540e-04
1.16210938e-02	1.25739740e-06	1.48994527e-04
1.16699219e-02	1.26468621e-06	1.49554830e-04
1.17187500e-02	1.27200245e-06	1.50118464e-04
1.17675781e-02	1.27934629e-06	1.50685442e-04
1.18164063e-02	1.28671791e-06	1.51255778e-04
1.18652344e-02	1.29411745e-06	1.51829484e-04
1.19140625e-02	1.30154509e-06	1.52406576e-04
1.19628906e-02	1.30900099e-06	1.52987066e-04
1.20117188e-02	1.31648531e-06	1.53570968e-04
1.20605469e-02	1.32399823e-06	1.54158297e-04
1.21093750e-02	1.33153992e-06	1.54749066e-04
1.21582031e-02	1.33911053e-06	1.55343290e-04
1.22070312e-02	1.34671025e-06	1.55940983e-04
1.22558594e-02	1.35433923e-06	1.56542158e-04
1.23046875e-02	1.36199765e-06	1.57146831e-04
1.23535156e-02	1.36968568e-06	1.57755016e-04
1.24023438e-02	1.37740350e-06	1.58366726e-04
1.24511719e-02	1.38515127e-06	1.58981978e-04
1.25000000e-02	1.39292917e-06	1.59600786e-04
1.25488281e-02	1.40073737e-06	1.60223164e-04
1.25976563e-02	1.40857605e-06	1.60849127e-04
1.26464844e-02	1.41644538e-06	1.61478690e-04
1.26953125e-02	1.42434554e-06	1.62111869e-04
1.27441406e-02	1.43227671e-06	1.62748678e-04
1.27929688e-02	1.44023906e-06	1.63389133e-04
1.28417969e-02	1.44823277e-06	1.64033249e-04
1.28906250e-02	1.45625802e-06	1.64681041e-04
1.29394531e-02	1.46431499e-06	1.65332525e-04
1.29882813e-02	1.47240386e-06	1.65987716e-04
1.30371094e-02	1.48052482e-06	1.66646631e-04
1.30859375e-02	1.48867804e-06	1.67309284e-04
1.31347656e-02	1.49686371e-06	1.67975692e-04
1.31835938e-02	1.50508201e-06	1.68645871e-04
1.32324219e-02	1.51333312e-06	1.69319836e-04
1.32812500e-02	1.52161724e-06	1.69997604e-04
1.33300781e-02	1.52993455e-06	1.70679192e-04
1.33789063e-02	1.53828523e-06	1.71364614e-04
1.34277344e-02	1.54666947e-06	1.72053888e-04
1.34765625e-02	1.55508746e-06	1.72747031e-04
1.35253906e-02	1.56353939e-06	1.73444058e-04
1.35742188e-02	1.57202545e-06	1.74144987e-04
1.36230469e-02	1.58054583e-06	1.74849834e-04
1.36718750e-02	1.58910072e-06	1.75558616e-04
1.37207031e-02	1.59769032e-06	1.76271350e-04
1.37695313e-02	1.60631482e-06	1.76988054e-04
1.38183594e-02	1.61497441e-06	1.77708744e-04
1.38671875e-02	1.62366929e-06	1.78433437e-04
1.39160156e-02	1.63239965e-06	1.79162151e-04
1.39648438e-02	1.64116569e-06	1.79894904e-04
1.40136719e-02	1.64996761e-06	1.80631713e-04
1.40625000e-02	1.65880561e-06	1.81372595e-04
1.41113281e-02	1.66767988e-06	1.82117569e-04
1.41601562e-02	1.67659062e-06	1.82866652e-04
1.42089844e-02	1.68553805e-06	1.83619862e-04
1.42578125e-02	1.69452235e-06	1.84377217e-04
1.43066406e-02	1.70354374e-06	1.85138736e-04
1.43554688e-02	1.71260241e-06	1.85904436e-04
1.44042969e-02	1.72169857e-06	1.86674336e-04
1.44531250e-02	1.73083243e-06	1.87448455e-04
1.45019531e-02	1.74000419e-06	1.88226810e-04
1.45507813e-02	1.74921406e-06	1.89009422e-04
1.45996094e-02	1.75846224e-06	1.89796307e-04
1.46484375e-02	1.76774896e-06	1.90587486e-04
1.46972656e-02	1.77707441e-06	1.91382977e-04
1.47460938e-02	1.78643881e-06	1.92182800e-04
1.47949219e-02	1.79584237e-06	1.92986973e-04
1.48437500e-02	1.80528530e-06	1.93795515e-04
1.48925781e-02	1.81476782e-06	1.94608447e-04
1.49414063e-02	1.82429014e-06	1.95425788e-04
1.49902344e-02	1.83385247e-06	1.96247557e-04
1.50390625e-02	1.84345504e-06	1.97073774e-04
1.50878906e-02	1.85309807e-06	1.97904458e-04
1.51367188e-02	1.86278176e-06	1.98739631e-04
1.51855469e-02	1.87250635e-06	1.99579311e-04
1.52343750e-02	1.88227204e-06	2.00423520e-04
1.52832031e-02	1.89207907e-06	2.01272276e-04
1.53320313e-02	1.90192765e-06	2.02125602e-04
1.53808594e-02	1.91181801e-06	2.02983516e-04
1.54296875e-02	1.92175037e-06	2.03846040e-04
1.54785156e-02	1.93172496e-06	2.04713195e-04
1.55273438e-02	1.94174200e-06	2.05585000e-04
1.55761719e-02	1.95180173e-06	2.06461478e-04
1.56250000e-02	1.96190437e-06	2.07342650e-04
1.56738281e-02	1.97205015e-06	2.08228535e-04
1.57226563e-02	1.98223931e-06	2.09119157e-04
1.57714844e-02	1.99247206e-06	2.10014535e-04
1.58203125e-02	2.00274866e-06	2.10914692e-04
1.58691406e-02	2.01306932e-06	2.11819649e-04
1.59179688e-02	2.02343429e-06	2.12729429e-04
1.59667969e-02	2.03384379e-06	2.13644052e-04
1.60156250e-02	2.04429808e-06	2.14563541e-04
1.60644531e-02	2.05479738e-06	2.15487918e-04
1.61132812e-02	2.06534194e-06	2.16417205e-04
1.61621094e-02	2.07593200e-06	2.17351425e-04
1.62109375e-02	2.08656779e-06	2.18290599e-04
1.62597656e-02	2.09724956e-06	2.19234751e-04
1.63085937e-02	2.10797755e-06	2.20183904e-04
1.63574219e-02	2.11875202e-06	2.21138079e-04
1.64062500e-02	2.12957319e-06	2.22097301e-04
1.64550781e-02	2.14044133e-06	2.23061592e-04
1.65039063e-02	2.15135668e-06	2.24030975e-04
1.65527344e-02	2.16231948e-06	2.25005473e-04
1.66015625e-02	2.17332999e-06	2.25985111e-04
1.66503906e-02	2.18438846e-06	2.26969911e-04
1.66992188e-02	2.19549515e-06	2.27959898e-04
1.67480469e-02	2.20665030e-06	2.28955095e-04
1.67968750e-02	2.21785417e-06	2.29955527e-04
1.68457031e-02	2.22910702e-06	2.30961216e-04
1.68945313e-02	2.24040911e-06	2.31972188e-04
1.69433594e-02	2.25176069e-06	2.32988466e-04
1.69921875e-02	2.26316202e-06	2.34010076e-04
1.70410156e-02	2.27461336e-06	2.35037042e-04
1.70898438e-02	2.28611499e-06	2.36069389e-04
1.71386719e-02	2.29766715e-06	2.37107141e-04
1.71875000e-02	2.30927011e-06	2.38150323e-04
1.72363281e-02	2.32092415e-06	2.39198961e-04
1.72851562e-02	2.33262952e-06	2.40253080e-04
1.73339844e-02	2.34438650e-06	2.41312705e-04
1.73828125e-02	2.35619535e-06	2.42377861e-04
1.74316406e-02	2.36805635e-06	2.43448576e-04
1.74804688e-02	2.37996976e-06	2.44524873e-04
1.75292969e-02	2.39193587e-06	2.45606780e-04
1.75781250e-02	2.40395494e-06	2.46694322e-04
1.76269531e-02	2.41602725e-06	2.47787526e-04
1.76757813e-02	2.42815307e-06	2.48886417e-04
1.77246094e-02	2.44033270e-06	2.49991023e-04
1.77734375e-02	2.45256640e-06	2.51101370e-04
1.78222656e-02	2.46485446e-06	2.52217485e-04
1.78710938e-02	2.47719716e-06	2.53339394e-04
1.79199219e-02	2.48959478e-06	2.54467125e-04
1.79687500e-02	2.50204760e-06	2.55600705e-04
1.80175781e-02	2.51455593e-06	2.56740161e-04
1.80664062e-02	2.52712003e-06	2.57885521e-04
1.81152344e-02	2.53974020e-06	2.59036813e-04
1.81640625e-02	2.55241674e-06	2.60194064e-04
1.82128906e-02	2.56514993e-06	2.61357302e-04
1.82617187e-02	2.57794006e-06	2.62526555e-04
1.83105469e-02	2.59078743e-06	2.63701852e-04
1.83593750e-02	2.60369234e-06	2.64883220e-04
1.84082031e-02	2.61665508e-06	2.66070689e-04
1.84570313e-02	2.62967596e-06	2.67264287e-04
1.85058594e-02	2.64275526e-06	2.68464042e-04
1.85546875e-02	2.65589330e-06	2.69669985e-04
1.86035156e-02	2.66909037e-06	2.70882143e-04
1.86523438e-02	2.68234679e-06	2.72100547e-04
1.87011719e-02	2.69566285e-06	2.73325225e-04
1.87500000e-02	2.70903886e-06	2.74556208e-04
1.87988281e-02	2.72247513e-06	2.75793524e-04
1.88476563e-02	2.73597197e-06	2.77037204e-04
1.88964844e-02	2.74952970e-06	2.78287279e-04
1.89453125e-02	2.76314862e-06	2.79543777e-04
1.89941406e-02	2.77682905e-06	2.80806730e-04
1.90429688e-02	2.79057131e-06	2.82076168e-04
1.90917969e-02	2.80437571e-06	2.83352122e-04
1.91406250e-02	2.81824258e-06	2.84634622e-04
1.91894531e-02	2.83217223e-06	2.85923700e-04
1.92382813e-02	2.84616498e-06	2.87219386e-04
1.92871094e-02	2.86022116e-06	2.88521713e-04
1.93359375e-02	2.87434109e-06	2.89830711e-04
1.93847656e-02	2.88852510e-06	2.91146412e-04
1.94335938e-02	2.90277352e-06	2.92468849e-04
1.94824219e-02	2.91708668e-06	2.93798052e-04
1.95312500e-02	2.93146490e-06	2.95134055e-04
1.95800781e-02	2.94590853e-06	2.96476890e-04
1.96289063e-02	2.96041789e-06	2.97826588e-04
1.96777344e-02	2.97499332e-06	2.99183183e-04
1.97265625e-02	2.98963517e-06	3.00546707e-04
1.97753906e-02	3.00434376e-06	3.01917194e-04
1.98242188e-02	3.01911944e-06	3.03294677e-04
1.98730469e-02	3.03396255e-06	3.04679189e-04
1.99218750e-02	3.04887344e-06	3.06070763e-04
1.99707031e-02	3.06385245e-06	3.07469434e-04
2.00195312e-02	3.07889992e-06	3.08875235e-04
2.00683594e-02	3.09401622e-06	3.10288200e-04
2.01171875e-02	3.10920168e-06	3.11708363e-04
2.01660156e-02	3.12445667e-06	3.13135760e-04
2.02148438e-02	3.13978152e-06	3.14570423e-04
2.02636719e-02	3.15517661e-06	3.16012389e-04
2.03125000e-02	3.17064229e-06	3.17461692e-04
2.03613281e-02	3.18617891e-06	3.18918367e-04
2.04101563e-02	3.20178684e-06	3.20382449e-04
2.04589844e-02	3.21746644e-06	3.21853975e-04
2.05078125e-02	3.23321807e-06	3.23332979e-04
2.05566406e-02	3.24904211e-06	3.24819497e-04
2.06054688e-02	3.26493891e-06	3.26313567e-04
2.06542969e-02	3.28090885e-06	3.27815223e-04
2.07031250e-02	3.29695230e-06	3.29324502e-04
2.07519531e-02	3.31306964e-06	3.30841441e-04
2.08007813e-02	3.32926123e-06	3.32366076e-04
2.08496094e-02	3.34552745e-06	3.33898445e-04
2.08984375e-02	3.36186869e-06	3.35438585e-04
2.09472656e-02	3.37828532e-06	3.36986532e-04
2.09960938e-02	3.39477772e-06	3.38542326e-04
2.10449219e-02	3.41134628e-06	3.40106003e-04
2.10937500e-02	3.42799139e-06	3.41677601e-04
2.11425781e-02	3.44471343e-06	3.43257158e-04
2.11914063e-02	3.46151279e-06	3.44844713e-04
2.12402344e-02	3.47838987e-06	3.46440305e-04
2.12890625e-02	3.49534505e-06	3.48043972e-04
2.13378906e-02	3.51237873e-06	3.49655752e-04
2.13867188e-02	3.52949132e-06	3.51275686e-04
2.14355469e-02	3.54668320e-06	3.52903812e-04
2.14843750e-02	3.56395478e-06	3.54540170e-04
2.15332031e-02	3.58130647e-06	3.56184800e-04
2.15820313e-02	3.59873866e-06	3.57837742e-04
2.16308594e-02	3.61625176e-06	3.59499035e-04
2.16796875e-02	3.63384619e-06	3.61168721e-04
2.17285156e-02	3.65152235e-06	3.62846839e-04
2.17773438e-02	3.66928066e-06	3.64533430e-04
2.18261719e-02	3.68712153e-06	3.66228537e-04
2.18750000e-02	3.70504537e-06	3.67932199e-04
2.19238281e-02	3.72305261e-06	3.69644458e-04
2.19726562e-02	3.74114367e-06	3.71365355e-04
2.20214844e-02	3.75931897e-06	3.73094933e-04
2.20703125e-02	3.77757894e-06	3.74833234e-04
2.21191406e-02	3.79592400e-06	3.76580300e-04
2.21679688e-02	3.81435457e-06	3.78336173e-04
2.22167969e-02	3.83287110e-06	3.80100896e-04
2.22656250e-02	3.85147402e-06	3.81874511e-04
2.23144531e-02	3.87016376e-06	3.83657063e-04
2.23632813e-02	3.88894075e-06	3.85448595e-04
2.24121094e-02	3.90780544e-06	3.87249149e-04
2.24609375e-02	3.92675827e-06	3.89058770e-04
2.25097656e-02	3.94579968e-06	3.90877502e-04
2.25585938e-02	3.96493012e-06	3.92705389e-04
2.26074219e-02	3.98415004e-06	3.94542476e-04
2.26562500e-02	4.00345989e-06	3.96388806e-04
2.27050781e-02	4.02286011e-06	3.98244427e-04
2.27539063e-02	4.04235117e-06	4.00109381e-04
2.28027344e-02	4.06193353e-06	4.01983715e-04
2.28515625e-02	4.08160763e-06	4.03867475e-04
2.29003906e-02	4.10137394e-06	4.05760706e-04
2.29492188e-02	4.12123293e-06	4.07663454e-04
2.29980469e-02	4.14118506e-06	4.09575766e-04
2.30468750e-02	4.16123080e-06	4.11497688e-04
2.30957031e-02	4.18137061e-06	4.13429267e-04
2.31445313e-02	4.20160498e-06	4.15370551e-04
2.31933594e-02	4.22193438e-06	4.17321586e-04
2.32421875e-02	4.24235929e-06	4.19282420e-04
2.32910156e-02	4.26288017e-06	4.21253100e-04
2.33398438e-02	4.28349752e-06	4.23233676e-04
2.33886719e-02	4.30421183e-06	4.25224194e-04
2.34375000e-02	4.32502357e-06	4.27224704e-04
2.34863281e-02	4.34593324e-06	4.29235254e-04
2.35351563e-02	4.36694132e-06	4.31255894e-04
2.35839844e-02	4.38804832e-06	4.33286672e-04
2.36328125e-02	4.40925472e-06	4.35327638e-04
2.36816406e-02	4.43056103e-06	4.37378842e-04
2.37304688e-02	4.45196775e-06	4.39440334e-04
2.37792969e-02	4.47347538e-06	4.41512165e-04
2.38281250e-02	4.49508443e-06	4.43594383e-04
2.38769531e-02	4.51679540e-06	4.45687042e-04
2.39257812e-02	4.53860881e-06	4.47790191e-04
2.39746094e-02	4.56052517e-06	4.49903881e-04
2.40234375e-02	4.58254499e-06	4.52028165e-04
2.40722656e-02	4.60466880e-06	4.54163095e-04
2.41210938e-02	4.62689712e-06	4.56308721e-04
2.41699219e-02	4.64923046e-06	4.58465098e-04
2.42187500e-02	4.67166936e-06	4.60632276e-04
2.42675781e-02	4.69421435e-06	4.62810310e-04
2.43164063e-02	4.71686595e-06	4.64999253e-04
2.43652344e-02	4.73962470e-06	4.67199157e-04
2.44140625e-02	4.76249114e-06	4.69410077e-04
2.44628906e-02	4.78546580e-06	4.71632066e-04
2.45117188e-02	4.80854923e-06	4.73865179e-04
2.45605469e-02	4.83174197e-06	4.76109471e-04
2.46093750e-02	4.85504457e-06	4.78364996e-04
2.46582031e-02	4.87845757e-06	4.80631809e-04
2.47070313e-02	4.90198154e-06	4.82909965e-04
2.47558594e-02	4.92561703e-06	4.85199521e-04
2.48046875e-02	4.94936459e-06	4.87500533e-04
2.48535156e-02	4.97322478e-06	4.89813055e-04
2.49023438e-02	4.99719818e-06	4.92137146e-04
2.49511719e-02	5.02128534e-06	4.94472862e-04
2.50000000e-02	5.04548683e-06	4.96820259e-04
2.50488281e-02	5.06980323e-06	4.99179396e-04
2.50976563e-02	5.09423510e-06	5.01550330e-04
2.51464844e-02	5.11878304e-06	5.03933119e-04
2.51953125e-02	5.14344761e-06	5.06327821e-04
2.52441406e-02	5.16822941e-06	5.08734494e-04
2.52929688e-02	5.19312901e-06	5.11153199e-04
2.53417969e-02	5.21814701e-06	5.13583993e-04
2.53906250e-02	5.24328399e-06	5.16026936e-04
2.54394531e-02	5.26854056e-06	5.18482088e-04
2.54882813e-02	5.29391731e-06	5.20949510e-04
2.55371094e-02	5.31941484e-06	5.23429260e-04
2.55859375e-02	5.34503375e-06	5.25921401e-04
2.56347656e-02	5.37077465e-06	5.28425994e-04
2.56835938e-02	5.39663816e-06	5.30943098e-04
2.57324219e-02	5.42262487e-06	5.33472777e-04
2.57812500e-02	5.44873542e-06	5.36015091e-04
2.58300781e-02	5.47497041e-06	5.38570104e-04
2.58789062e-02	5.50133046e-06	5.41137877e-04
2.59277344e-02	5.52781621e-06	5.43718474e-04
2.59765625e-02	5.55442829e-06	5.46311958e-04
2.60253906e-02	5.58116731e-06	5.48918392e-04
2.60742188e-02	5.60803392e-06	5.51537840e-04
2.61230469e-02	5.63502874e-06	5.54170367e-04
2.61718750e-02	5.66215244e-06	5.56816036e-04
2.62207031e-02	5.68940563e-06	5.59474913e-04
2.62695313e-02	5.71678898e-06	5.62147063e-04
2.63183594e-02	5.74430313e-06	5.64832551e-04
2.63671875e-02	5.77194874e-06	5.67531443e-04
2.64160156e-02	5.79972645e-06	5.70243806e-04
2.64648438e-02	5.82763694e-06	5.72969705e-04
2.65136719e-02	5.85568086e-06	5.75709207e-04
2.65625000e-02	5.88385888e-06	5.78462380e-04
2.66113281e-02	5.91217166e-06	5.81229292e-04
2.66601563e-02	5.94061989e-06	5.84010009e-04
2.67089844e-02	5.96920423e-06	5.86804600e-04
2.67578125e-02	5.99792536e-06	5.89613134e-04
2.68066406e-02	6.02678398e-06	5.92435680e-04
2.68554688e-02	6.05578075e-06	5.95272307e-04
2.69042969e-02	6.08491638e-06	5.98123084e-04
2.69531250e-02	6.11419156e-06	6.00988081e-04
2.70019531e-02	6.14360698e-06	6.03867369e-04
2.70507813e-02	6.17316333e-06	6.06761018e-04
2.70996094e-02	6.20286133e-06	6.09669099e-04
2.71484375e-02	6.23270168e-06	6.12591684e-04
2.71972656e-02	6.26268510e-06	6.15528845e-04
2.72460938e-02	6.29281228e-06	6.18480652e-04
2.72949219e-02	6.32308396e-06	6.21447180e-04
2.73437500e-02	6.35350084e-06	6.24428501e-04
2.73925781e-02	6.38406366e-06	6.27424687e-04
2.74414063e-02	6.41477315e-06	6.30435813e-04
2.74902344e-02	6.44563003e-06	6.33461952e-04
2.75390625e-02	6.47663504e-06	6.36503179e-04
2.75878906e-02	6.50778891e-06	6.39559569e-04
2.76367188e-02	6.53909240e-06	6.42631196e-04
2.76855469e-02	6.57054624e-06	6.45718136e-04
2.77343750e-02	6.60215119e-06	6.48820464e-04
2.77832031e-02	6.63390799e-06	6.51938258e-04
2.78320312e-02	6.66581741e-06	6.55071594e-04
2.78808594e-02	6.69788021e-06	6.58220548e-04
2.79296875e-02	6.73009714e-06	6.61385198e-04
2.79785156e-02	6.76246899e-06	6.64565622e-04
2.80273438e-02	6.79499652e-06	6.67761897e-04
2.80761719e-02	6.82768050e-06	6.70974104e-04
2.81250000e-02	6.86052172e-06	6.74202320e-04
2.81738281e-02	6.89352096e-06	6.77446624e-04
2.82226563e-02	6.92667901e-06	6.80707097e-04
2.82714844e-02	6.95999666e-06	6.83983820e-04
2.83203125e-02	6.99347471e-06	6.87276871e-04
2.83691406e-02	7.02711395e-06	6.90586333e-04
2.84179688e-02	7.06091518e-06	6.93912287e-04
2.84667969e-02	7.09487922e-06	6.97254814e-04
2.85156250e-02	7.12900688e-06	7.00613997e-04
2.85644531e-02	7.16329897e-06	7.03989918e-04
2.86132813e-02	7.19775631e-06	7.07382662e-04
2.86621094e-02	7.23237972e-06	7.10792310e-04
2.87109375e-02	7.26717003e-06	7.14218947e-04
2.87597656e-02	7.30212808e-06	7.17662657e-04
2.88085938e-02	7.33725469e-06	7.21123525e-04
2.88574219e-02	7.37255072e-06	7.24601637e-04
2.89062500e-02	7.40801700e-06	7.28097077e-04
2.89550781e-02	7.44365437e-06	7.31609933e-04
2.90039063e-02	7.47946371e-06	7.35140289e-04
2.90527344e-02	7.51544585e-06	7.38688234e-04
2.91015625e-02	7.55160166e-06	7.42253855e-04
2.91503906e-02	7.58793201e-06	7.45837239e-04
2.91992188e-02	7.62443776e-06	7.49438475e-04
2.92480469e-02	7.66111980e-06	7.53057652e-04
2.92968750e-02	7.69797899e-06	7.56694858e-04
2.93457031e-02	7.73501622e-06	7.60350183e-04
2.93945313e-02	7.77223238e-06	7.64023718e-04
2.94433594e-02	7.80962836e-06	7.67715553e-04
2.94921875e-02	7.84720505e-06	7.71425778e-04
2.95410156e-02	7.88496336e-06	7.75154486e-04
2.95898438e-02	7.92290419e-06	7.78901768e-04
2.96386719e-02	7.96102844e-06	7.82667716e-04
2.96875000e-02	7.99933704e-06	7.86452424e-04
2.97363281e-02	8.03783090e-06	7.90255985e-04
2.97851562e-02	8.07651094e-06	7.94078492e-04
2.98339844e-02	8.11537809e-06	7.97920039e-04
2.98828125e-02	8.15443328e-06	8.01780722e-04
2.99316406e-02	8.19367746e-06	8.05660636e-04
2.99804688e-02	8.23311155e-06	8.09559876e-04
3.00292969e-02	8.27273651e-06	8.13478539e-04
3.00781250e-02	8.31255329e-06	8.17416721e-04
3.01269531e-02	8.35256284e-06	8.21374520e-04
3.01757813e-02	8.39276613e-06	8.25352032e-04
3.02246094e-02	8.43316411e-06	8.29349357e-04
3.02734375e-02	8.47375776e-06	8.33366592e-04
3.03222656e-02	8.51454806e-06	8.37403837e-04
3.03710938e-02	8.55553597e-06	8.41461192e-04
3.04199219e-02	8.59672250e-06	8.45538757e-04
3.04687500e-02	8.63810861e-06	8.49636632e-04
3.05175781e-02	8.67969532e-06	8.53754919e-04
3.05664063e-02	8.72148362e-06	8.57893719e-04
3.06152344e-02	8.76347451e-06	8.62053134e-04
3.06640625e-02	8.80566900e-06	8.66233268e-04
3.07128906e-02	8.84806811e-06	8.70434223e-04
3.07617188e-02	8.89067285e-06	8.74656103e-04
3.08105469e-02	8.93348426e-06	8.78899013e-04
3.08593750e-02	8.97650335e-06	8.83163057e-04
3.09082031e-02	9.01973117e-06	8.87448341e-04
3.09570313e-02	9.06316875e-06	8.91754970e-04
3.10058594e-02	9.10681714e-06	8.96083051e-04
3.10546875e-02	9.15067739e-06	9.00432690e-04
3.11035156e-02	9.19475055e-06	9.04803996e-04
3.11523438e-02	9.23903768e-06	9.09197077e-04
3.12011719e-02	9.28353986e-06	9.13612040e-04
3.12500000e-02	9.32825815e-06	9.18048996e-04
3.12988281e-02	9.37319362e-06	9.22508053e-04
3.13476563e-02	9.41834736e-06	9.26989322e-04
3.13964844e-02	9.46372047e-06	9.31492914e-04
3.14453125e-02	9.50931402e-06	9.36018941e-04
3.14941406e-02	9.55512912e-06	9.40567513e-04
3.15429688e-02	9.60116687e-06	9.45138744e-04
3.15917969e-02	9.64742838e-06	9.49732747e-04
3.16406250e-02	9.69391476e-06	9.54349634e-04
3.16894531e-02	9.74062715e-06	9.58989522e-04
3.17382812e-02	9.78756665e-06	9.63652524e-04
3.17871094e-02	9.83473440e-06	9.68338755e-04
3.18359375e-02	9.88213155e-06	9.73048332e-04
3.18847656e-02	9.92975923e-06	9.77781371e-04
3.19335938e-02	9.97761859e-06	9.82537989e-04
3.19824219e-02	1.00257108e-05	9.87318305e-04
3.20312500e-02	1.00740370e-05	9.92122436e-04
3.20800781e-02	1.01225983e-05	9.96950501e-04
3.21289062e-02	1.01713960e-05	1.00180262e-03
3.21777344e-02	1.02204312e-05	1.00667891e-03
3.22265625e-02	1.02697051e-05	1.01157950e-03
3.22753906e-02	1.03192189e-05	1.01650450e-03
3.23242188e-02	1.03689737e-05	1.02145404e-03
3.23730469e-02	1.04189708e-05	1.02642825e-03
3.24218750e-02	1.04692114e-05	1.03142723e-03
3.24707031e-02	1.05196968e-05	1.03645113e-03
3.25195313e-02	1.05704280e-05	1.04150005e-03
3.25683594e-02	1.06214064e-05	1.04657413e-03
3.26171875e-02	1.06726331e-05	1.05167350e-03
3.26660156e-02	1.07241095e-05	1.05679827e-03
3.27148438e-02	1.07758367e-05	1.06194858e-03
3.27636719e-02	1.08278160e-05	1.06712456e-03
3.28125000e-02	1.08800487e-05	1.07232633e-03
3.28613281e-02	1.09325360e-05	1.07755401e-03
3.29101563e-02	1.09852792e-05	1.08280775e-03
3.29589844e-02	1.10382796e-05	1.08808767e-03
3.30078125e-02	1.10915384e-05	1.09339390e-03
3.30566406e-02	1.11450570e-05	1.09872658e-03
3.31054687e-02	1.11988366e-05	1.10408583e-03
3.31542969e-02	1.12528785e-05	1.10947178e-03
3.32031250e-02	1.13071841e-05	1.11488459e-03
3.32519531e-02	1.13617546e-05	1.12032436e-03
3.33007813e-02	1.14165914e-05	1.12579125e-03
3.33496094e-02	1.14716958e-05	1.13128539e-03
3.33984375e-02	1.15270692e-05	1.13680690e-03
3.34472656e-02	1.15827128e-05	1.14235594e-03
3.34960938e-02	1.16386281e-05	1.14793264e-03
3.35449219e-02	1.16948163e-05	1.15353713e-03
3.35937500e-02	1.17512789e-05	1.15916956e-03
3.36425781e-02	1.18080171e-05	1.16483006e-03
3.36914062e-02	1.18650325e-05	1.17051878e-03
3.37402344e-02	1.19223263e-05	1.17623586e-03
3.37890625e-02	1.19799000e-05	1.18198143e-03
3.38378906e-02	1.20377549e-05	1.18775564e-03
3.38867188e-02	1.20958924e-05	1.19355865e-03
3.39355469e-02	1.21543140e-05	1.19939057e-03
3.39843750e-02	1.22130211e-05	1.20525158e-03
3.40332031e-02	1.22720151e-05	1.21114180e-03
3.40820312e-02	1.23312974e-05	1.21706139e-03
3.41308594e-02	1.23908695e-05	1.22301049e-03
3.41796875e-02	1.24507327e-05	1.22898925e-03
3.42285156e-02	1.25108887e-05	1.23499782e-03
3.42773438e-02	1.25713387e-05	1.24103634e-03
3.43261719e-02	1.26320844e-05	1.24710498e-03
3.43750000e-02	1.26931271e-05	1.25320387e-03
3.44238281e-02	1.27544683e-05	1.25933318e-03
3.44726563e-02	1.28161096e-05	1.26549305e-03
3.45214844e-02	1.28780524e-05	1.27168363e-03
3.45703125e-02	1.29402982e-05	1.27790509e-03
3.46191406e-02	1.30028485e-05	1.28415757e-03
3.46679688e-02	1.30657050e-05	1.29044122e-03
3.47167969e-02	1.31288690e-05	1.29675622e-03
3.47656250e-02	1.31923421e-05	1.30310271e-03
3.48144531e-02	1.32561258e-05	1.30948085e-03
3.48632813e-02	1.33202218e-05	1.31589079e-03
3.49121094e-02	1.33846316e-05	1.32233271e-03
3.49609375e-02	1.34493567e-05	1.32880676e-03
3.50097656e-02	1.35143987e-05	1.33531310e-03
3.50585937e-02	1.35797591e-05	1.34185189e-03
3.51074219e-02	1.36454397e-05	1.34842329e-03
3.51562500e-02	1.37114419e-05	1.35502747e-03
3.52050781e-02	1.37777674e-05	1.36166460e-03
3.52539063e-02	1.38444178e-05	1.36833483e-03
3.53027344e-02	1.39113946e-05	1.37503834e-03
3.53515625e-02	1.39786997e-05	1.38177529e-03
3.54003906e-02	1.40463345e-05	1.38854584e-03
3.54492188e-02	1.41143007e-05	1.39535017e-03
3.54980469e-02	1.41826000e-05	1.40218845e-03
3.55468750e-02	1.42512340e-05	1.40906085e-03
3.55957031e-02	1.43202044e-05	1.41596753e-03
3.56445312e-02	1.43895129e-05	1.42290868e-03
3.56933594e-02	1.44591612e-05	1.42988445e-03
3.57421875e-02	1.45291509e-05	1.43689503e-03
3.57910156e-02	1.45994838e-05	1.44394059e-03
3.58398438e-02	1.46701616e-05	1.45102131e-03
3.58886719e-02	1.47411860e-05	1.45813736e-03
3.59375000e-02	1.48125587e-05	1.46528893e-03
3.59863281e-02	1.48842815e-05	1.47247617e-03
3.60351562e-02	1.49563561e-05	1.47969929e-03
3.60839844e-02	1.50287842e-05	1.48695845e-03
3.61328125e-02	1.51015677e-05	1.49425385e-03
3.61816406e-02	1.51747083e-05	1.50158565e-03
3.62304688e-02	1.52482078e-05	1.50895404e-03
3.62792969e-02	1.53220680e-05	1.51635921e-03
3.63281250e-02	1.53962907e-05	1.52380134e-03
3.63769531e-02	1.54708777e-05	1.53128062e-03
3.64257813e-02	1.55458307e-05	1.53879723e-03
3.64746094e-02	1.56211517e-05	1.54635136e-03
3.65234375e-02	1.56968425e-05	1.55394320e-03
3.65722656e-02	1.57729049e-05	1.56157293e-03
3.66210938e-02	1.58493408e-05	1.56924076e-03
3.66699219e-02	1.59261520e-05	1.57694686e-03
3.67187500e-02	1.60033405e-05	1.58469144e-03
3.67675781e-02	1.60809080e-05	1.59247468e-03
3.68164063e-02	1.61588565e-05	1.60029677e-03
3.68652344e-02	1.62371879e-05	1.60815793e-03
3.69140625e-02	1.63159042e-05	1.61605833e-03
3.69628906e-02	1.63950071e-05	1.62399818e-03
3.70117187e-02	1.64744987e-05	1.63197768e-03
3.70605469e-02	1.65543809e-05	1.63999702e-03
3.71093750e-02	1.66346556e-05	1.64805640e-03
3.71582031e-02	1.67153249e-05	1.65615603e-03
3.72070313e-02	1.67963906e-05	1.66429611e-03
3.72558594e-02	1.68778548e-05	1.67247684e-03
3.73046875e-02	1.69597194e-05	1.68069843e-03
3.73535156e-02	1.70419865e-05	1.68896107e-03
3.74023438e-02	1.71246580e-05	1.69726499e-03
3.74511719e-02	1.72077360e-05	1.70561037e-03
3.75000000e-02	1.72912226e-05	1.71399744e-03
3.75488281e-02	1.73751196e-05	1.72242641e-03
3.75976562e-02	1.74594293e-05	1.73089747e-03
3.76464844e-02	1.75441536e-05	1.73941085e-03
3.76953125e-02	1.76292947e-05	1.74796676e-03
3.77441406e-02	1.77148545e-05	1.75656541e-03
3.77929688e-02	1.78008353e-05	1.76520701e-03
3.78417969e-02	1.78872391e-05	1.77389178e-03
3.78906250e-02	1.79740680e-05	1.78261995e-03
3.79394531e-02	1.80613241e-05	1.79139172e-03
3.79882813e-02	1.81490097e-05	1.80020731e-03
3.80371094e-02	1.82371267e-05	1.80906695e-03
3.80859375e-02	1.83256774e-05	1.81797086e-03
3.81347656e-02	1.84146640e-05	1.82691926e-03
3.81835938e-02	1.85040886e-05	1.83591237e-03
3.82324219e-02	1.85939534e-05	1.84495042e-03
3.82812500e-02	1.86842606e-05	1.85403364e-03
3.83300781e-02	1.87750125e-05	1.86316225e-03
3.83789063e-02	1.88662112e-05	1.87233647e-03
3.84277344e-02	1.89578590e-05	1.88155655e-03
3.84765625e-02	1.90499581e-05	1.89082271e-03
3.85253906e-02	1.91425108e-05	1.90013518e-03
3.85742188e-02	1.92355193e-05	1.90949419e-03
3.86230469e-02	1.93289860e-05	1.91889998e-03
3.86718750e-02	1.94229130e-05	1.92835279e-03
3.87207031e-02	1.95173028e-05	1.93785285e-03
3.87695313e-02	1.96121576e-05	1.94740039e-03
3.88183594e-02	1.97074798e-05	1.95699567e-03
3.88671875e-02	1.98032717e-05	1.96663891e-03
3.89160156e-02	1.98995355e-05	1.97633035e-03
3.89648438e-02	1.99962738e-05	1.98607025e-03
3.90136719e-02	2.00934889e-05	1.99585885e-03
3.90625000e-02	2.01911831e-05	2.00569638e-03
3.91113281e-02	2.02893589e-05	2.01558310e-03
3.91601563e-02	2.03880186e-05	2.02551926e-03
3.92089844e-02	2.04871647e-05	2.03550510e-03
3.92578125e-02	2.05867996e-05	2.04554087e-03
3.93066406e-02	2.06869258e-05	2.05562682e-03
3.93554688e-02	2.07875457e-05	2.06576321e-03
3.94042969e-02	2.08886617e-05	2.07595029e-03
3.94531250e-02	2.09902764e-05	2.08618832e-03
3.95019531e-02	2.10923923e-05	2.09647755e-03
3.95507812e-02	2.11950118e-05	2.10681823e-03
3.95996094e-02	2.12981375e-05	2.11721064e-03
3.96484375e-02	2.14017720e-05	2.12765503e-03
3.96972656e-02	2.15059176e-05	2.13815165e-03
3.97460938e-02	2.16105771e-05	2.14870078e-03
3.97949219e-02	2.17157530e-05	2.15930268e-03
3.98437500e-02	2.18214478e-05	2.16995761e-03
3.98925781e-02	2.19276642e-05	2.18066585e-03
3.99414063e-02	2.20344048e-05	2.19142765e-03
3.99902344e-02	2.21416721e-05	2.20224329e-03
4.00390625e-02	2.22494689e-05	2.21311304e-03
4.00878906e-02	2.23577978e-05	2.22403717e-03
4.01367188e-02	2.24666614e-05	2.23501596e-03
4.01855469e-02	2.25760624e-05	2.24604968e-03
4.02343750e-02	2.26860035e-05	2.25713862e-03
4.02832031e-02	2.27964874e-05	2.26828303e-03
4.03320313e-02	2.29075169e-05	2.27948321e-03
4.03808594e-02	2.30190946e-05	2.29073944e-03
4.04296875e-02	2.31312233e-05	2.30205200e-03
4.04785156e-02	2.32439057e-05	2.31342117e-03
4.05273438e-02	2.33571447e-05	2.32484724e-03
4.05761719e-02	2.34709430e-05	2.33633050e-03
4.06250000e-02	2.35853034e-05	2.34787123e-03
4.06738281e-02	2.37002287e-05	2.35946972e-03
4.07226563e-02	2.38157218e-05	2.37112626e-03
4.07714844e-02	2.39317854e-05	2.38284115e-03
4.08203125e-02	2.40484225e-05	2.39461468e-03
4.08691406e-02	2.41656360e-05	2.40644715e-03
4.09179688e-02	2.42834286e-05	2.41833884e-03
4.09667969e-02	2.44018033e-05	2.43029007e-03
4.10156250e-02	2.45207631e-05	2.44230113e-03
4.10644531e-02	2.46403107e-05	2.45437232e-03
4.11132813e-02	2.47604493e-05	2.46650395e-03
4.11621094e-02	2.48811818e-05	2.47869632e-03
4.12109375e-02	2.50025110e-05	2.49094973e-03
4.12597656e-02	2.51244401e-05	2.50326450e-03
4.13085938e-02	2.52469719e-05	2.51564094e-03
4.13574219e-02	2.53701096e-05	2.52807934e-03
4.14062500e-02	2.54938562e-05	2.54058003e-03
4.14550781e-02	2.56182147e-05	2.55314333e-03
4.15039062e-02	2.57431881e-05	2.56576954e-03
4.15527344e-02	2.58687797e-05	2.57845898e-03
4.16015625e-02	2.59949923e-05	2.59121198e-03
4.16503906e-02	2.61218293e-05	2.60402884e-03
4.16992188e-02	2.62492936e-05	2.61690991e-03
4.17480469e-02	2.63773884e-05	2.62985549e-03
4.17968750e-02	2.65061170e-05	2.64286591e-03
4.18457031e-02	2.66354824e-05	2.65594151e-03
4.18945313e-02	2.67654879e-05	2.66908260e-03
4.19433594e-02	2.68961366e-05	2.68228953e-03
4.19921875e-02	2.70274318e-05	2.69556261e-03
4.20410156e-02	2.71593768e-05	2.70890220e-03
4.20898438e-02	2.72919747e-05	2.72230861e-03
4.21386719e-02	2.74252289e-05	2.73578219e-03
4.21875000e-02	2.75591426e-05	2.74932328e-03
4.22363281e-02	2.76937191e-05	2.76293221e-03
4.22851563e-02	2.78289618e-05	2.77660934e-03
4.23339844e-02	2.79648741e-05	2.79035499e-03
4.23828125e-02	2.81014591e-05	2.80416953e-03
4.24316406e-02	2.82387204e-05	2.81805329e-03
4.24804688e-02	2.83766613e-05	2.83200663e-03
4.25292969e-02	2.85152853e-05	2.84602990e-03
4.25781250e-02	2.86545957e-05	2.86012344e-03
4.26269531e-02	2.87945959e-05	2.87428762e-03
4.26757813e-02	2.89352895e-05	2.88852279e-03
4.27246094e-02	2.90766800e-05	2.90282931e-03
4.27734375e-02	2.92187707e-05	2.91720754e-03
4.28222656e-02	2.93615653e-05	2.93165784e-03
4.28710938e-02	2.95050672e-05	2.94618057e-03
4.29199219e-02	2.96492800e-05	2.96077611e-03
4.29687500e-02	2.97942073e-05	2.97544481e-03
4.30175781e-02	2.99398526e-05	2.99018705e-03
4.30664063e-02	3.00862195e-05	3.00500319e-03
4.31152344e-02	3.02333117e-05	3.01989362e-03
4.31640625e-02	3.03811328e-05	3.03485870e-03
4.32128906e-02	3.05296865e-05	3.04989882e-03
4.32617188e-02	3.06789764e-05	3.06501434e-03
4.33105469e-02	3.08290062e-05	3.08020566e-03
4.33593750e-02	3.09797796e-05	3.09547316e-03
4.34082031e-02	3.11313003e-05	3.11081721e-03
4.34570312e-02	3.12835722e-05	3.12623821e-03
4.35058594e-02	3.14365989e-05	3.14173654e-03
4.35546875e-02	3.15903843e-05	3.15731260e-03
4.36035156e-02	3.17449321e-05	3.17296677e-03
4.36523438e-02	3.19002462e-05	3.18869946e-03
4.37011719e-02	3.20563305e-05	3.20451105e-03
4.37500000e-02	3.22131887e-05	3.22040196e-03
4.37988281e-02	3.23708248e-05	3.23637256e-03
4.38476563e-02	3.25292427e-05	3.25242328e-03
4.38964844e-02	3.26884462e-05	3.26855451e-03
4.39453125e-02	3.28484394e-05	3.28476666e-03
4.39941406e-02	3.30092262e-05	3.30106014e-03
4.40429688e-02	3.31708106e-05	3.31743537e-03
4.40917969e-02	3.33331965e-05	3.33389274e-03
4.41406250e-02	3.34963881e-05	3.35043268e-03
4.41894531e-02	3.36603892e-05	3.36705561e-03
4.42382813e-02	3.38252041e-05	3.38376194e-03
4.42871094e-02	3.39908368e-05	3.40055209e-03
4.43359375e-02	3.41572913e-05	3.41742650e-03
4.43847656e-02	3.43245719e-05	3.43438558e-03
4.44335938e-02	3.44926826e-05	3.45142976e-03
4.44824219e-02	3.46616277e-05	3.46855947e-03
4.45312500e-02	3.48314112e-05	3.48577515e-03
4.45800781e-02	3.50020375e-05	3.50307723e-03
4.46289063e-02	3.51735108e-05	3.52046614e-03
4.46777344e-02	3.53458352e-05	3.53794232e-03
4.47265625e-02	3.55190151e-05	3.55550622e-03
4.47753906e-02	3.56930547e-05	3.57315828e-03
4.48242188e-02	3.58679585e-05	3.59089894e-03
4.48730469e-02	3.60437306e-05	3.60872865e-03
4.49218750e-02	3.62203756e-05	3.62664786e-03
4.49707031e-02	3.63978977e-05	3.64465703e-03
4.50195313e-02	3.65763013e-05	3.66275660e-03
4.50683594e-02	3.67555910e-05	3.68094704e-03
4.51171875e-02	3.69357710e-05	3.69922880e-03
4.51660156e-02	3.71168460e-05	3.71760235e-03
4.52148438e-02	3.72988204e-05	3.73606815e-03
4.52636719e-02	3.74816987e-05	3.75462667e-03
4.53125000e-02	3.76654854e-05	3.77327837e-03
4.53613281e-02	3.78501852e-05	3.79202372e-03
4.54101562e-02	3.80358025e-05	3.81086320e-03
4.54589844e-02	3.82223421e-05	3.82979729e-03
4.55078125e-02	3.84098085e-05	3.84882646e-03
4.55566406e-02	3.85982064e-05	3.86795120e-03
4.56054688e-02	3.87875405e-05	3.88717198e-03
4.56542969e-02	3.89778154e-05	3.90648930e-03
4.57031250e-02	3.91690359e-05	3.92590363e-03
4.57519531e-02	3.93612068e-05	3.94541548e-03
4.58007813e-02	3.95543328e-05	3.96502533e-03
4.58496094e-02	3.97484187e-05	3.98473368e-03
4.58984375e-02	3.99434694e-05	4.00454103e-03
4.59472656e-02	4.01394896e-05	4.02444788e-03
4.59960938e-02	4.03364843e-05	4.04445473e-03
4.60449219e-02	4.05344583e-05	4.06456209e-03
4.60937500e-02	4.07334166e-05	4.08477046e-03
4.61425781e-02	4.09333642e-05	4.10508036e-03
4.61914063e-02	4.11343059e-05	4.12549229e-03
4.62402344e-02	4.13362468e-05	4.14600679e-03
4.62890625e-02	4.15391919e-05	4.16662436e-03
4.63378906e-02	4.17431462e-05	4.18734552e-03
4.63867188e-02	4.19481149e-05	4.20817081e-03
4.64355469e-02	4.21541030e-05	4.22910074e-03
4.64843750e-02	4.23611156e-05	4.25013584e-03
4.65332031e-02	4.25691579e-05	4.27127666e-03
4.65820313e-02	4.27782350e-05	4.29252372e-03
4.66308594e-02	4.29883522e-05	4.31387756e-03
4.66796875e-02	4.31995147e-05	4.33533872e-03
4.67285156e-02	4.34117278e-05	4.35690774e-03
4.67773438e-02	4.36249967e-05	4.37858517e-03
4.68261719e-02	4.38393267e-05	4.40037156e-03
4.68750000e-02	4.40547231e-05	4.42226746e-03
4.69238281e-02	4.42711914e-05	4.44427342e-03
4.69726563e-02	4.44887369e-05	4.46639000e-03
4.70214844e-02	4.47073650e-05	4.48861776e-03
4.70703125e-02	4.49270812e-05	4.51095726e-03
4.71191406e-02	4.51478909e-05	4.53340908e-03
4.71679688e-02	4.53697997e-05	4.55597376e-03
4.72167969e-02	4.55928130e-05	4.57865190e-03
4.72656250e-02	4.58169365e-05	4.60144405e-03
4.73144531e-02	4.60421756e-05	4.62435081e-03
4.73632812e-02	4.62685360e-05	4.64737274e-03
4.74121094e-02	4.64960234e-05	4.67051043e-03
4.74609375e-02	4.67246434e-05	4.69376447e-03
4.75097656e-02	4.69544017e-05	4.71713545e-03
4.75585938e-02	4.71853040e-05	4.74062395e-03
4.76074219e-02	4.74173561e-05	4.76423058e-03
4.76562500e-02	4.76505638e-05	4.78795593e-03
4.77050781e-02	4.78849329e-05	4.81180060e-03
4.77539063e-02	4.81204691e-05	4.83576520e-03
4.78027344e-02	4.83571785e-05	4.85985033e-03
4.78515625e-02	4.85950669e-05	4.88405660e-03
4.79003906e-02	4.88341401e-05	4.90838463e-03
4.79492188e-02	4.90744043e-05	4.93283504e-03
4.79980469e-02	4.93158653e-05	4.95740843e-03
4.80468750e-02	4.95585292e-05	4.98210544e-03
4.80957031e-02	4.98024021e-05	5.00692670e-03
4.81445313e-02	5.00474900e-05	5.03187282e-03
4.81933594e-02	5.02937990e-05	5.05694444e-03
4.82421875e-02	5.05413353e-05	5.08214221e-03
4.82910156e-02	5.07901050e-05	5.10746675e-03
4.83398438e-02	5.10401144e-05	5.13291870e-03
4.83886719e-02	5.12913697e-05	5.15849873e-03
4.84375000e-02	5.15438772e-05	5.18420746e-03
4.84863281e-02	5.17976432e-05	5.21004556e-03
4.85351563e-02	5.20526739e-05	5.23601368e-03
4.85839844e-02	5.23089758e-05	5.26211248e-03
4.86328125e-02	5.25665553e-05	5.28834262e-03
4.86816406e-02	5.28254187e-05	5.31470476e-03
4.87304688e-02	5.30855727e-05	5.34119958e-03
4.87792969e-02	5.33470235e-05	5.36782774e-03
4.88281250e-02	5.36097779e-05	5.39458993e-03
4.88769531e-02	5.38738422e-05	5.42148681e-03
4.89257813e-02	5.41392232e-05	5.44851908e-03
4.89746094e-02	5.44059275e-05	5.47568742e-03
4.90234375e-02	5.46739617e-05	5.50299251e-03
4.90722656e-02	5.49433325e-05	5.53043506e-03
4.91210938e-02	5.52140466e-05	5.55801575e-03
4.91699219e-02	5.54861108e-05	5.58573529e-03
4.92187500e-02	5.57595320e-05	5.61359438e-03
4.92675781e-02	5.60343168e-05	5.64159372e-03
4.93164062e-02	5.63104723e-05	5.66973404e-03
4.93652344e-02	5.65880052e-05	5.69801604e-03
4.94140625e-02	5.68669226e-05	5.72644043e-03
4.94628906e-02	5.71472314e-05	5.75500795e-03
4.95117188e-02	5.74289386e-05	5.78371932e-03
4.95605469e-02	5.77120513e-05	5.81257526e-03
4.96093750e-02	5.79965765e-05	5.84157651e-03
4.96582031e-02	5.82825213e-05	5.87072381e-03
4.97070313e-02	5.85698930e-05	5.90001789e-03
4.97558594e-02	5.88586986e-05	5.92945951e-03
4.98046875e-02	5.91489454e-05	5.95904939e-03
4.98535156e-02	5.94406406e-05	5.98878831e-03
4.99023438e-02	5.97337916e-05	6.01867701e-03
4.99511719e-02	6.00284057e-05	6.04871626e-03
5.00000000e-02	6.03244903e-05	6.07890681e-03
5.00488281e-02	6.06220527e-05	6.10924943e-03
5.00976563e-02	6.09211004e-05	6.13974490e-03
5.01464844e-02	6.12216409e-05	6.17039398e-03
5.01953125e-02	6.15236817e-05	6.20119747e-03
5.02441406e-02	6.18272304e-05	6.23215613e-03
5.02929688e-02	6.21322945e-05	6.26327076e-03
5.03417969e-02	6.24388817e-05	6.29454215e-03
5.03906250e-02	6.27469997e-05	6.32597109e-03
5.04394531e-02	6.30566562e-05	6.35755839e-03
5.04882813e-02	6.33678589e-05	6.38930483e-03
5.05371094e-02	6.36806157e-05	6.42121124e-03
5.05859375e-02	6.39949343e-05	6.45327842e-03
5.06347656e-02	6.43108226e-05	6.48550719e-03
5.06835938e-02	6.46282885e-05	6.51789836e-03
5.07324219e-02	6.49473401e-05	6.55045276e-03
5.07812500e-02	6.52679852e-05	6.58317123e-03
5.08300781e-02	6.55902319e-05	6.61605458e-03
5.08789063e-02	6.59140883e-05	6.64910366e-03
5.09277344e-02	6.62395625e-05	6.68231930e-03
5.09765625e-02	6.65666626e-05	6.71570236e-03
5.10253906e-02	6.68953969e-05	6.74925367e-03
5.10742188e-02	6.72257736e-05	6.78297410e-03
5.11230469e-02	6.75578009e-05	6.81686450e-03
5.11718750e-02	6.78914872e-05	6.85092574e-03
5.12207031e-02	6.82268408e-05	6.88515867e-03
5.12695312e-02	6.85638702e-05	6.91956418e-03
5.13183594e-02	6.89025837e-05	6.95414313e-03
5.13671875e-02	6.92429900e-05	6.98889641e-03
5.14160156e-02	6.95850974e-05	7.02382490e-03
5.14648438e-02	6.99289147e-05	7.05892949e-03
5.15136719e-02	7.02744503e-05	7.09421107e-03
5.15625000e-02	7.06217131e-05	7.12967054e-03
5.16113281e-02	7.09707116e-05	7.16530881e-03
5.16601563e-02	7.13214546e-05	7.20112677e-03
5.17089844e-02	7.16739510e-05	7.23712535e-03
5.17578125e-02	7.20282096e-05	7.27330546e-03
5.18066406e-02	7.23842392e-05	7.30966801e-03
5.18554688e-02	7.27420488e-05	7.34621394e-03
5.19042969e-02	7.31016474e-05	7.38294418e-03
5.19531250e-02	7.34630440e-05	7.41985965e-03
5.20019531e-02	7.38262476e-05	7.45696131e-03
5.20507813e-02	7.41912674e-05	7.49425009e-03
5.20996094e-02	7.45581126e-05	7.53172695e-03
5.21484375e-02	7.49267923e-05	7.56939283e-03
5.21972656e-02	7.52973157e-05	7.60724871e-03
5.22460938e-02	7.56696923e-05	7.64529554e-03
5.22949219e-02	7.60439313e-05	7.68353429e-03
5.23437500e-02	7.64200422e-05	7.72196593e-03
5.23925781e-02	7.67980343e-05	7.76059145e-03
5.24414063e-02	7.71779172e-05	7.79941183e-03
5.24902344e-02	7.75597004e-05	7.83842806e-03
5.25390625e-02	7.79433935e-05	7.87764113e-03
5.25878906e-02	7.83290061e-05	7.91705204e-03
5.26367188e-02	7.87165479e-05	7.95666180e-03
5.26855469e-02	7.91060287e-05	7.99647141e-03
5.27343750e-02	7.94974583e-05	8.03648189e-03
5.27832031e-02	7.98908463e-05	8.07669426e-03
5.28320313e-02	8.02862029e-05	8.11710955e-03
5.28808594e-02	8.06835378e-05	8.15772878e-03
5.29296875e-02	8.10828611e-05	8.19855299e-03
5.29785156e-02	8.14841828e-05	8.23958322e-03
5.30273438e-02	8.18875129e-05	8.28082051e-03
5.30761719e-02	8.22928617e-05	8.32226592e-03
5.31250000e-02	8.27002393e-05	8.36392051e-03
5.31738281e-02	8.31096560e-05	8.40578533e-03
5.32226562e-02	8.35211220e-05	8.44786146e-03
5.32714844e-02	8.39346476e-05	8.49014996e-03
5.33203125e-02	8.43502434e-05	8.53265192e-03
5.33691406e-02	8.47679197e-05	8.57536842e-03
5.34179688e-02	8.51876870e-05	8.61830055e-03
5.34667969e-02	8.56095559e-05	8.66144940e-03
5.35156250e-02	8.60335370e-05	8.70481607e-03
5.35644531e-02	8.64596409e-05	8.74840167e-03
5.36132813e-02	8.68878784e-05	8.79220732e-03
5.36621094e-02	8.73182603e-05	8.83623412e-03
5.37109375e-02	8.77507973e-05	8.88048321e-03
5.37597656e-02	8.81855004e-05	8.92495571e-03
5.38085938e-02	8.86223805e-05	8.96965276e-03
5.38574219e-02	8.90614486e-05	9.01457549e-03
5.39062500e-02	8.95027157e-05	9.05972506e-03
5.39550781e-02	8.99461929e-05	9.10510261e-03
5.40039063e-02	9.03918915e-05	9.15070931e-03
5.40527344e-02	9.08398225e-05	9.19654632e-03
5.41015625e-02	9.12899974e-05	9.24261480e-03
5.41503906e-02	9.17424273e-05	9.28891593e-03
5.41992188e-02	9.21971238e-05	9.33545090e-03
5.42480469e-02	9.26540982e-05	9.38222090e-03
5.42968750e-02	9.31133620e-05	9.42922711e-03
5.43457031e-02	9.35749269e-05	9.47647074e-03
5.43945313e-02	9.40388045e-05	9.52395299e-03
5.44433594e-02	9.45050063e-05	9.57167508e-03
5.44921875e-02	9.49735442e-05	9.61963822e-03
5.45410156e-02	9.54444300e-05	9.66784365e-03
5.45898438e-02	9.59176755e-05	9.71629258e-03
5.46386719e-02	9.63932927e-05	9.76498626e-03
5.46875000e-02	9.68712935e-05	9.81392593e-03
5.47363281e-02	9.73516899e-05	9.86311285e-03
5.47851563e-02	9.78344942e-05	9.91254826e-03
5.48339844e-02	9.83197183e-05	9.96223343e-03
5.48828125e-02	9.88073747e-05	1.00121696e-02
5.49316406e-02	9.92974754e-05	1.00623581e-02
5.49804688e-02	9.97900330e-05	1.01128002e-02
5.50292969e-02	1.00285060e-04	1.01634972e-02
5.50781250e-02	1.00782568e-04	1.02144504e-02
5.51269531e-02	1.01282571e-04	1.02656610e-02
5.51757812e-02	1.01785081e-04	1.03171304e-02
5.52246094e-02	1.02290110e-04	1.03688599e-02
5.52734375e-02	1.02797671e-04	1.04208508e-02
5.53222656e-02	1.03307777e-04	1.04731045e-02
5.53710938e-02	1.03820441e-04	1.05256222e-02
5.54199219e-02	1.04335677e-04	1.05784054e-02
5.54687500e-02	1.04853495e-04	1.06314553e-02
5.55175781e-02	1.05373911e-04	1.06847734e-02
5.55664063e-02	1.05896937e-04	1.07383610e-02
5.56152344e-02	1.06422586e-04	1.07922195e-02
5.56640625e-02	1.06950871e-04	1.08463501e-02
5.57128906e-02	1.07481806e-04	1.09007545e-02
5.57617188e-02	1.08015405e-04	1.09554338e-02
5.58105469e-02	1.08551680e-04	1.10103895e-02
5.58593750e-02	1.09090645e-04	1.10656231e-02
5.59082031e-02	1.09632314e-04	1.11211359e-02
5.59570313e-02	1.10176700e-04	1.11769294e-02
5.60058594e-02	1.10723818e-04	1.12330049e-02
5.60546875e-02	1.11273680e-04	1.12893639e-02
5.61035156e-02	1.11826302e-04	1.13460079e-02
5.61523438e-02	1.12381696e-04	1.14029384e-02
5.62011719e-02	1.12939877e-04	1.14601566e-02
5.62500000e-02	1.13500859e-04	1.15176642e-02
5.62988281e-02	1.14064656e-04	1.15754626e-02
5.63476563e-02	1.14631282e-04	1.16335533e-02
5.63964844e-02	1.15200752e-04	1.16919377e-02
5.64453125e-02	1.15773080e-04	1.17506174e-02
5.64941406e-02	1.16348281e-04	1.18095939e-02
5.65429688e-02	1.16926368e-04	1.18688686e-02
5.65917969e-02	1.17507357e-04	1.19284431e-02
5.66406250e-02	1.18091262e-04	1.19883189e-02
5.66894531e-02	1.18678099e-04	1.20484975e-02
5.67382813e-02	1.19267881e-04	1.21089806e-02
5.67871094e-02	1.19860624e-04	1.21697695e-02
5.68359375e-02	1.20456343e-04	1.22308660e-02
5.68847656e-02	1.21055052e-04	1.22922715e-02
5.69335938e-02	1.21656767e-04	1.23539876e-02
5.69824219e-02	1.22261504e-04	1.24160159e-02
5.70312500e-02	1.22869276e-04	1.24783580e-02
5.70800781e-02	1.23480101e-04	1.25410155e-02
5.71289062e-02	1.24093993e-04	1.26039900e-02
5.71777344e-02	1.24710967e-04	1.26672831e-02
5.72265625e-02	1.25331040e-04	1.27308964e-02
5.72753906e-02	1.25954227e-04	1.27948316e-02
5.73242188e-02	1.26580543e-04	1.28590903e-02
5.73730469e-02	1.27210005e-04	1.29236741e-02
5.74218750e-02	1.27842629e-04	1.29885847e-02
5.74707031e-02	1.28478430e-04	1.30538237e-02
5.75195313e-02	1.29117424e-04	1.31193929e-02
5.75683594e-02	1.29759628e-04	1.31852939e-02
5.76171875e-02	1.30405059e-04	1.32515284e-02
5.76660156e-02	1.31053731e-04	1.33180980e-02
5.77148438e-02	1.31705662e-04	1.33850046e-02
5.77636719e-02	1.32360869e-04	1.34522498e-02
5.78125000e-02	1.33019367e-04	1.35198353e-02
5.78613281e-02	1.33681174e-04	1.35877629e-02
5.79101563e-02	1.34346305e-04	1.36560343e-02
5.79589844e-02	1.35014779e-04	1.37246512e-02
5.80078125e-02	1.35686612e-04	1.37936155e-02
5.80566406e-02	1.36361820e-04	1.38629288e-02
5.81054688e-02	1.37040422e-04	1.39325930e-02
5.81542969e-02	1.37722434e-04	1.40026099e-02
5.82031250e-02	1.38407873e-04	1.40729812e-02
5.82519531e-02	1.39096757e-04	1.41437087e-02
5.83007813e-02	1.39789103e-04	1.42147943e-02
5.83496094e-02	1.40484929e-04	1.42862398e-02
5.83984375e-02	1.41184253e-04	1.43580470e-02
5.84472656e-02	1.41887091e-04	1.44302178e-02
5.84960938e-02	1.42593463e-04	1.45027539e-02
5.85449219e-02	1.43303385e-04	1.45756574e-02
5.85937500e-02	1.44016876e-04	1.46489299e-02
5.86425781e-02	1.44733953e-04	1.47225735e-02
5.86914063e-02	1.45454636e-04	1.47965900e-02
5.87402344e-02	1.46178942e-04	1.48709813e-02
5.87890625e-02	1.46906890e-04	1.49457493e-02
5.88378906e-02	1.47638497e-04	1.50208959e-02
5.88867188e-02	1.48373783e-04	1.50964231e-02
5.89355469e-02	1.49112767e-04	1.51723327e-02
5.89843750e-02	1.49855466e-04	1.52486268e-02
5.90332031e-02	1.50601900e-04	1.53253074e-02
5.90820312e-02	1.51352087e-04	1.54023762e-02
5.91308594e-02	1.52106048e-04	1.54798355e-02
5.91796875e-02	1.52863800e-04	1.55576870e-02
5.92285156e-02	1.53625363e-04	1.56359329e-02
5.92773438e-02	1.54390756e-04	1.57145751e-02
5.93261719e-02	1.55159999e-04	1.57936157e-02
5.93750000e-02	1.55933111e-04	1.58730567e-02
5.94238281e-02	1.56710112e-04	1.59529001e-02
5.94726563e-02	1.57491021e-04	1.60331480e-02
5.95214844e-02	1.58275859e-04	1.61138024e-02
5.95703125e-02	1.59064645e-04	1.61948654e-02
5.96191406e-02	1.59857399e-04	1.62763391e-02
5.96679688e-02	1.60654141e-04	1.63582255e-02
5.97167969e-02	1.61454892e-04	1.64405269e-02
5.97656250e-02	1.62259671e-04	1.65232452e-02
5.98144531e-02	1.63068500e-04	1.66063827e-02
5.98632813e-02	1.63881399e-04	1.66899414e-02
5.99121094e-02	1.64698388e-04	1.67739235e-02
5.99609375e-02	1.65519488e-04	1.68583312e-02
6.00097656e-02	1.66344719e-04	1.69431665e-02
6.00585938e-02	1.67174104e-04	1.70284318e-02
6.01074219e-02	1.68007663e-04	1.71141292e-02
6.01562500e-02	1.68845416e-04	1.72002609e-02
6.02050781e-02	1.69687386e-04	1.72868291e-02
6.02539063e-02	1.70533594e-04	1.73738360e-02
6.03027344e-02	1.71384061e-04	1.74612839e-02
6.03515625e-02	1.72238808e-04	1.75491749e-02
6.04003906e-02	1.73097858e-04	1.76375115e-02
6.04492188e-02	1.73961232e-04	1.77262958e-02
6.04980469e-02	1.74828953e-04	1.78155301e-02
6.05468750e-02	1.75701041e-04	1.79052167e-02
6.05957031e-02	1.76577520e-04	1.79953580e-02
6.06445313e-02	1.77458412e-04	1.80859562e-02
6.06933594e-02	1.78343738e-04	1.81770136e-02
6.07421875e-02	1.79233522e-04	1.82685327e-02
6.07910156e-02	1.80127786e-04	1.83605157e-02
6.08398438e-02	1.81026552e-04	1.84529650e-02
6.08886719e-02	1.81929845e-04	1.85458830e-02
6.09375000e-02	1.82837685e-04	1.86392721e-02
6.09863281e-02	1.83750098e-04	1.87331347e-02
6.10351562e-02	1.84667105e-04	1.88274732e-02
6.10839844e-02	1.85588730e-04	1.89222901e-02
6.11328125e-02	1.86514996e-04	1.90175876e-02
6.11816406e-02	1.87445928e-04	1.91133684e-02
6.12304688e-02	1.88381548e-04	1.92096349e-02
6.12792969e-02	1.89321881e-04	1.93063895e-02
6.13281250e-02	1.90266950e-04	1.94036348e-02
6.13769531e-02	1.91216779e-04	1.95013732e-02
6.14257813e-02	1.92171393e-04	1.95996073e-02
6.14746094e-02	1.93130815e-04	1.96983395e-02
6.15234375e-02	1.94095071e-04	1.97975725e-02
6.15722656e-02	1.95064184e-04	1.98973087e-02
6.16210938e-02	1.96038180e-04	1.99975508e-02
6.16699219e-02	1.97017082e-04	2.00983013e-02
6.17187500e-02	1.98000917e-04	2.01995628e-02
6.17675781e-02	1.98989709e-04	2.03013379e-02
6.18164063e-02	1.99983482e-04	2.04036293e-02
6.18652344e-02	2.00982263e-04	2.05064395e-02
6.19140625e-02	2.01986077e-04	2.06097713e-02
6.19628906e-02	2.02994949e-04	2.07136272e-02
6.20117188e-02	2.04008905e-04	2.08180099e-02
6.20605469e-02	2.05027971e-04	2.09229222e-02
6.21093750e-02	2.06052172e-04	2.10283667e-02
6.21582031e-02	2.07081535e-04	2.11343461e-02
6.22070313e-02	2.08116086e-04	2.12408632e-02
6.22558594e-02	2.09155851e-04	2.13479208e-02
6.23046875e-02	2.10200857e-04	2.14555215e-02
6.23535156e-02	2.11251130e-04	2.15636681e-02
6.24023438e-02	2.12306698e-04	2.16723634e-02
6.24511719e-02	2.13367586e-04	2.17816103e-02
6.25000000e-02	2.14433822e-04	2.18914115e-02
6.25488281e-02	2.15505432e-04	2.20017699e-02
6.25976563e-02	2.16582446e-04	2.21126883e-02
6.26464844e-02	2.17664888e-04	2.22241695e-02
6.26953125e-02	2.18752788e-04	2.23362164e-02
6.27441406e-02	2.19846173e-04	2.24488320e-02
6.27929687e-02	2.20945071e-04	2.25620191e-02
6.28417969e-02	2.22049510e-04	2.26757806e-02
6.28906250e-02	2.23159517e-04	2.27901195e-02
6.29394531e-02	2.24275121e-04	2.29050386e-02
6.29882812e-02	2.25396351e-04	2.30205411e-02
6.30371094e-02	2.26523235e-04	2.31366297e-02
6.30859375e-02	2.27655802e-04	2.32533076e-02
6.31347656e-02	2.28794081e-04	2.33705778e-02
6.31835938e-02	2.29938100e-04	2.34884432e-02
6.32324219e-02	2.31087889e-04	2.36069069e-02
6.32812500e-02	2.32243476e-04	2.37259719e-02
6.33300781e-02	2.33404893e-04	2.38456413e-02
6.33789063e-02	2.34572167e-04	2.39659183e-02
6.34277344e-02	2.35745329e-04	2.40868058e-02
6.34765625e-02	2.36924409e-04	2.42083070e-02
6.35253906e-02	2.38109437e-04	2.43304251e-02
6.35742188e-02	2.39300442e-04	2.44531632e-02
6.36230469e-02	2.40497456e-04	2.45765244e-02
6.36718750e-02	2.41700509e-04	2.47005120e-02
6.37207031e-02	2.42909631e-04	2.48251291e-02
6.37695312e-02	2.44124853e-04	2.49503789e-02
6.38183594e-02	2.45346207e-04	2.50762647e-02
6.38671875e-02	2.46573723e-04	2.52027897e-02
6.39160156e-02	2.47807433e-04	2.53299572e-02
6.39648438e-02	2.49047367e-04	2.54577705e-02
6.40136719e-02	2.50293559e-04	2.55862328e-02
6.40625000e-02	2.51546039e-04	2.57153474e-02
6.41113281e-02	2.52804839e-04	2.58451178e-02
6.41601563e-02	2.54069992e-04	2.59755471e-02
6.42089844e-02	2.55341530e-04	2.61066389e-02
6.42578125e-02	2.56619485e-04	2.62383965e-02
6.43066406e-02	2.57903890e-04	2.63708232e-02
6.43554688e-02	2.59194777e-04	2.65039226e-02
6.44042969e-02	2.60492180e-04	2.66376979e-02
6.44531250e-02	2.61796131e-04	2.67721528e-02
6.45019531e-02	2.63106665e-04	2.69072906e-02
6.45507813e-02	2.64423813e-04	2.70431148e-02
6.45996094e-02	2.65747611e-04	2.71796289e-02
6.46484375e-02	2.67078091e-04	2.73168365e-02
6.46972656e-02	2.68415288e-04	2.74547412e-02
6.47460937e-02	2.69759235e-04	2.75933463e-02
6.47949219e-02	2.71109967e-04	2.77326556e-02
6.48437500e-02	2.72467519e-04	2.78726726e-02
6.48925781e-02	2.73831925e-04	2.80134010e-02
6.49414062e-02	2.75203221e-04	2.81548443e-02
6.49902344e-02	2.76581440e-04	2.82970063e-02
6.50390625e-02	2.77966618e-04	2.84398905e-02
6.50878906e-02	2.79358790e-04	2.85835007e-02
6.51367188e-02	2.80757993e-04	2.87278406e-02
6.51855469e-02	2.82164261e-04	2.88729139e-02
6.52343750e-02	2.83577632e-04	2.90187244e-02
6.52832031e-02	2.84998139e-04	2.91652758e-02
6.53320313e-02	2.86425821e-04	2.93125719e-02
6.53808594e-02	2.87860713e-04	2.94606164e-02
6.54296875e-02	2.89302853e-04	2.96094133e-02
6.54785156e-02	2.90752276e-04	2.97589664e-02
6.55273438e-02	2.92209020e-04	2.99092795e-02
6.55761719e-02	2.93673123e-04	3.00603565e-02
6.56250000e-02	2.95144621e-04	3.02122013e-02
6.56738281e-02	2.96623552e-04	3.03648178e-02
6.57226562e-02	2.98109954e-04	3.05182100e-02
6.57714844e-02	2.99603865e-04	3.06723819e-02
6.58203125e-02	3.01105323e-04	3.08273373e-02
6.58691406e-02	3.02614366e-04	3.09830804e-02
6.59179688e-02	3.04131034e-04	3.11396151e-02
6.59667969e-02	3.05655364e-04	3.12969455e-02
6.60156250e-02	3.07187396e-04	3.14550756e-02
6.60644531e-02	3.08727168e-04	3.16140096e-02
6.61132813e-02	3.10274721e-04	3.17737515e-02
6.61621094e-02	3.11830093e-04	3.19343054e-02
6.62109375e-02	3.13393325e-04	3.20956756e-02
6.62597656e-02	3.14964457e-04	3.22578661e-02
6.63085938e-02	3.16543528e-04	3.24208812e-02
6.63574219e-02	3.18130579e-04	3.25847251e-02
6.64062500e-02	3.19725650e-04	3.27494020e-02
6.64550781e-02	3.21328783e-04	3.29149162e-02
6.65039063e-02	3.22940018e-04	3.30812719e-02
6.65527344e-02	3.24559397e-04	3.32484734e-02
6.66015625e-02	3.26186960e-04	3.34165252e-02
6.66503906e-02	3.27822750e-04	3.35854314e-02
6.66992187e-02	3.29466808e-04	3.37551965e-02
6.67480469e-02	3.31119177e-04	3.39258249e-02
6.67968750e-02	3.32779898e-04	3.40973209e-02
6.68457031e-02	3.34449015e-04	3.42696890e-02
6.68945312e-02	3.36126569e-04	3.44429337e-02
6.69433594e-02	3.37812604e-04	3.46170595e-02
6.69921875e-02	3.39507163e-04	3.47920708e-02
6.70410156e-02	3.41210289e-04	3.49679721e-02
6.70898438e-02	3.42922026e-04	3.51447681e-02
6.71386719e-02	3.44642417e-04	3.53224632e-02
6.71875000e-02	3.46371507e-04	3.55010622e-02
6.72363281e-02	3.48109340e-04	3.56805695e-02
6.72851563e-02	3.49855960e-04	3.58609899e-02
6.73339844e-02	3.51611412e-04	3.60423279e-02
6.73828125e-02	3.53375741e-04	3.62245884e-02
6.74316406e-02	3.55148992e-04	3.64077760e-02
6.74804688e-02	3.56931211e-04	3.65918954e-02
6.75292969e-02	3.58722442e-04	3.67769514e-02
6.75781250e-02	3.60522733e-04	3.69629488e-02
6.76269531e-02	3.62332128e-04	3.71498925e-02
6.76757812e-02	3.64150675e-04	3.73377871e-02
6.77246094e-02	3.65978420e-04	3.75266377e-02
6.77734375e-02	3.67815409e-04	3.77164490e-02
6.78222656e-02	3.69661691e-04	3.79072261e-02
6.78710938e-02	3.71517311e-04	3.80989738e-02
6.79199219e-02	3.73382317e-04	3.82916971e-02
6.79687500e-02	3.75256758e-04	3.84854009e-02
6.80175781e-02	3.77140681e-04	3.86800904e-02
6.80664063e-02	3.79034135e-04	3.88757705e-02
6.81152344e-02	3.80937168e-04	3.90724463e-02
6.81640625e-02	3.82849828e-04	3.92701228e-02
6.82128906e-02	3.84772165e-04	3.94688053e-02
6.82617188e-02	3.86704228e-04	3.96684988e-02
6.83105469e-02	3.88646067e-04	3.98692085e-02
6.83593750e-02	3.90597730e-04	4.00709397e-02
6.84082031e-02	3.92559269e-04	4.02736974e-02
6.84570313e-02	3.94530734e-04	4.04774870e-02
6.85058594e-02	3.96512174e-04	4.06823138e-02
6.85546875e-02	3.98503642e-04	4.08881831e-02
6.86035156e-02	4.00505187e-04	4.10951001e-02
6.86523437e-02	4.02516861e-04	4.13030703e-02
6.87011719e-02	4.04538715e-04	4.15120989e-02
6.87500000e-02	4.06570803e-04	4.17221916e-02
6.87988281e-02	4.08613174e-04	4.19333536e-02
6.88476562e-02	4.10665883e-04	4.21455904e-02
6.88964844e-02	4.12728981e-04	4.23589076e-02
6.89453125e-02	4.14802521e-04	4.25733106e-02
6.89941406e-02	4.16886557e-04	4.27888051e-02
6.90429688e-02	4.18981142e-04	4.30053966e-02
6.90917969e-02	4.21086330e-04	4.32230906e-02
6.91406250e-02	4.23202174e-04	4.34418930e-02
6.91894531e-02	4.25328730e-04	4.36618092e-02
6.92382813e-02	4.27466050e-04	4.38828450e-02
6.92871094e-02	4.29614191e-04	4.41050062e-02
6.93359375e-02	4.31773207e-04	4.43282985e-02
6.93847656e-02	4.33943154e-04	4.45527276e-02
6.94335938e-02	4.36124088e-04	4.47782994e-02
6.94824219e-02	4.38316063e-04	4.50050198e-02
6.95312500e-02	4.40519137e-04	4.52328946e-02
6.95800781e-02	4.42733366e-04	4.54619297e-02
6.96289062e-02	4.44958807e-04	4.56921310e-02
6.96777344e-02	4.47195517e-04	4.59235045e-02
6.97265625e-02	4.49443553e-04	4.61560563e-02
6.97753906e-02	4.51702973e-04	4.63897922e-02
6.98242188e-02	4.53973836e-04	4.66247185e-02
6.98730469e-02	4.56256198e-04	4.68608411e-02
6.99218750e-02	4.58550119e-04	4.70981663e-02
6.99707031e-02	4.60855658e-04	4.73367001e-02
7.00195313e-02	4.63172873e-04	4.75764487e-02
7.00683594e-02	4.65501825e-04	4.78174184e-02
7.01171875e-02	4.67842573e-04	4.80596154e-02
7.01660156e-02	4.70195177e-04	4.83030459e-02
7.02148438e-02	4.72559698e-04	4.85477163e-02
7.02636719e-02	4.74936195e-04	4.87936330e-02
7.03125000e-02	4.77324731e-04	4.90408022e-02
7.03613281e-02	4.79725367e-04	4.92892305e-02
7.04101563e-02	4.82138164e-04	4.95389242e-02
7.04589844e-02	4.84563184e-04	4.97898898e-02
7.05078125e-02	4.87000489e-04	5.00421339e-02
7.05566406e-02	4.89450142e-04	5.02956629e-02
7.06054687e-02	4.91912206e-04	5.05504835e-02
7.06542969e-02	4.94386744e-04	5.08066022e-02
7.07031250e-02	4.96873820e-04	5.10640258e-02
7.07519531e-02	4.99373498e-04	5.13227608e-02
7.08007812e-02	5.01885841e-04	5.15828140e-02
7.08496094e-02	5.04410914e-04	5.18441921e-02
7.08984375e-02	5.06948783e-04	5.21069020e-02
7.09472656e-02	5.09499512e-04	5.23709503e-02
7.09960938e-02	5.12063166e-04	5.26363441e-02
7.10449219e-02	5.14639812e-04	5.29030901e-02
7.10937500e-02	5.17229517e-04	5.31711953e-02
7.11425781e-02	5.19832345e-04	5.34406666e-02
7.11914063e-02	5.22448365e-04	5.37115111e-02
7.12402344e-02	5.25077644e-04	5.39837357e-02
7.12890625e-02	5.27720248e-04	5.42573475e-02
7.13378906e-02	5.30376247e-04	5.45323536e-02
7.13867188e-02	5.33045708e-04	5.48087612e-02
7.14355469e-02	5.35728699e-04	5.50865774e-02
7.14843750e-02	5.38425291e-04	5.53658095e-02
7.15332031e-02	5.41135552e-04	5.56464647e-02
7.15820312e-02	5.43859551e-04	5.59285502e-02
7.16308594e-02	5.46597359e-04	5.62120734e-02
7.16796875e-02	5.49349046e-04	5.64970416e-02
7.17285156e-02	5.52114684e-04	5.67834623e-02
7.17773438e-02	5.54894342e-04	5.70713429e-02
7.18261719e-02	5.57688093e-04	5.73606908e-02
7.18750000e-02	5.60496008e-04	5.76515136e-02
7.19238281e-02	5.63318160e-04	5.79438188e-02
7.19726563e-02	5.66154621e-04	5.82376140e-02
7.20214844e-02	5.69005463e-04	5.85329068e-02
7.20703125e-02	5.71870761e-04	5.88297050e-02
7.21191406e-02	5.74750589e-04	5.91280161e-02
7.21679688e-02	5.77645019e-04	5.94278480e-02
7.22167969e-02	5.80554127e-04	5.97292084e-02
7.22656250e-02	5.83477987e-04	6.00321052e-02
7.23144531e-02	5.86416675e-04	6.03365462e-02
7.23632813e-02	5.89370266e-04	6.06425394e-02
7.24121094e-02	5.92338836e-04	6.09500926e-02
7.24609375e-02	5.95322461e-04	6.12592139e-02
7.25097656e-02	5.98321219e-04	6.15699113e-02
7.25585937e-02	6.01335187e-04	6.18821928e-02
7.26074219e-02	6.04364441e-04	6.21960667e-02
7.26562500e-02	6.07409060e-04	6.25115409e-02
7.27050781e-02	6.10469123e-04	6.28286238e-02
7.27539062e-02	6.13544708e-04	6.31473236e-02
7.28027344e-02	6.16635894e-04	6.34676485e-02
7.28515625e-02	6.19742760e-04	6.37896069e-02
7.29003906e-02	6.22865387e-04	6.41132071e-02
7.29492188e-02	6.26003856e-04	6.44384575e-02
7.29980469e-02	6.29158246e-04	6.47653667e-02
7.30468750e-02	6.32328639e-04	6.50939430e-02
7.30957031e-02	6.35515117e-04	6.54241950e-02
7.31445313e-02	6.38717762e-04	6.57561314e-02
7.31933594e-02	6.41936656e-04	6.60897606e-02
7.32421875e-02	6.45171882e-04	6.64250915e-02
7.32910156e-02	6.48423523e-04	6.67621327e-02
7.33398438e-02	6.51691663e-04	6.71008930e-02
7.33886719e-02	6.54976387e-04	6.74413811e-02
7.34375000e-02	6.58277778e-04	6.77836060e-02
7.34863281e-02	6.61595922e-04	6.81275765e-02
7.35351562e-02	6.64930904e-04	6.84733016e-02
7.35839844e-02	6.68282811e-04	6.88207903e-02
7.36328125e-02	6.71651728e-04	6.91700515e-02
7.36816406e-02	6.75037742e-04	6.95210944e-02
7.37304688e-02	6.78440941e-04	6.98739281e-02
7.37792969e-02	6.81861412e-04	7.02285618e-02
7.38281250e-02	6.85299243e-04	7.05850046e-02
7.38769531e-02	6.88754523e-04	7.09432659e-02
7.39257813e-02	6.92227341e-04	7.13033550e-02
7.39746094e-02	6.95717786e-04	7.16652813e-02
7.40234375e-02	6.99225949e-04	7.20290541e-02
7.40722656e-02	7.02751919e-04	7.23946829e-02
7.41210938e-02	7.06295788e-04	7.27621772e-02
7.41699219e-02	7.09857646e-04	7.31315466e-02
7.42187500e-02	7.13437586e-04	7.35028007e-02
7.42675781e-02	7.17035700e-04	7.38759491e-02
7.43164063e-02	7.20652081e-04	7.42510015e-02
7.43652344e-02	7.24286821e-04	7.46279678e-02
7.44140625e-02	7.27940015e-04	7.50068577e-02
7.44628906e-02	7.31611757e-04	7.53876810e-02
7.45117187e-02	7.35302141e-04	7.57704478e-02
7.45605469e-02	7.39011263e-04	7.61551678e-02
7.46093750e-02	7.42739217e-04	7.65418512e-02
7.46582031e-02	7.46486101e-04	7.69305080e-02
7.47070312e-02	7.50252011e-04	7.73211483e-02
7.47558594e-02	7.54037043e-04	7.77137823e-02
7.48046875e-02	7.57841296e-04	7.81084202e-02
7.48535156e-02	7.61664868e-04	7.85050722e-02
7.49023438e-02	7.65507856e-04	7.89037487e-02
7.49511719e-02	7.69370361e-04	7.93044601e-02
7.50000000e-02	7.73252482e-04	7.97072168e-02
7.50488281e-02	7.77154320e-04	8.01120293e-02
7.50976563e-02	7.81075973e-04	8.05189080e-02
7.51464844e-02	7.85017545e-04	8.09278637e-02
7.51953125e-02	7.88979136e-04	8.13389069e-02
7.52441406e-02	7.92960849e-04	8.17520483e-02
7.52929688e-02	7.96962786e-04	8.21672988e-02
7.53417969e-02	8.00985051e-04	8.25846690e-02
7.53906250e-02	8.05027747e-04	8.30041699e-02
7.54394531e-02	8.09090979e-04	8.34258125e-02
7.54882813e-02	8.13174852e-04	8.38496075e-02
7.55371094e-02	8.17279470e-04	8.42755662e-02
7.55859375e-02	8.21404940e-04	8.47036996e-02
7.56347656e-02	8.25551369e-04	8.51340189e-02
7.56835938e-02	8.29718863e-04	8.55665351e-02
7.57324219e-02	8.33907530e-04	8.60012597e-02
7.57812500e-02	8.38117478e-04	8.64382040e-02
7.58300781e-02	8.42348815e-04	8.68773792e-02
7.58789063e-02	8.46601652e-04	8.73187969e-02
7.59277344e-02	8.50876097e-04	8.77624685e-02
7.59765625e-02	8.55172260e-04	8.82084057e-02
7.60253906e-02	8.59490254e-04	8.86566199e-02
7.60742188e-02	8.63830189e-04	8.91071230e-02
7.61230469e-02	8.68192178e-04	8.95599266e-02
7.61718750e-02	8.72576332e-04	9.00150424e-02
7.62207031e-02	8.76982766e-04	9.04724825e-02
7.62695313e-02	8.81411593e-04	9.09322587e-02
7.63183594e-02	8.85862927e-04	9.13943829e-02
7.63671875e-02	8.90336883e-04	9.18588673e-02
7.64160156e-02	8.94833577e-04	9.23257238e-02
7.64648438e-02	8.99353125e-04	9.27949648e-02
7.65136719e-02	9.03895644e-04	9.32666023e-02
7.65625000e-02	9.08461251e-04	9.37406488e-02
7.66113281e-02	9.13050063e-04	9.42171164e-02
7.66601562e-02	9.17662200e-04	9.46960178e-02
7.67089844e-02	9.22297781e-04	9.51773653e-02
7.67578125e-02	9.26956925e-04	9.56611715e-02
7.68066406e-02	9.31639753e-04	9.61474489e-02
7.68554688e-02	9.36346385e-04	9.66362104e-02
7.69042969e-02	9.41076944e-04	9.71274685e-02
7.69531250e-02	9.45831551e-04	9.76212362e-02
7.70019531e-02	9.50610329e-04	9.81175263e-02
7.70507813e-02	9.55413402e-04	9.86163516e-02
7.70996094e-02	9.60240894e-04	9.91177253e-02
7.71484375e-02	9.65092930e-04	9.96216604e-02
7.71972656e-02	9.69969635e-04	1.00128170e-01
7.72460938e-02	9.74871135e-04	1.00637267e-01
7.72949219e-02	9.79797557e-04	1.01148966e-01
7.73437500e-02	9.84749027e-04	1.01663279e-01
7.73925781e-02	9.89725675e-04	1.02180219e-01
7.74414063e-02	9.94727629e-04	1.02699801e-01
7.74902344e-02	9.99755018e-04	1.03222037e-01
7.75390625e-02	1.00480797e-03	1.03746942e-01
7.75878906e-02	1.00988662e-03	1.04274529e-01
7.76367188e-02	1.01499110e-03	1.04804812e-01
7.76855469e-02	1.02012153e-03	1.05337805e-01
7.77343750e-02	1.02527806e-03	1.05873521e-01
7.77832031e-02	1.03046081e-03	1.06411975e-01
7.78320313e-02	1.03566992e-03	1.06953180e-01
7.78808594e-02	1.04090552e-03	1.07497151e-01
7.79296875e-02	1.04616776e-03	1.08043902e-01
7.79785156e-02	1.05145675e-03	1.08593447e-01
7.80273438e-02	1.05677265e-03	1.09145801e-01
7.80761719e-02	1.06211559e-03	1.09700977e-01
7.81250000e-02	1.06748571e-03	1.10258991e-01
7.81738281e-02	1.07288314e-03	1.10819857e-01
7.82226563e-02	1.07830803e-03	1.11383590e-01
7.82714844e-02	1.08376052e-03	1.11950204e-01
7.83203125e-02	1.08924074e-03	1.12519714e-01
7.83691406e-02	1.09474884e-03	1.13092134e-01
7.84179688e-02	1.10028496e-03	1.13667481e-01
7.84667969e-02	1.10584925e-03	1.14245769e-01
7.85156250e-02	1.11144185e-03	1.14827013e-01
7.85644531e-02	1.11706290e-03	1.15411227e-01
7.86132812e-02	1.12271255e-03	1.15998429e-01
7.86621094e-02	1.12839094e-03	1.16588632e-01
7.87109375e-02	1.13409823e-03	1.17181852e-01
7.87597656e-02	1.13983456e-03	1.17778104e-01
7.88085938e-02	1.14560007e-03	1.18377405e-01
7.88574219e-02	1.15139493e-03	1.18979770e-01
7.89062500e-02	1.15721927e-03	1.19585214e-01
7.89550781e-02	1.16307325e-03	1.20193754e-01
7.90039063e-02	1.16895701e-03	1.20805405e-01
7.90527344e-02	1.17487073e-03	1.21420183e-01
7.91015625e-02	1.18081453e-03	1.22038104e-01
7.91503906e-02	1.18678859e-03	1.22659185e-01
7.91992188e-02	1.19279304e-03	1.23283442e-01
7.92480469e-02	1.19882806e-03	1.23910890e-01
7.92968750e-02	1.20489380e-03	1.24541546e-01
7.93457031e-02	1.21099040e-03	1.25175428e-01
7.93945313e-02	1.21711804e-03	1.25812551e-01
7.94433594e-02	1.22327686e-03	1.26452931e-01
7.94921875e-02	1.22946704e-03	1.27096587e-01
7.95410156e-02	1.23568872e-03	1.27743533e-01
7.95898438e-02	1.24194207e-03	1.28393789e-01
7.96386719e-02	1.24822726e-03	1.29047369e-01
7.96875000e-02	1.25454444e-03	1.29704293e-01
7.97363281e-02	1.26089377e-03	1.30364575e-01
7.97851563e-02	1.26727543e-03	1.31028235e-01
7.98339844e-02	1.27368958e-03	1.31695289e-01
7.98828125e-02	1.28013639e-03	1.32365754e-01
7.99316406e-02	1.28661601e-03	1.33039648e-01
7.99804688e-02	1.29312862e-03	1.33716990e-01
8.00292969e-02	1.29967439e-03	1.34397795e-01
8.00781250e-02	1.30625349e-03	1.35082083e-01
8.01269531e-02	1.31286609e-03	1.35769872e-01
8.01757813e-02	1.31951235e-03	1.36461178e-01
8.02246094e-02	1.32619246e-03	1.37156020e-01
8.02734375e-02	1.33290658e-03	1.37854417e-01
8.03222656e-02	1.33965489e-03	1.38556386e-01
8.03710938e-02	1.34643757e-03	1.39261946e-01
8.04199219e-02	1.35325478e-03	1.39971115e-01
8.04687500e-02	1.36010671e-03	1.40683913e-01
8.05175781e-02	1.36699353e-03	1.41400356e-01
8.05664062e-02	1.37391543e-03	1.42120465e-01
8.06152344e-02	1.38087258e-03	1.42844258e-01
8.06640625e-02	1.38786515e-03	1.43571755e-01
8.07128906e-02	1.39489335e-03	1.44302973e-01
8.07617188e-02	1.40195733e-03	1.45037932e-01
8.08105469e-02	1.40905730e-03	1.45776651e-01
8.08593750e-02	1.41619343e-03	1.46519150e-01
8.09082031e-02	1.42336590e-03	1.47265449e-01
8.09570313e-02	1.43057491e-03	1.48015565e-01
8.10058594e-02	1.43782064e-03	1.48769520e-01
8.10546875e-02	1.44510328e-03	1.49527333e-01
8.11035156e-02	1.45242301e-03	1.50289024e-01
8.11523438e-02	1.45978004e-03	1.51054612e-01
8.12011719e-02	1.46717454e-03	1.51824118e-01
8.12500000e-02	1.47460671e-03	1.52597561e-01
8.12988281e-02	1.48207674e-03	1.53374963e-01
8.13476563e-02	1.48958483e-03	1.54156343e-01
8.13964844e-02	1.49713117e-03	1.54941722e-01
8.14453125e-02	1.50471595e-03	1.55731120e-01
8.14941406e-02	1.51233938e-03	1.56524558e-01
8.15429688e-02	1.52000165e-03	1.57322056e-01
8.15917969e-02	1.52770296e-03	1.58123637e-01
8.16406250e-02	1.53544352e-03	1.58929320e-01
8.16894531e-02	1.54322351e-03	1.59739126e-01
8.17382813e-02	1.55104314e-03	1.60553077e-01
8.17871094e-02	1.55890262e-03	1.61371195e-01
8.18359375e-02	1.56680215e-03	1.62193500e-01
8.18847656e-02	1.57474193e-03	1.63020013e-01
8.19335938e-02	1.58272217e-03	1.63850758e-01
8.19824219e-02	1.59074309e-03	1.64685755e-01
8.20312500e-02	1.59880487e-03	1.65525026e-01
8.20800781e-02	1.60690774e-03	1.66368594e-01
8.21289063e-02	1.61505191e-03	1.67216479e-01
8.21777344e-02	1.62323758e-03	1.68068706e-01
8.22265625e-02	1.63146498e-03	1.68925295e-01
8.22753906e-02	1.63973430e-03	1.69786269e-01
8.23242188e-02	1.64804577e-03	1.70651651e-01
8.23730469e-02	1.65639961e-03	1.71521463e-01
8.24218750e-02	1.66479603e-03	1.72395728e-01
8.24707031e-02	1.67323524e-03	1.73274470e-01
8.25195312e-02	1.68171747e-03	1.74157710e-01
8.25683594e-02	1.69024294e-03	1.75045473e-01
8.26171875e-02	1.69881187e-03	1.75937781e-01
8.26660156e-02	1.70742448e-03	1.76834658e-01
8.27148438e-02	1.71608099e-03	1.77736127e-01
8.27636719e-02	1.72478163e-03	1.78642212e-01
8.28125000e-02	1.73352663e-03	1.79552937e-01
8.28613281e-02	1.74231621e-03	1.80468325e-01
8.29101563e-02	1.75115060e-03	1.81388400e-01
8.29589844e-02	1.76003004e-03	1.82313187e-01
8.30078125e-02	1.76895474e-03	1.83242709e-01
8.30566406e-02	1.77792495e-03	1.84176992e-01
8.31054688e-02	1.78694089e-03	1.85116059e-01
8.31542969e-02	1.79600281e-03	1.86059936e-01
8.32031250e-02	1.80511093e-03	1.87008646e-01
8.32519531e-02	1.81426549e-03	1.87962215e-01
8.33007813e-02	1.82346673e-03	1.88920667e-01
8.33496094e-02	1.83271489e-03	1.89884028e-01
8.33984375e-02	1.84201021e-03	1.90852324e-01
8.34472656e-02	1.85135294e-03	1.91825578e-01
8.34960938e-02	1.86074330e-03	1.92803818e-01
8.35449219e-02	1.87018156e-03	1.93787068e-01
8.35937500e-02	1.87966794e-03	1.94775354e-01
8.36425781e-02	1.88920271e-03	1.95768703e-01
8.36914063e-02	1.89878611e-03	1.96767140e-01
8.37402344e-02	1.90841838e-03	1.97770691e-01
8.37890625e-02	1.91809977e-03	1.98779382e-01
8.38378906e-02	1.92783055e-03	1.99793241e-01
8.38867188e-02	1.93761096e-03	2.00812294e-01
8.39355469e-02	1.94744125e-03	2.01836566e-01
8.39843750e-02	1.95732169e-03	2.02866087e-01
8.40332031e-02	1.96725252e-03	2.03900881e-01
8.40820313e-02	1.97723402e-03	2.04940976e-01
8.41308594e-02	1.98726642e-03	2.05986401e-01
8.41796875e-02	1.99735001e-03	2.07037181e-01
8.42285156e-02	2.00748503e-03	2.08093344e-01
8.42773438e-02	2.01767175e-03	2.09154919e-01
8.43261719e-02	2.02791045e-03	2.10221933e-01
8.43750000e-02	2.03820137e-03	2.11294414e-01
8.44238281e-02	2.04854480e-03	2.12372390e-01
8.44726562e-02	2.05894100e-03	2.13455890e-01
8.45214844e-02	2.06939024e-03	2.14544941e-01
8.45703125e-02	2.07989279e-03	2.15639573e-01
8.46191406e-02	2.09044893e-03	2.16739814e-01
8.46679688e-02	2.10105892e-03	2.17845692e-01
8.47167969e-02	2.11172306e-03	2.18957238e-01
8.47656250e-02	2.12244161e-03	2.20074480e-01
8.48144531e-02	2.13321485e-03	2.21197447e-01
8.48632813e-02	2.14404306e-03	2.22326169e-01
8.49121094e-02	2.15492653e-03	2.23460675e-01
8.49609375e-02	2.16586553e-03	2.24600996e-01
8.50097656e-02	2.17686036e-03	2.25747161e-01
8.50585938e-02	2.18791130e-03	2.26899199e-01
8.51074219e-02	2.19901863e-03	2.28057143e-01
8.51562500e-02	2.21018265e-03	2.29221021e-01
8.52050781e-02	2.22140364e-03	2.30390864e-01
8.52539063e-02	2.23268190e-03	2.31566704e-01
8.53027344e-02	2.24401772e-03	2.32748570e-01
8.53515625e-02	2.25541140e-03	2.33936494e-01
8.54003906e-02	2.26686323e-03	2.35130507e-01
8.54492188e-02	2.27837352e-03	2.36330641e-01
8.54980469e-02	2.28994255e-03	2.37536926e-01
8.55468750e-02	2.30157063e-03	2.38749395e-01
8.55957031e-02	2.31325807e-03	2.39968079e-01
8.56445313e-02	2.32500517e-03	2.41193011e-01
8.56933594e-02	2.33681223e-03	2.42424222e-01
8.57421875e-02	2.34867956e-03	2.43661745e-01
8.57910156e-02	2.36060748e-03	2.44905612e-01
8.58398438e-02	2.37259628e-03	2.46155856e-01
8.58886719e-02	2.38464629e-03	2.47412510e-01
8.59375000e-02	2.39675782e-03	2.48675606e-01
8.59863281e-02	2.40893118e-03	2.49945179e-01
8.60351563e-02	2.42116668e-03	2.51221260e-01
8.60839844e-02	2.43346466e-03	2.52503885e-01
8.61328125e-02	2.44582543e-03	2.53793085e-01
8.61816406e-02	2.45824930e-03	2.55088896e-01
8.62304688e-02	2.47073661e-03	2.56391352e-01
8.62792969e-02	2.48328768e-03	2.57700486e-01
8.63281250e-02	2.49590284e-03	2.59016332e-01
8.63769531e-02	2.50858241e-03	2.60338926e-01
8.64257812e-02	2.52132673e-03	2.61668303e-01
8.64746094e-02	2.53413612e-03	2.63004496e-01
8.65234375e-02	2.54701093e-03	2.64347541e-01
8.65722656e-02	2.55995148e-03	2.65697474e-01
8.66210938e-02	2.57295812e-03	2.67054330e-01
8.66699219e-02	2.58603118e-03	2.68418145e-01
8.67187500e-02	2.59917100e-03	2.69788953e-01
8.67675781e-02	2.61237793e-03	2.71166792e-01
8.68164063e-02	2.62565230e-03	2.72551698e-01
8.68652344e-02	2.63899448e-03	2.73943707e-01
8.69140625e-02	2.65240479e-03	2.75342855e-01
8.69628906e-02	2.66588360e-03	2.76749180e-01
8.70117188e-02	2.67943126e-03	2.78162717e-01
8.70605469e-02	2.69304811e-03	2.79583505e-01
8.71093750e-02	2.70673451e-03	2.81011581e-01
8.71582031e-02	2.72049082e-03	2.82446983e-01
8.72070313e-02	2.73431740e-03	2.83889747e-01
8.72558594e-02	2.74821461e-03	2.85339912e-01
8.73046875e-02	2.76218281e-03	2.86797516e-01
8.73535156e-02	2.77622236e-03	2.88262597e-01
8.74023438e-02	2.79033364e-03	2.89735195e-01
8.74511719e-02	2.80451700e-03	2.91215347e-01
8.75000000e-02	2.81877282e-03	2.92703092e-01
8.75488281e-02	2.83310147e-03	2.94198470e-01
8.75976563e-02	2.84750333e-03	2.95701520e-01
8.76464844e-02	2.86197876e-03	2.97212281e-01
8.76953125e-02	2.87652816e-03	2.98730793e-01
8.77441406e-02	2.89115188e-03	3.00257097e-01
8.77929688e-02	2.90585033e-03	3.01791231e-01
8.78417969e-02	2.92062388e-03	3.03333238e-01
8.78906250e-02	2.93547291e-03	3.04883156e-01
8.79394531e-02	2.95039781e-03	3.06441027e-01
8.79882813e-02	2.96539898e-03	3.08006892e-01
8.80371094e-02	2.98047681e-03	3.09580792e-01
8.80859375e-02	2.99563168e-03	3.11162768e-01
8.81347656e-02	3.01086400e-03	3.12752863e-01
8.81835938e-02	3.02617415e-03	3.14351117e-01
8.82324219e-02	3.04156255e-03	3.15957573e-01
8.82812500e-02	3.05702959e-03	3.17572274e-01
8.83300781e-02	3.07257567e-03	3.19195261e-01
8.83789062e-02	3.08820120e-03	3.20826577e-01
8.84277344e-02	3.10390659e-03	3.22466266e-01
8.84765625e-02	3.11969225e-03	3.24114369e-01
8.85253906e-02	3.13555859e-03	3.25770932e-01
8.85742188e-02	3.15150603e-03	3.27435997e-01
8.86230469e-02	3.16753497e-03	3.29109609e-01
8.86718750e-02	3.18364585e-03	3.30791810e-01
8.87207031e-02	3.19983907e-03	3.32482646e-01
8.87695313e-02	3.21611507e-03	3.34182161e-01
8.88183594e-02	3.23247426e-03	3.35890400e-01
8.88671875e-02	3.24891708e-03	3.37607407e-01
8.89160156e-02	3.26544395e-03	3.39333229e-01
8.89648438e-02	3.28205531e-03	3.41067910e-01
8.90136719e-02	3.29875158e-03	3.42811495e-01
8.90625000e-02	3.31553321e-03	3.44564032e-01
8.91113281e-02	3.33240063e-03	3.46325566e-01
8.91601563e-02	3.34935429e-03	3.48096143e-01
8.92089844e-02	3.36639462e-03	3.49875810e-01
8.92578125e-02	3.38352207e-03	3.51664614e-01
8.93066406e-02	3.40073709e-03	3.53462602e-01
8.93554688e-02	3.41804013e-03	3.55269822e-01
8.94042969e-02	3.43543163e-03	3.57086320e-01
8.94531250e-02	3.45291207e-03	3.58912145e-01
8.95019531e-02	3.47048188e-03	3.60747345e-01
8.95507813e-02	3.48814153e-03	3.62591969e-01
8.95996094e-02	3.50589148e-03	3.64446064e-01
8.96484375e-02	3.52373220e-03	3.66309680e-01
8.96972656e-02	3.54166414e-03	3.68182866e-01
8.97460938e-02	3.55968779e-03	3.70065671e-01
8.97949219e-02	3.57780361e-03	3.71958144e-01
8.98437500e-02	3.59601206e-03	3.73860337e-01
8.98925781e-02	3.61431364e-03	3.75772298e-01
8.99414063e-02	3.63270882e-03	3.77694078e-01
8.99902344e-02	3.65119807e-03	3.79625728e-01
9.00390625e-02	3.66978188e-03	3.81567298e-01
9.00878906e-02	3.68846075e-03	3.83518840e-01
9.01367188e-02	3.70723514e-03	3.85480406e-01
9.01855469e-02	3.72610556e-03	3.87452047e-01
9.02343750e-02	3.74507250e-03	3.89433814e-01
9.02832031e-02	3.76413646e-03	3.91425761e-01
9.03320312e-02	3.78329792e-03	3.93427940e-01
9.03808594e-02	3.80255740e-03	3.95440403e-01
9.04296875e-02	3.82191540e-03	3.97463203e-01
9.04785156e-02	3.84137242e-03	3.99496395e-01
9.05273438e-02	3.86092898e-03	4.01540030e-01
9.05761719e-02	3.88058557e-03	4.03594165e-01
9.06250000e-02	3.90034273e-03	4.05658852e-01
9.06738281e-02	3.92020096e-03	4.07734146e-01
9.07226563e-02	3.94016078e-03	4.09820101e-01
9.07714844e-02	3.96022271e-03	4.11916774e-01
9.08203125e-02	3.98038729e-03	4.14024218e-01
9.08691406e-02	4.00065503e-03	4.16142491e-01
9.09179688e-02	4.02102647e-03	4.18271646e-01
9.09667969e-02	4.04150214e-03	4.20411742e-01
9.10156250e-02	4.06208257e-03	4.22562834e-01
9.10644531e-02	4.08276831e-03	4.24724978e-01
9.11132813e-02	4.10355989e-03	4.26898233e-01
9.11621094e-02	4.12445786e-03	4.29082655e-01
9.12109375e-02	4.14546277e-03	4.31278302e-01
9.12597656e-02	4.16657516e-03	4.33485232e-01
9.13085938e-02	4.18779559e-03	4.35703503e-01
9.13574219e-02	4.20912461e-03	4.37933174e-01
9.14062500e-02	4.23056278e-03	4.40174304e-01
9.14550781e-02	4.25211066e-03	4.42426951e-01
9.15039063e-02	4.27376882e-03	4.44691175e-01
9.15527344e-02	4.29553782e-03	4.46967037e-01
9.16015625e-02	4.31741823e-03	4.49254595e-01
9.16503906e-02	4.33941062e-03	4.51553911e-01
9.16992188e-02	4.36151558e-03	4.53865046e-01
9.17480469e-02	4.38373367e-03	4.56188059e-01
9.17968750e-02	4.40606548e-03	4.58523013e-01
9.18457031e-02	4.42851160e-03	4.60869970e-01
9.18945313e-02	4.45107261e-03	4.63228990e-01
9.19433594e-02	4.47374910e-03	4.65600137e-01
9.19921875e-02	4.49654167e-03	4.67983473e-01
9.20410156e-02	4.51945091e-03	4.70379062e-01
9.20898438e-02	4.54247743e-03	4.72786966e-01
9.21386719e-02	4.56562182e-03	4.75207249e-01
9.21875000e-02	4.58888469e-03	4.77639974e-01
9.22363281e-02	4.61226665e-03	4.80085208e-01
9.22851562e-02	4.63576832e-03	4.82543013e-01
9.23339844e-02	4.65939030e-03	4.85013454e-01
9.23828125e-02	4.68313322e-03	4.87496598e-01
9.24316406e-02	4.70699770e-03	4.89992510e-01
9.24804688e-02	4.73098437e-03	4.92501256e-01
9.25292969e-02	4.75509384e-03	4.95022901e-01
9.25781250e-02	4.77932676e-03	4.97557514e-01
9.26269531e-02	4.80368376e-03	5.00105160e-01
9.26757813e-02	4.82816548e-03	5.02665907e-01
9.27246094e-02	4.85277255e-03	5.05239823e-01
9.27734375e-02	4.87750563e-03	5.07826975e-01
9.28222656e-02	4.90236536e-03	5.10427433e-01
9.28710938e-02	4.92735238e-03	5.13041265e-01
9.29199219e-02	4.95246737e-03	5.15668540e-01
9.29687500e-02	4.97771097e-03	5.18309328e-01
9.30175781e-02	5.00308385e-03	5.20963699e-01
9.30664063e-02	5.02858666e-03	5.23631722e-01
9.31152344e-02	5.05422009e-03	5.26313468e-01
9.31640625e-02	5.07998480e-03	5.29009009e-01
9.32128906e-02	5.10588147e-03	5.31718415e-01
9.32617188e-02	5.13191077e-03	5.34441759e-01
9.33105469e-02	5.15807339e-03	5.37179112e-01
9.33593750e-02	5.18437001e-03	5.39930546e-01
9.34082031e-02	5.21080132e-03	5.42696136e-01
9.34570313e-02	5.23736803e-03	5.45475953e-01
9.35058594e-02	5.26407081e-03	5.48270072e-01
9.35546875e-02	5.29091038e-03	5.51078566e-01
9.36035156e-02	5.31788743e-03	5.53901509e-01
9.36523438e-02	5.34500267e-03	5.56738977e-01
9.37011719e-02	5.37225683e-03	5.59591045e-01
9.37500000e-02	5.39965060e-03	5.62457788e-01
9.37988281e-02	5.42718470e-03	5.65339282e-01
9.38476563e-02	5.45485987e-03	5.68235603e-01
9.38964844e-02	5.48267683e-03	5.71146829e-01
9.39453125e-02	5.51063630e-03	5.74073035e-01
9.39941406e-02	5.53873901e-03	5.77014300e-01
9.40429688e-02	5.56698572e-03	5.79970702e-01
9.40917969e-02	5.59537715e-03	5.82942319e-01
9.41406250e-02	5.62391405e-03	5.85929230e-01
9.41894531e-02	5.65259718e-03	5.88931513e-01
9.42382812e-02	5.68142727e-03	5.91949249e-01
9.42871094e-02	5.71040510e-03	5.94982517e-01
9.43359375e-02	5.73953142e-03	5.98031398e-01
9.43847656e-02	5.76880699e-03	6.01095972e-01
9.44335938e-02	5.79823258e-03	6.04176322e-01
9.44824219e-02	5.82780897e-03	6.07272528e-01
9.45312500e-02	5.85753693e-03	6.10384672e-01
9.45800781e-02	5.88741724e-03	6.13512838e-01
9.46289063e-02	5.91745068e-03	6.16657108e-01
9.46777344e-02	5.94763805e-03	6.19817565e-01
9.47265625e-02	5.97798014e-03	6.22994294e-01
9.47753906e-02	6.00847774e-03	6.26187378e-01
9.48242188e-02	6.03913165e-03	6.29396902e-01
9.48730469e-02	6.06994268e-03	6.32622952e-01
9.49218750e-02	6.10091164e-03	6.35865613e-01
9.49707031e-02	6.13203934e-03	6.39124970e-01
9.50195313e-02	6.16332660e-03	6.42401112e-01
9.50683594e-02	6.19477424e-03	6.45694124e-01
9.51171875e-02	6.22638308e-03	6.49004094e-01
9.51660156e-02	6.25815396e-03	6.52331109e-01
9.52148438e-02	6.29008771e-03	6.55675259e-01
9.52636719e-02	6.32218517e-03	6.59036631e-01
9.53125000e-02	6.35444718e-03	6.62415316e-01
9.53613281e-02	6.38687459e-03	6.65811402e-01
9.54101563e-02	6.41946825e-03	6.69224980e-01
9.54589844e-02	6.45222902e-03	6.72656141e-01
9.55078125e-02	6.48515776e-03	6.76104976e-01
9.55566406e-02	6.51825533e-03	6.79571576e-01
9.56054688e-02	6.55152260e-03	6.83056034e-01
9.56542969e-02	6.58496046e-03	6.86558442e-01
9.57031250e-02	6.61856977e-03	6.90078893e-01
9.57519531e-02	6.65235142e-03	6.93617481e-01
9.58007813e-02	6.68630629e-03	6.97174299e-01
9.58496094e-02	6.72043529e-03	7.00749443e-01
9.58984375e-02	6.75473931e-03	7.04343007e-01
9.59472656e-02	6.78921924e-03	7.07955087e-01
9.59960938e-02	6.82387600e-03	7.11585778e-01
9.60449219e-02	6.85871050e-03	7.15235178e-01
9.60937500e-02	6.89372364e-03	7.18903384e-01
9.61425781e-02	6.92891637e-03	7.22590492e-01
9.61914062e-02	6.96428959e-03	7.26296602e-01
9.62402344e-02	6.99984424e-03	7.30021811e-01
9.62890625e-02	7.03558125e-03	7.33766219e-01
9.63378906e-02	7.07150156e-03	7.37529926e-01
9.63867188e-02	7.10760613e-03	7.41313031e-01
9.64355469e-02	7.14389589e-03	7.45115635e-01
9.64843750e-02	7.18037181e-03	7.48937840e-01
9.65332031e-02	7.21703483e-03	7.52779746e-01
9.65820313e-02	7.25388594e-03	7.56641457e-01
9.66308594e-02	7.29092609e-03	7.60523076e-01
9.66796875e-02	7.32815626e-03	7.64424705e-01
9.67285156e-02	7.36557743e-03	7.68346448e-01
9.67773438e-02	7.40319058e-03	7.72288410e-01
9.68261719e-02	7.44099671e-03	7.76250697e-01
9.68750000e-02	7.47899681e-03	7.80233412e-01
9.69238281e-02	7.51719188e-03	7.84236664e-01
9.69726563e-02	7.55558293e-03	7.88260557e-01
9.70214844e-02	7.59417096e-03	7.92305200e-01
9.70703125e-02	7.63295699e-03	7.96370700e-01
9.71191406e-02	7.67194205e-03	8.00457166e-01
9.71679688e-02	7.71112715e-03	8.04564706e-01
9.72167969e-02	7.75051334e-03	8.08693430e-01
9.72656250e-02	7.79010164e-03	8.12843449e-01
9.73144531e-02	7.82989310e-03	8.17014872e-01
9.73632813e-02	7.86988877e-03	8.21207811e-01
9.74121094e-02	7.91008971e-03	8.25422378e-01
9.74609375e-02	7.95049696e-03	8.29658685e-01
9.75097656e-02	7.99111160e-03	8.33916846e-01
9.75585938e-02	8.03193469e-03	8.38196973e-01
9.76074219e-02	8.07296731e-03	8.42499182e-01
9.76562500e-02	8.11421054e-03	8.46823587e-01
9.77050781e-02	8.15566547e-03	8.51170303e-01
9.77539063e-02	8.19733319e-03	8.55539446e-01
9.78027344e-02	8.23921479e-03	8.59931134e-01
9.78515625e-02	8.28131139e-03	8.64345482e-01
9.79003906e-02	8.32362409e-03	8.68782611e-01
9.79492188e-02	8.36615400e-03	8.73242636e-01
9.79980469e-02	8.40890225e-03	8.77725679e-01
9.80468750e-02	8.45186996e-03	8.82231858e-01
9.80957031e-02	8.49505827e-03	8.86761295e-01
9.81445312e-02	8.53846832e-03	8.91314109e-01
9.81933594e-02	8.58210124e-03	8.95890424e-01
9.82421875e-02	8.62595819e-03	9.00490360e-01
9.82910156e-02	8.67004033e-03	9.05114042e-01
9.83398438e-02	8.71434882e-03	9.09761592e-01
9.83886719e-02	8.75888482e-03	9.14433136e-01
9.84375000e-02	8.80364952e-03	9.19128797e-01
9.84863281e-02	8.84864409e-03	9.23848702e-01
9.85351563e-02	8.89386971e-03	9.28592977e-01
9.85839844e-02	8.93932759e-03	9.33361748e-01
9.86328125e-02	8.98501892e-03	9.38155144e-01
9.86816406e-02	9.03094491e-03	9.42973293e-01
9.87304688e-02	9.07710677e-03	9.47816324e-01
9.87792969e-02	9.12350571e-03	9.52684366e-01
9.88281250e-02	9.17014296e-03	9.57577549e-01
9.88769531e-02	9.21701976e-03	9.62496006e-01
9.89257813e-02	9.26413733e-03	9.67439867e-01
9.89746094e-02	9.31149693e-03	9.72409265e-01
9.90234375e-02	9.35909980e-03	9.77404333e-01
9.90722656e-02	9.40694720e-03	9.82425205e-01
9.91210938e-02	9.45504040e-03	9.87472016e-01
9.91699219e-02	9.50338065e-03	9.92544900e-01
9.92187500e-02	9.55196925e-03	9.97643995e-01
9.92675781e-02	9.60080747e-03	1.00276944e+00
9.93164063e-02	9.64989660e-03	1.00792136e+00
9.93652344e-02	9.69923794e-03	1.01309991e+00
9.94140625e-02	9.74883279e-03	1.01830522e+00
9.94628906e-02	9.79868246e-03	1.02353743e+00
9.95117188e-02	9.84878828e-03	1.02879668e+00
9.95605469e-02	9.89915155e-03	1.03408311e+00
9.96093750e-02	9.94977362e-03	1.03939687e+00
9.96582031e-02	1.00006558e-02	1.04473809e+00
9.97070313e-02	1.00517995e-02	1.05010693e+00
9.97558594e-02	1.01032060e-02	1.05550352e+00
9.98046875e-02	1.01548767e-02	1.06092801e+00
9.98535156e-02	1.02068129e-02	1.06638054e+00
9.99023438e-02	1.02590161e-02	1.07186127e+00
9.99511719e-02	1.03114876e-02	1.07737034e+00
1.00000000e-01	1.03642288e-02	1.08290789e+00
