0.00000000e+00	0.00000000e+00	8.91467303e-05
4.88281250e-05	4.35289854e-09	8.91479939e-05
9.76562500e-05	8.70589805e-09	8.91508659e-05
1.46484375e-04	1.30590840e-08	8.91556314e-05
1.95312500e-04	1.74125488e-08	8.91622867e-05
2.44140625e-04	2.17663848e-08	8.91708337e-05
2.92968750e-04	2.61206843e-08	8.91812739e-05
3.41796875e-04	3.04755398e-08	8.91936084e-05
3.90625000e-04	3.48310438e-08	8.92078380e-05
4.39453125e-04	3.91872890e-08	8.92239633e-05
4.88281250e-04	4.35443678e-08	8.92419850e-05
5.37109375e-04	4.79023729e-08	8.92619037e-05
5.85937500e-04	5.22613969e-08	8.92837199e-05
6.34765625e-04	5.66215325e-08	8.93074343e-05
6.83593750e-04	6.09828724e-08	8.93330475e-05
7.32421875e-04	6.53455093e-08	8.93605602e-05
7.81250000e-04	6.97095360e-08	8.93899731e-05
8.30078125e-04	7.40750453e-08	8.94212869e-05
8.78906250e-04	7.84421300e-08	8.94545023e-05
9.27734375e-04	8.28108830e-08	8.94896203e-05
9.76562500e-04	8.71813972e-08	8.95266417e-05
1.02539063e-03	9.15537656e-08	8.95655673e-05
1.07421875e-03	9.59280811e-08	8.96063981e-05
1.12304688e-03	1.00304437e-07	8.96491351e-05
1.17187500e-03	1.04682926e-07	8.96937792e-05
1.22070312e-03	1.09063642e-07	8.97403317e-05
1.26953125e-03	1.13446677e-07	8.97887935e-05
1.31835938e-03	1.17832125e-07	8.98391658e-05
1.36718750e-03	1.22220080e-07	8.98914499e-05
1.41601563e-03	1.26610634e-07	8.99456469e-05
1.46484375e-03	1.31003881e-07	9.00017582e-05
1.51367188e-03	1.35399915e-07	9.00597851e-05
1.56250000e-03	1.39798829e-07	9.01197290e-05
1.61132813e-03	1.44200716e-07	9.01815912e-05
1.66015625e-03	1.48605672e-07	9.02453733e-05
1.70898438e-03	1.53013788e-07	9.03110768e-05
1.75781250e-03	1.57425160e-07	9.03787032e-05
1.80664063e-03	1.61839880e-07	9.04482541e-05
1.85546875e-03	1.66258044e-07	9.05197312e-05
1.90429688e-03	1.70679745e-07	9.05931361e-05
1.95312500e-03	1.75105077e-07	9.06684707e-05
2.00195313e-03	1.79534135e-07	9.07457366e-05
2.05078125e-03	1.83967013e-07	9.08249358e-05
2.09960937e-03	1.88403805e-07	9.09060700e-05
2.14843750e-03	1.92844606e-07	9.09891412e-05
2.19726562e-03	1.97289510e-07	9.10741514e-05
2.24609375e-03	2.01738613e-07	9.11611026e-05
2.29492188e-03	2.06192009e-07	9.12499968e-05
2.34375000e-03	2.10649793e-07	9.13408362e-05
2.39257813e-03	2.15112060e-07	9.14336228e-05
2.44140625e-03	2.19578906e-07	9.15283590e-05
2.49023438e-03	2.24050424e-07	9.16250468e-05
2.53906250e-03	2.28526712e-07	9.17236887e-05
2.58789063e-03	2.33007863e-07	9.18242869e-05
2.63671875e-03	2.37493975e-07	9.19268439e-05
2.68554688e-03	2.41985142e-07	9.20313619e-05
2.73437500e-03	2.46481461e-07	9.21378436e-05
2.78320313e-03	2.50983026e-07	9.22462915e-05
2.83203125e-03	2.55489936e-07	9.23567080e-05
2.88085938e-03	2.60002284e-07	9.24690959e-05
2.92968750e-03	2.64520169e-07	9.25834577e-05
2.97851563e-03	2.69043686e-07	9.26997962e-05
3.02734375e-03	2.73572932e-07	9.28181141e-05
3.07617188e-03	2.78108003e-07	9.29384143e-05
3.12500000e-03	2.82648997e-07	9.30606995e-05
3.17382812e-03	2.87196011e-07	9.31849727e-05
3.22265625e-03	2.91749141e-07	9.33112368e-05
3.27148438e-03	2.96308485e-07	9.34394947e-05
3.32031250e-03	3.00874140e-07	9.35697496e-05
3.36914063e-03	3.05446205e-07	9.37020045e-05
3.41796875e-03	3.10024776e-07	9.38362625e-05
3.46679688e-03	3.14609951e-07	9.39725268e-05
3.51562500e-03	3.19201829e-07	9.41108007e-05
3.56445313e-03	3.23800508e-07	9.42510873e-05
3.61328125e-03	3.28406086e-07	9.43933901e-05
3.66210938e-03	3.33018662e-07	9.45377123e-05
3.71093750e-03	3.37638334e-07	9.46840574e-05
3.75976563e-03	3.42265201e-07	9.48324289e-05
3.80859375e-03	3.46899363e-07	9.49828302e-05
3.85742188e-03	3.51540918e-07	9.51352650e-05
3.90625000e-03	3.56189966e-07	9.52897368e-05
3.95507812e-03	3.60846606e-07	9.54462493e-05
4.00390625e-03	3.65510939e-07	9.56048061e-05
4.05273438e-03	3.70183063e-07	9.57654111e-05
4.10156250e-03	3.74863080e-07	9.59280681e-05
4.15039062e-03	3.79551089e-07	9.60927808e-05
4.19921875e-03	3.84247191e-07	9.62595532e-05
4.24804688e-03	3.88951486e-07	9.64283892e-05
4.29687500e-03	3.93664076e-07	9.65992929e-05
4.34570313e-03	3.98385061e-07	9.67722682e-05
4.39453125e-03	4.03114543e-07	9.69473193e-05
4.44335937e-03	4.07852624e-07	9.71244502e-05
4.49218750e-03	4.12599404e-07	9.73036653e-05
4.54101563e-03	4.17354986e-07	9.74849687e-05
4.58984375e-03	4.22119471e-07	9.76683647e-05
4.63867188e-03	4.26892963e-07	9.78538577e-05
4.68750000e-03	4.31675564e-07	9.80414521e-05
4.73632813e-03	4.36467375e-07	9.82311522e-05
4.78515625e-03	4.41268501e-07	9.84229626e-05
4.83398438e-03	4.46079044e-07	9.86168879e-05
4.88281250e-03	4.50899108e-07	9.88129325e-05
4.93164063e-03	4.55728797e-07	9.90111012e-05
4.98046875e-03	4.60568213e-07	9.92113987e-05
5.02929688e-03	4.65417462e-07	9.94138296e-05
5.07812500e-03	4.70276647e-07	9.96183989e-05
5.12695312e-03	4.75145873e-07	9.98251112e-05
5.17578125e-03	4.80025245e-07	1.00033972e-04
5.22460938e-03	4.84914868e-07	1.00244985e-04
5.27343750e-03	4.89814847e-07	1.00458156e-04
5.32226563e-03	4.94725288e-07	1.00673490e-04
5.37109375e-03	4.99646296e-07	1.00890993e-04
5.41992188e-03	5.04577977e-07	1.01110669e-04
5.46875000e-03	5.09520438e-07	1.01332523e-04
5.51757813e-03	5.14473785e-07	1.01556560e-04
5.56640625e-03	5.19438124e-07	1.01782787e-04
5.61523438e-03	5.24413564e-07	1.02011208e-04
5.66406250e-03	5.29400210e-07	1.02241829e-04
5.71289063e-03	5.34398171e-07	1.02474656e-04
5.76171875e-03	5.39407555e-07	1.02709693e-04
5.81054688e-03	5.44428469e-07	1.02946946e-04
5.85937500e-03	5.49461021e-07	1.03186421e-04
5.90820313e-03	5.54505322e-07	1.03428124e-04
5.95703125e-03	5.59561479e-07	1.03672060e-04
6.00585938e-03	5.64629601e-07	1.03918236e-04
6.05468750e-03	5.69709799e-07	1.04166656e-04
6.10351562e-03	5.74802181e-07	1.04417327e-04
6.15234375e-03	5.79906858e-07	1.04670255e-04
6.20117188e-03	5.85023941e-07	1.04925446e-04
6.25000000e-03	5.90153539e-07	1.05182906e-04
6.29882813e-03	5.95295765e-07	1.05442640e-04
6.34765625e-03	6.00450728e-07	1.05704656e-04
6.39648438e-03	6.05618541e-07	1.05968959e-04
6.44531250e-03	6.10799315e-07	1.06235555e-04
6.49414063e-03	6.15993163e-07	1.06504451e-04
6.54296875e-03	6.21200197e-07	1.06775654e-04
6.59179688e-03	6.26420529e-07	1.07049169e-04
6.64062500e-03	6.31654274e-07	1.07325004e-04
6.68945313e-03	6.36901544e-07	1.07603164e-04
6.73828125e-03	6.42162452e-07	1.07883656e-04
6.78710938e-03	6.47437114e-07	1.08166488e-04
6.83593750e-03	6.52725643e-07	1.08451665e-04
6.88476563e-03	6.58028154e-07	1.08739194e-04
6.93359375e-03	6.63344763e-07	1.09029083e-04
6.98242188e-03	6.68675583e-07	1.09321338e-04
7.03125000e-03	6.74020732e-07	1.09615965e-04
7.08007812e-03	6.79380326e-07	1.09912973e-04
7.12890625e-03	6.84754479e-07	1.10212368e-04
7.17773438e-03	6.90143311e-07	1.10514157e-04
7.22656250e-03	6.95546936e-07	1.10818348e-04
7.27539063e-03	7.00965474e-07	1.11124947e-04
7.32421875e-03	7.06399041e-07	1.11433962e-04
7.37304688e-03	7.11847756e-07	1.11745400e-04
7.42187500e-03	7.17311737e-07	1.12059268e-04
7.47070313e-03	7.22791103e-07	1.12375575e-04
7.51953125e-03	7.28285974e-07	1.12694327e-04
7.56835938e-03	7.33796468e-07	1.13015532e-04
7.61718750e-03	7.39322707e-07	1.13339198e-04
7.66601563e-03	7.44864810e-07	1.13665332e-04
7.71484375e-03	7.50422897e-07	1.13993942e-04
7.76367188e-03	7.55997091e-07	1.14325036e-04
7.81250000e-03	7.61587513e-07	1.14658622e-04
7.86132813e-03	7.67194283e-07	1.14994708e-04
7.91015625e-03	7.72817526e-07	1.15333301e-04
7.95898438e-03	7.78457362e-07	1.15674410e-04
8.00781250e-03	7.84113917e-07	1.16018043e-04
8.05664062e-03	7.89787311e-07	1.16364208e-04
8.10546875e-03	7.95477671e-07	1.16712913e-04
8.15429687e-03	8.01185119e-07	1.17064166e-04
8.20312500e-03	8.06909781e-07	1.17417976e-04
8.25195313e-03	8.12651781e-07	1.17774351e-04
8.30078125e-03	8.18411245e-07	1.18133300e-04
8.34960938e-03	8.24188299e-07	1.18494832e-04
8.39843750e-03	8.29983069e-07	1.18858954e-04
8.44726563e-03	8.35795682e-07	1.19225675e-04
8.49609375e-03	8.41626265e-07	1.19595005e-04
8.54492188e-03	8.47474946e-07	1.19966951e-04
8.59375000e-03	8.53341852e-07	1.20341523e-04
8.64257812e-03	8.59227112e-07	1.20718730e-04
8.69140625e-03	8.65130855e-07	1.21098581e-04
8.74023438e-03	8.71053210e-07	1.21481084e-04
8.78906250e-03	8.76994307e-07	1.21866249e-04
8.83789063e-03	8.82954276e-07	1.22254085e-04
8.88671875e-03	8.88933248e-07	1.22644600e-04
8.93554688e-03	8.94931353e-07	1.23037806e-04
8.98437500e-03	9.00948724e-07	1.23433710e-04
9.03320312e-03	9.06985493e-07	1.23832322e-04
9.08203125e-03	9.13041791e-07	1.24233651e-04
9.13085937e-03	9.19117752e-07	1.24637708e-04
9.17968750e-03	9.25213509e-07	1.25044502e-04
9.22851563e-03	9.31329196e-07	1.25454042e-04
9.27734375e-03	9.37464947e-07	1.25866338e-04
9.32617188e-03	9.43620898e-07	1.26281401e-04
9.37500000e-03	9.49797183e-07	1.26699239e-04
9.42382813e-03	9.55993939e-07	1.27119863e-04
9.47265625e-03	9.62211301e-07	1.27543283e-04
9.52148438e-03	9.68449406e-07	1.27969508e-04
9.57031250e-03	9.74708392e-07	1.28398550e-04
9.61914063e-03	9.80988396e-07	1.28830418e-04
9.66796875e-03	9.87289556e-07	1.29265122e-04
9.71679688e-03	9.93612012e-07	1.29702673e-04
9.76562500e-03	9.99955903e-07	1.30143081e-04
9.81445313e-03	1.00632137e-06	1.30586358e-04
9.86328125e-03	1.01270855e-06	1.31032512e-04
9.91210938e-03	1.01911758e-06	1.31481555e-04
9.96093750e-03	1.02554861e-06	1.31933498e-04
1.00097656e-02	1.03200178e-06	1.32388351e-04
1.00585938e-02	1.03847723e-06	1.32846126e-04
1.01074219e-02	1.04497511e-06	1.33306832e-04
1.01562500e-02	1.05149555e-06	1.33770482e-04
1.02050781e-02	1.05803871e-06	1.34237085e-04
1.02539062e-02	1.06460471e-06	1.34706654e-04
1.03027344e-02	1.07119372e-06	1.35179199e-04
1.03515625e-02	1.07780588e-06	1.35654732e-04
1.04003906e-02	1.08444133e-06	1.36133264e-04
1.04492188e-02	1.09110022e-06	1.36614806e-04
1.04980469e-02	1.09778269e-06	1.37099369e-04
1.05468750e-02	1.10448890e-06	1.37586967e-04
1.05957031e-02	1.11121900e-06	1.38077609e-04
1.06445313e-02	1.11797312e-06	1.38571308e-04
1.06933594e-02	1.12475142e-06	1.39068075e-04
1.07421875e-02	1.13155406e-06	1.39567922e-04
1.07910156e-02	1.13838118e-06	1.40070862e-04
1.08398438e-02	1.14523293e-06	1.40576906e-04
1.08886719e-02	1.15210947e-06	1.41086066e-04
1.09375000e-02	1.15901094e-06	1.41598355e-04
1.09863281e-02	1.16593751e-06	1.42113784e-04
1.10351563e-02	1.17288932e-06	1.42632365e-04
1.10839844e-02	1.17986653e-06	1.43154113e-04
1.11328125e-02	1.18686929e-06	1.43679037e-04
1.11816406e-02	1.19389776e-06	1.44207152e-04
1.12304688e-02	1.20095210e-06	1.44738470e-04
1.12792969e-02	1.20803246e-06	1.45273003e-04
1.13281250e-02	1.21513900e-06	1.45810764e-04
1.13769531e-02	1.22227187e-06	1.46351767e-04
1.14257813e-02	1.22943124e-06	1.46896023e-04
1.14746094e-02	1.23661726e-06	1.47443546e-04
1.15234375e-02	1.24383010e-06	1.47994349e-04
1.15722656e-02	1.25106992e-06	1.48548445e-04
1.16210938e-02	1.25833687e-06	1.49105848e-04
1.16699219e-02	1.26563112e-06	1.49666570e-04
1.17187500e-02	1.27295283e-06	1.50230625e-04
1.17675781e-02	1.28030216e-06	1.50798027e-04
1.18164063e-02	1.28767928e-06	1.51368789e-04
1.18652344e-02	1.29508435e-06	1.51942924e-04
1.19140625e-02	1.30251754e-06	1.52520446e-04
1.19628906e-02	1.30997901e-06	1.53101370e-04
1.20117188e-02	1.31746893e-06	1.53685709e-04
1.20605469e-02	1.32498746e-06	1.54273477e-04
1.21093750e-02	1.33253478e-06	1.54864687e-04
1.21582031e-02	1.34011105e-06	1.55459355e-04
1.22070312e-02	1.34771644e-06	1.56057494e-04
1.22558594e-02	1.35535112e-06	1.56659119e-04
1.23046875e-02	1.36301527e-06	1.57264243e-04
1.23535156e-02	1.37070905e-06	1.57872882e-04
1.24023438e-02	1.37843263e-06	1.58485050e-04
1.24511719e-02	1.38618619e-06	1.59100762e-04
1.25000000e-02	1.39396990e-06	1.59720032e-04
1.25488281e-02	1.40178393e-06	1.60342874e-04
1.25976563e-02	1.40962847e-06	1.60969305e-04
1.26464844e-02	1.41750368e-06	1.61599339e-04
1.26953125e-02	1.42540974e-06	1.62232991e-04
1.27441406e-02	1.43334684e-06	1.62870276e-04
1.27929688e-02	1.44131513e-06	1.63511209e-04
1.28417969e-02	1.44931482e-06	1.64155806e-04
1.28906250e-02	1.45734606e-06	1.64804082e-04
1.29394531e-02	1.46540906e-06	1.65456053e-04
1.29882813e-02	1.47350397e-06	1.66111734e-04
1.30371094e-02	1.48163100e-06	1.66771141e-04
1.30859375e-02	1.48979031e-06	1.67434289e-04
1.31347656e-02	1.49798209e-06	1.68101195e-04
1.31835938e-02	1.50620653e-06	1.68771875e-04
1.32324219e-02	1.51446381e-06	1.69446344e-04
1.32812500e-02	1.52275412e-06	1.70124618e-04
1.33300781e-02	1.53107764e-06	1.70806715e-04
1.33789063e-02	1.53943456e-06	1.71492649e-04
1.34277344e-02	1.54782506e-06	1.72182438e-04
1.34765625e-02	1.55624934e-06	1.72876099e-04
1.35253906e-02	1.56470759e-06	1.73573647e-04
1.35742188e-02	1.57319999e-06	1.74275099e-04
1.36230469e-02	1.58172674e-06	1.74980473e-04
1.36718750e-02	1.59028802e-06	1.75689785e-04
1.37207031e-02	1.59888404e-06	1.76403051e-04
1.37695313e-02	1.60751498e-06	1.77120290e-04
1.38183594e-02	1.61618104e-06	1.77841519e-04
1.38671875e-02	1.62488241e-06	1.78566754e-04
1.39160156e-02	1.63361930e-06	1.79296012e-04
1.39648438e-02	1.64239189e-06	1.80029313e-04
1.40136719e-02	1.65120038e-06	1.80766672e-04
1.40625000e-02	1.66004498e-06	1.81508108e-04
1.41113281e-02	1.66892588e-06	1.82253638e-04
1.41601562e-02	1.67784329e-06	1.83003281e-04
1.42089844e-02	1.68679740e-06	1.83757054e-04
1.42578125e-02	1.69578842e-06	1.84514975e-04
1.43066406e-02	1.70481654e-06	1.85277062e-04
1.43554688e-02	1.71388198e-06	1.86043335e-04
1.44042969e-02	1.72298494e-06	1.86813810e-04
1.44531250e-02	1.73212562e-06	1.87588507e-04
1.45019531e-02	1.74130423e-06	1.88367444e-04
1.45507813e-02	1.75052098e-06	1.89150640e-04
1.45996094e-02	1.75977608e-06	1.89938114e-04
1.46484375e-02	1.76906973e-06	1.90729884e-04
1.46972656e-02	1.77840215e-06	1.91525969e-04
1.47460938e-02	1.78777355e-06	1.92326389e-04
1.47949219e-02	1.79718413e-06	1.93131163e-04
1.48437500e-02	1.80663412e-06	1.93940310e-04
1.48925781e-02	1.81612372e-06	1.94753849e-04
1.49414063e-02	1.82565316e-06	1.95571800e-04
1.49902344e-02	1.83522264e-06	1.96394183e-04
1.50390625e-02	1.84483238e-06	1.97221017e-04
1.50878906e-02	1.85448261e-06	1.98052323e-04
1.51367188e-02	1.86417354e-06	1.98888119e-04
1.51855469e-02	1.87390539e-06	1.99728427e-04
1.52343750e-02	1.88367838e-06	2.00573266e-04
1.52832031e-02	1.89349273e-06	2.01422657e-04
1.53320313e-02	1.90334867e-06	2.02276620e-04
1.53808594e-02	1.91324642e-06	2.03135175e-04
1.54296875e-02	1.92318621e-06	2.03998344e-04
1.54785156e-02	1.93316825e-06	2.04866146e-04
1.55273438e-02	1.94319278e-06	2.05738603e-04
1.55761719e-02	1.95326002e-06	2.06615736e-04
1.56250000e-02	1.96337021e-06	2.07497566e-04
1.56738281e-02	1.97352357e-06	2.08384113e-04
1.57226563e-02	1.98372034e-06	2.09275400e-04
1.57714844e-02	1.99396074e-06	2.10171447e-04
1.58203125e-02	2.00424501e-06	2.11072277e-04
1.58691406e-02	2.01457338e-06	2.11977910e-04
1.59179688e-02	2.02494610e-06	2.12888370e-04
1.59667969e-02	2.03536338e-06	2.13803676e-04
1.60156250e-02	2.04582548e-06	2.14723852e-04
1.60644531e-02	2.05633263e-06	2.15648920e-04
1.61132812e-02	2.06688506e-06	2.16578901e-04
1.61621094e-02	2.07748303e-06	2.17513819e-04
1.62109375e-02	2.08812677e-06	2.18453695e-04
1.62597656e-02	2.09881652e-06	2.19398552e-04
1.63085937e-02	2.10955253e-06	2.20348414e-04
1.63574219e-02	2.12033504e-06	2.21303303e-04
1.64062500e-02	2.13116431e-06	2.22263241e-04
1.64550781e-02	2.14204056e-06	2.23228252e-04
1.65039063e-02	2.15296406e-06	2.24198359e-04
1.65527344e-02	2.16393506e-06	2.25173586e-04
1.66015625e-02	2.17495380e-06	2.26153956e-04
1.66503906e-02	2.18602053e-06	2.27139492e-04
1.66992188e-02	2.19713552e-06	2.28130218e-04
1.67480469e-02	2.20829900e-06	2.29126159e-04
1.67968750e-02	2.21951124e-06	2.30127338e-04
1.68457031e-02	2.23077250e-06	2.31133779e-04
1.68945313e-02	2.24208303e-06	2.32145506e-04
1.69433594e-02	2.25344309e-06	2.33162544e-04
1.69921875e-02	2.26485294e-06	2.34184917e-04
1.70410156e-02	2.27631284e-06	2.35212650e-04
1.70898438e-02	2.28782306e-06	2.36245768e-04
1.71386719e-02	2.29938385e-06	2.37284295e-04
1.71875000e-02	2.31099549e-06	2.38328257e-04
1.72363281e-02	2.32265823e-06	2.39377678e-04
1.72851562e-02	2.33437235e-06	2.40432585e-04
1.73339844e-02	2.34613811e-06	2.41493001e-04
1.73828125e-02	2.35795578e-06	2.42558954e-04
1.74316406e-02	2.36982564e-06	2.43630468e-04
1.74804688e-02	2.38174796e-06	2.44707570e-04
1.75292969e-02	2.39372300e-06	2.45790285e-04
1.75781250e-02	2.40575105e-06	2.46878640e-04
1.76269531e-02	2.41783238e-06	2.47972660e-04
1.76757813e-02	2.42996727e-06	2.49072373e-04
1.77246094e-02	2.44215600e-06	2.50177804e-04
1.77734375e-02	2.45439884e-06	2.51288980e-04
1.78222656e-02	2.46669608e-06	2.52405929e-04
1.78710938e-02	2.47904800e-06	2.53528676e-04
1.79199219e-02	2.49145488e-06	2.54657250e-04
1.79687500e-02	2.50391701e-06	2.55791677e-04
1.80175781e-02	2.51643468e-06	2.56931985e-04
1.80664062e-02	2.52900817e-06	2.58078200e-04
1.81152344e-02	2.54163777e-06	2.59230352e-04
1.81640625e-02	2.55432378e-06	2.60388468e-04
1.82128906e-02	2.56706648e-06	2.61552575e-04
1.82617187e-02	2.57986617e-06	2.62722701e-04
1.83105469e-02	2.59272314e-06	2.63898876e-04
1.83593750e-02	2.60563769e-06	2.65081127e-04
1.84082031e-02	2.61861012e-06	2.66269483e-04
1.84570313e-02	2.63164072e-06	2.67463973e-04
1.85058594e-02	2.64472980e-06	2.68664625e-04
1.85546875e-02	2.65787765e-06	2.69871468e-04
1.86035156e-02	2.67108459e-06	2.71084533e-04
1.86523438e-02	2.68435090e-06	2.72303846e-04
1.87011719e-02	2.69767691e-06	2.73529440e-04
1.87500000e-02	2.71106292e-06	2.74761342e-04
1.87988281e-02	2.72450923e-06	2.75999583e-04
1.88476563e-02	2.73801616e-06	2.77244193e-04
1.88964844e-02	2.75158401e-06	2.78495201e-04
1.89453125e-02	2.76521311e-06	2.79752638e-04
1.89941406e-02	2.77890376e-06	2.81016535e-04
1.90429688e-02	2.79265629e-06	2.82286921e-04
1.90917969e-02	2.80647101e-06	2.83563828e-04
1.91406250e-02	2.82034823e-06	2.84847286e-04
1.91894531e-02	2.83428828e-06	2.86137327e-04
1.92382813e-02	2.84829149e-06	2.87433982e-04
1.92871094e-02	2.86235817e-06	2.88737282e-04
1.93359375e-02	2.87648865e-06	2.90047258e-04
1.93847656e-02	2.89068326e-06	2.91363942e-04
1.94335938e-02	2.90494233e-06	2.92687367e-04
1.94824219e-02	2.91926618e-06	2.94017563e-04
1.95312500e-02	2.93365515e-06	2.95354564e-04
1.95800781e-02	2.94810956e-06	2.96698402e-04
1.96289063e-02	2.96262977e-06	2.98049109e-04
1.96777344e-02	2.97721609e-06	2.99406717e-04
1.97265625e-02	2.99186887e-06	3.00771261e-04
1.97753906e-02	3.00658845e-06	3.02142772e-04
1.98242188e-02	3.02137517e-06	3.03521284e-04
1.98730469e-02	3.03622938e-06	3.04906830e-04
1.99218750e-02	3.05115140e-06	3.06299444e-04
1.99707031e-02	3.06614160e-06	3.07699160e-04
2.00195312e-02	3.08120032e-06	3.09106011e-04
2.00683594e-02	3.09632791e-06	3.10520032e-04
2.01171875e-02	3.11152472e-06	3.11941256e-04
2.01660156e-02	3.12679110e-06	3.13369719e-04
2.02148438e-02	3.14212741e-06	3.14805454e-04
2.02636719e-02	3.15753400e-06	3.16248497e-04
2.03125000e-02	3.17301123e-06	3.17698883e-04
2.03613281e-02	3.18855946e-06	3.19156646e-04
2.04101563e-02	3.20417906e-06	3.20621823e-04
2.04589844e-02	3.21987037e-06	3.22094448e-04
2.05078125e-02	3.23563377e-06	3.23574557e-04
2.05566406e-02	3.25146963e-06	3.25062186e-04
2.06054688e-02	3.26737831e-06	3.26557371e-04
2.06542969e-02	3.28336019e-06	3.28060149e-04
2.07031250e-02	3.29941562e-06	3.29570556e-04
2.07519531e-02	3.31554500e-06	3.31088628e-04
2.08007813e-02	3.33174868e-06	3.32614403e-04
2.08496094e-02	3.34802706e-06	3.34147917e-04
2.08984375e-02	3.36438051e-06	3.35689207e-04
2.09472656e-02	3.38080940e-06	3.37238312e-04
2.09960938e-02	3.39731413e-06	3.38795267e-04
2.10449219e-02	3.41389507e-06	3.40360112e-04
2.10937500e-02	3.43055261e-06	3.41932885e-04
2.11425781e-02	3.44728715e-06	3.43513622e-04
2.11914063e-02	3.46409906e-06	3.45102364e-04
2.12402344e-02	3.48098875e-06	3.46699147e-04
2.12890625e-02	3.49795660e-06	3.48304012e-04
2.13378906e-02	3.51500301e-06	3.49916997e-04
2.13867188e-02	3.53212838e-06	3.51538141e-04
2.14355469e-02	3.54933310e-06	3.53167484e-04
2.14843750e-02	3.56661759e-06	3.54805064e-04
2.15332031e-02	3.58398224e-06	3.56450923e-04
2.15820313e-02	3.60142745e-06	3.58105100e-04
2.16308594e-02	3.61895364e-06	3.59767634e-04
2.16796875e-02	3.63656122e-06	3.61438567e-04
2.17285156e-02	3.65425059e-06	3.63117939e-04
2.17773438e-02	3.67202216e-06	3.64805791e-04
2.18261719e-02	3.68987636e-06	3.66502164e-04
2.18750000e-02	3.70781360e-06	3.68207099e-04
2.19238281e-02	3.72583429e-06	3.69920637e-04
2.19726562e-02	3.74393887e-06	3.71642820e-04
2.20214844e-02	3.76212775e-06	3.73373691e-04
2.20703125e-02	3.78040136e-06	3.75113290e-04
2.21191406e-02	3.79876012e-06	3.76861661e-04
2.21679688e-02	3.81720447e-06	3.78618846e-04
2.22167969e-02	3.83573483e-06	3.80384887e-04
2.22656250e-02	3.85435165e-06	3.82159828e-04
2.23144531e-02	3.87305535e-06	3.83943712e-04
2.23632813e-02	3.89184637e-06	3.85736582e-04
2.24121094e-02	3.91072516e-06	3.87538482e-04
2.24609375e-02	3.92969215e-06	3.89349455e-04
2.25097656e-02	3.94874779e-06	3.91169546e-04
2.25585938e-02	3.96789252e-06	3.92998798e-04
2.26074219e-02	3.98712680e-06	3.94837257e-04
2.26562500e-02	4.00645107e-06	3.96684968e-04
2.27050781e-02	4.02586579e-06	3.98541974e-04
2.27539063e-02	4.04537142e-06	4.00408322e-04
2.28027344e-02	4.06496840e-06	4.02284057e-04
2.28515625e-02	4.08465720e-06	4.04169224e-04
2.29003906e-02	4.10443828e-06	4.06063869e-04
2.29492188e-02	4.12431211e-06	4.07968039e-04
2.29980469e-02	4.14427914e-06	4.09881780e-04
2.30468750e-02	4.16433986e-06	4.11805138e-04
2.30957031e-02	4.18449472e-06	4.13738160e-04
2.31445313e-02	4.20474421e-06	4.15680894e-04
2.31933594e-02	4.22508880e-06	4.17633387e-04
2.32421875e-02	4.24552896e-06	4.19595686e-04
2.32910156e-02	4.26606518e-06	4.21567839e-04
2.33398438e-02	4.28669794e-06	4.23549894e-04
2.33886719e-02	4.30742772e-06	4.25541900e-04
2.34375000e-02	4.32825501e-06	4.27543904e-04
2.34863281e-02	4.34918030e-06	4.29555957e-04
2.35351563e-02	4.37020408e-06	4.31578106e-04
2.35839844e-02	4.39132685e-06	4.33610401e-04
2.36328125e-02	4.41254909e-06	4.35652892e-04
2.36816406e-02	4.43387132e-06	4.37705629e-04
2.37304688e-02	4.45529404e-06	4.39768661e-04
2.37792969e-02	4.47681773e-06	4.41842039e-04
2.38281250e-02	4.49844293e-06	4.43925814e-04
2.38769531e-02	4.52017012e-06	4.46020036e-04
2.39257812e-02	4.54199983e-06	4.48124756e-04
2.39746094e-02	4.56393256e-06	4.50240026e-04
2.40234375e-02	4.58596884e-06	4.52365897e-04
2.40722656e-02	4.60810918e-06	4.54502422e-04
2.41210938e-02	4.63035410e-06	4.56649651e-04
2.41699219e-02	4.65270413e-06	4.58807639e-04
2.42187500e-02	4.67515980e-06	4.60976437e-04
2.42675781e-02	4.69772163e-06	4.63156098e-04
2.43164063e-02	4.72039015e-06	4.65346676e-04
2.43652344e-02	4.74316591e-06	4.67548224e-04
2.44140625e-02	4.76604943e-06	4.69760795e-04
2.44628906e-02	4.78904126e-06	4.71984445e-04
2.45117188e-02	4.81214193e-06	4.74219227e-04
2.45605469e-02	4.83535200e-06	4.76465195e-04
2.46093750e-02	4.85867201e-06	4.78722405e-04
2.46582031e-02	4.88210251e-06	4.80990912e-04
2.47070313e-02	4.90564406e-06	4.83270770e-04
2.47558594e-02	4.92929720e-06	4.85562037e-04
2.48046875e-02	4.95306250e-06	4.87864768e-04
2.48535156e-02	4.97694053e-06	4.90179018e-04
2.49023438e-02	5.00093183e-06	4.92504845e-04
2.49511719e-02	5.02503699e-06	4.94842306e-04
2.50000000e-02	5.04925656e-06	4.97191457e-04
2.50488281e-02	5.07359113e-06	4.99552357e-04
2.50976563e-02	5.09804126e-06	5.01925062e-04
2.51464844e-02	5.12260753e-06	5.04309631e-04
2.51953125e-02	5.14729054e-06	5.06706122e-04
2.52441406e-02	5.17209085e-06	5.09114594e-04
2.52929688e-02	5.19700905e-06	5.11535105e-04
2.53417969e-02	5.22204574e-06	5.13967715e-04
2.53906250e-02	5.24720151e-06	5.16412484e-04
2.54394531e-02	5.27247695e-06	5.18869471e-04
2.54882813e-02	5.29787266e-06	5.21338736e-04
2.55371094e-02	5.32338923e-06	5.23820339e-04
2.55859375e-02	5.34902729e-06	5.26314342e-04
2.56347656e-02	5.37478742e-06	5.28820805e-04
2.56835938e-02	5.40067025e-06	5.31339791e-04
2.57324219e-02	5.42667638e-06	5.33871359e-04
2.57812500e-02	5.45280643e-06	5.36415573e-04
2.58300781e-02	5.47906103e-06	5.38972495e-04
2.58789062e-02	5.50544078e-06	5.41542187e-04
2.59277344e-02	5.53194632e-06	5.44124712e-04
2.59765625e-02	5.55857827e-06	5.46720133e-04
2.60253906e-02	5.58533727e-06	5.49328515e-04
2.60742188e-02	5.61222395e-06	5.51949920e-04
2.61230469e-02	5.63923895e-06	5.54584414e-04
2.61718750e-02	5.66638291e-06	5.57232060e-04
2.62207031e-02	5.69365647e-06	5.59892923e-04
2.62695313e-02	5.72106028e-06	5.62567070e-04
2.63183594e-02	5.74859498e-06	5.65254564e-04
2.63671875e-02	5.77626124e-06	5.67955473e-04
2.64160156e-02	5.80405971e-06	5.70669861e-04
2.64648438e-02	5.83199105e-06	5.73397797e-04
2.65136719e-02	5.86005593e-06	5.76139346e-04
2.65625000e-02	5.88825500e-06	5.78894577e-04
2.66113281e-02	5.91658894e-06	5.81663555e-04
2.66601563e-02	5.94505842e-06	5.84446350e-04
2.67089844e-02	5.97366411e-06	5.87243029e-04
2.67578125e-02	6.00240671e-06	5.90053662e-04
2.68066406e-02	6.03128688e-06	5.92878316e-04
2.68554688e-02	6.06030533e-06	5.95717062e-04
2.69042969e-02	6.08946272e-06	5.98569969e-04
2.69531250e-02	6.11875977e-06	6.01437107e-04
2.70019531e-02	6.14819716e-06	6.04318546e-04
2.70507813e-02	6.17777560e-06	6.07214357e-04
2.70996094e-02	6.20749579e-06	6.10124611e-04
2.71484375e-02	6.23735844e-06	6.13049380e-04
2.71972656e-02	6.26736425e-06	6.15988735e-04
2.72460938e-02	6.29751395e-06	6.18942748e-04
2.72949219e-02	6.32780824e-06	6.21911492e-04
2.73437500e-02	6.35824785e-06	6.24895040e-04
2.73925781e-02	6.38883351e-06	6.27893465e-04
2.74414063e-02	6.41956594e-06	6.30906840e-04
2.74902344e-02	6.45044587e-06	6.33935241e-04
2.75390625e-02	6.48147405e-06	6.36978740e-04
2.75878906e-02	6.51265120e-06	6.40037413e-04
2.76367188e-02	6.54397807e-06	6.43111335e-04
2.76855469e-02	6.57545541e-06	6.46200581e-04
2.77343750e-02	6.60708397e-06	6.49305228e-04
2.77832031e-02	6.63886451e-06	6.52425351e-04
2.78320312e-02	6.67079777e-06	6.55561028e-04
2.78808594e-02	6.70288452e-06	6.58712334e-04
2.79296875e-02	6.73512553e-06	6.61879349e-04
2.79785156e-02	6.76752156e-06	6.65062149e-04
2.80273438e-02	6.80007339e-06	6.68260813e-04
2.80761719e-02	6.83278179e-06	6.71475419e-04
2.81250000e-02	6.86564755e-06	6.74706047e-04
2.81738281e-02	6.89867145e-06	6.77952775e-04
2.82226563e-02	6.93185427e-06	6.81215685e-04
2.82714844e-02	6.96519682e-06	6.84494855e-04
2.83203125e-02	6.99869987e-06	6.87790367e-04
2.83691406e-02	7.03236424e-06	6.91102301e-04
2.84179688e-02	7.06619074e-06	6.94430740e-04
2.84667969e-02	7.10018015e-06	6.97775765e-04
2.85156250e-02	7.13433331e-06	7.01137457e-04
2.85644531e-02	7.16865102e-06	7.04515901e-04
2.86132813e-02	7.20313410e-06	7.07911179e-04
2.86621094e-02	7.23778338e-06	7.11323375e-04
2.87109375e-02	7.27259969e-06	7.14752572e-04
2.87597656e-02	7.30758385e-06	7.18198855e-04
2.88085938e-02	7.34273671e-06	7.21662309e-04
2.88574219e-02	7.37805911e-06	7.25143019e-04
2.89062500e-02	7.41355188e-06	7.28641071e-04
2.89550781e-02	7.44921589e-06	7.32156551e-04
2.90039063e-02	7.48505198e-06	7.35689546e-04
2.90527344e-02	7.52106100e-06	7.39240141e-04
2.91015625e-02	7.55724383e-06	7.42808426e-04
2.91503906e-02	7.59360132e-06	7.46394488e-04
2.91992188e-02	7.63013435e-06	7.49998414e-04
2.92480469e-02	7.66684379e-06	7.53620295e-04
2.92968750e-02	7.70373052e-06	7.57260219e-04
2.93457031e-02	7.74079543e-06	7.60918275e-04
2.93945313e-02	7.77803939e-06	7.64594555e-04
2.94433594e-02	7.81546331e-06	7.68289147e-04
2.94921875e-02	7.85306808e-06	7.72002145e-04
2.95410156e-02	7.89085460e-06	7.75733638e-04
2.95898438e-02	7.92882377e-06	7.79483720e-04
2.96386719e-02	7.96697651e-06	7.83252482e-04
2.96875000e-02	8.00531373e-06	7.87040018e-04
2.97363281e-02	8.04383635e-06	7.90846420e-04
2.97851562e-02	8.08254529e-06	7.94671783e-04
2.98339844e-02	8.12144148e-06	7.98516201e-04
2.98828125e-02	8.16052585e-06	8.02379768e-04
2.99316406e-02	8.19979935e-06	8.06262581e-04
2.99804688e-02	8.23926291e-06	8.10164734e-04
3.00292969e-02	8.27891747e-06	8.14086325e-04
3.00781250e-02	8.31876400e-06	8.18027449e-04
3.01269531e-02	8.35880345e-06	8.21988205e-04
3.01757813e-02	8.39903677e-06	8.25968689e-04
3.02246094e-02	8.43946493e-06	8.29969000e-04
3.02734375e-02	8.48008891e-06	8.33989237e-04
3.03222656e-02	8.52090968e-06	8.38029498e-04
3.03710938e-02	8.56192822e-06	8.42089885e-04
3.04199219e-02	8.60314552e-06	8.46170496e-04
3.04687500e-02	8.64456256e-06	8.50271433e-04
3.05175781e-02	8.68618034e-06	8.54392797e-04
3.05664063e-02	8.72799986e-06	8.58534689e-04
3.06152344e-02	8.77002212e-06	8.62697212e-04
3.06640625e-02	8.81224814e-06	8.66880469e-04
3.07128906e-02	8.85467892e-06	8.71084563e-04
3.07617188e-02	8.89731550e-06	8.75309597e-04
3.08105469e-02	8.94015889e-06	8.79555677e-04
3.08593750e-02	8.98321012e-06	8.83822907e-04
3.09082031e-02	9.02647024e-06	8.88111392e-04
3.09570313e-02	9.06994027e-06	8.92421238e-04
3.10058594e-02	9.11362128e-06	8.96752553e-04
3.10546875e-02	9.15751429e-06	9.01105443e-04
3.11035156e-02	9.20162038e-06	9.05480015e-04
3.11523438e-02	9.24594061e-06	9.09876377e-04
3.12011719e-02	9.29047603e-06	9.14294639e-04
3.12500000e-02	9.33522773e-06	9.18734910e-04
3.12988281e-02	9.38019678e-06	9.23197298e-04
3.13476563e-02	9.42538426e-06	9.27681916e-04
3.13964844e-02	9.47079126e-06	9.32188873e-04
3.14453125e-02	9.51641888e-06	9.36718280e-04
3.14941406e-02	9.56226821e-06	9.41270251e-04
3.15429688e-02	9.60834035e-06	9.45844897e-04
3.15917969e-02	9.65463643e-06	9.50442332e-04
3.16406250e-02	9.70115755e-06	9.55062670e-04
3.16894531e-02	9.74790483e-06	9.59706024e-04
3.17382812e-02	9.79487940e-06	9.64372509e-04
3.17871094e-02	9.84208240e-06	9.69062242e-04
3.18359375e-02	9.88951496e-06	9.73775338e-04
3.18847656e-02	9.93717822e-06	9.78511913e-04
3.19335938e-02	9.98507334e-06	9.83272085e-04
3.19824219e-02	1.00332015e-05	9.88055972e-04
3.20312500e-02	1.00815638e-05	9.92863692e-04
3.20800781e-02	1.01301614e-05	9.97695364e-04
3.21289062e-02	1.01789955e-05	1.00255111e-03
3.21777344e-02	1.02280674e-05	1.00743104e-03
3.22265625e-02	1.02773781e-05	1.01233529e-03
3.22753906e-02	1.03269288e-05	1.01726398e-03
3.23242188e-02	1.03767209e-05	1.02221722e-03
3.23730469e-02	1.04267553e-05	1.02719513e-03
3.24218750e-02	1.04770335e-05	1.03219785e-03
3.24707031e-02	1.05275565e-05	1.03722550e-03
3.25195313e-02	1.05783256e-05	1.04227820e-03
3.25683594e-02	1.06293421e-05	1.04735607e-03
3.26171875e-02	1.06806071e-05	1.05245925e-03
3.26660156e-02	1.07321220e-05	1.05758785e-03
3.27148438e-02	1.07838878e-05	1.06274201e-03
3.27636719e-02	1.08359060e-05	1.06792185e-03
3.28125000e-02	1.08881777e-05	1.07312750e-03
3.28613281e-02	1.09407042e-05	1.07835910e-03
3.29101563e-02	1.09934868e-05	1.08361676e-03
3.29589844e-02	1.10465268e-05	1.08890063e-03
3.30078125e-02	1.10998254e-05	1.09421082e-03
3.30566406e-02	1.11533840e-05	1.09954748e-03
3.31054687e-02	1.12072038e-05	1.10491073e-03
3.31542969e-02	1.12612861e-05	1.11030072e-03
3.32031250e-02	1.13156322e-05	1.11571756e-03
3.32519531e-02	1.13702435e-05	1.12116140e-03
3.33007813e-02	1.14251213e-05	1.12663237e-03
3.33496094e-02	1.14802669e-05	1.13213061e-03
3.33984375e-02	1.15356816e-05	1.13765626e-03
3.34472656e-02	1.15913668e-05	1.14320944e-03
3.34960938e-02	1.16473238e-05	1.14879030e-03
3.35449219e-02	1.17035540e-05	1.15439898e-03
3.35937500e-02	1.17600588e-05	1.16003562e-03
3.36425781e-02	1.18168394e-05	1.16570035e-03
3.36914062e-02	1.18738974e-05	1.17139332e-03
3.37402344e-02	1.19312340e-05	1.17711467e-03
3.37890625e-02	1.19888507e-05	1.18286453e-03
3.38378906e-02	1.20467488e-05	1.18864306e-03
3.38867188e-02	1.21049298e-05	1.19445040e-03
3.39355469e-02	1.21633951e-05	1.20028669e-03
3.39843750e-02	1.22221460e-05	1.20615207e-03
3.40332031e-02	1.22811841e-05	1.21204669e-03
3.40820312e-02	1.23405107e-05	1.21797070e-03
3.41308594e-02	1.24001273e-05	1.22392425e-03
3.41796875e-02	1.24600353e-05	1.22990747e-03
3.42285156e-02	1.25202361e-05	1.23592053e-03
3.42773438e-02	1.25807314e-05	1.24196357e-03
3.43261719e-02	1.26415224e-05	1.24803674e-03
3.43750000e-02	1.27026107e-05	1.25414019e-03
3.44238281e-02	1.27639978e-05	1.26027408e-03
3.44726563e-02	1.28256851e-05	1.26643855e-03
3.45214844e-02	1.28876741e-05	1.27263376e-03
3.45703125e-02	1.29499665e-05	1.27885986e-03
3.46191406e-02	1.30125636e-05	1.28511701e-03
3.46679688e-02	1.30754669e-05	1.29140536e-03
3.47167969e-02	1.31386781e-05	1.29772507e-03
3.47656250e-02	1.32021987e-05	1.30407630e-03
3.48144531e-02	1.32660301e-05	1.31045921e-03
3.48632813e-02	1.33301740e-05	1.31687395e-03
3.49121094e-02	1.33946319e-05	1.32332068e-03
3.49609375e-02	1.34594053e-05	1.32979956e-03
3.50097656e-02	1.35244959e-05	1.33631076e-03
3.50585937e-02	1.35899052e-05	1.34285443e-03
3.51074219e-02	1.36556348e-05	1.34943075e-03
3.51562500e-02	1.37216863e-05	1.35603986e-03
3.52050781e-02	1.37880614e-05	1.36268195e-03
3.52539063e-02	1.38547616e-05	1.36935717e-03
3.53027344e-02	1.39217885e-05	1.37606568e-03
3.53515625e-02	1.39891438e-05	1.38280766e-03
3.54003906e-02	1.40568291e-05	1.38958328e-03
3.54492188e-02	1.41248461e-05	1.39639269e-03
3.54980469e-02	1.41931964e-05	1.40323608e-03
3.55468750e-02	1.42618817e-05	1.41011361e-03
3.55957031e-02	1.43309037e-05	1.41702545e-03
3.56445312e-02	1.44002639e-05	1.42397178e-03
3.56933594e-02	1.44699643e-05	1.43095277e-03
3.57421875e-02	1.45400063e-05	1.43796859e-03
3.57910156e-02	1.46103917e-05	1.44501942e-03
3.58398438e-02	1.46811223e-05	1.45210542e-03
3.58886719e-02	1.47521998e-05	1.45922679e-03
3.59375000e-02	1.48236258e-05	1.46638370e-03
3.59863281e-02	1.48954022e-05	1.47357631e-03
3.60351562e-02	1.49675306e-05	1.48080483e-03
3.60839844e-02	1.50400129e-05	1.48806941e-03
3.61328125e-02	1.51128508e-05	1.49537026e-03
3.61816406e-02	1.51860460e-05	1.50270754e-03
3.62304688e-02	1.52596005e-05	1.51008143e-03
3.62792969e-02	1.53335158e-05	1.51749214e-03
3.63281250e-02	1.54077939e-05	1.52493983e-03
3.63769531e-02	1.54824366e-05	1.53242469e-03
3.64257813e-02	1.55574457e-05	1.53994692e-03
3.64746094e-02	1.56328230e-05	1.54750669e-03
3.65234375e-02	1.57085703e-05	1.55510420e-03
3.65722656e-02	1.57846896e-05	1.56273964e-03
3.66210938e-02	1.58611826e-05	1.57041319e-03
3.66699219e-02	1.59380512e-05	1.57812505e-03
3.67187500e-02	1.60152973e-05	1.58587541e-03
3.67675781e-02	1.60929228e-05	1.59366447e-03
3.68164063e-02	1.61709295e-05	1.60149241e-03
3.68652344e-02	1.62493194e-05	1.60935944e-03
3.69140625e-02	1.63280945e-05	1.61726574e-03
3.69628906e-02	1.64072565e-05	1.62521153e-03
3.70117187e-02	1.64868075e-05	1.63319698e-03
3.70605469e-02	1.65667494e-05	1.64122231e-03
3.71093750e-02	1.66470841e-05	1.64928772e-03
3.71582031e-02	1.67278136e-05	1.65739340e-03
3.72070313e-02	1.68089399e-05	1.66553956e-03
3.72558594e-02	1.68904650e-05	1.67372641e-03
3.73046875e-02	1.69723908e-05	1.68195413e-03
3.73535156e-02	1.70547193e-05	1.69022295e-03
3.74023438e-02	1.71374526e-05	1.69853307e-03
3.74511719e-02	1.72205927e-05	1.70688469e-03
3.75000000e-02	1.73041416e-05	1.71527803e-03
3.75488281e-02	1.73881013e-05	1.72371329e-03
3.75976562e-02	1.74724740e-05	1.73219068e-03
3.76464844e-02	1.75572616e-05	1.74071042e-03
3.76953125e-02	1.76424663e-05	1.74927272e-03
3.77441406e-02	1.77280901e-05	1.75787779e-03
3.77929688e-02	1.78141351e-05	1.76652585e-03
3.78417969e-02	1.79006034e-05	1.77521711e-03
3.78906250e-02	1.79874972e-05	1.78395180e-03
3.79394531e-02	1.80748185e-05	1.79273012e-03
3.79882813e-02	1.81625696e-05	1.80155230e-03
3.80371094e-02	1.82507524e-05	1.81041856e-03
3.80859375e-02	1.83393693e-05	1.81932912e-03
3.81347656e-02	1.84284224e-05	1.82828421e-03
3.81835938e-02	1.85179138e-05	1.83728404e-03
3.82324219e-02	1.86078458e-05	1.84632884e-03
3.82812500e-02	1.86982205e-05	1.85541884e-03
3.83300781e-02	1.87890401e-05	1.86455427e-03
3.83789063e-02	1.88803069e-05	1.87373535e-03
3.84277344e-02	1.89720232e-05	1.88296232e-03
3.84765625e-02	1.90641911e-05	1.89223540e-03
3.85253906e-02	1.91568129e-05	1.90155483e-03
3.85742188e-02	1.92498910e-05	1.91092083e-03
3.86230469e-02	1.93434274e-05	1.92033365e-03
3.86718750e-02	1.94374247e-05	1.92979352e-03
3.87207031e-02	1.95318850e-05	1.93930067e-03
3.87695313e-02	1.96268107e-05	1.94885535e-03
3.88183594e-02	1.97222041e-05	1.95845779e-03
3.88671875e-02	1.98180675e-05	1.96810824e-03
3.89160156e-02	1.99144033e-05	1.97780693e-03
3.89648438e-02	2.00112139e-05	1.98755410e-03
3.90136719e-02	2.01085016e-05	1.99735001e-03
3.90625000e-02	2.02062688e-05	2.00719490e-03
3.91113281e-02	2.03045179e-05	2.01708900e-03
3.91601563e-02	2.04032514e-05	2.02703258e-03
3.92089844e-02	2.05024715e-05	2.03702588e-03
3.92578125e-02	2.06021809e-05	2.04706915e-03
3.93066406e-02	2.07023819e-05	2.05716264e-03
3.93554688e-02	2.08030769e-05	2.06730660e-03
3.94042969e-02	2.09042685e-05	2.07750129e-03
3.94531250e-02	2.10059591e-05	2.08774697e-03
3.95019531e-02	2.11081513e-05	2.09804388e-03
3.95507812e-02	2.12108475e-05	2.10839229e-03
3.95996094e-02	2.13140502e-05	2.11879246e-03
3.96484375e-02	2.14177621e-05	2.12924465e-03
3.96972656e-02	2.15219856e-05	2.13974912e-03
3.97460938e-02	2.16267232e-05	2.15030613e-03
3.97949219e-02	2.17319777e-05	2.16091595e-03
3.98437500e-02	2.18377515e-05	2.17157884e-03
3.98925781e-02	2.19440472e-05	2.18229508e-03
3.99414063e-02	2.20508675e-05	2.19306492e-03
3.99902344e-02	2.21582150e-05	2.20388864e-03
4.00390625e-02	2.22660924e-05	2.21476651e-03
4.00878906e-02	2.23745022e-05	2.22569881e-03
4.01367188e-02	2.24834471e-05	2.23668580e-03
4.01855469e-02	2.25929299e-05	2.24772776e-03
4.02343750e-02	2.27029531e-05	2.25882498e-03
4.02832031e-02	2.28135196e-05	2.26997772e-03
4.03320313e-02	2.29246320e-05	2.28118627e-03
4.03808594e-02	2.30362931e-05	2.29245091e-03
4.04296875e-02	2.31485055e-05	2.30377192e-03
4.04785156e-02	2.32612722e-05	2.31514959e-03
4.05273438e-02	2.33745957e-05	2.32658419e-03
4.05761719e-02	2.34884791e-05	2.33807603e-03
4.06250000e-02	2.36029249e-05	2.34962537e-03
4.06738281e-02	2.37179361e-05	2.36123253e-03
4.07226563e-02	2.38335154e-05	2.37289778e-03
4.07714844e-02	2.39496658e-05	2.38462142e-03
4.08203125e-02	2.40663900e-05	2.39640375e-03
4.08691406e-02	2.41836910e-05	2.40824505e-03
4.09179688e-02	2.43015717e-05	2.42014564e-03
4.09667969e-02	2.44200348e-05	2.43210579e-03
4.10156250e-02	2.45390835e-05	2.44412583e-03
4.10644531e-02	2.46587205e-05	2.45620604e-03
4.11132813e-02	2.47789488e-05	2.46834673e-03
4.11621094e-02	2.48997714e-05	2.48054820e-03
4.12109375e-02	2.50211913e-05	2.49281077e-03
4.12597656e-02	2.51432115e-05	2.50513474e-03
4.13085938e-02	2.52658349e-05	2.51752042e-03
4.13574219e-02	2.53890646e-05	2.52996812e-03
4.14062500e-02	2.55129036e-05	2.54247815e-03
4.14550781e-02	2.56373550e-05	2.55505083e-03
4.15039062e-02	2.57624218e-05	2.56768647e-03
4.15527344e-02	2.58881072e-05	2.58038540e-03
4.16015625e-02	2.60144142e-05	2.59314792e-03
4.16503906e-02	2.61413459e-05	2.60597436e-03
4.16992188e-02	2.62689054e-05	2.61886505e-03
4.17480469e-02	2.63970960e-05	2.63182030e-03
4.17968750e-02	2.65259207e-05	2.64484044e-03
4.18457031e-02	2.66553828e-05	2.65792581e-03
4.18945313e-02	2.67854854e-05	2.67107672e-03
4.19433594e-02	2.69162317e-05	2.68429351e-03
4.19921875e-02	2.70476250e-05	2.69757651e-03
4.20410156e-02	2.71796685e-05	2.71092606e-03
4.20898438e-02	2.73123655e-05	2.72434249e-03
4.21386719e-02	2.74457193e-05	2.73782614e-03
4.21875000e-02	2.75797330e-05	2.75137734e-03
4.22363281e-02	2.77144101e-05	2.76499644e-03
4.22851563e-02	2.78497539e-05	2.77868378e-03
4.23339844e-02	2.79857676e-05	2.79243971e-03
4.23828125e-02	2.81224547e-05	2.80626456e-03
4.24316406e-02	2.82598186e-05	2.82015870e-03
4.24804688e-02	2.83978626e-05	2.83412246e-03
4.25292969e-02	2.85365901e-05	2.84815620e-03
4.25781250e-02	2.86760045e-05	2.86226028e-03
4.26269531e-02	2.88161094e-05	2.87643504e-03
4.26757813e-02	2.89569081e-05	2.89068084e-03
4.27246094e-02	2.90984042e-05	2.90499805e-03
4.27734375e-02	2.92406011e-05	2.91938702e-03
4.28222656e-02	2.93835023e-05	2.93384812e-03
4.28710938e-02	2.95271115e-05	2.94838170e-03
4.29199219e-02	2.96714320e-05	2.96298814e-03
4.29687500e-02	2.98164676e-05	2.97766780e-03
4.30175781e-02	2.99622217e-05	2.99242105e-03
4.30664063e-02	3.01086980e-05	3.00724826e-03
4.31152344e-02	3.02559001e-05	3.02214981e-03
4.31640625e-02	3.04038316e-05	3.03712607e-03
4.32128906e-02	3.05524963e-05	3.05217743e-03
4.32617188e-02	3.07018977e-05	3.06730424e-03
4.33105469e-02	3.08520395e-05	3.08250691e-03
4.33593750e-02	3.10029256e-05	3.09778581e-03
4.34082031e-02	3.11545596e-05	3.11314133e-03
4.34570312e-02	3.13069452e-05	3.12857385e-03
4.35058594e-02	3.14600862e-05	3.14408376e-03
4.35546875e-02	3.16139865e-05	3.15967145e-03
4.36035156e-02	3.17686498e-05	3.17533732e-03
4.36523438e-02	3.19240800e-05	3.19108176e-03
4.37011719e-02	3.20802808e-05	3.20690517e-03
4.37500000e-02	3.22372562e-05	3.22280794e-03
4.37988281e-02	3.23950101e-05	3.23879048e-03
4.38476563e-02	3.25535463e-05	3.25485319e-03
4.38964844e-02	3.27128688e-05	3.27099647e-03
4.39453125e-02	3.28729816e-05	3.28722073e-03
4.39941406e-02	3.30338885e-05	3.30352638e-03
4.40429688e-02	3.31955935e-05	3.31991384e-03
4.40917969e-02	3.33581008e-05	3.33638351e-03
4.41406250e-02	3.35214143e-05	3.35293580e-03
4.41894531e-02	3.36855380e-05	3.36957115e-03
4.42382813e-02	3.38504760e-05	3.38628996e-03
4.42871094e-02	3.40162324e-05	3.40309266e-03
4.43359375e-02	3.41828113e-05	3.41997967e-03
4.43847656e-02	3.43502169e-05	3.43695142e-03
4.44335938e-02	3.45184532e-05	3.45400833e-03
4.44824219e-02	3.46875244e-05	3.47115084e-03
4.45312500e-02	3.48574349e-05	3.48837938e-03
4.45800781e-02	3.50281886e-05	3.50569438e-03
4.46289063e-02	3.51997899e-05	3.52309628e-03
4.46777344e-02	3.53722431e-05	3.54058552e-03
4.47265625e-02	3.55455524e-05	3.55816254e-03
4.47753906e-02	3.57197221e-05	3.57582778e-03
4.48242188e-02	3.58947565e-05	3.59358169e-03
4.48730469e-02	3.60706600e-05	3.61142472e-03
4.49218750e-02	3.62474369e-05	3.62935732e-03
4.49707031e-02	3.64250916e-05	3.64737994e-03
4.50195313e-02	3.66036285e-05	3.66549304e-03
4.50683594e-02	3.67830521e-05	3.68369707e-03
4.51171875e-02	3.69633668e-05	3.70199249e-03
4.51660156e-02	3.71445771e-05	3.72037976e-03
4.52148438e-02	3.73266874e-05	3.73885935e-03
4.52636719e-02	3.75097023e-05	3.75743173e-03
4.53125000e-02	3.76936264e-05	3.77609736e-03
4.53613281e-02	3.78784641e-05	3.79485672e-03
4.54101562e-02	3.80642201e-05	3.81371028e-03
4.54589844e-02	3.82508991e-05	3.83265851e-03
4.55078125e-02	3.84385055e-05	3.85170190e-03
4.55566406e-02	3.86270442e-05	3.87084092e-03
4.56054688e-02	3.88165197e-05	3.89007606e-03
4.56542969e-02	3.90069368e-05	3.90940781e-03
4.57031250e-02	3.91983001e-05	3.92883664e-03
4.57519531e-02	3.93906146e-05	3.94836307e-03
4.58007813e-02	3.95838849e-05	3.96798757e-03
4.58496094e-02	3.97781158e-05	3.98771064e-03
4.58984375e-02	3.99733122e-05	4.00753278e-03
4.59472656e-02	4.01694788e-05	4.02745450e-03
4.59960938e-02	4.03666207e-05	4.04747630e-03
4.60449219e-02	4.05647426e-05	4.06759867e-03
4.60937500e-02	4.07638496e-05	4.08782214e-03
4.61425781e-02	4.09639465e-05	4.10814721e-03
4.61914063e-02	4.11650383e-05	4.12857440e-03
4.62402344e-02	4.13671301e-05	4.14910421e-03
4.62890625e-02	4.15702268e-05	4.16973718e-03
4.63378906e-02	4.17743335e-05	4.19047383e-03
4.63867188e-02	4.19794553e-05	4.21131467e-03
4.64355469e-02	4.21855973e-05	4.23226023e-03
4.64843750e-02	4.23927646e-05	4.25331105e-03
4.65332031e-02	4.26009623e-05	4.27446766e-03
4.65820313e-02	4.28101956e-05	4.29573059e-03
4.66308594e-02	4.30204698e-05	4.31710038e-03
4.66796875e-02	4.32317901e-05	4.33857757e-03
4.67285156e-02	4.34441617e-05	4.36016270e-03
4.67773438e-02	4.36575899e-05	4.38185633e-03
4.68261719e-02	4.38720800e-05	4.40365899e-03
4.68750000e-02	4.40876374e-05	4.42557125e-03
4.69238281e-02	4.43042674e-05	4.44759365e-03
4.69726563e-02	4.45219754e-05	4.46972675e-03
4.70214844e-02	4.47407669e-05	4.49197111e-03
4.70703125e-02	4.49606472e-05	4.51432730e-03
4.71191406e-02	4.51816219e-05	4.53679588e-03
4.71679688e-02	4.54036964e-05	4.55937742e-03
4.72167969e-02	4.56268763e-05	4.58207250e-03
4.72656250e-02	4.58511672e-05	4.60488168e-03
4.73144531e-02	4.60765746e-05	4.62780554e-03
4.73632812e-02	4.63031042e-05	4.65084467e-03
4.74121094e-02	4.65307615e-05	4.67399965e-03
4.74609375e-02	4.67595523e-05	4.69727106e-03
4.75097656e-02	4.69894822e-05	4.72065949e-03
4.75585938e-02	4.72205571e-05	4.74416554e-03
4.76074219e-02	4.74527825e-05	4.76778981e-03
4.76562500e-02	4.76861644e-05	4.79153288e-03
4.77050781e-02	4.79207086e-05	4.81539536e-03
4.77539063e-02	4.81564208e-05	4.83937786e-03
4.78027344e-02	4.83933070e-05	4.86348098e-03
4.78515625e-02	4.86313731e-05	4.88770533e-03
4.79003906e-02	4.88706250e-05	4.91205153e-03
4.79492188e-02	4.91110686e-05	4.93652020e-03
4.79980469e-02	4.93527100e-05	4.96111195e-03
4.80468750e-02	4.95955552e-05	4.98582741e-03
4.80957031e-02	4.98396103e-05	5.01066720e-03
4.81445313e-02	5.00848812e-05	5.03563195e-03
4.81933594e-02	5.03313743e-05	5.06072231e-03
4.82421875e-02	5.05790955e-05	5.08593889e-03
4.82910156e-02	5.08280511e-05	5.11128235e-03
4.83398438e-02	5.10782473e-05	5.13675332e-03
4.83886719e-02	5.13296903e-05	5.16235245e-03
4.84375000e-02	5.15823864e-05	5.18808038e-03
4.84863281e-02	5.18363419e-05	5.21393778e-03
4.85351563e-02	5.20915632e-05	5.23992530e-03
4.85839844e-02	5.23480566e-05	5.26604359e-03
4.86328125e-02	5.26058285e-05	5.29229332e-03
4.86816406e-02	5.28648853e-05	5.31867515e-03
4.87304688e-02	5.31252336e-05	5.34518976e-03
4.87792969e-02	5.33868798e-05	5.37183781e-03
4.88281250e-02	5.36498304e-05	5.39861999e-03
4.88769531e-02	5.39140920e-05	5.42553696e-03
4.89257813e-02	5.41796713e-05	5.45258942e-03
4.89746094e-02	5.44465748e-05	5.47977805e-03
4.90234375e-02	5.47148092e-05	5.50710354e-03
4.90722656e-02	5.49843812e-05	5.53456658e-03
4.91210938e-02	5.52552976e-05	5.56216787e-03
4.91699219e-02	5.55275651e-05	5.58990811e-03
4.92187500e-02	5.58011905e-05	5.61778801e-03
4.92675781e-02	5.60761806e-05	5.64580827e-03
4.93164062e-02	5.63525424e-05	5.67396960e-03
4.93652344e-02	5.66302827e-05	5.70227272e-03
4.94140625e-02	5.69094084e-05	5.73071835e-03
4.94628906e-02	5.71899266e-05	5.75930721e-03
4.95117188e-02	5.74718443e-05	5.78804002e-03
4.95605469e-02	5.77551684e-05	5.81691751e-03
4.96093750e-02	5.80399062e-05	5.84594043e-03
4.96582031e-02	5.83260646e-05	5.87510949e-03
4.97070313e-02	5.86136509e-05	5.90442545e-03
4.97558594e-02	5.89026723e-05	5.93388905e-03
4.98046875e-02	5.91931359e-05	5.96350104e-03
4.98535156e-02	5.94850491e-05	5.99326217e-03
4.99023438e-02	5.97784191e-05	6.02317320e-03
4.99511719e-02	6.00732533e-05	6.05323488e-03
5.00000000e-02	6.03695590e-05	6.08344797e-03
5.00488281e-02	6.06673437e-05	6.11381326e-03
5.00976563e-02	6.09666148e-05	6.14433150e-03
5.01464844e-02	6.12673798e-05	6.17500348e-03
5.01953125e-02	6.15696463e-05	6.20582997e-03
5.02441406e-02	6.18734217e-05	6.23681176e-03
5.02929688e-02	6.21787137e-05	6.26794962e-03
5.03417969e-02	6.24855300e-05	6.29924437e-03
5.03906250e-02	6.27938782e-05	6.33069678e-03
5.04394531e-02	6.31037660e-05	6.36230767e-03
5.04882813e-02	6.34152011e-05	6.39407782e-03
5.05371094e-02	6.37281915e-05	6.42600806e-03
5.05859375e-02	6.40427449e-05	6.45809919e-03
5.06347656e-02	6.43588692e-05	6.49035202e-03
5.06835938e-02	6.46765723e-05	6.52276739e-03
5.07324219e-02	6.49958622e-05	6.55534610e-03
5.07812500e-02	6.53167469e-05	6.58808900e-03
5.08300781e-02	6.56392343e-05	6.62099691e-03
5.08789063e-02	6.59633326e-05	6.65407067e-03
5.09277344e-02	6.62890500e-05	6.68731112e-03
5.09765625e-02	6.66163945e-05	6.72071911e-03
5.10253906e-02	6.69453743e-05	6.75429548e-03
5.10742188e-02	6.72759978e-05	6.78804109e-03
5.11230469e-02	6.76082731e-05	6.82195680e-03
5.11718750e-02	6.79422086e-05	6.85604348e-03
5.12207031e-02	6.82778128e-05	6.89030198e-03
5.12695312e-02	6.86150939e-05	6.92473318e-03
5.13183594e-02	6.89540605e-05	6.95933795e-03
5.13671875e-02	6.92947210e-05	6.99411719e-03
5.14160156e-02	6.96370840e-05	7.02907176e-03
5.14648438e-02	6.99811581e-05	7.06420256e-03
5.15136719e-02	7.03269519e-05	7.09951049e-03
5.15625000e-02	7.06744740e-05	7.13499645e-03
5.16113281e-02	7.10237333e-05	7.17066133e-03
5.16601563e-02	7.13747383e-05	7.20650604e-03
5.17089844e-02	7.17274980e-05	7.24253150e-03
5.17578125e-02	7.20820212e-05	7.27873862e-03
5.18066406e-02	7.24383168e-05	7.31512833e-03
5.18554688e-02	7.27963937e-05	7.35170155e-03
5.19042969e-02	7.31562609e-05	7.38845922e-03
5.19531250e-02	7.35179274e-05	7.42540226e-03
5.20019531e-02	7.38814024e-05	7.46253162e-03
5.20507813e-02	7.42466949e-05	7.49984825e-03
5.20996094e-02	7.46138140e-05	7.53735309e-03
5.21484375e-02	7.49827691e-05	7.57504710e-03
5.21972656e-02	7.53535694e-05	7.61293125e-03
5.22460938e-02	7.57262241e-05	7.65100649e-03
5.22949219e-02	7.61007427e-05	7.68927379e-03
5.23437500e-02	7.64771345e-05	7.72773414e-03
5.23925781e-02	7.68554089e-05	7.76638850e-03
5.24414063e-02	7.72355756e-05	7.80523787e-03
5.24902344e-02	7.76176440e-05	7.84428323e-03
5.25390625e-02	7.80016237e-05	7.88352558e-03
5.25878906e-02	7.83875244e-05	7.92296592e-03
5.26367188e-02	7.87753557e-05	7.96260526e-03
5.26855469e-02	7.91651274e-05	8.00244459e-03
5.27343750e-02	7.95568493e-05	8.04248495e-03
5.27832031e-02	7.99505313e-05	8.08272735e-03
5.28320313e-02	8.03461831e-05	8.12317281e-03
5.28808594e-02	8.07438149e-05	8.16382237e-03
5.29296875e-02	8.11434364e-05	8.20467706e-03
5.29785156e-02	8.15450579e-05	8.24573793e-03
5.30273438e-02	8.19486893e-05	8.28700602e-03
5.30761719e-02	8.23543409e-05	8.32848238e-03
5.31250000e-02	8.27620228e-05	8.37016806e-03
5.31738281e-02	8.31717453e-05	8.41206415e-03
5.32226562e-02	8.35835186e-05	8.45417169e-03
5.32714844e-02	8.39973532e-05	8.49649177e-03
5.33203125e-02	8.44132593e-05	8.53902546e-03
5.33691406e-02	8.48312476e-05	8.58177386e-03
5.34179688e-02	8.52513285e-05	8.62473804e-03
5.34667969e-02	8.56735125e-05	8.66791910e-03
5.35156250e-02	8.60978103e-05	8.71131816e-03
5.35644531e-02	8.65242325e-05	8.75493630e-03
5.36132813e-02	8.69527899e-05	8.79877466e-03
5.36621094e-02	8.73834932e-05	8.84283433e-03
5.37109375e-02	8.78163534e-05	8.88711646e-03
5.37597656e-02	8.82513812e-05	8.93162216e-03
5.38085938e-02	8.86885876e-05	8.97635258e-03
5.38574219e-02	8.91279836e-05	9.02130886e-03
5.39062500e-02	8.95695803e-05	9.06649213e-03
5.39550781e-02	9.00133888e-05	9.11190357e-03
5.40039063e-02	9.04594202e-05	9.15754431e-03
5.40527344e-02	9.09076859e-05	9.20341554e-03
5.41015625e-02	9.13581969e-05	9.24951842e-03
5.41503906e-02	9.18109648e-05	9.29585412e-03
5.41992188e-02	9.22660009e-05	9.34242383e-03
5.42480469e-02	9.27233166e-05	9.38922874e-03
5.42968750e-02	9.31829235e-05	9.43627005e-03
5.43457031e-02	9.36448332e-05	9.48354895e-03
5.43945313e-02	9.41090572e-05	9.53106665e-03
5.44433594e-02	9.45756073e-05	9.57882437e-03
5.44921875e-02	9.50444952e-05	9.62682332e-03
5.45410156e-02	9.55157327e-05	9.67506473e-03
5.45898438e-02	9.59893316e-05	9.72354983e-03
5.46386719e-02	9.64653041e-05	9.77227987e-03
5.46875000e-02	9.69436619e-05	9.82125607e-03
5.47363281e-02	9.74244171e-05	9.87047971e-03
5.47851563e-02	9.79075820e-05	9.91995202e-03
5.48339844e-02	9.83931685e-05	9.96967429e-03
5.48828125e-02	9.88811891e-05	1.00196478e-02
5.49316406e-02	9.93716559e-05	1.00698737e-02
5.49804688e-02	9.98645814e-05	1.01203535e-02
5.50292969e-02	1.00359978e-04	1.01710883e-02
5.50781250e-02	1.00857858e-04	1.02220795e-02
5.51269531e-02	1.01358234e-04	1.02733283e-02
5.51757812e-02	1.01861119e-04	1.03248362e-02
5.52246094e-02	1.02366525e-04	1.03766043e-02
5.52734375e-02	1.02874466e-04	1.04286340e-02
5.53222656e-02	1.03384953e-04	1.04809267e-02
5.53710938e-02	1.03898000e-04	1.05334836e-02
5.54199219e-02	1.04413620e-04	1.05863062e-02
5.54687500e-02	1.04931826e-04	1.06393958e-02
5.55175781e-02	1.05452630e-04	1.06927536e-02
5.55664063e-02	1.05976046e-04	1.07463812e-02
5.56152344e-02	1.06502088e-04	1.08002799e-02
5.56640625e-02	1.07030768e-04	1.08544510e-02
5.57128906e-02	1.07562100e-04	1.09088959e-02
5.57617188e-02	1.08096097e-04	1.09636160e-02
5.58105469e-02	1.08632772e-04	1.10186128e-02
5.58593750e-02	1.09172140e-04	1.10738876e-02
5.59082031e-02	1.09714213e-04	1.11294418e-02
5.59570313e-02	1.10259006e-04	1.11852769e-02
5.60058594e-02	1.10806532e-04	1.12413943e-02
5.60546875e-02	1.11356805e-04	1.12977954e-02
5.61035156e-02	1.11909840e-04	1.13544817e-02
5.61523438e-02	1.12465649e-04	1.14114546e-02
5.62011719e-02	1.13024246e-04	1.14687156e-02
5.62500000e-02	1.13585647e-04	1.15262661e-02
5.62988281e-02	1.14149865e-04	1.15841077e-02
5.63476563e-02	1.14716915e-04	1.16422417e-02
5.63964844e-02	1.15286810e-04	1.17006697e-02
5.64453125e-02	1.15859566e-04	1.17593932e-02
5.64941406e-02	1.16435196e-04	1.18184136e-02
5.65429688e-02	1.17013715e-04	1.18777326e-02
5.65917969e-02	1.17595138e-04	1.19373516e-02
5.66406250e-02	1.18179479e-04	1.19972720e-02
5.66894531e-02	1.18766754e-04	1.20574956e-02
5.67382813e-02	1.19356977e-04	1.21180238e-02
5.67871094e-02	1.19950162e-04	1.21788581e-02
5.68359375e-02	1.20546326e-04	1.22400001e-02
5.68847656e-02	1.21145482e-04	1.23014515e-02
5.69335938e-02	1.21747647e-04	1.23632136e-02
5.69824219e-02	1.22352835e-04	1.24252883e-02
5.70312500e-02	1.22961062e-04	1.24876769e-02
5.70800781e-02	1.23572342e-04	1.25503811e-02
5.71289062e-02	1.24186693e-04	1.26134026e-02
5.71777344e-02	1.24804128e-04	1.26767430e-02
5.72265625e-02	1.25424664e-04	1.27404037e-02
5.72753906e-02	1.26048316e-04	1.28043866e-02
5.73242188e-02	1.26675100e-04	1.28686932e-02
5.73730469e-02	1.27305032e-04	1.29333252e-02
5.74218750e-02	1.27938128e-04	1.29982843e-02
5.74707031e-02	1.28574404e-04	1.30635720e-02
5.75195313e-02	1.29213875e-04	1.31291901e-02
5.75683594e-02	1.29856559e-04	1.31951403e-02
5.76171875e-02	1.30502471e-04	1.32614242e-02
5.76660156e-02	1.31151628e-04	1.33280435e-02
5.77148438e-02	1.31804046e-04	1.33950000e-02
5.77636719e-02	1.32459742e-04	1.34622954e-02
5.78125000e-02	1.33118732e-04	1.35299313e-02
5.78613281e-02	1.33781033e-04	1.35979096e-02
5.79101563e-02	1.34446661e-04	1.36662319e-02
5.79589844e-02	1.35115634e-04	1.37349000e-02
5.80078125e-02	1.35787969e-04	1.38039158e-02
5.80566406e-02	1.36463681e-04	1.38732808e-02
5.81054688e-02	1.37142790e-04	1.39429970e-02
5.81542969e-02	1.37825311e-04	1.40130661e-02
5.82031250e-02	1.38511262e-04	1.40834899e-02
5.82519531e-02	1.39200660e-04	1.41542702e-02
5.83007813e-02	1.39893524e-04	1.42254088e-02
5.83496094e-02	1.40589869e-04	1.42969076e-02
5.83984375e-02	1.41289715e-04	1.43687684e-02
5.84472656e-02	1.41993078e-04	1.44409930e-02
5.84960938e-02	1.42699977e-04	1.45135833e-02
5.85449219e-02	1.43410429e-04	1.45865411e-02
5.85937500e-02	1.44124453e-04	1.46598683e-02
5.86425781e-02	1.44842066e-04	1.47335668e-02
5.86914063e-02	1.45563287e-04	1.48076385e-02
5.87402344e-02	1.46288134e-04	1.48820853e-02
5.87890625e-02	1.47016625e-04	1.49569090e-02
5.88378906e-02	1.47748779e-04	1.50321117e-02
5.88867188e-02	1.48484614e-04	1.51076952e-02
5.89355469e-02	1.49224149e-04	1.51836615e-02
5.89843750e-02	1.49967403e-04	1.52600126e-02
5.90332031e-02	1.50714394e-04	1.53367503e-02
5.90820312e-02	1.51465142e-04	1.54138766e-02
5.91308594e-02	1.52219665e-04	1.54913936e-02
5.91796875e-02	1.52977983e-04	1.55693033e-02
5.92285156e-02	1.53740114e-04	1.56476075e-02
5.92773438e-02	1.54506079e-04	1.57263084e-02
5.93261719e-02	1.55275896e-04	1.58054079e-02
5.93750000e-02	1.56049586e-04	1.58849081e-02
5.94238281e-02	1.56827167e-04	1.59648111e-02
5.94726563e-02	1.57608659e-04	1.60451188e-02
5.95214844e-02	1.58394083e-04	1.61258333e-02
5.95703125e-02	1.59183457e-04	1.62069568e-02
5.96191406e-02	1.59976803e-04	1.62884913e-02
5.96679688e-02	1.60774140e-04	1.63704388e-02
5.97167969e-02	1.61575489e-04	1.64528015e-02
5.97656250e-02	1.62380870e-04	1.65355815e-02
5.98144531e-02	1.63190302e-04	1.66187810e-02
5.98632813e-02	1.64003808e-04	1.67024020e-02
5.99121094e-02	1.64821407e-04	1.67864468e-02
5.99609375e-02	1.65643120e-04	1.68709174e-02
6.00097656e-02	1.66468968e-04	1.69558160e-02
6.00585938e-02	1.67298971e-04	1.70411449e-02
6.01074219e-02	1.68133152e-04	1.71269062e-02
6.01562500e-02	1.68971531e-04	1.72131021e-02
6.02050781e-02	1.69814130e-04	1.72997348e-02
6.02539063e-02	1.70660969e-04	1.73868066e-02
6.03027344e-02	1.71512071e-04	1.74743196e-02
6.03515625e-02	1.72367457e-04	1.75622763e-02
6.04003906e-02	1.73227148e-04	1.76506787e-02
6.04492188e-02	1.74091167e-04	1.77395292e-02
6.04980469e-02	1.74959535e-04	1.78288300e-02
6.05468750e-02	1.75832275e-04	1.79185835e-02
6.05957031e-02	1.76709408e-04	1.80087920e-02
6.06445313e-02	1.77590957e-04	1.80994577e-02
6.06933594e-02	1.78476944e-04	1.81905830e-02
6.07421875e-02	1.79367392e-04	1.82821703e-02
6.07910156e-02	1.80262324e-04	1.83742219e-02
6.08398438e-02	1.81161761e-04	1.84667401e-02
6.08886719e-02	1.82065728e-04	1.85597274e-02
6.09375000e-02	1.82974246e-04	1.86531861e-02
6.09863281e-02	1.83887339e-04	1.87471187e-02
6.10351562e-02	1.84805031e-04	1.88415275e-02
6.10839844e-02	1.85727344e-04	1.89364150e-02
6.11328125e-02	1.86654302e-04	1.90317836e-02
6.11816406e-02	1.87585928e-04	1.91276358e-02
6.12304688e-02	1.88522247e-04	1.92239740e-02
6.12792969e-02	1.89463282e-04	1.93208008e-02
6.13281250e-02	1.90409056e-04	1.94181185e-02
6.13769531e-02	1.91359594e-04	1.95159298e-02
6.14257813e-02	1.92314921e-04	1.96142371e-02
6.14746094e-02	1.93275059e-04	1.97130429e-02
6.15234375e-02	1.94240035e-04	1.98123498e-02
6.15722656e-02	1.95209871e-04	1.99121604e-02
6.16210938e-02	1.96184594e-04	2.00124771e-02
6.16699219e-02	1.97164227e-04	2.01133027e-02
6.17187500e-02	1.98148796e-04	2.02146397e-02
6.17675781e-02	1.99138326e-04	2.03164906e-02
6.18164063e-02	2.00132841e-04	2.04188582e-02
6.18652344e-02	2.01132368e-04	2.05217451e-02
6.19140625e-02	2.02136931e-04	2.06251538e-02
6.19628906e-02	2.03146556e-04	2.07290871e-02
6.20117188e-02	2.04161268e-04	2.08335476e-02
6.20605469e-02	2.05181095e-04	2.09385380e-02
6.21093750e-02	2.06206060e-04	2.10440611e-02
6.21582031e-02	2.07236192e-04	2.11501195e-02
6.22070313e-02	2.08271515e-04	2.12567160e-02
6.22558594e-02	2.09312056e-04	2.13638532e-02
6.23046875e-02	2.10357842e-04	2.14715341e-02
6.23535156e-02	2.11408899e-04	2.15797613e-02
6.24023438e-02	2.12465254e-04	2.16885376e-02
6.24511719e-02	2.13526934e-04	2.17978659e-02
6.25000000e-02	2.14593965e-04	2.19077489e-02
6.25488281e-02	2.15666376e-04	2.20181894e-02
6.25976563e-02	2.16744193e-04	2.21291904e-02
6.26464844e-02	2.17827443e-04	2.22407547e-02
6.26953125e-02	2.18916155e-04	2.23528851e-02
6.27441406e-02	2.20010356e-04	2.24655845e-02
6.27929687e-02	2.21110074e-04	2.25788559e-02
6.28417969e-02	2.22215337e-04	2.26927021e-02
6.28906250e-02	2.23326172e-04	2.28071262e-02
6.29394531e-02	2.24442609e-04	2.29221309e-02
6.29882812e-02	2.25564676e-04	2.30377194e-02
6.30371094e-02	2.26692401e-04	2.31538945e-02
6.30859375e-02	2.27825813e-04	2.32706593e-02
6.31347656e-02	2.28964941e-04	2.33880167e-02
6.31835938e-02	2.30109813e-04	2.35059699e-02
6.32324219e-02	2.31260460e-04	2.36245218e-02
6.32812500e-02	2.32416910e-04	2.37436755e-02
6.33300781e-02	2.33579193e-04	2.38634340e-02
6.33789063e-02	2.34747339e-04	2.39838005e-02
6.34277344e-02	2.35921376e-04	2.41047780e-02
6.34765625e-02	2.37101336e-04	2.42263697e-02
6.35253906e-02	2.38287248e-04	2.43485787e-02
6.35742188e-02	2.39479142e-04	2.44714082e-02
6.36230469e-02	2.40677049e-04	2.45948613e-02
6.36718750e-02	2.41880999e-04	2.47189411e-02
6.37207031e-02	2.43091023e-04	2.48436510e-02
6.37695312e-02	2.44307152e-04	2.49689940e-02
6.38183594e-02	2.45529417e-04	2.50949735e-02
6.38671875e-02	2.46757849e-04	2.52215927e-02
6.39160156e-02	2.47992479e-04	2.53488549e-02
6.39648438e-02	2.49233339e-04	2.54767632e-02
6.40136719e-02	2.50480460e-04	2.56053211e-02
6.40625000e-02	2.51733874e-04	2.57345319e-02
6.41113281e-02	2.52993614e-04	2.58643988e-02
6.41601563e-02	2.54259711e-04	2.59949252e-02
6.42089844e-02	2.55532197e-04	2.61261146e-02
6.42578125e-02	2.56811105e-04	2.62579702e-02
6.43066406e-02	2.58096468e-04	2.63904954e-02
6.43554688e-02	2.59388319e-04	2.65236938e-02
6.44042969e-02	2.60686689e-04	2.66575687e-02
6.44531250e-02	2.61991613e-04	2.67921236e-02
6.45019531e-02	2.63303124e-04	2.69273619e-02
6.45507813e-02	2.64621255e-04	2.70632872e-02
6.45996094e-02	2.65946040e-04	2.71999029e-02
6.46484375e-02	2.67277513e-04	2.73372126e-02
6.46972656e-02	2.68615707e-04	2.74752198e-02
6.47460937e-02	2.69960657e-04	2.76139280e-02
6.47949219e-02	2.71312397e-04	2.77533409e-02
6.48437500e-02	2.72670961e-04	2.78934621e-02
6.48925781e-02	2.74036385e-04	2.80342951e-02
6.49414062e-02	2.75408703e-04	2.81758437e-02
6.49902344e-02	2.76787950e-04	2.83181113e-02
6.50390625e-02	2.78174161e-04	2.84611018e-02
6.50878906e-02	2.79567372e-04	2.86048188e-02
6.51367188e-02	2.80967618e-04	2.87492661e-02
6.51855469e-02	2.82374936e-04	2.88944473e-02
6.52343750e-02	2.83789360e-04	2.90403661e-02
6.52832031e-02	2.85210927e-04	2.91870265e-02
6.53320313e-02	2.86639673e-04	2.93344321e-02
6.53808594e-02	2.88075636e-04	2.94825867e-02
6.54296875e-02	2.89518851e-04	2.96314942e-02
6.54785156e-02	2.90969355e-04	2.97811585e-02
6.55273438e-02	2.92427186e-04	2.99315833e-02
6.55761719e-02	2.93892380e-04	3.00827726e-02
6.56250000e-02	2.95364975e-04	3.02347303e-02
6.56738281e-02	2.96845009e-04	3.03874602e-02
6.57226562e-02	2.98332519e-04	3.05409665e-02
6.57714844e-02	2.99827544e-04	3.06952529e-02
6.58203125e-02	3.01330122e-04	3.08503235e-02
6.58691406e-02	3.02840290e-04	3.10061823e-02
6.59179688e-02	3.04358089e-04	3.11628333e-02
6.59667969e-02	3.05883555e-04	3.13202806e-02
6.60156250e-02	3.07416729e-04	3.14785282e-02
6.60644531e-02	3.08957650e-04	3.16375803e-02
6.61132813e-02	3.10506357e-04	3.17974408e-02
6.61621094e-02	3.12062889e-04	3.19581141e-02
6.62109375e-02	3.13627286e-04	3.21196041e-02
6.62597656e-02	3.15199589e-04	3.22819151e-02
6.63085938e-02	3.16779837e-04	3.24450513e-02
6.63574219e-02	3.18368071e-04	3.26090169e-02
6.64062500e-02	3.19964332e-04	3.27738161e-02
6.64550781e-02	3.21568660e-04	3.29394532e-02
6.65039063e-02	3.23181096e-04	3.31059325e-02
6.65527344e-02	3.24801681e-04	3.32732582e-02
6.66015625e-02	3.26430458e-04	3.34414347e-02
6.66503906e-02	3.28067467e-04	3.36104664e-02
6.66992187e-02	3.29712751e-04	3.37803575e-02
6.67480469e-02	3.31366352e-04	3.39511126e-02
6.67968750e-02	3.33028311e-04	3.41227359e-02
6.68457031e-02	3.34698671e-04	3.42952321e-02
6.68945312e-02	3.36377476e-04	3.44686054e-02
6.69433594e-02	3.38064768e-04	3.46428604e-02
6.69921875e-02	3.39760589e-04	3.48180016e-02
6.70410156e-02	3.41464985e-04	3.49940335e-02
6.70898438e-02	3.43177997e-04	3.51709607e-02
6.71386719e-02	3.44899671e-04	3.53487877e-02
6.71875000e-02	3.46630049e-04	3.55275192e-02
6.72363281e-02	3.48369177e-04	3.57071597e-02
6.72851563e-02	3.50117099e-04	3.58877139e-02
6.73339844e-02	3.51873859e-04	3.60691865e-02
6.73828125e-02	3.53639503e-04	3.62515822e-02
6.74316406e-02	3.55414076e-04	3.64349057e-02
6.74804688e-02	3.57197622e-04	3.66191617e-02
6.75292969e-02	3.58990188e-04	3.68043550e-02
6.75781250e-02	3.60791820e-04	3.69904904e-02
6.76269531e-02	3.62602564e-04	3.71775727e-02
6.76757812e-02	3.64422466e-04	3.73656067e-02
6.77246094e-02	3.66251573e-04	3.75545973e-02
6.77734375e-02	3.68089931e-04	3.77445494e-02
6.78222656e-02	3.69937587e-04	3.79354679e-02
6.78710938e-02	3.71794590e-04	3.81273578e-02
6.79199219e-02	3.73660986e-04	3.83202240e-02
6.79687500e-02	3.75536823e-04	3.85140714e-02
6.80175781e-02	3.77422150e-04	3.87089052e-02
6.80664063e-02	3.79317014e-04	3.89047304e-02
6.81152344e-02	3.81221464e-04	3.91015519e-02
6.81640625e-02	3.83135549e-04	3.92993750e-02
6.82128906e-02	3.85059318e-04	3.94982047e-02
6.82617188e-02	3.86992821e-04	3.96980462e-02
6.83105469e-02	3.88936105e-04	3.98989047e-02
6.83593750e-02	3.90889223e-04	4.01007853e-02
6.84082031e-02	3.92852223e-04	4.03036933e-02
6.84570313e-02	3.94825156e-04	4.05076339e-02
6.85058594e-02	3.96808072e-04	4.07126124e-02
6.85546875e-02	3.98801022e-04	4.09186341e-02
6.86035156e-02	4.00804058e-04	4.11257044e-02
6.86523437e-02	4.02817230e-04	4.13338286e-02
6.87011719e-02	4.04840590e-04	4.15430121e-02
6.87500000e-02	4.06874191e-04	4.17532603e-02
6.87988281e-02	4.08918083e-04	4.19645786e-02
6.88476562e-02	4.10972320e-04	4.21769726e-02
6.88964844e-02	4.13036955e-04	4.23904477e-02
6.89453125e-02	4.15112039e-04	4.26050095e-02
6.89941406e-02	4.17197627e-04	4.28206635e-02
6.90429688e-02	4.19293771e-04	4.30374153e-02
6.90917969e-02	4.21400526e-04	4.32552705e-02
6.91406250e-02	4.23517946e-04	4.34742347e-02
6.91894531e-02	4.25646084e-04	4.36943137e-02
6.92382813e-02	4.27784996e-04	4.39155131e-02
6.92871094e-02	4.29934736e-04	4.41378386e-02
6.93359375e-02	4.32095360e-04	4.43612961e-02
6.93847656e-02	4.34266922e-04	4.45858912e-02
6.94335938e-02	4.36449478e-04	4.48116299e-02
6.94824219e-02	4.38643085e-04	4.50385180e-02
6.95312500e-02	4.40847799e-04	4.52665613e-02
6.95800781e-02	4.43063676e-04	4.54957657e-02
6.96289062e-02	4.45290774e-04	4.57261373e-02
6.96777344e-02	4.47529148e-04	4.59576819e-02
6.97265625e-02	4.49778857e-04	4.61904055e-02
6.97753906e-02	4.52039959e-04	4.64243143e-02
6.98242188e-02	4.54312511e-04	4.66594142e-02
6.98730469e-02	4.56596572e-04	4.68957114e-02
6.99218750e-02	4.58892200e-04	4.71332119e-02
6.99707031e-02	4.61199454e-04	4.73719220e-02
7.00195313e-02	4.63518394e-04	4.76118477e-02
7.00683594e-02	4.65849078e-04	4.78529954e-02
7.01171875e-02	4.68191568e-04	4.80953713e-02
7.01660156e-02	4.70545922e-04	4.83389817e-02
7.02148438e-02	4.72912202e-04	4.85838328e-02
7.02636719e-02	4.75290467e-04	4.88299310e-02
7.03125000e-02	4.77680780e-04	4.90772828e-02
7.03613281e-02	4.80083201e-04	4.93258945e-02
7.04101563e-02	4.82497793e-04	4.95757726e-02
7.04589844e-02	4.84924617e-04	4.98269234e-02
7.05078125e-02	4.87363735e-04	5.00793537e-02
7.05566406e-02	4.89815210e-04	5.03330699e-02
7.06054687e-02	4.92279105e-04	5.05880785e-02
7.06542969e-02	4.94755484e-04	5.08443862e-02
7.07031250e-02	4.97244409e-04	5.11019997e-02
7.07519531e-02	4.99745945e-04	5.13609256e-02
7.08007812e-02	5.02260157e-04	5.16211706e-02
7.08496094e-02	5.04787108e-04	5.18827416e-02
7.08984375e-02	5.07326863e-04	5.21456451e-02
7.09472656e-02	5.09879488e-04	5.24098882e-02
7.09960938e-02	5.12445049e-04	5.26754777e-02
7.10449219e-02	5.15023611e-04	5.29424203e-02
7.10937500e-02	5.17615241e-04	5.32107231e-02
7.11425781e-02	5.20220004e-04	5.34803931e-02
7.11914063e-02	5.22837969e-04	5.37514371e-02
7.12402344e-02	5.25469202e-04	5.40238623e-02
7.12890625e-02	5.28113770e-04	5.42976758e-02
7.13378906e-02	5.30771743e-04	5.45728845e-02
7.13867188e-02	5.33443188e-04	5.48494957e-02
7.14355469e-02	5.36128174e-04	5.51275166e-02
7.14843750e-02	5.38826769e-04	5.54069543e-02
7.15332031e-02	5.41539044e-04	5.56878161e-02
7.15820312e-02	5.44265067e-04	5.59701093e-02
7.16308594e-02	5.47004910e-04	5.62538412e-02
7.16796875e-02	5.49758642e-04	5.65390192e-02
7.17285156e-02	5.52526334e-04	5.68256507e-02
7.17773438e-02	5.55308057e-04	5.71137431e-02
7.18261719e-02	5.58103884e-04	5.74033039e-02
7.18750000e-02	5.60913885e-04	5.76943407e-02
7.19238281e-02	5.63738133e-04	5.79868609e-02
7.19726563e-02	5.66576701e-04	5.82808722e-02
7.20214844e-02	5.69429661e-04	5.85763822e-02
7.20703125e-02	5.72297087e-04	5.88733985e-02
7.21191406e-02	5.75179053e-04	5.91719290e-02
7.21679688e-02	5.78075633e-04	5.94719813e-02
7.22167969e-02	5.80986901e-04	5.97735632e-02
7.22656250e-02	5.83912933e-04	6.00766826e-02
7.23144531e-02	5.86853803e-04	6.03813473e-02
7.23632813e-02	5.89809587e-04	6.06875652e-02
7.24121094e-02	5.92780361e-04	6.09953443e-02
7.24609375e-02	5.95766201e-04	6.13046927e-02
7.25097656e-02	5.98767186e-04	6.16156182e-02
7.25585937e-02	6.01783390e-04	6.19281290e-02
7.26074219e-02	6.04814893e-04	6.22422333e-02
7.26562500e-02	6.07861773e-04	6.25579391e-02
7.27050781e-02	6.10924106e-04	6.28752547e-02
7.27539062e-02	6.14001974e-04	6.31941883e-02
7.28027344e-02	6.17095454e-04	6.35147482e-02
7.28515625e-02	6.20204626e-04	6.38369427e-02
7.29003906e-02	6.23329570e-04	6.41607803e-02
7.29492188e-02	6.26470367e-04	6.44862692e-02
7.29980469e-02	6.29627098e-04	6.48134180e-02
7.30468750e-02	6.32799843e-04	6.51422352e-02
7.30957031e-02	6.35988685e-04	6.54727293e-02
7.31445313e-02	6.39193706e-04	6.58049089e-02
7.31933594e-02	6.42414987e-04	6.61387826e-02
7.32421875e-02	6.45652613e-04	6.64743591e-02
7.32910156e-02	6.48906666e-04	6.68116472e-02
7.33398438e-02	6.52177230e-04	6.71506555e-02
7.33886719e-02	6.55464389e-04	6.74913929e-02
7.34375000e-02	6.58768228e-04	6.78338684e-02
7.34863281e-02	6.62088833e-04	6.81780906e-02
7.35351562e-02	6.65426288e-04	6.85240687e-02
7.35839844e-02	6.68780680e-04	6.88718116e-02
7.36328125e-02	6.72152094e-04	6.92213283e-02
7.36816406e-02	6.75540618e-04	6.95726279e-02
7.37304688e-02	6.78946340e-04	6.99257196e-02
7.37792969e-02	6.82369346e-04	7.02806125e-02
7.38281250e-02	6.85809725e-04	7.06373159e-02
7.38769531e-02	6.89267566e-04	7.09958391e-02
7.39257813e-02	6.92742957e-04	7.13561913e-02
7.39746094e-02	6.96235989e-04	7.17183819e-02
7.40234375e-02	6.99746750e-04	7.20824204e-02
7.40722656e-02	7.03275333e-04	7.24483162e-02
7.41210938e-02	7.06821827e-04	7.28160788e-02
7.41699219e-02	7.10386324e-04	7.31857178e-02
7.42187500e-02	7.13968916e-04	7.35572428e-02
7.42675781e-02	7.17569695e-04	7.39306635e-02
7.43164063e-02	7.21188754e-04	7.43059896e-02
7.43652344e-02	7.24826186e-04	7.46832308e-02
7.44140625e-02	7.28482085e-04	7.50623969e-02
7.44628906e-02	7.32156545e-04	7.54434979e-02
7.45117187e-02	7.35849661e-04	7.58265436e-02
7.45605469e-02	7.39561529e-04	7.62115440e-02
7.46093750e-02	7.43292243e-04	7.65985091e-02
7.46582031e-02	7.47041900e-04	7.69874489e-02
7.47070312e-02	7.50810597e-04	7.73783737e-02
7.47558594e-02	7.54598431e-04	7.77712935e-02
7.48046875e-02	7.58405499e-04	7.81662187e-02
7.48535156e-02	7.62231900e-04	7.85631594e-02
7.49023438e-02	7.66077732e-04	7.89621259e-02
7.49511719e-02	7.69943094e-04	7.93631288e-02
7.50000000e-02	7.73828087e-04	7.97661783e-02
7.50488281e-02	7.77732811e-04	8.01712851e-02
7.50976563e-02	7.81657365e-04	8.05784596e-02
7.51464844e-02	7.85601851e-04	8.09877124e-02
7.51953125e-02	7.89566372e-04	8.13990542e-02
7.52441406e-02	7.93551029e-04	8.18124957e-02
7.52929688e-02	7.97555925e-04	8.22280477e-02
7.53417969e-02	8.01581164e-04	8.26457209e-02
7.53906250e-02	8.05626848e-04	8.30655263e-02
7.54394531e-02	8.09693084e-04	8.34874747e-02
7.54882813e-02	8.13779975e-04	8.39115772e-02
7.55371094e-02	8.17887627e-04	8.43378448e-02
7.55859375e-02	8.22016146e-04	8.47662886e-02
7.56347656e-02	8.26165638e-04	8.51969197e-02
7.56835938e-02	8.30336211e-04	8.56297494e-02
7.57324219e-02	8.34527972e-04	8.60647889e-02
7.57812500e-02	8.38741030e-04	8.65020496e-02
7.58300781e-02	8.42975492e-04	8.69415428e-02
7.58789063e-02	8.47231469e-04	8.73832800e-02
7.59277344e-02	8.51509071e-04	8.78272726e-02
7.59765625e-02	8.55808407e-04	8.82735324e-02
7.60253906e-02	8.60129589e-04	8.87220708e-02
7.60742188e-02	8.64472728e-04	8.91728995e-02
7.61230469e-02	8.68837936e-04	8.96260303e-02
7.61718750e-02	8.73225326e-04	9.00814751e-02
7.62207031e-02	8.77635012e-04	9.05392456e-02
7.62695313e-02	8.82067106e-04	9.09993537e-02
7.63183594e-02	8.86521725e-04	9.14618116e-02
7.63671875e-02	8.90998982e-04	9.19266311e-02
7.64160156e-02	8.95498993e-04	9.23938245e-02
7.64648438e-02	9.00021874e-04	9.28634039e-02
7.65136719e-02	9.04567743e-04	9.33353814e-02
7.65625000e-02	9.09136716e-04	9.38097695e-02
7.66113281e-02	9.13728912e-04	9.42865805e-02
7.66601562e-02	9.18344450e-04	9.47658268e-02
7.67089844e-02	9.22983448e-04	9.52475209e-02
7.67578125e-02	9.27646026e-04	9.57316754e-02
7.68066406e-02	9.32332304e-04	9.62183027e-02
7.68554688e-02	9.37042405e-04	9.67074158e-02
7.69042969e-02	9.41776449e-04	9.71990272e-02
7.69531250e-02	9.46534559e-04	9.76931498e-02
7.70019531e-02	9.51316857e-04	9.81897965e-02
7.70507813e-02	9.56123468e-04	9.86889802e-02
7.70996094e-02	9.60954515e-04	9.91907139e-02
7.71484375e-02	9.65810124e-04	9.96950108e-02
7.71972656e-02	9.70690419e-04	1.00201884e-01
7.72460938e-02	9.75595527e-04	1.00711346e-01
7.72949219e-02	9.80525575e-04	1.01223412e-01
7.73437500e-02	9.85480690e-04	1.01738093e-01
7.73925781e-02	9.90461000e-04	1.02255404e-01
7.74414063e-02	9.95466634e-04	1.02775358e-01
7.74902344e-02	1.00049772e-03	1.03297968e-01
7.75390625e-02	1.00555439e-03	1.03823249e-01
7.75878906e-02	1.01063678e-03	1.04351213e-01
7.76367188e-02	1.01574501e-03	1.04881876e-01
7.76855469e-02	1.02087921e-03	1.05415249e-01
7.77343750e-02	1.02603953e-03	1.05951348e-01
7.77832031e-02	1.03122609e-03	1.06490186e-01
7.78320313e-02	1.03643903e-03	1.07031778e-01
7.78808594e-02	1.04167848e-03	1.07576138e-01
7.79296875e-02	1.04694458e-03	1.08123279e-01
7.79785156e-02	1.05223746e-03	1.08673216e-01
7.80273438e-02	1.05755727e-03	1.09225963e-01
7.80761719e-02	1.06290413e-03	1.09781535e-01
7.81250000e-02	1.06827819e-03	1.10339947e-01
7.81738281e-02	1.07367958e-03	1.10901212e-01
7.82226563e-02	1.07910846e-03	1.11465345e-01
7.82714844e-02	1.08456494e-03	1.12032362e-01
7.83203125e-02	1.09004919e-03	1.12602277e-01
7.83691406e-02	1.09556133e-03	1.13175105e-01
7.84179688e-02	1.10110151e-03	1.13750860e-01
7.84667969e-02	1.10666988e-03	1.14329558e-01
7.85156250e-02	1.11226658e-03	1.14911215e-01
7.85644531e-02	1.11789175e-03	1.15495844e-01
7.86132812e-02	1.12354555e-03	1.16083461e-01
7.86621094e-02	1.12922810e-03	1.16674083e-01
7.87109375e-02	1.13493957e-03	1.17267723e-01
7.87597656e-02	1.14068010e-03	1.17864398e-01
7.88085938e-02	1.14644984e-03	1.18464123e-01
7.88574219e-02	1.15224894e-03	1.19066914e-01
7.89062500e-02	1.15807755e-03	1.19672786e-01
7.89550781e-02	1.16393581e-03	1.20281755e-01
7.90039063e-02	1.16982389e-03	1.20893838e-01
7.90527344e-02	1.17574193e-03	1.21509050e-01
7.91015625e-02	1.18169008e-03	1.22127408e-01
7.91503906e-02	1.18766851e-03	1.22748926e-01
7.91992188e-02	1.19367736e-03	1.23373623e-01
7.92480469e-02	1.19971679e-03	1.24001513e-01
7.92968750e-02	1.20578696e-03	1.24632614e-01
7.93457031e-02	1.21188802e-03	1.25266941e-01
7.93945313e-02	1.21802014e-03	1.25904512e-01
7.94433594e-02	1.22418347e-03	1.26545343e-01
7.94921875e-02	1.23037816e-03	1.27189450e-01
7.95410156e-02	1.23660439e-03	1.27836851e-01
7.95898438e-02	1.24286231e-03	1.28487563e-01
7.96386719e-02	1.24915209e-03	1.29141602e-01
7.96875000e-02	1.25547388e-03	1.29798985e-01
7.97363281e-02	1.26182785e-03	1.30459730e-01
7.97851563e-02	1.26821417e-03	1.31123855e-01
7.98339844e-02	1.27463300e-03	1.31791375e-01
7.98828125e-02	1.28108450e-03	1.32462309e-01
7.99316406e-02	1.28756885e-03	1.33136675e-01
7.99804688e-02	1.29408622e-03	1.33814489e-01
8.00292969e-02	1.30063676e-03	1.34495770e-01
8.00781250e-02	1.30722065e-03	1.35180535e-01
8.01269531e-02	1.31383807e-03	1.35868803e-01
8.01757813e-02	1.32048918e-03	1.36560590e-01
8.02246094e-02	1.32717415e-03	1.37255916e-01
8.02734375e-02	1.33389316e-03	1.37954799e-01
8.03222656e-02	1.34064639e-03	1.38657256e-01
8.03710938e-02	1.34743400e-03	1.39363306e-01
8.04199219e-02	1.35425617e-03	1.40072968e-01
8.04687500e-02	1.36111309e-03	1.40786260e-01
8.05175781e-02	1.36800492e-03	1.41503200e-01
8.05664062e-02	1.37493185e-03	1.42223808e-01
8.06152344e-02	1.38189405e-03	1.42948103e-01
8.06640625e-02	1.38889171e-03	1.43676102e-01
8.07128906e-02	1.39592501e-03	1.44407826e-01
8.07617188e-02	1.40299413e-03	1.45143293e-01
8.08105469e-02	1.41009926e-03	1.45882522e-01
8.08593750e-02	1.41724057e-03	1.46625534e-01
8.09082031e-02	1.42441825e-03	1.47372346e-01
8.09570313e-02	1.43163249e-03	1.48122980e-01
8.10058594e-02	1.43888348e-03	1.48877454e-01
8.10546875e-02	1.44617140e-03	1.49635788e-01
8.11035156e-02	1.45349644e-03	1.50398002e-01
8.11523438e-02	1.46085880e-03	1.51164116e-01
8.12011719e-02	1.46825866e-03	1.51934150e-01
8.12500000e-02	1.47569621e-03	1.52708124e-01
8.12988281e-02	1.48317166e-03	1.53486058e-01
8.13476563e-02	1.49068518e-03	1.54267973e-01
8.13964844e-02	1.49823699e-03	1.55053889e-01
8.14453125e-02	1.50582726e-03	1.55843827e-01
8.14941406e-02	1.51345621e-03	1.56637807e-01
8.15429688e-02	1.52112402e-03	1.57435850e-01
8.15917969e-02	1.52883090e-03	1.58237976e-01
8.16406250e-02	1.53657705e-03	1.59044208e-01
8.16894531e-02	1.54436266e-03	1.59854566e-01
8.17382813e-02	1.55218795e-03	1.60669071e-01
8.17871094e-02	1.56005311e-03	1.61487744e-01
8.18359375e-02	1.56795834e-03	1.62310607e-01
8.18847656e-02	1.57590385e-03	1.63137681e-01
8.19335938e-02	1.58388986e-03	1.63968989e-01
8.19824219e-02	1.59191655e-03	1.64804551e-01
8.20312500e-02	1.59998416e-03	1.65644390e-01
8.20800781e-02	1.60809287e-03	1.66488528e-01
8.21289063e-02	1.61624291e-03	1.67336986e-01
8.21777344e-02	1.62443448e-03	1.68189787e-01
8.22265625e-02	1.63266780e-03	1.69046953e-01
8.22753906e-02	1.64094308e-03	1.69908507e-01
8.23242188e-02	1.64926053e-03	1.70774471e-01
8.23730469e-02	1.65762038e-03	1.71644867e-01
8.24218750e-02	1.66602283e-03	1.72519719e-01
8.24707031e-02	1.67446812e-03	1.73399050e-01
8.25195312e-02	1.68295645e-03	1.74282882e-01
8.25683594e-02	1.69148804e-03	1.75171239e-01
8.26171875e-02	1.70006312e-03	1.76064143e-01
8.26660156e-02	1.70868192e-03	1.76961619e-01
8.27148438e-02	1.71734464e-03	1.77863690e-01
8.27636719e-02	1.72605153e-03	1.78770378e-01
8.28125000e-02	1.73480280e-03	1.79681709e-01
8.28613281e-02	1.74359869e-03	1.80597706e-01
8.29101563e-02	1.75243941e-03	1.81518392e-01
8.29589844e-02	1.76132521e-03	1.82443792e-01
8.30078125e-02	1.77025630e-03	1.83373931e-01
8.30566406e-02	1.77923293e-03	1.84308832e-01
8.31054688e-02	1.78825533e-03	1.85248520e-01
8.31542969e-02	1.79732373e-03	1.86193020e-01
8.32031250e-02	1.80643836e-03	1.87142355e-01
8.32519531e-02	1.81559946e-03	1.88096552e-01
8.33007813e-02	1.82480728e-03	1.89055636e-01
8.33496094e-02	1.83406205e-03	1.90019630e-01
8.33984375e-02	1.84336401e-03	1.90988561e-01
8.34472656e-02	1.85271340e-03	1.91962454e-01
8.34960938e-02	1.86211046e-03	1.92941334e-01
8.35449219e-02	1.87155545e-03	1.93925227e-01
8.35937500e-02	1.88104860e-03	1.94914159e-01
8.36425781e-02	1.89059016e-03	1.95908155e-01
8.36914063e-02	1.90018038e-03	1.96907242e-01
8.37402344e-02	1.90981950e-03	1.97911446e-01
8.37890625e-02	1.91950779e-03	1.98920793e-01
8.38378906e-02	1.92924549e-03	1.99935310e-01
8.38867188e-02	1.93903285e-03	2.00955023e-01
8.39355469e-02	1.94887013e-03	2.01979958e-01
8.39843750e-02	1.95875758e-03	2.03010144e-01
8.40332031e-02	1.96869547e-03	2.04045606e-01
8.40820313e-02	1.97868404e-03	2.05086371e-01
8.41308594e-02	1.98872356e-03	2.06132468e-01
8.41796875e-02	1.99881430e-03	2.07183923e-01
8.42285156e-02	2.00895650e-03	2.08240765e-01
8.42773438e-02	2.01915044e-03	2.09303020e-01
8.43261719e-02	2.02939638e-03	2.10370716e-01
8.43750000e-02	2.03969459e-03	2.11443882e-01
8.44238281e-02	2.05004533e-03	2.12522546e-01
8.44726562e-02	2.06044888e-03	2.13606735e-01
8.45214844e-02	2.07090550e-03	2.14696479e-01
8.45703125e-02	2.08141547e-03	2.15791805e-01
8.46191406e-02	2.09197906e-03	2.16892744e-01
8.46679688e-02	2.10259654e-03	2.17999322e-01
8.47167969e-02	2.11326819e-03	2.19111570e-01
8.47656250e-02	2.12399429e-03	2.20229516e-01
8.48144531e-02	2.13477512e-03	2.21353190e-01
8.48632813e-02	2.14561096e-03	2.22482622e-01
8.49121094e-02	2.15650208e-03	2.23617840e-01
8.49609375e-02	2.16744878e-03	2.24758875e-01
8.50097656e-02	2.17845133e-03	2.25905757e-01
8.50585938e-02	2.18951003e-03	2.27058515e-01
8.51074219e-02	2.20062516e-03	2.28217180e-01
8.51562500e-02	2.21179701e-03	2.29381782e-01
8.52050781e-02	2.22302587e-03	2.30552352e-01
8.52539063e-02	2.23431203e-03	2.31728920e-01
8.53027344e-02	2.24565579e-03	2.32911517e-01
8.53515625e-02	2.25705745e-03	2.34100175e-01
8.54003906e-02	2.26851729e-03	2.35294924e-01
8.54492188e-02	2.28003562e-03	2.36495796e-01
8.54980469e-02	2.29161273e-03	2.37702822e-01
8.55468750e-02	2.30324893e-03	2.38916034e-01
8.55957031e-02	2.31494453e-03	2.40135463e-01
8.56445313e-02	2.32669981e-03	2.41361143e-01
8.56933594e-02	2.33851510e-03	2.42593104e-01
8.57421875e-02	2.35039070e-03	2.43831379e-01
8.57910156e-02	2.36232692e-03	2.45076001e-01
8.58398438e-02	2.37432406e-03	2.46327001e-01
8.58886719e-02	2.38638244e-03	2.47584414e-01
8.59375000e-02	2.39850238e-03	2.48848272e-01
8.59863281e-02	2.41068419e-03	2.50118609e-01
8.60351563e-02	2.42292819e-03	2.51395456e-01
8.60839844e-02	2.43523469e-03	2.52678849e-01
8.61328125e-02	2.44760402e-03	2.53968820e-01
8.61816406e-02	2.46003649e-03	2.55265403e-01
8.62304688e-02	2.47253244e-03	2.56568634e-01
8.62792969e-02	2.48509219e-03	2.57878544e-01
8.63281250e-02	2.49771606e-03	2.59195170e-01
8.63769531e-02	2.51040438e-03	2.60518546e-01
8.64257812e-02	2.52315749e-03	2.61848705e-01
8.64746094e-02	2.53597571e-03	2.63185684e-01
8.65234375e-02	2.54885938e-03	2.64529517e-01
8.65722656e-02	2.56180884e-03	2.65880240e-01
8.66210938e-02	2.57482442e-03	2.67237888e-01
8.66699219e-02	2.58790646e-03	2.68602496e-01
8.67187500e-02	2.60105530e-03	2.69974100e-01
8.67675781e-02	2.61427129e-03	2.71352738e-01
8.68164063e-02	2.62755476e-03	2.72738443e-01
8.68652344e-02	2.64090607e-03	2.74131254e-01
8.69140625e-02	2.65432557e-03	2.75531206e-01
8.69628906e-02	2.66781359e-03	2.76938336e-01
8.70117188e-02	2.68137050e-03	2.78352682e-01
8.70605469e-02	2.69499665e-03	2.79774279e-01
8.71093750e-02	2.70869239e-03	2.81203167e-01
8.71582031e-02	2.72245808e-03	2.82639381e-01
8.72070313e-02	2.73629407e-03	2.84082961e-01
8.72558594e-02	2.75020073e-03	2.85533943e-01
8.73046875e-02	2.76417843e-03	2.86992365e-01
8.73535156e-02	2.77822751e-03	2.88458267e-01
8.74023438e-02	2.79234836e-03	2.89931687e-01
8.74511719e-02	2.80654134e-03	2.91412663e-01
8.75000000e-02	2.82080682e-03	2.92901234e-01
8.75488281e-02	2.83514516e-03	2.94397439e-01
8.75976563e-02	2.84955675e-03	2.95901317e-01
8.76464844e-02	2.86404196e-03	2.97412909e-01
8.76953125e-02	2.87860117e-03	2.98932253e-01
8.77441406e-02	2.89323476e-03	3.00459390e-01
8.77929688e-02	2.90794310e-03	3.01994360e-01
8.78417969e-02	2.92272659e-03	3.03537202e-01
8.78906250e-02	2.93758560e-03	3.05087959e-01
8.79394531e-02	2.95252053e-03	3.06646669e-01
8.79882813e-02	2.96753176e-03	3.08213375e-01
8.80371094e-02	2.98261968e-03	3.09788117e-01
8.80859375e-02	2.99778470e-03	3.11370936e-01
8.81347656e-02	3.01302720e-03	3.12961875e-01
8.81835938e-02	3.02834758e-03	3.14560975e-01
8.82324219e-02	3.04374625e-03	3.16168278e-01
8.82812500e-02	3.05922359e-03	3.17783827e-01
8.83300781e-02	3.07478002e-03	3.19407663e-01
8.83789062e-02	3.09041595e-03	3.21039829e-01
8.84277344e-02	3.10613178e-03	3.22680369e-01
8.84765625e-02	3.12192791e-03	3.24329325e-01
8.85253906e-02	3.13780477e-03	3.25986741e-01
8.85742188e-02	3.15376276e-03	3.27652660e-01
8.86230469e-02	3.16980231e-03	3.29327126e-01
8.86718750e-02	3.18592382e-03	3.31010183e-01
8.87207031e-02	3.20212773e-03	3.32701876e-01
8.87695313e-02	3.21841445e-03	3.34402248e-01
8.88183594e-02	3.23478441e-03	3.36111344e-01
8.88671875e-02	3.25123804e-03	3.37829210e-01
8.89160156e-02	3.26777576e-03	3.39555890e-01
8.89648438e-02	3.28439801e-03	3.41291430e-01
8.90136719e-02	3.30110522e-03	3.43035876e-01
8.90625000e-02	3.31789783e-03	3.44789273e-01
8.91113281e-02	3.33477627e-03	3.46551667e-01
8.91601563e-02	3.35174098e-03	3.48323105e-01
8.92089844e-02	3.36879242e-03	3.50103633e-01
8.92578125e-02	3.38593101e-03	3.51893298e-01
8.93066406e-02	3.40315722e-03	3.53692147e-01
8.93554688e-02	3.42047149e-03	3.55500228e-01
8.94042969e-02	3.43787427e-03	3.57317588e-01
8.94531250e-02	3.45536601e-03	3.59144274e-01
8.95019531e-02	3.47294718e-03	3.60980336e-01
8.95507813e-02	3.49061823e-03	3.62825820e-01
8.95996094e-02	3.50837962e-03	3.64680776e-01
8.96484375e-02	3.52623182e-03	3.66545252e-01
8.96972656e-02	3.54417529e-03	3.68419297e-01
8.97460938e-02	3.56221050e-03	3.70302961e-01
8.97949219e-02	3.58033792e-03	3.72196294e-01
8.98437500e-02	3.59855803e-03	3.74099344e-01
8.98925781e-02	3.61687130e-03	3.76012162e-01
8.99414063e-02	3.63527821e-03	3.77934799e-01
8.99902344e-02	3.65377924e-03	3.79867304e-01
9.00390625e-02	3.67237487e-03	3.81809729e-01
9.00878906e-02	3.69106559e-03	3.83762125e-01
9.01367188e-02	3.70985188e-03	3.85724543e-01
9.01855469e-02	3.72873424e-03	3.87697035e-01
9.02343750e-02	3.74771317e-03	3.89679653e-01
9.02832031e-02	3.76678915e-03	3.91672448e-01
9.03320312e-02	3.78596268e-03	3.93675474e-01
9.03808594e-02	3.80523427e-03	3.95688782e-01
9.04296875e-02	3.82460441e-03	3.97712427e-01
9.04785156e-02	3.84407363e-03	3.99746460e-01
9.05273438e-02	3.86364241e-03	4.01790937e-01
9.05761719e-02	3.88331128e-03	4.03845909e-01
9.06250000e-02	3.90308074e-03	4.05911433e-01
9.06738281e-02	3.92295133e-03	4.07987561e-01
9.07226563e-02	3.94292354e-03	4.10074348e-01
9.07714844e-02	3.96299791e-03	4.12171851e-01
9.08203125e-02	3.98317496e-03	4.14280122e-01
9.08691406e-02	4.00345522e-03	4.16399219e-01
9.09179688e-02	4.02383921e-03	4.18529197e-01
9.09667969e-02	4.04432748e-03	4.20670111e-01
9.10156250e-02	4.06492055e-03	4.22822019e-01
9.10644531e-02	4.08561896e-03	4.24984977e-01
9.11132813e-02	4.10642326e-03	4.27159042e-01
9.11621094e-02	4.12733398e-03	4.29344270e-01
9.12109375e-02	4.14835168e-03	4.31540721e-01
9.12597656e-02	4.16947691e-03	4.33748451e-01
9.13085938e-02	4.19071021e-03	4.35967518e-01
9.13574219e-02	4.21205214e-03	4.38197981e-01
9.14062500e-02	4.23350326e-03	4.40439899e-01
9.14550781e-02	4.25506413e-03	4.42693331e-01
9.15039063e-02	4.27673531e-03	4.44958336e-01
9.15527344e-02	4.29851737e-03	4.47234973e-01
9.16015625e-02	4.32041089e-03	4.49523303e-01
9.16503906e-02	4.34241642e-03	4.51823386e-01
9.16992188e-02	4.36453455e-03	4.54135283e-01
9.17480469e-02	4.38676586e-03	4.56459053e-01
9.17968750e-02	4.40911092e-03	4.58794760e-01
9.18457031e-02	4.43157033e-03	4.61142463e-01
9.18945313e-02	4.45414466e-03	4.63502225e-01
9.19433594e-02	4.47683451e-03	4.65874108e-01
9.19921875e-02	4.49964048e-03	4.68258175e-01
9.20410156e-02	4.52256315e-03	4.70654488e-01
9.20898438e-02	4.54560313e-03	4.73063110e-01
9.21386719e-02	4.56876102e-03	4.75484106e-01
9.21875000e-02	4.59203743e-03	4.77917537e-01
9.22363281e-02	4.61543296e-03	4.80363470e-01
9.22851562e-02	4.63894823e-03	4.82821968e-01
9.23339844e-02	4.66258385e-03	4.85293096e-01
9.23828125e-02	4.68634044e-03	4.87776918e-01
9.24316406e-02	4.71021863e-03	4.90273502e-01
9.24804688e-02	4.73421903e-03	4.92782911e-01
9.25292969e-02	4.75834227e-03	4.95305213e-01
9.25781250e-02	4.78258899e-03	4.97840474e-01
9.26269531e-02	4.80695983e-03	5.00388760e-01
9.26757813e-02	4.83145540e-03	5.02950140e-01
9.27246094e-02	4.85607637e-03	5.05524679e-01
9.27734375e-02	4.88082337e-03	5.08112447e-01
9.28222656e-02	4.90569705e-03	5.10713511e-01
9.28710938e-02	4.93069806e-03	5.13327940e-01
9.29199219e-02	4.95582706e-03	5.15955803e-01
9.29687500e-02	4.98108470e-03	5.18597169e-01
9.30175781e-02	5.00647165e-03	5.21252108e-01
9.30664063e-02	5.03198856e-03	5.23920689e-01
9.31152344e-02	5.05763611e-03	5.26602983e-01
9.31640625e-02	5.08341497e-03	5.29299061e-01
9.32128906e-02	5.10932581e-03	5.32008994e-01
9.32617188e-02	5.13536931e-03	5.34732854e-01
9.33105469e-02	5.16154616e-03	5.37470711e-01
9.33593750e-02	5.18785703e-03	5.40222638e-01
9.34082031e-02	5.21430262e-03	5.42988709e-01
9.34570313e-02	5.24088362e-03	5.45768995e-01
9.35058594e-02	5.26760072e-03	5.48563570e-01
9.35546875e-02	5.29445463e-03	5.51372508e-01
9.36035156e-02	5.32144605e-03	5.54195883e-01
9.36523438e-02	5.34857568e-03	5.57033769e-01
9.37011719e-02	5.37584423e-03	5.59886242e-01
9.37500000e-02	5.40325243e-03	5.62753375e-01
9.37988281e-02	5.43080098e-03	5.65635246e-01
9.38476563e-02	5.45849060e-03	5.68531930e-01
9.38964844e-02	5.48632204e-03	5.71443503e-01
9.39453125e-02	5.51429600e-03	5.74370042e-01
9.39941406e-02	5.54241323e-03	5.77311625e-01
9.40429688e-02	5.57067446e-03	5.80268328e-01
9.40917969e-02	5.59908043e-03	5.83240231e-01
9.41406250e-02	5.62763188e-03	5.86227411e-01
9.41894531e-02	5.65632957e-03	5.89229948e-01
9.42382812e-02	5.68517425e-03	5.92247919e-01
9.42871094e-02	5.71416666e-03	5.95281406e-01
9.43359375e-02	5.74330758e-03	5.98330488e-01
9.43847656e-02	5.77259776e-03	6.01395246e-01
9.44335938e-02	5.80203797e-03	6.04475760e-01
9.44824219e-02	5.83162898e-03	6.07572112e-01
9.45312500e-02	5.86137157e-03	6.10684383e-01
9.45800781e-02	5.89126652e-03	6.13812656e-01
9.46289063e-02	5.92131461e-03	6.16957012e-01
9.46777344e-02	5.95151662e-03	6.20117537e-01
9.47265625e-02	5.98187336e-03	6.23294311e-01
9.47753906e-02	6.01238560e-03	6.26487420e-01
9.48242188e-02	6.04305417e-03	6.29696948e-01
9.48730469e-02	6.07387985e-03	6.32922979e-01
9.49218750e-02	6.10486346e-03	6.36165599e-01
9.49707031e-02	6.13600580e-03	6.39424893e-01
9.50195313e-02	6.16730770e-03	6.42700947e-01
9.50683594e-02	6.19876998e-03	6.45993848e-01
9.51171875e-02	6.23039345e-03	6.49303683e-01
9.51660156e-02	6.26217896e-03	6.52630539e-01
9.52148438e-02	6.29412732e-03	6.55974503e-01
9.52636719e-02	6.32623939e-03	6.59335665e-01
9.53125000e-02	6.35851599e-03	6.62714113e-01
9.53613281e-02	6.39095799e-03	6.66109936e-01
9.54101563e-02	6.42356622e-03	6.69523224e-01
9.54589844e-02	6.45634154e-03	6.72954067e-01
9.55078125e-02	6.48928482e-03	6.76402556e-01
9.55566406e-02	6.52239691e-03	6.79868781e-01
9.56054688e-02	6.55567869e-03	6.83352835e-01
9.56542969e-02	6.58913103e-03	6.86854809e-01
9.57031250e-02	6.62275480e-03	6.90374796e-01
9.57519531e-02	6.65655088e-03	6.93912888e-01
9.58007813e-02	6.69052017e-03	6.97469180e-01
9.58496094e-02	6.72466355e-03	7.01043765e-01
9.58984375e-02	6.75898192e-03	7.04636738e-01
9.59472656e-02	6.79347619e-03	7.08248194e-01
9.59960938e-02	6.82814724e-03	7.11878227e-01
9.60449219e-02	6.86299600e-03	7.15526935e-01
9.60937500e-02	6.89802338e-03	7.19194413e-01
9.61425781e-02	6.93323029e-03	7.22880758e-01
9.61914062e-02	6.96861766e-03	7.26586068e-01
9.62402344e-02	7.00418643e-03	7.30310441e-01
9.62890625e-02	7.03993751e-03	7.34053975e-01
9.63378906e-02	7.07587185e-03	7.37816769e-01
9.63867188e-02	7.11199040e-03	7.41598922e-01
9.64355469e-02	7.14829410e-03	7.45400535e-01
9.64843750e-02	7.18478390e-03	7.49221708e-01
9.65332031e-02	7.22146076e-03	7.53062542e-01
9.65820313e-02	7.25832565e-03	7.56923138e-01
9.66308594e-02	7.29537952e-03	7.60803599e-01
9.66796875e-02	7.33262336e-03	7.64704028e-01
9.67285156e-02	7.37005814e-03	7.68624526e-01
9.67773438e-02	7.40768484e-03	7.72565199e-01
9.68261719e-02	7.44550445e-03	7.76526150e-01
9.68750000e-02	7.48351797e-03	7.80507484e-01
9.69238281e-02	7.52172639e-03	7.84509306e-01
9.69726563e-02	7.56013071e-03	7.88531722e-01
9.70214844e-02	7.59873195e-03	7.92574839e-01
9.70703125e-02	7.63753111e-03	7.96638763e-01
9.71191406e-02	7.67652921e-03	8.00723602e-01
9.71679688e-02	7.71572728e-03	8.04829464e-01
9.72167969e-02	7.75512635e-03	8.08956457e-01
9.72656250e-02	7.79472746e-03	8.13104691e-01
9.73144531e-02	7.83453163e-03	8.17274276e-01
9.73632813e-02	7.87453992e-03	8.21465322e-01
9.74121094e-02	7.91475338e-03	8.25677939e-01
9.74609375e-02	7.95517306e-03	8.29912240e-01
9.75097656e-02	7.99580003e-03	8.34168335e-01
9.75585938e-02	8.03663535e-03	8.38446339e-01
9.76074219e-02	8.07768009e-03	8.42746364e-01
9.76562500e-02	8.11893534e-03	8.47068523e-01
9.77050781e-02	8.16040217e-03	8.51412932e-01
9.77539063e-02	8.20208168e-03	8.55779705e-01
9.78027344e-02	8.24397496e-03	8.60168958e-01
9.78515625e-02	8.28608310e-03	8.64580806e-01
9.79003906e-02	8.32840723e-03	8.69015368e-01
9.79492188e-02	8.37094844e-03	8.73472760e-01
9.79980469e-02	8.41370786e-03	8.77953100e-01
9.80468750e-02	8.45668661e-03	8.82456507e-01
9.80957031e-02	8.49988582e-03	8.86983099e-01
9.81445312e-02	8.54330663e-03	8.91532998e-01
9.81933594e-02	8.58695016e-03	8.96106323e-01
9.82421875e-02	8.63081758e-03	9.00703196e-01
9.82910156e-02	8.67491004e-03	9.05323738e-01
9.83398438e-02	8.71922869e-03	9.09968072e-01
9.83886719e-02	8.76377469e-03	9.14636320e-01
9.84375000e-02	8.80854923e-03	9.19328606e-01
9.84863281e-02	8.85355347e-03	9.24045055e-01
9.85351563e-02	8.89878859e-03	9.28785792e-01
9.85839844e-02	8.94425580e-03	9.33550941e-01
9.86328125e-02	8.98995628e-03	9.38340630e-01
9.86816406e-02	9.03589123e-03	9.43154985e-01
9.87304688e-02	9.08206186e-03	9.47994134e-01
9.87792969e-02	9.12846939e-03	9.52858205e-01
9.88281250e-02	9.17511503e-03	9.57747327e-01
9.88769531e-02	9.22200002e-03	9.62661629e-01
9.89257813e-02	9.26912558e-03	9.67601242e-01
9.89746094e-02	9.31649295e-03	9.72566296e-01
9.90234375e-02	9.36410338e-03	9.77556924e-01
9.90722656e-02	9.41195812e-03	9.82573257e-01
9.91210938e-02	9.46005843e-03	9.87615429e-01
9.91699219e-02	9.50840557e-03	9.92683572e-01
9.92187500e-02	9.55700082e-03	9.97777823e-01
9.92675781e-02	9.60584545e-03	1.00289831e+00
9.93164063e-02	9.65494075e-03	1.00804518e+00
9.93652344e-02	9.70428801e-03	1.01321857e+00
9.94140625e-02	9.75388853e-03	1.01841860e+00
9.94628906e-02	9.80374361e-03	1.02364542e+00
9.95117188e-02	9.85385456e-03	1.02889917e+00
9.95605469e-02	9.90422270e-03	1.03417999e+00
9.96093750e-02	9.95484936e-03	1.03948801e+00
9.96582031e-02	1.00057359e-02	1.04482338e+00
9.97070313e-02	1.00568836e-02	1.05018624e+00
9.97558594e-02	1.01082938e-02	1.05557674e+00
9.98046875e-02	1.01599679e-02	1.06099500e+00
9.98535156e-02	1.02119073e-02	1.06644119e+00
9.99023438e-02	1.02641132e-02	1.07191543e+00
9.99511719e-02	1.03165872e-02	1.07741789e+00
1.00000000e-01	1.03693305e-02	1.08294870e+00
