0.00000000e+00	0.00000000e+00	8.91541328e-05
4.88281250e-05	4.35326000e-09	8.91553966e-05
9.76562500e-05	8.70662097e-09	8.91582688e-05
1.46484375e-04	1.30601684e-08	8.91630348e-05
1.95312500e-04	1.74139947e-08	8.91696905e-05
2.44140625e-04	2.17681922e-08	8.91782382e-05
2.92968750e-04	2.61228533e-08	8.91886794e-05
3.41796875e-04	3.04780704e-08	8.92010149e-05
3.90625000e-04	3.48339362e-08	8.92152457e-05
4.39453125e-04	3.91905430e-08	8.92313723e-05
4.88281250e-04	4.35479837e-08	8.92493955e-05
5.37109375e-04	4.79063506e-08	8.92693158e-05
5.85937500e-04	5.22657366e-08	8.92911339e-05
6.34765625e-04	5.66262343e-08	8.93148502e-05
6.83593750e-04	6.09879363e-08	8.93404656e-05
7.32421875e-04	6.53509355e-08	8.93679805e-05
7.81250000e-04	6.97153246e-08	8.93973959e-05
8.30078125e-04	7.40811963e-08	8.94287122e-05
8.78906250e-04	7.84486437e-08	8.94619305e-05
9.27734375e-04	8.28177594e-08	8.94970514e-05
9.76562500e-04	8.71886366e-08	8.95340758e-05
1.02539063e-03	9.15613680e-08	8.95730047e-05
1.07421875e-03	9.59360468e-08	8.96138389e-05
1.12304688e-03	1.00312766e-07	8.96565794e-05
1.17187500e-03	1.04691619e-07	8.97012273e-05
1.22070312e-03	1.09072698e-07	8.97477836e-05
1.26953125e-03	1.13456097e-07	8.97962494e-05
1.31835938e-03	1.17841910e-07	8.98466259e-05
1.36718750e-03	1.22230229e-07	8.98989143e-05
1.41601563e-03	1.26621147e-07	8.99531159e-05
1.46484375e-03	1.31014759e-07	9.00092318e-05
1.51367188e-03	1.35411158e-07	9.00672635e-05
1.56250000e-03	1.39810437e-07	9.01272124e-05
1.61132813e-03	1.44212691e-07	9.01890798e-05
1.66015625e-03	1.48618011e-07	9.02528672e-05
1.70898438e-03	1.53026494e-07	9.03185761e-05
1.75781250e-03	1.57438232e-07	9.03862081e-05
1.80664063e-03	1.61853319e-07	9.04557648e-05
1.85546875e-03	1.66271850e-07	9.05272478e-05
1.90429688e-03	1.70693918e-07	9.06006588e-05
1.95312500e-03	1.75119617e-07	9.06759996e-05
2.00195313e-03	1.79549043e-07	9.07532720e-05
2.05078125e-03	1.83982289e-07	9.08324777e-05
2.09960937e-03	1.88419449e-07	9.09136187e-05
2.14843750e-03	1.92860619e-07	9.09966968e-05
2.19726562e-03	1.97305893e-07	9.10817141e-05
2.24609375e-03	2.01755365e-07	9.11686725e-05
2.29492188e-03	2.06209131e-07	9.12575741e-05
2.34375000e-03	2.10667285e-07	9.13484210e-05
2.39257813e-03	2.15129923e-07	9.14412153e-05
2.44140625e-03	2.19597139e-07	9.15359593e-05
2.49023438e-03	2.24069029e-07	9.16326552e-05
2.53906250e-03	2.28545688e-07	9.17313053e-05
2.58789063e-03	2.33027212e-07	9.18319118e-05
2.63671875e-03	2.37513696e-07	9.19344773e-05
2.68554688e-03	2.42005236e-07	9.20390041e-05
2.73437500e-03	2.46501928e-07	9.21454946e-05
2.78320313e-03	2.51003868e-07	9.22539515e-05
2.83203125e-03	2.55511151e-07	9.23643772e-05
2.88085938e-03	2.60023874e-07	9.24767743e-05
2.92968750e-03	2.64542134e-07	9.25911457e-05
2.97851563e-03	2.69066027e-07	9.27074938e-05
3.02734375e-03	2.73595649e-07	9.28258216e-05
3.07617188e-03	2.78131097e-07	9.29461317e-05
3.12500000e-03	2.82672468e-07	9.30684271e-05
3.17382812e-03	2.87219859e-07	9.31927106e-05
3.22265625e-03	2.91773367e-07	9.33189852e-05
3.27148438e-03	2.96333090e-07	9.34472538e-05
3.32031250e-03	3.00899124e-07	9.35775195e-05
3.36914063e-03	3.05471568e-07	9.37097853e-05
3.41796875e-03	3.10050519e-07	9.38440545e-05
3.46679688e-03	3.14636076e-07	9.39803301e-05
3.51562500e-03	3.19228335e-07	9.41186155e-05
3.56445313e-03	3.23827396e-07	9.42589137e-05
3.61328125e-03	3.28433356e-07	9.44012283e-05
3.66210938e-03	3.33046315e-07	9.45455625e-05
3.71093750e-03	3.37666371e-07	9.46919198e-05
3.75976563e-03	3.42293622e-07	9.48403036e-05
3.80859375e-03	3.46928169e-07	9.49907174e-05
3.85742188e-03	3.51570109e-07	9.51431649e-05
3.90625000e-03	3.56219543e-07	9.52976495e-05
3.95507812e-03	3.60876570e-07	9.54541750e-05
4.00390625e-03	3.65541290e-07	9.56127450e-05
4.05273438e-03	3.70213802e-07	9.57733633e-05
4.10156250e-03	3.74894208e-07	9.59360338e-05
4.15039062e-03	3.79582606e-07	9.61007602e-05
4.19921875e-03	3.84279098e-07	9.62675464e-05
4.24804688e-03	3.88983784e-07	9.64363965e-05
4.29687500e-03	3.93696765e-07	9.66073143e-05
4.34570313e-03	3.98418142e-07	9.67803040e-05
4.39453125e-03	4.03148017e-07	9.69553696e-05
4.44335937e-03	4.07886491e-07	9.71325153e-05
4.49218750e-03	4.12633665e-07	9.73117452e-05
4.54101563e-03	4.17389642e-07	9.74930637e-05
4.58984375e-03	4.22154523e-07	9.76764749e-05
4.63867188e-03	4.26928412e-07	9.78619833e-05
4.68750000e-03	4.31711409e-07	9.80495933e-05
4.73632813e-03	4.36503619e-07	9.82393091e-05
4.78515625e-03	4.41305143e-07	9.84311355e-05
4.83398438e-03	4.46116086e-07	9.86250768e-05
4.88281250e-03	4.50936550e-07	9.88211378e-05
4.93164063e-03	4.55766639e-07	9.90193229e-05
4.98046875e-03	4.60606458e-07	9.92196370e-05
5.02929688e-03	4.65456109e-07	9.94220848e-05
5.07812500e-03	4.70315698e-07	9.96266710e-05
5.12695312e-03	4.75185329e-07	9.98334005e-05
5.17578125e-03	4.80065106e-07	1.00042278e-04
5.22460938e-03	4.84955135e-07	1.00253309e-04
5.27343750e-03	4.89855521e-07	1.00466498e-04
5.32226563e-03	4.94766369e-07	1.00681850e-04
5.37109375e-03	4.99687786e-07	1.00899371e-04
5.41992188e-03	5.04619876e-07	1.01119065e-04
5.46875000e-03	5.09562748e-07	1.01340937e-04
5.51757813e-03	5.14516506e-07	1.01564993e-04
5.56640625e-03	5.19481257e-07	1.01791239e-04
5.61523438e-03	5.24457110e-07	1.02019679e-04
5.66406250e-03	5.29444170e-07	1.02250319e-04
5.71289063e-03	5.34442546e-07	1.02483165e-04
5.76171875e-03	5.39452346e-07	1.02718222e-04
5.81054688e-03	5.44473677e-07	1.02955495e-04
5.85937500e-03	5.49506648e-07	1.03194990e-04
5.90820313e-03	5.54551367e-07	1.03436713e-04
5.95703125e-03	5.59607944e-07	1.03680669e-04
6.00585938e-03	5.64676487e-07	1.03926865e-04
6.05468750e-03	5.69757106e-07	1.04175306e-04
6.10351562e-03	5.74849912e-07	1.04425998e-04
6.15234375e-03	5.79955013e-07	1.04678947e-04
6.20117188e-03	5.85072520e-07	1.04934159e-04
6.25000000e-03	5.90202545e-07	1.05191640e-04
6.29882813e-03	5.95345197e-07	1.05451396e-04
6.34765625e-03	6.00500588e-07	1.05713433e-04
6.39648438e-03	6.05668830e-07	1.05977758e-04
6.44531250e-03	6.10850035e-07	1.06244377e-04
6.49414063e-03	6.16044314e-07	1.06513295e-04
6.54296875e-03	6.21251780e-07	1.06784520e-04
6.59179688e-03	6.26472546e-07	1.07058058e-04
6.64062500e-03	6.31706725e-07	1.07333916e-04
6.68945313e-03	6.36954431e-07	1.07612099e-04
6.73828125e-03	6.42215776e-07	1.07892615e-04
6.78710938e-03	6.47490876e-07	1.08175470e-04
6.83593750e-03	6.52779844e-07	1.08460670e-04
6.88476563e-03	6.58082796e-07	1.08748224e-04
6.93359375e-03	6.63399846e-07	1.09038136e-04
6.98242188e-03	6.68731109e-07	1.09330415e-04
7.03125000e-03	6.74076702e-07	1.09625068e-04
7.08007812e-03	6.79436740e-07	1.09922100e-04
7.12890625e-03	6.84811340e-07	1.10221520e-04
7.17773438e-03	6.90200619e-07	1.10523334e-04
7.22656250e-03	6.95604693e-07	1.10827550e-04
7.27539063e-03	7.01023681e-07	1.11134175e-04
7.32421875e-03	7.06457699e-07	1.11443215e-04
7.37304688e-03	7.11906866e-07	1.11754679e-04
7.42187500e-03	7.17371301e-07	1.12068574e-04
7.47070313e-03	7.22851122e-07	1.12384906e-04
7.51953125e-03	7.28346449e-07	1.12703685e-04
7.56835938e-03	7.33857402e-07	1.13024917e-04
7.61718750e-03	7.39384099e-07	1.13348609e-04
7.66601563e-03	7.44926662e-07	1.13674770e-04
7.71484375e-03	7.50485211e-07	1.14003408e-04
7.76367188e-03	7.56059868e-07	1.14334530e-04
7.81250000e-03	7.61650754e-07	1.14668143e-04
7.86132813e-03	7.67257990e-07	1.15004257e-04
7.91015625e-03	7.72881699e-07	1.15342878e-04
7.95898438e-03	7.78522004e-07	1.15684016e-04
8.00781250e-03	7.84179028e-07	1.16027677e-04
8.05664062e-03	7.89852894e-07	1.16373870e-04
8.10546875e-03	7.95543726e-07	1.16722604e-04
8.15429687e-03	8.01251648e-07	1.17073887e-04
8.20312500e-03	8.06976785e-07	1.17427726e-04
8.25195313e-03	8.12719262e-07	1.17784131e-04
8.30078125e-03	8.18479204e-07	1.18143110e-04
8.34960938e-03	8.24256738e-07	1.18504671e-04
8.39843750e-03	8.30051989e-07	1.18868823e-04
8.44726563e-03	8.35865085e-07	1.19235575e-04
8.49609375e-03	8.41696152e-07	1.19604936e-04
8.54492188e-03	8.47545318e-07	1.19976913e-04
8.59375000e-03	8.53412712e-07	1.20351516e-04
8.64257812e-03	8.59298461e-07	1.20728755e-04
8.69140625e-03	8.65202694e-07	1.21108637e-04
8.74023438e-03	8.71125541e-07	1.21491171e-04
8.78906250e-03	8.77067131e-07	1.21876368e-04
8.83789063e-03	8.83027595e-07	1.22264236e-04
8.88671875e-03	8.89007063e-07	1.22654785e-04
8.93554688e-03	8.95005667e-07	1.23048022e-04
8.98437500e-03	9.01023538e-07	1.23443959e-04
9.03320312e-03	9.07060807e-07	1.23842605e-04
9.08203125e-03	9.13117608e-07	1.24243968e-04
9.13085937e-03	9.19194074e-07	1.24648058e-04
9.17968750e-03	9.25290337e-07	1.25054886e-04
9.22851563e-03	9.31406532e-07	1.25464460e-04
9.27734375e-03	9.37542793e-07	1.25876790e-04
9.32617188e-03	9.43699255e-07	1.26291887e-04
9.37500000e-03	9.49876053e-07	1.26709760e-04
9.42382813e-03	9.56073323e-07	1.27130419e-04
9.47265625e-03	9.62291201e-07	1.27553873e-04
9.52148438e-03	9.68529824e-07	1.27980134e-04
9.57031250e-03	9.74789330e-07	1.28409212e-04
9.61914063e-03	9.81069855e-07	1.28841115e-04
9.66796875e-03	9.87371539e-07	1.29275856e-04
9.71679688e-03	9.93694520e-07	1.29713443e-04
9.76562500e-03	1.00003894e-06	1.30153888e-04
9.81445313e-03	1.00640493e-06	1.30597201e-04
9.86328125e-03	1.01279264e-06	1.31043393e-04
9.91210938e-03	1.01920221e-06	1.31492473e-04
9.96093750e-03	1.02563377e-06	1.31944454e-04
1.00097656e-02	1.03208748e-06	1.32399345e-04
1.00585938e-02	1.03856347e-06	1.32857157e-04
1.01074219e-02	1.04506188e-06	1.33317902e-04
1.01562500e-02	1.05158287e-06	1.33781590e-04
1.02050781e-02	1.05812656e-06	1.34248232e-04
1.02539062e-02	1.06469312e-06	1.34717840e-04
1.03027344e-02	1.07128267e-06	1.35190424e-04
1.03515625e-02	1.07789538e-06	1.35665996e-04
1.04003906e-02	1.08453138e-06	1.36144568e-04
1.04492188e-02	1.09119082e-06	1.36626150e-04
1.04980469e-02	1.09787385e-06	1.37110754e-04
1.05468750e-02	1.10458062e-06	1.37598392e-04
1.05957031e-02	1.11131127e-06	1.38089075e-04
1.06445313e-02	1.11806595e-06	1.38582814e-04
1.06933594e-02	1.12484482e-06	1.39079623e-04
1.07421875e-02	1.13164802e-06	1.39579512e-04
1.07910156e-02	1.13847571e-06	1.40082493e-04
1.08398438e-02	1.14532803e-06	1.40588579e-04
1.08886719e-02	1.15220514e-06	1.41097782e-04
1.09375000e-02	1.15910719e-06	1.41610113e-04
1.09863281e-02	1.16603433e-06	1.42125584e-04
1.10351563e-02	1.17298672e-06	1.42644209e-04
1.10839844e-02	1.17996450e-06	1.43166000e-04
1.11328125e-02	1.18696785e-06	1.43690968e-04
1.11816406e-02	1.19399690e-06	1.44219127e-04
1.12304688e-02	1.20105182e-06	1.44750489e-04
1.12792969e-02	1.20813277e-06	1.45285066e-04
1.13281250e-02	1.21523990e-06	1.45822872e-04
1.13769531e-02	1.22237337e-06	1.46363919e-04
1.14257813e-02	1.22953333e-06	1.46908221e-04
1.14746094e-02	1.23671995e-06	1.47455790e-04
1.15234375e-02	1.24393339e-06	1.48006638e-04
1.15722656e-02	1.25117380e-06	1.48560781e-04
1.16210938e-02	1.25844136e-06	1.49118229e-04
1.16699219e-02	1.26573621e-06	1.49678998e-04
1.17187500e-02	1.27305853e-06	1.50243100e-04
1.17675781e-02	1.28040847e-06	1.50810549e-04
1.18164063e-02	1.28778620e-06	1.51381358e-04
1.18652344e-02	1.29519189e-06	1.51955541e-04
1.19140625e-02	1.30262570e-06	1.52533111e-04
1.19628906e-02	1.31008778e-06	1.53114083e-04
1.20117188e-02	1.31757833e-06	1.53698471e-04
1.20605469e-02	1.32509748e-06	1.54286287e-04
1.21093750e-02	1.33264543e-06	1.54877547e-04
1.21582031e-02	1.34022233e-06	1.55472264e-04
1.22070312e-02	1.34782835e-06	1.56070453e-04
1.22558594e-02	1.35546367e-06	1.56672127e-04
1.23046875e-02	1.36312845e-06	1.57277302e-04
1.23535156e-02	1.37082287e-06	1.57885992e-04
1.24023438e-02	1.37854709e-06	1.58498211e-04
1.24511719e-02	1.38630129e-06	1.59113973e-04
1.25000000e-02	1.39408565e-06	1.59733294e-04
1.25488281e-02	1.40190034e-06	1.60356189e-04
1.25976563e-02	1.40974552e-06	1.60982672e-04
1.26464844e-02	1.41762139e-06	1.61612758e-04
1.26953125e-02	1.42552811e-06	1.62246462e-04
1.27441406e-02	1.43346586e-06	1.62883800e-04
1.27929688e-02	1.44143482e-06	1.63524787e-04
1.28417969e-02	1.44943517e-06	1.64169437e-04
1.28906250e-02	1.45746708e-06	1.64817767e-04
1.29394531e-02	1.46553074e-06	1.65469792e-04
1.29882813e-02	1.47362633e-06	1.66125528e-04
1.30371094e-02	1.48175403e-06	1.66784989e-04
1.30859375e-02	1.48991402e-06	1.67448193e-04
1.31347656e-02	1.49810648e-06	1.68115154e-04
1.31835938e-02	1.50633161e-06	1.68785889e-04
1.32324219e-02	1.51458957e-06	1.69460414e-04
1.32812500e-02	1.52288057e-06	1.70138745e-04
1.33300781e-02	1.53120478e-06	1.70820898e-04
1.33789063e-02	1.53956239e-06	1.71506890e-04
1.34277344e-02	1.54795359e-06	1.72196736e-04
1.34765625e-02	1.55637857e-06	1.72890454e-04
1.35253906e-02	1.56483752e-06	1.73588060e-04
1.35742188e-02	1.57333062e-06	1.74289571e-04
1.36230469e-02	1.58185808e-06	1.74995003e-04
1.36718750e-02	1.59042008e-06	1.75704374e-04
1.37207031e-02	1.59901681e-06	1.76417700e-04
1.37695313e-02	1.60764846e-06	1.77134998e-04
1.38183594e-02	1.61631524e-06	1.77856286e-04
1.38671875e-02	1.62501734e-06	1.78581581e-04
1.39160156e-02	1.63375495e-06	1.79310901e-04
1.39648438e-02	1.64252827e-06	1.80044262e-04
1.40136719e-02	1.65133750e-06	1.80781682e-04
1.40625000e-02	1.66018283e-06	1.81523180e-04
1.41113281e-02	1.66906447e-06	1.82268772e-04
1.41601562e-02	1.67798262e-06	1.83018477e-04
1.42089844e-02	1.68693747e-06	1.83772312e-04
1.42578125e-02	1.69592923e-06	1.84530296e-04
1.43066406e-02	1.70495811e-06	1.85292447e-04
1.43554688e-02	1.71402430e-06	1.86058783e-04
1.44042969e-02	1.72312801e-06	1.86829323e-04
1.44531250e-02	1.73226945e-06	1.87604084e-04
1.45019531e-02	1.74144883e-06	1.88383086e-04
1.45507813e-02	1.75066634e-06	1.89166347e-04
1.45996094e-02	1.75992221e-06	1.89953886e-04
1.46484375e-02	1.76921663e-06	1.90745721e-04
1.46972656e-02	1.77854983e-06	1.91541873e-04
1.47460938e-02	1.78792200e-06	1.92342359e-04
1.47949219e-02	1.79733337e-06	1.93147200e-04
1.48437500e-02	1.80678414e-06	1.93956414e-04
1.48925781e-02	1.81627453e-06	1.94770021e-04
1.49414063e-02	1.82580475e-06	1.95588040e-04
1.49902344e-02	1.83537503e-06	1.96410491e-04
1.50390625e-02	1.84498558e-06	1.97237394e-04
1.50878906e-02	1.85463660e-06	1.98068769e-04
1.51367188e-02	1.86432834e-06	1.98904635e-04
1.51855469e-02	1.87406100e-06	1.99745012e-04
1.52343750e-02	1.88383480e-06	2.00589921e-04
1.52832031e-02	1.89364997e-06	2.01439383e-04
1.53320313e-02	1.90350672e-06	2.02293417e-04
1.53808594e-02	1.91340529e-06	2.03152043e-04
1.54296875e-02	1.92334590e-06	2.04015283e-04
1.54785156e-02	1.93332878e-06	2.04883158e-04
1.55273438e-02	1.94335414e-06	2.05755687e-04
1.55761719e-02	1.95342222e-06	2.06632893e-04
1.56250000e-02	1.96353325e-06	2.07514796e-04
1.56738281e-02	1.97368745e-06	2.08401417e-04
1.57226563e-02	1.98388506e-06	2.09292778e-04
1.57714844e-02	1.99412631e-06	2.10188900e-04
1.58203125e-02	2.00441144e-06	2.11089804e-04
1.58691406e-02	2.01474067e-06	2.11995513e-04
1.59179688e-02	2.02511424e-06	2.12906047e-04
1.59667969e-02	2.03553239e-06	2.13821430e-04
1.60156250e-02	2.04599536e-06	2.14741682e-04
1.60644531e-02	2.05650338e-06	2.15666827e-04
1.61132812e-02	2.06705670e-06	2.16596885e-04
1.61621094e-02	2.07765554e-06	2.17531881e-04
1.62109375e-02	2.08830016e-06	2.18471835e-04
1.62597656e-02	2.09899080e-06	2.19416771e-04
1.63085937e-02	2.10972771e-06	2.20366711e-04
1.63574219e-02	2.12051111e-06	2.21321679e-04
1.64062500e-02	2.13134127e-06	2.22281697e-04
1.64550781e-02	2.14221843e-06	2.23246788e-04
1.65039063e-02	2.15314284e-06	2.24216976e-04
1.65527344e-02	2.16411475e-06	2.25192284e-04
1.66015625e-02	2.17513440e-06	2.26172735e-04
1.66503906e-02	2.18620206e-06	2.27158353e-04
1.66992188e-02	2.19731796e-06	2.28149162e-04
1.67480469e-02	2.20848237e-06	2.29145185e-04
1.67968750e-02	2.21969555e-06	2.30146447e-04
1.68457031e-02	2.23095774e-06	2.31152971e-04
1.68945313e-02	2.24226921e-06	2.32164783e-04
1.69433594e-02	2.25363021e-06	2.33181905e-04
1.69921875e-02	2.26504101e-06	2.34204363e-04
1.70410156e-02	2.27650186e-06	2.35232182e-04
1.70898438e-02	2.28801304e-06	2.36265385e-04
1.71386719e-02	2.29957479e-06	2.37303999e-04
1.71875000e-02	2.31118739e-06	2.38348047e-04
1.72363281e-02	2.32285110e-06	2.39397556e-04
1.72851562e-02	2.33456619e-06	2.40452550e-04
1.73339844e-02	2.34633293e-06	2.41513054e-04
1.73828125e-02	2.35815158e-06	2.42579096e-04
1.74316406e-02	2.37002243e-06	2.43650699e-04
1.74804688e-02	2.38194573e-06	2.44727890e-04
1.75292969e-02	2.39392177e-06	2.45810695e-04
1.75781250e-02	2.40595082e-06	2.46899140e-04
1.76269531e-02	2.41803315e-06	2.47993251e-04
1.76757813e-02	2.43016905e-06	2.49093055e-04
1.77246094e-02	2.44235879e-06	2.50198578e-04
1.77734375e-02	2.45460265e-06	2.51309847e-04
1.78222656e-02	2.46690091e-06	2.52426888e-04
1.78710938e-02	2.47925385e-06	2.53549729e-04
1.79199219e-02	2.49166176e-06	2.54678396e-04
1.79687500e-02	2.50412493e-06	2.55812917e-04
1.80175781e-02	2.51664364e-06	2.56953320e-04
1.80664062e-02	2.52921817e-06	2.58099631e-04
1.81152344e-02	2.54184882e-06	2.59251878e-04
1.81640625e-02	2.55453588e-06	2.60410090e-04
1.82128906e-02	2.56727964e-06	2.61574294e-04
1.82617187e-02	2.58008040e-06	2.62744517e-04
1.83105469e-02	2.59293844e-06	2.63920790e-04
1.83593750e-02	2.60585406e-06	2.65103139e-04
1.84082031e-02	2.61882756e-06	2.66291594e-04
1.84570313e-02	2.63185925e-06	2.67486183e-04
1.85058594e-02	2.64494941e-06	2.68686934e-04
1.85546875e-02	2.65809836e-06	2.69893878e-04
1.86035156e-02	2.67130639e-06	2.71107043e-04
1.86523438e-02	2.68457381e-06	2.72326458e-04
1.87011719e-02	2.69790092e-06	2.73552153e-04
1.87500000e-02	2.71128804e-06	2.74784158e-04
1.87988281e-02	2.72473547e-06	2.76022501e-04
1.88476563e-02	2.73824352e-06	2.77267214e-04
1.88964844e-02	2.75181250e-06	2.78518326e-04
1.89453125e-02	2.76544273e-06	2.79775868e-04
1.89941406e-02	2.77913452e-06	2.81039870e-04
1.90429688e-02	2.79288819e-06	2.82310361e-04
1.90917969e-02	2.80670405e-06	2.83587374e-04
1.91406250e-02	2.82058243e-06	2.84870940e-04
1.91894531e-02	2.83452364e-06	2.86161088e-04
1.92382813e-02	2.84852801e-06	2.87457850e-04
1.92871094e-02	2.86259586e-06	2.88761258e-04
1.93359375e-02	2.87672751e-06	2.90071343e-04
1.93847656e-02	2.89092330e-06	2.91388137e-04
1.94335938e-02	2.90518355e-06	2.92711671e-04
1.94824219e-02	2.91950859e-06	2.94041978e-04
1.95312500e-02	2.93389875e-06	2.95379090e-04
1.95800781e-02	2.94835437e-06	2.96723039e-04
1.96289063e-02	2.96287578e-06	2.98073858e-04
1.96777344e-02	2.97746331e-06	2.99431579e-04
1.97265625e-02	2.99211731e-06	3.00796236e-04
1.97753906e-02	3.00683812e-06	3.02167861e-04
1.98242188e-02	3.02162606e-06	3.03546487e-04
1.98730469e-02	3.03648150e-06	3.04932149e-04
1.99218750e-02	3.05140477e-06	3.06324878e-04
1.99707031e-02	3.06639621e-06	3.07724710e-04
2.00195312e-02	3.08145618e-06	3.09131678e-04
2.00683594e-02	3.09658503e-06	3.10545816e-04
2.01171875e-02	3.11178310e-06	3.11967159e-04
2.01660156e-02	3.12705075e-06	3.13395740e-04
2.02148438e-02	3.14238833e-06	3.14831595e-04
2.02636719e-02	3.15779620e-06	3.16274758e-04
2.03125000e-02	3.17327471e-06	3.17725264e-04
2.03613281e-02	3.18882424e-06	3.19183148e-04
2.04101563e-02	3.20444512e-06	3.20648446e-04
2.04589844e-02	3.22013774e-06	3.22121194e-04
2.05078125e-02	3.23590246e-06	3.23601426e-04
2.05566406e-02	3.25173963e-06	3.25089179e-04
2.06054688e-02	3.26764963e-06	3.26584488e-04
2.06542969e-02	3.28363283e-06	3.28087391e-04
2.07031250e-02	3.29968960e-06	3.29597923e-04
2.07519531e-02	3.31582031e-06	3.31116121e-04
2.08007813e-02	3.33202535e-06	3.32642023e-04
2.08496094e-02	3.34830508e-06	3.34175664e-04
2.08984375e-02	3.36465988e-06	3.35717082e-04
2.09472656e-02	3.38109014e-06	3.37266315e-04
2.09960938e-02	3.39759623e-06	3.38823400e-04
2.10449219e-02	3.41417855e-06	3.40388375e-04
2.10937500e-02	3.43083748e-06	3.41961278e-04
2.11425781e-02	3.44757340e-06	3.43542147e-04
2.11914063e-02	3.46438671e-06	3.45131020e-04
2.12402344e-02	3.48127780e-06	3.46727937e-04
2.12890625e-02	3.49824706e-06	3.48332935e-04
2.13378906e-02	3.51529489e-06	3.49946053e-04
2.13867188e-02	3.53242168e-06	3.51567332e-04
2.14355469e-02	3.54962783e-06	3.53196810e-04
2.14843750e-02	3.56691376e-06	3.54834527e-04
2.15332031e-02	3.58427985e-06	3.56480522e-04
2.15820313e-02	3.60172651e-06	3.58134836e-04
2.16308594e-02	3.61925416e-06	3.59797509e-04
2.16796875e-02	3.63686319e-06	3.61468580e-04
2.17285156e-02	3.65455403e-06	3.63148092e-04
2.17773438e-02	3.67232708e-06	3.64836084e-04
2.18261719e-02	3.69018276e-06	3.66532597e-04
2.18750000e-02	3.70812149e-06	3.68237674e-04
2.19238281e-02	3.72614368e-06	3.69951354e-04
2.19726562e-02	3.74424976e-06	3.71673681e-04
2.20214844e-02	3.76244015e-06	3.73404695e-04
2.20703125e-02	3.78071528e-06	3.75144439e-04
2.21191406e-02	3.79907556e-06	3.76892955e-04
2.21679688e-02	3.81752144e-06	3.78650286e-04
2.22167969e-02	3.83605335e-06	3.80416474e-04
2.22656250e-02	3.85467171e-06	3.82191562e-04
2.23144531e-02	3.87337696e-06	3.83975594e-04
2.23632813e-02	3.89216954e-06	3.85768613e-04
2.24121094e-02	3.91104990e-06	3.87570662e-04
2.24609375e-02	3.93001846e-06	3.89381785e-04
2.25097656e-02	3.94907568e-06	3.91202027e-04
2.25585938e-02	3.96822201e-06	3.93031432e-04
2.26074219e-02	3.98745788e-06	3.94870044e-04
2.26562500e-02	4.00678376e-06	3.96717908e-04
2.27050781e-02	4.02620009e-06	3.98575068e-04
2.27539063e-02	4.04570734e-06	4.00441571e-04
2.28027344e-02	4.06530595e-06	4.02317461e-04
2.28515625e-02	4.08499638e-06	4.04202785e-04
2.29003906e-02	4.10477911e-06	4.06097588e-04
2.29492188e-02	4.12465458e-06	4.08001916e-04
2.29980469e-02	4.14462328e-06	4.09915815e-04
2.30468750e-02	4.16468566e-06	4.11839333e-04
2.30957031e-02	4.18484220e-06	4.13772516e-04
2.31445313e-02	4.20509337e-06	4.15715411e-04
2.31933594e-02	4.22543964e-06	4.17668066e-04
2.32421875e-02	4.24588150e-06	4.19630528e-04
2.32910156e-02	4.26641943e-06	4.21602845e-04
2.33398438e-02	4.28705390e-06	4.23585065e-04
2.33886719e-02	4.30778540e-06	4.25577236e-04
2.34375000e-02	4.32861442e-06	4.27579406e-04
2.34863281e-02	4.34954145e-06	4.29591626e-04
2.35351563e-02	4.37056697e-06	4.31613943e-04
2.35839844e-02	4.39169149e-06	4.33646407e-04
2.36328125e-02	4.41291550e-06	4.35689068e-04
2.36816406e-02	4.43423950e-06	4.37741975e-04
2.37304688e-02	4.45566399e-06	4.39805179e-04
2.37792969e-02	4.47718948e-06	4.41878729e-04
2.38281250e-02	4.49881647e-06	4.43962677e-04
2.38769531e-02	4.52054547e-06	4.46057072e-04
2.39257812e-02	4.54237699e-06	4.48161967e-04
2.39746094e-02	4.56431154e-06	4.50277413e-04
2.40234375e-02	4.58634965e-06	4.52403461e-04
2.40722656e-02	4.60849183e-06	4.54540163e-04
2.41210938e-02	4.63073860e-06	4.56687571e-04
2.41699219e-02	4.65309048e-06	4.58845737e-04
2.42187500e-02	4.67554802e-06	4.61014715e-04
2.42675781e-02	4.69811172e-06	4.63194558e-04
2.43164063e-02	4.72078213e-06	4.65385317e-04
2.43652344e-02	4.74355977e-06	4.67587048e-04
2.44140625e-02	4.76644519e-06	4.69799803e-04
2.44628906e-02	4.78943893e-06	4.72023638e-04
2.45117188e-02	4.81254152e-06	4.74258605e-04
2.45605469e-02	4.83575352e-06	4.76504760e-04
2.46093750e-02	4.85907546e-06	4.78762157e-04
2.46582031e-02	4.88250791e-06	4.81030852e-04
2.47070313e-02	4.90605141e-06	4.83310900e-04
2.47558594e-02	4.92970652e-06	4.85602357e-04
2.48046875e-02	4.95347380e-06	4.87905279e-04
2.48535156e-02	4.97735380e-06	4.90219721e-04
2.49023438e-02	5.00134710e-06	4.92545742e-04
2.49511719e-02	5.02545426e-06	4.94883397e-04
2.50000000e-02	5.04967584e-06	4.97232743e-04
2.50488281e-02	5.07401243e-06	4.99593838e-04
2.50976563e-02	5.09846459e-06	5.01966741e-04
2.51464844e-02	5.12303291e-06	5.04351508e-04
2.51953125e-02	5.14771796e-06	5.06748198e-04
2.52441406e-02	5.17252033e-06	5.09156870e-04
2.52929688e-02	5.19744060e-06	5.11577582e-04
2.53417969e-02	5.22247937e-06	5.14010394e-04
2.53906250e-02	5.24763723e-06	5.16455366e-04
2.54394531e-02	5.27291476e-06	5.18912556e-04
2.54882813e-02	5.29831258e-06	5.21382026e-04
2.55371094e-02	5.32383128e-06	5.23863836e-04
2.55859375e-02	5.34947146e-06	5.26358046e-04
2.56347656e-02	5.37523374e-06	5.28864718e-04
2.56835938e-02	5.40111871e-06	5.31383912e-04
2.57324219e-02	5.42712700e-06	5.33915691e-04
2.57812500e-02	5.45325922e-06	5.36460116e-04
2.58300781e-02	5.47951600e-06	5.39017250e-04
2.58789062e-02	5.50589794e-06	5.41587155e-04
2.59277344e-02	5.53240568e-06	5.44169895e-04
2.59765625e-02	5.55903985e-06	5.46765532e-04
2.60253906e-02	5.58580107e-06	5.49374130e-04
2.60742188e-02	5.61268998e-06	5.51995753e-04
2.61230469e-02	5.63970722e-06	5.54630465e-04
2.61718750e-02	5.66685343e-06	5.57278331e-04
2.62207031e-02	5.69412926e-06	5.59939416e-04
2.62695313e-02	5.72153534e-06	5.62613784e-04
2.63183594e-02	5.74907234e-06	5.65301502e-04
2.63671875e-02	5.77674089e-06	5.68002634e-04
2.64160156e-02	5.80454167e-06	5.70717249e-04
2.64648438e-02	5.83247533e-06	5.73445411e-04
2.65136719e-02	5.86054253e-06	5.76187188e-04
2.65625000e-02	5.88874395e-06	5.78942647e-04
2.66113281e-02	5.91708024e-06	5.81711855e-04
2.66601563e-02	5.94555208e-06	5.84494881e-04
2.67089844e-02	5.97416015e-06	5.87291793e-04
2.67578125e-02	6.00290514e-06	5.90102658e-04
2.68066406e-02	6.03178771e-06	5.92927548e-04
2.68554688e-02	6.06080856e-06	5.95766529e-04
2.69042969e-02	6.08996838e-06	5.98619673e-04
2.69531250e-02	6.11926786e-06	6.01487049e-04
2.70019531e-02	6.14870770e-06	6.04368727e-04
2.70507813e-02	6.17828860e-06	6.07264779e-04
2.70996094e-02	6.20801125e-06	6.10175274e-04
2.71484375e-02	6.23787638e-06	6.13100286e-04
2.71972656e-02	6.26788468e-06	6.16039885e-04
2.72460938e-02	6.29803688e-06	6.18994143e-04
2.72949219e-02	6.32833369e-06	6.21963134e-04
2.73437500e-02	6.35877583e-06	6.24946930e-04
2.73925781e-02	6.38936403e-06	6.27945604e-04
2.74414063e-02	6.42009901e-06	6.30959229e-04
2.74902344e-02	6.45098151e-06	6.33987881e-04
2.75390625e-02	6.48201226e-06	6.37031633e-04
2.75878906e-02	6.51319200e-06	6.40090560e-04
2.76367188e-02	6.54452147e-06	6.43164737e-04
2.76855469e-02	6.57600143e-06	6.46254240e-04
2.77343750e-02	6.60763261e-06	6.49359145e-04
2.77832031e-02	6.63941578e-06	6.52479527e-04
2.78320312e-02	6.67135170e-06	6.55615464e-04
2.78808594e-02	6.70344111e-06	6.58767032e-04
2.79296875e-02	6.73568480e-06	6.61934310e-04
2.79785156e-02	6.76808352e-06	6.65117374e-04
2.80273438e-02	6.80063805e-06	6.68316304e-04
2.80761719e-02	6.83334917e-06	6.71531177e-04
2.81250000e-02	6.86621766e-06	6.74762073e-04
2.81738281e-02	6.89924430e-06	6.78009071e-04
2.82226563e-02	6.93242988e-06	6.81272251e-04
2.82714844e-02	6.96577519e-06	6.84551694e-04
2.83203125e-02	6.99928103e-06	6.87847479e-04
2.83691406e-02	7.03294820e-06	6.91159689e-04
2.84179688e-02	7.06677750e-06	6.94488404e-04
2.84667969e-02	7.10076974e-06	6.97833706e-04
2.85156250e-02	7.13492573e-06	7.01195678e-04
2.85644531e-02	7.16924629e-06	7.04574403e-04
2.86132813e-02	7.20373223e-06	7.07969962e-04
2.86621094e-02	7.23838439e-06	7.11382441e-04
2.87109375e-02	7.27320359e-06	7.14811923e-04
2.87597656e-02	7.30819066e-06	7.18258493e-04
2.88085938e-02	7.34334644e-06	7.21722234e-04
2.88574219e-02	7.37867177e-06	7.25203234e-04
2.89062500e-02	7.41416749e-06	7.28701576e-04
2.89550781e-02	7.44983446e-06	7.32217348e-04
2.90039063e-02	7.48567352e-06	7.35750636e-04
2.90527344e-02	7.52168553e-06	7.39301526e-04
2.91015625e-02	7.55787137e-06	7.42870107e-04
2.91503906e-02	7.59423188e-06	7.46456467e-04
2.91992188e-02	7.63076794e-06	7.50060692e-04
2.92480469e-02	7.66748043e-06	7.53682874e-04
2.92968750e-02	7.70437022e-06	7.57323100e-04
2.93457031e-02	7.74143821e-06	7.60981460e-04
2.93945313e-02	7.77868527e-06	7.64658045e-04
2.94433594e-02	7.81611229e-06	7.68352944e-04
2.94921875e-02	7.85372018e-06	7.72066250e-04
2.95410156e-02	7.89150984e-06	7.75798053e-04
2.95898438e-02	7.92948216e-06	7.79548446e-04
2.96386719e-02	7.96763807e-06	7.83317522e-04
2.96875000e-02	8.00597847e-06	7.87105372e-04
2.97363281e-02	8.04450429e-06	7.90912090e-04
2.97851562e-02	8.08321645e-06	7.94737770e-04
2.98339844e-02	8.12211587e-06	7.98582507e-04
2.98828125e-02	8.16120349e-06	8.02446396e-04
2.99316406e-02	8.20048024e-06	8.06329531e-04
2.99804688e-02	8.23994708e-06	8.10232008e-04
3.00292969e-02	8.27960494e-06	8.14153925e-04
3.00781250e-02	8.31945477e-06	8.18095376e-04
3.01269531e-02	8.35949754e-06	8.22056460e-04
3.01757813e-02	8.39973421e-06	8.26037275e-04
3.02246094e-02	8.44016573e-06	8.30037918e-04
3.02734375e-02	8.48079308e-06	8.34058489e-04
3.03222656e-02	8.52161724e-06	8.38099086e-04
3.03710938e-02	8.56263919e-06	8.42159810e-04
3.04199219e-02	8.60385991e-06	8.46240760e-04
3.04687500e-02	8.64528038e-06	8.50342037e-04
3.05175781e-02	8.68690162e-06	8.54463743e-04
3.05664063e-02	8.72872461e-06	8.58605979e-04
3.06152344e-02	8.77075036e-06	8.62768848e-04
3.06640625e-02	8.81297989e-06	8.66952452e-04
3.07128906e-02	8.85541420e-06	8.71156895e-04
3.07617188e-02	8.89805431e-06	8.75382281e-04
3.08105469e-02	8.94090126e-06	8.79628713e-04
3.08593750e-02	8.98395607e-06	8.83896297e-04
3.09082031e-02	9.02721978e-06	8.88185138e-04
3.09570313e-02	9.07069342e-06	8.92495343e-04
3.10058594e-02	9.11437805e-06	8.96827017e-04
3.10546875e-02	9.15827471e-06	9.01180268e-04
3.11035156e-02	9.20238447e-06	9.05555203e-04
3.11523438e-02	9.24670837e-06	9.09951931e-04
3.12011719e-02	9.29124749e-06	9.14370560e-04
3.12500000e-02	9.33600291e-06	9.18811199e-04
3.12988281e-02	9.38097569e-06	9.23273958e-04
3.13476563e-02	9.42616692e-06	9.27758948e-04
3.13964844e-02	9.47157769e-06	9.32266279e-04
3.14453125e-02	9.51720910e-06	9.36796063e-04
3.14941406e-02	9.56306224e-06	9.41348412e-04
3.15429688e-02	9.60913821e-06	9.45923438e-04
3.15917969e-02	9.65543813e-06	9.50521255e-04
3.16406250e-02	9.70196311e-06	9.55141976e-04
3.16894531e-02	9.74871427e-06	9.59785715e-04
3.17382812e-02	9.79569275e-06	9.64452588e-04
3.17871094e-02	9.84289966e-06	9.69142710e-04
3.18359375e-02	9.89033616e-06	9.73856197e-04
3.18847656e-02	9.93800338e-06	9.78593166e-04
3.19335938e-02	9.98590248e-06	9.83353733e-04
3.19824219e-02	1.00340346e-05	9.88138018e-04
3.20312500e-02	1.00824009e-05	9.92946137e-04
3.20800781e-02	1.01310026e-05	9.97778210e-04
3.21289062e-02	1.01798408e-05	1.00263436e-03
3.21777344e-02	1.02289167e-05	1.00751470e-03
3.22265625e-02	1.02782315e-05	1.01241935e-03
3.22753906e-02	1.03277864e-05	1.01734845e-03
3.23242188e-02	1.03775825e-05	1.02230210e-03
3.23730469e-02	1.04276211e-05	1.02728043e-03
3.24218750e-02	1.04779035e-05	1.03228357e-03
3.24707031e-02	1.05284307e-05	1.03731163e-03
3.25195313e-02	1.05792040e-05	1.04236475e-03
3.25683594e-02	1.06302247e-05	1.04744304e-03
3.26171875e-02	1.06814940e-05	1.05254664e-03
3.26660156e-02	1.07330131e-05	1.05767567e-03
3.27148438e-02	1.07847833e-05	1.06283026e-03
3.27636719e-02	1.08368058e-05	1.06801053e-03
3.28125000e-02	1.08890818e-05	1.07321661e-03
3.28613281e-02	1.09416127e-05	1.07844864e-03
3.29101563e-02	1.09943997e-05	1.08370674e-03
3.29589844e-02	1.10474441e-05	1.08899105e-03
3.30078125e-02	1.11007471e-05	1.09430168e-03
3.30566406e-02	1.11543101e-05	1.09963878e-03
3.31054687e-02	1.12081344e-05	1.10500248e-03
3.31542969e-02	1.12622212e-05	1.11039291e-03
3.32031250e-02	1.13165718e-05	1.11581021e-03
3.32519531e-02	1.13711877e-05	1.12125450e-03
3.33007813e-02	1.14260700e-05	1.12672593e-03
3.33496094e-02	1.14812202e-05	1.13222462e-03
3.33984375e-02	1.15366395e-05	1.13775073e-03
3.34472656e-02	1.15923293e-05	1.14330437e-03
3.34960938e-02	1.16482910e-05	1.14888570e-03
3.35449219e-02	1.17045259e-05	1.15449484e-03
3.35937500e-02	1.17610353e-05	1.16013195e-03
3.36425781e-02	1.18178207e-05	1.16579715e-03
3.36914062e-02	1.18748834e-05	1.17149059e-03
3.37402344e-02	1.19322248e-05	1.17721241e-03
3.37890625e-02	1.19898462e-05	1.18296276e-03
3.38378906e-02	1.20477492e-05	1.18874177e-03
3.38867188e-02	1.21059350e-05	1.19454958e-03
3.39355469e-02	1.21644051e-05	1.20038635e-03
3.39843750e-02	1.22231609e-05	1.20625222e-03
3.40332031e-02	1.22822039e-05	1.21214734e-03
3.40820312e-02	1.23415354e-05	1.21807184e-03
3.41308594e-02	1.24011569e-05	1.22402588e-03
3.41796875e-02	1.24610699e-05	1.23000960e-03
3.42285156e-02	1.25212758e-05	1.23602316e-03
3.42773438e-02	1.25817760e-05	1.24206670e-03
3.43261719e-02	1.26425721e-05	1.24814037e-03
3.43750000e-02	1.27036655e-05	1.25424433e-03
3.44238281e-02	1.27650576e-05	1.26037873e-03
3.44726563e-02	1.28267501e-05	1.26654371e-03
3.45214844e-02	1.28887443e-05	1.27273943e-03
3.45703125e-02	1.29510418e-05	1.27896605e-03
3.46191406e-02	1.30136441e-05	1.28522372e-03
3.46679688e-02	1.30765527e-05	1.29151260e-03
3.47167969e-02	1.31397691e-05	1.29783283e-03
3.47656250e-02	1.32032949e-05	1.30418459e-03
3.48144531e-02	1.32671317e-05	1.31056802e-03
3.48632813e-02	1.33312809e-05	1.31698330e-03
3.49121094e-02	1.33957441e-05	1.32343056e-03
3.49609375e-02	1.34605229e-05	1.32990998e-03
3.50097656e-02	1.35256189e-05	1.33642172e-03
3.50585937e-02	1.35910337e-05	1.34296594e-03
3.51074219e-02	1.36567687e-05	1.34954280e-03
3.51562500e-02	1.37228258e-05	1.35615247e-03
3.52050781e-02	1.37892063e-05	1.36279510e-03
3.52539063e-02	1.38559120e-05	1.36947087e-03
3.53027344e-02	1.39229445e-05	1.37617994e-03
3.53515625e-02	1.39903054e-05	1.38292249e-03
3.54003906e-02	1.40579964e-05	1.38969866e-03
3.54492188e-02	1.41260190e-05	1.39650864e-03
3.54980469e-02	1.41943750e-05	1.40335260e-03
3.55468750e-02	1.42630660e-05	1.41023070e-03
3.55957031e-02	1.43320937e-05	1.41714312e-03
3.56445312e-02	1.44014597e-05	1.42409002e-03
3.56933594e-02	1.44711658e-05	1.43107159e-03
3.57421875e-02	1.45412136e-05	1.43808799e-03
3.57910156e-02	1.46116049e-05	1.44513941e-03
3.58398438e-02	1.46823414e-05	1.45222600e-03
3.58886719e-02	1.47534247e-05	1.45934796e-03
3.59375000e-02	1.48248567e-05	1.46650546e-03
3.59863281e-02	1.48966390e-05	1.47369868e-03
3.60351562e-02	1.49687735e-05	1.48092779e-03
3.60839844e-02	1.50412618e-05	1.48819298e-03
3.61328125e-02	1.51141057e-05	1.49549443e-03
3.61816406e-02	1.51873070e-05	1.50283231e-03
3.62304688e-02	1.52608676e-05	1.51020683e-03
3.62792969e-02	1.53347891e-05	1.51761814e-03
3.63281250e-02	1.54090734e-05	1.52506645e-03
3.63769531e-02	1.54837223e-05	1.53255194e-03
3.64257813e-02	1.55587376e-05	1.54007479e-03
3.64746094e-02	1.56341211e-05	1.54763519e-03
3.65234375e-02	1.57098747e-05	1.55523333e-03
3.65722656e-02	1.57860003e-05	1.56286940e-03
3.66210938e-02	1.58624996e-05	1.57054359e-03
3.66699219e-02	1.59393746e-05	1.57825609e-03
3.67187500e-02	1.60166271e-05	1.58600710e-03
3.67675781e-02	1.60942591e-05	1.59379680e-03
3.68164063e-02	1.61722723e-05	1.60162539e-03
3.68652344e-02	1.62506688e-05	1.60949307e-03
3.69140625e-02	1.63294503e-05	1.61740004e-03
3.69628906e-02	1.64086189e-05	1.62534648e-03
3.70117187e-02	1.64881765e-05	1.63333260e-03
3.70605469e-02	1.65681250e-05	1.64135860e-03
3.71093750e-02	1.66484664e-05	1.64942467e-03
3.71582031e-02	1.67292027e-05	1.65753103e-03
3.72070313e-02	1.68103357e-05	1.66567786e-03
3.72558594e-02	1.68918675e-05	1.67386539e-03
3.73046875e-02	1.69738001e-05	1.68209380e-03
3.73535156e-02	1.70561355e-05	1.69036330e-03
3.74023438e-02	1.71388757e-05	1.69867411e-03
3.74511719e-02	1.72220226e-05	1.70702643e-03
3.75000000e-02	1.73055785e-05	1.71542046e-03
3.75488281e-02	1.73895452e-05	1.72385642e-03
3.75976562e-02	1.74739249e-05	1.73233452e-03
3.76464844e-02	1.75587195e-05	1.74085496e-03
3.76953125e-02	1.76439313e-05	1.74941797e-03
3.77441406e-02	1.77295622e-05	1.75802376e-03
3.77929688e-02	1.78156143e-05	1.76667254e-03
3.78417969e-02	1.79020898e-05	1.77536452e-03
3.78906250e-02	1.79889908e-05	1.78409993e-03
3.79394531e-02	1.80763194e-05	1.79287898e-03
3.79882813e-02	1.81640777e-05	1.80170190e-03
3.80371094e-02	1.82522679e-05	1.81056889e-03
3.80859375e-02	1.83408922e-05	1.81948019e-03
3.81347656e-02	1.84299526e-05	1.82843602e-03
3.81835938e-02	1.85194515e-05	1.83743660e-03
3.82324219e-02	1.86093909e-05	1.84648215e-03
3.82812500e-02	1.86997731e-05	1.85557291e-03
3.83300781e-02	1.87906003e-05	1.86470910e-03
3.83789063e-02	1.88818747e-05	1.87389094e-03
3.84277344e-02	1.89735986e-05	1.88311867e-03
3.84765625e-02	1.90657741e-05	1.89239252e-03
3.85253906e-02	1.91584037e-05	1.90171272e-03
3.85742188e-02	1.92514894e-05	1.91107951e-03
3.86230469e-02	1.93450337e-05	1.92049311e-03
3.86718750e-02	1.94390387e-05	1.92995376e-03
3.87207031e-02	1.95335069e-05	1.93946171e-03
3.87695313e-02	1.96284404e-05	1.94901718e-03
3.88183594e-02	1.97238417e-05	1.95862042e-03
3.88671875e-02	1.98197131e-05	1.96827166e-03
3.89160156e-02	1.99160570e-05	1.97797116e-03
3.89648438e-02	2.00128756e-05	1.98771914e-03
3.90136719e-02	2.01101713e-05	1.99751586e-03
3.90625000e-02	2.02079467e-05	2.00736156e-03
3.91113281e-02	2.03062039e-05	2.01725649e-03
3.91601563e-02	2.04049456e-05	2.02720090e-03
3.92089844e-02	2.05041740e-05	2.03719503e-03
3.92578125e-02	2.06038916e-05	2.04723913e-03
3.93066406e-02	2.07041009e-05	2.05733345e-03
3.93554688e-02	2.08048043e-05	2.06747826e-03
3.94042969e-02	2.09060043e-05	2.07767380e-03
3.94531250e-02	2.10077034e-05	2.08792032e-03
3.95019531e-02	2.11099041e-05	2.09821809e-03
3.95507812e-02	2.12126088e-05	2.10856737e-03
3.95996094e-02	2.13158201e-05	2.11896840e-03
3.96484375e-02	2.14195406e-05	2.12942146e-03
3.96972656e-02	2.15237727e-05	2.13992680e-03
3.97460938e-02	2.16285191e-05	2.15048468e-03
3.97949219e-02	2.17337822e-05	2.16109538e-03
3.98437500e-02	2.18395648e-05	2.17175916e-03
3.98925781e-02	2.19458694e-05	2.18247628e-03
3.99414063e-02	2.20526986e-05	2.19324702e-03
3.99902344e-02	2.21600550e-05	2.20407164e-03
4.00390625e-02	2.22679413e-05	2.21495042e-03
4.00878906e-02	2.23763601e-05	2.22588362e-03
4.01367188e-02	2.24853141e-05	2.23687152e-03
4.01855469e-02	2.25948059e-05	2.24791440e-03
4.02343750e-02	2.27048383e-05	2.25901254e-03
4.02832031e-02	2.28154140e-05	2.27016621e-03
4.03320313e-02	2.29265356e-05	2.28137569e-03
4.03808594e-02	2.30382059e-05	2.29264126e-03
4.04296875e-02	2.31504277e-05	2.30396321e-03
4.04785156e-02	2.32632037e-05	2.31534182e-03
4.05273438e-02	2.33765367e-05	2.32677738e-03
4.05761719e-02	2.34904295e-05	2.33827017e-03
4.06250000e-02	2.36048848e-05	2.34982048e-03
4.06738281e-02	2.37199055e-05	2.36142860e-03
4.07226563e-02	2.38354945e-05	2.37309482e-03
4.07714844e-02	2.39516545e-05	2.38481943e-03
4.08203125e-02	2.40683884e-05	2.39660273e-03
4.08691406e-02	2.41856992e-05	2.40844502e-03
4.09179688e-02	2.43035896e-05	2.42034659e-03
4.09667969e-02	2.44220626e-05	2.43230774e-03
4.10156250e-02	2.45411211e-05	2.44432877e-03
4.10644531e-02	2.46607681e-05	2.45640999e-03
4.11132813e-02	2.47810064e-05	2.46855169e-03
4.11621094e-02	2.49018390e-05	2.48075418e-03
4.12109375e-02	2.50232690e-05	2.49301776e-03
4.12597656e-02	2.51452993e-05	2.50534276e-03
4.13085938e-02	2.52679329e-05	2.51772946e-03
4.13574219e-02	2.53911728e-05	2.53017819e-03
4.14062500e-02	2.55150221e-05	2.54268926e-03
4.14550781e-02	2.56394839e-05	2.55526299e-03
4.15039062e-02	2.57645611e-05	2.56789968e-03
4.15527344e-02	2.58902569e-05	2.58059966e-03
4.16015625e-02	2.60165743e-05	2.59336324e-03
4.16503906e-02	2.61435165e-05	2.60619075e-03
4.16992188e-02	2.62710867e-05	2.61908250e-03
4.17480469e-02	2.63992879e-05	2.63203883e-03
4.17968750e-02	2.65281233e-05	2.64506006e-03
4.18457031e-02	2.66575961e-05	2.65814651e-03
4.18945313e-02	2.67877095e-05	2.67129851e-03
4.19433594e-02	2.69184667e-05	2.68451640e-03
4.19921875e-02	2.70498710e-05	2.69780051e-03
4.20410156e-02	2.71819254e-05	2.71115116e-03
4.20898438e-02	2.73146335e-05	2.72456870e-03
4.21386719e-02	2.74479983e-05	2.73805347e-03
4.21875000e-02	2.75820231e-05	2.75160580e-03
4.22363281e-02	2.77167114e-05	2.76522603e-03
4.22851563e-02	2.78520664e-05	2.77891451e-03
4.23339844e-02	2.79880915e-05	2.79267158e-03
4.23828125e-02	2.81247899e-05	2.80649758e-03
4.24316406e-02	2.82621652e-05	2.82039287e-03
4.24804688e-02	2.84002206e-05	2.83435779e-03
4.25292969e-02	2.85389596e-05	2.84839270e-03
4.25781250e-02	2.86783857e-05	2.86249794e-03
4.26269531e-02	2.88185022e-05	2.87667388e-03
4.26757813e-02	2.89593126e-05	2.89092087e-03
4.27246094e-02	2.91008204e-05	2.90523927e-03
4.27734375e-02	2.92430291e-05	2.91962943e-03
4.28222656e-02	2.93859422e-05	2.93409173e-03
4.28710938e-02	2.95295633e-05	2.94862651e-03
4.29199219e-02	2.96738958e-05	2.96323416e-03
4.29687500e-02	2.98189434e-05	2.97791504e-03
4.30175781e-02	2.99647096e-05	2.99266952e-03
4.30664063e-02	3.01111981e-05	3.00749796e-03
4.31152344e-02	3.02584124e-05	3.02240075e-03
4.31640625e-02	3.04063562e-05	3.03737826e-03
4.32128906e-02	3.05550332e-05	3.05243086e-03
4.32617188e-02	3.07044470e-05	3.06755893e-03
4.33105469e-02	3.08546014e-05	3.08276286e-03
4.33593750e-02	3.10055000e-05	3.09804303e-03
4.34082031e-02	3.11571465e-05	3.11339982e-03
4.34570312e-02	3.13095448e-05	3.12883362e-03
4.35058594e-02	3.14626986e-05	3.14434482e-03
4.35546875e-02	3.16166116e-05	3.15993381e-03
4.36035156e-02	3.17712878e-05	3.17560098e-03
4.36523438e-02	3.19267308e-05	3.19134673e-03
4.37011719e-02	3.20829446e-05	3.20717145e-03
4.37500000e-02	3.22399331e-05	3.22307554e-03
4.37988281e-02	3.23977001e-05	3.23905940e-03
4.38476563e-02	3.25562494e-05	3.25512345e-03
4.38964844e-02	3.27155852e-05	3.27126807e-03
4.39453125e-02	3.28757112e-05	3.28749368e-03
4.39941406e-02	3.30366315e-05	3.30380068e-03
4.40429688e-02	3.31983500e-05	3.32018950e-03
4.40917969e-02	3.33608707e-05	3.33666054e-03
4.41406250e-02	3.35241978e-05	3.35321421e-03
4.41894531e-02	3.36883351e-05	3.36985093e-03
4.42382813e-02	3.38532868e-05	3.38657113e-03
4.42871094e-02	3.40190570e-05	3.40337523e-03
4.43359375e-02	3.41856497e-05	3.42026364e-03
4.43847656e-02	3.43530692e-05	3.43723679e-03
4.44335938e-02	3.45213195e-05	3.45429512e-03
4.44824219e-02	3.46904048e-05	3.47143906e-03
4.45312500e-02	3.48603293e-05	3.48866903e-03
4.45800781e-02	3.50310972e-05	3.50598546e-03
4.46289063e-02	3.52027128e-05	3.52338881e-03
4.46777344e-02	3.53751803e-05	3.54087950e-03
4.47265625e-02	3.55485039e-05	3.55845798e-03
4.47753906e-02	3.57226881e-05	3.57612469e-03
4.48242188e-02	3.58977370e-05	3.59388008e-03
4.48730469e-02	3.60736551e-05	3.61172459e-03
4.49218750e-02	3.62504467e-05	3.62965868e-03
4.49707031e-02	3.64281162e-05	3.64768279e-03
4.50195313e-02	3.66066679e-05	3.66579739e-03
4.50683594e-02	3.67861064e-05	3.68400293e-03
4.51171875e-02	3.69664361e-05	3.70229987e-03
4.51660156e-02	3.71476614e-05	3.72068867e-03
4.52148438e-02	3.73297868e-05	3.73916980e-03
4.52636719e-02	3.75128169e-05	3.75774372e-03
4.53125000e-02	3.76967563e-05	3.77641090e-03
4.53613281e-02	3.78816094e-05	3.79517181e-03
4.54101562e-02	3.80673808e-05	3.81402694e-03
4.54589844e-02	3.82540752e-05	3.83297674e-03
4.55078125e-02	3.84416973e-05	3.85202171e-03
4.55566406e-02	3.86302516e-05	3.87116232e-03
4.56054688e-02	3.88197428e-05	3.89039906e-03
4.56542969e-02	3.90101757e-05	3.90973241e-03
4.57031250e-02	3.92015550e-05	3.92916286e-03
4.57519531e-02	3.93938854e-05	3.94869091e-03
4.58007813e-02	3.95871717e-05	3.96831703e-03
4.58496094e-02	3.97814188e-05	3.98804175e-03
4.58984375e-02	3.99766314e-05	4.00786554e-03
4.59472656e-02	4.01728143e-05	4.02778891e-03
4.59960938e-02	4.03699726e-05	4.04781236e-03
4.60449219e-02	4.05681110e-05	4.06793641e-03
4.60937500e-02	4.07672344e-05	4.08816156e-03
4.61425781e-02	4.09673480e-05	4.10848831e-03
4.61914063e-02	4.11684565e-05	4.12891720e-03
4.62402344e-02	4.13705650e-05	4.14944872e-03
4.62890625e-02	4.15736786e-05	4.17008340e-03
4.63378906e-02	4.17778023e-05	4.19082177e-03
4.63867188e-02	4.19829411e-05	4.21166434e-03
4.64355469e-02	4.21891002e-05	4.23261164e-03
4.64843750e-02	4.23962847e-05	4.25366421e-03
4.65332031e-02	4.26044997e-05	4.27482257e-03
4.65820313e-02	4.28137504e-05	4.29608727e-03
4.66308594e-02	4.30240420e-05	4.31745883e-03
4.66796875e-02	4.32353799e-05	4.33893781e-03
4.67285156e-02	4.34477691e-05	4.36052473e-03
4.67773438e-02	4.36612150e-05	4.38222016e-03
4.68261719e-02	4.38757229e-05	4.40402463e-03
4.68750000e-02	4.40912982e-05	4.42593870e-03
4.69238281e-02	4.43079462e-05	4.44796293e-03
4.69726563e-02	4.45256723e-05	4.47009787e-03
4.70214844e-02	4.47444819e-05	4.49234408e-03
4.70703125e-02	4.49643805e-05	4.51470213e-03
4.71191406e-02	4.51853735e-05	4.53717257e-03
4.71679688e-02	4.54074665e-05	4.55975599e-03
4.72167969e-02	4.56306650e-05	4.58245295e-03
4.72656250e-02	4.58549745e-05	4.60526402e-03
4.73144531e-02	4.60804006e-05	4.62818979e-03
4.73632812e-02	4.63069489e-05	4.65123083e-03
4.74121094e-02	4.65346252e-05	4.67438773e-03
4.74609375e-02	4.67634350e-05	4.69766107e-03
4.75097656e-02	4.69933840e-05	4.72105145e-03
4.75585938e-02	4.72244780e-05	4.74455945e-03
4.76074219e-02	4.74567228e-05	4.76818567e-03
4.76562500e-02	4.76901240e-05	4.79193071e-03
4.77050781e-02	4.79246877e-05	4.81579518e-03
4.77539063e-02	4.81604195e-05	4.83977967e-03
4.78027344e-02	4.83973253e-05	4.86388479e-03
4.78515625e-02	4.86354112e-05	4.88811115e-03
4.79003906e-02	4.88746829e-05	4.91245938e-03
4.79492188e-02	4.91151465e-05	4.93693007e-03
4.79980469e-02	4.93568080e-05	4.96152386e-03
4.80468750e-02	4.95996734e-05	4.98624137e-03
4.80957031e-02	4.98437487e-05	5.01108323e-03
4.81445313e-02	5.00890400e-05	5.03605006e-03
4.81933594e-02	5.03355535e-05	5.06114249e-03
4.82421875e-02	5.05832953e-05	5.08636117e-03
4.82910156e-02	5.08322716e-05	5.11170673e-03
4.83398438e-02	5.10824885e-05	5.13717981e-03
4.83886719e-02	5.13339524e-05	5.16278107e-03
4.84375000e-02	5.15866695e-05	5.18851114e-03
4.84863281e-02	5.18406461e-05	5.21437069e-03
4.85351563e-02	5.20958886e-05	5.24036036e-03
4.85839844e-02	5.23524032e-05	5.26648082e-03
4.86328125e-02	5.26101965e-05	5.29273273e-03
4.86816406e-02	5.28692749e-05	5.31911675e-03
4.87304688e-02	5.31296448e-05	5.34563356e-03
4.87792969e-02	5.33913127e-05	5.37228382e-03
4.88281250e-02	5.36542851e-05	5.39906822e-03
4.88769531e-02	5.39185687e-05	5.42598743e-03
4.89257813e-02	5.41841700e-05	5.45304213e-03
4.89746094e-02	5.44510957e-05	5.48023302e-03
4.90234375e-02	5.47193524e-05	5.50756078e-03
4.90722656e-02	5.49889468e-05	5.53502610e-03
4.91210938e-02	5.52598857e-05	5.56262968e-03
4.91699219e-02	5.55321757e-05	5.59037223e-03
4.92187500e-02	5.58058238e-05	5.61825444e-03
4.92675781e-02	5.60808368e-05	5.64627702e-03
4.93164062e-02	5.63572215e-05	5.67444069e-03
4.93652344e-02	5.66349849e-05	5.70274616e-03
4.94140625e-02	5.69141338e-05	5.73119415e-03
4.94628906e-02	5.71946753e-05	5.75978538e-03
4.95117188e-02	5.74766164e-05	5.78852058e-03
4.95605469e-02	5.77599641e-05	5.81740047e-03
4.96093750e-02	5.80447254e-05	5.84642579e-03
4.96582031e-02	5.83309076e-05	5.87559728e-03
4.97070313e-02	5.86185178e-05	5.90491568e-03
4.97558594e-02	5.89075632e-05	5.93438172e-03
4.98046875e-02	5.91980509e-05	5.96399617e-03
4.98535156e-02	5.94899883e-05	5.99375977e-03
4.99023438e-02	5.97833827e-05	6.02367327e-03
4.99511719e-02	6.00782413e-05	6.05373745e-03
5.00000000e-02	6.03745717e-05	6.08395306e-03
5.00488281e-02	6.06723811e-05	6.11432086e-03
5.00976563e-02	6.09716771e-05	6.14484164e-03
5.01464844e-02	6.12724670e-05	6.17551616e-03
5.01953125e-02	6.15747586e-05	6.20634521e-03
5.02441406e-02	6.18785592e-05	6.23732957e-03
5.02929688e-02	6.21838766e-05	6.26847002e-03
5.03417969e-02	6.24907183e-05	6.29976736e-03
5.03906250e-02	6.27990921e-05	6.33122239e-03
5.04394531e-02	6.31090056e-05	6.36283589e-03
5.04882813e-02	6.34204667e-05	6.39460869e-03
5.05371094e-02	6.37334831e-05	6.42654157e-03
5.05859375e-02	6.40480626e-05	6.45863537e-03
5.06347656e-02	6.43642131e-05	6.49089088e-03
5.06835938e-02	6.46819426e-05	6.52330893e-03
5.07324219e-02	6.50012590e-05	6.55589036e-03
5.07812500e-02	6.53221703e-05	6.58863597e-03
5.08300781e-02	6.56446845e-05	6.62154661e-03
5.08789063e-02	6.59688097e-05	6.65462312e-03
5.09277344e-02	6.62945541e-05	6.68786633e-03
5.09765625e-02	6.66219258e-05	6.72127709e-03
5.10253906e-02	6.69509329e-05	6.75485625e-03
5.10742188e-02	6.72815838e-05	6.78860466e-03
5.11230469e-02	6.76138868e-05	6.82252319e-03
5.11718750e-02	6.79478500e-05	6.85661269e-03
5.12207031e-02	6.82834820e-05	6.89087403e-03
5.12695312e-02	6.86207912e-05	6.92530809e-03
5.13183594e-02	6.89597859e-05	6.95991574e-03
5.13671875e-02	6.93004747e-05	6.99469786e-03
5.14160156e-02	6.96428661e-05	7.02965533e-03
5.14648438e-02	6.99869688e-05	7.06478905e-03
5.15136719e-02	7.03327913e-05	7.10009991e-03
5.15625000e-02	7.06803423e-05	7.13558881e-03
5.16113281e-02	7.10296305e-05	7.17125665e-03
5.16601563e-02	7.13806647e-05	7.20710434e-03
5.17089844e-02	7.17334537e-05	7.24313279e-03
5.17578125e-02	7.20880063e-05	7.27934291e-03
5.18066406e-02	7.24443315e-05	7.31573564e-03
5.18554688e-02	7.28024381e-05	7.35231190e-03
5.19042969e-02	7.31623352e-05	7.38907261e-03
5.19531250e-02	7.35240317e-05	7.42601872e-03
5.20019531e-02	7.38875369e-05	7.46315117e-03
5.20507813e-02	7.42528597e-05	7.50047089e-03
5.20996094e-02	7.46200093e-05	7.53797885e-03
5.21484375e-02	7.49889950e-05	7.57567599e-03
5.21972656e-02	7.53598261e-05	7.61356328e-03
5.22460938e-02	7.57325117e-05	7.65164168e-03
5.22949219e-02	7.61070614e-05	7.68991216e-03
5.23437500e-02	7.64834844e-05	7.72837569e-03
5.23925781e-02	7.68617903e-05	7.76703326e-03
5.24414063e-02	7.72419885e-05	7.80588586e-03
5.24902344e-02	7.76240886e-05	7.84493446e-03
5.25390625e-02	7.80081002e-05	7.88418007e-03
5.25878906e-02	7.83940329e-05	7.92362368e-03
5.26367188e-02	7.87818965e-05	7.96326630e-03
5.26855469e-02	7.91717006e-05	8.00310895e-03
5.27343750e-02	7.95634550e-05	8.04315263e-03
5.27832031e-02	7.99571696e-05	8.08339837e-03
5.28320313e-02	8.03528543e-05	8.12384719e-03
5.28808594e-02	8.07505190e-05	8.16450012e-03
5.29296875e-02	8.11501738e-05	8.20535820e-03
5.29785156e-02	8.15518286e-05	8.24642247e-03
5.30273438e-02	8.19554935e-05	8.28769399e-03
5.30761719e-02	8.23611788e-05	8.32917379e-03
5.31250000e-02	8.27688945e-05	8.37086294e-03
5.31738281e-02	8.31786510e-05	8.41276249e-03
5.32226562e-02	8.35904585e-05	8.45487353e-03
5.32714844e-02	8.40043274e-05	8.49719712e-03
5.33203125e-02	8.44202682e-05	8.53973435e-03
5.33691406e-02	8.48382911e-05	8.58248629e-03
5.34179688e-02	8.52584068e-05	8.62545403e-03
5.34667969e-02	8.56806259e-05	8.66863868e-03
5.35156250e-02	8.61049589e-05	8.71204134e-03
5.35644531e-02	8.65314165e-05	8.75566310e-03
5.36132813e-02	8.69600095e-05	8.79950509e-03
5.36621094e-02	8.73907486e-05	8.84356843e-03
5.37109375e-02	8.78236447e-05	8.88785423e-03
5.37597656e-02	8.82587086e-05	8.93236363e-03
5.38085938e-02	8.86959513e-05	8.97709776e-03
5.38574219e-02	8.91353838e-05	9.02205776e-03
5.39062500e-02	8.95770172e-05	9.06724479e-03
5.39550781e-02	9.00208625e-05	9.11265999e-03
5.40039063e-02	9.04669310e-05	9.15830452e-03
5.40527344e-02	9.09152338e-05	9.20417955e-03
5.41015625e-02	9.13657823e-05	9.25028626e-03
5.41503906e-02	9.18185878e-05	9.29662580e-03
5.41992188e-02	9.22736616e-05	9.34319938e-03
5.42480469e-02	9.27310153e-05	9.39000818e-03
5.42968750e-02	9.31906604e-05	9.43705339e-03
5.43457031e-02	9.36526084e-05	9.48433621e-03
5.43945313e-02	9.41168709e-05	9.53185785e-03
5.44433594e-02	9.45834597e-05	9.57961953e-03
5.44921875e-02	9.50523865e-05	9.62762247e-03
5.45410156e-02	9.55236631e-05	9.67586788e-03
5.45898438e-02	9.59973014e-05	9.72435700e-03
5.46386719e-02	9.64733134e-05	9.77309108e-03
5.46875000e-02	9.69517109e-05	9.82207135e-03
5.47363281e-02	9.74325061e-05	9.87129907e-03
5.47851563e-02	9.79157110e-05	9.92077549e-03
5.48339844e-02	9.84013379e-05	9.97050188e-03
5.48828125e-02	9.88893990e-05	1.00204795e-02
5.49316406e-02	9.93799065e-05	1.00707096e-02
5.49804688e-02	9.98728729e-05	1.01211936e-02
5.50292969e-02	1.00368311e-04	1.01719326e-02
5.50781250e-02	1.00866232e-04	1.02229280e-02
5.51269531e-02	1.01366650e-04	1.02741811e-02
5.51757812e-02	1.01869576e-04	1.03256932e-02
5.52246094e-02	1.02375024e-04	1.03774656e-02
5.52734375e-02	1.02883007e-04	1.04294997e-02
5.53222656e-02	1.03393537e-04	1.04817967e-02
5.53710938e-02	1.03906626e-04	1.05343580e-02
5.54199219e-02	1.04422289e-04	1.05871850e-02
5.54687500e-02	1.04940538e-04	1.06402789e-02
5.55175781e-02	1.05461385e-04	1.06936412e-02
5.55664063e-02	1.05984845e-04	1.07472733e-02
5.56152344e-02	1.06510930e-04	1.08011764e-02
5.56640625e-02	1.07039654e-04	1.08553520e-02
5.57128906e-02	1.07571030e-04	1.09098014e-02
5.57617188e-02	1.08105071e-04	1.09645261e-02
5.58105469e-02	1.08641791e-04	1.10195274e-02
5.58593750e-02	1.09181204e-04	1.10748068e-02
5.59082031e-02	1.09723322e-04	1.11303656e-02
5.59570313e-02	1.10268160e-04	1.11862054e-02
5.60058594e-02	1.10815732e-04	1.12423274e-02
5.60546875e-02	1.11366051e-04	1.12987332e-02
5.61035156e-02	1.11919131e-04	1.13554242e-02
5.61523438e-02	1.12474986e-04	1.14124018e-02
5.62011719e-02	1.13033630e-04	1.14696676e-02
5.62500000e-02	1.13595078e-04	1.15272229e-02
5.62988281e-02	1.14159343e-04	1.15850692e-02
5.63476563e-02	1.14726439e-04	1.16432080e-02
5.63964844e-02	1.15296382e-04	1.17016409e-02
5.64453125e-02	1.15869185e-04	1.17603692e-02
5.64941406e-02	1.16444863e-04	1.18193946e-02
5.65429688e-02	1.17023430e-04	1.18787185e-02
5.65917969e-02	1.17604901e-04	1.19383424e-02
5.66406250e-02	1.18189291e-04	1.19982678e-02
5.66894531e-02	1.18776614e-04	1.20584964e-02
5.67382813e-02	1.19366886e-04	1.21190296e-02
5.67871094e-02	1.19960121e-04	1.21798690e-02
5.68359375e-02	1.20556334e-04	1.22410161e-02
5.68847656e-02	1.21155540e-04	1.23024725e-02
5.69335938e-02	1.21757755e-04	1.23642398e-02
5.69824219e-02	1.22362993e-04	1.24263195e-02
5.70312500e-02	1.22971270e-04	1.24887134e-02
5.70800781e-02	1.23582602e-04	1.25514228e-02
5.71289062e-02	1.24197003e-04	1.26144495e-02
5.71777344e-02	1.24814489e-04	1.26777951e-02
5.72265625e-02	1.25435077e-04	1.27414612e-02
5.72753906e-02	1.26058781e-04	1.28054494e-02
5.73242188e-02	1.26685617e-04	1.28697613e-02
5.73730469e-02	1.27315601e-04	1.29343987e-02
5.74218750e-02	1.27948750e-04	1.29993631e-02
5.74707031e-02	1.28585078e-04	1.30646562e-02
5.75195313e-02	1.29224603e-04	1.31302798e-02
5.75683594e-02	1.29867340e-04	1.31962354e-02
5.76171875e-02	1.30513306e-04	1.32625248e-02
5.76660156e-02	1.31162517e-04	1.33291497e-02
5.77148438e-02	1.31814989e-04	1.33961117e-02
5.77636719e-02	1.32470739e-04	1.34634127e-02
5.78125000e-02	1.33129784e-04	1.35310542e-02
5.78613281e-02	1.33792139e-04	1.35990381e-02
5.79101563e-02	1.34457823e-04	1.36673661e-02
5.79589844e-02	1.35126852e-04	1.37360399e-02
5.80078125e-02	1.35799242e-04	1.38050614e-02
5.80566406e-02	1.36475011e-04	1.38744322e-02
5.81054688e-02	1.37154175e-04	1.39441542e-02
5.81542969e-02	1.37836753e-04	1.40142291e-02
5.82031250e-02	1.38522761e-04	1.40846587e-02
5.82519531e-02	1.39212217e-04	1.41554449e-02
5.83007813e-02	1.39905138e-04	1.42265894e-02
5.83496094e-02	1.40601541e-04	1.42980941e-02
5.83984375e-02	1.41301445e-04	1.43699609e-02
5.84472656e-02	1.42004866e-04	1.44421914e-02
5.84960938e-02	1.42711824e-04	1.45147877e-02
5.85449219e-02	1.43422335e-04	1.45877516e-02
5.85937500e-02	1.44136418e-04	1.46610849e-02
5.86425781e-02	1.44854091e-04	1.47347895e-02
5.86914063e-02	1.45575371e-04	1.48088673e-02
5.87402344e-02	1.46300278e-04	1.48833203e-02
5.87890625e-02	1.47028830e-04	1.49581503e-02
5.88378906e-02	1.47761044e-04	1.50333592e-02
5.88867188e-02	1.48496941e-04	1.51089490e-02
5.89355469e-02	1.49236537e-04	1.51849216e-02
5.89843750e-02	1.49979852e-04	1.52612789e-02
5.90332031e-02	1.50726906e-04	1.53380230e-02
5.90820312e-02	1.51477716e-04	1.54151557e-02
5.91308594e-02	1.52232302e-04	1.54926792e-02
5.91796875e-02	1.52990682e-04	1.55705952e-02
5.92285156e-02	1.53752877e-04	1.56489060e-02
5.92773438e-02	1.54518905e-04	1.57276134e-02
5.93261719e-02	1.55288787e-04	1.58067195e-02
5.93750000e-02	1.56062540e-04	1.58862263e-02
5.94238281e-02	1.56840186e-04	1.59661359e-02
5.94726563e-02	1.57621743e-04	1.60464502e-02
5.95214844e-02	1.58407232e-04	1.61271715e-02
5.95703125e-02	1.59196672e-04	1.62083017e-02
5.96191406e-02	1.59990084e-04	1.62898429e-02
5.96679688e-02	1.60787487e-04	1.63717972e-02
5.97167969e-02	1.61588902e-04	1.64541667e-02
5.97656250e-02	1.62394350e-04	1.65369536e-02
5.98144531e-02	1.63203849e-04	1.66201600e-02
5.98632813e-02	1.64017422e-04	1.67037879e-02
5.99121094e-02	1.64835089e-04	1.67878396e-02
5.99609375e-02	1.65656870e-04	1.68723172e-02
6.00097656e-02	1.66482787e-04	1.69572229e-02
6.00585938e-02	1.67312860e-04	1.70425589e-02
6.01074219e-02	1.68147110e-04	1.71283273e-02
6.01562500e-02	1.68985558e-04	1.72145303e-02
6.02050781e-02	1.69828227e-04	1.73011702e-02
6.02539063e-02	1.70675136e-04	1.73882492e-02
6.03027344e-02	1.71526309e-04	1.74757695e-02
6.03515625e-02	1.72381765e-04	1.75637334e-02
6.04003906e-02	1.73241528e-04	1.76521432e-02
6.04492188e-02	1.74105618e-04	1.77410010e-02
6.04980469e-02	1.74974059e-04	1.78303093e-02
6.05468750e-02	1.75846871e-04	1.79200702e-02
6.05957031e-02	1.76724077e-04	1.80102861e-02
6.06445313e-02	1.77605699e-04	1.81009594e-02
6.06933594e-02	1.78491760e-04	1.81920922e-02
6.07421875e-02	1.79382282e-04	1.82836871e-02
6.07910156e-02	1.80277287e-04	1.83757463e-02
6.08398438e-02	1.81176799e-04	1.84682722e-02
6.08886719e-02	1.82080841e-04	1.85612672e-02
6.09375000e-02	1.82989435e-04	1.86547337e-02
6.09863281e-02	1.83902604e-04	1.87486740e-02
6.10351562e-02	1.84820372e-04	1.88430907e-02
6.10839844e-02	1.85742761e-04	1.89379860e-02
6.11328125e-02	1.86669796e-04	1.90333625e-02
6.11816406e-02	1.87601500e-04	1.91292227e-02
6.12304688e-02	1.88537896e-04	1.92255689e-02
6.12792969e-02	1.89479009e-04	1.93224036e-02
6.13281250e-02	1.90424862e-04	1.94197294e-02
6.13769531e-02	1.91375479e-04	1.95175488e-02
6.14257813e-02	1.92330884e-04	1.96158642e-02
6.14746094e-02	1.93291103e-04	1.97146782e-02
6.15234375e-02	1.94256158e-04	1.98139934e-02
6.15722656e-02	1.95226075e-04	1.99138122e-02
6.16210938e-02	1.96200879e-04	2.00141373e-02
6.16699219e-02	1.97180593e-04	2.01149712e-02
6.17187500e-02	1.98165244e-04	2.02163166e-02
6.17675781e-02	1.99154855e-04	2.03181760e-02
6.18164063e-02	2.00149453e-04	2.04205520e-02
6.18652344e-02	2.01149063e-04	2.05234474e-02
6.19140625e-02	2.02153709e-04	2.06268647e-02
6.19628906e-02	2.03163418e-04	2.07308066e-02
6.20117188e-02	2.04178215e-04	2.08352757e-02
6.20605469e-02	2.05198125e-04	2.09402749e-02
6.21093750e-02	2.06223176e-04	2.10458067e-02
6.21582031e-02	2.07253393e-04	2.11518738e-02
6.22070313e-02	2.08288802e-04	2.12584791e-02
6.22558594e-02	2.09329430e-04	2.13656253e-02
6.23046875e-02	2.10375302e-04	2.14733151e-02
6.23535156e-02	2.11426446e-04	2.15815512e-02
6.24023438e-02	2.12482889e-04	2.16903365e-02
6.24511719e-02	2.13544657e-04	2.17996739e-02
6.25000000e-02	2.14611777e-04	2.19095659e-02
6.25488281e-02	2.15684277e-04	2.20200157e-02
6.25976563e-02	2.16762183e-04	2.21310258e-02
6.26464844e-02	2.17845523e-04	2.22425993e-02
6.26953125e-02	2.18934325e-04	2.23547390e-02
6.27441406e-02	2.20028617e-04	2.24674478e-02
6.27929687e-02	2.21128426e-04	2.25807285e-02
6.28417969e-02	2.22233780e-04	2.26945842e-02
6.28906250e-02	2.23344708e-04	2.28090177e-02
6.29394531e-02	2.24461238e-04	2.29240320e-02
6.29882812e-02	2.25583397e-04	2.30396300e-02
6.30371094e-02	2.26711216e-04	2.31558147e-02
6.30859375e-02	2.27844722e-04	2.32725892e-02
6.31347656e-02	2.28983944e-04	2.33899563e-02
6.31835938e-02	2.30128912e-04	2.35079193e-02
6.32324219e-02	2.31279654e-04	2.36264810e-02
6.32812500e-02	2.32436200e-04	2.37456445e-02
6.33300781e-02	2.33598579e-04	2.38654130e-02
6.33789063e-02	2.34766822e-04	2.39857894e-02
6.34277344e-02	2.35940957e-04	2.41067770e-02
6.34765625e-02	2.37121014e-04	2.42283787e-02
6.35253906e-02	2.38307024e-04	2.43505978e-02
6.35742188e-02	2.39499017e-04	2.44734375e-02
6.36230469e-02	2.40697024e-04	2.45969007e-02
6.36718750e-02	2.41901074e-04	2.47209909e-02
6.37207031e-02	2.43111198e-04	2.48457110e-02
6.37695312e-02	2.44327428e-04	2.49710645e-02
6.38183594e-02	2.45549794e-04	2.50970544e-02
6.38671875e-02	2.46778328e-04	2.52236840e-02
6.39160156e-02	2.48013060e-04	2.53509567e-02
6.39648438e-02	2.49254023e-04	2.54788756e-02
6.40136719e-02	2.50501248e-04	2.56074442e-02
6.40625000e-02	2.51754766e-04	2.57366656e-02
6.41113281e-02	2.53014610e-04	2.58665433e-02
6.41601563e-02	2.54280812e-04	2.59970805e-02
6.42089844e-02	2.55553404e-04	2.61282807e-02
6.42578125e-02	2.56832418e-04	2.62601472e-02
6.43066406e-02	2.58117887e-04	2.63926834e-02
6.43554688e-02	2.59409845e-04	2.65258928e-02
6.44042969e-02	2.60708323e-04	2.66597788e-02
6.44531250e-02	2.62013355e-04	2.67943448e-02
6.45019531e-02	2.63324975e-04	2.69295943e-02
6.45507813e-02	2.64643215e-04	2.70655308e-02
6.45996094e-02	2.65968110e-04	2.72021578e-02
6.46484375e-02	2.67299693e-04	2.73394788e-02
6.46972656e-02	2.68637998e-04	2.74774974e-02
6.47460937e-02	2.69983060e-04	2.76162172e-02
6.47949219e-02	2.71334912e-04	2.77556416e-02
6.48437500e-02	2.72693589e-04	2.78957744e-02
6.48925781e-02	2.74059126e-04	2.80366190e-02
6.49414062e-02	2.75431557e-04	2.81781793e-02
6.49902344e-02	2.76810919e-04	2.83204587e-02
6.50390625e-02	2.78197245e-04	2.84634610e-02
6.50878906e-02	2.79590571e-04	2.86071899e-02
6.51367188e-02	2.80990933e-04	2.87516491e-02
6.51855469e-02	2.82398367e-04	2.88968423e-02
6.52343750e-02	2.83812909e-04	2.90427732e-02
6.52832031e-02	2.85234594e-04	2.91894456e-02
6.53320313e-02	2.86663459e-04	2.93368634e-02
6.53808594e-02	2.88099540e-04	2.94850303e-02
6.54296875e-02	2.89542875e-04	2.96339501e-02
6.54785156e-02	2.90993499e-04	2.97836267e-02
6.55273438e-02	2.92451450e-04	2.99340640e-02
6.55761719e-02	2.93916766e-04	3.00852658e-02
6.56250000e-02	2.95389483e-04	3.02372360e-02
6.56738281e-02	2.96869640e-04	3.03899786e-02
6.57226562e-02	2.98357274e-04	3.05434975e-02
6.57714844e-02	2.99852423e-04	3.06977967e-02
6.58203125e-02	3.01355125e-04	3.08528801e-02
6.58691406e-02	3.02865418e-04	3.10087517e-02
6.59179688e-02	3.04383342e-04	3.11654157e-02
6.59667969e-02	3.05908935e-04	3.13228760e-02
6.60156250e-02	3.07442237e-04	3.14811367e-02
6.60644531e-02	3.08983285e-04	3.16402019e-02
6.61132813e-02	3.10532120e-04	3.18000756e-02
6.61621094e-02	3.12088781e-04	3.19607621e-02
6.62109375e-02	3.13653308e-04	3.21222655e-02
6.62597656e-02	3.15225741e-04	3.22845899e-02
6.63085938e-02	3.16806120e-04	3.24477396e-02
6.63574219e-02	3.18394486e-04	3.26117187e-02
6.64062500e-02	3.19990878e-04	3.27765315e-02
6.64550781e-02	3.21595339e-04	3.29421823e-02
6.65039063e-02	3.23207909e-04	3.31086753e-02
6.65527344e-02	3.24828629e-04	3.32760148e-02
6.66015625e-02	3.26457541e-04	3.34442052e-02
6.66503906e-02	3.28094686e-04	3.36132508e-02
6.66992187e-02	3.29740106e-04	3.37831560e-02
6.67480469e-02	3.31393843e-04	3.39539252e-02
6.67968750e-02	3.33055940e-04	3.41255627e-02
6.68457031e-02	3.34726439e-04	3.42980730e-02
6.68945312e-02	3.36405382e-04	3.44714606e-02
6.69433594e-02	3.38092814e-04	3.46457300e-02
6.69921875e-02	3.39788776e-04	3.48208857e-02
6.70410156e-02	3.41493313e-04	3.49969321e-02
6.70898438e-02	3.43206467e-04	3.51738739e-02
6.71386719e-02	3.44928283e-04	3.53517156e-02
6.71875000e-02	3.46658805e-04	3.55304618e-02
6.72363281e-02	3.48398077e-04	3.57101171e-02
6.72851563e-02	3.50146144e-04	3.58906862e-02
6.73339844e-02	3.51903049e-04	3.60721738e-02
6.73828125e-02	3.53668839e-04	3.62545846e-02
6.74316406e-02	3.55443559e-04	3.64379231e-02
6.74804688e-02	3.57227253e-04	3.66221943e-02
6.75292969e-02	3.59019968e-04	3.68074029e-02
6.75781250e-02	3.60821749e-04	3.69935536e-02
6.76269531e-02	3.62632643e-04	3.71806513e-02
6.76757812e-02	3.64452695e-04	3.73687009e-02
6.77246094e-02	3.66281953e-04	3.75577071e-02
6.77734375e-02	3.68120464e-04	3.77476748e-02
6.78222656e-02	3.69968273e-04	3.79386091e-02
6.78710938e-02	3.71825430e-04	3.81305148e-02
6.79199219e-02	3.73691980e-04	3.83233968e-02
6.79687500e-02	3.75567973e-04	3.85172603e-02
6.80175781e-02	3.77453455e-04	3.87121101e-02
6.80664063e-02	3.79348477e-04	3.89079514e-02
6.81152344e-02	3.81253084e-04	3.91047891e-02
6.81640625e-02	3.83167328e-04	3.93026285e-02
6.82128906e-02	3.85091256e-04	3.95014746e-02
6.82617188e-02	3.87024919e-04	3.97013326e-02
6.83105469e-02	3.88968364e-04	3.99022076e-02
6.83593750e-02	3.90921644e-04	4.01041048e-02
6.84082031e-02	3.92884806e-04	4.03070295e-02
6.84570313e-02	3.94857902e-04	4.05109869e-02
6.85058594e-02	3.96840982e-04	4.07159823e-02
6.85546875e-02	3.98834098e-04	4.09220210e-02
6.86035156e-02	4.00837299e-04	4.11291083e-02
6.86523437e-02	4.02850638e-04	4.13372496e-02
6.87011719e-02	4.04874166e-04	4.15464503e-02
6.87500000e-02	4.06907934e-04	4.17567158e-02
6.87988281e-02	4.08951996e-04	4.19680516e-02
6.88476562e-02	4.11006403e-04	4.21804630e-02
6.88964844e-02	4.13071208e-04	4.23939557e-02
6.89453125e-02	4.15146465e-04	4.26085352e-02
6.89941406e-02	4.17232225e-04	4.28242069e-02
6.90429688e-02	4.19328543e-04	4.30409765e-02
6.90917969e-02	4.21435472e-04	4.32588496e-02
6.91406250e-02	4.23553067e-04	4.34778319e-02
6.91894531e-02	4.25681381e-04	4.36979289e-02
6.92382813e-02	4.27820470e-04	4.39191465e-02
6.92871094e-02	4.29970388e-04	4.41414903e-02
6.93359375e-02	4.32131190e-04	4.43649662e-02
6.93847656e-02	4.34302932e-04	4.45895798e-02
6.94335938e-02	4.36485669e-04	4.48153370e-02
6.94824219e-02	4.38679458e-04	4.50422437e-02
6.95312500e-02	4.40884354e-04	4.52703058e-02
6.95800781e-02	4.43100414e-04	4.54995291e-02
6.96289062e-02	4.45327696e-04	4.57299195e-02
6.96777344e-02	4.47566256e-04	4.59614832e-02
6.97265625e-02	4.49816151e-04	4.61942259e-02
6.97753906e-02	4.52077439e-04	4.64281539e-02
6.98242188e-02	4.54350179e-04	4.66632732e-02
6.98730469e-02	4.56634429e-04	4.68995897e-02
6.99218750e-02	4.58930247e-04	4.71371098e-02
6.99707031e-02	4.61237692e-04	4.73758394e-02
7.00195313e-02	4.63556823e-04	4.76157849e-02
7.00683594e-02	4.65887701e-04	4.78569524e-02
7.01171875e-02	4.68230384e-04	4.80993482e-02
7.01660156e-02	4.70584933e-04	4.83429785e-02
7.02148438e-02	4.72951408e-04	4.85878498e-02
7.02636719e-02	4.75329870e-04	4.88339682e-02
7.03125000e-02	4.77720381e-04	4.90813403e-02
7.03613281e-02	4.80123001e-04	4.93299724e-02
7.04101563e-02	4.82537792e-04	4.95798709e-02
7.04589844e-02	4.84964816e-04	4.98310424e-02
7.05078125e-02	4.87404136e-04	5.00834934e-02
7.05566406e-02	4.89855814e-04	5.03372304e-02
7.06054687e-02	4.92319913e-04	5.05922599e-02
7.06542969e-02	4.94796496e-04	5.08485887e-02
7.07031250e-02	4.97285627e-04	5.11062233e-02
7.07519531e-02	4.99787370e-04	5.13651704e-02
7.08007812e-02	5.02301789e-04	5.16254368e-02
7.08496094e-02	5.04828949e-04	5.18870291e-02
7.08984375e-02	5.07368914e-04	5.21499543e-02
7.09472656e-02	5.09921751e-04	5.24142190e-02
7.09960938e-02	5.12487523e-04	5.26798302e-02
7.10449219e-02	5.15066298e-04	5.29467947e-02
7.10937500e-02	5.17658142e-04	5.32151195e-02
7.11425781e-02	5.20263121e-04	5.34848116e-02
7.11914063e-02	5.22881302e-04	5.37558778e-02
7.12402344e-02	5.25512752e-04	5.40283253e-02
7.12890625e-02	5.28157539e-04	5.43021612e-02
7.13378906e-02	5.30815731e-04	5.45773925e-02
7.13867188e-02	5.33487397e-04	5.48540263e-02
7.14355469e-02	5.36172604e-04	5.51320699e-02
7.14843750e-02	5.38871423e-04	5.54115305e-02
7.15332031e-02	5.41583921e-04	5.56924153e-02
7.15820312e-02	5.44310170e-04	5.59747316e-02
7.16308594e-02	5.47050239e-04	5.62584867e-02
7.16796875e-02	5.49804198e-04	5.65436881e-02
7.17285156e-02	5.52572119e-04	5.68303430e-02
7.17773438e-02	5.55354072e-04	5.71184590e-02
7.18261719e-02	5.58150129e-04	5.74080435e-02
7.18750000e-02	5.60960362e-04	5.76991040e-02
7.19238281e-02	5.63784844e-04	5.79916481e-02
7.19726563e-02	5.66623646e-04	5.82856835e-02
7.20214844e-02	5.69476841e-04	5.85812176e-02
7.20703125e-02	5.72344504e-04	5.88782582e-02
7.21191406e-02	5.75226708e-04	5.91768131e-02
7.21679688e-02	5.78123527e-04	5.94768899e-02
7.22167969e-02	5.81035036e-04	5.97784964e-02
7.22656250e-02	5.83961309e-04	6.00816406e-02
7.23144531e-02	5.86902421e-04	6.03863301e-02
7.23632813e-02	5.89858449e-04	6.06925731e-02
7.24121094e-02	5.92829468e-04	6.10003773e-02
7.24609375e-02	5.95815555e-04	6.13097509e-02
7.25097656e-02	5.98816787e-04	6.16207018e-02
7.25585937e-02	6.01833241e-04	6.19332382e-02
7.26074219e-02	6.04864994e-04	6.22473680e-02
7.26562500e-02	6.07912124e-04	6.25630996e-02
7.27050781e-02	6.10974711e-04	6.28804411e-02
7.27539062e-02	6.14052832e-04	6.31994007e-02
7.28027344e-02	6.17146567e-04	6.35199868e-02
7.28515625e-02	6.20255996e-04	6.38422076e-02
7.29003906e-02	6.23381198e-04	6.41660715e-02
7.29492188e-02	6.26522254e-04	6.44915869e-02
7.29980469e-02	6.29679245e-04	6.48187624e-02
7.30468750e-02	6.32852252e-04	6.51476064e-02
7.30957031e-02	6.36041357e-04	6.54781274e-02
7.31445313e-02	6.39246641e-04	6.58103340e-02
7.31933594e-02	6.42468188e-04	6.61442349e-02
7.32421875e-02	6.45706081e-04	6.64798388e-02
7.32910156e-02	6.48960402e-04	6.68171543e-02
7.33398438e-02	6.52231236e-04	6.71561902e-02
7.33886719e-02	6.55518666e-04	6.74969554e-02
7.34375000e-02	6.58822778e-04	6.78394587e-02
7.34863281e-02	6.62143656e-04	6.81837089e-02
7.35351562e-02	6.65481386e-04	6.85297151e-02
7.35839844e-02	6.68836054e-04	6.88774863e-02
7.36328125e-02	6.72207746e-04	6.92270314e-02
7.36816406e-02	6.75596550e-04	6.95783596e-02
7.37304688e-02	6.79002552e-04	6.99314800e-02
7.37792969e-02	6.82425840e-04	7.02864018e-02
7.38281250e-02	6.85866502e-04	7.06431341e-02
7.38769531e-02	6.89324628e-04	7.10016864e-02
7.39257813e-02	6.92800305e-04	7.13620679e-02
7.39746094e-02	6.96293625e-04	7.17242879e-02
7.40234375e-02	6.99804675e-04	7.20883559e-02
7.40722656e-02	7.03333548e-04	7.24542814e-02
7.41210938e-02	7.06880334e-04	7.28220739e-02
7.41699219e-02	7.10445125e-04	7.31917429e-02
7.42187500e-02	7.14028012e-04	7.35632980e-02
7.42675781e-02	7.17629087e-04	7.39367490e-02
7.43164063e-02	7.21248444e-04	7.43121055e-02
7.43652344e-02	7.24886175e-04	7.46893772e-02
7.44140625e-02	7.28542375e-04	7.50685741e-02
7.44628906e-02	7.32217138e-04	7.54497060e-02
7.45117187e-02	7.35910558e-04	7.58327827e-02
7.45605469e-02	7.39622731e-04	7.62178143e-02
7.46093750e-02	7.43353752e-04	7.66048107e-02
7.46582031e-02	7.47103718e-04	7.69937820e-02
7.47070312e-02	7.50872724e-04	7.73847385e-02
7.47558594e-02	7.54660870e-04	7.77776901e-02
7.48046875e-02	7.58468251e-04	7.81726472e-02
7.48535156e-02	7.62294966e-04	7.85696199e-02
7.49023438e-02	7.66141115e-04	7.89686188e-02
7.49511719e-02	7.70006795e-04	7.93696540e-02
7.50000000e-02	7.73892108e-04	7.97727362e-02
7.50488281e-02	7.77797152e-04	8.01778757e-02
7.50976563e-02	7.81722029e-04	8.05850830e-02
7.51464844e-02	7.85666840e-04	8.09943689e-02
7.51953125e-02	7.89631686e-04	8.14057440e-02
7.52441406e-02	7.93616671e-04	8.18192188e-02
7.52929688e-02	7.97621896e-04	8.22348043e-02
7.53417969e-02	8.01647465e-04	8.26525113e-02
7.53906250e-02	8.05693482e-04	8.30723505e-02
7.54394531e-02	8.09760052e-04	8.34943330e-02
7.54882813e-02	8.13847278e-04	8.39184696e-02
7.55371094e-02	8.17955267e-04	8.43447716e-02
7.55859375e-02	8.22084125e-04	8.47732499e-02
7.56347656e-02	8.26233959e-04	8.52039157e-02
7.56835938e-02	8.30404874e-04	8.56367802e-02
7.57324219e-02	8.34596979e-04	8.60718548e-02
7.57812500e-02	8.38810383e-04	8.65091506e-02
7.58300781e-02	8.43045193e-04	8.69486792e-02
7.58789063e-02	8.47301519e-04	8.73904519e-02
7.59277344e-02	8.51579472e-04	8.78344803e-02
7.59765625e-02	8.55879161e-04	8.82807759e-02
7.60253906e-02	8.60200697e-04	8.87293503e-02
7.60742188e-02	8.64544192e-04	8.91802153e-02
7.61230469e-02	8.68909759e-04	8.96333826e-02
7.61718750e-02	8.73297509e-04	9.00888639e-02
7.62207031e-02	8.77707556e-04	9.05466711e-02
7.62695313e-02	8.82140014e-04	9.10068162e-02
7.63183594e-02	8.86594998e-04	9.14693111e-02
7.63671875e-02	8.91072622e-04	9.19341680e-02
7.64160156e-02	8.95573002e-04	9.24013988e-02
7.64648438e-02	9.00096254e-04	9.28710158e-02
7.65136719e-02	9.04642496e-04	9.33430312e-02
7.65625000e-02	9.09211843e-04	9.38174573e-02
7.66113281e-02	9.13804416e-04	9.42943065e-02
7.66601562e-02	9.18420331e-04	9.47735911e-02
7.67089844e-02	9.23059709e-04	9.52553238e-02
7.67578125e-02	9.27722669e-04	9.57395169e-02
7.68066406e-02	9.32409332e-04	9.62261833e-02
7.68554688e-02	9.37119818e-04	9.67153354e-02
7.69042969e-02	9.41854250e-04	9.72069861e-02
7.69531250e-02	9.46612749e-04	9.77011482e-02
7.70019531e-02	9.51395439e-04	9.81978345e-02
7.70507813e-02	9.56202443e-04	9.86970581e-02
7.70996094e-02	9.61033886e-04	9.91988319e-02
7.71484375e-02	9.65889892e-04	9.97031689e-02
7.71972656e-02	9.70770586e-04	1.00210082e-01
7.72460938e-02	9.75676096e-04	1.00719586e-01
7.72949219e-02	9.80606547e-04	1.01231692e-01
7.73437500e-02	9.85562067e-04	1.01746414e-01
7.73925781e-02	9.90542784e-04	1.02263766e-01
7.74414063e-02	9.95548828e-04	1.02783761e-01
7.74902344e-02	1.00058033e-03	1.03306414e-01
7.75390625e-02	1.00563741e-03	1.03831736e-01
7.75878906e-02	1.01072021e-03	1.04359742e-01
7.76367188e-02	1.01582886e-03	1.04890447e-01
7.76855469e-02	1.02096348e-03	1.05423863e-01
7.77343750e-02	1.02612422e-03	1.05960004e-01
7.77832031e-02	1.03131121e-03	1.06498885e-01
7.78320313e-02	1.03652457e-03	1.07040520e-01
7.78808594e-02	1.04176445e-03	1.07584923e-01
7.79296875e-02	1.04703098e-03	1.08132107e-01
7.79785156e-02	1.05232429e-03	1.08682088e-01
7.80273438e-02	1.05764453e-03	1.09234879e-01
7.80761719e-02	1.06299183e-03	1.09790495e-01
7.81250000e-02	1.06836633e-03	1.10348951e-01
7.81738281e-02	1.07376817e-03	1.10910260e-01
7.82226563e-02	1.07919748e-03	1.11474438e-01
7.82714844e-02	1.08465441e-03	1.12041500e-01
7.83203125e-02	1.09013910e-03	1.12611460e-01
7.83691406e-02	1.09565170e-03	1.13184333e-01
7.84179688e-02	1.10119233e-03	1.13760134e-01
7.84667969e-02	1.10676116e-03	1.14338878e-01
7.85156250e-02	1.11235831e-03	1.14920580e-01
7.85644531e-02	1.11798394e-03	1.15505255e-01
7.86132812e-02	1.12363819e-03	1.16092919e-01
7.86621094e-02	1.12932121e-03	1.16683587e-01
7.87109375e-02	1.13503315e-03	1.17277274e-01
7.87597656e-02	1.14077415e-03	1.17873995e-01
7.88085938e-02	1.14654436e-03	1.18473768e-01
7.88574219e-02	1.15234393e-03	1.19076606e-01
7.89062500e-02	1.15817301e-03	1.19682526e-01
7.89550781e-02	1.16403175e-03	1.20291543e-01
7.90039063e-02	1.16992030e-03	1.20903674e-01
7.90527344e-02	1.17583882e-03	1.21518934e-01
7.91015625e-02	1.18178746e-03	1.22137340e-01
7.91503906e-02	1.18776638e-03	1.22758908e-01
7.91992188e-02	1.19377572e-03	1.23383653e-01
7.92480469e-02	1.19981564e-03	1.24011592e-01
7.92968750e-02	1.20588630e-03	1.24642742e-01
7.93457031e-02	1.21198786e-03	1.25277119e-01
7.93945313e-02	1.21812047e-03	1.25914740e-01
7.94433594e-02	1.22428430e-03	1.26555621e-01
7.94921875e-02	1.23047950e-03	1.27199779e-01
7.95410156e-02	1.23670624e-03	1.27847230e-01
7.95898438e-02	1.24296466e-03	1.28497992e-01
7.96386719e-02	1.24925495e-03	1.29152082e-01
7.96875000e-02	1.25557725e-03	1.29809517e-01
7.97363281e-02	1.26193174e-03	1.30470314e-01
7.97851563e-02	1.26831858e-03	1.31134490e-01
7.98339844e-02	1.27473793e-03	1.31802062e-01
7.98828125e-02	1.28118996e-03	1.32473048e-01
7.99316406e-02	1.28767483e-03	1.33147466e-01
7.99804688e-02	1.29419272e-03	1.33825333e-01
8.00292969e-02	1.30074380e-03	1.34506667e-01
8.00781250e-02	1.30732822e-03	1.35191485e-01
8.01269531e-02	1.31394618e-03	1.35879806e-01
8.01757813e-02	1.32059782e-03	1.36571647e-01
8.02246094e-02	1.32728334e-03	1.37267027e-01
8.02734375e-02	1.33400289e-03	1.37965963e-01
8.03222656e-02	1.34075666e-03	1.38668475e-01
8.03710938e-02	1.34754482e-03	1.39374580e-01
8.04199219e-02	1.35436755e-03	1.40084296e-01
8.04687500e-02	1.36122502e-03	1.40797643e-01
8.05175781e-02	1.36811741e-03	1.41514639e-01
8.05664062e-02	1.37504490e-03	1.42235302e-01
8.06152344e-02	1.38200766e-03	1.42959652e-01
8.06640625e-02	1.38900589e-03	1.43687708e-01
8.07128906e-02	1.39603976e-03	1.44419488e-01
8.07617188e-02	1.40310945e-03	1.45155011e-01
8.08105469e-02	1.41021514e-03	1.45894297e-01
8.08593750e-02	1.41735703e-03	1.46637366e-01
8.09082031e-02	1.42453529e-03	1.47384236e-01
8.09570313e-02	1.43175012e-03	1.48134927e-01
8.10058594e-02	1.43900169e-03	1.48889458e-01
8.10546875e-02	1.44629020e-03	1.49647851e-01
8.11035156e-02	1.45361583e-03	1.50410123e-01
8.11523438e-02	1.46097878e-03	1.51176295e-01
8.12011719e-02	1.46837924e-03	1.51946388e-01
8.12500000e-02	1.47581739e-03	1.52720421e-01
8.12988281e-02	1.48329344e-03	1.53498415e-01
8.13476563e-02	1.49080757e-03	1.54280389e-01
8.13964844e-02	1.49835998e-03	1.55066365e-01
8.14453125e-02	1.50595086e-03	1.55856362e-01
8.14941406e-02	1.51358042e-03	1.56650402e-01
8.15429688e-02	1.52124885e-03	1.57448506e-01
8.15917969e-02	1.52895635e-03	1.58250693e-01
8.16406250e-02	1.53670312e-03	1.59056986e-01
8.16894531e-02	1.54448936e-03	1.59867405e-01
8.17382813e-02	1.55231528e-03	1.60681971e-01
8.17871094e-02	1.56018107e-03	1.61500707e-01
8.18359375e-02	1.56808693e-03	1.62323632e-01
8.18847656e-02	1.57603309e-03	1.63150769e-01
8.19335938e-02	1.58401973e-03	1.63982139e-01
8.19824219e-02	1.59204707e-03	1.64817764e-01
8.20312500e-02	1.60011532e-03	1.65657666e-01
8.20800781e-02	1.60822468e-03	1.66501867e-01
8.21289063e-02	1.61637537e-03	1.67350389e-01
8.21777344e-02	1.62456760e-03	1.68203253e-01
8.22265625e-02	1.63280158e-03	1.69060484e-01
8.22753906e-02	1.64107752e-03	1.69922102e-01
8.23242188e-02	1.64939564e-03	1.70788131e-01
8.23730469e-02	1.65775616e-03	1.71658592e-01
8.24218750e-02	1.66615928e-03	1.72533510e-01
8.24707031e-02	1.67460524e-03	1.73412906e-01
8.25195312e-02	1.68309425e-03	1.74296804e-01
8.25683594e-02	1.69162652e-03	1.75185227e-01
8.26171875e-02	1.70020229e-03	1.76078198e-01
8.26660156e-02	1.70882177e-03	1.76975740e-01
8.27148438e-02	1.71748519e-03	1.77877877e-01
8.27636719e-02	1.72619277e-03	1.78784633e-01
8.28125000e-02	1.73494474e-03	1.79696031e-01
8.28613281e-02	1.74374132e-03	1.80612095e-01
8.29101563e-02	1.75258275e-03	1.81532850e-01
8.29589844e-02	1.76146926e-03	1.82458318e-01
8.30078125e-02	1.77040106e-03	1.83388525e-01
8.30566406e-02	1.77937841e-03	1.84323495e-01
8.31054688e-02	1.78840152e-03	1.85263252e-01
8.31542969e-02	1.79747064e-03	1.86207821e-01
8.32031250e-02	1.80658600e-03	1.87157227e-01
8.32519531e-02	1.81574783e-03	1.88111494e-01
8.33007813e-02	1.82495638e-03	1.89070647e-01
8.33496094e-02	1.83421188e-03	1.90034712e-01
8.33984375e-02	1.84351458e-03	1.91003713e-01
8.34472656e-02	1.85286471e-03	1.91977677e-01
8.34960938e-02	1.86226252e-03	1.92956628e-01
8.35449219e-02	1.87170825e-03	1.93940593e-01
8.35937500e-02	1.88120215e-03	1.94929597e-01
8.36425781e-02	1.89074447e-03	1.95923665e-01
8.36914063e-02	1.90033545e-03	1.96922825e-01
8.37402344e-02	1.90997534e-03	1.97927101e-01
8.37890625e-02	1.91966439e-03	1.98936521e-01
8.38378906e-02	1.92940286e-03	1.99951111e-01
8.38867188e-02	1.93919100e-03	2.00970897e-01
8.39355469e-02	1.94902905e-03	2.01995906e-01
8.39843750e-02	1.95891729e-03	2.03026166e-01
8.40332031e-02	1.96885596e-03	2.04061702e-01
8.40820313e-02	1.97884532e-03	2.05102542e-01
8.41308594e-02	1.98888563e-03	2.06148714e-01
8.41796875e-02	1.99897716e-03	2.07200244e-01
8.42285156e-02	2.00912016e-03	2.08257161e-01
8.42773438e-02	2.01931490e-03	2.09319491e-01
8.43261719e-02	2.02956165e-03	2.10387264e-01
8.43750000e-02	2.03986067e-03	2.11460506e-01
8.44238281e-02	2.05021222e-03	2.12539246e-01
8.44726562e-02	2.06061659e-03	2.13623512e-01
8.45214844e-02	2.07107403e-03	2.14713333e-01
8.45703125e-02	2.08158482e-03	2.15808737e-01
8.46191406e-02	2.09214924e-03	2.16909752e-01
8.46679688e-02	2.10276755e-03	2.18016409e-01
8.47167969e-02	2.11344004e-03	2.19128735e-01
8.47656250e-02	2.12416698e-03	2.20246759e-01
8.48144531e-02	2.13494866e-03	2.21370512e-01
8.48632813e-02	2.14578534e-03	2.22500023e-01
8.49121094e-02	2.15667732e-03	2.23635320e-01
8.49609375e-02	2.16762487e-03	2.24776434e-01
8.50097656e-02	2.17862828e-03	2.25923396e-01
8.50585938e-02	2.18968784e-03	2.27076234e-01
8.51074219e-02	2.20080384e-03	2.28234979e-01
8.51562500e-02	2.21197656e-03	2.29399662e-01
8.52050781e-02	2.22320630e-03	2.30570312e-01
8.52539063e-02	2.23449334e-03	2.31746961e-01
8.53027344e-02	2.24583798e-03	2.32929640e-01
8.53515625e-02	2.25724052e-03	2.34118379e-01
8.54003906e-02	2.26870125e-03	2.35313210e-01
8.54492188e-02	2.28022048e-03	2.36514164e-01
8.54980469e-02	2.29179849e-03	2.37721273e-01
8.55468750e-02	2.30343560e-03	2.38934567e-01
8.55957031e-02	2.31513210e-03	2.40154080e-01
8.56445313e-02	2.32688830e-03	2.41379842e-01
8.56933594e-02	2.33870450e-03	2.42611887e-01
8.57421875e-02	2.35058102e-03	2.43850245e-01
8.57910156e-02	2.36251816e-03	2.45094951e-01
8.58398438e-02	2.37451623e-03	2.46346036e-01
8.58886719e-02	2.38657554e-03	2.47603534e-01
8.59375000e-02	2.39869642e-03	2.48867476e-01
8.59863281e-02	2.41087916e-03	2.50137897e-01
8.60351563e-02	2.42312410e-03	2.51414830e-01
8.60839844e-02	2.43543155e-03	2.52698308e-01
8.61328125e-02	2.44780183e-03	2.53988365e-01
8.61816406e-02	2.46023527e-03	2.55285034e-01
8.62304688e-02	2.47273218e-03	2.56588351e-01
8.62792969e-02	2.48529289e-03	2.57898348e-01
8.63281250e-02	2.49791772e-03	2.59215060e-01
8.63769531e-02	2.51060702e-03	2.60538523e-01
8.64257812e-02	2.52336111e-03	2.61868769e-01
8.64746094e-02	2.53618031e-03	2.63205836e-01
8.65234375e-02	2.54906497e-03	2.64549756e-01
8.65722656e-02	2.56201541e-03	2.65900567e-01
8.66210938e-02	2.57503199e-03	2.67258303e-01
8.66699219e-02	2.58811503e-03	2.68622999e-01
8.67187500e-02	2.60126487e-03	2.69994692e-01
8.67675781e-02	2.61448187e-03	2.71373418e-01
8.68164063e-02	2.62776636e-03	2.72759213e-01
8.68652344e-02	2.64111868e-03	2.74152112e-01
8.69140625e-02	2.65453920e-03	2.75552154e-01
8.69628906e-02	2.66802825e-03	2.76959374e-01
8.70117188e-02	2.68158619e-03	2.78373809e-01
8.70605469e-02	2.69521337e-03	2.79795497e-01
8.71093750e-02	2.70891015e-03	2.81224474e-01
8.71582031e-02	2.72267688e-03	2.82660779e-01
8.72070313e-02	2.73651392e-03	2.84104449e-01
8.72558594e-02	2.75042163e-03	2.85555522e-01
8.73046875e-02	2.76440038e-03	2.87014036e-01
8.73535156e-02	2.77845053e-03	2.88480029e-01
8.74023438e-02	2.79257244e-03	2.89953540e-01
8.74511719e-02	2.80676649e-03	2.91434608e-01
8.75000000e-02	2.82103304e-03	2.92923270e-01
8.75488281e-02	2.83537246e-03	2.94419568e-01
8.75976563e-02	2.84978514e-03	2.95923538e-01
8.76464844e-02	2.86427143e-03	2.97435222e-01
8.76953125e-02	2.87883173e-03	2.98954659e-01
8.77441406e-02	2.89346642e-03	3.00481889e-01
8.77929688e-02	2.90817586e-03	3.02016951e-01
8.78417969e-02	2.92296045e-03	3.03559887e-01
8.78906250e-02	2.93782057e-03	3.05110736e-01
8.79394531e-02	2.95275662e-03	3.06669540e-01
8.79882813e-02	2.96776897e-03	3.08236339e-01
8.80371094e-02	2.98285802e-03	3.09811175e-01
8.80859375e-02	2.99802416e-03	3.11394088e-01
8.81347656e-02	3.01326779e-03	3.12985121e-01
8.81835938e-02	3.02858931e-03	3.14584315e-01
8.82324219e-02	3.04398912e-03	3.16191712e-01
8.82812500e-02	3.05946761e-03	3.17807355e-01
8.83300781e-02	3.07502520e-03	3.19431285e-01
8.83789062e-02	3.09066228e-03	3.21063546e-01
8.84277344e-02	3.10637926e-03	3.22704181e-01
8.84765625e-02	3.12217656e-03	3.24353232e-01
8.85253906e-02	3.13805459e-03	3.26010742e-01
8.85742188e-02	3.15401376e-03	3.27676756e-01
8.86230469e-02	3.17005448e-03	3.29351318e-01
8.86718750e-02	3.18617718e-03	3.31034470e-01
8.87207031e-02	3.20238228e-03	3.32726258e-01
8.87695313e-02	3.21867019e-03	3.34426725e-01
8.88183594e-02	3.23504135e-03	3.36135917e-01
8.88671875e-02	3.25149618e-03	3.37853878e-01
8.89160156e-02	3.26803511e-03	3.39580654e-01
8.89648438e-02	3.28465857e-03	3.41316289e-01
8.90136719e-02	3.30136699e-03	3.43060831e-01
8.90625000e-02	3.31816082e-03	3.44814323e-01
8.91113281e-02	3.33504049e-03	3.46576813e-01
8.91601563e-02	3.35200643e-03	3.48348346e-01
8.92089844e-02	3.36905910e-03	3.50128970e-01
8.92578125e-02	3.38619894e-03	3.51918731e-01
8.93066406e-02	3.40342639e-03	3.53717677e-01
8.93554688e-02	3.42074191e-03	3.55525853e-01
8.94042969e-02	3.43814594e-03	3.57343309e-01
8.94531250e-02	3.45563894e-03	3.59170091e-01
8.95019531e-02	3.47322137e-03	3.61006248e-01
8.95507813e-02	3.49089369e-03	3.62851828e-01
8.95996094e-02	3.50865635e-03	3.64706879e-01
8.96484375e-02	3.52650983e-03	3.66571451e-01
8.96972656e-02	3.54445458e-03	3.68445592e-01
8.97460938e-02	3.56249108e-03	3.70329352e-01
8.97949219e-02	3.58061979e-03	3.72222779e-01
8.98437500e-02	3.59884119e-03	3.74125925e-01
8.98925781e-02	3.61715576e-03	3.76038839e-01
8.99414063e-02	3.63556398e-03	3.77961571e-01
8.99902344e-02	3.65406631e-03	3.79894171e-01
9.00390625e-02	3.67266326e-03	3.81836691e-01
9.00878906e-02	3.69135530e-03	3.83789182e-01
9.01367188e-02	3.71014292e-03	3.85751695e-01
9.01855469e-02	3.72902661e-03	3.87724282e-01
9.02343750e-02	3.74800686e-03	3.89706994e-01
9.02832031e-02	3.76708418e-03	3.91699883e-01
9.03320312e-02	3.78625905e-03	3.93703003e-01
9.03808594e-02	3.80553199e-03	3.95716406e-01
9.04296875e-02	3.82490349e-03	3.97740144e-01
9.04785156e-02	3.84437405e-03	3.99774271e-01
9.05273438e-02	3.86394420e-03	4.01818841e-01
9.05761719e-02	3.88361443e-03	4.03873907e-01
9.06250000e-02	3.90338527e-03	4.05939523e-01
9.06738281e-02	3.92325722e-03	4.08015744e-01
9.07226563e-02	3.94323081e-03	4.10102624e-01
9.07714844e-02	3.96330657e-03	4.12200219e-01
9.08203125e-02	3.98348500e-03	4.14308582e-01
9.08691406e-02	4.00376665e-03	4.16427771e-01
9.09179688e-02	4.02415204e-03	4.18557840e-01
9.09667969e-02	4.04464171e-03	4.20698845e-01
9.10156250e-02	4.06523618e-03	4.22850844e-01
9.10644531e-02	4.08593601e-03	4.25013892e-01
9.11132813e-02	4.10674172e-03	4.27188047e-01
9.11621094e-02	4.12765386e-03	4.29373365e-01
9.12109375e-02	4.14867299e-03	4.31569905e-01
9.12597656e-02	4.16979964e-03	4.33777724e-01
9.13085938e-02	4.19103437e-03	4.35996880e-01
9.13574219e-02	4.21237773e-03	4.38227431e-01
9.14062500e-02	4.23383030e-03	4.40469437e-01
9.14550781e-02	4.25539261e-03	4.42722956e-01
9.15039063e-02	4.27706524e-03	4.44988047e-01
9.15527344e-02	4.29884876e-03	4.47264771e-01
9.16015625e-02	4.32074373e-03	4.49553187e-01
9.16503906e-02	4.34275072e-03	4.51853355e-01
9.16992188e-02	4.36487032e-03	4.54165336e-01
9.17480469e-02	4.38710310e-03	4.56489191e-01
9.17968750e-02	4.40944963e-03	4.58824981e-01
9.18457031e-02	4.43191052e-03	4.61172767e-01
9.18945313e-02	4.45448633e-03	4.63532612e-01
9.19433594e-02	4.47717767e-03	4.65904577e-01
9.19921875e-02	4.49998512e-03	4.68288725e-01
9.20410156e-02	4.52290929e-03	4.70685118e-01
9.20898438e-02	4.54595077e-03	4.73093821e-01
9.21386719e-02	4.56911016e-03	4.75514895e-01
9.21875000e-02	4.59238807e-03	4.77948406e-01
9.22363281e-02	4.61578511e-03	4.80394416e-01
9.22851562e-02	4.63930190e-03	4.82852991e-01
9.23339844e-02	4.66293903e-03	4.85324195e-01
9.23828125e-02	4.68669715e-03	4.87808093e-01
9.24316406e-02	4.71057685e-03	4.90304751e-01
9.24804688e-02	4.73457878e-03	4.92814234e-01
9.25292969e-02	4.75870356e-03	4.95336609e-01
9.25781250e-02	4.78295181e-03	4.97871942e-01
9.26269531e-02	4.80732418e-03	5.00420300e-01
9.26757813e-02	4.83182130e-03	5.02981749e-01
9.27246094e-02	4.85644382e-03	5.05556358e-01
9.27734375e-02	4.88119237e-03	5.08144194e-01
9.28222656e-02	4.90606760e-03	5.10745326e-01
9.28710938e-02	4.93107016e-03	5.13359821e-01
9.29199219e-02	4.95620072e-03	5.15987749e-01
9.29687500e-02	4.98145992e-03	5.18629179e-01
9.30175781e-02	5.00684843e-03	5.21284181e-01
9.30664063e-02	5.03236691e-03	5.23952825e-01
9.31152344e-02	5.05801604e-03	5.26635180e-01
9.31640625e-02	5.08379647e-03	5.29331318e-01
9.32128906e-02	5.10970889e-03	5.32041309e-01
9.32617188e-02	5.13575397e-03	5.34765226e-01
9.33105469e-02	5.16193239e-03	5.37503139e-01
9.33593750e-02	5.18824485e-03	5.40255121e-01
9.34082031e-02	5.21469203e-03	5.43021245e-01
9.34570313e-02	5.24127462e-03	5.45801584e-01
9.35058594e-02	5.26799331e-03	5.48596210e-01
9.35546875e-02	5.29484882e-03	5.51405197e-01
9.36035156e-02	5.32184183e-03	5.54228620e-01
9.36523438e-02	5.34897306e-03	5.57066552e-01
9.37011719e-02	5.37624322e-03	5.59919070e-01
9.37500000e-02	5.40365301e-03	5.62786247e-01
9.37988281e-02	5.43120317e-03	5.65668159e-01
9.38476563e-02	5.45889441e-03	5.68564883e-01
9.38964844e-02	5.48672745e-03	5.71476495e-01
9.39453125e-02	5.51470302e-03	5.74403071e-01
9.39941406e-02	5.54282186e-03	5.77344689e-01
9.40429688e-02	5.57108471e-03	5.80301426e-01
9.40917969e-02	5.59949230e-03	5.83273361e-01
9.41406250e-02	5.62804537e-03	5.86260571e-01
9.41894531e-02	5.65674468e-03	5.89263135e-01
9.42382812e-02	5.68559098e-03	5.92281133e-01
9.42871094e-02	5.71458501e-03	5.95314644e-01
9.43359375e-02	5.74372755e-03	5.98363749e-01
9.43847656e-02	5.77301936e-03	6.01428527e-01
9.44335938e-02	5.80246119e-03	6.04509059e-01
9.44824219e-02	5.83205383e-03	6.07605427e-01
9.45312500e-02	5.86179805e-03	6.10717712e-01
9.45800781e-02	5.89169462e-03	6.13845997e-01
9.46289063e-02	5.92174434e-03	6.16990363e-01
9.46777344e-02	5.95194798e-03	6.20150895e-01
9.47265625e-02	5.98230635e-03	6.23327674e-01
9.47753906e-02	6.01282022e-03	6.26520786e-01
9.48242188e-02	6.04349042e-03	6.29730314e-01
9.48730469e-02	6.07431773e-03	6.32956343e-01
9.49218750e-02	6.10530297e-03	6.36198959e-01
9.49707031e-02	6.13644694e-03	6.39458245e-01
9.50195313e-02	6.16775047e-03	6.42734290e-01
9.50683594e-02	6.19921437e-03	6.46027179e-01
9.51171875e-02	6.23083947e-03	6.49336998e-01
9.51660156e-02	6.26262660e-03	6.52663836e-01
9.52148438e-02	6.29457659e-03	6.56007780e-01
9.52636719e-02	6.32669028e-03	6.59368918e-01
9.53125000e-02	6.35896851e-03	6.62747340e-01
9.53613281e-02	6.39141213e-03	6.66143134e-01
9.54101563e-02	6.42402198e-03	6.69556389e-01
9.54589844e-02	6.45679892e-03	6.72987197e-01
9.55078125e-02	6.48974382e-03	6.76435647e-01
9.55566406e-02	6.52285752e-03	6.79901831e-01
9.56054688e-02	6.55614091e-03	6.83385839e-01
9.56542969e-02	6.58959486e-03	6.86887765e-01
9.57031250e-02	6.62322024e-03	6.90407700e-01
9.57519531e-02	6.65701793e-03	6.93945738e-01
9.58007813e-02	6.69098882e-03	6.97501971e-01
9.58496094e-02	6.72513380e-03	7.01076494e-01
9.58984375e-02	6.75945377e-03	7.04669401e-01
9.59472656e-02	6.79394962e-03	7.08280787e-01
9.59960938e-02	6.82862227e-03	7.11910748e-01
9.60449219e-02	6.86347261e-03	7.15559378e-01
9.60937500e-02	6.89850157e-03	7.19226775e-01
9.61425781e-02	6.93371006e-03	7.22913036e-01
9.61914062e-02	6.96909901e-03	7.26618257e-01
9.62402344e-02	7.00466934e-03	7.30342536e-01
9.62890625e-02	7.04042199e-03	7.34085973e-01
9.63378906e-02	7.07635790e-03	7.37848665e-01
9.63867188e-02	7.11247800e-03	7.41630713e-01
9.64355469e-02	7.14878325e-03	7.45432215e-01
9.64843750e-02	7.18527459e-03	7.49253274e-01
9.65332031e-02	7.22195299e-03	7.53093988e-01
9.65820313e-02	7.25881941e-03	7.56954460e-01
9.66308594e-02	7.29587481e-03	7.60834793e-01
9.66796875e-02	7.33312017e-03	7.64735087e-01
9.67285156e-02	7.37055646e-03	7.68655448e-01
9.67773438e-02	7.40818467e-03	7.72595977e-01
9.68261719e-02	7.44600578e-03	7.76556779e-01
9.68750000e-02	7.48402079e-03	7.80537959e-01
9.69238281e-02	7.52223069e-03	7.84539622e-01
9.69726563e-02	7.56063649e-03	7.88561874e-01
9.70214844e-02	7.59923919e-03	7.92604821e-01
9.70703125e-02	7.63803981e-03	7.96668570e-01
9.71191406e-02	7.67703937e-03	8.00753228e-01
9.71679688e-02	7.71623888e-03	8.04858903e-01
9.72167969e-02	7.75563939e-03	8.08985704e-01
9.72656250e-02	7.79524191e-03	8.13133740e-01
9.73144531e-02	7.83504750e-03	8.17303120e-01
9.73632813e-02	7.87505719e-03	8.21493955e-01
9.74121094e-02	7.91527204e-03	8.25706356e-01
9.74609375e-02	7.95569311e-03	8.29940433e-01
9.75097656e-02	7.99632145e-03	8.34196299e-01
9.75585938e-02	8.03715813e-03	8.38474066e-01
9.76074219e-02	8.07820422e-03	8.42773848e-01
9.76562500e-02	8.11946080e-03	8.47095758e-01
9.77050781e-02	8.16092896e-03	8.51439910e-01
9.77539063e-02	8.20260977e-03	8.55806419e-01
9.78027344e-02	8.24450435e-03	8.60195402e-01
9.78515625e-02	8.28661378e-03	8.64606972e-01
9.79003906e-02	8.32893918e-03	8.69041248e-01
9.79492188e-02	8.37148165e-03	8.73498347e-01
9.79980469e-02	8.41424231e-03	8.77978387e-01
9.80468750e-02	8.45722229e-03	8.82481485e-01
9.80957031e-02	8.50042271e-03	8.87007762e-01
9.81445312e-02	8.54384471e-03	8.91557336e-01
9.81933594e-02	8.58748943e-03	8.96130329e-01
9.82421875e-02	8.63135801e-03	9.00726861e-01
9.82910156e-02	8.67545161e-03	9.05347054e-01
9.83398438e-02	8.71977139e-03	9.09991030e-01
9.83886719e-02	8.76431851e-03	9.14658912e-01
9.84375000e-02	8.80909414e-03	9.19350823e-01
9.84863281e-02	8.85409945e-03	9.24066887e-01
9.85351563e-02	8.89933564e-03	9.28807230e-01
9.85839844e-02	8.94480388e-03	9.33571977e-01
9.86328125e-02	8.99050537e-03	9.38361254e-01
9.86816406e-02	9.03644132e-03	9.43175187e-01
9.87304688e-02	9.08261293e-03	9.48013904e-01
9.87792969e-02	9.12902141e-03	9.52877534e-01
9.88281250e-02	9.17566799e-03	9.57766204e-01
9.88769531e-02	9.22255388e-03	9.62680044e-01
9.89257813e-02	9.26968033e-03	9.67619185e-01
9.89746094e-02	9.31704856e-03	9.72583756e-01
9.90234375e-02	9.36465984e-03	9.77573890e-01
9.90722656e-02	9.41251539e-03	9.82589719e-01
9.91210938e-02	9.46061649e-03	9.87631374e-01
9.91699219e-02	9.50896440e-03	9.92698991e-01
9.92187500e-02	9.55756039e-03	9.97792703e-01
9.92675781e-02	9.60640574e-03	1.00291264e+00
9.93164063e-02	9.65550172e-03	1.00805895e+00
9.93652344e-02	9.70484964e-03	1.01323176e+00
9.94140625e-02	9.75445079e-03	1.01843121e+00
9.94628906e-02	9.80430647e-03	1.02365743e+00
9.95117188e-02	9.85441799e-03	1.02891057e+00
9.95605469e-02	9.90478667e-03	1.03419076e+00
9.96093750e-02	9.95541385e-03	1.03949815e+00
9.96582031e-02	1.00063008e-02	1.04483287e+00
9.97070313e-02	1.00574490e-02	1.05019506e+00
9.97558594e-02	1.01088596e-02	1.05558488e+00
9.98046875e-02	1.01605341e-02	1.06100245e+00
9.98535156e-02	1.02124738e-02	1.06644793e+00
9.99023438e-02	1.02646801e-02	1.07192146e+00
9.99511719e-02	1.03171543e-02	1.07742318e+00
1.00000000e-01	1.03698979e-02	1.08295324e+00
