0.00000000e+00	0.00000000e+00	8.91533991e-05
4.88281250e-05	4.35322417e-09	8.91546629e-05
9.76562500e-05	8.70654931e-09	8.91575350e-05
1.46484375e-04	1.30600609e-08	8.91623010e-05
1.95312500e-04	1.74138514e-08	8.91689567e-05
2.44140625e-04	2.17680131e-08	8.91775043e-05
2.92968750e-04	2.61226383e-08	8.91879453e-05
3.41796875e-04	3.04778196e-08	8.92002808e-05
3.90625000e-04	3.48336495e-08	8.92145114e-05
4.39453125e-04	3.91902205e-08	8.92306380e-05
4.88281250e-04	4.35476253e-08	8.92486610e-05
5.37109375e-04	4.79059564e-08	8.92685812e-05
5.85937500e-04	5.22653065e-08	8.92903990e-05
6.34765625e-04	5.66257683e-08	8.93141152e-05
6.83593750e-04	6.09874344e-08	8.93397303e-05
7.32421875e-04	6.53503977e-08	8.93672451e-05
7.81250000e-04	6.97147508e-08	8.93966601e-05
8.30078125e-04	7.40805867e-08	8.94279763e-05
8.78906250e-04	7.84479981e-08	8.94611942e-05
9.27734375e-04	8.28170779e-08	8.94963149e-05
9.76562500e-04	8.71879190e-08	8.95333390e-05
1.02539063e-03	9.15606145e-08	8.95722675e-05
1.07421875e-03	9.59352573e-08	8.96131013e-05
1.12304688e-03	1.00311940e-07	8.96558415e-05
1.17187500e-03	1.04690757e-07	8.97004890e-05
1.22070312e-03	1.09071800e-07	8.97470450e-05
1.26953125e-03	1.13455164e-07	8.97955104e-05
1.31835938e-03	1.17840940e-07	8.98458865e-05
1.36718750e-03	1.22229223e-07	8.98981745e-05
1.41601563e-03	1.26620105e-07	8.99523756e-05
1.46484375e-03	1.31013681e-07	9.00084911e-05
1.51367188e-03	1.35410044e-07	9.00665223e-05
1.56250000e-03	1.39809287e-07	9.01264706e-05
1.61132813e-03	1.44211504e-07	9.01883375e-05
1.66015625e-03	1.48616788e-07	9.02521244e-05
1.70898438e-03	1.53025235e-07	9.03178328e-05
1.75781250e-03	1.57436936e-07	9.03854642e-05
1.80664063e-03	1.61851987e-07	9.04550203e-05
1.85546875e-03	1.66270481e-07	9.05265028e-05
1.90429688e-03	1.70692513e-07	9.05999132e-05
1.95312500e-03	1.75118176e-07	9.06752534e-05
2.00195313e-03	1.79547565e-07	9.07525251e-05
2.05078125e-03	1.83980775e-07	9.08317302e-05
2.09960937e-03	1.88417899e-07	9.09128705e-05
2.14843750e-03	1.92859032e-07	9.09959479e-05
2.19726562e-03	1.97304269e-07	9.10809645e-05
2.24609375e-03	2.01753705e-07	9.11679222e-05
2.29492188e-03	2.06207434e-07	9.12568230e-05
2.34375000e-03	2.10665551e-07	9.13476692e-05
2.39257813e-03	2.15128152e-07	9.14404628e-05
2.44140625e-03	2.19595332e-07	9.15352060e-05
2.49023438e-03	2.24067185e-07	9.16319011e-05
2.53906250e-03	2.28543807e-07	9.17305504e-05
2.58789063e-03	2.33025294e-07	9.18311561e-05
2.63671875e-03	2.37511741e-07	9.19337207e-05
2.68554688e-03	2.42003245e-07	9.20382466e-05
2.73437500e-03	2.46499899e-07	9.21447363e-05
2.78320313e-03	2.51001802e-07	9.22531922e-05
2.83203125e-03	2.55509048e-07	9.23636170e-05
2.88085938e-03	2.60021735e-07	9.24760133e-05
2.92968750e-03	2.64539957e-07	9.25903837e-05
2.97851563e-03	2.69063812e-07	9.27067309e-05
3.02734375e-03	2.73593397e-07	9.28250576e-05
3.07617188e-03	2.78128808e-07	9.29453668e-05
3.12500000e-03	2.82670142e-07	9.30676612e-05
3.17382812e-03	2.87217495e-07	9.31919436e-05
3.22265625e-03	2.91770966e-07	9.33182172e-05
3.27148438e-03	2.96330651e-07	9.34464847e-05
3.32031250e-03	3.00896648e-07	9.35767494e-05
3.36914063e-03	3.05469054e-07	9.37090141e-05
3.41796875e-03	3.10047968e-07	9.38432822e-05
3.46679688e-03	3.14633486e-07	9.39795567e-05
3.51562500e-03	3.19225708e-07	9.41178409e-05
3.56445313e-03	3.23824731e-07	9.42581380e-05
3.61328125e-03	3.28430653e-07	9.44004514e-05
3.66210938e-03	3.33043574e-07	9.45447844e-05
3.71093750e-03	3.37663592e-07	9.46911405e-05
3.75976563e-03	3.42290805e-07	9.48395231e-05
3.80859375e-03	3.46925314e-07	9.49899357e-05
3.85742188e-03	3.51567216e-07	9.51423819e-05
3.90625000e-03	3.56216612e-07	9.52968652e-05
3.95507812e-03	3.60873600e-07	9.54533894e-05
4.00390625e-03	3.65538282e-07	9.56119581e-05
4.05273438e-03	3.70210756e-07	9.57725751e-05
4.10156250e-03	3.74891122e-07	9.59352442e-05
4.15039062e-03	3.79579482e-07	9.60999693e-05
4.19921875e-03	3.84275935e-07	9.62667542e-05
4.24804688e-03	3.88980583e-07	9.64356028e-05
4.29687500e-03	3.93693525e-07	9.66065193e-05
4.34570313e-03	3.98414864e-07	9.67795075e-05
4.39453125e-03	4.03144699e-07	9.69545717e-05
4.44335937e-03	4.07883134e-07	9.71317159e-05
4.49218750e-03	4.12630269e-07	9.73109444e-05
4.54101563e-03	4.17386207e-07	9.74922613e-05
4.58984375e-03	4.22151049e-07	9.76756711e-05
4.63867188e-03	4.26924898e-07	9.78611779e-05
4.68750000e-03	4.31707856e-07	9.80487863e-05
4.73632813e-03	4.36500026e-07	9.82385006e-05
4.78515625e-03	4.41301511e-07	9.84303254e-05
4.83398438e-03	4.46112414e-07	9.86242652e-05
4.88281250e-03	4.50932839e-07	9.88203245e-05
4.93164063e-03	4.55762889e-07	9.90185080e-05
4.98046875e-03	4.60602667e-07	9.92188205e-05
5.02929688e-03	4.65452279e-07	9.94212666e-05
5.07812500e-03	4.70311827e-07	9.96258511e-05
5.12695312e-03	4.75181418e-07	9.98325789e-05
5.17578125e-03	4.80061155e-07	1.00041455e-04
5.22460938e-03	4.84951144e-07	1.00252484e-04
5.27343750e-03	4.89851489e-07	1.00465671e-04
5.32226563e-03	4.94762297e-07	1.00681022e-04
5.37109375e-03	4.99683673e-07	1.00898540e-04
5.41992188e-03	5.04615723e-07	1.01118232e-04
5.46875000e-03	5.09558554e-07	1.01340103e-04
5.51757813e-03	5.14512271e-07	1.01564158e-04
5.56640625e-03	5.19476982e-07	1.01790401e-04
5.61523438e-03	5.24452794e-07	1.02018840e-04
5.66406250e-03	5.29439813e-07	1.02249478e-04
5.71289063e-03	5.34438148e-07	1.02482322e-04
5.76171875e-03	5.39447906e-07	1.02717376e-04
5.81054688e-03	5.44469196e-07	1.02954647e-04
5.85937500e-03	5.49502125e-07	1.03194140e-04
5.90820313e-03	5.54546803e-07	1.03435861e-04
5.95703125e-03	5.59603338e-07	1.03679816e-04
6.00585938e-03	5.64671840e-07	1.03926010e-04
6.05468750e-03	5.69752417e-07	1.04174449e-04
6.10351562e-03	5.74845181e-07	1.04425139e-04
6.15234375e-03	5.79950240e-07	1.04678085e-04
6.20117188e-03	5.85067705e-07	1.04933295e-04
6.25000000e-03	5.90197688e-07	1.05190774e-04
6.29882813e-03	5.95340297e-07	1.05450528e-04
6.34765625e-03	6.00495646e-07	1.05712563e-04
6.39648438e-03	6.05663846e-07	1.05976886e-04
6.44531250e-03	6.10845008e-07	1.06243502e-04
6.49414063e-03	6.16039244e-07	1.06512419e-04
6.54296875e-03	6.21246667e-07	1.06783642e-04
6.59179688e-03	6.26467390e-07	1.07057177e-04
6.64062500e-03	6.31701526e-07	1.07333032e-04
6.68945313e-03	6.36949189e-07	1.07611213e-04
6.73828125e-03	6.42210491e-07	1.07891727e-04
6.78710938e-03	6.47485547e-07	1.08174579e-04
6.83593750e-03	6.52774472e-07	1.08459778e-04
6.88476563e-03	6.58077380e-07	1.08747329e-04
6.93359375e-03	6.63394386e-07	1.09037239e-04
6.98242188e-03	6.68725605e-07	1.09329516e-04
7.03125000e-03	6.74071154e-07	1.09624166e-04
7.08007812e-03	6.79431149e-07	1.09921196e-04
7.12890625e-03	6.84805704e-07	1.10220613e-04
7.17773438e-03	6.90194939e-07	1.10522425e-04
7.22656250e-03	6.95598969e-07	1.10826638e-04
7.27539063e-03	7.01017911e-07	1.11133260e-04
7.32421875e-03	7.06451885e-07	1.11442298e-04
7.37304688e-03	7.11901007e-07	1.11753759e-04
7.42187500e-03	7.17365397e-07	1.12067651e-04
7.47070313e-03	7.22845174e-07	1.12383981e-04
7.51953125e-03	7.28340455e-07	1.12702757e-04
7.56835938e-03	7.33851362e-07	1.13023986e-04
7.61718750e-03	7.39378014e-07	1.13347676e-04
7.66601563e-03	7.44920531e-07	1.13673835e-04
7.71484375e-03	7.50479035e-07	1.14002470e-04
7.76367188e-03	7.56053646e-07	1.14333589e-04
7.81250000e-03	7.61644485e-07	1.14667200e-04
7.86132813e-03	7.67251675e-07	1.15003310e-04
7.91015625e-03	7.72875339e-07	1.15341929e-04
7.95898438e-03	7.78515597e-07	1.15683063e-04
8.00781250e-03	7.84172574e-07	1.16026722e-04
8.05664062e-03	7.89846394e-07	1.16372913e-04
8.10546875e-03	7.95537179e-07	1.16721644e-04
8.15429687e-03	8.01245054e-07	1.17072923e-04
8.20312500e-03	8.06970144e-07	1.17426760e-04
8.25195313e-03	8.12712573e-07	1.17783162e-04
8.30078125e-03	8.18472468e-07	1.18142138e-04
8.34960938e-03	8.24249955e-07	1.18503696e-04
8.39843750e-03	8.30045158e-07	1.18867845e-04
8.44726563e-03	8.35858206e-07	1.19234594e-04
8.49609375e-03	8.41689225e-07	1.19603951e-04
8.54492188e-03	8.47538343e-07	1.19975926e-04
8.59375000e-03	8.53405688e-07	1.20350526e-04
8.64257812e-03	8.59291389e-07	1.20727761e-04
8.69140625e-03	8.65195573e-07	1.21107640e-04
8.74023438e-03	8.71118371e-07	1.21490172e-04
8.78906250e-03	8.77059913e-07	1.21875365e-04
8.83789063e-03	8.83020328e-07	1.22263230e-04
8.88671875e-03	8.88999747e-07	1.22653775e-04
8.93554688e-03	8.94998301e-07	1.23047010e-04
8.98437500e-03	9.01016122e-07	1.23442943e-04
9.03320312e-03	9.07053342e-07	1.23841585e-04
9.08203125e-03	9.13110093e-07	1.24242945e-04
9.13085937e-03	9.19186509e-07	1.24647032e-04
9.17968750e-03	9.25282722e-07	1.25053856e-04
9.22851563e-03	9.31398867e-07	1.25463427e-04
9.27734375e-03	9.37535077e-07	1.25875754e-04
9.32617188e-03	9.43691488e-07	1.26290848e-04
9.37500000e-03	9.49868235e-07	1.26708717e-04
9.42382813e-03	9.56065454e-07	1.27129372e-04
9.47265625e-03	9.62283281e-07	1.27552824e-04
9.52148438e-03	9.68521853e-07	1.27979081e-04
9.57031250e-03	9.74781307e-07	1.28408155e-04
9.61914063e-03	9.81061781e-07	1.28840055e-04
9.66796875e-03	9.87363413e-07	1.29274792e-04
9.71679688e-03	9.93686342e-07	1.29712376e-04
9.76562500e-03	1.00003071e-06	1.30152817e-04
9.81445313e-03	1.00639665e-06	1.30596126e-04
9.86328125e-03	1.01278431e-06	1.31042314e-04
9.91210938e-03	1.01919382e-06	1.31491391e-04
9.96093750e-03	1.02562533e-06	1.31943368e-04
1.00097656e-02	1.03207899e-06	1.32398255e-04
1.00585938e-02	1.03855492e-06	1.32856064e-04
1.01074219e-02	1.04505328e-06	1.33316805e-04
1.01562500e-02	1.05157421e-06	1.33780489e-04
1.02050781e-02	1.05811785e-06	1.34247127e-04
1.02539062e-02	1.06468436e-06	1.34716731e-04
1.03027344e-02	1.07127386e-06	1.35189312e-04
1.03515625e-02	1.07788651e-06	1.35664880e-04
1.04003906e-02	1.08452245e-06	1.36143447e-04
1.04492188e-02	1.09118184e-06	1.36625025e-04
1.04980469e-02	1.09786482e-06	1.37109626e-04
1.05468750e-02	1.10457153e-06	1.37597259e-04
1.05957031e-02	1.11130212e-06	1.38087938e-04
1.06445313e-02	1.11805675e-06	1.38581674e-04
1.06933594e-02	1.12483556e-06	1.39078478e-04
1.07421875e-02	1.13163871e-06	1.39578363e-04
1.07910156e-02	1.13846634e-06	1.40081341e-04
1.08398438e-02	1.14531860e-06	1.40587422e-04
1.08886719e-02	1.15219566e-06	1.41096620e-04
1.09375000e-02	1.15909765e-06	1.41608947e-04
1.09863281e-02	1.16602473e-06	1.42124415e-04
1.10351563e-02	1.17297706e-06	1.42643035e-04
1.10839844e-02	1.17995479e-06	1.43164822e-04
1.11328125e-02	1.18695808e-06	1.43689786e-04
1.11816406e-02	1.19398708e-06	1.44217940e-04
1.12304688e-02	1.20104194e-06	1.44749297e-04
1.12792969e-02	1.20812283e-06	1.45283871e-04
1.13281250e-02	1.21522990e-06	1.45821672e-04
1.13769531e-02	1.22236331e-06	1.46362715e-04
1.14257813e-02	1.22952321e-06	1.46907012e-04
1.14746094e-02	1.23670977e-06	1.47454576e-04
1.15234375e-02	1.24392315e-06	1.48005420e-04
1.15722656e-02	1.25116351e-06	1.48559558e-04
1.16210938e-02	1.25843100e-06	1.49117002e-04
1.16699219e-02	1.26572580e-06	1.49677766e-04
1.17187500e-02	1.27304805e-06	1.50241864e-04
1.17675781e-02	1.28039793e-06	1.50809308e-04
1.18164063e-02	1.28777561e-06	1.51380112e-04
1.18652344e-02	1.29518123e-06	1.51954290e-04
1.19140625e-02	1.30261497e-06	1.52531856e-04
1.19628906e-02	1.31007700e-06	1.53112823e-04
1.20117188e-02	1.31756748e-06	1.53697206e-04
1.20605469e-02	1.32508658e-06	1.54285017e-04
1.21093750e-02	1.33263446e-06	1.54876272e-04
1.21582031e-02	1.34021130e-06	1.55470985e-04
1.22070312e-02	1.34781726e-06	1.56069168e-04
1.22558594e-02	1.35545251e-06	1.56670838e-04
1.23046875e-02	1.36311723e-06	1.57276008e-04
1.23535156e-02	1.37081159e-06	1.57884692e-04
1.24023438e-02	1.37853575e-06	1.58496906e-04
1.24511719e-02	1.38628989e-06	1.59112664e-04
1.25000000e-02	1.39407418e-06	1.59731980e-04
1.25488281e-02	1.40188880e-06	1.60354869e-04
1.25976563e-02	1.40973392e-06	1.60981347e-04
1.26464844e-02	1.41760972e-06	1.61611428e-04
1.26953125e-02	1.42551638e-06	1.62245127e-04
1.27441406e-02	1.43345406e-06	1.62882460e-04
1.27929688e-02	1.44142296e-06	1.63523441e-04
1.28417969e-02	1.44942324e-06	1.64168086e-04
1.28906250e-02	1.45745508e-06	1.64816411e-04
1.29394531e-02	1.46551868e-06	1.65468430e-04
1.29882813e-02	1.47361420e-06	1.66124160e-04
1.30371094e-02	1.48174183e-06	1.66783617e-04
1.30859375e-02	1.48990176e-06	1.67446815e-04
1.31347656e-02	1.49809415e-06	1.68113770e-04
1.31835938e-02	1.50631921e-06	1.68784500e-04
1.32324219e-02	1.51457711e-06	1.69459019e-04
1.32812500e-02	1.52286803e-06	1.70137345e-04
1.33300781e-02	1.53119217e-06	1.70819492e-04
1.33789063e-02	1.53954972e-06	1.71505478e-04
1.34277344e-02	1.54794085e-06	1.72195319e-04
1.34765625e-02	1.55636576e-06	1.72889031e-04
1.35253906e-02	1.56482464e-06	1.73586631e-04
1.35742188e-02	1.57331768e-06	1.74288136e-04
1.36230469e-02	1.58184506e-06	1.74993563e-04
1.36718750e-02	1.59040699e-06	1.75702928e-04
1.37207031e-02	1.59900365e-06	1.76416248e-04
1.37695313e-02	1.60763523e-06	1.77133540e-04
1.38183594e-02	1.61630194e-06	1.77854823e-04
1.38671875e-02	1.62500397e-06	1.78580112e-04
1.39160156e-02	1.63374150e-06	1.79309425e-04
1.39648438e-02	1.64251475e-06	1.80042780e-04
1.40136719e-02	1.65132391e-06	1.80780195e-04
1.40625000e-02	1.66016917e-06	1.81521686e-04
1.41113281e-02	1.66905073e-06	1.82267272e-04
1.41601562e-02	1.67796881e-06	1.83016971e-04
1.42089844e-02	1.68692359e-06	1.83770800e-04
1.42578125e-02	1.69591527e-06	1.84528778e-04
1.43066406e-02	1.70494408e-06	1.85290922e-04
1.43554688e-02	1.71401019e-06	1.86057252e-04
1.44042969e-02	1.72311383e-06	1.86827785e-04
1.44531250e-02	1.73225520e-06	1.87602540e-04
1.45019531e-02	1.74143450e-06	1.88381535e-04
1.45507813e-02	1.75065194e-06	1.89164790e-04
1.45996094e-02	1.75990772e-06	1.89952322e-04
1.46484375e-02	1.76920207e-06	1.90744152e-04
1.46972656e-02	1.77853519e-06	1.91540297e-04
1.47460938e-02	1.78790728e-06	1.92340777e-04
1.47949219e-02	1.79731857e-06	1.93145610e-04
1.48437500e-02	1.80676927e-06	1.93954818e-04
1.48925781e-02	1.81625958e-06	1.94768418e-04
1.49414063e-02	1.82578973e-06	1.95586430e-04
1.49902344e-02	1.83535993e-06	1.96408875e-04
1.50390625e-02	1.84497039e-06	1.97235771e-04
1.50878906e-02	1.85462134e-06	1.98067139e-04
1.51367188e-02	1.86431299e-06	1.98902998e-04
1.51855469e-02	1.87404557e-06	1.99743368e-04
1.52343750e-02	1.88381929e-06	2.00588271e-04
1.52832031e-02	1.89363438e-06	2.01437725e-04
1.53320313e-02	1.90349106e-06	2.02291752e-04
1.53808594e-02	1.91338955e-06	2.03150371e-04
1.54296875e-02	1.92333007e-06	2.04013604e-04
1.54785156e-02	1.93331286e-06	2.04881472e-04
1.55273438e-02	1.94333814e-06	2.05753994e-04
1.55761719e-02	1.95340614e-06	2.06631193e-04
1.56250000e-02	1.96351709e-06	2.07513088e-04
1.56738281e-02	1.97367121e-06	2.08399702e-04
1.57226563e-02	1.98386874e-06	2.09291055e-04
1.57714844e-02	1.99410990e-06	2.10187170e-04
1.58203125e-02	2.00439494e-06	2.11088067e-04
1.58691406e-02	2.01472409e-06	2.11993768e-04
1.59179688e-02	2.02509758e-06	2.12904295e-04
1.59667969e-02	2.03551564e-06	2.13819670e-04
1.60156250e-02	2.04597852e-06	2.14739915e-04
1.60644531e-02	2.05648646e-06	2.15665052e-04
1.61132812e-02	2.06703968e-06	2.16595103e-04
1.61621094e-02	2.07763844e-06	2.17530090e-04
1.62109375e-02	2.08828298e-06	2.18470037e-04
1.62597656e-02	2.09897353e-06	2.19414965e-04
1.63085937e-02	2.10971034e-06	2.20364898e-04
1.63574219e-02	2.12049366e-06	2.21319858e-04
1.64062500e-02	2.13132373e-06	2.22279868e-04
1.64550781e-02	2.14220080e-06	2.23244951e-04
1.65039063e-02	2.15312512e-06	2.24215131e-04
1.65527344e-02	2.16409694e-06	2.25190431e-04
1.66015625e-02	2.17511650e-06	2.26170874e-04
1.66503906e-02	2.18618406e-06	2.27156484e-04
1.66992188e-02	2.19729988e-06	2.28147284e-04
1.67480469e-02	2.20846420e-06	2.29143299e-04
1.67968750e-02	2.21967728e-06	2.30144553e-04
1.68457031e-02	2.23093938e-06	2.31151069e-04
1.68945313e-02	2.24225076e-06	2.32162872e-04
1.69433594e-02	2.25361167e-06	2.33179986e-04
1.69921875e-02	2.26502237e-06	2.34202436e-04
1.70410156e-02	2.27648313e-06	2.35230246e-04
1.70898438e-02	2.28799421e-06	2.36263441e-04
1.71386719e-02	2.29955586e-06	2.37302046e-04
1.71875000e-02	2.31116837e-06	2.38346086e-04
1.72363281e-02	2.32283198e-06	2.39395585e-04
1.72851562e-02	2.33454697e-06	2.40450571e-04
1.73339844e-02	2.34631362e-06	2.41511067e-04
1.73828125e-02	2.35813218e-06	2.42577099e-04
1.74316406e-02	2.37000292e-06	2.43648694e-04
1.74804688e-02	2.38192613e-06	2.44725876e-04
1.75292969e-02	2.39390207e-06	2.45808672e-04
1.75781250e-02	2.40593102e-06	2.46897108e-04
1.76269531e-02	2.41801325e-06	2.47991210e-04
1.76757813e-02	2.43014905e-06	2.49091005e-04
1.77246094e-02	2.44233869e-06	2.50196519e-04
1.77734375e-02	2.45458244e-06	2.51307779e-04
1.78222656e-02	2.46688060e-06	2.52424811e-04
1.78710938e-02	2.47923345e-06	2.53547642e-04
1.79199219e-02	2.49164126e-06	2.54676300e-04
1.79687500e-02	2.50410432e-06	2.55810812e-04
1.80175781e-02	2.51662293e-06	2.56951205e-04
1.80664062e-02	2.52919736e-06	2.58097507e-04
1.81152344e-02	2.54182791e-06	2.59249745e-04
1.81640625e-02	2.55451486e-06	2.60407947e-04
1.82128906e-02	2.56725852e-06	2.61572141e-04
1.82617187e-02	2.58005916e-06	2.62742355e-04
1.83105469e-02	2.59291710e-06	2.63918618e-04
1.83593750e-02	2.60583261e-06	2.65100957e-04
1.84082031e-02	2.61880601e-06	2.66289402e-04
1.84570313e-02	2.63183759e-06	2.67483981e-04
1.85058594e-02	2.64492764e-06	2.68684723e-04
1.85546875e-02	2.65807648e-06	2.69891657e-04
1.86035156e-02	2.67128440e-06	2.71104812e-04
1.86523438e-02	2.68455171e-06	2.72324217e-04
1.87011719e-02	2.69787872e-06	2.73549902e-04
1.87500000e-02	2.71126572e-06	2.74781896e-04
1.87988281e-02	2.72471304e-06	2.76020230e-04
1.88476563e-02	2.73822098e-06	2.77264932e-04
1.88964844e-02	2.75178985e-06	2.78516034e-04
1.89453125e-02	2.76541997e-06	2.79773566e-04
1.89941406e-02	2.77911165e-06	2.81037557e-04
1.90429688e-02	2.79286520e-06	2.82308038e-04
1.90917969e-02	2.80668095e-06	2.83585041e-04
1.91406250e-02	2.82055921e-06	2.84868595e-04
1.91894531e-02	2.83450031e-06	2.86158733e-04
1.92382813e-02	2.84850456e-06	2.87455484e-04
1.92871094e-02	2.86257230e-06	2.88758881e-04
1.93359375e-02	2.87670384e-06	2.90068956e-04
1.93847656e-02	2.89089951e-06	2.91385738e-04
1.94335938e-02	2.90515964e-06	2.92709262e-04
1.94824219e-02	2.91948456e-06	2.94039558e-04
1.95312500e-02	2.93387461e-06	2.95376659e-04
1.95800781e-02	2.94833011e-06	2.96720597e-04
1.96289063e-02	2.96285139e-06	2.98071405e-04
1.96777344e-02	2.97743881e-06	2.99429115e-04
1.97265625e-02	2.99209269e-06	3.00793761e-04
1.97753906e-02	3.00681337e-06	3.02165374e-04
1.98242188e-02	3.02160120e-06	3.03543989e-04
1.98730469e-02	3.03645651e-06	3.04929639e-04
1.99218750e-02	3.05137965e-06	3.06322357e-04
1.99707031e-02	3.06637098e-06	3.07722178e-04
2.00195312e-02	3.08143082e-06	3.09129134e-04
2.00683594e-02	3.09655954e-06	3.10543261e-04
2.01171875e-02	3.11175749e-06	3.11964592e-04
2.01660156e-02	3.12702501e-06	3.13393161e-04
2.02148438e-02	3.14236247e-06	3.14829004e-04
2.02636719e-02	3.15777021e-06	3.16272155e-04
2.03125000e-02	3.17324860e-06	3.17722649e-04
2.03613281e-02	3.18879799e-06	3.19180522e-04
2.04101563e-02	3.20441875e-06	3.20645808e-04
2.04589844e-02	3.22011124e-06	3.22118543e-04
2.05078125e-02	3.23587582e-06	3.23598763e-04
2.05566406e-02	3.25171287e-06	3.25086503e-04
2.06054688e-02	3.26762274e-06	3.26581800e-04
2.06542969e-02	3.28360581e-06	3.28084691e-04
2.07031250e-02	3.29966244e-06	3.29595210e-04
2.07519531e-02	3.31579303e-06	3.31113396e-04
2.08007813e-02	3.33199793e-06	3.32639285e-04
2.08496094e-02	3.34827752e-06	3.34172914e-04
2.08984375e-02	3.36463219e-06	3.35714319e-04
2.09472656e-02	3.38106231e-06	3.37263539e-04
2.09960938e-02	3.39756827e-06	3.38820612e-04
2.10449219e-02	3.41415045e-06	3.40385574e-04
2.10937500e-02	3.43080924e-06	3.41958464e-04
2.11425781e-02	3.44754503e-06	3.43539320e-04
2.11914063e-02	3.46435820e-06	3.45128180e-04
2.12402344e-02	3.48124915e-06	3.46725083e-04
2.12890625e-02	3.49821827e-06	3.48330068e-04
2.13378906e-02	3.51526596e-06	3.49943173e-04
2.13867188e-02	3.53239261e-06	3.51564439e-04
2.14355469e-02	3.54959862e-06	3.53193903e-04
2.14843750e-02	3.56688440e-06	3.54831607e-04
2.15332031e-02	3.58425035e-06	3.56477588e-04
2.15820313e-02	3.60169687e-06	3.58131889e-04
2.16308594e-02	3.61922437e-06	3.59794548e-04
2.16796875e-02	3.63683326e-06	3.61465606e-04
2.17285156e-02	3.65452395e-06	3.63145103e-04
2.17773438e-02	3.67229686e-06	3.64833081e-04
2.18261719e-02	3.69015239e-06	3.66529581e-04
2.18750000e-02	3.70809097e-06	3.68234643e-04
2.19238281e-02	3.72611301e-06	3.69948310e-04
2.19726562e-02	3.74421895e-06	3.71670622e-04
2.20214844e-02	3.76240919e-06	3.73401622e-04
2.20703125e-02	3.78068416e-06	3.75141352e-04
2.21191406e-02	3.79904430e-06	3.76889853e-04
2.21679688e-02	3.81749003e-06	3.78647170e-04
2.22167969e-02	3.83602178e-06	3.80413343e-04
2.22656250e-02	3.85463998e-06	3.82188417e-04
2.23144531e-02	3.87334508e-06	3.83972434e-04
2.23632813e-02	3.89213751e-06	3.85765438e-04
2.24121094e-02	3.91101771e-06	3.87567472e-04
2.24609375e-02	3.92998612e-06	3.89378581e-04
2.25097656e-02	3.94904318e-06	3.91198808e-04
2.25585938e-02	3.96818935e-06	3.93028197e-04
2.26074219e-02	3.98742507e-06	3.94866794e-04
2.26562500e-02	4.00675079e-06	3.96714643e-04
2.27050781e-02	4.02616696e-06	3.98571788e-04
2.27539063e-02	4.04567404e-06	4.00438276e-04
2.28027344e-02	4.06527249e-06	4.02314150e-04
2.28515625e-02	4.08496276e-06	4.04199459e-04
2.29003906e-02	4.10474532e-06	4.06094246e-04
2.29492188e-02	4.12462064e-06	4.07998558e-04
2.29980469e-02	4.14458917e-06	4.09912442e-04
2.30468750e-02	4.16465138e-06	4.11835944e-04
2.30957031e-02	4.18480776e-06	4.13769111e-04
2.31445313e-02	4.20505876e-06	4.15711990e-04
2.31933594e-02	4.22540487e-06	4.17664629e-04
2.32421875e-02	4.24584656e-06	4.19627075e-04
2.32910156e-02	4.26638432e-06	4.21599375e-04
2.33398438e-02	4.28701862e-06	4.23581579e-04
2.33886719e-02	4.30774995e-06	4.25573733e-04
2.34375000e-02	4.32857880e-06	4.27575888e-04
2.34863281e-02	4.34950565e-06	4.29588091e-04
2.35351563e-02	4.37053100e-06	4.31610391e-04
2.35839844e-02	4.39165535e-06	4.33642839e-04
2.36328125e-02	4.41287919e-06	4.35685483e-04
2.36816406e-02	4.43420301e-06	4.37738373e-04
2.37304688e-02	4.45562733e-06	4.39801559e-04
2.37792969e-02	4.47715263e-06	4.41875093e-04
2.38281250e-02	4.49877944e-06	4.43959023e-04
2.38769531e-02	4.52050826e-06	4.46053401e-04
2.39257812e-02	4.54233960e-06	4.48158279e-04
2.39746094e-02	4.56427398e-06	4.50273707e-04
2.40234375e-02	4.58631190e-06	4.52399738e-04
2.40722656e-02	4.60845390e-06	4.54536422e-04
2.41210938e-02	4.63070049e-06	4.56683812e-04
2.41699219e-02	4.65305219e-06	4.58841961e-04
2.42187500e-02	4.67550954e-06	4.61010921e-04
2.42675781e-02	4.69807305e-06	4.63190746e-04
2.43164063e-02	4.72074327e-06	4.65381487e-04
2.43652344e-02	4.74352073e-06	4.67583200e-04
2.44140625e-02	4.76640597e-06	4.69795937e-04
2.44628906e-02	4.78939951e-06	4.72019753e-04
2.45117188e-02	4.81250192e-06	4.74254702e-04
2.45605469e-02	4.83571372e-06	4.76500838e-04
2.46093750e-02	4.85903548e-06	4.78758217e-04
2.46582031e-02	4.88246773e-06	4.81026893e-04
2.47070313e-02	4.90601104e-06	4.83306923e-04
2.47558594e-02	4.92966595e-06	4.85598361e-04
2.48046875e-02	4.95343303e-06	4.87901263e-04
2.48535156e-02	4.97731284e-06	4.90215687e-04
2.49023438e-02	5.00130594e-06	4.92541688e-04
2.49511719e-02	5.02541290e-06	4.94879324e-04
2.50000000e-02	5.04963428e-06	4.97228651e-04
2.50488281e-02	5.07397067e-06	4.99589727e-04
2.50976563e-02	5.09842263e-06	5.01962610e-04
2.51464844e-02	5.12299074e-06	5.04347357e-04
2.51953125e-02	5.14767559e-06	5.06744027e-04
2.52441406e-02	5.17247776e-06	5.09152679e-04
2.52929688e-02	5.19739783e-06	5.11573372e-04
2.53417969e-02	5.22243639e-06	5.14006164e-04
2.53906250e-02	5.24759404e-06	5.16451115e-04
2.54394531e-02	5.27287137e-06	5.18908286e-04
2.54882813e-02	5.29826898e-06	5.21377736e-04
2.55371094e-02	5.32378746e-06	5.23859525e-04
2.55859375e-02	5.34942744e-06	5.26353714e-04
2.56347656e-02	5.37518950e-06	5.28860365e-04
2.56835938e-02	5.40107426e-06	5.31379539e-04
2.57324219e-02	5.42708234e-06	5.33911297e-04
2.57812500e-02	5.45321435e-06	5.36455701e-04
2.58300781e-02	5.47947090e-06	5.39012814e-04
2.58789062e-02	5.50585263e-06	5.41582698e-04
2.59277344e-02	5.53236015e-06	5.44165416e-04
2.59765625e-02	5.55899410e-06	5.46761032e-04
2.60253906e-02	5.58575510e-06	5.49369609e-04
2.60742188e-02	5.61264379e-06	5.51991210e-04
2.61230469e-02	5.63966081e-06	5.54625901e-04
2.61718750e-02	5.66680680e-06	5.57273745e-04
2.62207031e-02	5.69408240e-06	5.59934807e-04
2.62695313e-02	5.72148825e-06	5.62609154e-04
2.63183594e-02	5.74902502e-06	5.65296849e-04
2.63671875e-02	5.77669335e-06	5.67997960e-04
2.64160156e-02	5.80449390e-06	5.70712552e-04
2.64648438e-02	5.83242733e-06	5.73440691e-04
2.65136719e-02	5.86049430e-06	5.76182446e-04
2.65625000e-02	5.88869548e-06	5.78937882e-04
2.66113281e-02	5.91703154e-06	5.81707068e-04
2.66601563e-02	5.94550315e-06	5.84490071e-04
2.67089844e-02	5.97411099e-06	5.87286959e-04
2.67578125e-02	6.00285573e-06	5.90097802e-04
2.68066406e-02	6.03173807e-06	5.92922668e-04
2.68554688e-02	6.06075868e-06	5.95761626e-04
2.69042969e-02	6.08991826e-06	5.98614746e-04
2.69531250e-02	6.11921750e-06	6.01482099e-04
2.70019531e-02	6.14865710e-06	6.04363753e-04
2.70507813e-02	6.17823775e-06	6.07259781e-04
2.70996094e-02	6.20796016e-06	6.10170253e-04
2.71484375e-02	6.23782504e-06	6.13095240e-04
2.71972656e-02	6.26783310e-06	6.16034815e-04
2.72460938e-02	6.29798505e-06	6.18989049e-04
2.72949219e-02	6.32828161e-06	6.21958015e-04
2.73437500e-02	6.35872350e-06	6.24941787e-04
2.73925781e-02	6.38931144e-06	6.27940436e-04
2.74414063e-02	6.42004617e-06	6.30954037e-04
2.74902344e-02	6.45092842e-06	6.33982664e-04
2.75390625e-02	6.48195891e-06	6.37026391e-04
2.75878906e-02	6.51313839e-06	6.40085292e-04
2.76367188e-02	6.54446761e-06	6.43159444e-04
2.76855469e-02	6.57594731e-06	6.46248922e-04
2.77343750e-02	6.60757823e-06	6.49353801e-04
2.77832031e-02	6.63936114e-06	6.52474157e-04
2.78320312e-02	6.67129679e-06	6.55610068e-04
2.78808594e-02	6.70338595e-06	6.58761611e-04
2.79296875e-02	6.73562937e-06	6.61928862e-04
2.79785156e-02	6.76802782e-06	6.65111900e-04
2.80273438e-02	6.80058209e-06	6.68310804e-04
2.80761719e-02	6.83329294e-06	6.71525650e-04
2.81250000e-02	6.86616115e-06	6.74756520e-04
2.81738281e-02	6.89918752e-06	6.78003491e-04
2.82226563e-02	6.93237283e-06	6.81266645e-04
2.82714844e-02	6.96571786e-06	6.84546060e-04
2.83203125e-02	6.99922343e-06	6.87841819e-04
2.83691406e-02	7.03289032e-06	6.91154001e-04
2.84179688e-02	7.06671934e-06	6.94482688e-04
2.84667969e-02	7.10071130e-06	6.97827963e-04
2.85156250e-02	7.13486701e-06	7.01189908e-04
2.85644531e-02	7.16918728e-06	7.04568604e-04
2.86132813e-02	7.20367295e-06	7.07964136e-04
2.86621094e-02	7.23832482e-06	7.11376587e-04
2.87109375e-02	7.27314373e-06	7.14806041e-04
2.87597656e-02	7.30813051e-06	7.18252582e-04
2.88085938e-02	7.34328600e-06	7.21716295e-04
2.88574219e-02	7.37861104e-06	7.25197265e-04
2.89062500e-02	7.41410647e-06	7.28695579e-04
2.89550781e-02	7.44977315e-06	7.32211322e-04
2.90039063e-02	7.48561191e-06	7.35744580e-04
2.90527344e-02	7.52162363e-06	7.39295442e-04
2.91015625e-02	7.55780917e-06	7.42863994e-04
2.91503906e-02	7.59416938e-06	7.46450323e-04
2.91992188e-02	7.63070514e-06	7.50054520e-04
2.92480469e-02	7.66741733e-06	7.53676671e-04
2.92968750e-02	7.70430682e-06	7.57316867e-04
2.93457031e-02	7.74137450e-06	7.60975197e-04
2.93945313e-02	7.77862125e-06	7.64651752e-04
2.94433594e-02	7.81604797e-06	7.68346621e-04
2.94921875e-02	7.85365555e-06	7.72059896e-04
2.95410156e-02	7.89144489e-06	7.75791669e-04
2.95898438e-02	7.92941691e-06	7.79542031e-04
2.96386719e-02	7.96757250e-06	7.83311075e-04
2.96875000e-02	8.00591259e-06	7.87098894e-04
2.97363281e-02	8.04443809e-06	7.90905581e-04
2.97851562e-02	8.08314992e-06	7.94731230e-04
2.98339844e-02	8.12204902e-06	7.98575935e-04
2.98828125e-02	8.16113632e-06	8.02439792e-04
2.99316406e-02	8.20041275e-06	8.06322895e-04
2.99804688e-02	8.23987926e-06	8.10225340e-04
3.00292969e-02	8.27953680e-06	8.14147224e-04
3.00781250e-02	8.31938631e-06	8.18088643e-04
3.01269531e-02	8.35942875e-06	8.22049695e-04
3.01757813e-02	8.39966508e-06	8.26030477e-04
3.02246094e-02	8.44009627e-06	8.30031087e-04
3.02734375e-02	8.48072329e-06	8.34051625e-04
3.03222656e-02	8.52154711e-06	8.38092189e-04
3.03710938e-02	8.56256872e-06	8.42152879e-04
3.04199219e-02	8.60378910e-06	8.46233796e-04
3.04687500e-02	8.64520924e-06	8.50335039e-04
3.05175781e-02	8.68683013e-06	8.54456711e-04
3.05664063e-02	8.72865277e-06	8.58598913e-04
3.06152344e-02	8.77067818e-06	8.62761748e-04
3.06640625e-02	8.81290736e-06	8.66945317e-04
3.07128906e-02	8.85534132e-06	8.71149726e-04
3.07617188e-02	8.89798108e-06	8.75375076e-04
3.08105469e-02	8.94082768e-06	8.79621474e-04
3.08593750e-02	8.98388214e-06	8.83889023e-04
3.09082031e-02	9.02714549e-06	8.88177829e-04
3.09570313e-02	9.07061877e-06	8.92487998e-04
3.10058594e-02	9.11430304e-06	8.96819636e-04
3.10546875e-02	9.15819934e-06	9.01172851e-04
3.11035156e-02	9.20230873e-06	9.05547751e-04
3.11523438e-02	9.24663227e-06	9.09944442e-04
3.12011719e-02	9.29117103e-06	9.14363035e-04
3.12500000e-02	9.33592607e-06	9.18803637e-04
3.12988281e-02	9.38089849e-06	9.23266360e-04
3.13476563e-02	9.42608935e-06	9.27751313e-04
3.13964844e-02	9.47149975e-06	9.32258607e-04
3.14453125e-02	9.51713078e-06	9.36788353e-04
3.14941406e-02	9.56298353e-06	9.41340665e-04
3.15429688e-02	9.60905913e-06	9.45915653e-04
3.15917969e-02	9.65535867e-06	9.50513432e-04
3.16406250e-02	9.70188326e-06	9.55134115e-04
3.16894531e-02	9.74863404e-06	9.59777816e-04
3.17382812e-02	9.79561213e-06	9.64444651e-04
3.17871094e-02	9.84281866e-06	9.69134734e-04
3.18359375e-02	9.89025477e-06	9.73848183e-04
3.18847656e-02	9.93792159e-06	9.78585112e-04
3.19335938e-02	9.98582029e-06	9.83345641e-04
3.19824219e-02	1.00339520e-05	9.88129885e-04
3.20312500e-02	1.00823179e-05	9.92937965e-04
3.20800781e-02	1.01309192e-05	9.97769999e-04
3.21289062e-02	1.01797570e-05	1.00262611e-03
3.21777344e-02	1.02288325e-05	1.00750641e-03
3.22265625e-02	1.02781469e-05	1.01241102e-03
3.22753906e-02	1.03277014e-05	1.01734007e-03
3.23242188e-02	1.03774971e-05	1.02229368e-03
3.23730469e-02	1.04275353e-05	1.02727198e-03
3.24218750e-02	1.04778172e-05	1.03227507e-03
3.24707031e-02	1.05283441e-05	1.03730309e-03
3.25195313e-02	1.05791170e-05	1.04235617e-03
3.25683594e-02	1.06301373e-05	1.04743442e-03
3.26171875e-02	1.06814061e-05	1.05253798e-03
3.26660156e-02	1.07329248e-05	1.05766697e-03
3.27148438e-02	1.07846945e-05	1.06282151e-03
3.27636719e-02	1.08367166e-05	1.06800174e-03
3.28125000e-02	1.08889922e-05	1.07320778e-03
3.28613281e-02	1.09415227e-05	1.07843977e-03
3.29101563e-02	1.09943092e-05	1.08369782e-03
3.29589844e-02	1.10473532e-05	1.08898208e-03
3.30078125e-02	1.11006558e-05	1.09429268e-03
3.30566406e-02	1.11542183e-05	1.09962973e-03
3.31054687e-02	1.12080421e-05	1.10499339e-03
3.31542969e-02	1.12621285e-05	1.11038377e-03
3.32031250e-02	1.13164787e-05	1.11580102e-03
3.32519531e-02	1.13710941e-05	1.12124527e-03
3.33007813e-02	1.14259760e-05	1.12671665e-03
3.33496094e-02	1.14811257e-05	1.13221531e-03
3.33984375e-02	1.15365446e-05	1.13774136e-03
3.34472656e-02	1.15922339e-05	1.14329496e-03
3.34960938e-02	1.16481951e-05	1.14887624e-03
3.35449219e-02	1.17044295e-05	1.15448534e-03
3.35937500e-02	1.17609385e-05	1.16012240e-03
3.36425781e-02	1.18177234e-05	1.16578755e-03
3.36914062e-02	1.18747857e-05	1.17148095e-03
3.37402344e-02	1.19321266e-05	1.17720272e-03
3.37890625e-02	1.19897476e-05	1.18295302e-03
3.38378906e-02	1.20476500e-05	1.18873198e-03
3.38867188e-02	1.21058354e-05	1.19453975e-03
3.39355469e-02	1.21643050e-05	1.20037648e-03
3.39843750e-02	1.22230603e-05	1.20624230e-03
3.40332031e-02	1.22821028e-05	1.21213736e-03
3.40820312e-02	1.23414338e-05	1.21806181e-03
3.41308594e-02	1.24010549e-05	1.22401580e-03
3.41796875e-02	1.24609674e-05	1.22999948e-03
3.42285156e-02	1.25211727e-05	1.23601299e-03
3.42773438e-02	1.25816725e-05	1.24205648e-03
3.43261719e-02	1.26424681e-05	1.24813010e-03
3.43750000e-02	1.27035609e-05	1.25423401e-03
3.44238281e-02	1.27649526e-05	1.26036835e-03
3.44726563e-02	1.28266445e-05	1.26653328e-03
3.45214844e-02	1.28886382e-05	1.27272896e-03
3.45703125e-02	1.29509352e-05	1.27895553e-03
3.46191406e-02	1.30135370e-05	1.28521314e-03
3.46679688e-02	1.30764451e-05	1.29150197e-03
3.47167969e-02	1.31396610e-05	1.29782215e-03
3.47656250e-02	1.32031863e-05	1.30417386e-03
3.48144531e-02	1.32670225e-05	1.31055724e-03
3.48632813e-02	1.33311712e-05	1.31697246e-03
3.49121094e-02	1.33956339e-05	1.32341967e-03
3.49609375e-02	1.34604122e-05	1.32989904e-03
3.50097656e-02	1.35255076e-05	1.33641072e-03
3.50585937e-02	1.35909218e-05	1.34295489e-03
3.51074219e-02	1.36566563e-05	1.34953169e-03
3.51562500e-02	1.37227128e-05	1.35614130e-03
3.52050781e-02	1.37890928e-05	1.36278389e-03
3.52539063e-02	1.38557980e-05	1.36945960e-03
3.53027344e-02	1.39228299e-05	1.37616862e-03
3.53515625e-02	1.39901903e-05	1.38291110e-03
3.54003906e-02	1.40578807e-05	1.38968723e-03
3.54492188e-02	1.41259027e-05	1.39649715e-03
3.54980469e-02	1.41942582e-05	1.40334105e-03
3.55468750e-02	1.42629486e-05	1.41021910e-03
3.55957031e-02	1.43319757e-05	1.41713146e-03
3.56445312e-02	1.44013412e-05	1.42407831e-03
3.56933594e-02	1.44710467e-05	1.43105981e-03
3.57421875e-02	1.45410940e-05	1.43807616e-03
3.57910156e-02	1.46114847e-05	1.44512751e-03
3.58398438e-02	1.46822206e-05	1.45221405e-03
3.58886719e-02	1.47533033e-05	1.45933595e-03
3.59375000e-02	1.48247347e-05	1.46649339e-03
3.59863281e-02	1.48965164e-05	1.47368655e-03
3.60351562e-02	1.49686503e-05	1.48091560e-03
3.60839844e-02	1.50411380e-05	1.48818073e-03
3.61328125e-02	1.51139813e-05	1.49548212e-03
3.61816406e-02	1.51871821e-05	1.50281995e-03
3.62304688e-02	1.52607420e-05	1.51019440e-03
3.62792969e-02	1.53346629e-05	1.51760565e-03
3.63281250e-02	1.54089466e-05	1.52505390e-03
3.63769531e-02	1.54835948e-05	1.53253933e-03
3.64257813e-02	1.55586095e-05	1.54006212e-03
3.64746094e-02	1.56339924e-05	1.54762245e-03
3.65234375e-02	1.57097454e-05	1.55522053e-03
3.65722656e-02	1.57858704e-05	1.56285654e-03
3.66210938e-02	1.58623691e-05	1.57053067e-03
3.66699219e-02	1.59392434e-05	1.57824311e-03
3.67187500e-02	1.60164953e-05	1.58599405e-03
3.67675781e-02	1.60941266e-05	1.59378368e-03
3.68164063e-02	1.61721392e-05	1.60161221e-03
3.68652344e-02	1.62505350e-05	1.60947983e-03
3.69140625e-02	1.63293159e-05	1.61738672e-03
3.69628906e-02	1.64084839e-05	1.62533310e-03
3.70117187e-02	1.64880408e-05	1.63331916e-03
3.70605469e-02	1.65679887e-05	1.64134509e-03
3.71093750e-02	1.66483294e-05	1.64941110e-03
3.71582031e-02	1.67290650e-05	1.65751739e-03
3.72070313e-02	1.68101973e-05	1.66566416e-03
3.72558594e-02	1.68917285e-05	1.67385161e-03
3.73046875e-02	1.69736604e-05	1.68207995e-03
3.73535156e-02	1.70559951e-05	1.69034939e-03
3.74023438e-02	1.71387346e-05	1.69866013e-03
3.74511719e-02	1.72218809e-05	1.70701238e-03
3.75000000e-02	1.73054360e-05	1.71540634e-03
3.75488281e-02	1.73894021e-05	1.72384223e-03
3.75976562e-02	1.74737810e-05	1.73232026e-03
3.76464844e-02	1.75585750e-05	1.74084064e-03
3.76953125e-02	1.76437861e-05	1.74940358e-03
3.77441406e-02	1.77294163e-05	1.75800929e-03
3.77929688e-02	1.78154677e-05	1.76665800e-03
3.78417969e-02	1.79019425e-05	1.77534991e-03
3.78906250e-02	1.79888428e-05	1.78408525e-03
3.79394531e-02	1.80761706e-05	1.79286423e-03
3.79882813e-02	1.81639282e-05	1.80168707e-03
3.80371094e-02	1.82521177e-05	1.81055399e-03
3.80859375e-02	1.83407412e-05	1.81946522e-03
3.81347656e-02	1.84298010e-05	1.82842097e-03
3.81835938e-02	1.85192991e-05	1.83742148e-03
3.82324219e-02	1.86092377e-05	1.84646696e-03
3.82812500e-02	1.86996192e-05	1.85555764e-03
3.83300781e-02	1.87904457e-05	1.86469375e-03
3.83789063e-02	1.88817193e-05	1.87387552e-03
3.84277344e-02	1.89734424e-05	1.88310318e-03
3.84765625e-02	1.90656172e-05	1.89237695e-03
3.85253906e-02	1.91582460e-05	1.90169707e-03
3.85742188e-02	1.92513310e-05	1.91106378e-03
3.86230469e-02	1.93448745e-05	1.92047730e-03
3.86718750e-02	1.94388787e-05	1.92993788e-03
3.87207031e-02	1.95333461e-05	1.93944574e-03
3.87695313e-02	1.96282789e-05	1.94900114e-03
3.88183594e-02	1.97236794e-05	1.95860430e-03
3.88671875e-02	1.98195500e-05	1.96825546e-03
3.89160156e-02	1.99158931e-05	1.97795488e-03
3.89648438e-02	2.00127109e-05	1.98770278e-03
3.90136719e-02	2.01100058e-05	1.99749942e-03
3.90625000e-02	2.02077804e-05	2.00734505e-03
3.91113281e-02	2.03060368e-05	2.01723989e-03
3.91601563e-02	2.04047777e-05	2.02718421e-03
3.92089844e-02	2.05040053e-05	2.03717826e-03
3.92578125e-02	2.06037221e-05	2.04722228e-03
3.93066406e-02	2.07039305e-05	2.05731652e-03
3.93554688e-02	2.08046331e-05	2.06746125e-03
3.94042969e-02	2.09058323e-05	2.07765670e-03
3.94531250e-02	2.10075305e-05	2.08790314e-03
3.95019531e-02	2.11097303e-05	2.09820083e-03
3.95507812e-02	2.12124342e-05	2.10855001e-03
3.95996094e-02	2.13156447e-05	2.11895096e-03
3.96484375e-02	2.14193643e-05	2.12940393e-03
3.96972656e-02	2.15235956e-05	2.13990919e-03
3.97460938e-02	2.16283411e-05	2.15046699e-03
3.97949219e-02	2.17336034e-05	2.16107760e-03
3.98437500e-02	2.18393851e-05	2.17174129e-03
3.98925781e-02	2.19456888e-05	2.18245832e-03
3.99414063e-02	2.20525171e-05	2.19322897e-03
3.99902344e-02	2.21598726e-05	2.20405350e-03
4.00390625e-02	2.22677580e-05	2.21493219e-03
4.00878906e-02	2.23761759e-05	2.22586530e-03
4.01367188e-02	2.24851290e-05	2.23685311e-03
4.01855469e-02	2.25946200e-05	2.24789590e-03
4.02343750e-02	2.27046515e-05	2.25899395e-03
4.02832031e-02	2.28152262e-05	2.27014753e-03
4.03320313e-02	2.29263469e-05	2.28135692e-03
4.03808594e-02	2.30380163e-05	2.29262240e-03
4.04296875e-02	2.31502372e-05	2.30394425e-03
4.04785156e-02	2.32630123e-05	2.31532277e-03
4.05273438e-02	2.33763443e-05	2.32675823e-03
4.05761719e-02	2.34902361e-05	2.33825092e-03
4.06250000e-02	2.36046905e-05	2.34980114e-03
4.06738281e-02	2.37197103e-05	2.36140916e-03
4.07226563e-02	2.38352983e-05	2.37307529e-03
4.07714844e-02	2.39514574e-05	2.38479980e-03
4.08203125e-02	2.40681904e-05	2.39658301e-03
4.08691406e-02	2.41855001e-05	2.40842520e-03
4.09179688e-02	2.43033896e-05	2.42032667e-03
4.09667969e-02	2.44218616e-05	2.43228773e-03
4.10156250e-02	2.45409191e-05	2.44430866e-03
4.10644531e-02	2.46605651e-05	2.45638977e-03
4.11132813e-02	2.47808024e-05	2.46853137e-03
4.11621094e-02	2.49016341e-05	2.48073376e-03
4.12109375e-02	2.50230631e-05	2.49299725e-03
4.12597656e-02	2.51450924e-05	2.50532214e-03
4.13085938e-02	2.52677250e-05	2.51770874e-03
4.13574219e-02	2.53909639e-05	2.53015737e-03
4.14062500e-02	2.55148122e-05	2.54266834e-03
4.14550781e-02	2.56392729e-05	2.55524196e-03
4.15039062e-02	2.57643490e-05	2.56787855e-03
4.15527344e-02	2.58900438e-05	2.58057842e-03
4.16015625e-02	2.60163602e-05	2.59334190e-03
4.16503906e-02	2.61433014e-05	2.60616930e-03
4.16992188e-02	2.62708705e-05	2.61906095e-03
4.17480469e-02	2.63990706e-05	2.63201717e-03
4.17968750e-02	2.65279050e-05	2.64503829e-03
4.18457031e-02	2.66573768e-05	2.65812463e-03
4.18945313e-02	2.67874891e-05	2.67127653e-03
4.19433594e-02	2.69182452e-05	2.68449431e-03
4.19921875e-02	2.70496484e-05	2.69777830e-03
4.20410156e-02	2.71817017e-05	2.71112885e-03
4.20898438e-02	2.73144087e-05	2.72454628e-03
4.21386719e-02	2.74477724e-05	2.73803094e-03
4.21875000e-02	2.75817961e-05	2.75158315e-03
4.22363281e-02	2.77164833e-05	2.76520327e-03
4.22851563e-02	2.78518372e-05	2.77889164e-03
4.23339844e-02	2.79878611e-05	2.79264859e-03
4.23828125e-02	2.81245585e-05	2.80647448e-03
4.24316406e-02	2.82619326e-05	2.82036966e-03
4.24804688e-02	2.83999869e-05	2.83433447e-03
4.25292969e-02	2.85387248e-05	2.84836926e-03
4.25781250e-02	2.86781497e-05	2.86247439e-03
4.26269531e-02	2.88182650e-05	2.87665021e-03
4.26757813e-02	2.89590743e-05	2.89089708e-03
4.27246094e-02	2.91005809e-05	2.90521536e-03
4.27734375e-02	2.92427885e-05	2.91960540e-03
4.28222656e-02	2.93857004e-05	2.93406758e-03
4.28710938e-02	2.95293203e-05	2.94860225e-03
4.29199219e-02	2.96736516e-05	2.96320978e-03
4.29687500e-02	2.98186980e-05	2.97789054e-03
4.30175781e-02	2.99644630e-05	2.99264489e-03
4.30664063e-02	3.01109503e-05	3.00747322e-03
4.31152344e-02	3.02581634e-05	3.02237588e-03
4.31640625e-02	3.04061060e-05	3.03735326e-03
4.32128906e-02	3.05547818e-05	3.05240574e-03
4.32617188e-02	3.07041944e-05	3.06753369e-03
4.33105469e-02	3.08543475e-05	3.08273750e-03
4.33593750e-02	3.10052448e-05	3.09801754e-03
4.34082031e-02	3.11568901e-05	3.11337420e-03
4.34570312e-02	3.13092871e-05	3.12880787e-03
4.35058594e-02	3.14624396e-05	3.14431895e-03
4.35546875e-02	3.16163514e-05	3.15990781e-03
4.36035156e-02	3.17710263e-05	3.17557485e-03
4.36523438e-02	3.19264681e-05	3.19132046e-03
4.37011719e-02	3.20826806e-05	3.20714505e-03
4.37500000e-02	3.22396678e-05	3.22304902e-03
4.37988281e-02	3.23974334e-05	3.23903275e-03
4.38476563e-02	3.25559815e-05	3.25509666e-03
4.38964844e-02	3.27153159e-05	3.27124115e-03
4.39453125e-02	3.28754406e-05	3.28746662e-03
4.39941406e-02	3.30363596e-05	3.30377350e-03
4.40429688e-02	3.31980768e-05	3.32016218e-03
4.40917969e-02	3.33605962e-05	3.33663308e-03
4.41406250e-02	3.35239219e-05	3.35318661e-03
4.41894531e-02	3.36880578e-05	3.36982320e-03
4.42382813e-02	3.38530082e-05	3.38654326e-03
4.42871094e-02	3.40187770e-05	3.40334722e-03
4.43359375e-02	3.41853684e-05	3.42023549e-03
4.43847656e-02	3.43527864e-05	3.43720851e-03
4.44335938e-02	3.45210354e-05	3.45426670e-03
4.44824219e-02	3.46901193e-05	3.47141049e-03
4.45312500e-02	3.48600424e-05	3.48864032e-03
4.45800781e-02	3.50308089e-05	3.50595661e-03
4.46289063e-02	3.52024231e-05	3.52335981e-03
4.46777344e-02	3.53748892e-05	3.54085036e-03
4.47265625e-02	3.55482114e-05	3.55842870e-03
4.47753906e-02	3.57223941e-05	3.57609526e-03
4.48242188e-02	3.58974416e-05	3.59385050e-03
4.48730469e-02	3.60733582e-05	3.61169487e-03
4.49218750e-02	3.62501484e-05	3.62962881e-03
4.49707031e-02	3.64278164e-05	3.64765278e-03
4.50195313e-02	3.66063667e-05	3.66576722e-03
4.50683594e-02	3.67858037e-05	3.68397261e-03
4.51171875e-02	3.69661319e-05	3.70226940e-03
4.51660156e-02	3.71473557e-05	3.72065805e-03
4.52148438e-02	3.73294796e-05	3.73913903e-03
4.52636719e-02	3.75125082e-05	3.75771279e-03
4.53125000e-02	3.76964460e-05	3.77637982e-03
4.53613281e-02	3.78812976e-05	3.79514058e-03
4.54101562e-02	3.80670675e-05	3.81399555e-03
4.54589844e-02	3.82537604e-05	3.83294520e-03
4.55078125e-02	3.84413809e-05	3.85199001e-03
4.55566406e-02	3.86299337e-05	3.87113047e-03
4.56054688e-02	3.88194234e-05	3.89036705e-03
4.56542969e-02	3.90098547e-05	3.90970024e-03
4.57031250e-02	3.92012324e-05	3.92913053e-03
4.57519531e-02	3.93935612e-05	3.94865841e-03
4.58007813e-02	3.95868460e-05	3.96828438e-03
4.58496094e-02	3.97810914e-05	3.98800893e-03
4.58984375e-02	3.99763024e-05	4.00783255e-03
4.59472656e-02	4.01724837e-05	4.02775576e-03
4.59960938e-02	4.03696403e-05	4.04777905e-03
4.60449219e-02	4.05677771e-05	4.06790293e-03
4.60937500e-02	4.07668989e-05	4.08812791e-03
4.61425781e-02	4.09670108e-05	4.10845450e-03
4.61914063e-02	4.11681177e-05	4.12888322e-03
4.62402344e-02	4.13702246e-05	4.14941457e-03
4.62890625e-02	4.15733365e-05	4.17004908e-03
4.63378906e-02	4.17774585e-05	4.19078728e-03
4.63867188e-02	4.19825956e-05	4.21162968e-03
4.64355469e-02	4.21887530e-05	4.23257681e-03
4.64843750e-02	4.23959358e-05	4.25362921e-03
4.65332031e-02	4.26041490e-05	4.27478740e-03
4.65820313e-02	4.28133981e-05	4.29605192e-03
4.66308594e-02	4.30236880e-05	4.31742330e-03
4.66796875e-02	4.32350240e-05	4.33890210e-03
4.67285156e-02	4.34474115e-05	4.36048885e-03
4.67773438e-02	4.36608557e-05	4.38218409e-03
4.68261719e-02	4.38753618e-05	4.40398839e-03
4.68750000e-02	4.40909354e-05	4.42590228e-03
4.69238281e-02	4.43075816e-05	4.44792633e-03
4.69726563e-02	4.45253059e-05	4.47006108e-03
4.70214844e-02	4.47441137e-05	4.49230711e-03
4.70703125e-02	4.49640105e-05	4.51466498e-03
4.71191406e-02	4.51850017e-05	4.53713524e-03
4.71679688e-02	4.54070928e-05	4.55971847e-03
4.72167969e-02	4.56302895e-05	4.58241524e-03
4.72656250e-02	4.58545971e-05	4.60522613e-03
4.73144531e-02	4.60800214e-05	4.62815170e-03
4.73632812e-02	4.63065679e-05	4.65119256e-03
4.74121094e-02	4.65342422e-05	4.67434926e-03
4.74609375e-02	4.67630501e-05	4.69762242e-03
4.75097656e-02	4.69929973e-05	4.72101260e-03
4.75585938e-02	4.72240894e-05	4.74452041e-03
4.76074219e-02	4.74563322e-05	4.76814644e-03
4.76562500e-02	4.76897316e-05	4.79189128e-03
4.77050781e-02	4.79242933e-05	4.81575555e-03
4.77539063e-02	4.81600231e-05	4.83973984e-03
4.78027344e-02	4.83969271e-05	4.86384476e-03
4.78515625e-02	4.86350109e-05	4.88807093e-03
4.79003906e-02	4.88742807e-05	4.91241895e-03
4.79492188e-02	4.91147423e-05	4.93688945e-03
4.79980469e-02	4.93564018e-05	4.96148304e-03
4.80468750e-02	4.95992652e-05	4.98620034e-03
4.80957031e-02	4.98433385e-05	5.01104199e-03
4.81445313e-02	5.00886278e-05	5.03600862e-03
4.81933594e-02	5.03351393e-05	5.06110084e-03
4.82421875e-02	5.05828790e-05	5.08631931e-03
4.82910156e-02	5.08318532e-05	5.11166466e-03
4.83398438e-02	5.10820681e-05	5.13713754e-03
4.83886719e-02	5.13335300e-05	5.16273858e-03
4.84375000e-02	5.15862450e-05	5.18846845e-03
4.84863281e-02	5.18402195e-05	5.21432778e-03
4.85351563e-02	5.20954598e-05	5.24031724e-03
4.85839844e-02	5.23519724e-05	5.26643748e-03
4.86328125e-02	5.26097636e-05	5.29268918e-03
4.86816406e-02	5.28688398e-05	5.31907298e-03
4.87304688e-02	5.31292076e-05	5.34558957e-03
4.87792969e-02	5.33908733e-05	5.37223962e-03
4.88281250e-02	5.36538436e-05	5.39902379e-03
4.88769531e-02	5.39181250e-05	5.42594278e-03
4.89257813e-02	5.41837241e-05	5.45299726e-03
4.89746094e-02	5.44506476e-05	5.48018793e-03
4.90234375e-02	5.47189021e-05	5.50751546e-03
4.90722656e-02	5.49884943e-05	5.53498055e-03
4.91210938e-02	5.52594309e-05	5.56258391e-03
4.91699219e-02	5.55317187e-05	5.59032623e-03
4.92187500e-02	5.58053646e-05	5.61820821e-03
4.92675781e-02	5.60803753e-05	5.64623056e-03
4.93164062e-02	5.63567578e-05	5.67439400e-03
4.93652344e-02	5.66345188e-05	5.70269924e-03
4.94140625e-02	5.69136655e-05	5.73114699e-03
4.94628906e-02	5.71942046e-05	5.75973799e-03
4.95117188e-02	5.74761434e-05	5.78847295e-03
4.95605469e-02	5.77594887e-05	5.81735260e-03
4.96093750e-02	5.80442478e-05	5.84637768e-03
4.96582031e-02	5.83304276e-05	5.87554893e-03
4.97070313e-02	5.86180354e-05	5.90486709e-03
4.97558594e-02	5.89070784e-05	5.93433289e-03
4.98046875e-02	5.91975638e-05	5.96394709e-03
4.98535156e-02	5.94894988e-05	5.99371045e-03
4.99023438e-02	5.97828907e-05	6.02362371e-03
4.99511719e-02	6.00777469e-05	6.05368764e-03
5.00000000e-02	6.03740748e-05	6.08390299e-03
5.00488281e-02	6.06718818e-05	6.11427055e-03
5.00976563e-02	6.09711753e-05	6.14479108e-03
5.01464844e-02	6.12719628e-05	6.17546535e-03
5.01953125e-02	6.15742519e-05	6.20629414e-03
5.02441406e-02	6.18780500e-05	6.23727824e-03
5.02929688e-02	6.21833649e-05	6.26841844e-03
5.03417969e-02	6.24902041e-05	6.29971552e-03
5.03906250e-02	6.27985753e-05	6.33117029e-03
5.04394531e-02	6.31084863e-05	6.36278354e-03
5.04882813e-02	6.34199448e-05	6.39455607e-03
5.05371094e-02	6.37329586e-05	6.42648869e-03
5.05859375e-02	6.40475355e-05	6.45858222e-03
5.06347656e-02	6.43636834e-05	6.49083747e-03
5.06835938e-02	6.46814103e-05	6.52325526e-03
5.07324219e-02	6.50007241e-05	6.55583641e-03
5.07812500e-02	6.53216327e-05	6.58858176e-03
5.08300781e-02	6.56441443e-05	6.62149213e-03
5.08789063e-02	6.59682669e-05	6.65456836e-03
5.09277344e-02	6.62940086e-05	6.68781130e-03
5.09765625e-02	6.66213775e-05	6.72122178e-03
5.10253906e-02	6.69503820e-05	6.75480066e-03
5.10742188e-02	6.72810302e-05	6.78854880e-03
5.11230469e-02	6.76133303e-05	6.82246705e-03
5.11718750e-02	6.79472909e-05	6.85655627e-03
5.12207031e-02	6.82829201e-05	6.89081733e-03
5.12695312e-02	6.86202265e-05	6.92525111e-03
5.13183594e-02	6.89592184e-05	6.95985847e-03
5.13671875e-02	6.92999044e-05	6.99464030e-03
5.14160156e-02	6.96422930e-05	7.02959749e-03
5.14648438e-02	6.99863928e-05	7.06473092e-03
5.15136719e-02	7.03322125e-05	7.10004149e-03
5.15625000e-02	7.06797606e-05	7.13553010e-03
5.16113281e-02	7.10290460e-05	7.17119764e-03
5.16601563e-02	7.13800773e-05	7.20704503e-03
5.17089844e-02	7.17328634e-05	7.24307319e-03
5.17578125e-02	7.20874131e-05	7.27928302e-03
5.18066406e-02	7.24437353e-05	7.31567545e-03
5.18554688e-02	7.28018390e-05	7.35225140e-03
5.19042969e-02	7.31617331e-05	7.38901182e-03
5.19531250e-02	7.35234267e-05	7.42595762e-03
5.20019531e-02	7.38869288e-05	7.46308976e-03
5.20507813e-02	7.42522486e-05	7.50040918e-03
5.20996094e-02	7.46193953e-05	7.53791682e-03
5.21484375e-02	7.49883779e-05	7.57561366e-03
5.21972656e-02	7.53592059e-05	7.61350063e-03
5.22460938e-02	7.57318885e-05	7.65157872e-03
5.22949219e-02	7.61064351e-05	7.68984888e-03
5.23437500e-02	7.64828550e-05	7.72831210e-03
5.23925781e-02	7.68611578e-05	7.76696936e-03
5.24414063e-02	7.72413529e-05	7.80582163e-03
5.24902344e-02	7.76234499e-05	7.84486991e-03
5.25390625e-02	7.80074583e-05	7.88411520e-03
5.25878906e-02	7.83933878e-05	7.92355849e-03
5.26367188e-02	7.87812482e-05	7.96320078e-03
5.26855469e-02	7.91710490e-05	8.00304310e-03
5.27343750e-02	7.95628003e-05	8.04308645e-03
5.27832031e-02	7.99565116e-05	8.08333186e-03
5.28320313e-02	8.03521931e-05	8.12378034e-03
5.28808594e-02	8.07498545e-05	8.16443294e-03
5.29296875e-02	8.11495060e-05	8.20529069e-03
5.29785156e-02	8.15511575e-05	8.24635462e-03
5.30273438e-02	8.19548191e-05	8.28762580e-03
5.30761719e-02	8.23605010e-05	8.32910526e-03
5.31250000e-02	8.27682134e-05	8.37079406e-03
5.31738281e-02	8.31779665e-05	8.41269328e-03
5.32226562e-02	8.35897707e-05	8.45480397e-03
5.32714844e-02	8.40036362e-05	8.49712721e-03
5.33203125e-02	8.44195735e-05	8.53966408e-03
5.33691406e-02	8.48375930e-05	8.58241567e-03
5.34179688e-02	8.52577053e-05	8.62538307e-03
5.34667969e-02	8.56799208e-05	8.66856736e-03
5.35156250e-02	8.61042504e-05	8.71196966e-03
5.35644531e-02	8.65307045e-05	8.75559106e-03
5.36132813e-02	8.69592939e-05	8.79943270e-03
5.36621094e-02	8.73900295e-05	8.84349567e-03
5.37109375e-02	8.78229220e-05	8.88778110e-03
5.37597656e-02	8.82579823e-05	8.93229013e-03
5.38085938e-02	8.86952214e-05	8.97702390e-03
5.38574219e-02	8.91346503e-05	9.02198353e-03
5.39062500e-02	8.95762801e-05	9.06717019e-03
5.39550781e-02	9.00201217e-05	9.11258501e-03
5.40039063e-02	9.04661865e-05	9.15822917e-03
5.40527344e-02	9.09144857e-05	9.20410383e-03
5.41015625e-02	9.13650304e-05	9.25021015e-03
5.41503906e-02	9.18178322e-05	9.29654932e-03
5.41992188e-02	9.22729023e-05	9.34312251e-03
5.42480469e-02	9.27302522e-05	9.38993092e-03
5.42968750e-02	9.31898935e-05	9.43697574e-03
5.43457031e-02	9.36518377e-05	9.48425818e-03
5.43945313e-02	9.41160964e-05	9.53177943e-03
5.44433594e-02	9.45826814e-05	9.57954072e-03
5.44921875e-02	9.50516044e-05	9.62754326e-03
5.45410156e-02	9.55228771e-05	9.67578827e-03
5.45898438e-02	9.59965115e-05	9.72427700e-03
5.46386719e-02	9.64725195e-05	9.77301068e-03
5.46875000e-02	9.69509131e-05	9.82199054e-03
5.47363281e-02	9.74317043e-05	9.87121786e-03
5.47851563e-02	9.79149053e-05	9.92069387e-03
5.48339844e-02	9.84005282e-05	9.97041985e-03
5.48828125e-02	9.88885852e-05	1.00203971e-02
5.49316406e-02	9.93790887e-05	1.00706268e-02
5.49804688e-02	9.98720511e-05	1.01211103e-02
5.50292969e-02	1.00367485e-04	1.01718489e-02
5.50781250e-02	1.00865402e-04	1.02228439e-02
5.51269531e-02	1.01365816e-04	1.02740966e-02
5.51757812e-02	1.01868738e-04	1.03256083e-02
5.52246094e-02	1.02374182e-04	1.03773803e-02
5.52734375e-02	1.02882160e-04	1.04294139e-02
5.53222656e-02	1.03392686e-04	1.04817105e-02
5.53710938e-02	1.03905771e-04	1.05342713e-02
5.54199219e-02	1.04421430e-04	1.05870979e-02
5.54687500e-02	1.04939674e-04	1.06401914e-02
5.55175781e-02	1.05460518e-04	1.06935533e-02
5.55664063e-02	1.05983973e-04	1.07471848e-02
5.56152344e-02	1.06510054e-04	1.08010875e-02
5.56640625e-02	1.07038773e-04	1.08552627e-02
5.57128906e-02	1.07570145e-04	1.09097117e-02
5.57617188e-02	1.08104182e-04	1.09644359e-02
5.58105469e-02	1.08640897e-04	1.10194368e-02
5.58593750e-02	1.09180305e-04	1.10747157e-02
5.59082031e-02	1.09722419e-04	1.11302741e-02
5.59570313e-02	1.10267253e-04	1.11861134e-02
5.60058594e-02	1.10814820e-04	1.12422349e-02
5.60546875e-02	1.11365135e-04	1.12986403e-02
5.61035156e-02	1.11918210e-04	1.13553308e-02
5.61523438e-02	1.12474061e-04	1.14123079e-02
5.62011719e-02	1.13032700e-04	1.14695732e-02
5.62500000e-02	1.13594143e-04	1.15271280e-02
5.62988281e-02	1.14158403e-04	1.15849739e-02
5.63476563e-02	1.14725495e-04	1.16431123e-02
5.63964844e-02	1.15295433e-04	1.17015446e-02
5.64453125e-02	1.15868232e-04	1.17602725e-02
5.64941406e-02	1.16443905e-04	1.18192974e-02
5.65429688e-02	1.17022467e-04	1.18786208e-02
5.65917969e-02	1.17603934e-04	1.19382442e-02
5.66406250e-02	1.18188319e-04	1.19981691e-02
5.66894531e-02	1.18775637e-04	1.20583972e-02
5.67382813e-02	1.19365904e-04	1.21189299e-02
5.67871094e-02	1.19959134e-04	1.21797688e-02
5.68359375e-02	1.20555342e-04	1.22409154e-02
5.68847656e-02	1.21154543e-04	1.23023713e-02
5.69335938e-02	1.21756753e-04	1.23641381e-02
5.69824219e-02	1.22361986e-04	1.24262173e-02
5.70312500e-02	1.22970258e-04	1.24886106e-02
5.70800781e-02	1.23581585e-04	1.25513196e-02
5.71289062e-02	1.24195981e-04	1.26143458e-02
5.71777344e-02	1.24813462e-04	1.26776908e-02
5.72265625e-02	1.25434045e-04	1.27413564e-02
5.72753906e-02	1.26057743e-04	1.28053440e-02
5.73242188e-02	1.26684574e-04	1.28696555e-02
5.73730469e-02	1.27314554e-04	1.29342923e-02
5.74218750e-02	1.27947697e-04	1.29992562e-02
5.74707031e-02	1.28584020e-04	1.30645488e-02
5.75195313e-02	1.29223540e-04	1.31301718e-02
5.75683594e-02	1.29866272e-04	1.31961269e-02
5.76171875e-02	1.30512232e-04	1.32624157e-02
5.76660156e-02	1.31161438e-04	1.33290400e-02
5.77148438e-02	1.31813904e-04	1.33960015e-02
5.77636719e-02	1.32469649e-04	1.34633019e-02
5.78125000e-02	1.33128688e-04	1.35309429e-02
5.78613281e-02	1.33791039e-04	1.35989263e-02
5.79101563e-02	1.34456717e-04	1.36672537e-02
5.79589844e-02	1.35125740e-04	1.37359270e-02
5.80078125e-02	1.35798124e-04	1.38049478e-02
5.80566406e-02	1.36473888e-04	1.38743181e-02
5.81054688e-02	1.37153047e-04	1.39440395e-02
5.81542969e-02	1.37835619e-04	1.40141138e-02
5.82031250e-02	1.38521621e-04	1.40845429e-02
5.82519531e-02	1.39211071e-04	1.41553285e-02
5.83007813e-02	1.39903986e-04	1.42264724e-02
5.83496094e-02	1.40600384e-04	1.42979765e-02
5.83984375e-02	1.41300282e-04	1.43698427e-02
5.84472656e-02	1.42003698e-04	1.44420727e-02
5.84960938e-02	1.42710650e-04	1.45146683e-02
5.85449219e-02	1.43421155e-04	1.45876316e-02
5.85937500e-02	1.44135232e-04	1.46609643e-02
5.86425781e-02	1.44852899e-04	1.47346683e-02
5.86914063e-02	1.45574174e-04	1.48087455e-02
5.87402344e-02	1.46299075e-04	1.48831979e-02
5.87890625e-02	1.47027620e-04	1.49580272e-02
5.88378906e-02	1.47759829e-04	1.50332355e-02
5.88867188e-02	1.48495719e-04	1.51088247e-02
5.89355469e-02	1.49235309e-04	1.51847967e-02
5.89843750e-02	1.49978618e-04	1.52611534e-02
5.90332031e-02	1.50725666e-04	1.53378968e-02
5.90820312e-02	1.51476469e-04	1.54150290e-02
5.91308594e-02	1.52231049e-04	1.54925517e-02
5.91796875e-02	1.52989424e-04	1.55704672e-02
5.92285156e-02	1.53751612e-04	1.56487773e-02
5.92773438e-02	1.54517634e-04	1.57274840e-02
5.93261719e-02	1.55287509e-04	1.58065895e-02
5.93750000e-02	1.56061256e-04	1.58860956e-02
5.94238281e-02	1.56838895e-04	1.59660045e-02
5.94726563e-02	1.57620446e-04	1.60463183e-02
5.95214844e-02	1.58405929e-04	1.61270388e-02
5.95703125e-02	1.59195362e-04	1.62081684e-02
5.96191406e-02	1.59988768e-04	1.62897089e-02
5.96679688e-02	1.60786164e-04	1.63716625e-02
5.97167969e-02	1.61587573e-04	1.64540314e-02
5.97656250e-02	1.62393013e-04	1.65368176e-02
5.98144531e-02	1.63202507e-04	1.66200233e-02
5.98632813e-02	1.64016073e-04	1.67036506e-02
5.99121094e-02	1.64833733e-04	1.67877016e-02
5.99609375e-02	1.65655507e-04	1.68721785e-02
6.00097656e-02	1.66481417e-04	1.69570835e-02
6.00585938e-02	1.67311483e-04	1.70424187e-02
6.01074219e-02	1.68145726e-04	1.71281864e-02
6.01562500e-02	1.68984168e-04	1.72143887e-02
6.02050781e-02	1.69826830e-04	1.73010279e-02
6.02539063e-02	1.70673732e-04	1.73881062e-02
6.03027344e-02	1.71524898e-04	1.74756258e-02
6.03515625e-02	1.72380347e-04	1.75635890e-02
6.04003906e-02	1.73240103e-04	1.76519980e-02
6.04492188e-02	1.74104186e-04	1.77408551e-02
6.04980469e-02	1.74972619e-04	1.78301626e-02
6.05468750e-02	1.75845424e-04	1.79199228e-02
6.05957031e-02	1.76722623e-04	1.80101380e-02
6.06445313e-02	1.77604238e-04	1.81008105e-02
6.06933594e-02	1.78490291e-04	1.81919426e-02
6.07421875e-02	1.79380806e-04	1.82835368e-02
6.07910156e-02	1.80275804e-04	1.83755952e-02
6.08398438e-02	1.81175309e-04	1.84681204e-02
6.08886719e-02	1.82079343e-04	1.85611146e-02
6.09375000e-02	1.82987929e-04	1.86545803e-02
6.09863281e-02	1.83901091e-04	1.87485199e-02
6.10351562e-02	1.84818851e-04	1.88429357e-02
6.10839844e-02	1.85741233e-04	1.89378303e-02
6.11328125e-02	1.86668260e-04	1.90332060e-02
6.11816406e-02	1.87599956e-04	1.91290654e-02
6.12304688e-02	1.88536345e-04	1.92254108e-02
6.12792969e-02	1.89477450e-04	1.93222448e-02
6.13281250e-02	1.90423295e-04	1.94195698e-02
6.13769531e-02	1.91373904e-04	1.95173883e-02
6.14257813e-02	1.92329302e-04	1.96157029e-02
6.14746094e-02	1.93289512e-04	1.97145161e-02
6.15234375e-02	1.94254560e-04	1.98138305e-02
6.15722656e-02	1.95224469e-04	1.99136485e-02
6.16210938e-02	1.96199265e-04	2.00139727e-02
6.16699219e-02	1.97178971e-04	2.01148058e-02
6.17187500e-02	1.98163614e-04	2.02161504e-02
6.17675781e-02	1.99153217e-04	2.03180089e-02
6.18164063e-02	2.00147807e-04	2.04203841e-02
6.18652344e-02	2.01147408e-04	2.05232786e-02
6.19140625e-02	2.02152046e-04	2.06266951e-02
6.19628906e-02	2.03161746e-04	2.07306361e-02
6.20117188e-02	2.04176535e-04	2.08351044e-02
6.20605469e-02	2.05196437e-04	2.09401027e-02
6.21093750e-02	2.06221480e-04	2.10456336e-02
6.21582031e-02	2.07251688e-04	2.11517000e-02
6.22070313e-02	2.08287089e-04	2.12583044e-02
6.22558594e-02	2.09327708e-04	2.13654496e-02
6.23046875e-02	2.10373572e-04	2.14731385e-02
6.23535156e-02	2.11424707e-04	2.15813738e-02
6.24023438e-02	2.12481141e-04	2.16901582e-02
6.24511719e-02	2.13542900e-04	2.17994946e-02
6.25000000e-02	2.14610012e-04	2.19093858e-02
6.25488281e-02	2.15682502e-04	2.20198346e-02
6.25976563e-02	2.16760400e-04	2.21308439e-02
6.26464844e-02	2.17843731e-04	2.22424165e-02
6.26953125e-02	2.18932524e-04	2.23545553e-02
6.27441406e-02	2.20026807e-04	2.24672631e-02
6.27929687e-02	2.21126607e-04	2.25805429e-02
6.28417969e-02	2.22231952e-04	2.26943977e-02
6.28906250e-02	2.23342871e-04	2.28088302e-02
6.29394531e-02	2.24459391e-04	2.29238435e-02
6.29882812e-02	2.25581542e-04	2.30394406e-02
6.30371094e-02	2.26709351e-04	2.31556244e-02
6.30859375e-02	2.27842848e-04	2.32723979e-02
6.31347656e-02	2.28982061e-04	2.33897641e-02
6.31835938e-02	2.30127019e-04	2.35077261e-02
6.32324219e-02	2.31277752e-04	2.36262868e-02
6.32812500e-02	2.32434288e-04	2.37454494e-02
6.33300781e-02	2.33596658e-04	2.38652168e-02
6.33789063e-02	2.34764891e-04	2.39855923e-02
6.34277344e-02	2.35939016e-04	2.41065788e-02
6.34765625e-02	2.37119064e-04	2.42281796e-02
6.35253906e-02	2.38305064e-04	2.43503977e-02
6.35742188e-02	2.39497047e-04	2.44732363e-02
6.36230469e-02	2.40695044e-04	2.45966986e-02
6.36718750e-02	2.41899084e-04	2.47207877e-02
6.37207031e-02	2.43109199e-04	2.48455068e-02
6.37695312e-02	2.44325418e-04	2.49708592e-02
6.38183594e-02	2.45547775e-04	2.50968481e-02
6.38671875e-02	2.46776298e-04	2.52234767e-02
6.39160156e-02	2.48011020e-04	2.53507484e-02
6.39648438e-02	2.49251973e-04	2.54786663e-02
6.40136719e-02	2.50499187e-04	2.56072337e-02
6.40625000e-02	2.51752695e-04	2.57364541e-02
6.41113281e-02	2.53012529e-04	2.58663307e-02
6.41601563e-02	2.54278720e-04	2.59968669e-02
6.42089844e-02	2.55551302e-04	2.61280660e-02
6.42578125e-02	2.56830305e-04	2.62599314e-02
6.43066406e-02	2.58115764e-04	2.63924666e-02
6.43554688e-02	2.59407711e-04	2.65256749e-02
6.44042969e-02	2.60706179e-04	2.66595597e-02
6.44531250e-02	2.62011200e-04	2.67941246e-02
6.45019531e-02	2.63322809e-04	2.69293730e-02
6.45507813e-02	2.64641039e-04	2.70653084e-02
6.45996094e-02	2.65965923e-04	2.72019343e-02
6.46484375e-02	2.67297495e-04	2.73392542e-02
6.46972656e-02	2.68635789e-04	2.74772717e-02
6.47460937e-02	2.69980839e-04	2.76159903e-02
6.47949219e-02	2.71332680e-04	2.77554136e-02
6.48437500e-02	2.72691346e-04	2.78955452e-02
6.48925781e-02	2.74056872e-04	2.80363887e-02
6.49414062e-02	2.75429292e-04	2.81779478e-02
6.49902344e-02	2.76808642e-04	2.83202260e-02
6.50390625e-02	2.78194957e-04	2.84632272e-02
6.50878906e-02	2.79588272e-04	2.86069549e-02
6.51367188e-02	2.80988623e-04	2.87514129e-02
6.51855469e-02	2.82396045e-04	2.88966049e-02
6.52343750e-02	2.83810575e-04	2.90425346e-02
6.52832031e-02	2.85232248e-04	2.91892059e-02
6.53320313e-02	2.86661101e-04	2.93366224e-02
6.53808594e-02	2.88097171e-04	2.94847881e-02
6.54296875e-02	2.89540493e-04	2.96337067e-02
6.54785156e-02	2.90991106e-04	2.97833821e-02
6.55273438e-02	2.92449045e-04	2.99338181e-02
6.55761719e-02	2.93914349e-04	3.00850187e-02
6.56250000e-02	2.95387054e-04	3.02369876e-02
6.56738281e-02	2.96867199e-04	3.03897290e-02
6.57226562e-02	2.98354820e-04	3.05432466e-02
6.57714844e-02	2.99849957e-04	3.06975445e-02
6.58203125e-02	3.01352646e-04	3.08526267e-02
6.58691406e-02	3.02862928e-04	3.10084971e-02
6.59179688e-02	3.04380839e-04	3.11651597e-02
6.59667969e-02	3.05906420e-04	3.13226188e-02
6.60156250e-02	3.07439708e-04	3.14808781e-02
6.60644531e-02	3.08980744e-04	3.16399420e-02
6.61132813e-02	3.10529566e-04	3.17998145e-02
6.61621094e-02	3.12086214e-04	3.19604997e-02
6.62109375e-02	3.13650729e-04	3.21220017e-02
6.62597656e-02	3.15223149e-04	3.22843248e-02
6.63085938e-02	3.16803515e-04	3.24474731e-02
6.63574219e-02	3.18391868e-04	3.26114509e-02
6.64062500e-02	3.19988247e-04	3.27762624e-02
6.64550781e-02	3.21592695e-04	3.29419118e-02
6.65039063e-02	3.23205251e-04	3.31084034e-02
6.65527344e-02	3.24825958e-04	3.32757416e-02
6.66015625e-02	3.26454856e-04	3.34439306e-02
6.66503906e-02	3.28091988e-04	3.36129748e-02
6.66992187e-02	3.29737394e-04	3.37828786e-02
6.67480469e-02	3.31391118e-04	3.39536464e-02
6.67968750e-02	3.33053201e-04	3.41252825e-02
6.68457031e-02	3.34723687e-04	3.42977914e-02
6.68945312e-02	3.36402616e-04	3.44711776e-02
6.69433594e-02	3.38090034e-04	3.46454456e-02
6.69921875e-02	3.39785982e-04	3.48205998e-02
6.70410156e-02	3.41490505e-04	3.49966448e-02
6.70898438e-02	3.43203645e-04	3.51735851e-02
6.71386719e-02	3.44925447e-04	3.53514254e-02
6.71875000e-02	3.46655955e-04	3.55301701e-02
6.72363281e-02	3.48395213e-04	3.57098240e-02
6.72851563e-02	3.50143265e-04	3.58903916e-02
6.73339844e-02	3.51900156e-04	3.60718777e-02
6.73828125e-02	3.53665932e-04	3.62542870e-02
6.74316406e-02	3.55440637e-04	3.64376241e-02
6.74804688e-02	3.57224316e-04	3.66218938e-02
6.75292969e-02	3.59017016e-04	3.68071008e-02
6.75781250e-02	3.60818783e-04	3.69932500e-02
6.76269531e-02	3.62629661e-04	3.71803462e-02
6.76757812e-02	3.64449699e-04	3.73683942e-02
6.77246094e-02	3.66278942e-04	3.75573988e-02
6.77734375e-02	3.68117437e-04	3.77473650e-02
6.78222656e-02	3.69965232e-04	3.79382977e-02
6.78710938e-02	3.71822373e-04	3.81302018e-02
6.79199219e-02	3.73688908e-04	3.83230823e-02
6.79687500e-02	3.75564885e-04	3.85169442e-02
6.80175781e-02	3.77450353e-04	3.87117924e-02
6.80664063e-02	3.79345358e-04	3.89076321e-02
6.81152344e-02	3.81249950e-04	3.91044683e-02
6.81640625e-02	3.83164178e-04	3.93023060e-02
6.82128906e-02	3.85088091e-04	3.95011505e-02
6.82617188e-02	3.87021737e-04	3.97010068e-02
6.83105469e-02	3.88965167e-04	3.99018802e-02
6.83593750e-02	3.90918430e-04	4.01037758e-02
6.84082031e-02	3.92881576e-04	4.03066988e-02
6.84570313e-02	3.94854656e-04	4.05106545e-02
6.85058594e-02	3.96837720e-04	4.07156483e-02
6.85546875e-02	3.98830819e-04	4.09216853e-02
6.86035156e-02	4.00834004e-04	4.11287709e-02
6.86523437e-02	4.02847327e-04	4.13369105e-02
6.87011719e-02	4.04870838e-04	4.15461095e-02
6.87500000e-02	4.06904590e-04	4.17563733e-02
6.87988281e-02	4.08948635e-04	4.19677074e-02
6.88476562e-02	4.11003025e-04	4.21801171e-02
6.88964844e-02	4.13067813e-04	4.23936080e-02
6.89453125e-02	4.15143052e-04	4.26081857e-02
6.89941406e-02	4.17228796e-04	4.28238557e-02
6.90429688e-02	4.19325096e-04	4.30406235e-02
6.90917969e-02	4.21432008e-04	4.32584948e-02
6.91406250e-02	4.23549586e-04	4.34774753e-02
6.91894531e-02	4.25677883e-04	4.36975706e-02
6.92382813e-02	4.27816954e-04	4.39187864e-02
6.92871094e-02	4.29966854e-04	4.41411284e-02
6.93359375e-02	4.32127639e-04	4.43646024e-02
6.93847656e-02	4.34299363e-04	4.45892142e-02
6.94335938e-02	4.36482082e-04	4.48149696e-02
6.94824219e-02	4.38675853e-04	4.50418744e-02
6.95312500e-02	4.40880731e-04	4.52699346e-02
6.95800781e-02	4.43096773e-04	4.54991560e-02
6.96289062e-02	4.45324036e-04	4.57295446e-02
6.96777344e-02	4.47562578e-04	4.59611064e-02
6.97265625e-02	4.49812454e-04	4.61938473e-02
6.97753906e-02	4.52073724e-04	4.64277734e-02
6.98242188e-02	4.54346446e-04	4.66628907e-02
6.98730469e-02	4.56630677e-04	4.68992053e-02
6.99218750e-02	4.58926476e-04	4.71367234e-02
6.99707031e-02	4.61233902e-04	4.73754511e-02
7.00195313e-02	4.63553014e-04	4.76153947e-02
7.00683594e-02	4.65883872e-04	4.78565602e-02
7.01171875e-02	4.68226536e-04	4.80989540e-02
7.01660156e-02	4.70581066e-04	4.83425824e-02
7.02148438e-02	4.72947522e-04	4.85874516e-02
7.02636719e-02	4.75325965e-04	4.88335681e-02
7.03125000e-02	4.77716456e-04	4.90809381e-02
7.03613281e-02	4.80119056e-04	4.93295682e-02
7.04101563e-02	4.82533827e-04	4.95794647e-02
7.04589844e-02	4.84960832e-04	4.98306342e-02
7.05078125e-02	4.87400131e-04	5.00830831e-02
7.05566406e-02	4.89851789e-04	5.03368180e-02
7.06054687e-02	4.92315868e-04	5.05918455e-02
7.06542969e-02	4.94792431e-04	5.08481721e-02
7.07031250e-02	4.97281542e-04	5.11058046e-02
7.07519531e-02	4.99783264e-04	5.13647497e-02
7.08007812e-02	5.02297663e-04	5.16250139e-02
7.08496094e-02	5.04824802e-04	5.18866042e-02
7.08984375e-02	5.07364746e-04	5.21495272e-02
7.09472656e-02	5.09917562e-04	5.24137897e-02
7.09960938e-02	5.12483313e-04	5.26793988e-02
7.10449219e-02	5.15062067e-04	5.29463612e-02
7.10937500e-02	5.17653890e-04	5.32146838e-02
7.11425781e-02	5.20258847e-04	5.34843736e-02
7.11914063e-02	5.22877007e-04	5.37554377e-02
7.12402344e-02	5.25508435e-04	5.40278830e-02
7.12890625e-02	5.28153201e-04	5.43017166e-02
7.13378906e-02	5.30811371e-04	5.45769457e-02
7.13867188e-02	5.33483015e-04	5.48535773e-02
7.14355469e-02	5.36168200e-04	5.51316186e-02
7.14843750e-02	5.38866997e-04	5.54110769e-02
7.15332031e-02	5.41579473e-04	5.56919594e-02
7.15820312e-02	5.44305700e-04	5.59742734e-02
7.16308594e-02	5.47045746e-04	5.62580263e-02
7.16796875e-02	5.49799683e-04	5.65432253e-02
7.17285156e-02	5.52567581e-04	5.68298779e-02
7.17773438e-02	5.55349511e-04	5.71179915e-02
7.18261719e-02	5.58145545e-04	5.74075737e-02
7.18750000e-02	5.60955756e-04	5.76986319e-02
7.19238281e-02	5.63780214e-04	5.79911736e-02
7.19726563e-02	5.66618993e-04	5.82852066e-02
7.20214844e-02	5.69472165e-04	5.85807383e-02
7.20703125e-02	5.72339805e-04	5.88777766e-02
7.21191406e-02	5.75221985e-04	5.91763290e-02
7.21679688e-02	5.78118780e-04	5.94764034e-02
7.22167969e-02	5.81030265e-04	5.97780075e-02
7.22656250e-02	5.83956514e-04	6.00811491e-02
7.23144531e-02	5.86897602e-04	6.03858362e-02
7.23632813e-02	5.89853606e-04	6.06920767e-02
7.24121094e-02	5.92824601e-04	6.09998785e-02
7.24609375e-02	5.95810664e-04	6.13092496e-02
7.25097656e-02	5.98811871e-04	6.16201980e-02
7.25585937e-02	6.01828300e-04	6.19327318e-02
7.26074219e-02	6.04860028e-04	6.22468591e-02
7.26562500e-02	6.07907134e-04	6.25625881e-02
7.27050781e-02	6.10969695e-04	6.28799270e-02
7.27539062e-02	6.14047791e-04	6.31988841e-02
7.28027344e-02	6.17141501e-04	6.35194675e-02
7.28515625e-02	6.20250904e-04	6.38416857e-02
7.29003906e-02	6.23376081e-04	6.41655470e-02
7.29492188e-02	6.26517111e-04	6.44910599e-02
7.29980469e-02	6.29674076e-04	6.48182327e-02
7.30468750e-02	6.32847057e-04	6.51470740e-02
7.30957031e-02	6.36036136e-04	6.54775923e-02
7.31445313e-02	6.39241395e-04	6.58097963e-02
7.31933594e-02	6.42462915e-04	6.61436945e-02
7.32421875e-02	6.45700781e-04	6.64792956e-02
7.32910156e-02	6.48955076e-04	6.68166084e-02
7.33398438e-02	6.52225883e-04	6.71556416e-02
7.33886719e-02	6.55513286e-04	6.74964041e-02
7.34375000e-02	6.58817371e-04	6.78389046e-02
7.34863281e-02	6.62138222e-04	6.81831520e-02
7.35351562e-02	6.65475925e-04	6.85291555e-02
7.35839844e-02	6.68830565e-04	6.88769238e-02
7.36328125e-02	6.72202230e-04	6.92264661e-02
7.36816406e-02	6.75591006e-04	6.95777915e-02
7.37304688e-02	6.78996980e-04	6.99309090e-02
7.37792969e-02	6.82420240e-04	7.02858280e-02
7.38281250e-02	6.85860875e-04	7.06425575e-02
7.38769531e-02	6.89318972e-04	7.10011068e-02
7.39257813e-02	6.92794621e-04	7.13614854e-02
7.39746094e-02	6.96287912e-04	7.17237025e-02
7.40234375e-02	6.99798934e-04	7.20877676e-02
7.40722656e-02	7.03327778e-04	7.24536901e-02
7.41210938e-02	7.06874535e-04	7.28214796e-02
7.41699219e-02	7.10439297e-04	7.31911457e-02
7.42187500e-02	7.14022154e-04	7.35626978e-02
7.42675781e-02	7.17623200e-04	7.39361458e-02
7.43164063e-02	7.21242527e-04	7.43114993e-02
7.43652344e-02	7.24880229e-04	7.46887680e-02
7.44140625e-02	7.28536399e-04	7.50679618e-02
7.44628906e-02	7.32211132e-04	7.54490906e-02
7.45117187e-02	7.35904522e-04	7.58321643e-02
7.45605469e-02	7.39616665e-04	7.62171928e-02
7.46093750e-02	7.43347655e-04	7.66041861e-02
7.46582031e-02	7.47097590e-04	7.69931543e-02
7.47070312e-02	7.50866567e-04	7.73841076e-02
7.47558594e-02	7.54654681e-04	7.77770561e-02
7.48046875e-02	7.58462031e-04	7.81720100e-02
7.48535156e-02	7.62288715e-04	7.85689796e-02
7.49023438e-02	7.66134833e-04	7.89679752e-02
7.49511719e-02	7.70000482e-04	7.93690073e-02
7.50000000e-02	7.73885762e-04	7.97720862e-02
7.50488281e-02	7.77790775e-04	8.01772224e-02
7.50976563e-02	7.81715619e-04	8.05844265e-02
7.51464844e-02	7.85660398e-04	8.09937092e-02
7.51953125e-02	7.89625212e-04	8.14050809e-02
7.52441406e-02	7.93610164e-04	8.18185525e-02
7.52929688e-02	7.97615357e-04	8.22341346e-02
7.53417969e-02	8.01640893e-04	8.26518382e-02
7.53906250e-02	8.05686878e-04	8.30716741e-02
7.54394531e-02	8.09753414e-04	8.34936532e-02
7.54882813e-02	8.13840607e-04	8.39177865e-02
7.55371094e-02	8.17948563e-04	8.43440850e-02
7.55859375e-02	8.22077387e-04	8.47725599e-02
7.56347656e-02	8.26227187e-04	8.52032223e-02
7.56835938e-02	8.30398068e-04	8.56360834e-02
7.57324219e-02	8.34590140e-04	8.60711544e-02
7.57812500e-02	8.38803509e-04	8.65084468e-02
7.58300781e-02	8.43038285e-04	8.69479719e-02
7.58789063e-02	8.47294576e-04	8.73897411e-02
7.59277344e-02	8.51572494e-04	8.78337659e-02
7.59765625e-02	8.55872148e-04	8.82800579e-02
7.60253906e-02	8.60193649e-04	8.87286288e-02
7.60742188e-02	8.64537109e-04	8.91794902e-02
7.61230469e-02	8.68902640e-04	8.96326538e-02
7.61718750e-02	8.73290354e-04	9.00881315e-02
7.62207031e-02	8.77700366e-04	9.05459351e-02
7.62695313e-02	8.82132788e-04	9.10060765e-02
7.63183594e-02	8.86587735e-04	9.14685678e-02
7.63671875e-02	8.91065323e-04	9.19334209e-02
7.64160156e-02	8.95565666e-04	9.24006481e-02
7.64648438e-02	9.00088882e-04	9.28702613e-02
7.65136719e-02	9.04635086e-04	9.33422730e-02
7.65625000e-02	9.09204397e-04	9.38166953e-02
7.66113281e-02	9.13796932e-04	9.42935407e-02
7.66601562e-02	9.18412810e-04	9.47728216e-02
7.67089844e-02	9.23052150e-04	9.52545504e-02
7.67578125e-02	9.27715072e-04	9.57387397e-02
7.68066406e-02	9.32401697e-04	9.62254022e-02
7.68554688e-02	9.37112145e-04	9.67145504e-02
7.69042969e-02	9.41846538e-04	9.72061972e-02
7.69531250e-02	9.46604999e-04	9.77003554e-02
7.70019531e-02	9.51387650e-04	9.81970378e-02
7.70507813e-02	9.56194615e-04	9.86962574e-02
7.70996094e-02	9.61026019e-04	9.91980272e-02
7.71484375e-02	9.65881985e-04	9.97023603e-02
7.71972656e-02	9.70762640e-04	1.00209270e-01
7.72460938e-02	9.75668110e-04	1.00718769e-01
7.72949219e-02	9.80598521e-04	1.01230871e-01
7.73437500e-02	9.85554001e-04	1.01745589e-01
7.73925781e-02	9.90534678e-04	1.02262937e-01
7.74414063e-02	9.95540681e-04	1.02782929e-01
7.74902344e-02	1.00057214e-03	1.03305576e-01
7.75390625e-02	1.00562918e-03	1.03830895e-01
7.75878906e-02	1.01071194e-03	1.04358897e-01
7.76367188e-02	1.01582055e-03	1.04889597e-01
7.76855469e-02	1.02095513e-03	1.05423009e-01
7.77343750e-02	1.02611583e-03	1.05959146e-01
7.77832031e-02	1.03130277e-03	1.06498023e-01
7.78320313e-02	1.03651609e-03	1.07039654e-01
7.78808594e-02	1.04175593e-03	1.07584052e-01
7.79296875e-02	1.04702242e-03	1.08131232e-01
7.79785156e-02	1.05231569e-03	1.08681208e-01
7.80273438e-02	1.05763588e-03	1.09233995e-01
7.80761719e-02	1.06298314e-03	1.09789607e-01
7.81250000e-02	1.06835759e-03	1.10348058e-01
7.81738281e-02	1.07375939e-03	1.10909363e-01
7.82226563e-02	1.07918866e-03	1.11473537e-01
7.82714844e-02	1.08464554e-03	1.12040594e-01
7.83203125e-02	1.09013019e-03	1.12610550e-01
7.83691406e-02	1.09564274e-03	1.13183418e-01
7.84179688e-02	1.10118333e-03	1.13759215e-01
7.84667969e-02	1.10675211e-03	1.14337954e-01
7.85156250e-02	1.11234922e-03	1.14919651e-01
7.85644531e-02	1.11797480e-03	1.15504322e-01
7.86132812e-02	1.12362901e-03	1.16091981e-01
7.86621094e-02	1.12931199e-03	1.16682645e-01
7.87109375e-02	1.13502387e-03	1.17276327e-01
7.87597656e-02	1.14076483e-03	1.17873044e-01
7.88085938e-02	1.14653499e-03	1.18472812e-01
7.88574219e-02	1.15233451e-03	1.19075645e-01
7.89062500e-02	1.15816354e-03	1.19681560e-01
7.89550781e-02	1.16402224e-03	1.20290573e-01
7.90039063e-02	1.16991075e-03	1.20902699e-01
7.90527344e-02	1.17582922e-03	1.21517955e-01
7.91015625e-02	1.18177781e-03	1.22136356e-01
7.91503906e-02	1.18775668e-03	1.22757918e-01
7.91992188e-02	1.19376597e-03	1.23382659e-01
7.92480469e-02	1.19980584e-03	1.24010593e-01
7.92968750e-02	1.20587645e-03	1.24641738e-01
7.93457031e-02	1.21197796e-03	1.25276111e-01
7.93945313e-02	1.21811053e-03	1.25913726e-01
7.94433594e-02	1.22427431e-03	1.26554602e-01
7.94921875e-02	1.23046946e-03	1.27198755e-01
7.95410156e-02	1.23669614e-03	1.27846201e-01
7.95898438e-02	1.24295452e-03	1.28496959e-01
7.96386719e-02	1.24924475e-03	1.29151044e-01
7.96875000e-02	1.25556701e-03	1.29808473e-01
7.97363281e-02	1.26192144e-03	1.30469265e-01
7.97851563e-02	1.26830823e-03	1.31133435e-01
7.98339844e-02	1.27472753e-03	1.31801003e-01
7.98828125e-02	1.28117950e-03	1.32471984e-01
7.99316406e-02	1.28766433e-03	1.33146396e-01
7.99804688e-02	1.29418217e-03	1.33824258e-01
8.00292969e-02	1.30073319e-03	1.34505587e-01
8.00781250e-02	1.30731756e-03	1.35190400e-01
8.01269531e-02	1.31393546e-03	1.35878715e-01
8.01757813e-02	1.32058705e-03	1.36570551e-01
8.02246094e-02	1.32727251e-03	1.37265926e-01
8.02734375e-02	1.33399202e-03	1.37964857e-01
8.03222656e-02	1.34074573e-03	1.38667363e-01
8.03710938e-02	1.34753384e-03	1.39373462e-01
8.04199219e-02	1.35435651e-03	1.40083173e-01
8.04687500e-02	1.36121392e-03	1.40796515e-01
8.05175781e-02	1.36810626e-03	1.41513505e-01
8.05664062e-02	1.37503369e-03	1.42234163e-01
8.06152344e-02	1.38199640e-03	1.42958508e-01
8.06640625e-02	1.38899457e-03	1.43686557e-01
8.07128906e-02	1.39602839e-03	1.44418332e-01
8.07617188e-02	1.40309802e-03	1.45153850e-01
8.08105469e-02	1.41020366e-03	1.45893130e-01
8.08593750e-02	1.41734549e-03	1.46636193e-01
8.09082031e-02	1.42452369e-03	1.47383057e-01
8.09570313e-02	1.43173846e-03	1.48133743e-01
8.10058594e-02	1.43898997e-03	1.48888269e-01
8.10546875e-02	1.44627842e-03	1.49646655e-01
8.11035156e-02	1.45360400e-03	1.50408922e-01
8.11523438e-02	1.46096689e-03	1.51175088e-01
8.12011719e-02	1.46836728e-03	1.51945175e-01
8.12500000e-02	1.47580538e-03	1.52719202e-01
8.12988281e-02	1.48328137e-03	1.53497190e-01
8.13476563e-02	1.49079544e-03	1.54279158e-01
8.13964844e-02	1.49834779e-03	1.55065128e-01
8.14453125e-02	1.50593861e-03	1.55855120e-01
8.14941406e-02	1.51356811e-03	1.56649154e-01
8.15429688e-02	1.52123648e-03	1.57447251e-01
8.15917969e-02	1.52894392e-03	1.58249433e-01
8.16406250e-02	1.53669063e-03	1.59055720e-01
8.16894531e-02	1.54447681e-03	1.59866133e-01
8.17382813e-02	1.55230266e-03	1.60680693e-01
8.17871094e-02	1.56016838e-03	1.61499422e-01
8.18359375e-02	1.56807419e-03	1.62322341e-01
8.18847656e-02	1.57602028e-03	1.63149471e-01
8.19335938e-02	1.58400686e-03	1.63980835e-01
8.19824219e-02	1.59203413e-03	1.64816454e-01
8.20312500e-02	1.60010232e-03	1.65656350e-01
8.20800781e-02	1.60821162e-03	1.66500545e-01
8.21289063e-02	1.61636224e-03	1.67349060e-01
8.21777344e-02	1.62455440e-03	1.68201919e-01
8.22265625e-02	1.63278832e-03	1.69059143e-01
8.22753906e-02	1.64106419e-03	1.69920755e-01
8.23242188e-02	1.64938225e-03	1.70786777e-01
8.23730469e-02	1.65774270e-03	1.71657232e-01
8.24218750e-02	1.66614576e-03	1.72532143e-01
8.24707031e-02	1.67459165e-03	1.73411533e-01
8.25195312e-02	1.68308059e-03	1.74295424e-01
8.25683594e-02	1.69161280e-03	1.75183840e-01
8.26171875e-02	1.70018850e-03	1.76076805e-01
8.26660156e-02	1.70880791e-03	1.76974340e-01
8.27148438e-02	1.71747126e-03	1.77876471e-01
8.27636719e-02	1.72617877e-03	1.78783220e-01
8.28125000e-02	1.73493067e-03	1.79694612e-01
8.28613281e-02	1.74372719e-03	1.80610669e-01
8.29101563e-02	1.75256855e-03	1.81531417e-01
8.29589844e-02	1.76145498e-03	1.82456879e-01
8.30078125e-02	1.77038672e-03	1.83387079e-01
8.30566406e-02	1.77936399e-03	1.84322042e-01
8.31054688e-02	1.78838703e-03	1.85261792e-01
8.31542969e-02	1.79745608e-03	1.86206354e-01
8.32031250e-02	1.80657136e-03	1.87155753e-01
8.32519531e-02	1.81573313e-03	1.88110013e-01
8.33007813e-02	1.82494160e-03	1.89069159e-01
8.33496094e-02	1.83419703e-03	1.90033217e-01
8.33984375e-02	1.84349965e-03	1.91002211e-01
8.34472656e-02	1.85284971e-03	1.91976168e-01
8.34960938e-02	1.86224745e-03	1.92955112e-01
8.35449219e-02	1.87169311e-03	1.93939070e-01
8.35937500e-02	1.88118693e-03	1.94928066e-01
8.36425781e-02	1.89072918e-03	1.95922128e-01
8.36914063e-02	1.90032008e-03	1.96921280e-01
8.37402344e-02	1.90995989e-03	1.97925549e-01
8.37890625e-02	1.91964887e-03	1.98934962e-01
8.38378906e-02	1.92938726e-03	1.99949545e-01
8.38867188e-02	1.93917532e-03	2.00969324e-01
8.39355469e-02	1.94901330e-03	2.01994326e-01
8.39843750e-02	1.95890146e-03	2.03024578e-01
8.40332031e-02	1.96884005e-03	2.04060106e-01
8.40820313e-02	1.97882933e-03	2.05100939e-01
8.41308594e-02	1.98886957e-03	2.06147104e-01
8.41796875e-02	1.99896102e-03	2.07198627e-01
8.42285156e-02	2.00910394e-03	2.08255536e-01
8.42773438e-02	2.01929860e-03	2.09317859e-01
8.43261719e-02	2.02954527e-03	2.10385624e-01
8.43750000e-02	2.03984421e-03	2.11458858e-01
8.44238281e-02	2.05019568e-03	2.12537591e-01
8.44726562e-02	2.06059997e-03	2.13621849e-01
8.45214844e-02	2.07105733e-03	2.14711662e-01
8.45703125e-02	2.08156804e-03	2.15807059e-01
8.46191406e-02	2.09213237e-03	2.16908067e-01
8.46679688e-02	2.10275060e-03	2.18014715e-01
8.47167969e-02	2.11342301e-03	2.19127033e-01
8.47656250e-02	2.12414987e-03	2.20245050e-01
8.48144531e-02	2.13493146e-03	2.21368795e-01
8.48632813e-02	2.14576805e-03	2.22498298e-01
8.49121094e-02	2.15665995e-03	2.23633588e-01
8.49609375e-02	2.16760741e-03	2.24774694e-01
8.50097656e-02	2.17861074e-03	2.25921647e-01
8.50585938e-02	2.18967022e-03	2.27074478e-01
8.51074219e-02	2.20078613e-03	2.28233215e-01
8.51562500e-02	2.21195876e-03	2.29397889e-01
8.52050781e-02	2.22318841e-03	2.30568532e-01
8.52539063e-02	2.23447537e-03	2.31745173e-01
8.53027344e-02	2.24581992e-03	2.32927844e-01
8.53515625e-02	2.25722238e-03	2.34116575e-01
8.54003906e-02	2.26868302e-03	2.35311398e-01
8.54492188e-02	2.28020215e-03	2.36512344e-01
8.54980469e-02	2.29178008e-03	2.37719444e-01
8.55468750e-02	2.30341709e-03	2.38932730e-01
8.55957031e-02	2.31511350e-03	2.40152234e-01
8.56445313e-02	2.32686961e-03	2.41377989e-01
8.56933594e-02	2.33868573e-03	2.42610025e-01
8.57421875e-02	2.35056215e-03	2.43848375e-01
8.57910156e-02	2.36249920e-03	2.45093073e-01
8.58398438e-02	2.37449718e-03	2.46344149e-01
8.58886719e-02	2.38655640e-03	2.47601638e-01
8.59375000e-02	2.39867718e-03	2.48865573e-01
8.59863281e-02	2.41085984e-03	2.50135985e-01
8.60351563e-02	2.42310469e-03	2.51412910e-01
8.60839844e-02	2.43541204e-03	2.52696379e-01
8.61328125e-02	2.44778223e-03	2.53986428e-01
8.61816406e-02	2.46021556e-03	2.55283089e-01
8.62304688e-02	2.47271238e-03	2.56586396e-01
8.62792969e-02	2.48527299e-03	2.57896385e-01
8.63281250e-02	2.49789774e-03	2.59213089e-01
8.63769531e-02	2.51058694e-03	2.60536543e-01
8.64257812e-02	2.52334092e-03	2.61866781e-01
8.64746094e-02	2.53616003e-03	2.63203838e-01
8.65234375e-02	2.54904459e-03	2.64547750e-01
8.65722656e-02	2.56199494e-03	2.65898552e-01
8.66210938e-02	2.57501142e-03	2.67256279e-01
8.66699219e-02	2.58809436e-03	2.68620967e-01
8.67187500e-02	2.60124410e-03	2.69992651e-01
8.67675781e-02	2.61446100e-03	2.71371368e-01
8.68164063e-02	2.62774538e-03	2.72757154e-01
8.68652344e-02	2.64109761e-03	2.74150045e-01
8.69140625e-02	2.65451802e-03	2.75550078e-01
8.69628906e-02	2.66800697e-03	2.76957289e-01
8.70117188e-02	2.68156481e-03	2.78371715e-01
8.70605469e-02	2.69519189e-03	2.79793394e-01
8.71093750e-02	2.70888856e-03	2.81222363e-01
8.71582031e-02	2.72265519e-03	2.82658659e-01
8.72070313e-02	2.73649213e-03	2.84102320e-01
8.72558594e-02	2.75039974e-03	2.85553383e-01
8.73046875e-02	2.76437838e-03	2.87011888e-01
8.73535156e-02	2.77842842e-03	2.88477872e-01
8.74023438e-02	2.79255023e-03	2.89951374e-01
8.74511719e-02	2.80674417e-03	2.91432433e-01
8.75000000e-02	2.82101062e-03	2.92921086e-01
8.75488281e-02	2.83534993e-03	2.94417374e-01
8.75976563e-02	2.84976250e-03	2.95921336e-01
8.76464844e-02	2.86424869e-03	2.97433011e-01
8.76953125e-02	2.87880888e-03	2.98952438e-01
8.77441406e-02	2.89344345e-03	3.00479659e-01
8.77929688e-02	2.90815279e-03	3.02014712e-01
8.78417969e-02	2.92293727e-03	3.03557639e-01
8.78906250e-02	2.93779728e-03	3.05108479e-01
8.79394531e-02	2.95273321e-03	3.06667273e-01
8.79882813e-02	2.96774545e-03	3.08234063e-01
8.80371094e-02	2.98283439e-03	3.09808889e-01
8.80859375e-02	2.99800043e-03	3.11391793e-01
8.81347656e-02	3.01324395e-03	3.12982817e-01
8.81835938e-02	3.02856535e-03	3.14582002e-01
8.82324219e-02	3.04396505e-03	3.16189389e-01
8.82812500e-02	3.05944342e-03	3.17805023e-01
8.83300781e-02	3.07500089e-03	3.19428944e-01
8.83789062e-02	3.09063786e-03	3.21061196e-01
8.84277344e-02	3.10635473e-03	3.22701821e-01
8.84765625e-02	3.12215192e-03	3.24350862e-01
8.85253906e-02	3.13802983e-03	3.26008363e-01
8.85742188e-02	3.15398888e-03	3.27674368e-01
8.86230469e-02	3.17002949e-03	3.29348920e-01
8.86718750e-02	3.18615207e-03	3.31032063e-01
8.87207031e-02	3.20235705e-03	3.32723841e-01
8.87695313e-02	3.21864484e-03	3.34424299e-01
8.88183594e-02	3.23501588e-03	3.36133481e-01
8.88671875e-02	3.25147059e-03	3.37851433e-01
8.89160156e-02	3.26800940e-03	3.39578199e-01
8.89648438e-02	3.28463274e-03	3.41313825e-01
8.90136719e-02	3.30134105e-03	3.43058357e-01
8.90625000e-02	3.31813475e-03	3.44811840e-01
8.91113281e-02	3.33501430e-03	3.46574320e-01
8.91601563e-02	3.35198012e-03	3.48345845e-01
8.92089844e-02	3.36903267e-03	3.50126459e-01
8.92578125e-02	3.38617238e-03	3.51916211e-01
8.93066406e-02	3.40339971e-03	3.53715146e-01
8.93554688e-02	3.42071510e-03	3.55523313e-01
8.94042969e-02	3.43811901e-03	3.57340759e-01
8.94531250e-02	3.45561189e-03	3.59167532e-01
8.95019531e-02	3.47319419e-03	3.61003679e-01
8.95507813e-02	3.49086638e-03	3.62849250e-01
8.95996094e-02	3.50862892e-03	3.64704292e-01
8.96484375e-02	3.52648227e-03	3.66568854e-01
8.96972656e-02	3.54442690e-03	3.68442986e-01
8.97460938e-02	3.56246327e-03	3.70326736e-01
8.97949219e-02	3.58059185e-03	3.72220154e-01
8.98437500e-02	3.59881313e-03	3.74123291e-01
8.98925781e-02	3.61712757e-03	3.76036195e-01
8.99414063e-02	3.63553565e-03	3.77958917e-01
8.99902344e-02	3.65403786e-03	3.79891508e-01
9.00390625e-02	3.67263467e-03	3.81834019e-01
9.00878906e-02	3.69132658e-03	3.83786500e-01
9.01367188e-02	3.71011407e-03	3.85749004e-01
9.01855469e-02	3.72899763e-03	3.87721581e-01
9.02343750e-02	3.74797775e-03	3.89704284e-01
9.02832031e-02	3.76705494e-03	3.91697164e-01
9.03320312e-02	3.78622968e-03	3.93700275e-01
9.03808594e-02	3.80550248e-03	3.95713668e-01
9.04296875e-02	3.82487384e-03	3.97737397e-01
9.04785156e-02	3.84434428e-03	3.99771515e-01
9.05273438e-02	3.86391429e-03	4.01816075e-01
9.05761719e-02	3.88358438e-03	4.03871132e-01
9.06250000e-02	3.90335508e-03	4.05936739e-01
9.06738281e-02	3.92322690e-03	4.08012951e-01
9.07226563e-02	3.94320036e-03	4.10099822e-01
9.07714844e-02	3.96327597e-03	4.12197407e-01
9.08203125e-02	3.98345427e-03	4.14305761e-01
9.08691406e-02	4.00373579e-03	4.16424941e-01
9.09179688e-02	4.02412104e-03	4.18555001e-01
9.09667969e-02	4.04461056e-03	4.20695997e-01
9.10156250e-02	4.06520490e-03	4.22847987e-01
9.10644531e-02	4.08590458e-03	4.25011026e-01
9.11132813e-02	4.10671015e-03	4.27185172e-01
9.11621094e-02	4.12762216e-03	4.29370482e-01
9.12109375e-02	4.14864114e-03	4.31567013e-01
9.12597656e-02	4.16976765e-03	4.33774822e-01
9.13085938e-02	4.19100224e-03	4.35993969e-01
9.13574219e-02	4.21234546e-03	4.38224512e-01
9.14062500e-02	4.23379788e-03	4.40466509e-01
9.14550781e-02	4.25536005e-03	4.42720019e-01
9.15039063e-02	4.27703254e-03	4.44985102e-01
9.15527344e-02	4.29881591e-03	4.47261817e-01
9.16015625e-02	4.32071074e-03	4.49550225e-01
9.16503906e-02	4.34271759e-03	4.51850385e-01
9.16992188e-02	4.36483704e-03	4.54162357e-01
9.17480469e-02	4.38706967e-03	4.56486204e-01
9.17968750e-02	4.40941606e-03	4.58821985e-01
9.18457031e-02	4.43187680e-03	4.61169764e-01
9.18945313e-02	4.45445247e-03	4.63529600e-01
9.19433594e-02	4.47714366e-03	4.65901557e-01
9.19921875e-02	4.49995096e-03	4.68285697e-01
9.20410156e-02	4.52287498e-03	4.70682082e-01
9.20898438e-02	4.54591631e-03	4.73090777e-01
9.21386719e-02	4.56907555e-03	4.75511843e-01
9.21875000e-02	4.59235332e-03	4.77945346e-01
9.22363281e-02	4.61575021e-03	4.80391349e-01
9.22851562e-02	4.63926684e-03	4.82849916e-01
9.23339844e-02	4.66290383e-03	4.85321112e-01
9.23828125e-02	4.68666179e-03	4.87805003e-01
9.24316406e-02	4.71054135e-03	4.90301654e-01
9.24804688e-02	4.73454312e-03	4.92811130e-01
9.25292969e-02	4.75866775e-03	4.95333497e-01
9.25781250e-02	4.78291585e-03	4.97868823e-01
9.26269531e-02	4.80728807e-03	5.00417174e-01
9.26757813e-02	4.83178504e-03	5.02978616e-01
9.27246094e-02	4.85640740e-03	5.05553218e-01
9.27734375e-02	4.88115579e-03	5.08141048e-01
9.28222656e-02	4.90603087e-03	5.10742172e-01
9.28710938e-02	4.93103328e-03	5.13356661e-01
9.29199219e-02	4.95616368e-03	5.15984583e-01
9.29687500e-02	4.98142273e-03	5.18626007e-01
9.30175781e-02	5.00681109e-03	5.21281002e-01
9.30664063e-02	5.03232941e-03	5.23949639e-01
9.31152344e-02	5.05797838e-03	5.26631989e-01
9.31640625e-02	5.08375865e-03	5.29328121e-01
9.32128906e-02	5.10967092e-03	5.32038106e-01
9.32617188e-02	5.13571584e-03	5.34762017e-01
9.33105469e-02	5.16189411e-03	5.37499925e-01
9.33593750e-02	5.18820641e-03	5.40251902e-01
9.34082031e-02	5.21465343e-03	5.43018020e-01
9.34570313e-02	5.24123586e-03	5.45798354e-01
9.35058594e-02	5.26795440e-03	5.48592974e-01
9.35546875e-02	5.29480975e-03	5.51401957e-01
9.36035156e-02	5.32180260e-03	5.54225375e-01
9.36523438e-02	5.34893367e-03	5.57063303e-01
9.37011719e-02	5.37620367e-03	5.59915816e-01
9.37500000e-02	5.40361331e-03	5.62782989e-01
9.37988281e-02	5.43116331e-03	5.65664897e-01
9.38476563e-02	5.45885438e-03	5.68561617e-01
9.38964844e-02	5.48668726e-03	5.71473225e-01
9.39453125e-02	5.51466268e-03	5.74399797e-01
9.39941406e-02	5.54278136e-03	5.77341412e-01
9.40429688e-02	5.57104405e-03	5.80298146e-01
9.40917969e-02	5.59945147e-03	5.83270077e-01
9.41406250e-02	5.62800439e-03	5.86257284e-01
9.41894531e-02	5.65670354e-03	5.89259846e-01
9.42382812e-02	5.68554967e-03	5.92277841e-01
9.42871094e-02	5.71454355e-03	5.95311350e-01
9.43359375e-02	5.74368593e-03	5.98360452e-01
9.43847656e-02	5.77297757e-03	6.01425228e-01
9.44335938e-02	5.80241924e-03	6.04505758e-01
9.44824219e-02	5.83201172e-03	6.07602125e-01
9.45312500e-02	5.86175578e-03	6.10714409e-01
9.45800781e-02	5.89165219e-03	6.13842692e-01
9.46289063e-02	5.92170174e-03	6.16987058e-01
9.46777344e-02	5.95190523e-03	6.20147588e-01
9.47265625e-02	5.98226343e-03	6.23324368e-01
9.47753906e-02	6.01277715e-03	6.26517479e-01
9.48242188e-02	6.04344718e-03	6.29727007e-01
9.48730469e-02	6.07427433e-03	6.32953037e-01
9.49218750e-02	6.10525940e-03	6.36195652e-01
9.49707031e-02	6.13640322e-03	6.39454940e-01
9.50195313e-02	6.16770658e-03	6.42730985e-01
9.50683594e-02	6.19917033e-03	6.46023875e-01
9.51171875e-02	6.23079527e-03	6.49333696e-01
9.51660156e-02	6.26258223e-03	6.52660536e-01
9.52148438e-02	6.29453206e-03	6.56004482e-01
9.52636719e-02	6.32664559e-03	6.59365623e-01
9.53125000e-02	6.35892366e-03	6.62744047e-01
9.53613281e-02	6.39136711e-03	6.66139843e-01
9.54101563e-02	6.42397681e-03	6.69553102e-01
9.54589844e-02	6.45675359e-03	6.72983913e-01
9.55078125e-02	6.48969832e-03	6.76432367e-01
9.55566406e-02	6.52281187e-03	6.79898555e-01
9.56054688e-02	6.55609510e-03	6.83382568e-01
9.56542969e-02	6.58954889e-03	6.86884498e-01
9.57031250e-02	6.62317410e-03	6.90404439e-01
9.57519531e-02	6.65697164e-03	6.93942482e-01
9.58007813e-02	6.69094237e-03	6.97498721e-01
9.58496094e-02	6.72508719e-03	7.01073250e-01
9.58984375e-02	6.75940700e-03	7.04666164e-01
9.59472656e-02	6.79390270e-03	7.08277557e-01
9.59960938e-02	6.82857519e-03	7.11907524e-01
9.60449219e-02	6.86342537e-03	7.15556163e-01
9.60937500e-02	6.89845418e-03	7.19223568e-01
9.61425781e-02	6.93366251e-03	7.22909836e-01
9.61914062e-02	6.96905130e-03	7.26615066e-01
9.62402344e-02	7.00462148e-03	7.30339355e-01
9.62890625e-02	7.04037397e-03	7.34082801e-01
9.63378906e-02	7.07630972e-03	7.37845504e-01
9.63867188e-02	7.11242967e-03	7.41627562e-01
9.64355469e-02	7.14873476e-03	7.45429075e-01
9.64843750e-02	7.18522596e-03	7.49250145e-01
9.65332031e-02	7.22190420e-03	7.53090871e-01
9.65820313e-02	7.25877047e-03	7.56951356e-01
9.66308594e-02	7.29582572e-03	7.60831701e-01
9.66796875e-02	7.33307093e-03	7.64732009e-01
9.67285156e-02	7.37050707e-03	7.68652383e-01
9.67773438e-02	7.40813513e-03	7.72592926e-01
9.68261719e-02	7.44595609e-03	7.76553743e-01
9.68750000e-02	7.48397095e-03	7.80534939e-01
9.69238281e-02	7.52218071e-03	7.84536617e-01
9.69726563e-02	7.56058636e-03	7.88558886e-01
9.70214844e-02	7.59918892e-03	7.92601849e-01
9.70703125e-02	7.63798939e-03	7.96665615e-01
9.71191406e-02	7.67698880e-03	8.00750291e-01
9.71679688e-02	7.71618817e-03	8.04855985e-01
9.72167969e-02	7.75558854e-03	8.08982805e-01
9.72656250e-02	7.79519092e-03	8.13130861e-01
9.73144531e-02	7.83499637e-03	8.17300261e-01
9.73632813e-02	7.87500592e-03	8.21491117e-01
9.74121094e-02	7.91522064e-03	8.25703539e-01
9.74609375e-02	7.95564156e-03	8.29937639e-01
9.75097656e-02	7.99626977e-03	8.34193528e-01
9.75585938e-02	8.03710631e-03	8.38471318e-01
9.76074219e-02	8.07815227e-03	8.42771124e-01
9.76562500e-02	8.11940872e-03	8.47093059e-01
9.77050781e-02	8.16087674e-03	8.51437236e-01
9.77539063e-02	8.20255743e-03	8.55803772e-01
9.78027344e-02	8.24445188e-03	8.60192781e-01
9.78515625e-02	8.28656118e-03	8.64604379e-01
9.79003906e-02	8.32888645e-03	8.69038683e-01
9.79492188e-02	8.37142880e-03	8.73495811e-01
9.79980469e-02	8.41418934e-03	8.77975880e-01
9.80468750e-02	8.45716919e-03	8.82479010e-01
9.80957031e-02	8.50036950e-03	8.87005317e-01
9.81445312e-02	8.54379138e-03	8.91554924e-01
9.81933594e-02	8.58743598e-03	8.96127950e-01
9.82421875e-02	8.63130445e-03	9.00724516e-01
9.82910156e-02	8.67539793e-03	9.05344743e-01
9.83398438e-02	8.71971760e-03	9.09988754e-01
9.83886719e-02	8.76426461e-03	9.14656672e-01
9.84375000e-02	8.80904013e-03	9.19348621e-01
9.84863281e-02	8.85404534e-03	9.24064723e-01
9.85351563e-02	8.89928142e-03	9.28805105e-01
9.85839844e-02	8.94474955e-03	9.33569892e-01
9.86328125e-02	8.99045095e-03	9.38359210e-01
9.86816406e-02	9.03638680e-03	9.43173185e-01
9.87304688e-02	9.08255831e-03	9.48011945e-01
9.87792969e-02	9.12896670e-03	9.52875618e-01
9.88281250e-02	9.17561318e-03	9.57764333e-01
9.88769531e-02	9.22249899e-03	9.62678219e-01
9.89257813e-02	9.26962534e-03	9.67617406e-01
9.89746094e-02	9.31699349e-03	9.72582026e-01
9.90234375e-02	9.36460468e-03	9.77572209e-01
9.90722656e-02	9.41246016e-03	9.82588087e-01
9.91210938e-02	9.46056118e-03	9.87629794e-01
9.91699219e-02	9.50890901e-03	9.92697463e-01
9.92187500e-02	9.55750493e-03	9.97791228e-01
9.92675781e-02	9.60635020e-03	1.00291122e+00
9.93164063e-02	9.65544612e-03	1.00805759e+00
9.93652344e-02	9.70479397e-03	1.01323045e+00
9.94140625e-02	9.75439506e-03	1.01842996e+00
9.94628906e-02	9.80425068e-03	1.02365624e+00
9.95117188e-02	9.85436215e-03	1.02890944e+00
9.95605469e-02	9.90473078e-03	1.03418969e+00
9.96093750e-02	9.95535790e-03	1.03949714e+00
9.96582031e-02	1.00062448e-02	1.04483193e+00
9.97070313e-02	1.00573929e-02	1.05019419e+00
9.97558594e-02	1.01088035e-02	1.05558407e+00
9.98046875e-02	1.01604780e-02	1.06100171e+00
9.98535156e-02	1.02124177e-02	1.06644726e+00
9.99023438e-02	1.02646239e-02	1.07192086e+00
9.99511719e-02	1.03170981e-02	1.07742265e+00
1.00000000e-01	1.03698417e-02	1.08295279e+00
