1.00000000e-03	1.05248411e+03	-1.00021887e+05	5.00624491e-03
2.00000000e-03	1.00245121e+03	-2.50439698e+04	1.00495825e-02
3.00000000e-03	9.85729379e+02	-1.11775389e+04	1.51652190e-02
4.00000000e-03	9.77318174e+02	-6.33941475e+03	2.03845940e-02
5.00000000e-03	9.72217001e+02	-4.11304477e+03	2.57335789e-02
6.00000000e-03	9.68758513e+02	-2.91516256e+03	3.12309352e-02
7.00000000e-03	9.66227703e+02	-2.20326795e+03	3.68872973e-02
8.00000000e-03	9.64266711e+02	-1.75071553e+03	4.27049435e-02
9.00000000e-03	9.62676458e+02	-1.44917789e+03	4.86784873e-02
1.00000000e-02	9.61337310e+02	-1.24154558e+03	5.47963928e-02
1.10000000e-02	9.60173017e+02	-1.09537118e+03	6.10430033e-02
1.20000000e-02	9.59132677e+02	-9.91099754e+02	6.74006615e-02
1.30000000e-02	9.58181015e+02	-9.16373790e+02	7.38515536e-02
1.40000000e-02	9.57292815e+02	-8.63075447e+02	8.03790601e-02
1.50000000e-02	9.56449575e+02	-8.25698040e+02	8.69685685e-02
1.60000000e-02	9.55637403e+02	-8.00404116e+02	9.36078237e-02
1.70000000e-02	9.54845659e+02	-7.84457404e+02	1.00286946e-01
1.80000000e-02	9.54066042e+02	-7.75867823e+02	1.06998248e-01
1.90000000e-02	9.53291966e+02	-7.73162789e+02	1.13735955e-01
2.00000000e-02	9.52518127e+02	-7.75235967e+02	1.20495894e-01
2.10000000e-02	9.51740185e+02	-7.81244966e+02	1.27275204e-01
2.20000000e-02	9.50954543e+02	-7.90540726e+02	1.34072073e-01
2.30000000e-02	9.50158177e+02	-8.02617928e+02	1.40885519e-01
2.40000000e-02	9.49348513e+02	-8.17079598e+02	1.47715213e-01
2.50000000e-02	9.48523329e+02	-8.33611476e+02	1.54561340e-01
2.60000000e-02	9.47680684e+02	-8.51963213e+02	1.61424479e-01
2.70000000e-02	9.46818863e+02	-8.71934410e+02	1.68305527e-01
2.80000000e-02	9.45936330e+02	-8.93364125e+02	1.75205627e-01
2.90000000e-02	9.45031692e+02	-9.16122921e+02	1.82126119e-01
3.00000000e-02	9.44103676e+02	-9.40106767e+02	1.89068506e-01
3.10000000e-02	9.43151098e+02	-9.65232334e+02	1.96034422e-01
3.20000000e-02	9.42172853e+02	-9.91433326e+02	2.03025614e-01
3.30000000e-02	9.41167891e+02	-1.01865761e+03	2.10043929e-01
3.40000000e-02	9.40135210e+02	-1.04686494e+03	2.17091300e-01
3.50000000e-02	9.39073844e+02	-1.07602518e+03	2.24169744e-01
3.60000000e-02	9.37982850e+02	-1.10611685e+03	2.31281357e-01
3.70000000e-02	9.36861304e+02	-1.13712599e+03	2.38428310e-01
3.80000000e-02	9.35708295e+02	-1.16904528e+03	2.45612854e-01
3.90000000e-02	9.34522911e+02	-1.20187327e+03	2.52837316e-01
4.00000000e-02	9.33304244e+02	-1.23561381e+03	2.60104106e-01
4.10000000e-02	9.32051377e+02	-1.27027563e+03	2.67415718e-01
4.20000000e-02	9.30763382e+02	-1.30587193e+03	2.74774735e-01
4.30000000e-02	9.29439316e+02	-1.34242014e+03	2.82183835e-01
4.40000000e-02	9.28078217e+02	-1.37994172e+03	2.89645794e-01
4.50000000e-02	9.26679100e+02	-1.41846198e+03	2.97163494e-01
4.60000000e-02	9.25240951e+02	-1.45801002e+03	3.04739931e-01
4.70000000e-02	9.23762727e+02	-1.49861867e+03	3.12378217e-01
4.80000000e-02	9.22243349e+02	-1.54032446e+03	3.20081592e-01
4.90000000e-02	9.20681699e+02	-1.58316769e+03	3.27853428e-01
5.00000000e-02	9.19076620e+02	-1.62719242e+03	3.35697240e-01
5.10000000e-02	9.17426905e+02	-1.67244659e+03	3.43616691e-01
5.20000000e-02	9.15731300e+02	-1.71898209e+03	3.51615603e-01
5.30000000e-02	9.13988496e+02	-1.76685491e+03	3.59697960e-01
5.40000000e-02	9.12197125e+02	-1.81612526e+03	3.67867921e-01
5.50000000e-02	9.10355758e+02	-1.86685770e+03	3.76129824e-01
5.60000000e-02	9.08462900e+02	-1.91912129e+03	3.84488192e-01
5.70000000e-02	9.06516982e+02	-1.97298974e+03	3.92947738e-01
5.80000000e-02	9.04516360e+02	-2.02854157e+03	4.01513368e-01
5.90000000e-02	9.02459310e+02	-2.08586015e+03	4.10190183e-01
6.00000000e-02	9.00344022e+02	-2.14503382e+03	4.18983470e-01
6.10000000e-02	8.98168594e+02	-2.20615590e+03	4.27898700e-01
6.20000000e-02	8.95931029e+02	-2.26932455e+03	4.36941510e-01
6.30000000e-02	8.93629229e+02	-2.33464263e+03	4.46117679e-01
6.40000000e-02	8.91260992e+02	-2.40221728e+03	4.55433095e-01
6.50000000e-02	8.88824006e+02	-2.47215936e+03	4.64893703e-01
6.60000000e-02	8.86315847e+02	-2.54458246e+03	4.74505442e-01
6.70000000e-02	8.83733977e+02	-2.61960170e+03	4.84274148e-01
6.80000000e-02	8.81075741e+02	-2.69733179e+03	4.94205434e-01
6.90000000e-02	8.78338373e+02	-2.77788460e+03	5.04304528e-01
7.00000000e-02	8.75518997e+02	-2.86136572e+03	5.14576063e-01
7.10000000e-02	8.72614635e+02	-2.94787008e+03	5.25023810e-01
7.20000000e-02	8.69622224e+02	-3.03747607e+03	5.35650333e-01
7.30000000e-02	8.66538632e+02	-3.13023817e+03	5.46456567e-01
7.40000000e-02	8.63360689e+02	-3.22617764e+03	5.57441291e-01
7.50000000e-02	8.60085226e+02	-3.32527099e+03	5.68600493e-01
7.60000000e-02	8.56709124e+02	-3.42743632e+03	5.79926631e-01
7.70000000e-02	8.53229382e+02	-3.53251731e+03	5.91407786e-01
7.80000000e-02	8.49643200e+02	-3.64026570e+03	6.03026746e-01
7.90000000e-02	8.45948081e+02	-3.75032295e+03	6.14760079e-01
8.00000000e-02	8.42141946e+02	-3.86220315e+03	6.26577298e-01
8.10000000e-02	8.38223275e+02	-3.97527978e+03	6.38440247e-01
8.20000000e-02	8.34191245e+02	-4.08877972e+03	6.50302897e-01
8.30000000e-02	8.30045879e+02	-4.20178855e+03	6.62111741e-01
8.40000000e-02	8.25788177e+02	-4.31327054e+03	6.73806952e-01
8.50000000e-02	8.21420221e+02	-4.42210508e+03	6.85324374e-01
8.60000000e-02	8.16945235e+02	-4.52713874e+03	6.96598293e-01
8.70000000e-02	8.12367587e+02	-4.62724799e+03	7.07564712e-01
8.80000000e-02	8.07692725e+02	-4.72140504e+03	7.18164749e-01
8.90000000e-02	8.02927054e+02	-4.80873709e+03	7.28347670e-01
9.00000000e-02	7.98077753e+02	-4.88857045e+03	7.38073150e-01
9.10000000e-02	7.93152566e+02	-4.96045416e+03	7.47312489e-01
9.20000000e-02	7.88159572e+02	-5.02416196e+03	7.56048762e-01
9.30000000e-02	7.83106974e+02	-5.07967553e+03	7.64276033e-01
9.40000000e-02	7.78002900e+02	-5.12715459e+03	7.71997920e-01
9.50000000e-02	7.72855243e+02	-5.16689997e+03	7.79225819e-01
9.60000000e-02	7.67671543e+02	-5.19931539e+03	7.85977036e-01
9.70000000e-02	7.62458898e+02	-5.22487182e+03	7.92273046e-01
9.80000000e-02	7.57223915e+02	-5.24407699e+03	7.98137977e-01
9.90000000e-02	7.51972686e+02	-5.25745089e+03	8.03597373e-01
1.00000000e-01	7.46710784e+02	-5.26550728e+03	8.08677236e-01
1.01000000e-01	7.41443277e+02	-5.26874061e+03	8.13403319e-01
1.02000000e-01	7.36174752e+02	-5.26761745e+03	8.17800629e-01
1.03000000e-01	7.30909347e+02	-5.26257142e+03	8.21893102e-01
1.04000000e-01	7.25650782e+02	-5.25400087e+03	8.25703399e-01
1.05000000e-01	7.20402397e+02	-5.24226843e+03	8.29252809e-01
1.06000000e-01	7.15167187e+02	-5.22770198e+03	8.32561207e-01
1.07000000e-01	7.09947837e+02	-5.21059641e+03	8.35647070e-01
1.08000000e-01	7.04746750e+02	-5.19121591e+03	8.38527518e-01
1.09000000e-01	6.99566082e+02	-5.16979657e+03	8.41218376e-01
1.10000000e-01	6.94407764e+02	-5.14654904e+03	8.43734244e-01
1.11000000e-01	6.89273529e+02	-5.12166110e+03	8.46088579e-01
1.12000000e-01	6.84164931e+02	-5.09530021e+03	8.48293770e-01
1.13000000e-01	6.79083367e+02	-5.06761581e+03	8.50361219e-01
1.14000000e-01	6.74030094e+02	-5.03874148e+03	8.52301412e-01
1.15000000e-01	6.69006239e+02	-5.00879687e+03	8.54123993e-01
1.16000000e-01	6.64012819e+02	-4.97788941e+03	8.55837830e-01
1.17000000e-01	6.59050747e+02	-4.94611589e+03	8.57451072e-01
1.18000000e-01	6.54120845e+02	-4.91356377e+03	8.58971214e-01
1.19000000e-01	6.49223851e+02	-4.88031239e+03	8.60405143e-01
1.20000000e-01	6.44360428e+02	-4.84643397e+03	8.61759192e-01
1.21000000e-01	6.39531169e+02	-4.81199452e+03	8.63039181e-01
1.22000000e-01	6.34736604e+02	-4.77705460e+03	8.64250463e-01
1.23000000e-01	6.29977206e+02	-4.74166997e+03	8.65397956e-01
1.24000000e-01	6.25253394e+02	-4.70589212e+03	8.66486186e-01
1.25000000e-01	6.20565536e+02	-4.66976880e+03	8.67519311e-01
1.26000000e-01	6.15913955e+02	-4.63334440e+03	8.68501157e-01
1.27000000e-01	6.11298932e+02	-4.59666028e+03	8.69435245e-01
1.28000000e-01	6.06720707e+02	-4.55975509e+03	8.70324812e-01
1.29000000e-01	6.02179483e+02	-4.52266499e+03	8.71172838e-01
1.30000000e-01	5.97675427e+02	-4.48542391e+03	8.71982065e-01
1.31000000e-01	5.93208674e+02	-4.44806367e+03	8.72755021e-01
1.32000000e-01	5.88779328e+02	-4.41061419e+03	8.73494033e-01
1.33000000e-01	5.84387465e+02	-4.37310360e+03	8.74201246e-01
1.34000000e-01	5.80033131e+02	-4.33555837e+03	8.74878637e-01
1.35000000e-01	5.75716350e+02	-4.29800338e+03	8.75528032e-01
1.36000000e-01	5.71437119e+02	-4.26046208e+03	8.76151116e-01
1.37000000e-01	5.67195413e+02	-4.22295650e+03	8.76749445e-01
1.38000000e-01	5.62991187e+02	-4.18550735e+03	8.77324459e-01
1.39000000e-01	5.58824373e+02	-4.14813411e+03	8.77877488e-01
1.40000000e-01	5.54694886e+02	-4.11085505e+03	8.78409766e-01
1.41000000e-01	5.50602625e+02	-4.07368735e+03	8.78922436e-01
1.42000000e-01	5.46547468e+02	-4.03664706e+03	8.79416556e-01
1.43000000e-01	5.42529282e+02	-3.99974924e+03	8.79893112e-01
1.44000000e-01	5.38547917e+02	-3.96300795e+03	8.80353016e-01
1.45000000e-01	5.34603209e+02	-3.92643634e+03	8.80797121e-01
1.46000000e-01	5.30694983e+02	-3.89004665e+03	8.81226219e-01
1.47000000e-01	5.26823051e+02	-3.85385027e+03	8.81641047e-01
1.48000000e-01	5.22987214e+02	-3.81785778e+03	8.82042295e-01
1.49000000e-01	5.19187263e+02	-3.78207901e+03	8.82430606e-01
1.50000000e-01	5.15422981e+02	-3.74652302e+03	8.82806583e-01
1.51000000e-01	5.11694140e+02	-3.71119820e+03	8.83170790e-01
1.52000000e-01	5.08000504e+02	-3.67611227e+03	8.83523755e-01
1.53000000e-01	5.04341833e+02	-3.64127229e+03	8.83865973e-01
1.54000000e-01	5.00717875e+02	-3.60668475e+03	8.84197910e-01
1.55000000e-01	4.97128376e+02	-3.57235556e+03	8.84520004e-01
1.56000000e-01	4.93573076e+02	-3.53829008e+03	8.84832668e-01
1.57000000e-01	4.90051706e+02	-3.50449317e+03	8.85136290e-01
1.58000000e-01	4.86563998e+02	-3.47096920e+03	8.85431235e-01
1.59000000e-01	4.83109675e+02	-3.43772207e+03	8.85717851e-01
1.60000000e-01	4.79688460e+02	-3.40475525e+03	8.85996465e-01
1.61000000e-01	4.76300070e+02	-3.37207181e+03	8.86267385e-01
1.62000000e-01	4.72944220e+02	-3.33967442e+03	8.86530905e-01
1.63000000e-01	4.69620624e+02	-3.30756537e+03	8.86787302e-01
1.64000000e-01	4.66328992e+02	-3.27574663e+03	8.87036841e-01
1.65000000e-01	4.63069033e+02	-3.24421984e+03	8.87279772e-01
1.66000000e-01	4.59840454e+02	-3.21298631e+03	8.87516332e-01
1.67000000e-01	4.56642962e+02	-3.18204708e+03	8.87746748e-01
1.68000000e-01	4.53476261e+02	-3.15140292e+03	8.87971236e-01
1.69000000e-01	4.50340057e+02	-3.12105435e+03	8.88190001e-01
1.70000000e-01	4.47234054e+02	-3.09100162e+03	8.88403238e-01
1.71000000e-01	4.44157955e+02	-3.06124479e+03	8.88611135e-01
1.72000000e-01	4.41111465e+02	-3.03178370e+03	8.88813869e-01
1.73000000e-01	4.38094289e+02	-3.00261797e+03	8.89011612e-01
1.74000000e-01	4.35106131e+02	-2.97374708e+03	8.89204526e-01
1.75000000e-01	4.32146696e+02	-2.94517030e+03	8.89392767e-01
1.76000000e-01	4.29215692e+02	-2.91688676e+03	8.89576484e-01
1.77000000e-01	4.26312825e+02	-2.88889543e+03	8.89755821e-01
1.78000000e-01	4.23437804e+02	-2.86119515e+03	8.89930914e-01
1.79000000e-01	4.20590338e+02	-2.83378462e+03	8.90101895e-01
1.80000000e-01	4.17770138e+02	-2.80666244e+03	8.90268890e-01
1.81000000e-01	4.14976917e+02	-2.77982707e+03	8.90432020e-01
1.82000000e-01	4.12210388e+02	-2.75327689e+03	8.90591402e-01
1.83000000e-01	4.09470268e+02	-2.72701018e+03	8.90747146e-01
1.84000000e-01	4.06756274e+02	-2.70102512e+03	8.90899361e-01
1.85000000e-01	4.04068124e+02	-2.67531984e+03	8.91048149e-01
1.86000000e-01	4.01405541e+02	-2.64989236e+03	8.91193611e-01
1.87000000e-01	3.98768247e+02	-2.62474065e+03	8.91335841e-01
1.88000000e-01	3.96155968e+02	-2.59986262e+03	8.91474932e-01
1.89000000e-01	3.93568431e+02	-2.57525613e+03	8.91610974e-01
1.90000000e-01	3.91005366e+02	-2.55091896e+03	8.91744050e-01
1.91000000e-01	3.88466504e+02	-2.52684888e+03	8.91874244e-01
1.92000000e-01	3.85951580e+02	-2.50304360e+03	8.92001636e-01
1.93000000e-01	3.83460329e+02	-2.47950079e+03	8.92126301e-01
1.94000000e-01	3.80992491e+02	-2.45621811e+03	8.92248315e-01
1.95000000e-01	3.78547807e+02	-2.43319315e+03	8.92367748e-01
1.96000000e-01	3.76126019e+02	-2.41042352e+03	8.92484670e-01
1.97000000e-01	3.73726875e+02	-2.38790678e+03	8.92599148e-01
1.98000000e-01	3.71350122e+02	-2.36564048e+03	8.92711246e-01
1.99000000e-01	3.68995511e+02	-2.34362215e+03	8.92821026e-01
2.00000000e-01	3.66662796e+02	-2.32184932e+03	8.92928548e-01
2.01000000e-01	3.64351731e+02	-2.30031949e+03	8.93033871e-01
2.02000000e-01	3.62062076e+02	-2.27903017e+03	8.93137052e-01
2.03000000e-01	3.59793591e+02	-2.25797887e+03	8.93238144e-01
2.04000000e-01	3.57546040e+02	-2.23716307e+03	8.93337201e-01
2.05000000e-01	3.55319187e+02	-2.21658027e+03	8.93434274e-01
2.06000000e-01	3.53112802e+02	-2.19622798e+03	8.93529412e-01
2.07000000e-01	3.50926655e+02	-2.17610367e+03	8.93622664e-01
2.08000000e-01	3.48760519e+02	-2.15620487e+03	8.93714075e-01
2.09000000e-01	3.46614171e+02	-2.13652909e+03	8.93803691e-01
2.10000000e-01	3.44487387e+02	-2.11707383e+03	8.93891556e-01
2.11000000e-01	3.42379950e+02	-2.09783663e+03	8.93977711e-01
2.12000000e-01	3.40291642e+02	-2.07881502e+03	8.94062199e-01
2.13000000e-01	3.38222249e+02	-2.06000655e+03	8.94145058e-01
2.14000000e-01	3.36171559e+02	-2.04140878e+03	8.94226328e-01
2.15000000e-01	3.34139362e+02	-2.02301929e+03	8.94306046e-01
2.16000000e-01	3.32125451e+02	-2.00483567e+03	8.94384249e-01
2.17000000e-01	3.30129622e+02	-1.98685551e+03	8.94460971e-01
2.18000000e-01	3.28151673e+02	-1.96907645e+03	8.94536247e-01
2.19000000e-01	3.26191403e+02	-1.95149611e+03	8.94610111e-01
2.20000000e-01	3.24248615e+02	-1.93411214e+03	8.94682595e-01
2.21000000e-01	3.22323114e+02	-1.91692223e+03	8.94753730e-01
2.22000000e-01	3.20414706e+02	-1.89992407e+03	8.94823547e-01
2.23000000e-01	3.18523202e+02	-1.88311535e+03	8.94892075e-01
2.24000000e-01	3.16648413e+02	-1.86649381e+03	8.94959344e-01
2.25000000e-01	3.14790153e+02	-1.85005721e+03	8.95025382e-01
2.26000000e-01	3.12948237e+02	-1.83380330e+03	8.95090216e-01
2.27000000e-01	3.11122486e+02	-1.81772988e+03	8.95153872e-01
2.28000000e-01	3.09312718e+02	-1.80183477e+03	8.95216376e-01
2.29000000e-01	3.07518757e+02	-1.78611578e+03	8.95277754e-01
2.30000000e-01	3.05740428e+02	-1.77057079e+03	8.95338031e-01
2.31000000e-01	3.03977558e+02	-1.75519765e+03	8.95397229e-01
2.32000000e-01	3.02229976e+02	-1.73999427e+03	8.95455372e-01
2.33000000e-01	3.00497514e+02	-1.72495857e+03	8.95512482e-01
2.34000000e-01	2.98780004e+02	-1.71008849e+03	8.95568582e-01
2.35000000e-01	2.97077282e+02	-1.69538199e+03	8.95623694e-01
2.36000000e-01	2.95389186e+02	-1.68083705e+03	8.95677837e-01
2.37000000e-01	2.93715554e+02	-1.66645169e+03	8.95731032e-01
2.38000000e-01	2.92056230e+02	-1.65222392e+03	8.95783299e-01
2.39000000e-01	2.90411054e+02	-1.63815181e+03	8.95834657e-01
2.40000000e-01	2.88779874e+02	-1.62423343e+03	8.95885126e-01
2.41000000e-01	2.87162537e+02	-1.61046687e+03	8.95934722e-01
2.42000000e-01	2.85558891e+02	-1.59685025e+03	8.95983465e-01
2.43000000e-01	2.83968787e+02	-1.58338171e+03	8.96031372e-01
2.44000000e-01	2.82392078e+02	-1.57005941e+03	8.96078459e-01
2.45000000e-01	2.80828620e+02	-1.55688154e+03	8.96124744e-01
2.46000000e-01	2.79278267e+02	-1.54384630e+03	8.96170241e-01
2.47000000e-01	2.77740880e+02	-1.53095192e+03	8.96214968e-01
2.48000000e-01	2.76216317e+02	-1.51819665e+03	8.96258939e-01
2.49000000e-01	2.74704441e+02	-1.50557875e+03	8.96302170e-01
2.50000000e-01	2.73205114e+02	-1.49309653e+03	8.96344674e-01
2.51000000e-01	2.71718203e+02	-1.48074828e+03	8.96386468e-01
2.52000000e-01	2.70243573e+02	-1.46853236e+03	8.96427563e-01
2.53000000e-01	2.68781094e+02	-1.45644710e+03	8.96467974e-01
2.54000000e-01	2.67330636e+02	-1.44449089e+03	8.96507714e-01
2.55000000e-01	2.65892070e+02	-1.43266212e+03	8.96546797e-01
2.56000000e-01	2.64465270e+02	-1.42095921e+03	8.96585234e-01
2.57000000e-01	2.63050110e+02	-1.40938060e+03	8.96623039e-01
2.58000000e-01	2.61646467e+02	-1.39792473e+03	8.96660223e-01
2.59000000e-01	2.60254220e+02	-1.38659009e+03	8.96696798e-01
2.60000000e-01	2.58873247e+02	-1.37537518e+03	8.96732776e-01
2.61000000e-01	2.57503430e+02	-1.36427850e+03	8.96768167e-01
2.62000000e-01	2.56144651e+02	-1.35329860e+03	8.96802984e-01
2.63000000e-01	2.54796794e+02	-1.34243402e+03	8.96837236e-01
2.64000000e-01	2.53459745e+02	-1.33168334e+03	8.96870934e-01
2.65000000e-01	2.52133390e+02	-1.32104515e+03	8.96904089e-01
2.66000000e-01	2.50817617e+02	-1.31051806e+03	8.96936711e-01
2.67000000e-01	2.49512317e+02	-1.30010069e+03	8.96968809e-01
2.68000000e-01	2.48217380e+02	-1.28979170e+03	8.97000392e-01
2.69000000e-01	2.46932698e+02	-1.27958975e+03	8.97031472e-01
2.70000000e-01	2.45658165e+02	-1.26949351e+03	8.97062055e-01
2.71000000e-01	2.44393676e+02	-1.25950169e+03	8.97092153e-01
2.72000000e-01	2.43139127e+02	-1.24961301e+03	8.97121772e-01
2.73000000e-01	2.41894416e+02	-1.23982619e+03	8.97150923e-01
2.74000000e-01	2.40659441e+02	-1.23013998e+03	8.97179613e-01
2.75000000e-01	2.39434102e+02	-1.22055316e+03	8.97207851e-01
2.76000000e-01	2.38218302e+02	-1.21106450e+03	8.97235644e-01
2.77000000e-01	2.37011941e+02	-1.20167281e+03	8.97263001e-01
2.78000000e-01	2.35814924e+02	-1.19237690e+03	8.97289929e-01
2.79000000e-01	2.34627155e+02	-1.18317560e+03	8.97316436e-01
2.80000000e-01	2.33448541e+02	-1.17406776e+03	8.97342529e-01
2.81000000e-01	2.32278989e+02	-1.16505223e+03	8.97368216e-01
2.82000000e-01	2.31118406e+02	-1.15612791e+03	8.97393503e-01
2.83000000e-01	2.29966703e+02	-1.14729368e+03	8.97418398e-01
2.84000000e-01	2.28823789e+02	-1.13854844e+03	8.97442907e-01
2.85000000e-01	2.27689577e+02	-1.12989112e+03	8.97467037e-01
2.86000000e-01	2.26563978e+02	-1.12132066e+03	8.97490795e-01
2.87000000e-01	2.25446907e+02	-1.11283601e+03	8.97514186e-01
2.88000000e-01	2.24338277e+02	-1.10443613e+03	8.97537217e-01
2.89000000e-01	2.23238006e+02	-1.09612000e+03	8.97559895e-01
2.90000000e-01	2.22146010e+02	-1.08788661e+03	8.97582225e-01
2.91000000e-01	2.21062206e+02	-1.07973497e+03	8.97604213e-01
2.92000000e-01	2.19986513e+02	-1.07166409e+03	8.97625865e-01
2.93000000e-01	2.18918851e+02	-1.06367302e+03	8.97647186e-01
2.94000000e-01	2.17859140e+02	-1.05576080e+03	8.97668183e-01
2.95000000e-01	2.16807303e+02	-1.04792648e+03	8.97688860e-01
2.96000000e-01	2.15763262e+02	-1.04016913e+03	8.97709223e-01
2.97000000e-01	2.14726939e+02	-1.03248785e+03	8.97729276e-01
2.98000000e-01	2.13698261e+02	-1.02488171e+03	8.97749026e-01
2.99000000e-01	2.12677151e+02	-1.01734984e+03	8.97768477e-01
3.00000000e-01	2.11663536e+02	-1.00989136e+03	8.97787634e-01
3.01000000e-01	2.10657344e+02	-1.00250538e+03	8.97806502e-01
3.02000000e-01	2.09658502e+02	-9.95191067e+02	8.97825086e-01
3.03000000e-01	2.08666938e+02	-9.87947562e+02	8.97843389e-01
3.04000000e-01	2.07682583e+02	-9.80774035e+02	8.97861418e-01
3.05000000e-01	2.06705367e+02	-9.73669663e+02	8.97879175e-01
3.06000000e-01	2.05735221e+02	-9.66633634e+02	8.97896667e-01
3.07000000e-01	2.04772077e+02	-9.59665146e+02	8.97913896e-01
3.08000000e-01	2.03815868e+02	-9.52763411e+02	8.97930867e-01
3.09000000e-01	2.02866528e+02	-9.45927647e+02	8.97947584e-01
3.10000000e-01	2.01923991e+02	-9.39157086e+02	8.97964051e-01
3.11000000e-01	2.00988192e+02	-9.32450968e+02	8.97980273e-01
3.12000000e-01	2.00059068e+02	-9.25808545e+02	8.97996253e-01
3.13000000e-01	1.99136554e+02	-9.19229076e+02	8.98011995e-01
3.14000000e-01	1.98220589e+02	-9.12711834e+02	8.98027502e-01
3.15000000e-01	1.97311110e+02	-9.06256098e+02	8.98042779e-01
3.16000000e-01	1.96408056e+02	-8.99861159e+02	8.98057828e-01
3.17000000e-01	1.95511367e+02	-8.93526315e+02	8.98072654e-01
3.18000000e-01	1.94620984e+02	-8.87250875e+02	8.98087260e-01
3.19000000e-01	1.93736846e+02	-8.81034157e+02	8.98101650e-01
3.20000000e-01	1.92858896e+02	-8.74875489e+02	8.98115826e-01
3.21000000e-01	1.91987076e+02	-8.68774204e+02	8.98129793e-01
3.22000000e-01	1.91121328e+02	-8.62729649e+02	8.98143552e-01
3.23000000e-01	1.90261597e+02	-8.56741175e+02	8.98157108e-01
3.24000000e-01	1.89407827e+02	-8.50808145e+02	8.98170464e-01
3.25000000e-01	1.88559963e+02	-8.44929929e+02	8.98183622e-01
3.26000000e-01	1.87717949e+02	-8.39105903e+02	8.98196586e-01
3.27000000e-01	1.86881733e+02	-8.33335456e+02	8.98209359e-01
3.28000000e-01	1.86051261e+02	-8.27617981e+02	8.98221943e-01
3.29000000e-01	1.85226479e+02	-8.21952881e+02	8.98234341e-01
3.30000000e-01	1.84407337e+02	-8.16339566e+02	8.98246557e-01
3.31000000e-01	1.83593783e+02	-8.10777453e+02	8.98258593e-01
3.32000000e-01	1.82785766e+02	-8.05265968e+02	8.98270451e-01
3.33000000e-01	1.81983234e+02	-7.99804543e+02	8.98282134e-01
3.34000000e-01	1.81186140e+02	-7.94392620e+02	8.98293645e-01
3.35000000e-01	1.80394433e+02	-7.89029645e+02	8.98304987e-01
3.36000000e-01	1.79608064e+02	-7.83715073e+02	8.98316162e-01
3.37000000e-01	1.78826987e+02	-7.78448367e+02	8.98327172e-01
3.38000000e-01	1.78051152e+02	-7.73228993e+02	8.98338020e-01
3.39000000e-01	1.77280513e+02	-7.68056429e+02	8.98348708e-01
3.40000000e-01	1.76515023e+02	-7.62930156e+02	8.98359239e-01
3.41000000e-01	1.75754637e+02	-7.57849663e+02	8.98369615e-01
3.42000000e-01	1.74999309e+02	-7.52814447e+02	8.98379838e-01
3.43000000e-01	1.74248993e+02	-7.47824008e+02	8.98389911e-01
3.44000000e-01	1.73503646e+02	-7.42877855e+02	8.98399835e-01
3.45000000e-01	1.72763223e+02	-7.37975503e+02	8.98409613e-01
3.46000000e-01	1.72027680e+02	-7.33116473e+02	8.98419247e-01
3.47000000e-01	1.71296975e+02	-7.28300292e+02	8.98428738e-01
3.48000000e-01	1.70571066e+02	-7.23526493e+02	8.98438090e-01
3.49000000e-01	1.69849908e+02	-7.18794615e+02	8.98447304e-01
3.50000000e-01	1.69133462e+02	-7.14104202e+02	8.98456382e-01
3.51000000e-01	1.68421686e+02	-7.09454806e+02	8.98465326e-01
3.52000000e-01	1.67714539e+02	-7.04845982e+02	8.98474137e-01
3.53000000e-01	1.67011981e+02	-7.00277293e+02	8.98482819e-01
3.54000000e-01	1.66313971e+02	-6.95748306e+02	8.98491372e-01
3.55000000e-01	1.65620471e+02	-6.91258594e+02	8.98499799e-01
3.56000000e-01	1.64931441e+02	-6.86807736e+02	8.98508100e-01
3.57000000e-01	1.64246843e+02	-6.82395314e+02	8.98516279e-01
3.58000000e-01	1.63566638e+02	-6.78020918e+02	8.98524337e-01
3.59000000e-01	1.62890788e+02	-6.73684142e+02	8.98532275e-01
3.60000000e-01	1.62219257e+02	-6.69384585e+02	8.98540095e-01
3.61000000e-01	1.61552007e+02	-6.65121851e+02	8.98547799e-01
3.62000000e-01	1.60889001e+02	-6.60895549e+02	8.98555389e-01
3.63000000e-01	1.60230203e+02	-6.56705293e+02	8.98562865e-01
3.64000000e-01	1.59575578e+02	-6.52550701e+02	8.98570230e-01
3.65000000e-01	1.58925090e+02	-6.48431398e+02	8.98577486e-01
3.66000000e-01	1.58278704e+02	-6.44347011e+02	8.98584633e-01
3.67000000e-01	1.57636384e+02	-6.40297174e+02	8.98591673e-01
3.68000000e-01	1.56998098e+02	-6.36281522e+02	8.98598607e-01
3.69000000e-01	1.56363810e+02	-6.32299699e+02	8.98605438e-01
3.70000000e-01	1.55733487e+02	-6.28351350e+02	8.98612166e-01
3.71000000e-01	1.55107096e+02	-6.24436126e+02	8.98618794e-01
3.72000000e-01	1.54484604e+02	-6.20553682e+02	8.98625321e-01
3.73000000e-01	1.53865978e+02	-6.16703677e+02	8.98631751e-01
3.74000000e-01	1.53251186e+02	-6.12885774e+02	8.98638083e-01
3.75000000e-01	1.52640196e+02	-6.09099640e+02	8.98644320e-01
3.76000000e-01	1.52032976e+02	-6.05344947e+02	8.98650462e-01
3.77000000e-01	1.51429495e+02	-6.01621371e+02	8.98656511e-01
3.78000000e-01	1.50829723e+02	-5.97928590e+02	8.98662469e-01
3.79000000e-01	1.50233628e+02	-5.94266289e+02	8.98668335e-01
3.80000000e-01	1.49641180e+02	-5.90634153e+02	8.98674113e-01
3.81000000e-01	1.49052350e+02	-5.87031875e+02	8.98679802e-01
3.82000000e-01	1.48467106e+02	-5.83459149e+02	8.98685405e-01
3.83000000e-01	1.47885421e+02	-5.79915672e+02	8.98690921e-01
3.84000000e-01	1.47307265e+02	-5.76401148e+02	8.98696353e-01
3.85000000e-01	1.46732609e+02	-5.72915282e+02	8.98701702e-01
3.86000000e-01	1.46161425e+02	-5.69457782e+02	8.98706968e-01
3.87000000e-01	1.45593684e+02	-5.66028362e+02	8.98712153e-01
3.88000000e-01	1.45029359e+02	-5.62626738e+02	8.98717258e-01
3.89000000e-01	1.44468422e+02	-5.59252628e+02	8.98722283e-01
3.90000000e-01	1.43910845e+02	-5.55905756e+02	8.98727230e-01
3.91000000e-01	1.43356601e+02	-5.52585848e+02	8.98732101e-01
3.92000000e-01	1.42805664e+02	-5.49292634e+02	8.98736895e-01
3.93000000e-01	1.42258007e+02	-5.46025845e+02	8.98741614e-01
3.94000000e-01	1.41713604e+02	-5.42785217e+02	8.98746260e-01
3.95000000e-01	1.41172428e+02	-5.39570491e+02	8.98750832e-01
3.96000000e-01	1.40634454e+02	-5.36381406e+02	8.98755332e-01
3.97000000e-01	1.40099656e+02	-5.33217709e+02	8.98759760e-01
3.98000000e-01	1.39568010e+02	-5.30079147e+02	8.98764119e-01
3.99000000e-01	1.39039490e+02	-5.26965472e+02	8.98768408e-01
4.00000000e-01	1.38514071e+02	-5.23876437e+02	8.98772629e-01
4.01000000e-01	1.37991729e+02	-5.20811799e+02	8.98776782e-01
4.02000000e-01	1.37472439e+02	-5.17771318e+02	8.98780869e-01
4.03000000e-01	1.36956178e+02	-5.14754756e+02	8.98784890e-01
4.04000000e-01	1.36442922e+02	-5.11761878e+02	8.98788846e-01
4.05000000e-01	1.35932646e+02	-5.08792453e+02	8.98792738e-01
4.06000000e-01	1.35425329e+02	-5.05846250e+02	8.98796566e-01
4.07000000e-01	1.34920946e+02	-5.02923044e+02	8.98800332e-01
4.08000000e-01	1.34419475e+02	-5.00022610e+02	8.98804037e-01
4.09000000e-01	1.33920893e+02	-4.97144727e+02	8.98807680e-01
4.10000000e-01	1.33425178e+02	-4.94289176e+02	8.98811264e-01
4.11000000e-01	1.32932307e+02	-4.91455740e+02	8.98814788e-01
4.12000000e-01	1.32442259e+02	-4.88644205e+02	8.98818254e-01
4.13000000e-01	1.31955012e+02	-4.85854361e+02	8.98821661e-01
4.14000000e-01	1.31470543e+02	-4.83085998e+02	8.98825012e-01
4.15000000e-01	1.30988832e+02	-4.80338909e+02	8.98828307e-01
4.16000000e-01	1.30509858e+02	-4.77612890e+02	8.98831546e-01
4.17000000e-01	1.30033600e+02	-4.74907740e+02	8.98834729e-01
4.18000000e-01	1.29560036e+02	-4.72223258e+02	8.98837859e-01
4.19000000e-01	1.29089146e+02	-4.69559247e+02	8.98840935e-01
4.20000000e-01	1.28620910e+02	-4.66915513e+02	8.98843959e-01
4.21000000e-01	1.28155308e+02	-4.64291861e+02	8.98846930e-01
4.22000000e-01	1.27692320e+02	-4.61688103e+02	8.98849849e-01
4.23000000e-01	1.27231926e+02	-4.59104048e+02	8.98852718e-01
4.24000000e-01	1.26774105e+02	-4.56539510e+02	8.98855537e-01
4.25000000e-01	1.26318840e+02	-4.53994306e+02	8.98858305e-01
4.26000000e-01	1.25866110e+02	-4.51468253e+02	8.98861025e-01
4.27000000e-01	1.25415897e+02	-4.48961170e+02	8.98863697e-01
4.28000000e-01	1.24968182e+02	-4.46472880e+02	8.98866321e-01
4.29000000e-01	1.24522945e+02	-4.44003206e+02	8.98868897e-01
4.30000000e-01	1.24080169e+02	-4.41551973e+02	8.98871427e-01
4.31000000e-01	1.23639835e+02	-4.39119011e+02	8.98873911e-01
4.32000000e-01	1.23201925e+02	-4.36704148e+02	8.98876350e-01
4.33000000e-01	1.22766421e+02	-4.34307216e+02	8.98878744e-01
4.34000000e-01	1.22333304e+02	-4.31928047e+02	8.98881093e-01
4.35000000e-01	1.21902559e+02	-4.29566479e+02	8.98883399e-01
4.36000000e-01	1.21474166e+02	-4.27222346e+02	8.98885661e-01
4.37000000e-01	1.21048108e+02	-4.24895490e+02	8.98887881e-01
4.38000000e-01	1.20624369e+02	-4.22585748e+02	8.98890059e-01
4.39000000e-01	1.20202931e+02	-4.20292966e+02	8.98892195e-01
4.40000000e-01	1.19783777e+02	-4.18016985e+02	8.98894290e-01
4.41000000e-01	1.19366891e+02	-4.15757653e+02	8.98896344e-01
4.42000000e-01	1.18952256e+02	-4.13514817e+02	8.98898358e-01
4.43000000e-01	1.18539856e+02	-4.11288325e+02	8.98900333e-01
4.44000000e-01	1.18129674e+02	-4.09078029e+02	8.98902268e-01
4.45000000e-01	1.17721695e+02	-4.06883781e+02	8.98904165e-01
4.46000000e-01	1.17315901e+02	-4.04705436e+02	8.98906023e-01
4.47000000e-01	1.16912278e+02	-4.02542848e+02	8.98907844e-01
4.48000000e-01	1.16510810e+02	-4.00395875e+02	8.98909628e-01
4.49000000e-01	1.16111481e+02	-3.98264376e+02	8.98911375e-01
4.50000000e-01	1.15714276e+02	-3.96148211e+02	8.98913085e-01
4.51000000e-01	1.15319180e+02	-3.94047241e+02	8.98914760e-01
4.52000000e-01	1.14926177e+02	-3.91961331e+02	8.98916399e-01
4.53000000e-01	1.14535252e+02	-3.89890344e+02	8.98918003e-01
4.54000000e-01	1.14146391e+02	-3.87834147e+02	8.98919573e-01
4.55000000e-01	1.13759579e+02	-3.85792607e+02	8.98921108e-01
4.56000000e-01	1.13374801e+02	-3.83765594e+02	8.98922610e-01
4.57000000e-01	1.12992043e+02	-3.81752978e+02	8.98924078e-01
4.58000000e-01	1.12611290e+02	-3.79754631e+02	8.98925513e-01
4.59000000e-01	1.12232529e+02	-3.77770425e+02	8.98926916e-01
4.60000000e-01	1.11855744e+02	-3.75800236e+02	8.98928287e-01
4.61000000e-01	1.11480923e+02	-3.73843940e+02	8.98929625e-01
4.62000000e-01	1.11108052e+02	-3.71901412e+02	8.98930933e-01
4.63000000e-01	1.10737116e+02	-3.69972533e+02	8.98932209e-01
4.64000000e-01	1.10368102e+02	-3.68057181e+02	8.98933455e-01
4.65000000e-01	1.10000997e+02	-3.66155237e+02	8.98934670e-01
4.66000000e-01	1.09635787e+02	-3.64266585e+02	8.98935856e-01
4.67000000e-01	1.09272459e+02	-3.62391107e+02	8.98937012e-01
4.68000000e-01	1.08911001e+02	-3.60528688e+02	8.98938139e-01
4.69000000e-01	1.08551398e+02	-3.58679214e+02	8.98939237e-01
4.70000000e-01	1.08193638e+02	-3.56842572e+02	8.98940306e-01
4.71000000e-01	1.07837708e+02	-3.55018650e+02	8.98941347e-01
4.72000000e-01	1.07483596e+02	-3.53207338e+02	8.98942361e-01
4.73000000e-01	1.07131289e+02	-3.51408527e+02	8.98943347e-01
4.74000000e-01	1.06780775e+02	-3.49622108e+02	8.98944306e-01
4.75000000e-01	1.06432041e+02	-3.47847974e+02	8.98945238e-01
4.76000000e-01	1.06085075e+02	-3.46086018e+02	8.98946143e-01
4.77000000e-01	1.05739865e+02	-3.44336137e+02	8.98947022e-01
4.78000000e-01	1.05396399e+02	-3.42598226e+02	8.98947876e-01
4.79000000e-01	1.05054664e+02	-3.40872183e+02	8.98948704e-01
4.80000000e-01	1.04714650e+02	-3.39157905e+02	8.98949506e-01
4.81000000e-01	1.04376345e+02	-3.37455292e+02	8.98950284e-01
4.82000000e-01	1.04039736e+02	-3.35764245e+02	8.98951037e-01
4.83000000e-01	1.03704812e+02	-3.34084664e+02	8.98951765e-01
4.84000000e-01	1.03371562e+02	-3.32416453e+02	8.98952470e-01
4.85000000e-01	1.03039975e+02	-3.30759513e+02	8.98953150e-01
4.86000000e-01	1.02710040e+02	-3.29113751e+02	8.98953807e-01
4.87000000e-01	1.02381744e+02	-3.27479071e+02	8.98954441e-01
4.88000000e-01	1.02055078e+02	-3.25855379e+02	8.98955052e-01
4.89000000e-01	1.01730030e+02	-3.24242583e+02	8.98955640e-01
4.90000000e-01	1.01406589e+02	-3.22640590e+02	8.98956206e-01
4.91000000e-01	1.01084745e+02	-3.21049311e+02	8.98956750e-01
4.92000000e-01	1.00764487e+02	-3.19468654e+02	8.98957272e-01
4.93000000e-01	1.00445804e+02	-3.17898531e+02	8.98957772e-01
4.94000000e-01	1.00128686e+02	-3.16338854e+02	8.98958250e-01
4.95000000e-01	9.98131227e+01	-3.14789535e+02	8.98958708e-01
4.96000000e-01	9.94991035e+01	-3.13250488e+02	8.98959145e-01
4.97000000e-01	9.91866183e+01	-3.11721628e+02	8.98959561e-01
4.98000000e-01	9.88756568e+01	-3.10202869e+02	8.98959956e-01
4.99000000e-01	9.85662091e+01	-3.08694128e+02	8.98960332e-01
5.00000000e-01	9.82582652e+01	-3.07195321e+02	8.98960687e-01
5.01000000e-01	9.79518151e+01	-3.05706367e+02	8.98961023e-01
5.02000000e-01	9.76468491e+01	-3.04227184e+02	8.98961340e-01
5.03000000e-01	9.73433574e+01	-3.02757692e+02	8.98961637e-01
5.04000000e-01	9.70413305e+01	-3.01297811e+02	8.98961915e-01
5.05000000e-01	9.67407586e+01	-2.99847461e+02	8.98962174e-01
5.06000000e-01	9.64416323e+01	-2.98406565e+02	8.98962415e-01
5.07000000e-01	9.61439422e+01	-2.96975045e+02	8.98962638e-01
5.08000000e-01	9.58476790e+01	-2.95552825e+02	8.98962842e-01
5.09000000e-01	9.55528334e+01	-2.94139827e+02	8.98963029e-01
5.10000000e-01	9.52593963e+01	-2.92735979e+02	8.98963198e-01
5.11000000e-01	9.49673584e+01	-2.91341204e+02	8.98963349e-01
5.12000000e-01	9.46767108e+01	-2.89955429e+02	8.98963483e-01
5.13000000e-01	9.43874445e+01	-2.88578581e+02	8.98963600e-01
5.14000000e-01	9.40995506e+01	-2.87210587e+02	8.98963700e-01
5.15000000e-01	9.38130203e+01	-2.85851377e+02	8.98963784e-01
5.16000000e-01	9.35278449e+01	-2.84500880e+02	8.98963851e-01
5.17000000e-01	9.32440156e+01	-2.83159024e+02	8.98963901e-01
5.18000000e-01	9.29615239e+01	-2.81825741e+02	8.98963936e-01
5.19000000e-01	9.26803612e+01	-2.80500961e+02	8.98963955e-01
5.20000000e-01	9.24005191e+01	-2.79184617e+02	8.98963957e-01
5.21000000e-01	9.21219891e+01	-2.77876641e+02	8.98963945e-01
5.22000000e-01	9.18447630e+01	-2.76576965e+02	8.98963917e-01
5.23000000e-01	9.15688324e+01	-2.75285524e+02	8.98963874e-01
5.24000000e-01	9.12941891e+01	-2.74002253e+02	8.98963816e-01
5.25000000e-01	9.10208251e+01	-2.72727085e+02	8.98963743e-01
5.26000000e-01	9.07487322e+01	-2.71459958e+02	8.98963655e-01
5.27000000e-01	9.04779024e+01	-2.70200806e+02	8.98963553e-01
5.28000000e-01	9.02083279e+01	-2.68949567e+02	8.98963437e-01
5.29000000e-01	8.99400006e+01	-2.67706178e+02	8.98963306e-01
5.30000000e-01	8.96729129e+01	-2.66470577e+02	8.98963162e-01
5.31000000e-01	8.94070568e+01	-2.65242703e+02	8.98963003e-01
5.32000000e-01	8.91424248e+01	-2.64022496e+02	8.98962831e-01
5.33000000e-01	8.88790092e+01	-2.62809894e+02	8.98962646e-01
5.34000000e-01	8.86168025e+01	-2.61604839e+02	8.98962447e-01
5.35000000e-01	8.83557970e+01	-2.60407270e+02	8.98962235e-01
5.36000000e-01	8.80959854e+01	-2.59217131e+02	8.98962010e-01
5.37000000e-01	8.78373602e+01	-2.58034361e+02	8.98961772e-01
5.38000000e-01	8.75799141e+01	-2.56858906e+02	8.98961522e-01
5.39000000e-01	8.73236399e+01	-2.55690706e+02	8.98961259e-01
5.40000000e-01	8.70685303e+01	-2.54529706e+02	8.98960983e-01
5.41000000e-01	8.68145780e+01	-2.53375851e+02	8.98960695e-01
5.42000000e-01	8.65617761e+01	-2.52229084e+02	8.98960395e-01
5.43000000e-01	8.63101174e+01	-2.51089351e+02	8.98960084e-01
5.44000000e-01	8.60595950e+01	-2.49956597e+02	8.98959760e-01
5.45000000e-01	8.58102019e+01	-2.48830770e+02	8.98959424e-01
5.46000000e-01	8.55619311e+01	-2.47711815e+02	8.98959077e-01
5.47000000e-01	8.53147759e+01	-2.46599680e+02	8.98958719e-01
5.48000000e-01	8.50687294e+01	-2.45494312e+02	8.98958349e-01
5.49000000e-01	8.48237850e+01	-2.44395660e+02	8.98957968e-01
5.50000000e-01	8.45799358e+01	-2.43303672e+02	8.98957576e-01
5.51000000e-01	8.43371754e+01	-2.42218297e+02	8.98957174e-01
5.52000000e-01	8.40954970e+01	-2.41139485e+02	8.98956760e-01
5.53000000e-01	8.38548941e+01	-2.40067186e+02	8.98956336e-01
5.54000000e-01	8.36153604e+01	-2.39001351e+02	8.98955901e-01
5.55000000e-01	8.33768892e+01	-2.37941930e+02	8.98955456e-01
5.56000000e-01	8.31394743e+01	-2.36888875e+02	8.98955000e-01
5.57000000e-01	8.29031093e+01	-2.35842137e+02	8.98954535e-01
5.58000000e-01	8.26677879e+01	-2.34801669e+02	8.98954059e-01
5.59000000e-01	8.24335038e+01	-2.33767424e+02	8.98953574e-01
5.60000000e-01	8.22002509e+01	-2.32739355e+02	8.98953079e-01
5.61000000e-01	8.19680230e+01	-2.31717415e+02	8.98952574e-01
5.62000000e-01	8.17368140e+01	-2.30701558e+02	8.98952059e-01
5.63000000e-01	8.15066178e+01	-2.29691739e+02	8.98951535e-01
5.64000000e-01	8.12774284e+01	-2.28687912e+02	8.98951002e-01
5.65000000e-01	8.10492399e+01	-2.27690034e+02	8.98950459e-01
5.66000000e-01	8.08220463e+01	-2.26698058e+02	8.98949908e-01
5.67000000e-01	8.05958418e+01	-2.25711942e+02	8.98949347e-01
5.68000000e-01	8.03706205e+01	-2.24731642e+02	8.98948777e-01
5.69000000e-01	8.01463765e+01	-2.23757114e+02	8.98948199e-01
5.70000000e-01	7.99231042e+01	-2.22788316e+02	8.98947612e-01
5.71000000e-01	7.97007979e+01	-2.21825206e+02	8.98947016e-01
5.72000000e-01	7.94794519e+01	-2.20867740e+02	8.98946412e-01
5.73000000e-01	7.92590605e+01	-2.19915879e+02	8.98945800e-01
5.74000000e-01	7.90396182e+01	-2.18969579e+02	8.98945179e-01
5.75000000e-01	7.88211194e+01	-2.18028801e+02	8.98944550e-01
5.76000000e-01	7.86035587e+01	-2.17093504e+02	8.98943913e-01
5.77000000e-01	7.83869306e+01	-2.16163647e+02	8.98943268e-01
5.78000000e-01	7.81712295e+01	-2.15239191e+02	8.98942615e-01
5.79000000e-01	7.79564503e+01	-2.14320096e+02	8.98941955e-01
5.80000000e-01	7.77425875e+01	-2.13406323e+02	8.98941286e-01
5.81000000e-01	7.75296358e+01	-2.12497833e+02	8.98940610e-01
5.82000000e-01	7.73175900e+01	-2.11594588e+02	8.98939927e-01
5.83000000e-01	7.71064449e+01	-2.10696550e+02	8.98939236e-01
5.84000000e-01	7.68961951e+01	-2.09803680e+02	8.98938538e-01
5.85000000e-01	7.66868357e+01	-2.08915941e+02	8.98937832e-01
5.86000000e-01	7.64783615e+01	-2.08033297e+02	8.98937119e-01
5.87000000e-01	7.62707674e+01	-2.07155710e+02	8.98936400e-01
5.88000000e-01	7.60640483e+01	-2.06283143e+02	8.98935673e-01
5.89000000e-01	7.58581994e+01	-2.05415561e+02	8.98934940e-01
5.90000000e-01	7.56532155e+01	-2.04552928e+02	8.98934199e-01
5.91000000e-01	7.54490918e+01	-2.03695208e+02	8.98933452e-01
5.92000000e-01	7.52458234e+01	-2.02842366e+02	8.98932698e-01
5.93000000e-01	7.50434054e+01	-2.01994366e+02	8.98931938e-01
5.94000000e-01	7.48418330e+01	-2.01151175e+02	8.98931171e-01
5.95000000e-01	7.46411014e+01	-2.00312758e+02	8.98930398e-01
5.96000000e-01	7.44412058e+01	-1.99479080e+02	8.98929618e-01
5.97000000e-01	7.42421416e+01	-1.98650109e+02	8.98928832e-01
5.98000000e-01	7.40439040e+01	-1.97825810e+02	8.98928040e-01
5.99000000e-01	7.38464884e+01	-1.97006150e+02	8.98927242e-01
6.00000000e-01	7.36498901e+01	-1.96191097e+02	8.98926438e-01
6.01000000e-01	7.34541046e+01	-1.95380618e+02	8.98925628e-01
6.02000000e-01	7.32591273e+01	-1.94574681e+02	8.98924812e-01
6.03000000e-01	7.30649536e+01	-1.93773252e+02	8.98923991e-01
6.04000000e-01	7.28715792e+01	-1.92976302e+02	8.98923163e-01
6.05000000e-01	7.26789995e+01	-1.92183797e+02	8.98922330e-01
6.06000000e-01	7.24872101e+01	-1.91395707e+02	8.98921491e-01
6.07000000e-01	7.22962065e+01	-1.90612001e+02	8.98920647e-01
6.08000000e-01	7.21059845e+01	-1.89832648e+02	8.98919797e-01
6.09000000e-01	7.19165397e+01	-1.89057618e+02	8.98918942e-01
6.10000000e-01	7.17278678e+01	-1.88286880e+02	8.98918082e-01
6.11000000e-01	7.15399645e+01	-1.87520404e+02	8.98917217e-01
6.12000000e-01	7.13528255e+01	-1.86758162e+02	8.98916346e-01
6.13000000e-01	7.11664467e+01	-1.86000122e+02	8.98915470e-01
6.14000000e-01	7.09808238e+01	-1.85246256e+02	8.98914589e-01
6.15000000e-01	7.07959527e+01	-1.84496536e+02	8.98913703e-01
6.16000000e-01	7.06118293e+01	-1.83750932e+02	8.98912812e-01
6.17000000e-01	7.04284494e+01	-1.83009415e+02	8.98911917e-01
6.18000000e-01	7.02458091e+01	-1.82271958e+02	8.98911016e-01
6.19000000e-01	7.00639041e+01	-1.81538533e+02	8.98910111e-01
6.20000000e-01	6.98827306e+01	-1.80809111e+02	8.98909201e-01
6.21000000e-01	6.97022845e+01	-1.80083666e+02	8.98908287e-01
6.22000000e-01	6.95225619e+01	-1.79362169e+02	8.98907368e-01
6.23000000e-01	6.93435588e+01	-1.78644594e+02	8.98906445e-01
6.24000000e-01	6.91652713e+01	-1.77930914e+02	8.98905517e-01
6.25000000e-01	6.89876956e+01	-1.77221102e+02	8.98904584e-01
6.26000000e-01	6.88108278e+01	-1.76515132e+02	8.98903648e-01
6.27000000e-01	6.86346640e+01	-1.75812978e+02	8.98902707e-01
6.28000000e-01	6.84592005e+01	-1.75114613e+02	8.98901762e-01
6.29000000e-01	6.82844335e+01	-1.74420012e+02	8.98900813e-01
6.30000000e-01	6.81103592e+01	-1.73729149e+02	8.98899859e-01
6.31000000e-01	6.79369739e+01	-1.73041999e+02	8.98898902e-01
6.32000000e-01	6.77642739e+01	-1.72358537e+02	8.98897941e-01
6.33000000e-01	6.75922555e+01	-1.71678737e+02	8.98896975e-01
6.34000000e-01	6.74209151e+01	-1.71002575e+02	8.98896006e-01
6.35000000e-01	6.72502491e+01	-1.70330027e+02	8.98895033e-01
6.36000000e-01	6.70802538e+01	-1.69661068e+02	8.98894056e-01
6.37000000e-01	6.69109257e+01	-1.68995673e+02	8.98893076e-01
6.38000000e-01	6.67422612e+01	-1.68333820e+02	8.98892092e-01
6.39000000e-01	6.65742568e+01	-1.67675484e+02	8.98891104e-01
6.40000000e-01	6.64069090e+01	-1.67020641e+02	8.98890113e-01
6.41000000e-01	6.62402143e+01	-1.66369269e+02	8.98889118e-01
6.42000000e-01	6.60741693e+01	-1.65721343e+02	8.98888119e-01
6.43000000e-01	6.59087704e+01	-1.65076842e+02	8.98887118e-01
6.44000000e-01	6.57440144e+01	-1.64435742e+02	8.98886112e-01
6.45000000e-01	6.55798977e+01	-1.63798020e+02	8.98885104e-01
6.46000000e-01	6.54164172e+01	-1.63163654e+02	8.98884092e-01
6.47000000e-01	6.52535693e+01	-1.62532623e+02	8.98883077e-01
6.48000000e-01	6.50913507e+01	-1.61904903e+02	8.98882059e-01
6.49000000e-01	6.49297583e+01	-1.61280473e+02	8.98881037e-01
6.50000000e-01	6.47687886e+01	-1.60659310e+02	8.98880013e-01
6.51000000e-01	6.46084385e+01	-1.60041395e+02	8.98878985e-01
6.52000000e-01	6.44487047e+01	-1.59426704e+02	8.98877955e-01
6.53000000e-01	6.42895840e+01	-1.58815218e+02	8.98876921e-01
6.54000000e-01	6.41310732e+01	-1.58206914e+02	8.98875884e-01
6.55000000e-01	6.39731690e+01	-1.57601772e+02	8.98874845e-01
6.56000000e-01	6.38158685e+01	-1.56999771e+02	8.98873803e-01
6.57000000e-01	6.36591684e+01	-1.56400890e+02	8.98872757e-01
6.58000000e-01	6.35030656e+01	-1.55805110e+02	8.98871710e-01
6.59000000e-01	6.33475571e+01	-1.55212410e+02	8.98870659e-01
6.60000000e-01	6.31926397e+01	-1.54622770e+02	8.98869606e-01
6.61000000e-01	6.30383105e+01	-1.54036169e+02	8.98868550e-01
6.62000000e-01	6.28845663e+01	-1.53452589e+02	8.98867491e-01
6.63000000e-01	6.27314042e+01	-1.52872009e+02	8.98866430e-01
6.64000000e-01	6.25788212e+01	-1.52294410e+02	8.98865366e-01
6.65000000e-01	6.24268144e+01	-1.51719773e+02	8.98864300e-01
6.66000000e-01	6.22753806e+01	-1.51148079e+02	8.98863231e-01
6.67000000e-01	6.21245172e+01	-1.50579308e+02	8.98862160e-01
6.68000000e-01	6.19742210e+01	-1.50013442e+02	8.98861087e-01
6.69000000e-01	6.18244892e+01	-1.49450462e+02	8.98860011e-01
6.70000000e-01	6.16753190e+01	-1.48890350e+02	8.98858933e-01
6.71000000e-01	6.15267075e+01	-1.48333086e+02	8.98857852e-01
6.72000000e-01	6.13786519e+01	-1.47778653e+02	8.98856770e-01
6.73000000e-01	6.12311492e+01	-1.47227033e+02	8.98855685e-01
6.74000000e-01	6.10841968e+01	-1.46678207e+02	8.98854598e-01
6.75000000e-01	6.09377918e+01	-1.46132158e+02	8.98853509e-01
6.76000000e-01	6.07919315e+01	-1.45588868e+02	8.98852417e-01
6.77000000e-01	6.06466131e+01	-1.45048320e+02	8.98851324e-01
6.78000000e-01	6.05018339e+01	-1.44510495e+02	8.98850229e-01
6.79000000e-01	6.03575911e+01	-1.43975377e+02	8.98849131e-01
6.80000000e-01	6.02138822e+01	-1.43442948e+02	8.98848032e-01
6.81000000e-01	6.00707043e+01	-1.42913192e+02	8.98846930e-01
6.82000000e-01	5.99280548e+01	-1.42386091e+02	8.98845827e-01
6.83000000e-01	5.97859312e+01	-1.41861629e+02	8.98844722e-01
6.84000000e-01	5.96443306e+01	-1.41339789e+02	8.98843615e-01
6.85000000e-01	5.95032507e+01	-1.40820554e+02	8.98842506e-01
6.86000000e-01	5.93626886e+01	-1.40303909e+02	8.98841396e-01
6.87000000e-01	5.92226419e+01	-1.39789836e+02	8.98840283e-01
6.88000000e-01	5.90831080e+01	-1.39278320e+02	8.98839169e-01
6.89000000e-01	5.89440844e+01	-1.38769344e+02	8.98838053e-01
6.90000000e-01	5.88055684e+01	-1.38262893e+02	8.98836936e-01
6.91000000e-01	5.86675577e+01	-1.37758950e+02	8.98835817e-01
6.92000000e-01	5.85300496e+01	-1.37257501e+02	8.98834696e-01
6.93000000e-01	5.83930418e+01	-1.36758530e+02	8.98833574e-01
6.94000000e-01	5.82565317e+01	-1.36262020e+02	8.98832450e-01
6.95000000e-01	5.81205169e+01	-1.35767957e+02	8.98831325e-01
6.96000000e-01	5.79849949e+01	-1.35276326e+02	8.98830198e-01
6.97000000e-01	5.78499634e+01	-1.34787111e+02	8.98829070e-01
6.98000000e-01	5.77154198e+01	-1.34300298e+02	8.98827940e-01
6.99000000e-01	5.75813619e+01	-1.33815871e+02	8.98826809e-01
7.00000000e-01	5.74477872e+01	-1.33333817e+02	8.98825676e-01
7.01000000e-01	5.73146934e+01	-1.32854119e+02	8.98824542e-01
7.02000000e-01	5.71820781e+01	-1.32376764e+02	8.98823407e-01
7.03000000e-01	5.70499391e+01	-1.31901737e+02	8.98822270e-01
7.04000000e-01	5.69182738e+01	-1.31429024e+02	8.98821132e-01
7.05000000e-01	5.67870802e+01	-1.30958610e+02	8.98819993e-01
7.06000000e-01	5.66563558e+01	-1.30490482e+02	8.98818853e-01
7.07000000e-01	5.65260984e+01	-1.30024626e+02	8.98817711e-01
7.08000000e-01	5.63963057e+01	-1.29561027e+02	8.98816568e-01
7.09000000e-01	5.62669755e+01	-1.29099672e+02	8.98815425e-01
7.10000000e-01	5.61381056e+01	-1.28640547e+02	8.98814279e-01
7.11000000e-01	5.60096936e+01	-1.28183638e+02	8.98813133e-01
7.12000000e-01	5.58817375e+01	-1.27728933e+02	8.98811986e-01
7.13000000e-01	5.57542350e+01	-1.27276417e+02	8.98810838e-01
7.14000000e-01	5.56271839e+01	-1.26826077e+02	8.98809688e-01
7.15000000e-01	5.55005820e+01	-1.26377900e+02	8.98808538e-01
7.16000000e-01	5.53744273e+01	-1.25931873e+02	8.98807386e-01
7.17000000e-01	5.52487175e+01	-1.25487983e+02	8.98806234e-01
7.18000000e-01	5.51234506e+01	-1.25046217e+02	8.98805080e-01
7.19000000e-01	5.49986243e+01	-1.24606562e+02	8.98803926e-01
7.20000000e-01	5.48742367e+01	-1.24169006e+02	8.98802771e-01
7.21000000e-01	5.47502855e+01	-1.23733535e+02	8.98801615e-01
7.22000000e-01	5.46267688e+01	-1.23300137e+02	8.98800458e-01
7.23000000e-01	5.45036845e+01	-1.22868801e+02	8.98799300e-01
7.24000000e-01	5.43810305e+01	-1.22439512e+02	8.98798141e-01
7.25000000e-01	5.42588047e+01	-1.22012260e+02	8.98796982e-01
7.26000000e-01	5.41370052e+01	-1.21587032e+02	8.98795821e-01
7.27000000e-01	5.40156299e+01	-1.21163815e+02	8.98794660e-01
7.28000000e-01	5.38946769e+01	-1.20742598e+02	8.98793498e-01
7.29000000e-01	5.37741440e+01	-1.20323369e+02	8.98792336e-01
7.30000000e-01	5.36540294e+01	-1.19906117e+02	8.98791173e-01
7.31000000e-01	5.35343311e+01	-1.19490828e+02	8.98790009e-01
7.32000000e-01	5.34150470e+01	-1.19077492e+02	8.98788844e-01
7.33000000e-01	5.32961754e+01	-1.18666097e+02	8.98787679e-01
7.34000000e-01	5.31777141e+01	-1.18256631e+02	8.98786513e-01
7.35000000e-01	5.30596614e+01	-1.17849084e+02	8.98785346e-01
7.36000000e-01	5.29420153e+01	-1.17443443e+02	8.98784179e-01
7.37000000e-01	5.28247738e+01	-1.17039698e+02	8.98783011e-01
7.38000000e-01	5.27079352e+01	-1.16637837e+02	8.98781843e-01
7.39000000e-01	5.25914975e+01	-1.16237849e+02	8.98780674e-01
7.40000000e-01	5.24754588e+01	-1.15839723e+02	8.98779505e-01
7.41000000e-01	5.23598173e+01	-1.15443449e+02	8.98778335e-01
7.42000000e-01	5.22445712e+01	-1.15049015e+02	8.98777165e-01
7.43000000e-01	5.21297186e+01	-1.14656410e+02	8.98775994e-01
7.44000000e-01	5.20152577e+01	-1.14265625e+02	8.98774822e-01
7.45000000e-01	5.19011867e+01	-1.13876647e+02	8.98773651e-01
7.46000000e-01	5.17875038e+01	-1.13489467e+02	8.98772478e-01
7.47000000e-01	5.16742071e+01	-1.13104075e+02	8.98771306e-01
7.48000000e-01	5.15612950e+01	-1.12720459e+02	8.98770133e-01
7.49000000e-01	5.14487656e+01	-1.12338609e+02	8.98768959e-01
7.50000000e-01	5.13366171e+01	-1.11958516e+02	8.98767786e-01
7.51000000e-01	5.12248479e+01	-1.11580168e+02	8.98766612e-01
7.52000000e-01	5.11134561e+01	-1.11203556e+02	8.98765437e-01
7.53000000e-01	5.10024401e+01	-1.10828670e+02	8.98764263e-01
7.54000000e-01	5.08917982e+01	-1.10455500e+02	8.98763087e-01
7.55000000e-01	5.07815285e+01	-1.10084036e+02	8.98761912e-01
7.56000000e-01	5.06716295e+01	-1.09714267e+02	8.98760737e-01
7.57000000e-01	5.05620994e+01	-1.09346185e+02	8.98759561e-01
7.58000000e-01	5.04529365e+01	-1.08979779e+02	8.98758385e-01
7.59000000e-01	5.03441392e+01	-1.08615041e+02	8.98757208e-01
7.60000000e-01	5.02357058e+01	-1.08251959e+02	8.98756032e-01
7.61000000e-01	5.01276346e+01	-1.07890525e+02	8.98754855e-01
7.62000000e-01	5.00199241e+01	-1.07530730e+02	8.98753678e-01
7.63000000e-01	4.99125726e+01	-1.07172564e+02	8.98752501e-01
7.64000000e-01	4.98055784e+01	-1.06816017e+02	8.98751324e-01
7.65000000e-01	4.96989399e+01	-1.06461080e+02	8.98750146e-01
7.66000000e-01	4.95926556e+01	-1.06107745e+02	8.98748969e-01
7.67000000e-01	4.94867239e+01	-1.05756002e+02	8.98747791e-01
7.68000000e-01	4.93811430e+01	-1.05405842e+02	8.98746614e-01
7.69000000e-01	4.92759116e+01	-1.05057256e+02	8.98745436e-01
7.70000000e-01	4.91710279e+01	-1.04710235e+02	8.98744258e-01
7.71000000e-01	4.90664905e+01	-1.04364771e+02	8.98743080e-01
7.72000000e-01	4.89622978e+01	-1.04020854e+02	8.98741902e-01
7.73000000e-01	4.88584483e+01	-1.03678475e+02	8.98740724e-01
7.74000000e-01	4.87549403e+01	-1.03337627e+02	8.98739546e-01
7.75000000e-01	4.86517724e+01	-1.02998299e+02	8.98738367e-01
7.76000000e-01	4.85489431e+01	-1.02660485e+02	8.98737189e-01
7.77000000e-01	4.84464509e+01	-1.02324175e+02	8.98736011e-01
7.78000000e-01	4.83442942e+01	-1.01989361e+02	8.98734833e-01
7.79000000e-01	4.82424716e+01	-1.01656034e+02	8.98733655e-01
7.80000000e-01	4.81409816e+01	-1.01324186e+02	8.98732477e-01
7.81000000e-01	4.80398227e+01	-1.00993808e+02	8.98731299e-01
7.82000000e-01	4.79389934e+01	-1.00664894e+02	8.98730121e-01
7.83000000e-01	4.78384924e+01	-1.00337433e+02	8.98728943e-01
7.84000000e-01	4.77383180e+01	-1.00011419e+02	8.98727766e-01
7.85000000e-01	4.76384690e+01	-9.96868435e+01	8.98726588e-01
7.86000000e-01	4.75389438e+01	-9.93636978e+01	8.98725410e-01
7.87000000e-01	4.74397410e+01	-9.90419743e+01	8.98724233e-01
7.88000000e-01	4.73408593e+01	-9.87216650e+01	8.98723056e-01
7.89000000e-01	4.72422972e+01	-9.84027622e+01	8.98721879e-01
7.90000000e-01	4.71440533e+01	-9.80852580e+01	8.98720702e-01
7.91000000e-01	4.70461261e+01	-9.77691447e+01	8.98719525e-01
7.92000000e-01	4.69485144e+01	-9.74544146e+01	8.98718348e-01
7.93000000e-01	4.68512168e+01	-9.71410601e+01	8.98717172e-01
7.94000000e-01	4.67542318e+01	-9.68290735e+01	8.98715995e-01
7.95000000e-01	4.66575581e+01	-9.65184474e+01	8.98714819e-01
7.96000000e-01	4.65611944e+01	-9.62091742e+01	8.98713644e-01
7.97000000e-01	4.64651393e+01	-9.59012464e+01	8.98712468e-01
7.98000000e-01	4.63693914e+01	-9.55946568e+01	8.98711292e-01
7.99000000e-01	4.62739495e+01	-9.52893979e+01	8.98710117e-01
8.00000000e-01	4.61788121e+01	-9.49854625e+01	8.98708942e-01
8.01000000e-01	4.60839780e+01	-9.46828432e+01	8.98707768e-01
8.02000000e-01	4.59894459e+01	-9.43815330e+01	8.98706593e-01
8.03000000e-01	4.58952145e+01	-9.40815247e+01	8.98705419e-01
8.04000000e-01	4.58012824e+01	-9.37828110e+01	8.98704245e-01
8.05000000e-01	4.57076483e+01	-9.34853851e+01	8.98703072e-01
8.06000000e-01	4.56143111e+01	-9.31892399e+01	8.98701899e-01
8.07000000e-01	4.55212694e+01	-9.28943684e+01	8.98700726e-01
8.08000000e-01	4.54285219e+01	-9.26007637e+01	8.98699553e-01
8.09000000e-01	4.53360674e+01	-9.23084189e+01	8.98698381e-01
8.10000000e-01	4.52439046e+01	-9.20173272e+01	8.98697209e-01
8.11000000e-01	4.51520322e+01	-9.17274819e+01	8.98696037e-01
8.12000000e-01	4.50604491e+01	-9.14388761e+01	8.98694866e-01
8.13000000e-01	4.49691540e+01	-9.11515032e+01	8.98693695e-01
8.14000000e-01	4.48781457e+01	-9.08653565e+01	8.98692525e-01
8.15000000e-01	4.47874228e+01	-9.05804294e+01	8.98691355e-01
8.16000000e-01	4.46969843e+01	-9.02967154e+01	8.98690185e-01
8.17000000e-01	4.46068289e+01	-9.00142079e+01	8.98689016e-01
8.18000000e-01	4.45169555e+01	-8.97329005e+01	8.98687847e-01
8.19000000e-01	4.44273627e+01	-8.94527867e+01	8.98686678e-01
8.20000000e-01	4.43380494e+01	-8.91738601e+01	8.98685510e-01
8.21000000e-01	4.42490145e+01	-8.88961143e+01	8.98684343e-01
