0.00000000e+00	0.00000000e+00	1.06460438e-47
4.88281250e-04	5.20195074e-51	1.06611464e-47
9.76562500e-04	1.04186485e-50	1.07064476e-47
1.46484375e-03	1.56648750e-50	1.07820962e-47
1.95312500e-03	2.09555001e-50	1.08883041e-47
2.44140625e-03	2.63055188e-50	1.10253724e-47
2.92968750e-03	3.17300945e-50	1.11936899e-47
3.41796875e-03	3.72446023e-50	1.13937340e-47
3.90625000e-03	4.28646721e-50	1.16260720e-47
4.39453125e-03	4.86062333e-50	1.18913628e-47
4.88281250e-03	5.44855599e-50	1.21903589e-47
5.37109375e-03	6.05193165e-50	1.25239081e-47
5.85937500e-03	6.67246057e-50	1.28929565e-47
6.34765625e-03	7.31190167e-50	1.32985507e-47
6.83593750e-03	7.97206748e-50	1.37418410e-47
7.32421875e-03	8.65482933e-50	1.42240844e-47
7.81250000e-03	9.36212262e-50	1.47466488e-47
8.30078125e-03	1.00959523e-49	1.53110162e-47
8.78906250e-03	1.08583987e-49	1.59187871e-47
9.27734375e-03	1.16516231e-49	1.65716852e-47
9.76562500e-03	1.24778743e-49	1.72715621e-47
1.02539062e-02	1.33394945e-49	1.80204029e-47
1.07421875e-02	1.42389265e-49	1.88203313e-47
1.12304688e-02	1.51787201e-49	1.96736159e-47
1.17187500e-02	1.61615398e-49	2.05826768e-47
1.22070312e-02	1.71901718e-49	2.15500922e-47
1.26953125e-02	1.82675326e-49	2.25786059e-47
1.31835938e-02	1.93966767e-49	2.36711347e-47
1.36718750e-02	2.05808054e-49	2.48307774e-47
1.41601562e-02	2.18232761e-49	2.60608229e-47
1.46484375e-02	2.31276116e-49	2.73647598e-47
1.51367188e-02	2.44975102e-49	2.87462863e-47
1.56250000e-02	2.59368561e-49	3.02093206e-47
1.61132812e-02	2.74497304e-49	3.17580124e-47
1.66015625e-02	2.90404230e-49	3.33967539e-47
1.70898438e-02	3.07134441e-49	3.51301931e-47
1.75781250e-02	3.24735379e-49	3.69632463e-47
1.80664062e-02	3.43256951e-49	3.89011127e-47
1.85546875e-02	3.62751678e-49	4.09492885e-47
1.90429688e-02	3.83274840e-49	4.31135829e-47
1.95312500e-02	4.04884634e-49	4.54001344e-47
2.00195312e-02	4.27642340e-49	4.78154285e-47
2.05078125e-02	4.51612492e-49	5.03663156e-47
2.09960938e-02	4.76863065e-49	5.30600308e-47
2.14843750e-02	5.03465664e-49	5.59042144e-47
2.19726562e-02	5.31495729e-49	5.89069335e-47
2.24609375e-02	5.61032750e-49	6.20767048e-47
2.29492188e-02	5.92160490e-49	6.54225190e-47
2.34375000e-02	6.24967225e-49	6.89538660e-47
2.39257812e-02	6.59545992e-49	7.26807622e-47
2.44140625e-02	6.95994854e-49	7.66137783e-47
2.49023438e-02	7.34417180e-49	8.07640701e-47
2.53906250e-02	7.74921936e-49	8.51434095e-47
2.58789062e-02	8.17623994e-49	8.97642182e-47
2.63671875e-02	8.62644458e-49	9.46396027e-47
2.68554688e-02	9.10111009e-49	9.97833918e-47
2.73437500e-02	9.60158267e-49	1.05210176e-46
2.78320312e-02	1.01292817e-48	1.10935347e-46
2.83203125e-02	1.06857038e-48	1.16975145e-46
2.88085938e-02	1.12724271e-48	1.23346702e-46
2.92968750e-02	1.18911155e-48	1.30068091e-46
2.97851562e-02	1.25435239e-48	1.37158376e-46
3.02734375e-02	1.32315025e-48	1.44637670e-46
3.07617188e-02	1.39570027e-48	1.52527187e-46
3.12500000e-02	1.47220820e-48	1.60849306e-46
3.17382812e-02	1.55289104e-48	1.69627634e-46
3.22265625e-02	1.63797764e-48	1.78887070e-46
3.27148438e-02	1.72770932e-48	1.88653880e-46
3.32031250e-02	1.82234058e-48	1.98955767e-46
3.36914062e-02	1.92213983e-48	2.09821953e-46
3.41796875e-02	2.02739013e-48	2.21283262e-46
3.46679688e-02	2.13839000e-48	2.33372204e-46
3.51562500e-02	2.25545427e-48	2.46123070e-46
3.56445312e-02	2.37891499e-48	2.59572031e-46
3.61328125e-02	2.50912233e-48	2.73757234e-46
3.66210938e-02	2.64644561e-48	2.88718919e-46
3.71093750e-02	2.79127433e-48	3.04499525e-46
3.75976562e-02	2.94401929e-48	3.21143817e-46
3.80859375e-02	3.10511373e-48	3.38699008e-46
3.85742188e-02	3.27501458e-48	3.57214896e-46
3.90625000e-02	3.45420377e-48	3.76744005e-46
3.95507812e-02	3.64318954e-48	3.97341731e-46
4.00390625e-02	3.84250796e-48	4.19066504e-46
4.05273438e-02	4.05272438e-48	4.41979949e-46
4.10156250e-02	4.27443507e-48	4.66147066e-46
4.15039062e-02	4.50826893e-48	4.91636407e-46
4.19921875e-02	4.75488922e-48	5.18520279e-46
4.24804688e-02	5.01499547e-48	5.46874943e-46
4.29687500e-02	5.28932549e-48	5.76780833e-46
4.34570312e-02	5.57865743e-48	6.08322783e-46
4.39453125e-02	5.88381198e-48	6.41590268e-46
4.44335938e-02	6.20565474e-48	6.76677660e-46
4.49218750e-02	6.54509863e-48	7.13684492e-46
4.54101562e-02	6.90310650e-48	7.52715742e-46
4.58984375e-02	7.28069387e-48	7.93882131e-46
4.63867188e-02	7.67893180e-48	8.37300439e-46
4.68750000e-02	8.09894993e-48	8.83093832e-46
4.73632812e-02	8.54193969e-48	9.31392215e-46
4.78515625e-02	9.00915766e-48	9.82332599e-46
4.83398438e-02	9.50192917e-48	1.03605949e-45
4.88281250e-02	1.00216520e-47	1.09272530e-45
4.93164062e-02	1.05698005e-47	1.15249077e-45
4.98046875e-02	1.11479294e-47	1.21552545e-45
5.02929688e-02	1.17576788e-47	1.28200816e-45
5.07812500e-02	1.24007784e-47	1.35212748e-45
5.12695312e-02	1.30790523e-47	1.42608235e-45
5.17578125e-02	1.37944245e-47	1.50408254e-45
5.22460938e-02	1.45489245e-47	1.58634933e-45
5.27343750e-02	1.53446924e-47	1.67311611e-45
5.32226562e-02	1.61839857e-47	1.76462900e-45
5.37109375e-02	1.70691850e-47	1.86114761e-45
5.41992188e-02	1.80028016e-47	1.96294576e-45
5.46875000e-02	1.89874837e-47	2.07031222e-45
5.51757812e-02	2.00260247e-47	2.18355157e-45
5.56640625e-02	2.11213705e-47	2.30298506e-45
5.61523438e-02	2.22766285e-47	2.42895151e-45
5.66406250e-02	2.34950757e-47	2.56180825e-45
5.71289062e-02	2.47801686e-47	2.70193218e-45
5.76171875e-02	2.61355526e-47	2.84972082e-45
5.81054688e-02	2.75650727e-47	3.00559341e-45
5.85937500e-02	2.90727840e-47	3.16999215e-45
5.90820312e-02	3.06629636e-47	3.34338342e-45
5.95703125e-02	3.23401224e-47	3.52625910e-45
6.00585938e-02	3.41090182e-47	3.71913799e-45
6.05468750e-02	3.59746689e-47	3.92256726e-45
6.10351562e-02	3.79423669e-47	4.13712402e-45
6.15234375e-02	4.00176943e-47	4.36341693e-45
6.20117188e-02	4.22065383e-47	4.60208797e-45
6.25000000e-02	4.45151082e-47	4.85381422e-45
6.29882812e-02	4.69499529e-47	5.11930980e-45
6.34765625e-02	4.95179797e-47	5.39932790e-45
6.39648438e-02	5.22264735e-47	5.69466289e-45
6.44531250e-02	5.50831179e-47	6.00615261e-45
6.49414062e-02	5.80960167e-47	6.33468074e-45
6.54296875e-02	6.12737169e-47	6.68117927e-45
6.59179688e-02	6.46252331e-47	7.04663120e-45
6.64062500e-02	6.81600731e-47	7.43207327e-45
6.68945312e-02	7.18882645e-47	7.83859896e-45
6.73828125e-02	7.58203838e-47	8.26736156e-45
6.78710938e-02	7.99675857e-47	8.71957741e-45
6.83593750e-02	8.43416352e-47	9.19652944e-45
6.88476562e-02	8.89549409e-47	9.69957073e-45
6.93359375e-02	9.38205901e-47	1.02301284e-44
6.98242188e-02	9.89523860e-47	1.07897075e-44
7.03125000e-02	1.04364887e-46	1.13798956e-44
7.08007812e-02	1.10073447e-46	1.20023671e-44
7.12890625e-02	1.16094261e-46	1.26588878e-44
7.17773438e-02	1.22444410e-46	1.33513202e-44
7.22656250e-02	1.29141907e-46	1.40816289e-44
7.27539062e-02	1.36205753e-46	1.48518855e-44
7.32421875e-02	1.43655988e-46	1.56642753e-44
7.37304688e-02	1.51513746e-46	1.65211030e-44
7.42187500e-02	1.59801320e-46	1.74247995e-44
7.47070312e-02	1.68542220e-46	1.83779284e-44
7.51953125e-02	1.77761244e-46	1.93831937e-44
7.56835938e-02	1.87484545e-46	2.04434474e-44
7.61718750e-02	1.97739708e-46	2.15616973e-44
7.66601562e-02	2.08555824e-46	2.27411159e-44
7.71484375e-02	2.19963579e-46	2.39850493e-44
7.76367188e-02	2.31995336e-46	2.52970263e-44
7.81250000e-02	2.44685227e-46	2.66807691e-44
7.86132812e-02	2.58069254e-46	2.81402033e-44
7.91015625e-02	2.72185385e-46	2.96794693e-44
7.95898438e-02	2.87073667e-46	3.13029339e-44
8.00781250e-02	3.02776337e-46	3.30152030e-44
8.05664062e-02	3.19337943e-46	3.48211342e-44
8.10546875e-02	3.36805469e-46	3.67258510e-44
8.15429688e-02	3.55228469e-46	3.87347569e-44
8.20312500e-02	3.74659208e-46	4.08535514e-44
8.25195312e-02	3.95152811e-46	4.30882453e-44
8.30078125e-02	4.16767416e-46	4.54451785e-44
8.34960938e-02	4.39564344e-46	4.79310377e-44
8.39843750e-02	4.63608268e-46	5.05528752e-44
8.44726562e-02	4.88967400e-46	5.33181293e-44
8.49609375e-02	5.15713683e-46	5.62346449e-44
8.54492188e-02	5.43922994e-46	5.93106963e-44
8.59375000e-02	5.73675364e-46	6.25550102e-44
8.64257812e-02	6.05055198e-46	6.59767909e-44
8.69140625e-02	6.38151521e-46	6.95857459e-44
8.74023438e-02	6.73058225e-46	7.33921140e-44
8.78906250e-02	7.09874340e-46	7.74066939e-44
8.83789062e-02	7.48704313e-46	8.16408750e-44
8.88671875e-02	7.89658303e-46	8.61066699e-44
8.93554688e-02	8.32852497e-46	9.08167480e-44
8.98437500e-02	8.78409436e-46	9.57844721e-44
9.03320312e-02	9.26458363e-46	1.01023936e-43
9.08203125e-02	9.77135595e-46	1.06550003e-43
9.13085938e-02	1.03058490e-45	1.12378352e-43
9.17968750e-02	1.08695792e-45	1.18525519e-43
9.22851562e-02	1.14641457e-45	1.25008941e-43
9.27734375e-02	1.20912354e-45	1.31847014e-43
9.32617188e-02	1.27526274e-45	1.39059138e-43
9.37500000e-02	1.34501980e-45	1.46665772e-43
9.42382812e-02	1.41859262e-45	1.54688498e-43
9.47265625e-02	1.49618993e-45	1.63150077e-43
9.52148438e-02	1.57803187e-45	1.72074514e-43
9.57031250e-02	1.66435063e-45	1.81487128e-43
9.61914062e-02	1.75539110e-45	1.91414624e-43
9.66796875e-02	1.85141155e-45	2.01885166e-43
9.71679688e-02	1.95268441e-45	2.12928460e-43
9.76562500e-02	2.05949698e-45	2.24575836e-43
9.81445312e-02	2.17215230e-45	2.36860338e-43
9.86328125e-02	2.29096996e-45	2.49816818e-43
9.91210938e-02	2.41628707e-45	2.63482035e-43
9.96093750e-02	2.54845914e-45	2.77894757e-43
1.00097656e-01	2.68786115e-45	2.93095874e-43
1.00585938e-01	2.83488858e-45	3.09128513e-43
1.01074219e-01	2.98995857e-45	3.26038160e-43
1.01562500e-01	3.15351105e-45	3.43872787e-43
1.02050781e-01	3.32601002e-45	3.62682993e-43
1.02539062e-01	3.50794487e-45	3.82522144e-43
1.03027344e-01	3.69983175e-45	4.03446525e-43
1.03515625e-01	3.90221506e-45	4.25515500e-43
1.04003906e-01	4.11566896e-45	4.48791679e-43
1.04492188e-01	4.34079903e-45	4.73341100e-43
1.04980469e-01	4.57824398e-45	4.99233410e-43
1.05468750e-01	4.82867745e-45	5.26542068e-43
1.05957031e-01	5.09280992e-45	5.55344551e-43
1.06445312e-01	5.37139076e-45	5.85722574e-43
1.06933594e-01	5.66521032e-45	6.17762320e-43
1.07421875e-01	5.97510217e-45	6.51554691e-43
1.07910156e-01	6.30194549e-45	6.87195556e-43
1.08398438e-01	6.64666756e-45	7.24786033e-43
1.08886719e-01	7.01024636e-45	7.64432768e-43
1.09375000e-01	7.39371341e-45	8.06248243e-43
1.09863281e-01	7.79815660e-45	8.50351091e-43
1.10351562e-01	8.22472338e-45	8.96866436e-43
1.10839844e-01	8.67462394e-45	9.45926246e-43
1.11328125e-01	9.14913467e-45	9.97669709e-43
1.11816406e-01	9.64960179e-45	1.05224362e-42
1.12304688e-01	1.01774452e-44	1.10980282e-42
1.12792969e-01	1.07341623e-44	1.17051061e-42
1.13281250e-01	1.13213327e-44	1.23453921e-42
1.13769531e-01	1.19406221e-44	1.30207028e-42
1.14257812e-01	1.25937876e-44	1.37329542e-42
1.14746094e-01	1.32826821e-44	1.44841670e-42
1.15234375e-01	1.40092602e-44	1.52764724e-42
1.15722656e-01	1.47755832e-44	1.61121183e-42
1.16210938e-01	1.55838253e-44	1.69934755e-42
1.16699219e-01	1.64362794e-44	1.79230444e-42
1.17187500e-01	1.73353640e-44	1.89034625e-42
1.17675781e-01	1.82836300e-44	1.99375111e-42
1.18164062e-01	1.92837675e-44	2.10281241e-42
1.18652344e-01	2.03386142e-44	2.21783955e-42
1.19140625e-01	2.14511627e-44	2.33915889e-42
1.19628906e-01	2.26245693e-44	2.46711462e-42
1.20117188e-01	2.38621631e-44	2.60206975e-42
1.20605469e-01	2.51674553e-44	2.74440719e-42
1.21093750e-01	2.65441492e-44	2.89453074e-42
1.21582031e-01	2.79961504e-44	3.05286633e-42
1.22070312e-01	2.95275785e-44	3.21986317e-42
1.22558594e-01	3.11427783e-44	3.39599506e-42
1.23046875e-01	3.28463322e-44	3.58176169e-42
1.23535156e-01	3.46430733e-44	3.77769010e-42
1.24023438e-01	3.65380993e-44	3.98433618e-42
1.24511719e-01	3.85367864e-44	4.20228618e-42
1.25000000e-01	4.06448051e-44	4.43215848e-42
1.25488281e-01	4.28681361e-44	4.67460523e-42
1.25976562e-01	4.52130871e-44	4.93031428e-42
1.26464844e-01	4.76863111e-44	5.20001113e-42
1.26953125e-01	5.02948248e-44	5.48446091e-42
1.27441406e-01	5.30460288e-44	5.78447066e-42
1.27929688e-01	5.59477285e-44	6.10089153e-42
1.28417969e-01	5.90081565e-44	6.43462125e-42
1.28906250e-01	6.22359953e-44	6.78660664e-42
1.29394531e-01	6.56404028e-44	7.15784634e-42
1.29882812e-01	6.92310375e-44	7.54939360e-42
1.30371094e-01	7.30180866e-44	7.96235928e-42
1.30859375e-01	7.70122942e-44	8.39791502e-42
1.31347656e-01	8.12249923e-44	8.85729653e-42
1.31835938e-01	8.56681328e-44	9.34180715e-42
1.32324219e-01	9.03543215e-44	9.85282150e-42
1.32812500e-01	9.52968534e-44	1.03917894e-41
1.33300781e-01	1.00509751e-43	1.09602399e-41
1.33789062e-01	1.06007804e-43	1.15597858e-41
1.34277344e-01	1.11806611e-43	1.21921282e-41
1.34765625e-01	1.17922624e-43	1.28590610e-41
1.35253906e-01	1.24373195e-43	1.35624764e-41
1.35742188e-01	1.31176624e-43	1.43043701e-41
1.36230469e-01	1.38352214e-43	1.50868469e-41
1.36718750e-01	1.45920323e-43	1.59121269e-41
1.37207031e-01	1.53902423e-43	1.67825514e-41
1.37695312e-01	1.62321158e-43	1.77005900e-41
1.38183594e-01	1.71200415e-43	1.86688473e-41
1.38671875e-01	1.80565385e-43	1.96900703e-41
1.39160156e-01	1.90442638e-43	2.07671564e-41
1.39648438e-01	2.00860196e-43	2.19031614e-41
1.40136719e-01	2.11847616e-43	2.31013083e-41
1.40625000e-01	2.23436069e-43	2.43649965e-41
1.41113281e-01	2.35658434e-43	2.56978111e-41
1.41601562e-01	2.48549387e-43	2.71035336e-41
1.42089844e-01	2.62145502e-43	2.85861522e-41
1.42578125e-01	2.76485352e-43	3.01498733e-41
1.43066406e-01	2.91609621e-43	3.17991333e-41
1.43554688e-01	3.07561219e-43	3.35386115e-41
1.44042969e-01	3.24385402e-43	3.53732430e-41
1.44531250e-01	3.42129903e-43	3.73082329e-41
1.45019531e-01	3.60845065e-43	3.93490710e-41
1.45507812e-01	3.80583986e-43	4.15015475e-41
1.45996094e-01	4.01402667e-43	4.37717692e-41
1.46484375e-01	4.23360173e-43	4.61661772e-41
1.46972656e-01	4.46518802e-43	4.86915646e-41
1.47460938e-01	4.70944256e-43	5.13550964e-41
1.47949219e-01	4.96705834e-43	5.41643294e-41
1.48437500e-01	5.23876626e-43	5.71272338e-41
1.48925781e-01	5.52533718e-43	6.02522158e-41
1.49414062e-01	5.82758415e-43	6.35481413e-41
1.49902344e-01	6.14636467e-43	6.70243615e-41
1.50390625e-01	6.48258318e-43	7.06907388e-41
1.50878906e-01	6.83719357e-43	7.45576754e-41
1.51367188e-01	7.21120191e-43	7.86361423e-41
1.51855469e-01	7.60566933e-43	8.29377106e-41
1.52343750e-01	8.02171497e-43	8.74745846e-41
1.52832031e-01	8.46051922e-43	9.22596361e-41
1.53320312e-01	8.92332702e-43	9.73064410e-41
1.53808594e-01	9.41145144e-43	1.02629318e-40
1.54296875e-01	9.92627733e-43	1.08243368e-40
1.54785156e-01	1.04692653e-42	1.14164520e-40
1.55273438e-01	1.10419560e-42	1.20409573e-40
1.55761719e-01	1.16459741e-42	1.26996245e-40
1.56250000e-01	1.22830334e-42	1.33943224e-40
1.56738281e-01	1.29549412e-42	1.41270218e-40
1.57226562e-01	1.36636039e-42	1.48998016e-40
1.57714844e-01	1.44110320e-42	1.57148543e-40
1.58203125e-01	1.51993461e-42	1.65744923e-40
1.58691406e-01	1.60307828e-42	1.74811545e-40
1.59179688e-01	1.69077010e-42	1.84374134e-40
1.59667969e-01	1.78325885e-42	1.94459818e-40
1.60156250e-01	1.88080696e-42	2.05097213e-40
1.60644531e-01	1.98369116e-42	2.16316499e-40
1.61132812e-01	2.09220337e-42	2.28149507e-40
1.61621094e-01	2.20665145e-42	2.40629809e-40
1.62109375e-01	2.32736010e-42	2.53792813e-40
1.62597656e-01	2.45467178e-42	2.67675865e-40
1.63085938e-01	2.58894772e-42	2.82318353e-40
1.63574219e-01	2.73056885e-42	2.97761821e-40
1.64062500e-01	2.87993699e-42	3.14050084e-40
1.64550781e-01	3.03747592e-42	3.31229354e-40
1.65039062e-01	3.20363259e-42	3.49348372e-40
1.65527344e-01	3.37887842e-42	3.68458544e-40
1.66015625e-01	3.56371061e-42	3.88614089e-40
1.66503906e-01	3.75865355e-42	4.09872192e-40
1.66992188e-01	3.96426032e-42	4.32293164e-40
1.67480469e-01	4.18111427e-42	4.55940619e-40
1.67968750e-01	4.40983065e-42	4.80881647e-40
1.68457031e-01	4.65105835e-42	5.07187011e-40
1.68945312e-01	4.90548177e-42	5.34931342e-40
1.69433594e-01	5.17382276e-42	5.64193357e-40
1.69921875e-01	5.45684265e-42	5.95056076e-40
1.70410156e-01	5.75534439e-42	6.27607062e-40
1.70898438e-01	6.07017489e-42	6.61938668e-40
1.71386719e-01	6.40222737e-42	6.98148297e-40
1.71875000e-01	6.75244392e-42	7.36338683e-40
1.72363281e-01	7.12181815e-42	7.76618177e-40
1.72851562e-01	7.51139804e-42	8.19101060e-40
1.73339844e-01	7.92228889e-42	8.63907863e-40
1.73828125e-01	8.35565647e-42	9.11165709e-40
1.74316406e-01	8.81273029e-42	9.61008678e-40
1.74804688e-01	9.29480716e-42	1.01357818e-39
1.75292969e-01	9.80325481e-42	1.06902337e-39
1.75781250e-01	1.03395158e-41	1.12750155e-39
1.76269531e-01	1.09051115e-41	1.18917863e-39
1.76757812e-01	1.15016467e-41	1.25422960e-39
1.77246094e-01	1.21308139e-41	1.32283903e-39
1.77734375e-01	1.27943980e-41	1.39520156e-39
1.78222656e-01	1.34942818e-41	1.47152251e-39
1.78710938e-01	1.42324510e-41	1.55201840e-39
1.79199219e-01	1.50109998e-41	1.63691763e-39
1.79687500e-01	1.58321372e-41	1.72646106e-39
1.80175781e-01	1.66981928e-41	1.82090274e-39
1.80664062e-01	1.76116238e-41	1.92051062e-39
1.81152344e-01	1.85750217e-41	2.02556731e-39
1.81640625e-01	1.95911199e-41	2.13637086e-39
1.82128906e-01	2.06628012e-41	2.25323565e-39
1.82617188e-01	2.17931061e-41	2.37649325e-39
1.83105469e-01	2.29852415e-41	2.50649335e-39
1.83593750e-01	2.42425897e-41	2.64360479e-39
1.84082031e-01	2.55687179e-41	2.78821657e-39
1.84570312e-01	2.69673887e-41	2.94073900e-39
1.85058594e-01	2.84425703e-41	3.10160479e-39
1.85546875e-01	2.99984480e-41	3.27127035e-39
1.86035156e-01	3.16394362e-41	3.45021706e-39
1.86523438e-01	3.33701905e-41	3.63895262e-39
1.87011719e-01	3.51956214e-41	3.83801250e-39
1.87500000e-01	3.71209080e-41	4.04796146e-39
1.87988281e-01	3.91515127e-41	4.26939518e-39
1.88476562e-01	4.12931966e-41	4.50294190e-39
1.88964844e-01	4.35520359e-41	4.74926423e-39
1.89453125e-01	4.59344396e-41	5.00906103e-39
1.89941406e-01	4.84471667e-41	5.28306940e-39
1.90429688e-01	5.10973465e-41	5.57206673e-39
1.90917969e-01	5.38924977e-41	5.87687297e-39
1.91406250e-01	5.68405509e-41	6.19835291e-39
1.91894531e-01	5.99498702e-41	6.53741864e-39
1.92382812e-01	6.32292771e-41	6.89503215e-39
1.92871094e-01	6.66880760e-41	7.27220806e-39
1.93359375e-01	7.03360800e-41	7.67001648e-39
1.93847656e-01	7.41836392e-41	8.08958607e-39
1.94335938e-01	7.82416698e-41	8.53210721e-39
1.94824219e-01	8.25216851e-41	8.99883542e-39
1.95312500e-01	8.70358283e-41	9.49109489e-39
1.95800781e-01	9.17969067e-41	1.00102823e-38
1.96289062e-01	9.68184283e-41	1.05578705e-38
1.96777344e-01	1.02114640e-40	1.11354133e-38
1.97265625e-01	1.07700569e-40	1.17445493e-38
1.97753906e-01	1.13592062e-40	1.23870065e-38
1.98242188e-01	1.19805835e-40	1.30646079e-38
1.98730469e-01	1.26359517e-40	1.37792759e-38
1.99218750e-01	1.33271703e-40	1.45330381e-38
1.99707031e-01	1.40562004e-40	1.53280331e-38
2.00195312e-01	1.48251103e-40	1.61665164e-38
2.00683594e-01	1.56360816e-40	1.70508670e-38
2.01171875e-01	1.64914151e-40	1.79835940e-38
2.01660156e-01	1.73935376e-40	1.89673436e-38
2.02148438e-01	1.83450085e-40	2.00049069e-38
2.02636719e-01	1.93485275e-40	2.10992277e-38
2.03125000e-01	2.04069415e-40	2.22534107e-38
2.03613281e-01	2.15232535e-40	2.34707307e-38
2.04101562e-01	2.27006308e-40	2.47546413e-38
2.04589844e-01	2.39424136e-40	2.61087853e-38
2.05078125e-01	2.52521253e-40	2.75370046e-38
2.05566406e-01	2.66334817e-40	2.90433513e-38
2.06054688e-01	2.80904018e-40	3.06320992e-38
2.06542969e-01	2.96270194e-40	3.23077559e-38
2.07031250e-01	3.12476940e-40	3.40750756e-38
2.07519531e-01	3.29570238e-40	3.59390723e-38
2.08007812e-01	3.47598584e-40	3.79050347e-38
2.08496094e-01	3.66613129e-40	3.99785406e-38
2.08984375e-01	3.86667820e-40	4.21654728e-38
2.09472656e-01	4.07819555e-40	4.44720362e-38
2.09960938e-01	4.30128347e-40	4.69047748e-38
2.10449219e-01	4.53657489e-40	4.94705907e-38
2.10937500e-01	4.78473738e-40	5.21767638e-38
2.11425781e-01	5.04647501e-40	5.50309718e-38
2.11914062e-01	5.32253040e-40	5.80413128e-38
2.12402344e-01	5.61368674e-40	6.12163276e-38
2.12890625e-01	5.92077012e-40	6.45650243e-38
2.13378906e-01	6.24465178e-40	6.80969038e-38
2.13867188e-01	6.58625064e-40	7.18219867e-38
2.14355469e-01	6.94653586e-40	7.57508418e-38
2.14843750e-01	7.32652966e-40	7.98946160e-38
2.15332031e-01	7.72731013e-40	8.42650660e-38
2.15820312e-01	8.15001437e-40	8.88745914e-38
2.16308594e-01	8.59584167e-40	9.37362705e-38
2.16796875e-01	9.06605692e-40	9.88638968e-38
2.17285156e-01	9.56199422e-40	1.04272018e-37
2.17773438e-01	1.00850606e-39	1.09975979e-37
2.18261719e-01	1.06367402e-39	1.15991961e-37
2.18750000e-01	1.12185981e-39	1.22337035e-37
2.19238281e-01	1.18322852e-39	1.29029201e-37
2.19726562e-01	1.24795426e-39	1.36087447e-37
2.20214844e-01	1.31622068e-39	1.43531799e-37
2.20703125e-01	1.38822145e-39	1.51383377e-37
2.21191406e-01	1.46416087e-39	1.59664458e-37
2.21679688e-01	1.54425437e-39	1.68398537e-37
2.22167969e-01	1.62872921e-39	1.77610394e-37
2.22656250e-01	1.71782505e-39	1.87326165e-37
2.23144531e-01	1.81179467e-39	1.97573416e-37
2.23632812e-01	1.91090469e-39	2.08381219e-37
2.24121094e-01	2.01543629e-39	2.19780239e-37
2.24609375e-01	2.12568606e-39	2.31802817e-37
2.25097656e-01	2.24196680e-39	2.44483063e-37
2.25585938e-01	2.36460840e-39	2.57856954e-37
2.26074219e-01	2.49395884e-39	2.71962433e-37
2.26562500e-01	2.63038510e-39	2.86839521e-37
2.27050781e-01	2.77427424e-39	3.02530428e-37
2.27539062e-01	2.92603452e-39	3.19079670e-37
2.28027344e-01	3.08609650e-39	3.36534202e-37
2.28515625e-01	3.25491431e-39	3.54943545e-37
2.29003906e-01	3.43296692e-39	3.74359930e-37
2.29492188e-01	3.62075949e-39	3.94838445e-37
2.29980469e-01	3.81882483e-39	4.16437193e-37
2.30468750e-01	4.02772489e-39	4.39217451e-37
2.30957031e-01	4.24805236e-39	4.63243854e-37
2.31445312e-01	4.48043234e-39	4.88584567e-37
2.31933594e-01	4.72552415e-39	5.15311488e-37
2.32421875e-01	4.98402316e-39	5.43500446e-37
2.32910156e-01	5.25666278e-39	5.73231419e-37
2.33398438e-01	5.54421653e-39	6.04588759e-37
2.33886719e-01	5.84750027e-39	6.37661433e-37
2.34375000e-01	6.16737447e-39	6.72543275e-37
2.34863281e-01	6.50474666e-39	7.09333251e-37
2.35351562e-01	6.86057406e-39	7.48135742e-37
2.35839844e-01	7.23586619e-39	7.89060838e-37
2.36328125e-01	7.63168784e-39	8.32224651e-37
2.36816406e-01	8.04916203e-39	8.77749645e-37
2.37304688e-01	8.48947322e-39	9.25764984e-37
2.37792969e-01	8.95387066e-39	9.76406898e-37
2.38281250e-01	9.44367192e-39	1.02981907e-36
2.38769531e-01	9.96026667e-39	1.08615303e-36
2.39257812e-01	1.05051206e-38	1.14556862e-36
2.39746094e-01	1.10797795e-38	1.20823441e-36
2.40234375e-01	1.16858739e-38	1.27432819e-36
2.40722656e-01	1.23251233e-38	1.34403749e-36
2.41210938e-01	1.29993415e-38	1.41756009e-36
2.41699219e-01	1.37104413e-38	1.49510458e-36
2.42187500e-01	1.44604402e-38	1.57689097e-36
2.42675781e-01	1.52514661e-38	1.66315130e-36
2.43164062e-01	1.60857634e-38	1.75413032e-36
2.43652344e-01	1.69656991e-38	1.85008615e-36
2.44140625e-01	1.78937697e-38	1.95129104e-36
2.44628906e-01	1.88726083e-38	2.05803211e-36
2.45117188e-01	1.99049922e-38	2.17061223e-36
2.45605469e-01	2.09938504e-38	2.28935080e-36
2.46093750e-01	2.21422721e-38	2.41458470e-36
2.46582031e-01	2.33535157e-38	2.54666925e-36
2.47070312e-01	2.46310178e-38	2.68597920e-36
2.47558594e-01	2.59784028e-38	2.83290980e-36
2.48046875e-01	2.73994936e-38	2.98787792e-36
2.48535156e-01	2.88983220e-38	3.15132323e-36
2.49023438e-01	3.04791405e-38	3.32370947e-36
2.49511719e-01	3.21464343e-38	3.50552572e-36
2.50000000e-01	3.39049337e-38	3.69728784e-36
2.50488281e-01	3.57596279e-38	3.89953989e-36
2.50976562e-01	3.77157792e-38	4.11285571e-36
2.51464844e-01	3.97789375e-38	4.33784050e-36
2.51953125e-01	4.19549563e-38	4.57513261e-36
2.52441406e-01	4.42500095e-38	4.82540526e-36
2.52929688e-01	4.66706085e-38	5.08936855e-36
2.53417969e-01	4.92236212e-38	5.36777138e-36
2.53906250e-01	5.19162909e-38	5.66140363e-36
2.54394531e-01	5.47562572e-38	5.97109841e-36
2.54882812e-01	5.77515777e-38	6.29773437e-36
2.55371094e-01	6.09107507e-38	6.64223826e-36
2.55859375e-01	6.42427394e-38	7.00558749e-36
2.56347656e-01	6.77569974e-38	7.38881296e-36
2.56835938e-01	7.14634951e-38	7.79300195e-36
2.57324219e-01	7.53727489e-38	8.21930125e-36
2.57812500e-01	7.94958498e-38	8.66892033e-36
2.58300781e-01	8.38444961e-38	9.14313486e-36
2.58789062e-01	8.84310257e-38	9.64329028e-36
2.59277344e-01	9.32684514e-38	1.01708056e-35
2.59765625e-01	9.83704981e-38	1.07271776e-35
2.60253906e-01	1.03751641e-37	1.13139847e-35
2.60742188e-01	1.09427148e-37	1.19328918e-35
2.61230469e-01	1.15413122e-37	1.25856549e-35
2.61718750e-01	1.21726545e-37	1.32741261e-35
2.62207031e-01	1.28385330e-37	1.40002586e-35
2.62695312e-01	1.35408370e-37	1.47661126e-35
2.63183594e-01	1.42815590e-37	1.55738610e-35
2.63671875e-01	1.50628006e-37	1.64257956e-35
2.64160156e-01	1.58867784e-37	1.73243334e-35
2.64648438e-01	1.67558301e-37	1.82720239e-35
2.65136719e-01	1.76724214e-37	1.92715558e-35
2.65625000e-01	1.86391528e-37	2.03257649e-35
2.66113281e-01	1.96587673e-37	2.14376423e-35
2.66601562e-01	2.07341575e-37	2.26103426e-35
2.67089844e-01	2.18683747e-37	2.38471929e-35
2.67578125e-01	2.30646368e-37	2.51517026e-35
2.68066406e-01	2.43263378e-37	2.65275727e-35
2.68554688e-01	2.56570576e-37	2.79787068e-35
2.69042969e-01	2.70605714e-37	2.95092222e-35
2.69531250e-01	2.85408616e-37	3.11234612e-35
2.70019531e-01	3.01021278e-37	3.28260037e-35
2.70507812e-01	3.17487998e-37	3.46216802e-35
2.70996094e-01	3.34855494e-37	3.65155854e-35
2.71484375e-01	3.53173043e-37	3.85130927e-35
2.71972656e-01	3.72492613e-37	4.06198694e-35
2.72460938e-01	3.92869020e-37	4.28418929e-35
2.72949219e-01	4.14360075e-37	4.51854674e-35
2.73437500e-01	4.37026752e-37	4.76572423e-35
2.73925781e-01	4.60933362e-37	5.02642305e-35
2.74414062e-01	4.86147732e-37	5.30138284e-35
2.74902344e-01	5.12741400e-37	5.59138373e-35
2.75390625e-01	5.40789818e-37	5.89724851e-35
2.75878906e-01	5.70372566e-37	6.21984498e-35
2.76367188e-01	6.01573576e-37	6.56008841e-35
2.76855469e-01	6.34481370e-37	6.91894414e-35
2.77343750e-01	6.69189315e-37	7.29743033e-35
2.77832031e-01	7.05795885e-37	7.69662080e-35
2.78320312e-01	7.44404941e-37	8.11764815e-35
2.78808594e-01	7.85126022e-37	8.56170692e-35
2.79296875e-01	8.28074665e-37	9.03005700e-35
2.79785156e-01	8.73372722e-37	9.52402719e-35
2.80273438e-01	9.21148713e-37	1.00450190e-34
2.80761719e-01	9.71538190e-37	1.05945105e-34
2.81250000e-01	1.02468412e-36	1.11740609e-34
2.81738281e-01	1.08073728e-36	1.17853143e-34
2.82226562e-01	1.13985671e-36	1.24300051e-34
2.82714844e-01	1.20221015e-36	1.31099623e-34
2.83203125e-01	1.26797450e-36	1.38271152e-34
2.83691406e-01	1.33733634e-36	1.45834984e-34
2.84179688e-01	1.41049249e-36	1.53812580e-34
2.84667969e-01	1.48765048e-36	1.62226574e-34
2.85156250e-01	1.56902925e-36	1.71100837e-34
2.85644531e-01	1.65485966e-36	1.80460549e-34
2.86132812e-01	1.74538525e-36	1.90332264e-34
2.86621094e-01	1.84086285e-36	2.00743991e-34
2.87109375e-01	1.94156336e-36	2.11725270e-34
2.87597656e-01	2.04777247e-36	2.23307256e-34
2.88085938e-01	2.15979153e-36	2.35522812e-34
2.88574219e-01	2.27793836e-36	2.48406593e-34
2.89062500e-01	2.40254816e-36	2.61995156e-34
2.89550781e-01	2.53397448e-36	2.76327052e-34
2.90039062e-01	2.67259020e-36	2.91442945e-34
2.90527344e-01	2.81878861e-36	3.07385721e-34
2.91015625e-01	2.97298449e-36	3.24200614e-34
2.91503906e-01	3.13561533e-36	3.41935331e-34
2.91992188e-01	3.30714256e-36	3.60640188e-34
2.92480469e-01	3.48805283e-36	3.80368257e-34
2.92968750e-01	3.67885941e-36	4.01175508e-34
2.93457031e-01	3.88010367e-36	4.23120977e-34
2.93945312e-01	4.09235657e-36	4.46266927e-34
2.94433594e-01	4.31622033e-36	4.70679028e-34
2.94921875e-01	4.55233009e-36	4.96426543e-34
2.95410156e-01	4.80135574e-36	5.23582523e-34
2.95898438e-01	5.06400382e-36	5.52224014e-34
2.96386719e-01	5.34101952e-36	5.82432279e-34
2.96875000e-01	5.63318878e-36	6.14293025e-34
2.97363281e-01	5.94134056e-36	6.47896646e-34
2.97851562e-01	6.26634913e-36	6.83338485e-34
2.98339844e-01	6.60913663e-36	7.20719096e-34
2.98828125e-01	6.97067560e-36	7.60144536e-34
2.99316406e-01	7.35199181e-36	8.01726664e-34
2.99804688e-01	7.75416714e-36	8.45583457e-34
3.00292969e-01	8.17834262e-36	8.91839344e-34
3.00781250e-01	8.62572175e-36	9.40625565e-34
3.01269531e-01	9.09757383e-36	9.92080536e-34
3.01757812e-01	9.59523759e-36	1.04635024e-33
3.02246094e-01	1.01201250e-35	1.10358867e-33
3.02734375e-01	1.06737253e-35	1.16395820e-33
3.03222656e-01	1.12576092e-35	1.22763012e-33
3.03710938e-01	1.18734332e-35	1.29478508e-33
3.04199219e-01	1.25229446e-35	1.36561362e-33
3.04687500e-01	1.32079862e-35	1.44031669e-33
3.05175781e-01	1.39305016e-35	1.51910624e-33
3.05664062e-01	1.46925406e-35	1.60220580e-33
3.06152344e-01	1.54962655e-35	1.68985116e-33
3.06640625e-01	1.63439564e-35	1.78229098e-33
3.07128906e-01	1.72380186e-35	1.87978752e-33
3.07617188e-01	1.81809885e-35	1.98261742e-33
3.08105469e-01	1.91755417e-35	2.09107242e-33
3.08593750e-01	2.02244999e-35	2.20546022e-33
3.09082031e-01	2.13308391e-35	2.32610537e-33
3.09570312e-01	2.24976984e-35	2.45335017e-33
3.10058594e-01	2.37283883e-35	2.58755564e-33
3.10546875e-01	2.50264005e-35	2.72910254e-33
3.11035156e-01	2.63954179e-35	2.87839247e-33
3.11523438e-01	2.78393245e-35	3.03584901e-33
3.12011719e-01	2.93622170e-35	3.20191888e-33
3.12500000e-01	3.09684163e-35	3.37707327e-33
3.12988281e-01	3.26624794e-35	3.56180911e-33
3.13476562e-01	3.44492127e-35	3.75665056e-33
3.13964844e-01	3.63336856e-35	3.96215041e-33
3.14453125e-01	3.83212447e-35	4.17889171e-33
3.14941406e-01	4.04175291e-35	4.40748939e-33
3.15429688e-01	4.26284865e-35	4.64859205e-33
3.15917969e-01	4.49603898e-35	4.90288374e-33
3.16406250e-01	4.74198550e-35	5.17108594e-33
3.16894531e-01	5.00138603e-35	5.45395959e-33
3.17382812e-01	5.27497653e-35	5.75230726e-33
3.17871094e-01	5.56353324e-35	6.06697544e-33
3.18359375e-01	5.86787485e-35	6.39885690e-33
3.18847656e-01	6.18886484e-35	6.74889326e-33
3.19335938e-01	6.52741393e-35	7.11807764e-33
3.19824219e-01	6.88448266e-35	7.50745751e-33
3.20312500e-01	7.26108411e-35	7.91813761e-33
3.20800781e-01	7.65828676e-35	8.35128313e-33
3.21289062e-01	8.07721757e-35	8.80812299e-33
3.21777344e-01	8.51906514e-35	9.28995335e-33
3.22265625e-01	8.98508308e-35	9.79814126e-33
3.22753906e-01	9.47659357e-35	1.03341286e-32
3.23242188e-01	9.99499114e-35	1.08994359e-32
3.23730469e-01	1.05417466e-34	1.14956673e-32
3.24218750e-01	1.11184112e-34	1.21245143e-32
3.24707031e-01	1.17266210e-34	1.27877612e-32
3.25195312e-01	1.23681018e-34	1.34872895e-32
3.25683594e-01	1.30446734e-34	1.42250842e-32
3.26171875e-01	1.37582555e-34	1.50032384e-32
3.26660156e-01	1.45108726e-34	1.58239600e-32
3.27148438e-01	1.53046602e-34	1.66895775e-32
3.27636719e-01	1.61418702e-34	1.76025468e-32
3.28125000e-01	1.70248782e-34	1.85654583e-32
3.28613281e-01	1.79561893e-34	1.95810439e-32
3.29101562e-01	1.89384458e-34	2.06521851e-32
3.29589844e-01	1.99744347e-34	2.17819208e-32
3.30078125e-01	2.10670953e-34	2.29734565e-32
3.30566406e-01	2.22195277e-34	2.42301727e-32
3.31054688e-01	2.34350015e-34	2.55556350e-32
3.31542969e-01	2.47169653e-34	2.69536041e-32
3.32031250e-01	2.60690564e-34	2.84280462e-32
3.32519531e-01	2.74951109e-34	2.99831448e-32
3.33007812e-01	2.89991748e-34	3.16233118e-32
3.33496094e-01	3.05855154e-34	3.33532009e-32
3.33984375e-01	3.22586336e-34	3.51777200e-32
3.34472656e-01	3.40232763e-34	3.71020458e-32
3.34960938e-01	3.58844502e-34	3.91316379e-32
3.35449219e-01	3.78474359e-34	4.12722548e-32
3.35937500e-01	3.99178027e-34	4.35299699e-32
3.36425781e-01	4.21014247e-34	4.59111886e-32
3.36914062e-01	4.44044974e-34	4.84226671e-32
3.37402344e-01	4.68335550e-34	5.10715310e-32
3.37890625e-01	4.93954892e-34	5.38652957e-32
3.38378906e-01	5.20975689e-34	5.68118876e-32
3.38867188e-01	5.49474604e-34	5.99196669e-32
3.39355469e-01	5.79532494e-34	6.31974511e-32
3.39843750e-01	6.11234640e-34	6.66545397e-32
3.40332031e-01	6.44670988e-34	7.03007415e-32
3.40820312e-01	6.79936404e-34	7.41464014e-32
3.41308594e-01	7.17130943e-34	7.82024304e-32
3.41796875e-01	7.56360134e-34	8.24803363e-32
3.42285156e-01	7.97735278e-34	8.69922564e-32
3.42773438e-01	8.41373767e-34	9.17509920e-32
3.43261719e-01	8.87399410e-34	9.67700447e-32
3.43750000e-01	9.35942794e-34	1.02063655e-31
3.44238281e-01	9.87141646e-34	1.07646841e-31
3.44726562e-01	1.04114123e-33	1.13535444e-31
3.45214844e-01	1.09809475e-33	1.19746171e-31
3.45703125e-01	1.15816379e-33	1.26296644e-31
3.46191406e-01	1.22151880e-33	1.33205447e-31
3.46679688e-01	1.28833951e-33	1.40492183e-31
3.47167969e-01	1.35881551e-33	1.48177524e-31
3.47656250e-01	1.43314676e-33	1.56283277e-31
3.48144531e-01	1.51154415e-33	1.64832439e-31
3.48632812e-01	1.59423011e-33	1.73849266e-31
3.49121094e-01	1.68143925e-33	1.83359340e-31
3.49609375e-01	1.77341898e-33	1.93389643e-31
3.50097656e-01	1.87043028e-33	2.03968634e-31
3.50585938e-01	1.97274838e-33	2.15126328e-31
3.51074219e-01	2.08066359e-33	2.26894381e-31
3.51562500e-01	2.19448209e-33	2.39306181e-31
3.52050781e-01	2.31452680e-33	2.52396945e-31
3.52539062e-01	2.44113831e-33	2.66203812e-31
3.53027344e-01	2.57467585e-33	2.80765957e-31
3.53515625e-01	2.71551830e-33	2.96124694e-31
3.54003906e-01	2.86406524e-33	3.12323600e-31
3.54492188e-01	3.02073815e-33	3.29408636e-31
3.54980469e-01	3.18598154e-33	3.47428273e-31
3.55468750e-01	3.36026423e-33	3.66433640e-31
3.55957031e-01	3.54408071e-33	3.86478656e-31
3.56445312e-01	3.73795250e-33	4.07620195e-31
3.56933594e-01	3.94242966e-33	4.29918240e-31
3.57421875e-01	4.15809233e-33	4.53436055e-31
3.57910156e-01	4.38555239e-33	4.78240365e-31
3.58398438e-01	4.62545520e-33	5.04401545e-31
3.58886719e-01	4.87848141e-33	5.31993821e-31
3.59375000e-01	5.14534892e-33	5.61095476e-31
3.59863281e-01	5.42681487e-33	5.91789080e-31
3.60351562e-01	5.72367786e-33	6.24161716e-31
3.60839844e-01	6.03678014e-33	6.58305232e-31
3.61328125e-01	6.36701006e-33	6.94316501e-31
3.61816406e-01	6.71530454e-33	7.32297695e-31
3.62304688e-01	7.08265177e-33	7.72356575e-31
3.62792969e-01	7.47009400e-33	8.14606796e-31
3.63281250e-01	7.87873048e-33	8.59168230e-31
3.63769531e-01	8.30972061e-33	9.06167309e-31
3.64257812e-01	8.76428718e-33	9.55737380e-31
3.64746094e-01	9.24371991e-33	1.00801908e-30
3.65234375e-01	9.74937905e-33	1.06316075e-30
3.65722656e-01	1.02826993e-32	1.12131883e-30
3.66210938e-01	1.08451937e-32	1.18265834e-30
3.66699219e-01	1.14384582e-32	1.24735330e-30
3.67187500e-01	1.20641762e-32	1.31558727e-30
3.67675781e-01	1.27241227e-32	1.38755385e-30
3.68164062e-01	1.34201703e-32	1.46345721e-30
3.68652344e-01	1.41542939e-32	1.54351271e-30
3.69140625e-01	1.49285761e-32	1.62794749e-30
3.69628906e-01	1.57452140e-32	1.71700111e-30
3.70117188e-01	1.66065244e-32	1.81092623e-30
3.70605469e-01	1.75149510e-32	1.90998934e-30
3.71093750e-01	1.84730713e-32	2.01447150e-30
3.71582031e-01	1.94836037e-32	2.12466914e-30
3.72070312e-01	2.05494153e-32	2.24089493e-30
3.72558594e-01	2.16735299e-32	2.36347862e-30
3.73046875e-01	2.28591370e-32	2.49276801e-30
3.73535156e-01	2.41096003e-32	2.62912991e-30
3.74023438e-01	2.54284678e-32	2.77295123e-30
3.74511719e-01	2.68194813e-32	2.92464000e-30
3.75000000e-01	2.82865874e-32	3.08462661e-30
3.75488281e-01	2.98339486e-32	3.25336496e-30
3.75976562e-01	3.14659552e-32	3.43133382e-30
3.76464844e-01	3.31872374e-32	3.61903810e-30
3.76953125e-01	3.50026789e-32	3.81701038e-30
3.77441406e-01	3.69174305e-32	4.02581234e-30
3.77929688e-01	3.89369248e-32	4.24603639e-30
3.78417969e-01	4.10668916e-32	4.47830737e-30
3.78906250e-01	4.33133739e-32	4.72328426e-30
3.79394531e-01	4.56827456e-32	4.98166214e-30
3.79882812e-01	4.81817290e-32	5.25417406e-30
3.80371094e-01	5.08174144e-32	5.54159321e-30
3.80859375e-01	5.35972797e-32	5.84473505e-30
3.81347656e-01	5.65292120e-32	6.16445967e-30
3.81835938e-01	5.96215299e-32	6.50167419e-30
3.82324219e-01	6.28830068e-32	6.85733536e-30
3.82812500e-01	6.63228964e-32	7.23245228e-30
3.83300781e-01	6.99509583e-32	7.62808922e-30
3.83789062e-01	7.37774861e-32	8.04536869e-30
3.84277344e-01	7.78133365e-32	8.48547462e-30
3.84765625e-01	8.20699601e-32	8.94965567e-30
3.85253906e-01	8.65594338e-32	9.43922882e-30
3.85742188e-01	9.12944953e-32	9.95558311e-30
3.86230469e-01	9.62885790e-32	1.05001835e-29
3.86718750e-01	1.01555854e-31	1.10745753e-29
3.87207031e-01	1.07111265e-31	1.16803879e-29
3.87695312e-01	1.12970574e-31	1.23193404e-29
3.88183594e-01	1.19150404e-31	1.29932455e-29
3.88671875e-01	1.25668290e-31	1.37040152e-29
3.89160156e-01	1.32542724e-31	1.44536662e-29
3.89648438e-01	1.39793210e-31	1.52443254e-29
3.90136719e-01	1.47440320e-31	1.60782360e-29
3.90625000e-01	1.55505750e-31	1.69577641e-29
3.91113281e-01	1.64012383e-31	1.78854050e-29
3.91601562e-01	1.72984354e-31	1.88637906e-29
3.92089844e-01	1.82447120e-31	1.98956970e-29
3.92578125e-01	1.92427527e-31	2.09840517e-29
3.93066406e-01	2.02953893e-31	2.21319427e-29
3.93554688e-01	2.14056083e-31	2.33426268e-29
3.94042969e-01	2.25765596e-31	2.46195391e-29
3.94531250e-01	2.38115655e-31	2.59663022e-29
3.95019531e-01	2.51141300e-31	2.73867375e-29
3.95507812e-01	2.64879486e-31	2.88848748e-29
3.95996094e-01	2.79369193e-31	3.04649647e-29
3.96484375e-01	2.94651531e-31	3.21314904e-29
3.96972656e-01	3.10769858e-31	3.38891801e-29
3.97460938e-01	3.27769907e-31	3.57430207e-29
3.97949219e-01	3.45699911e-31	3.76982720e-29
3.98437500e-01	3.64610739e-31	3.97604815e-29
3.98925781e-01	3.84556047e-31	4.19355001e-29
3.99414062e-01	4.05592424e-31	4.42294988e-29
3.99902344e-01	4.27779554e-31	4.66489862e-29
4.00390625e-01	4.51180387e-31	4.92008268e-29
4.00878906e-01	4.75861317e-31	5.18922609e-29
4.01367188e-01	5.01892368e-31	5.47309246e-29
4.01855469e-01	5.29347396e-31	5.77248718e-29
4.02343750e-01	5.58304298e-31	6.08825970e-29
4.02832031e-01	5.88845230e-31	6.42130594e-29
4.03320312e-01	6.21056843e-31	6.77257081e-29
4.03808594e-01	6.55030529e-31	7.14305094e-29
4.04296875e-01	6.90862678e-31	7.53379745e-29
4.04785156e-01	7.28654955e-31	7.94591898e-29
4.05273438e-01	7.68514583e-31	8.38058481e-29
4.05761719e-01	8.10554654e-31	8.83902818e-29
4.06250000e-01	8.54894444e-31	9.32254980e-29
4.06738281e-01	9.01659755e-31	9.83252151e-29
4.07226562e-01	9.50983270e-31	1.03703902e-28
4.07714844e-01	1.00300493e-30	1.09376820e-28
4.08203125e-01	1.05787233e-30	1.15360063e-28
4.08691406e-01	1.11574115e-30	1.21670608e-28
4.09179688e-01	1.17677557e-30	1.28326359e-28
4.09667969e-01	1.24114875e-30	1.35346200e-28
4.10156250e-01	1.30904334e-30	1.42750047e-28
4.10644531e-01	1.38065197e-30	1.50558908e-28
4.11132812e-01	1.45617781e-30	1.58794936e-28
4.11621094e-01	1.53583515e-30	1.67481501e-28
4.12109375e-01	1.61984998e-30	1.76643247e-28
4.12597656e-01	1.70846067e-30	1.86306168e-28
4.13085938e-01	1.80191865e-30	1.96497680e-28
4.13574219e-01	1.90048905e-30	2.07246700e-28
4.14062500e-01	2.00445156e-30	2.18583723e-28
4.14550781e-01	2.11410113e-30	2.30540915e-28
4.15039062e-01	2.22974886e-30	2.43152203e-28
4.15527344e-01	2.35172288e-30	2.56453366e-28
4.16015625e-01	2.48036924e-30	2.70482143e-28
4.16503906e-01	2.61605295e-30	2.85278337e-28
4.16992188e-01	2.75915897e-30	3.00883928e-28
4.17480469e-01	2.91009333e-30	3.17343192e-28
4.17968750e-01	3.06928425e-30	3.34702827e-28
4.18457031e-01	3.23718340e-30	3.53012088e-28
4.18945312e-01	3.41426714e-30	3.72322921e-28
4.19433594e-01	3.60103790e-30	3.92690115e-28
4.19921875e-01	3.79802559e-30	4.14171456e-28
4.20410156e-01	4.00578910e-30	4.36827893e-28
4.20898438e-01	4.22491791e-30	4.60723705e-28
4.21386719e-01	4.45603373e-30	4.85926691e-28
4.21875000e-01	4.69979229e-30	5.12508356e-28
4.22363281e-01	4.95688518e-30	5.40544120e-28
4.22851562e-01	5.22804183e-30	5.70113525e-28
4.23339844e-01	5.51403157e-30	6.01300467e-28
4.23828125e-01	5.81566583e-30	6.34193429e-28
4.24316406e-01	6.13380039e-30	6.68885737e-28
4.24804688e-01	6.46933788e-30	7.05475819e-28
4.25292969e-01	6.82323029e-30	7.44067490e-28
4.25781250e-01	7.19648169e-30	7.84770243e-28
4.26269531e-01	7.59015107e-30	8.27699560e-28
4.26757812e-01	8.00535537e-30	8.72977242e-28
4.27246094e-01	8.44327260e-30	9.20731750e-28
4.27734375e-01	8.90514524e-30	9.71098576e-28
4.28222656e-01	9.39228372e-30	1.02422062e-27
4.28710938e-01	9.90607015e-30	1.08024860e-27
4.29199219e-01	1.04479623e-29	1.13934148e-27
4.29687500e-01	1.10194975e-29	1.20166693e-27
4.30175781e-01	1.16222975e-29	1.26740176e-27
4.30664062e-01	1.22580725e-29	1.33673249e-27
4.31152344e-01	1.29286262e-29	1.40985583e-27
4.31640625e-01	1.36358614e-29	1.48697923e-27
4.32128906e-01	1.43817844e-29	1.56832152e-27
4.32617188e-01	1.51685117e-29	1.65411347e-27
4.33105469e-01	1.59982754e-29	1.74459851e-27
4.33593750e-01	1.68734296e-29	1.84003336e-27
4.34082031e-01	1.77964575e-29	1.94068878e-27
4.34570312e-01	1.87699778e-29	2.04685037e-27
4.35058594e-01	1.97967526e-29	2.15881931e-27
4.35546875e-01	2.08796951e-29	2.27691330e-27
4.36035156e-01	2.20218779e-29	2.40146738e-27
4.36523438e-01	2.32265416e-29	2.53283496e-27
4.37011719e-01	2.44971040e-29	2.67138874e-27
4.37500000e-01	2.58371701e-29	2.81752184e-27
4.37988281e-01	2.72505418e-29	2.97164886e-27
4.38476562e-01	2.87412293e-29	3.13420710e-27
4.38964844e-01	3.03134619e-29	3.30565777e-27
4.39453125e-01	3.19717005e-29	3.48648731e-27
4.39941406e-01	3.37206497e-29	3.67720879e-27
4.40429688e-01	3.55652718e-29	3.87836331e-27
4.40917969e-01	3.75108004e-29	4.09052159e-27
4.41406250e-01	3.95627552e-29	4.31428558e-27
4.41894531e-01	4.17269583e-29	4.55029014e-27
4.42382812e-01	4.40095499e-29	4.79920488e-27
4.42871094e-01	4.64170061e-29	5.06173600e-27
4.43359375e-01	4.89561576e-29	5.33862838e-27
4.43847656e-01	5.16342084e-29	5.63066762e-27
4.44335938e-01	5.44587567e-29	5.93868230e-27
4.44824219e-01	5.74378164e-29	6.26354632e-27
4.45312500e-01	6.05798398e-29	6.60618139e-27
4.45800781e-01	6.38937414e-29	6.96755964e-27
4.46289062e-01	6.73889235e-29	7.34870639e-27
4.46777344e-01	7.10753028e-29	7.75070303e-27
4.47265625e-01	7.49633382e-29	8.17469011e-27
4.47753906e-01	7.90640610e-29	8.62187058e-27
4.48242188e-01	8.33891059e-29	9.09351318e-27
4.48730469e-01	8.79507439e-29	9.59095608e-27
4.49218750e-01	9.27619174e-29	1.01156106e-26
4.49707031e-01	9.78362768e-29	1.06689654e-26
4.50195312e-01	1.03188219e-28	1.12525903e-26
4.50683594e-01	1.08832929e-28	1.18681413e-26
4.51171875e-01	1.14786422e-28	1.25173648e-26
4.51660156e-01	1.21065589e-28	1.32021029e-26
4.52148438e-01	1.27688245e-28	1.39242981e-26
4.52636719e-01	1.34673181e-28	1.46859997e-26
4.53125000e-01	1.42040214e-28	1.54893687e-26
4.53613281e-01	1.49810247e-28	1.63366844e-26
4.54101562e-01	1.58005324e-28	1.72303509e-26
4.54589844e-01	1.66648697e-28	1.81729037e-26
4.55078125e-01	1.75764888e-28	1.91670169e-26
4.55566406e-01	1.85379763e-28	2.02155113e-26
4.56054688e-01	1.95520601e-28	2.13213614e-26
4.56542969e-01	2.06216174e-28	2.24877049e-26
4.57031250e-01	2.17496827e-28	2.37178510e-26
4.57519531e-01	2.29394567e-28	2.50152899e-26
4.58007812e-01	2.41943149e-28	2.63837026e-26
4.58496094e-01	2.55178177e-28	2.78269716e-26
4.58984375e-01	2.69137201e-28	2.93491919e-26
4.59472656e-01	2.83859827e-28	3.09546823e-26
4.59960938e-01	2.99387825e-28	3.26479979e-26
4.60449219e-01	3.15765252e-28	3.44339431e-26
4.60937500e-01	3.33038574e-28	3.63175849e-26
4.61425781e-01	3.51256800e-28	3.83042677e-26
4.61914062e-01	3.70471618e-28	4.03996281e-26
4.62402344e-01	3.90737546e-28	4.26096112e-26
4.62890625e-01	4.12112081e-28	4.49404870e-26
4.63378906e-01	4.34655870e-28	4.73988689e-26
4.63867188e-01	4.58432872e-28	4.99917318e-26
4.64355469e-01	4.83510548e-28	5.27264322e-26
4.64843750e-01	5.09960051e-28	5.56107291e-26
4.65332031e-01	5.37856422e-28	5.86528059e-26
4.65820312e-01	5.67278809e-28	6.18612935e-26
4.66308594e-01	5.98310691e-28	6.52452953e-26
4.66796875e-01	6.31040112e-28	6.88144122e-26
4.67285156e-01	6.65559932e-28	7.25787708e-26
4.67773438e-01	7.01968092e-28	7.65490514e-26
4.68261719e-01	7.40367889e-28	8.07365184e-26
4.68750000e-01	7.80868273e-28	8.51530527e-26
4.69238281e-01	8.23584151e-28	8.98111849e-26
4.69726562e-01	8.68636718e-28	9.47241312e-26
4.70214844e-01	9.16153799e-28	9.99058306e-26
4.70703125e-01	9.66270209e-28	1.05370985e-25
4.71191406e-01	1.01912814e-27	1.11135100e-25
4.71679688e-01	1.07487756e-27	1.17214530e-25
4.72167969e-01	1.13367665e-27	1.23626523e-25
4.72656250e-01	1.19569222e-27	1.30389271e-25
4.73144531e-01	1.26110024e-27	1.37521963e-25
4.73632812e-01	1.33008627e-27	1.45044835e-25
4.74121094e-01	1.40284605e-27	1.52979231e-25
4.74609375e-01	1.47958602e-27	1.61347663e-25
4.75097656e-01	1.56052389e-27	1.70173873e-25
4.75585938e-01	1.64588932e-27	1.79482904e-25
4.76074219e-01	1.73592449e-27	1.89301168e-25
4.76562500e-01	1.83088486e-27	1.99656521e-25
4.77050781e-01	1.93103986e-27	2.10578343e-25
4.77539062e-01	2.03667364e-27	2.22097623e-25
4.78027344e-01	2.14808591e-27	2.34247042e-25
4.78515625e-01	2.26559278e-27	2.47061072e-25
4.79003906e-01	2.38952762e-27	2.60576068e-25
4.79492188e-01	2.52024209e-27	2.74830376e-25
4.79980469e-01	2.65810703e-27	2.89864438e-25
4.80468750e-01	2.80351361e-27	3.05720910e-25
4.80957031e-01	2.95687438e-27	3.22444779e-25
4.81445312e-01	3.11862444e-27	3.40083495e-25
4.81933594e-01	3.28922273e-27	3.58687103e-25
4.82421875e-01	3.46915327e-27	3.78308385e-25
4.82910156e-01	3.65892656e-27	3.99003012e-25
4.83398438e-01	3.85908103e-27	4.20829697e-25
4.83886719e-01	4.07018457e-27	4.43850370e-25
4.84375000e-01	4.29283611e-27	4.68130343e-25
4.84863281e-01	4.52766737e-27	4.93738506e-25
4.85351562e-01	4.77534462e-27	5.20747513e-25
4.85839844e-01	5.03657057e-27	5.49233996e-25
4.86328125e-01	5.31208639e-27	5.79278777e-25
4.86816406e-01	5.60267376e-27	6.10967100e-25
4.87304688e-01	5.90915715e-27	6.44388870e-25
4.87792969e-01	6.23240612e-27	6.79638914e-25
4.88281250e-01	6.57333780e-27	7.16817244e-25
4.88769531e-01	6.93291949e-27	7.56029342e-25
4.89257812e-01	7.31217139e-27	7.97386462e-25
4.89746094e-01	7.71216954e-27	8.41005943e-25
4.90234375e-01	8.13404881e-27	8.87011543e-25
4.90722656e-01	8.57900616e-27	9.35533791e-25
4.91210938e-01	9.04830405e-27	9.86710354e-25
4.91699219e-01	9.54327397e-27	1.04068643e-24
4.92187500e-01	1.00653203e-26	1.09761517e-24
4.92675781e-01	1.06159241e-26	1.15765808e-24
4.93164062e-01	1.11966476e-26	1.22098552e-24
4.93652344e-01	1.18091385e-26	1.28777717e-24
4.94140625e-01	1.24551345e-26	1.35822253e-24
4.94628906e-01	1.31364685e-26	1.43252146e-24
4.95117188e-01	1.38550735e-26	1.51088477e-24
4.95605469e-01	1.46129885e-26	1.59353480e-24
4.96093750e-01	1.54123637e-26	1.68070603e-24
4.96582031e-01	1.62554672e-26	1.77264580e-24
4.97070312e-01	1.71446910e-26	1.86961496e-24
4.97558594e-01	1.80825581e-26	1.97188863e-24
4.98046875e-01	1.90717293e-26	2.07975698e-24
4.98535156e-01	2.01150113e-26	2.19352605e-24
4.99023438e-01	2.12153640e-26	2.31351865e-24
4.99511719e-01	2.23759094e-26	2.44007521e-24
5.00000000e-01	2.35999402e-26	2.57355480e-24
5.00488281e-01	2.48909292e-26	2.71433614e-24
5.00976562e-01	2.62525392e-26	2.86281865e-24
5.01464844e-01	2.76886335e-26	3.01942360e-24
5.01953125e-01	2.92032866e-26	3.18459533e-24
5.02441406e-01	3.08007958e-26	3.35880245e-24
5.02929688e-01	3.24856937e-26	3.54253924e-24
5.03417969e-01	3.42627607e-26	3.73632700e-24
5.03906250e-01	3.61370386e-26	3.94071554e-24
5.04394531e-01	3.81138453e-26	4.15628476e-24
5.04882812e-01	4.01987894e-26	4.38364628e-24
5.05371094e-01	4.23977864e-26	4.62344517e-24
5.05859375e-01	4.47170752e-26	4.87636180e-24
5.06347656e-01	4.71632362e-26	5.14311374e-24
5.06835938e-01	4.97432097e-26	5.42445783e-24
5.07324219e-01	5.24643157e-26	5.72119231e-24
5.07812500e-01	5.53342746e-26	6.03415908e-24
5.08300781e-01	5.83612289e-26	6.36424608e-24
5.08789062e-01	6.15537670e-26	6.71238986e-24
5.09277344e-01	6.49209467e-26	7.07957817e-24
5.09765625e-01	6.84723215e-26	7.46685281e-24
5.10253906e-01	7.22179673e-26	7.87531256e-24
5.10742188e-01	7.61685115e-26	8.30611632e-24
5.11230469e-01	8.03351625e-26	8.76048636e-24
5.11718750e-01	8.47297422e-26	9.23971183e-24
5.12207031e-01	8.93647188e-26	9.74515241e-24
5.12695312e-01	9.42532428e-26	1.02782421e-23
5.13183594e-01	9.94091842e-26	1.08404935e-23
5.13671875e-01	1.04847171e-25	1.14335018e-23
5.14160156e-01	1.10582633e-25	1.20589494e-23
5.14648438e-01	1.16631842e-25	1.27186109e-23
5.15136719e-01	1.23011961e-25	1.34143580e-23
5.15625000e-01	1.29741093e-25	1.41481645e-23
5.16113281e-01	1.36838329e-25	1.49221125e-23
5.16601562e-01	1.44323805e-25	1.57383979e-23
5.17089844e-01	1.52218759e-25	1.65993365e-23
5.17578125e-01	1.60545592e-25	1.75073712e-23
5.18066406e-01	1.69327929e-25	1.84650781e-23
5.18554688e-01	1.78590686e-25	1.94751746e-23
5.19042969e-01	1.88360144e-25	2.05405264e-23
5.19531250e-01	1.98664021e-25	2.16641562e-23
5.20019531e-01	2.09531553e-25	2.28492520e-23
5.20507812e-01	2.20993571e-25	2.40991763e-23
5.20996094e-01	2.33082598e-25	2.54174752e-23
5.21484375e-01	2.45832931e-25	2.68078891e-23
5.21972656e-01	2.59280746e-25	2.82743629e-23
5.22460938e-01	2.73464198e-25	2.98210574e-23
5.22949219e-01	2.88423529e-25	3.14523607e-23
5.23437500e-01	3.04201181e-25	3.31729014e-23
5.23925781e-01	3.20841919e-25	3.49875610e-23
5.24414062e-01	3.38392956e-25	3.69014880e-23
5.24902344e-01	3.56904089e-25	3.89201127e-23
5.25390625e-01	3.76427838e-25	4.10491624e-23
5.25878906e-01	3.97019596e-25	4.32946776e-23
5.26367188e-01	4.18737786e-25	4.56630294e-23
5.26855469e-01	4.41644028e-25	4.81609373e-23
5.27343750e-01	4.65803311e-25	5.07954885e-23
5.27832031e-01	4.91284182e-25	5.35741577e-23
5.28320312e-01	5.18158934e-25	5.65048286e-23
5.28808594e-01	5.46503818e-25	5.95958163e-23
5.29296875e-01	5.76399255e-25	6.28558905e-23
5.29785156e-01	6.07930063e-25	6.62943007e-23
5.30273438e-01	6.41185703e-25	6.99208026e-23
5.30761719e-01	6.76260530e-25	7.37456852e-23
5.31250000e-01	7.13254056e-25	7.77798007e-23
5.31738281e-01	7.52271243e-25	8.20345947e-23
5.32226562e-01	7.93422789e-25	8.65221390e-23
5.32714844e-01	8.36825451e-25	9.12551658e-23
5.33203125e-01	8.82602373e-25	9.62471037e-23
5.33691406e-01	9.30883432e-25	1.01512116e-22
5.34179688e-01	9.81805614e-25	1.07065141e-22
5.34667969e-01	1.03551340e-24	1.12921933e-22
5.35156250e-01	1.09215916e-24	1.19099109e-22
5.35644531e-01	1.15190362e-24	1.25614197e-22
5.36132812e-01	1.21491628e-24	1.32485679e-22
5.36621094e-01	1.28137593e-24	1.39733053e-22
5.37109375e-01	1.35147113e-24	1.47376880e-22
5.37597656e-01	1.42540075e-24	1.55438848e-22
5.38085938e-01	1.50337455e-24	1.63941831e-22
5.38574219e-01	1.58561376e-24	1.72909953e-22
5.39062500e-01	1.67235170e-24	1.82368659e-22
5.39550781e-01	1.76383447e-24	1.92344785e-22
5.40039062e-01	1.86032164e-24	2.02866635e-22
5.40527344e-01	1.96208694e-24	2.13964064e-22
5.41015625e-01	2.06941913e-24	2.25668556e-22
5.41503906e-01	2.18262271e-24	2.38013319e-22
5.41992188e-01	2.30201888e-24	2.51033379e-22
5.42480469e-01	2.42794638e-24	2.64765677e-22
5.42968750e-01	2.56076251e-24	2.79249173e-22
5.43457031e-01	2.70084408e-24	2.94524961e-22
5.43945312e-01	2.84858855e-24	3.10636382e-22
5.44433594e-01	3.00441509e-24	3.27629147e-22
5.44921875e-01	3.16876583e-24	3.45551468e-22
5.45410156e-01	3.34210706e-24	3.64454196e-22
5.45898438e-01	3.52493058e-24	3.84390961e-22
5.46386719e-01	3.71775512e-24	4.05418328e-22
5.46875000e-01	3.92112774e-24	4.27595957e-22
5.47363281e-01	4.13562548e-24	4.50986771e-22
5.47851562e-01	4.36185690e-24	4.75657134e-22
5.48339844e-01	4.60046388e-24	5.01677041e-22
5.48828125e-01	4.85212339e-24	5.29120318e-22
5.49316406e-01	5.11754945e-24	5.58064826e-22
5.49804688e-01	5.39749513e-24	5.88592688e-22
5.50292969e-01	5.69275470e-24	6.20790518e-22
5.50781250e-01	6.00416588e-24	6.54749668e-22
5.51269531e-01	6.33261221e-24	6.90566488e-22
5.51757812e-01	6.67902556e-24	7.28342599e-22
5.52246094e-01	7.04438879e-24	7.68185179e-22
5.52734375e-01	7.42973851e-24	8.10207271e-22
5.53222656e-01	7.83616804e-24	8.54528100e-22
5.53710938e-01	8.26483052e-24	9.01273415e-22
5.54199219e-01	8.71694216e-24	9.50575843e-22
5.54687500e-01	9.19378569e-24	1.00257527e-21
5.55175781e-01	9.69671403e-24	1.05741922e-21
5.55664062e-01	1.02271541e-23	1.11526330e-21
5.56152344e-01	1.07866109e-23	1.17627163e-21
5.56640625e-01	1.13766716e-23	1.24061731e-21
5.57128906e-01	1.19990106e-23	1.30848289e-21
5.57617188e-01	1.26553933e-23	1.38006093e-21
5.58105469e-01	1.33476823e-23	1.45555451e-21
5.58593750e-01	1.40778415e-23	1.53517782e-21
5.59082031e-01	1.48479427e-23	1.61915677e-21
5.59570312e-01	1.56601709e-23	1.70772962e-21
5.60058594e-01	1.65168304e-23	1.80114769e-21
5.60546875e-01	1.74203518e-23	1.89967601e-21
5.61035156e-01	1.83732986e-23	2.00359413e-21
5.61523438e-01	1.93783745e-23	2.11319689e-21
5.62011719e-01	2.04384312e-23	2.22879526e-21
5.62500000e-01	2.15564762e-23	2.35071722e-21
5.62988281e-01	2.27356818e-23	2.47930869e-21
5.63476562e-01	2.39793935e-23	2.61493450e-21
5.63964844e-01	2.52911401e-23	2.75797947e-21
5.64453125e-01	2.66746432e-23	2.90884943e-21
5.64941406e-01	2.81338282e-23	3.06797244e-21
5.65429688e-01	2.96728352e-23	3.23579998e-21
5.65917969e-01	3.12960305e-23	3.41280819e-21
5.66406250e-01	3.30080197e-23	3.59949930e-21
5.66894531e-01	3.48136599e-23	3.79640299e-21
5.67382812e-01	3.67180742e-23	4.00407792e-21
5.67871094e-01	3.87266658e-23	4.22311330e-21
5.68359375e-01	4.08451335e-23	4.45413060e-21
5.68847656e-01	4.30794880e-23	4.69778525e-21
5.69335938e-01	4.54360685e-23	4.95476856e-21
5.69824219e-01	4.79215612e-23	5.22580965e-21
5.70312500e-01	5.05430181e-23	5.51167753e-21
5.70800781e-01	5.33078766e-23	5.81318325e-21
5.71289062e-01	5.62239815e-23	6.13118227e-21
5.71777344e-01	5.92996063e-23	6.46657681e-21
5.72265625e-01	6.25434772e-23	6.82031847e-21
5.72753906e-01	6.59647978e-23	7.19341088e-21
5.73242188e-01	6.95732753e-23	7.58691260e-21
5.73730469e-01	7.33791475e-23	8.00194008e-21
5.74218750e-01	7.73932127e-23	8.43967083e-21
5.74707031e-01	8.16268595e-23	8.90134681e-21
5.75195312e-01	8.60920999e-23	9.38827788e-21
5.75683594e-01	9.08016027e-23	9.90184559e-21
5.76171875e-01	9.57687299e-23	1.04435070e-20
5.76660156e-01	1.01007574e-22	1.10147990e-20
5.77148438e-01	1.06532999e-22	1.16173424e-20
5.77636719e-01	1.12360682e-22	1.22528468e-20
5.78125000e-01	1.18507157e-22	1.29231153e-20
5.78613281e-01	1.24989864e-22	1.36300495e-20
5.79101562e-01	1.31827194e-22	1.43756552e-20
5.79589844e-01	1.39038547e-22	1.51620478e-20
5.80078125e-01	1.46644384e-22	1.59914585e-20
5.80566406e-01	1.54666283e-22	1.68662405e-20
5.81054688e-01	1.63127004e-22	1.77888758e-20
5.81542969e-01	1.72050554e-22	1.87619820e-20
5.82031250e-01	1.81462249e-22	1.97883202e-20
5.82519531e-01	1.91388792e-22	2.08708023e-20
5.83007812e-01	2.01858348e-22	2.20124995e-20
5.83496094e-01	2.12900621e-22	2.32166510e-20
5.83984375e-01	2.24546941e-22	2.44866733e-20
5.84472656e-01	2.36830350e-22	2.58261697e-20
5.84960938e-01	2.49785699e-22	2.72389407e-20
5.85449219e-01	2.63449746e-22	2.87289947e-20
5.85937500e-01	2.77861258e-22	3.03005592e-20
5.86425781e-01	2.93061124e-22	3.19580931e-20
5.86914062e-01	3.09092470e-22	3.37062992e-20
5.87402344e-01	3.26000780e-22	3.55501376e-20
5.87890625e-01	3.43834026e-22	3.74948396e-20
5.88378906e-01	3.62642806e-22	3.95459229e-20
5.88867188e-01	3.82480484e-22	4.17092066e-20
5.89355469e-01	4.03403344e-22	4.39908287e-20
5.89843750e-01	4.25470749e-22	4.63972626e-20
5.90332031e-01	4.48745309e-22	4.89353358e-20
5.90820312e-01	4.73293060e-22	5.16122494e-20
5.91308594e-01	4.99183648e-22	5.44355984e-20
5.91796875e-01	5.26490530e-22	5.74133933e-20
5.92285156e-01	5.55291184e-22	6.05540828e-20
5.92773438e-01	5.85667321e-22	6.38665777e-20
5.93261719e-01	6.17705128e-22	6.73602763e-20
5.93750000e-01	6.51495500e-22	7.10450909e-20
5.94238281e-01	6.87134311e-22	7.49314763e-20
5.94726562e-01	7.24722674e-22	7.90304589e-20
5.95214844e-01	7.64367236e-22	8.33536685e-20
5.95703125e-01	8.06180478e-22	8.79133709e-20
5.96191406e-01	8.50281033e-22	9.27225032e-20
5.96679688e-01	8.96794025e-22	9.77947098e-20
5.97167969e-01	9.45851420e-22	1.03144382e-19
5.97656250e-01	9.97592406e-22	1.08786697e-19
5.98144531e-01	1.05216378e-21	1.14737665e-19
5.98632812e-01	1.10972038e-21	1.21014169e-19
5.99121094e-01	1.17042551e-21	1.27634017e-19
5.99609375e-01	1.23445139e-21	1.34615991e-19
6.00097656e-01	1.30197968e-21	1.41979900e-19
6.00585938e-01	1.37320198e-21	1.49746638e-19
6.01074219e-01	1.44832036e-21	1.57938241e-19
6.01562500e-01	1.52754794e-21	1.66577949e-19
6.02050781e-01	1.61110952e-21	1.75690276e-19
6.02539062e-01	1.69924218e-21	1.85301076e-19
6.03027344e-01	1.79219596e-21	1.95437616e-19
6.03515625e-01	1.89023460e-21	2.06128656e-19
6.04003906e-01	1.99363626e-21	2.17404529e-19
6.04492188e-01	2.10269430e-21	2.29297226e-19
6.04980469e-01	2.21771816e-21	2.41840491e-19
6.05468750e-01	2.33903418e-21	2.55069912e-19
6.05957031e-01	2.46698655e-21	2.69023022e-19
6.06445312e-01	2.60193832e-21	2.83739410e-19
6.06933594e-01	2.74427236e-21	2.99260831e-19
6.07421875e-01	2.89439251e-21	3.15631321e-19
6.07910156e-01	3.05272470e-21	3.32897327e-19
6.08398438e-01	3.21971815e-21	3.51107837e-19
6.08886719e-01	3.39584666e-21	3.70314517e-19
6.09375000e-01	3.58160993e-21	3.90571863e-19
6.09863281e-01	3.77753503e-21	4.11937348e-19
6.10351562e-01	3.98417784e-21	4.34471591e-19
6.10839844e-01	4.20212465e-21	4.58238526e-19
6.11328125e-01	4.43199381e-21	4.83305586e-19
6.11816406e-01	4.67443753e-21	5.09743892e-19
6.12304688e-01	4.93014367e-21	5.37628454e-19
6.12792969e-01	5.19983773e-21	5.67038388e-19
6.13281250e-01	5.48428488e-21	5.98057136e-19
6.13769531e-01	5.78429216e-21	6.30772705e-19
6.14257812e-01	6.10071077e-21	6.65277916e-19
6.14746094e-01	6.43443845e-21	7.01670669e-19
6.15234375e-01	6.78642207e-21	7.40054218e-19
6.15722656e-01	7.15766027e-21	7.80537466e-19
6.16210938e-01	7.54920635e-21	8.23235272e-19
6.16699219e-01	7.96217121e-21	8.68268779e-19
6.17187500e-01	8.39772651e-21	9.15765759e-19
6.17675781e-01	8.85710804e-21	9.65860969e-19
6.18164062e-01	9.34161915e-21	1.01869654e-18
6.18652344e-01	9.85263451e-21	1.07442238e-18
6.19140625e-01	1.03916040e-20	1.13319660e-18
6.19628906e-01	1.09600568e-20	1.19518595e-18
6.20117188e-01	1.15596057e-20	1.26056631e-18
6.20605469e-01	1.21919517e-20	1.32952317e-18
6.21093750e-01	1.28588891e-20	1.40225219e-18
6.21582031e-01	1.35623099e-20	1.47895971e-18
6.22070312e-01	1.43042101e-20	1.55986336e-18
6.22558594e-01	1.50866945e-20	1.64519270e-18
6.23046875e-01	1.59119832e-20	1.73518981e-18
6.23535156e-01	1.67824177e-20	1.83011005e-18
6.24023438e-01	1.77004677e-20	1.93022271e-18
6.24511719e-01	1.86687379e-20	2.03581185e-18
6.25000000e-01	1.96899754e-20	2.14717703e-18
6.25488281e-01	2.07670777e-20	2.26463424e-18
6.25976562e-01	2.19031009e-20	2.38851671e-18
6.26464844e-01	2.31012681e-20	2.51917595e-18
6.26953125e-01	2.43649787e-20	2.65698264e-18
6.27441406e-01	2.56978181e-20	2.80232778e-18
6.27929688e-01	2.71035680e-20	2.95562376e-18
6.28417969e-01	2.85862168e-20	3.11730549e-18
6.28906250e-01	3.01499710e-20	3.28783172e-18
6.29394531e-01	3.17992673e-20	3.46768625e-18
6.29882812e-01	3.35387853e-20	3.65737939e-18
6.30371094e-01	3.53734603e-20	3.85744932e-18
6.30859375e-01	3.73084977e-20	4.06846370e-18
6.31347656e-01	3.93493875e-20	4.29102121e-18
6.31835938e-01	4.15019204e-20	4.52575331e-18
6.32324219e-01	4.37722034e-20	4.77332597e-18
6.32812500e-01	4.61666779e-20	5.03444163e-18
6.33300781e-01	4.86921376e-20	5.30984111e-18
6.33789062e-01	5.13557476e-20	5.60030580e-18
6.34277344e-01	5.41650654e-20	5.90665980e-18
6.34765625e-01	5.71280615e-20	6.22977232e-18
6.35253906e-01	6.02531427e-20	6.57056008e-18
6.35742188e-01	6.35491754e-20	6.92998998e-18
6.36230469e-01	6.70255113e-20	7.30908181e-18
6.36718750e-01	7.06920135e-20	7.70891114e-18
6.37207031e-01	7.45590847e-20	8.13061236e-18
6.37695312e-01	7.86376966e-20	8.57538194e-18
6.38183594e-01	8.29394211e-20	9.04448178e-18
6.38671875e-01	8.74764632e-20	9.53924284e-18
6.39160156e-01	9.22616956e-20	1.00610689e-17
6.39648438e-01	9.73086949e-20	1.06114404e-17
6.40136719e-01	1.02631781e-19	1.11919189e-17
6.40625000e-01	1.08246056e-19	1.18041514e-17
6.41113281e-01	1.14167449e-19	1.24498749e-17
6.41601562e-01	1.20412760e-19	1.31309214e-17
6.42089844e-01	1.26999710e-19	1.38492234e-17
6.42578125e-01	1.33946986e-19	1.46068186e-17
6.43066406e-01	1.41274299e-19	1.54058567e-17
6.43554688e-01	1.49002439e-19	1.62486046e-17
6.44042969e-01	1.57153332e-19	1.71374534e-17
6.44531250e-01	1.65750104e-19	1.80749249e-17
6.45019531e-01	1.74817146e-19	1.90636791e-17
6.45507812e-01	1.84380183e-19	2.01065212e-17
6.45996094e-01	1.94466348e-19	2.12064099e-17
6.46484375e-01	2.05104257e-19	2.23664660e-17
6.46972656e-01	2.16324093e-19	2.35899807e-17
6.47460938e-01	2.28157688e-19	2.48804254e-17
6.47949219e-01	2.40638617e-19	2.62414615e-17
6.48437500e-01	2.53802292e-19	2.76769504e-17
6.48925781e-01	2.67686061e-19	2.91909650e-17
6.49414062e-01	2.82329314e-19	3.07878008e-17
6.49902344e-01	2.97773598e-19	3.24719885e-17
6.50390625e-01	3.14062733e-19	3.42483065e-17
6.50878906e-01	3.31242933e-19	3.61217946e-17
6.51367188e-01	3.49362944e-19	3.80977682e-17
6.51855469e-01	3.68474175e-19	4.01818337e-17
6.52343750e-01	3.88630849e-19	4.23799040e-17
6.52832031e-01	4.09890156e-19	4.46982156e-17
6.53320312e-01	4.32312412e-19	4.71433459e-17
6.53808594e-01	4.55961235e-19	4.97222324e-17
6.54296875e-01	4.80903721e-19	5.24421920e-17
6.54785156e-01	5.07210638e-19	5.53109417e-17
6.55273438e-01	5.34936406e-19	5.82538024e-17
6.55761719e-01	5.64139484e-19	6.13620038e-17
6.56250000e-01	5.94902757e-19	6.46443645e-17
6.56738281e-01	6.27313539e-19	6.81101971e-17
6.57226562e-01	6.61463815e-19	7.17693350e-17
6.57714844e-01	6.97450508e-19	7.56321598e-17
6.58203125e-01	7.35375750e-19	7.97096311e-17
6.58691406e-01	7.75347173e-19	8.40133176e-17
6.59179688e-01	8.17478215e-19	8.85554296e-17
6.59667969e-01	8.61888441e-19	9.33488540e-17
6.60156250e-01	9.08703881e-19	9.84071909e-17
6.60644531e-01	9.58057393e-19	1.03744792e-16
6.61132812e-01	1.01008903e-18	1.09376800e-16
6.61621094e-01	1.06494645e-18	1.15319196e-16
6.62109375e-01	1.12278533e-18	1.21588838e-16
6.62597656e-01	1.18376979e-18	1.28203515e-16
6.63085938e-01	1.24807289e-18	1.35181995e-16
6.63574219e-01	1.31587711e-18	1.42544076e-16
6.64062500e-01	1.38737484e-18	1.50310647e-16
6.64550781e-01	1.46276898e-18	1.58503742e-16
6.65039062e-01	1.54227346e-18	1.67146609e-16
6.65527344e-01	1.62609398e-18	1.76182225e-16
6.66015625e-01	1.71444848e-18	1.85717829e-16
6.66503906e-01	1.80758772e-18	1.95780475e-16
6.66992188e-01	1.90577600e-18	2.06398713e-16
6.67480469e-01	2.00929196e-18	2.17602670e-16
6.67968750e-01	2.11842936e-18	2.29424133e-16
6.68457031e-01	2.23349791e-18	2.41896641e-16
6.68945312e-01	2.35482414e-18	2.55055584e-16
6.69433594e-01	2.48275233e-18	2.68938294e-16
6.69921875e-01	2.61764551e-18	2.83584160e-16
6.70410156e-01	2.75986668e-18	2.98953788e-16
6.70898438e-01	2.90979969e-18	3.15171791e-16
6.71386719e-01	3.06786999e-18	3.32284183e-16
6.71875000e-01	3.23452617e-18	3.50339516e-16
6.72363281e-01	3.41024114e-18	3.69389016e-16
6.72851562e-01	3.59551354e-18	3.89486731e-16
6.73339844e-01	3.79084944e-18	4.10609087e-16
6.73828125e-01	3.99678346e-18	4.32896666e-16
6.74316406e-01	4.21390000e-18	4.56412703e-16
6.74804688e-01	4.44281519e-18	4.81223917e-16
6.75292969e-01	4.68417863e-18	5.07400703e-16
6.75781250e-01	4.93865561e-18	5.34937026e-16
6.76269531e-01	5.20694868e-18	5.63991375e-16
6.76757812e-01	5.48981918e-18	5.94646183e-16
6.77246094e-01	5.78805025e-18	6.26908294e-16
6.77734375e-01	6.10246864e-18	6.60949429e-16
6.78222656e-01	6.43396659e-18	6.96866171e-16
6.78710938e-01	6.78348480e-18	7.34760424e-16
6.79199219e-01	7.15199560e-18	7.74659800e-16
6.79687500e-01	7.54052520e-18	8.16757461e-16
6.80175781e-01	7.95015668e-18	8.61093062e-16
6.80664062e-01	8.38203297e-18	9.07872233e-16
6.81152344e-01	8.83737963e-18	9.57227698e-16
6.81640625e-01	9.31746937e-18	1.00921987e-15
6.82128906e-01	9.82364511e-18	1.06407594e-15
6.82617188e-01	1.03573238e-17	1.12187205e-15
6.83105469e-01	1.09200005e-17	1.18285172e-15
6.83593750e-01	1.15132525e-17	1.24710859e-15
6.84082031e-01	1.21387246e-17	1.31482508e-15
6.84570312e-01	1.27981723e-17	1.38627270e-15
6.85058594e-01	1.34934476e-17	1.46157495e-15
6.85546875e-01	1.42264849e-17	1.54094558e-15
6.86035156e-01	1.49993449e-17	1.62468901e-15
6.86523438e-01	1.58142015e-17	1.71296379e-15
6.87011719e-01	1.66733285e-17	1.80602047e-15
6.87500000e-01	1.75791253e-17	1.90412321e-15
6.87988281e-01	1.85341238e-17	2.00755043e-15
6.88476562e-01	1.95409954e-17	2.11659572e-15
6.88964844e-01	2.06025589e-17	2.23156855e-15
6.89453125e-01	2.17217884e-17	2.35279524e-15
6.89941406e-01	2.29018214e-17	2.48061985e-15
6.90429688e-01	2.41459681e-17	2.61540516e-15
6.90917969e-01	2.54577207e-17	2.75753369e-15
6.91406250e-01	2.68407442e-17	2.90733031e-15
6.91894531e-01	2.82989056e-17	3.06529868e-15
6.92382812e-01	2.98363044e-17	3.23188711e-15
6.92871094e-01	3.14572461e-17	3.40749002e-15
6.93359375e-01	3.31662539e-17	3.59260586e-15
6.93847656e-01	3.49681201e-17	3.78783828e-15
6.94335938e-01	3.68679008e-17	3.99366313e-15
6.94824219e-01	3.88709105e-17	4.21066462e-15
6.95312500e-01	4.09827760e-17	4.43953669e-15
6.95800781e-01	4.32094331e-17	4.68085080e-15
6.96289062e-01	4.55571242e-17	4.93529185e-15
6.96777344e-01	4.80324162e-17	5.20350407e-15
6.97265625e-01	5.06422381e-17	5.48632658e-15
6.97753906e-01	5.33939009e-17	5.78448426e-15
6.98242188e-01	5.62950991e-17	6.09882337e-15
6.98730469e-01	5.93539704e-17	6.43031376e-15
6.99218750e-01	6.25791004e-17	6.77981850e-15
6.99707031e-01	6.59795082e-17	7.14825198e-15
7.00195312e-01	6.95647107e-17	7.53673750e-15
7.00683594e-01	7.33447492e-17	7.94630013e-15
7.01171875e-01	7.73301990e-17	8.37810233e-15
7.01660156e-01	8.15322186e-17	8.83336965e-15
7.02148438e-01	8.59625808e-17	9.31339419e-15
7.02636719e-01	9.06337069e-17	9.81953833e-15
7.03125000e-01	9.55586824e-17	1.03531613e-14
7.03613281e-01	1.00751295e-16	1.09157778e-14
7.04101562e-01	1.06226090e-16	1.15089844e-14
7.04589844e-01	1.11998416e-16	1.21344648e-14
7.05078125e-01	1.18084447e-16	1.27939172e-14
7.05566406e-01	1.24501246e-16	1.34892901e-14
7.06054688e-01	1.31266796e-16	1.42224033e-14
7.06542969e-01	1.38400034e-16	1.49953375e-14
7.07031250e-01	1.45920938e-16	1.58102865e-14
7.07519531e-01	1.53850589e-16	1.66695631e-14
7.08007812e-01	1.62211207e-16	1.75755294e-14
7.08496094e-01	1.71026199e-16	1.85306801e-14
7.08984375e-01	1.80320263e-16	1.95378026e-14
7.09472656e-01	1.90119434e-16	2.05996022e-14
7.09960938e-01	2.00451146e-16	2.17190926e-14
7.10449219e-01	2.11344364e-16	2.28995273e-14
7.10937500e-01	2.22829626e-16	2.41441038e-14
7.11425781e-01	2.34939112e-16	2.54563544e-14
7.11914062e-01	2.47706741e-16	2.68398509e-14
7.12402344e-01	2.61168276e-16	2.82985961e-14
7.12890625e-01	2.75361433e-16	2.98365778e-14
7.13378906e-01	2.90325988e-16	3.14582372e-14
7.13867188e-01	3.06103884e-16	3.31680244e-14
7.14355469e-01	3.22739318e-16	3.49707162e-14
7.14843750e-01	3.40278886e-16	3.68713528e-14
7.15332031e-01	3.58771728e-16	3.88753286e-14
7.15820312e-01	3.78269673e-16	4.09882553e-14
7.16308594e-01	3.98827366e-16	4.32160537e-14
7.16796875e-01	4.20502402e-16	4.55648951e-14
7.17285156e-01	4.43355494e-16	4.80413702e-14
7.17773438e-01	4.67450698e-16	5.06525831e-14
7.18261719e-01	4.92855538e-16	5.34056423e-14
7.18750000e-01	5.19641183e-16	5.63083615e-14
7.19238281e-01	5.47882703e-16	5.93689033e-14
7.19726562e-01	5.77659243e-16	6.25958031e-14
7.20214844e-01	6.09054231e-16	6.59980684e-14
7.20703125e-01	6.42155634e-16	6.95852799e-14
7.21191406e-01	6.77056208e-16	7.33674680e-14
7.21679688e-01	7.13853756e-16	7.73552917e-14
7.22167969e-01	7.52651397e-16	8.15598434e-14
7.22656250e-01	7.93557848e-16	8.59929808e-14
7.23144531e-01	8.36687741e-16	9.06670605e-14
7.23632812e-01	8.82161943e-16	9.55952730e-14
7.24121094e-01	9.30107904e-16	1.00791380e-13
7.24609375e-01	9.80659975e-16	1.06269904e-13
7.25097656e-01	1.03395983e-15	1.12046319e-13
7.25585938e-01	1.09015685e-15	1.18136644e-13
7.26074219e-01	1.14940849e-15	1.24558090e-13
7.26562500e-01	1.21188084e-15	1.31328657e-13
7.27050781e-01	1.27774897e-15	1.38467188e-13
7.27539062e-01	1.34719745e-15	1.45993793e-13
7.28027344e-01	1.42042092e-15	1.53929534e-13
7.28515625e-01	1.49762459e-15	1.62296712e-13
7.29003906e-01	1.57902484e-15	1.71118700e-13
7.29492188e-01	1.66484979e-15	1.80420312e-13
7.29980469e-01	1.75534000e-15	1.90227576e-13
7.30468750e-01	1.85074906e-15	2.00567954e-13
7.30957031e-01	1.95134437e-15	2.11470421e-13
7.31445312e-01	2.05740786e-15	2.22965623e-13
7.31933594e-01	2.16923680e-15	2.35085739e-13
7.32421875e-01	2.28714463e-15	2.47864722e-13
7.32910156e-01	2.41146182e-15	2.61338469e-13
7.33398438e-01	2.54253679e-15	2.75544629e-13
7.33886719e-01	2.68073693e-15	2.90523149e-13
7.34375000e-01	2.82644960e-15	3.06315947e-13
7.34863281e-01	2.98008322e-15	3.22967329e-13
7.35351562e-01	3.14206839e-15	3.40523962e-13
7.35839844e-01	3.31285916e-15	3.59035007e-13
7.36328125e-01	3.49293421e-15	3.78552413e-13
7.36816406e-01	3.68279830e-15	3.99130906e-13
7.37304688e-01	3.88298360e-15	4.20828080e-13
7.37792969e-01	4.09405121e-15	4.43704852e-13
7.38281250e-01	4.31659276e-15	4.67825339e-13
7.38769531e-01	4.55123205e-15	4.93257187e-13
7.39257812e-01	4.79862678e-15	5.20071619e-13
7.39746094e-01	5.05947040e-15	5.48343856e-13
7.40234375e-01	5.33449409e-15	5.78153182e-13
7.40722656e-01	5.62446879e-15	6.09583173e-13
7.41210938e-01	5.93020732e-15	6.42721857e-13
7.41699219e-01	6.25256672e-15	6.77662259e-13
7.42187500e-01	6.59245063e-15	7.14502225e-13
7.42675781e-01	6.95081179e-15	7.53345066e-13
7.43164062e-01	7.32865477e-15	7.94299780e-13
7.43652344e-01	7.72703876e-15	8.37481064e-13
7.44140625e-01	8.14708055e-15	8.83010084e-13
7.44628906e-01	8.58995761e-15	9.31014376e-13
7.45117188e-01	9.05691147e-15	9.81628650e-13
7.45605469e-01	9.54925117e-15	1.03499473e-12
7.46093750e-01	1.00683569e-14	1.09126226e-12
7.46582031e-01	1.06156839e-14	1.15058910e-12
7.47070312e-01	1.11927665e-14	1.21314152e-12
7.47558594e-01	1.18012227e-14	1.27909487e-12
7.48046875e-01	1.24427581e-14	1.34863408e-12
7.48535156e-01	1.31191712e-14	1.42195411e-12
7.49023438e-01	1.38323584e-14	1.49926059e-12
7.49511719e-01	1.45843191e-14	1.58077029e-12
7.50000000e-01	1.53771613e-14	1.66671174e-12
7.50488281e-01	1.62131080e-14	1.75732594e-12
7.50976562e-01	1.70945028e-14	1.85286687e-12
7.51464844e-01	1.80238166e-14	1.95360251e-12
7.51953125e-01	1.90036549e-14	2.05981529e-12
7.52441406e-01	2.00367649e-14	2.17180303e-12
7.52929688e-01	2.11260429e-14	2.28987973e-12
7.53417969e-01	2.22745430e-14	2.41437662e-12
7.53906250e-01	2.34854852e-14	2.54564262e-12
7.54394531e-01	2.47622646e-14	2.68404596e-12
7.54882812e-01	2.61084610e-14	2.82997468e-12
7.55371094e-01	2.75278489e-14	2.98383798e-12
7.55859375e-01	2.90244078e-14	3.14606727e-12
7.56347656e-01	3.06023338e-14	3.31711752e-12
7.56835938e-01	3.22660510e-14	3.49746843e-12
7.57324219e-01	3.40202244e-14	3.68762569e-12
7.57812500e-01	3.58697723e-14	3.88812258e-12
7.58300781e-01	3.78198807e-14	4.09952139e-12
7.58789062e-01	3.98760175e-14	4.32241485e-12
7.59277344e-01	4.20439479e-14	4.55742811e-12
7.59765625e-01	4.43297507e-14	4.80522013e-12
7.60253906e-01	4.67398352e-14	5.06648593e-12
7.60742188e-01	4.92809592e-14	5.34195816e-12
7.61230469e-01	5.19602482e-14	5.63240926e-12
7.61718750e-01	5.47852147e-14	5.93865384e-12
7.62207031e-01	5.77637803e-14	6.26155071e-12
7.62695312e-01	6.09042970e-14	6.60200551e-12
7.63183594e-01	6.42155710e-14	6.96097299e-12
7.63671875e-01	6.77068876e-14	7.33945983e-12
7.64160156e-01	7.13880369e-14	7.73852754e-12
7.64648438e-01	7.52693413e-14	8.15929533e-12
7.65136719e-01	7.93616847e-14	8.60294321e-12
7.65625000e-01	8.36765428e-14	9.07071546e-12
7.66113281e-01	8.82260153e-14	9.56392402e-12
7.66601562e-01	9.30228600e-14	1.00839521e-11
7.67089844e-01	9.80805286e-14	1.06322582e-11
7.67578125e-01	1.03413204e-13	1.12103803e-11
7.68066406e-01	1.09035841e-13	1.18199396e-11
7.68554688e-01	1.14964206e-13	1.24626458e-11
7.69042969e-01	1.21214926e-13	1.31403016e-11
7.69531250e-01	1.27805529e-13	1.38548075e-11
7.70019531e-01	1.34754497e-13	1.46081676e-11
7.70507812e-01	1.42081319e-13	1.54024949e-11
7.70996094e-01	1.49806542e-13	1.62400174e-11
7.71484375e-01	1.57951830e-13	1.71230840e-11
7.71972656e-01	1.66540027e-13	1.80541717e-11
7.72460938e-01	1.75595219e-13	1.90358920e-11
7.72949219e-01	1.85142799e-13	2.00709986e-11
7.73437500e-01	1.95209546e-13	2.11623948e-11
7.73925781e-01	2.05823691e-13	2.23131418e-11
7.74414062e-01	2.17015001e-13	2.35264675e-11
7.74902344e-01	2.28814865e-13	2.48057752e-11
7.75390625e-01	2.41256376e-13	2.61546532e-11
7.75878906e-01	2.54374428e-13	2.75768852e-11
7.76367188e-01	2.68205811e-13	2.90764605e-11
7.76855469e-01	2.82789318e-13	3.06575855e-11
7.77343750e-01	2.98165852e-13	3.23246954e-11
7.77832031e-01	3.14378538e-13	3.40824665e-11
7.78320312e-01	3.31472848e-13	3.59358294e-11
7.78808594e-01	3.49496728e-13	3.78899831e-11
7.79296875e-01	3.68500730e-13	3.99504093e-11
7.79785156e-01	3.88538156e-13	4.21228876e-11
7.80273438e-01	4.09665207e-13	4.44135124e-11
7.80761719e-01	4.31941140e-13	4.68287091e-11
7.81250000e-01	4.55428435e-13	4.93752530e-11
7.81738281e-01	4.80192972e-13	5.20602875e-11
7.82226562e-01	5.06304210e-13	5.48913450e-11
7.82714844e-01	5.33835390e-13	5.78763672e-11
7.83203125e-01	5.62863733e-13	6.10237281e-11
7.83691406e-01	5.93470663e-13	6.43422568e-11
7.84179688e-01	6.25742030e-13	6.78412628e-11
7.84667969e-01	6.59768355e-13	7.15305622e-11
7.85156250e-01	6.95645080e-13	7.54205046e-11
7.85644531e-01	7.33472841e-13	7.95220030e-11
7.86132812e-01	7.73357745e-13	8.38465634e-11
7.86621094e-01	8.15411671e-13	8.84063183e-11
7.87109375e-01	8.59752583e-13	9.32140596e-11
7.87597656e-01	9.06504862e-13	9.82832752e-11
7.88085938e-01	9.55799653e-13	1.03628187e-10
7.88574219e-01	1.00777523e-12	1.09263789e-10
7.89062500e-01	1.06257740e-12	1.15205893e-10
7.89550781e-01	1.12035989e-12	1.21471169e-10
7.90039062e-01	1.18128478e-12	1.28077196e-10
7.90527344e-01	1.24552299e-12	1.35042506e-10
7.91015625e-01	1.31325471e-12	1.42386641e-10
7.91503906e-01	1.38466996e-12	1.50130206e-10
7.91992188e-01	1.45996907e-12	1.58294927e-10
7.92480469e-01	1.53936326e-12	1.66903710e-10
7.92968750e-01	1.62307528e-12	1.75980710e-10
7.93457031e-01	1.71133995e-12	1.85551393e-10
7.93945312e-01	1.80440490e-12	1.95642611e-10
7.94433594e-01	1.90253119e-12	2.06282678e-10
7.94921875e-01	2.00599411e-12	2.17501447e-10
7.95410156e-01	2.11508391e-12	2.29330395e-10
7.95898438e-01	2.23010664e-12	2.41802711e-10
7.96386719e-01	2.35138499e-12	2.54953390e-10
7.96875000e-01	2.47925919e-12	2.68819331e-10
7.97363281e-01	2.61408799e-12	2.83439438e-10
7.97851562e-01	2.75624965e-12	2.98854733e-10
7.98339844e-01	2.90614301e-12	3.15108470e-10
7.98828125e-01	3.06418860e-12	3.32246254e-10
7.99316406e-01	3.23082982e-12	3.50316173e-10
7.99804688e-01	3.40653419e-12	3.69368929e-10
8.00292969e-01	3.59179466e-12	3.89457983e-10
8.00781250e-01	3.78713101e-12	4.10639704e-10
8.01269531e-01	3.99309127e-12	4.32973527e-10
8.01757812e-01	4.21025330e-12	4.56522121e-10
8.02246094e-01	4.43922636e-12	4.81351563e-10
8.02734375e-01	4.68065290e-12	5.07531525e-10
8.03222656e-01	4.93521027e-12	5.35135470e-10
8.03710938e-01	5.20361269e-12	5.64240856e-10
8.04199219e-01	5.48661323e-12	5.94929355e-10
8.04687500e-01	5.78500592e-12	6.27287083e-10
8.05175781e-01	6.09962797e-12	6.61404837e-10
8.05664062e-01	6.43136215e-12	6.97378359e-10
8.06152344e-01	6.78113924e-12	7.35308594e-10
8.06640625e-01	7.14994065e-12	7.75301983e-10
8.07128906e-01	7.53880118e-12	8.17470753e-10
8.07617188e-01	7.94881192e-12	8.61933239e-10
8.08105469e-01	8.38112331e-12	9.08814213e-10
8.08593750e-01	8.83694837e-12	9.58245234e-10
8.09082031e-01	9.31756611e-12	1.01036502e-09
8.09570312e-01	9.82432510e-12	1.06531983e-09
8.10058594e-01	1.03586473e-11	1.12326389e-09
8.10546875e-01	1.09220320e-11	1.18435980e-09
8.11035156e-01	1.15160600e-11	1.24877903e-09
8.11523438e-01	1.21423983e-11	1.31670235e-09
8.12011719e-01	1.28028042e-11	1.38832038e-09
8.12500000e-01	1.34991310e-11	1.46383411e-09
8.12988281e-01	1.42333325e-11	1.54345546e-09
8.13476562e-01	1.50074691e-11	1.62740789e-09
8.13964844e-01	1.58237130e-11	1.71592699e-09
8.14453125e-01	1.66843546e-11	1.80926121e-09
8.14941406e-01	1.75918091e-11	1.90767247e-09
8.15429688e-01	1.85486229e-11	2.01143696e-09
8.15917969e-01	1.95574811e-11	2.12084591e-09
8.16406250e-01	2.06212145e-11	2.23620638e-09
8.16894531e-01	2.17428084e-11	2.35784212e-09
8.17382812e-01	2.29254101e-11	2.48609451e-09
8.17871094e-01	2.41723384e-11	2.62132352e-09
8.18359375e-01	2.54870923e-11	2.76390866e-09
8.18847656e-01	2.68733615e-11	2.91425012e-09
8.19335938e-01	2.83350363e-11	3.07276987e-09
8.19824219e-01	2.98762186e-11	3.23991279e-09
8.20312500e-01	3.15012335e-11	3.41614802e-09
8.20800781e-01	3.32146412e-11	3.60197019e-09
8.21289062e-01	3.50212504e-11	3.79790084e-09
8.21777344e-01	3.69261309e-11	4.00448991e-09
8.22265625e-01	3.89346288e-11	4.22231722e-09
8.22753906e-01	4.10523806e-11	4.45199417e-09
8.23242188e-01	4.32853297e-11	4.69416542e-09
8.23730469e-01	4.56397428e-11	4.94951068e-09
8.24218750e-01	4.81222275e-11	5.21874666e-09
8.24707031e-01	5.07397509e-11	5.50262906e-09
8.25195312e-01	5.34996590e-11	5.80195469e-09
8.25683594e-01	5.64096977e-11	6.11756372e-09
8.26171875e-01	5.94780340e-11	6.45034203e-09
8.26660156e-01	6.27132796e-11	6.80122369e-09
8.27148438e-01	6.61245143e-11	7.17119359e-09
8.27636719e-01	6.97213121e-11	7.56129021e-09
8.28125000e-01	7.35137678e-11	7.97260853e-09
8.28613281e-01	7.75125255e-11	8.40630312e-09
8.29101562e-01	8.17288084e-11	8.86359134e-09
8.29589844e-01	8.61744500e-11	9.34575680e-09
8.30078125e-01	9.08619280e-11	9.85415295e-09
8.30566406e-01	9.58043986e-11	1.03902069e-08
8.31054688e-01	1.01015734e-10	1.09554233e-08
8.31542969e-01	1.06510561e-10	1.15513888e-08
8.32031250e-01	1.12304303e-10	1.21797764e-08
8.32519531e-01	1.18413220e-10	1.28423499e-08
8.33007812e-01	1.24854460e-10	1.35409693e-08
8.33496094e-01	1.31646102e-10	1.42775957e-08
8.33984375e-01	1.38807209e-10	1.50542970e-08
8.34472656e-01	1.46357880e-10	1.58732535e-08
8.34960938e-01	1.54319310e-10	1.67367641e-08
8.35449219e-01	1.62713846e-10	1.76472528e-08
8.35937500e-01	1.71565049e-10	1.86072757e-08
8.36425781e-01	1.80897765e-10	1.96195277e-08
8.36914062e-01	1.90738189e-10	2.06868506e-08
8.37402344e-01	2.01113944e-10	2.18122404e-08
8.37890625e-01	2.12054153e-10	2.29988566e-08
8.38378906e-01	2.23589526e-10	2.42500304e-08
8.38867188e-01	2.35752442e-10	2.55692741e-08
8.39355469e-01	2.48577043e-10	2.69602914e-08
8.39843750e-01	2.62099328e-10	2.84269873e-08
8.40332031e-01	2.76357254e-10	2.99734794e-08
8.40820312e-01	2.91390845e-10	3.16041092e-08
8.41308594e-01	3.07242301e-10	3.33234547e-08
8.41796875e-01	3.23956119e-10	3.51363427e-08
8.42285156e-01	3.41579216e-10	3.70478629e-08
8.42773438e-01	3.60161063e-10	3.90633817e-08
8.43261719e-01	3.79753821e-10	4.11885576e-08
8.43750000e-01	4.00412492e-10	4.34293570e-08
8.44238281e-01	4.22195067e-10	4.57920711e-08
8.44726562e-01	4.45162695e-10	4.82833331e-08
8.45214844e-01	4.69379851e-10	5.09101373e-08
8.45703125e-01	4.94914518e-10	5.36798588e-08
8.46191406e-01	5.21838378e-10	5.66002736e-08
8.46679688e-01	5.50227015e-10	5.96795810e-08
8.47167969e-01	5.80160122e-10	6.29264266e-08
8.47656250e-01	6.11721732e-10	6.63499263e-08
8.48144531e-01	6.45000447e-10	6.99596919e-08
8.48632812e-01	6.80089693e-10	7.37658585e-08
8.49121094e-01	7.17087977e-10	7.77791125e-08
8.49609375e-01	7.56099167e-10	8.20107219e-08
8.50097656e-01	7.97232782e-10	8.64725677e-08
8.50585938e-01	8.40604302e-10	9.11771776e-08
8.51074219e-01	8.86335488e-10	9.61377609e-08
8.51562500e-01	9.34554728e-10	1.01368246e-07
8.52050781e-01	9.85397395e-10	1.06883318e-07
8.52539062e-01	1.03900623e-09	1.12698462e-07
8.53027344e-01	1.09553173e-09	1.18830007e-07
8.53515625e-01	1.15513261e-09	1.25295169e-07
8.54003906e-01	1.21797618e-09	1.32112100e-07
8.54492188e-01	1.28423888e-09	1.39299942e-07
8.54980469e-01	1.35410676e-09	1.46878876e-07
8.55468750e-01	1.42777596e-09	1.54870185e-07
8.55957031e-01	1.50545333e-09	1.63296306e-07
8.56445312e-01	1.58735694e-09	1.72180899e-07
8.56933594e-01	1.67371676e-09	1.81548912e-07
8.57421875e-01	1.76477525e-09	1.91426649e-07
8.57910156e-01	1.86078806e-09	2.01841847e-07
8.58398438e-01	1.96202478e-09	2.12823752e-07
8.58886719e-01	2.06876964e-09	2.24403200e-07
8.59375000e-01	2.18132236e-09	2.36612707e-07
8.59863281e-01	2.29999893e-09	2.49486557e-07
8.60351562e-01	2.42513259e-09	2.63060901e-07
8.60839844e-01	2.55707467e-09	2.77373855e-07
8.61328125e-01	2.69619563e-09	2.92465613e-07
8.61816406e-01	2.84288610e-09	3.08378553e-07
8.62304688e-01	2.99755796e-09	3.25157359e-07
8.62792969e-01	3.16064548e-09	3.42849150e-07
8.63281250e-01	3.33260661e-09	3.61503606e-07
8.63769531e-01	3.51392416e-09	3.81173111e-07
8.64257812e-01	3.70510727e-09	4.01912901e-07
8.64746094e-01	3.90669275e-09	4.23781217e-07
8.65234375e-01	4.11924663e-09	4.46839470e-07
8.65722656e-01	4.34336574e-09	4.71152411e-07
8.66210938e-01	4.57967939e-09	4.96788318e-07
8.66699219e-01	4.82885115e-09	5.23819182e-07
8.67187500e-01	5.09158066e-09	5.52320913e-07
8.67675781e-01	5.36860568e-09	5.82373552e-07
8.68164062e-01	5.66070408e-09	6.14061496e-07
8.68652344e-01	5.96869608e-09	6.47473734e-07
8.69140625e-01	6.29344653e-09	6.82704098e-07
8.69628906e-01	6.63586733e-09	7.19851527e-07
8.70117188e-01	6.99692004e-09	7.59020345e-07
8.70605469e-01	7.37761850e-09	8.00320553e-07
8.71093750e-01	7.77903175e-09	8.43868136e-07
8.71582031e-01	8.20228701e-09	8.89785394e-07
8.72070312e-01	8.64857282e-09	9.38201283e-07
8.72558594e-01	9.11914241e-09	9.89251775e-07
8.73046875e-01	9.61531722e-09	1.04308024e-06
8.73535156e-01	1.01384906e-08	1.09983786e-06
8.74023438e-01	1.06901317e-08	1.15968403e-06
8.74511719e-01	1.12717896e-08	1.22278684e-06
8.75000000e-01	1.18850978e-08	1.28932350e-06
8.75488281e-01	1.25317785e-08	1.35948089e-06
8.75976562e-01	1.32136479e-08	1.43345604e-06
8.76464844e-01	1.39326208e-08	1.51145672e-06
8.76953125e-01	1.46907162e-08	1.59370201e-06
8.77441406e-01	1.54900630e-08	1.68042289e-06
8.77929688e-01	1.63329063e-08	1.77186292e-06
8.78417969e-01	1.72216128e-08	1.86827894e-06
8.78906250e-01	1.81586784e-08	1.96994173e-06
8.79394531e-01	1.91467347e-08	2.07713683e-06
8.79882812e-01	2.01885565e-08	2.19016532e-06
8.80371094e-01	2.12870697e-08	2.30934466e-06
8.80859375e-01	2.24453593e-08	2.43500958e-06
8.81347656e-01	2.36666783e-08	2.56751305e-06
8.81835938e-01	2.49544566e-08	2.70722722e-06
8.82324219e-01	2.63123111e-08	2.85454452e-06
8.82812500e-01	2.77440550e-08	3.00987873e-06
8.83300781e-01	2.92537095e-08	3.17366615e-06
8.83789062e-01	3.08455145e-08	3.34636682e-06
8.84277344e-01	3.25239404e-08	3.52846581e-06
8.84765625e-01	3.42937013e-08	3.72047463e-06
8.85253906e-01	3.61597675e-08	3.92293258e-06
8.85742188e-01	3.81273800e-08	4.13640834e-06
8.86230469e-01	4.02020650e-08	4.36150153e-06
8.86718750e-01	4.23896495e-08	4.59884441e-06
8.87207031e-01	4.46962774e-08	4.84910366e-06
8.87695312e-01	4.71284273e-08	5.11298222e-06
8.88183594e-01	4.96929301e-08	5.39122132e-06
8.88671875e-01	5.23969887e-08	5.68460251e-06
8.89160156e-01	5.52481978e-08	5.99394988e-06
8.89648438e-01	5.82545655e-08	6.32013238e-06
8.90136719e-01	6.14245359e-08	6.66406625e-06
8.90625000e-01	6.47670124e-08	7.02671760e-06
8.91113281e-01	6.82913832e-08	7.40910513e-06
8.91601562e-01	7.20075473e-08	7.81230296e-06
8.92089844e-01	7.59259424e-08	8.23744370e-06
8.92578125e-01	8.00575746e-08	8.68572160e-06
8.93066406e-01	8.44140486e-08	9.15839590e-06
8.93554688e-01	8.90076009e-08	9.65679437e-06
8.94042969e-01	9.38511340e-08	1.01823171e-05
8.94531250e-01	9.89582525e-08	1.07364403e-05
8.95019531e-01	1.04343302e-07	1.13207206e-05
8.95507812e-01	1.10021407e-07	1.19367993e-05
8.95996094e-01	1.16008518e-07	1.25864071e-05
8.96484375e-01	1.22321451e-07	1.32713689e-05
8.96972656e-01	1.28977940e-07	1.39936088e-05
8.97460938e-01	1.35996681e-07	1.47551557e-05
8.97949219e-01	1.43397391e-07	1.55581491e-05
8.98437500e-01	1.51200856e-07	1.64048446e-05
8.98925781e-01	1.59428997e-07	1.72976210e-05
8.99414062e-01	1.68104926e-07	1.82389862e-05
8.99902344e-01	1.77253015e-07	1.92315847e-05
9.00390625e-01	1.86898960e-07	2.02782052e-05
9.00878906e-01	1.97069857e-07	2.13817878e-05
9.01367188e-01	2.07794276e-07	2.25454330e-05
9.01855469e-01	2.19102343e-07	2.37724096e-05
9.02343750e-01	2.31025823e-07	2.50661649e-05
9.02832031e-01	2.43598210e-07	2.64303333e-05
9.03320312e-01	2.56854822e-07	2.78687474e-05
9.03808594e-01	2.70832897e-07	2.93854483e-05
9.04296875e-01	2.85571702e-07	3.09846969e-05
9.04785156e-01	3.01112640e-07	3.26709862e-05
9.05273438e-01	3.17499368e-07	3.44490539e-05
9.05761719e-01	3.34777920e-07	3.63238952e-05
9.06250000e-01	3.52996835e-07	3.83007774e-05
9.06738281e-01	3.72207292e-07	4.03852547e-05
9.07226562e-01	3.92463258e-07	4.25831833e-05
9.07714844e-01	4.13821637e-07	4.49007383e-05
9.08203125e-01	4.36342431e-07	4.73444310e-05
9.08691406e-01	4.60088905e-07	4.99211269e-05
9.09179688e-01	4.85127770e-07	5.26380656e-05
9.09667969e-01	5.11529368e-07	5.55028803e-05
9.10156250e-01	5.39367869e-07	5.85236200e-05
9.10644531e-01	5.68721481e-07	6.17087719e-05
9.11132812e-01	5.99672666e-07	6.50672849e-05
9.11621094e-01	6.32308379e-07	6.86085951e-05
9.12109375e-01	6.66720305e-07	7.23426525e-05
9.12597656e-01	7.03005120e-07	7.62799484e-05
9.13085938e-01	7.41264762e-07	8.04315453e-05
9.13574219e-01	7.81606718e-07	8.48091078e-05
9.14062500e-01	8.24144326e-07	8.94249357e-05
9.14550781e-01	8.68997093e-07	9.42919980e-05
9.15039062e-01	9.16291031e-07	9.94239698e-05
9.15527344e-01	9.66159009e-07	1.04835271e-04
9.16015625e-01	1.01874113e-06	1.10541105e-04
9.16503906e-01	1.07418513e-06	1.16557505e-04
9.16992188e-01	1.13264677e-06	1.22901375e-04
9.17480469e-01	1.19429030e-06	1.29590541e-04
9.17968750e-01	1.25928892e-06	1.36643797e-04
9.18457031e-01	1.32782524e-06	1.44080962e-04
9.18945312e-01	1.40009181e-06	1.51922933e-04
9.19433594e-01	1.47629169e-06	1.60191745e-04
9.19921875e-01	1.55663895e-06	1.68910633e-04
9.20410156e-01	1.64135934e-06	1.78104094e-04
9.20898438e-01	1.73069090e-06	1.87797963e-04
9.21386719e-01	1.82488461e-06	1.98019478e-04
9.21875000e-01	1.92420513e-06	2.08797359e-04
9.22363281e-01	2.02893151e-06	2.20161894e-04
9.22851562e-01	2.13935800e-06	2.32145015e-04
9.23339844e-01	2.25579486e-06	2.44780394e-04
9.23828125e-01	2.37856926e-06	2.58103538e-04
9.24316406e-01	2.50802615e-06	2.72151882e-04
9.24804688e-01	2.64452927e-06	2.86964905e-04
9.25292969e-01	2.78846217e-06	3.02584229e-04
9.25781250e-01	2.94022925e-06	3.19053747e-04
9.26269531e-01	3.10025696e-06	3.36419739e-04
9.26757812e-01	3.26899493e-06	3.54731003e-04
9.27246094e-01	3.44691729e-06	3.74038996e-04
9.27734375e-01	3.63452398e-06	3.94397975e-04
9.28222656e-01	3.83234212e-06	4.15865151e-04
9.28710938e-01	4.04092757e-06	4.38500849e-04
9.29199219e-01	4.26086642e-06	4.62368678e-04
9.29687500e-01	4.49277667e-06	4.87535711e-04
9.30175781e-01	4.73730997e-06	5.14072671e-04
9.30664062e-01	4.99515343e-06	5.42054131e-04
9.31152344e-01	5.26703156e-06	5.71558724e-04
9.31640625e-01	5.55370834e-06	6.02669364e-04
9.32128906e-01	5.85598931e-06	6.35473478e-04
9.32617188e-01	6.17472386e-06	6.70063254e-04
9.33105469e-01	6.51080764e-06	7.06535897e-04
9.33593750e-01	6.86518503e-06	7.44993905e-04
9.34082031e-01	7.23885185e-06	7.85545354e-04
9.34570312e-01	7.63285809e-06	8.28304205e-04
9.35058594e-01	8.04831093e-06	8.73390625e-04
9.35546875e-01	8.48637781e-06	9.20931318e-04
9.36035156e-01	8.94828972e-06	9.71059891e-04
9.36523438e-01	9.43534468e-06	1.02391722e-03
9.37011719e-01	9.94891135e-06	1.07965185e-03
9.37500000e-01	1.04904329e-05	1.13842043e-03
9.37988281e-01	1.10614311e-05	1.20038810e-03
9.38476562e-01	1.16635105e-05	1.26572903e-03
9.38964844e-01	1.22983630e-05	1.33462685e-03
9.39453125e-01	1.29677726e-05	1.40727518e-03
9.39941406e-01	1.36736206e-05	1.48387821e-03
9.40429688e-01	1.44178905e-05	1.56465122e-03
9.40917969e-01	1.52026738e-05	1.64982122e-03
9.41406250e-01	1.60301760e-05	1.73962758e-03
9.41894531e-01	1.69027224e-05	1.83432270e-03
9.42382812e-01	1.78227653e-05	1.93417271e-03
9.42871094e-01	1.87928900e-05	2.03945825e-03
9.43359375e-01	1.98158230e-05	2.15047523e-03
9.43847656e-01	2.08944389e-05	2.26753566e-03
9.44335938e-01	2.20317691e-05	2.39096854e-03
9.44824219e-01	2.32310096e-05	2.52112080e-03
9.45312500e-01	2.44955309e-05	2.65835823e-03
9.45800781e-01	2.58288865e-05	2.80306655e-03
9.46289062e-01	2.72348238e-05	2.95565248e-03
9.46777344e-01	2.87172938e-05	3.11654489e-03
9.47265625e-01	3.02804630e-05	3.28619598e-03
9.47753906e-01	3.19287244e-05	3.46508257e-03
9.48242188e-01	3.36667102e-05	3.65370746e-03
9.48730469e-01	3.54993050e-05	3.85260082e-03
9.49218750e-01	3.74316591e-05	4.06232166e-03
9.49707031e-01	3.94692033e-05	4.28345944e-03
9.50195312e-01	4.16176641e-05	4.51663573e-03
9.50683594e-01	4.38830795e-05	4.76250592e-03
9.51171875e-01	4.62718166e-05	5.02176107e-03
9.51660156e-01	4.87905888e-05	5.29512990e-03
9.52148438e-01	5.14464752e-05	5.58338077e-03
9.52636719e-01	5.42469402e-05	5.88732391e-03
9.53125000e-01	5.71998546e-05	6.20781361e-03
9.53613281e-01	6.03135178e-05	6.54575073e-03
9.54101562e-01	6.35966808e-05	6.90208513e-03
9.54589844e-01	6.70585714e-05	7.27781842e-03
9.55078125e-01	7.07089193e-05	7.67400671e-03
9.55566406e-01	7.45579843e-05	8.09176363e-03
9.56054688e-01	7.86165847e-05	8.53226346e-03
9.56542969e-01	8.28961276e-05	8.99674436e-03
9.57031250e-01	8.74086414e-05	9.48651196e-03
9.57519531e-01	9.21668091e-05	1.00029429e-02
9.58007812e-01	9.71840043e-05	1.05474890e-02
9.58496094e-01	1.02474329e-04	1.11216807e-02
9.58984375e-01	1.08052652e-04	1.17271321e-02
9.59472656e-01	1.13934654e-04	1.23655452e-02
9.59960938e-01	1.20136866e-04	1.30387145e-02
9.60449219e-01	1.26676721e-04	1.37485322e-02
9.60937500e-01	1.33572601e-04	1.44969937e-02
9.61425781e-01	1.40843889e-04	1.52862029e-02
9.61914062e-01	1.48511023e-04	1.61183782e-02
9.62402344e-01	1.56595554e-04	1.69958590e-02
9.62890625e-01	1.65120205e-04	1.79211119e-02
9.63378906e-01	1.74108938e-04	1.88967378e-02
9.63867188e-01	1.83587018e-04	1.99254793e-02
9.64355469e-01	1.93581088e-04	2.10102283e-02
9.64843750e-01	2.04119238e-04	2.21540341e-02
9.65332031e-01	2.15231090e-04	2.33601121e-02
9.65820312e-01	2.26947878e-04	2.46318527e-02
9.66308594e-01	2.39302537e-04	2.59728309e-02
9.66796875e-01	2.52329795e-04	2.73868165e-02
9.67285156e-01	2.66066270e-04	2.88777845e-02
9.67773438e-01	2.80550574e-04	3.04499261e-02
9.68261719e-01	2.95823422e-04	3.21076609e-02
9.68750000e-01	3.11927746e-04	3.38556493e-02
9.69238281e-01	3.28908814e-04	3.56988052e-02
9.69726562e-01	3.46814360e-04	3.76423101e-02
9.70214844e-01	3.65694716e-04	3.96916277e-02
9.70703125e-01	3.85602955e-04	4.18525192e-02
9.71191406e-01	4.06595039e-04	4.41310594e-02
9.71679688e-01	4.28729979e-04	4.65336539e-02
9.72167969e-01	4.52069996e-04	4.90670572e-02
9.72656250e-01	4.76680702e-04	5.17383915e-02
9.73144531e-01	5.02631277e-04	5.45551667e-02
9.73632812e-01	5.29994673e-04	5.75253018e-02
9.74121094e-01	5.58847810e-04	6.06571469e-02
9.74609375e-01	5.89271798e-04	6.39595068e-02
9.75097656e-01	6.21352162e-04	6.74416656e-02
9.75585938e-01	6.55179086e-04	7.11134132e-02
9.76074219e-01	6.90847661e-04	7.49850722e-02
9.76562500e-01	7.28458159e-04	7.90675277e-02
9.77050781e-01	7.68116310e-04	8.33722572e-02
9.77539062e-01	8.09933600e-04	8.79113633e-02
9.78027344e-01	8.54027587e-04	9.26976076e-02
9.78515625e-01	9.00522229e-04	9.77444467e-02
9.79003906e-01	9.49548234e-04	1.03066070e-01
9.79492188e-01	1.00124343e-03	1.08677439e-01
9.79980469e-01	1.05575314e-03	1.14594330e-01
9.80468750e-01	1.11323060e-03	1.20833380e-01
9.80957031e-01	1.17383742e-03	1.27412129e-01
9.81445312e-01	1.23774396e-03	1.34349075e-01
9.81933594e-01	1.30512990e-03	1.41663722e-01
9.82421875e-01	1.37618467e-03	1.49376637e-01
9.82910156e-01	1.45110805e-03	1.57509504e-01
9.83398438e-01	1.53011066e-03	1.66085192e-01
9.83886719e-01	1.61341462e-03	1.75127813e-01
9.84375000e-01	1.70125412e-03	1.84662793e-01
9.84863281e-01	1.79387612e-03	1.94716941e-01
9.85351562e-01	1.89154103e-03	2.05318529e-01
9.85839844e-01	1.99452343e-03	2.16497365e-01
9.86328125e-01	2.10311285e-03	2.28284885e-01
9.86816406e-01	2.21761458e-03	2.40714233e-01
9.87304688e-01	2.33835057e-03	2.53820361e-01
9.87792969e-01	2.46566026e-03	2.67640122e-01
9.88281250e-01	2.59990159e-03	2.82212378e-01
9.88769531e-01	2.74145200e-03	2.97578109e-01
9.89257812e-01	2.89070948e-03	3.13780525e-01
9.89746094e-01	3.04809369e-03	3.30865191e-01
9.90234375e-01	3.21404714e-03	3.48880154e-01
9.90722656e-01	3.38903646e-03	3.67876078e-01
9.91210938e-01	3.57355366e-03	3.87906388e-01
9.91699219e-01	3.76811758e-03	4.09027420e-01
9.92187500e-01	3.97327529e-03	4.31298580e-01
9.92675781e-01	4.18960368e-03	4.54782509e-01
9.93164062e-01	4.41771105e-03	4.79545264e-01
9.93652344e-01	4.65823883e-03	5.05656503e-01
9.94140625e-01	4.91186338e-03	5.33189677e-01
9.94628906e-01	5.17929793e-03	5.62222245e-01
9.95117188e-01	5.46129455e-03	5.92835888e-01
9.95605469e-01	5.75864626e-03	6.25116740e-01
9.96093750e-01	6.07218932e-03	6.59155633e-01
9.96582031e-01	6.40280553e-03	6.95048354e-01
9.97070312e-01	6.75142474e-03	7.32895914e-01
9.97558594e-01	7.11902746e-03	7.72804837e-01
9.98046875e-01	7.50664765e-03	8.14887462e-01
9.98535156e-01	7.91537561e-03	8.59262260e-01
9.99023438e-01	8.34636107e-03	9.06054170e-01
9.99511719e-01	8.80081642e-03	9.55394958e-01
1.00000000e+00	9.28002017e-03	1.00742359e+00
