0.00000000e+00	0.00000000e+00	1.76426084e+00
4.88281250e-06	8.61455551e-06	1.76426110e+00
9.76562500e-06	1.72291131e-05	1.76426167e+00
1.46484375e-05	2.58436743e-05	1.76426263e+00
1.95312500e-05	3.44582412e-05	1.76426397e+00
2.44140625e-05	4.30728156e-05	1.76426569e+00
2.92968750e-05	5.16873993e-05	1.76426778e+00
3.41796875e-05	6.03019941e-05	1.76427026e+00
3.90625000e-05	6.89166020e-05	1.76427312e+00
4.39453125e-05	7.75312247e-05	1.76427636e+00
4.88281250e-05	8.61458642e-05	1.76427998e+00
5.37109375e-05	9.47605223e-05	1.76428398e+00
5.85937500e-05	1.03375201e-04	1.76428836e+00
6.34765625e-05	1.11989902e-04	1.76429312e+00
6.83593750e-05	1.20604627e-04	1.76429827e+00
7.32421875e-05	1.29219378e-04	1.76430379e+00
7.81250000e-05	1.37834157e-04	1.76430970e+00
8.30078125e-05	1.46448966e-04	1.76431598e+00
8.78906250e-05	1.55063806e-04	1.76432265e+00
9.27734375e-05	1.63678680e-04	1.76432970e+00
9.76562500e-05	1.72293589e-04	1.76433713e+00
1.02539062e-04	1.80908536e-04	1.76434493e+00
1.07421875e-04	1.89523521e-04	1.76435313e+00
1.12304688e-04	1.98138548e-04	1.76436170e+00
1.17187500e-04	2.06753617e-04	1.76437065e+00
1.22070312e-04	2.15368731e-04	1.76437998e+00
1.26953125e-04	2.23983891e-04	1.76438969e+00
1.31835938e-04	2.32599100e-04	1.76439979e+00
1.36718750e-04	2.41214359e-04	1.76441026e+00
1.41601562e-04	2.49829670e-04	1.76442112e+00
1.46484375e-04	2.58445035e-04	1.76443236e+00
1.51367187e-04	2.67060455e-04	1.76444398e+00
1.56250000e-04	2.75675934e-04	1.76445598e+00
1.61132813e-04	2.84291472e-04	1.76446836e+00
1.66015625e-04	2.92907071e-04	1.76448112e+00
1.70898438e-04	3.01522734e-04	1.76449426e+00
1.75781250e-04	3.10138461e-04	1.76450778e+00
1.80664062e-04	3.18754256e-04	1.76452169e+00
1.85546875e-04	3.27370119e-04	1.76453597e+00
1.90429688e-04	3.35986053e-04	1.76455064e+00
1.95312500e-04	3.44602060e-04	1.76456568e+00
2.00195313e-04	3.53218141e-04	1.76458111e+00
2.05078125e-04	3.61834298e-04	1.76459692e+00
2.09960937e-04	3.70450534e-04	1.76461311e+00
2.14843750e-04	3.79066849e-04	1.76462968e+00
2.19726563e-04	3.87683246e-04	1.76464663e+00
2.24609375e-04	3.96299727e-04	1.76466396e+00
2.29492188e-04	4.04916294e-04	1.76468168e+00
2.34375000e-04	4.13532948e-04	1.76469977e+00
2.39257812e-04	4.22149691e-04	1.76471825e+00
2.44140625e-04	4.30766525e-04	1.76473710e+00
2.49023438e-04	4.39383453e-04	1.76475634e+00
2.53906250e-04	4.48000475e-04	1.76477596e+00
2.58789063e-04	4.56617594e-04	1.76479596e+00
2.63671875e-04	4.65234811e-04	1.76481634e+00
2.68554688e-04	4.73852129e-04	1.76483710e+00
2.73437500e-04	4.82469550e-04	1.76485824e+00
2.78320313e-04	4.91087074e-04	1.76487977e+00
2.83203125e-04	4.99704705e-04	1.76490167e+00
2.88085937e-04	5.08322443e-04	1.76492396e+00
2.92968750e-04	5.16940291e-04	1.76494663e+00
2.97851562e-04	5.25558251e-04	1.76496967e+00
3.02734375e-04	5.34176324e-04	1.76499310e+00
3.07617188e-04	5.42794512e-04	1.76501691e+00
3.12500000e-04	5.51412818e-04	1.76504110e+00
3.17382813e-04	5.60031243e-04	1.76506568e+00
3.22265625e-04	5.68649789e-04	1.76509063e+00
3.27148438e-04	5.77268457e-04	1.76511596e+00
3.32031250e-04	5.85887250e-04	1.76514168e+00
3.36914063e-04	5.94506170e-04	1.76516778e+00
3.41796875e-04	6.03125218e-04	1.76519425e+00
3.46679687e-04	6.11744396e-04	1.76522111e+00
3.51562500e-04	6.20363706e-04	1.76524835e+00
3.56445312e-04	6.28983150e-04	1.76527597e+00
3.61328125e-04	6.37602730e-04	1.76530398e+00
3.66210938e-04	6.46222448e-04	1.76533236e+00
3.71093750e-04	6.54842305e-04	1.76536112e+00
3.75976563e-04	6.63462303e-04	1.76539027e+00
3.80859375e-04	6.72082445e-04	1.76541980e+00
3.85742188e-04	6.80702732e-04	1.76544970e+00
3.90625000e-04	6.89323166e-04	1.76547999e+00
3.95507813e-04	6.97943748e-04	1.76551066e+00
4.00390625e-04	7.06564482e-04	1.76554172e+00
4.05273438e-04	7.15185368e-04	1.76557315e+00
4.10156250e-04	7.23806408e-04	1.76560496e+00
4.15039062e-04	7.32427605e-04	1.76563716e+00
4.19921875e-04	7.41048959e-04	1.76566973e+00
4.24804687e-04	7.49670474e-04	1.76570269e+00
4.29687500e-04	7.58292151e-04	1.76573603e+00
4.34570313e-04	7.66913991e-04	1.76576975e+00
4.39453125e-04	7.75535997e-04	1.76580385e+00
4.44335938e-04	7.84158170e-04	1.76583834e+00
4.49218750e-04	7.92780513e-04	1.76587320e+00
4.54101563e-04	8.01403026e-04	1.76590845e+00
4.58984375e-04	8.10025713e-04	1.76594407e+00
4.63867188e-04	8.18648575e-04	1.76598008e+00
4.68750000e-04	8.27271613e-04	1.76601647e+00
4.73632812e-04	8.35894830e-04	1.76605324e+00
4.78515625e-04	8.44518228e-04	1.76609039e+00
4.83398437e-04	8.53141808e-04	1.76612793e+00
4.88281250e-04	8.61765572e-04	1.76616584e+00
4.93164063e-04	8.70389522e-04	1.76620414e+00
4.98046875e-04	8.79013660e-04	1.76624281e+00
5.02929688e-04	8.87637988e-04	1.76628187e+00
5.07812500e-04	8.96262508e-04	1.76632131e+00
5.12695313e-04	9.04887221e-04	1.76636114e+00
5.17578125e-04	9.13512129e-04	1.76640134e+00
5.22460938e-04	9.22137235e-04	1.76644192e+00
5.27343750e-04	9.30762539e-04	1.76648289e+00
5.32226563e-04	9.39388045e-04	1.76652424e+00
5.37109375e-04	9.48013753e-04	1.76656597e+00
5.41992188e-04	9.56639667e-04	1.76660808e+00
5.46875000e-04	9.65265786e-04	1.76665057e+00
5.51757813e-04	9.73892115e-04	1.76669344e+00
5.56640625e-04	9.82518653e-04	1.76673670e+00
5.61523438e-04	9.91145404e-04	1.76678033e+00
5.66406250e-04	9.99772368e-04	1.76682435e+00
5.71289062e-04	1.00839955e-03	1.76686875e+00
5.76171875e-04	1.01702695e-03	1.76691353e+00
5.81054687e-04	1.02565456e-03	1.76695869e+00
5.85937500e-04	1.03428240e-03	1.76700424e+00
5.90820312e-04	1.04291047e-03	1.76705016e+00
5.95703125e-04	1.05153875e-03	1.76709647e+00
6.00585937e-04	1.06016727e-03	1.76714316e+00
6.05468750e-04	1.06879601e-03	1.76719023e+00
6.10351562e-04	1.07742499e-03	1.76723768e+00
6.15234375e-04	1.08605419e-03	1.76728551e+00
6.20117188e-04	1.09468363e-03	1.76733373e+00
6.25000000e-04	1.10331331e-03	1.76738233e+00
6.29882813e-04	1.11194323e-03	1.76743130e+00
6.34765625e-04	1.12057339e-03	1.76748067e+00
6.39648438e-04	1.12920378e-03	1.76753041e+00
6.44531250e-04	1.13783443e-03	1.76758053e+00
6.49414063e-04	1.14646531e-03	1.76763104e+00
6.54296875e-04	1.15509645e-03	1.76768192e+00
6.59179688e-04	1.16372783e-03	1.76773319e+00
6.64062500e-04	1.17235947e-03	1.76778484e+00
6.68945313e-04	1.18099136e-03	1.76783688e+00
6.73828125e-04	1.18962350e-03	1.76788929e+00
6.78710938e-04	1.19825590e-03	1.76794209e+00
6.83593750e-04	1.20688856e-03	1.76799526e+00
6.88476562e-04	1.21552148e-03	1.76804882e+00
6.93359375e-04	1.22415466e-03	1.76810276e+00
6.98242187e-04	1.23278811e-03	1.76815709e+00
7.03125000e-04	1.24142182e-03	1.76821179e+00
7.08007812e-04	1.25005581e-03	1.76826688e+00
7.12890625e-04	1.25869006e-03	1.76832235e+00
7.17773437e-04	1.26732458e-03	1.76837820e+00
7.22656250e-04	1.27595938e-03	1.76843443e+00
7.27539062e-04	1.28459445e-03	1.76849105e+00
7.32421875e-04	1.29322980e-03	1.76854804e+00
7.37304688e-04	1.30186543e-03	1.76860542e+00
7.42187500e-04	1.31050134e-03	1.76866318e+00
7.47070313e-04	1.31913753e-03	1.76872132e+00
7.51953125e-04	1.32777401e-03	1.76877985e+00
7.56835938e-04	1.33641077e-03	1.76883876e+00
7.61718750e-04	1.34504782e-03	1.76889804e+00
7.66601563e-04	1.35368517e-03	1.76895772e+00
7.71484375e-04	1.36232280e-03	1.76901777e+00
7.76367188e-04	1.37096073e-03	1.76907820e+00
7.81250000e-04	1.37959896e-03	1.76913902e+00
7.86132813e-04	1.38823748e-03	1.76920022e+00
7.91015625e-04	1.39687630e-03	1.76926180e+00
7.95898438e-04	1.40551543e-03	1.76932376e+00
8.00781250e-04	1.41415486e-03	1.76938611e+00
8.05664063e-04	1.42279459e-03	1.76944884e+00
8.10546875e-04	1.43143463e-03	1.76951195e+00
8.15429687e-04	1.44007498e-03	1.76957544e+00
8.20312500e-04	1.44871564e-03	1.76963931e+00
8.25195312e-04	1.45735662e-03	1.76970357e+00
8.30078125e-04	1.46599790e-03	1.76976821e+00
8.34960937e-04	1.47463951e-03	1.76983323e+00
8.39843750e-04	1.48328143e-03	1.76989863e+00
8.44726562e-04	1.49192368e-03	1.76996442e+00
8.49609375e-04	1.50056624e-03	1.77003058e+00
8.54492188e-04	1.50920913e-03	1.77009713e+00
8.59375000e-04	1.51785235e-03	1.77016407e+00
8.64257813e-04	1.52649589e-03	1.77023138e+00
8.69140625e-04	1.53513977e-03	1.77029908e+00
8.74023438e-04	1.54378397e-03	1.77036716e+00
8.78906250e-04	1.55242851e-03	1.77043562e+00
8.83789063e-04	1.56107338e-03	1.77050446e+00
8.88671875e-04	1.56971859e-03	1.77057369e+00
8.93554688e-04	1.57836414e-03	1.77064330e+00
8.98437500e-04	1.58701003e-03	1.77071329e+00
9.03320313e-04	1.59565626e-03	1.77078367e+00
9.08203125e-04	1.60430284e-03	1.77085442e+00
9.13085938e-04	1.61294976e-03	1.77092556e+00
9.17968750e-04	1.62159704e-03	1.77099708e+00
9.22851563e-04	1.63024466e-03	1.77106899e+00
9.27734375e-04	1.63889263e-03	1.77114127e+00
9.32617188e-04	1.64754096e-03	1.77121394e+00
9.37500000e-04	1.65618965e-03	1.77128700e+00
9.42382812e-04	1.66483869e-03	1.77136043e+00
9.47265625e-04	1.67348809e-03	1.77143425e+00
9.52148437e-04	1.68213785e-03	1.77150845e+00
9.57031250e-04	1.69078798e-03	1.77158303e+00
9.61914062e-04	1.69943847e-03	1.77165800e+00
9.66796875e-04	1.70808932e-03	1.77173335e+00
9.71679687e-04	1.71674055e-03	1.77180908e+00
9.76562500e-04	1.72539215e-03	1.77188519e+00
9.81445313e-04	1.73404412e-03	1.77196169e+00
9.86328125e-04	1.74269646e-03	1.77203857e+00
9.91210938e-04	1.75134918e-03	1.77211583e+00
9.96093750e-04	1.76000228e-03	1.77219347e+00
1.00097656e-03	1.76865576e-03	1.77227150e+00
1.00585938e-03	1.77730962e-03	1.77234991e+00
1.01074219e-03	1.78596387e-03	1.77242871e+00
1.01562500e-03	1.79461850e-03	1.77250788e+00
1.02050781e-03	1.80327352e-03	1.77258744e+00
1.02539063e-03	1.81192892e-03	1.77266739e+00
1.03027344e-03	1.82058472e-03	1.77274771e+00
1.03515625e-03	1.82924091e-03	1.77282842e+00
1.04003906e-03	1.83789750e-03	1.77290951e+00
1.04492188e-03	1.84655448e-03	1.77299099e+00
1.04980469e-03	1.85521187e-03	1.77307284e+00
1.05468750e-03	1.86386965e-03	1.77315508e+00
1.05957031e-03	1.87252783e-03	1.77323771e+00
1.06445313e-03	1.88118642e-03	1.77332072e+00
1.06933594e-03	1.88984542e-03	1.77340411e+00
1.07421875e-03	1.89850482e-03	1.77348788e+00
1.07910156e-03	1.90716464e-03	1.77357204e+00
1.08398438e-03	1.91582487e-03	1.77365658e+00
1.08886719e-03	1.92448550e-03	1.77374150e+00
1.09375000e-03	1.93314656e-03	1.77382680e+00
1.09863281e-03	1.94180803e-03	1.77391249e+00
1.10351563e-03	1.95046993e-03	1.77399857e+00
1.10839844e-03	1.95913224e-03	1.77408502e+00
1.11328125e-03	1.96779498e-03	1.77417186e+00
1.11816406e-03	1.97645814e-03	1.77425908e+00
1.12304688e-03	1.98512173e-03	1.77434669e+00
1.12792969e-03	1.99378574e-03	1.77443468e+00
1.13281250e-03	2.00245019e-03	1.77452305e+00
1.13769531e-03	2.01111507e-03	1.77461181e+00
1.14257812e-03	2.01978038e-03	1.77470095e+00
1.14746094e-03	2.02844613e-03	1.77479047e+00
1.15234375e-03	2.03711232e-03	1.77488038e+00
1.15722656e-03	2.04577895e-03	1.77497067e+00
1.16210937e-03	2.05444602e-03	1.77506134e+00
1.16699219e-03	2.06311354e-03	1.77515240e+00
1.17187500e-03	2.07178150e-03	1.77524384e+00
1.17675781e-03	2.08044990e-03	1.77533567e+00
1.18164062e-03	2.08911876e-03	1.77542788e+00
1.18652344e-03	2.09778807e-03	1.77552047e+00
1.19140625e-03	2.10645783e-03	1.77561344e+00
1.19628906e-03	2.11512804e-03	1.77570680e+00
1.20117187e-03	2.12379871e-03	1.77580055e+00
1.20605469e-03	2.13246985e-03	1.77589467e+00
1.21093750e-03	2.14114144e-03	1.77598918e+00
1.21582031e-03	2.14981349e-03	1.77608408e+00
1.22070312e-03	2.15848601e-03	1.77617936e+00
1.22558594e-03	2.16715899e-03	1.77627502e+00
1.23046875e-03	2.17583245e-03	1.77637106e+00
1.23535156e-03	2.18450637e-03	1.77646749e+00
1.24023438e-03	2.19318076e-03	1.77656431e+00
1.24511719e-03	2.20185563e-03	1.77666151e+00
1.25000000e-03	2.21053097e-03	1.77675909e+00
1.25488281e-03	2.21920679e-03	1.77685705e+00
1.25976563e-03	2.22788309e-03	1.77695540e+00
1.26464844e-03	2.23655987e-03	1.77705414e+00
1.26953125e-03	2.24523714e-03	1.77715326e+00
1.27441406e-03	2.25391489e-03	1.77725276e+00
1.27929688e-03	2.26259312e-03	1.77735264e+00
1.28417969e-03	2.27127185e-03	1.77745291e+00
1.28906250e-03	2.27995106e-03	1.77755357e+00
1.29394531e-03	2.28863077e-03	1.77765461e+00
1.29882813e-03	2.29731097e-03	1.77775603e+00
1.30371094e-03	2.30599167e-03	1.77785784e+00
1.30859375e-03	2.31467287e-03	1.77796003e+00
1.31347656e-03	2.32335456e-03	1.77806261e+00
1.31835938e-03	2.33203676e-03	1.77816557e+00
1.32324219e-03	2.34071946e-03	1.77826891e+00
1.32812500e-03	2.34940267e-03	1.77837264e+00
1.33300781e-03	2.35808638e-03	1.77847675e+00
1.33789063e-03	2.36677061e-03	1.77858125e+00
1.34277344e-03	2.37545534e-03	1.77868613e+00
1.34765625e-03	2.38414059e-03	1.77879140e+00
1.35253906e-03	2.39282635e-03	1.77889705e+00
1.35742188e-03	2.40151263e-03	1.77900308e+00
1.36230469e-03	2.41019943e-03	1.77910950e+00
1.36718750e-03	2.41888675e-03	1.77921631e+00
1.37207031e-03	2.42757459e-03	1.77932350e+00
1.37695312e-03	2.43626296e-03	1.77943107e+00
1.38183594e-03	2.44495185e-03	1.77953903e+00
1.38671875e-03	2.45364127e-03	1.77964737e+00
1.39160156e-03	2.46233122e-03	1.77975610e+00
1.39648437e-03	2.47102170e-03	1.77986521e+00
1.40136719e-03	2.47971271e-03	1.77997471e+00
1.40625000e-03	2.48840427e-03	1.78008459e+00
1.41113281e-03	2.49709635e-03	1.78019486e+00
1.41601562e-03	2.50578898e-03	1.78030551e+00
1.42089844e-03	2.51448215e-03	1.78041655e+00
1.42578125e-03	2.52317586e-03	1.78052797e+00
1.43066406e-03	2.53187012e-03	1.78063978e+00
1.43554687e-03	2.54056492e-03	1.78075197e+00
1.44042969e-03	2.54926028e-03	1.78086455e+00
1.44531250e-03	2.55795618e-03	1.78097751e+00
1.45019531e-03	2.56665264e-03	1.78109086e+00
1.45507812e-03	2.57534965e-03	1.78120459e+00
1.45996094e-03	2.58404721e-03	1.78131870e+00
1.46484375e-03	2.59274534e-03	1.78143321e+00
1.46972656e-03	2.60144402e-03	1.78154809e+00
1.47460938e-03	2.61014327e-03	1.78166337e+00
1.47949219e-03	2.61884308e-03	1.78177902e+00
1.48437500e-03	2.62754346e-03	1.78189507e+00
1.48925781e-03	2.63624440e-03	1.78201149e+00
1.49414063e-03	2.64494591e-03	1.78212831e+00
1.49902344e-03	2.65364800e-03	1.78224551e+00
1.50390625e-03	2.66235066e-03	1.78236309e+00
1.50878906e-03	2.67105389e-03	1.78248106e+00
1.51367188e-03	2.67975770e-03	1.78259941e+00
1.51855469e-03	2.68846209e-03	1.78271816e+00
1.52343750e-03	2.69716706e-03	1.78283728e+00
1.52832031e-03	2.70587261e-03	1.78295679e+00
1.53320313e-03	2.71457874e-03	1.78307669e+00
1.53808594e-03	2.72328547e-03	1.78319697e+00
1.54296875e-03	2.73199278e-03	1.78331764e+00
1.54785156e-03	2.74070068e-03	1.78343869e+00
1.55273438e-03	2.74940917e-03	1.78356013e+00
1.55761719e-03	2.75811826e-03	1.78368196e+00
1.56250000e-03	2.76682794e-03	1.78380417e+00
1.56738281e-03	2.77553822e-03	1.78392676e+00
1.57226563e-03	2.78424910e-03	1.78404975e+00
1.57714844e-03	2.79296059e-03	1.78417312e+00
1.58203125e-03	2.80167267e-03	1.78429687e+00
1.58691406e-03	2.81038536e-03	1.78442101e+00
1.59179688e-03	2.81909866e-03	1.78454553e+00
1.59667969e-03	2.82781256e-03	1.78467045e+00
1.60156250e-03	2.83652708e-03	1.78479574e+00
1.60644531e-03	2.84524221e-03	1.78492143e+00
1.61132813e-03	2.85395796e-03	1.78504750e+00
1.61621094e-03	2.86267432e-03	1.78517395e+00
1.62109375e-03	2.87139130e-03	1.78530079e+00
1.62597656e-03	2.88010890e-03	1.78542802e+00
1.63085937e-03	2.88882712e-03	1.78555564e+00
1.63574219e-03	2.89754596e-03	1.78568364e+00
1.64062500e-03	2.90626543e-03	1.78581202e+00
1.64550781e-03	2.91498553e-03	1.78594080e+00
1.65039062e-03	2.92370626e-03	1.78606995e+00
1.65527344e-03	2.93242762e-03	1.78619950e+00
1.66015625e-03	2.94114962e-03	1.78632943e+00
1.66503906e-03	2.94987225e-03	1.78645975e+00
1.66992187e-03	2.95859552e-03	1.78659045e+00
1.67480469e-03	2.96731942e-03	1.78672154e+00
1.67968750e-03	2.97604397e-03	1.78685302e+00
1.68457031e-03	2.98476916e-03	1.78698489e+00
1.68945312e-03	2.99349499e-03	1.78711714e+00
1.69433594e-03	3.00222148e-03	1.78724977e+00
1.69921875e-03	3.01094861e-03	1.78738280e+00
1.70410156e-03	3.01967639e-03	1.78751621e+00
1.70898438e-03	3.02840482e-03	1.78765000e+00
1.71386719e-03	3.03713391e-03	1.78778419e+00
1.71875000e-03	3.04586365e-03	1.78791876e+00
1.72363281e-03	3.05459405e-03	1.78805371e+00
1.72851563e-03	3.06332511e-03	1.78818906e+00
1.73339844e-03	3.07205684e-03	1.78832479e+00
1.73828125e-03	3.08078922e-03	1.78846091e+00
1.74316406e-03	3.08952228e-03	1.78859741e+00
1.74804688e-03	3.09825600e-03	1.78873430e+00
1.75292969e-03	3.10699039e-03	1.78887158e+00
1.75781250e-03	3.11572545e-03	1.78900924e+00
1.76269531e-03	3.12446118e-03	1.78914730e+00
1.76757813e-03	3.13319759e-03	1.78928574e+00
1.77246094e-03	3.14193468e-03	1.78942456e+00
1.77734375e-03	3.15067244e-03	1.78956378e+00
1.78222656e-03	3.15941089e-03	1.78970338e+00
1.78710938e-03	3.16815001e-03	1.78984337e+00
1.79199219e-03	3.17688983e-03	1.78998374e+00
1.79687500e-03	3.18563032e-03	1.79012450e+00
1.80175781e-03	3.19437151e-03	1.79026565e+00
1.80664063e-03	3.20311339e-03	1.79040719e+00
1.81152344e-03	3.21185596e-03	1.79054912e+00
1.81640625e-03	3.22059922e-03	1.79069143e+00
1.82128906e-03	3.22934318e-03	1.79083413e+00
1.82617188e-03	3.23808784e-03	1.79097721e+00
1.83105469e-03	3.24683319e-03	1.79112069e+00
1.83593750e-03	3.25557925e-03	1.79126455e+00
1.84082031e-03	3.26432601e-03	1.79140880e+00
1.84570313e-03	3.27307348e-03	1.79155344e+00
1.85058594e-03	3.28182165e-03	1.79169846e+00
1.85546875e-03	3.29057053e-03	1.79184388e+00
1.86035156e-03	3.29932013e-03	1.79198968e+00
1.86523438e-03	3.30807043e-03	1.79213586e+00
1.87011719e-03	3.31682145e-03	1.79228244e+00
1.87500000e-03	3.32557319e-03	1.79242941e+00
1.87988281e-03	3.33432565e-03	1.79257676e+00
1.88476562e-03	3.34307883e-03	1.79272450e+00
1.88964844e-03	3.35183273e-03	1.79287262e+00
1.89453125e-03	3.36058735e-03	1.79302114e+00
1.89941406e-03	3.36934270e-03	1.79317004e+00
1.90429687e-03	3.37809878e-03	1.79331934e+00
1.90917969e-03	3.38685558e-03	1.79346902e+00
1.91406250e-03	3.39561312e-03	1.79361908e+00
1.91894531e-03	3.40437140e-03	1.79376954e+00
1.92382812e-03	3.41313040e-03	1.79392038e+00
1.92871094e-03	3.42189015e-03	1.79407162e+00
1.93359375e-03	3.43065064e-03	1.79422324e+00
1.93847656e-03	3.43941186e-03	1.79437525e+00
1.94335937e-03	3.44817383e-03	1.79452765e+00
1.94824219e-03	3.45693655e-03	1.79468043e+00
1.95312500e-03	3.46570001e-03	1.79483361e+00
1.95800781e-03	3.47446422e-03	1.79498717e+00
1.96289063e-03	3.48322918e-03	1.79514112e+00
1.96777344e-03	3.49199490e-03	1.79529546e+00
1.97265625e-03	3.50076137e-03	1.79545019e+00
1.97753906e-03	3.50952859e-03	1.79560531e+00
1.98242188e-03	3.51829657e-03	1.79576081e+00
1.98730469e-03	3.52706532e-03	1.79591671e+00
1.99218750e-03	3.53583482e-03	1.79607299e+00
1.99707031e-03	3.54460509e-03	1.79622967e+00
2.00195312e-03	3.55337613e-03	1.79638673e+00
2.00683594e-03	3.56214793e-03	1.79654418e+00
2.01171875e-03	3.57092051e-03	1.79670202e+00
2.01660156e-03	3.57969385e-03	1.79686024e+00
2.02148437e-03	3.58846797e-03	1.79701886e+00
2.02636719e-03	3.59724287e-03	1.79717787e+00
2.03125000e-03	3.60601854e-03	1.79733726e+00
2.03613281e-03	3.61479499e-03	1.79749705e+00
2.04101562e-03	3.62357222e-03	1.79765722e+00
2.04589844e-03	3.63235024e-03	1.79781778e+00
2.05078125e-03	3.64112904e-03	1.79797873e+00
2.05566406e-03	3.64990862e-03	1.79814008e+00
2.06054687e-03	3.65868900e-03	1.79830181e+00
2.06542969e-03	3.66747017e-03	1.79846393e+00
2.07031250e-03	3.67625212e-03	1.79862643e+00
2.07519531e-03	3.68503488e-03	1.79878933e+00
2.08007812e-03	3.69381843e-03	1.79895262e+00
2.08496094e-03	3.70260278e-03	1.79911630e+00
2.08984375e-03	3.71138792e-03	1.79928037e+00
2.09472656e-03	3.72017387e-03	1.79944482e+00
2.09960937e-03	3.72896063e-03	1.79960967e+00
2.10449219e-03	3.73774819e-03	1.79977490e+00
2.10937500e-03	3.74653656e-03	1.79994053e+00
2.11425781e-03	3.75532573e-03	1.80010655e+00
2.11914062e-03	3.76411572e-03	1.80027295e+00
2.12402344e-03	3.77290652e-03	1.80043975e+00
2.12890625e-03	3.78169814e-03	1.80060693e+00
2.13378906e-03	3.79049058e-03	1.80077451e+00
2.13867187e-03	3.79928383e-03	1.80094247e+00
2.14355469e-03	3.80807791e-03	1.80111083e+00
2.14843750e-03	3.81687281e-03	1.80127957e+00
2.15332031e-03	3.82566853e-03	1.80144871e+00
2.15820312e-03	3.83446508e-03	1.80161823e+00
2.16308594e-03	3.84326246e-03	1.80178815e+00
2.16796875e-03	3.85206067e-03	1.80195845e+00
2.17285156e-03	3.86085971e-03	1.80212915e+00
2.17773437e-03	3.86965959e-03	1.80230023e+00
2.18261719e-03	3.87846030e-03	1.80247171e+00
2.18750000e-03	3.88726185e-03	1.80264358e+00
2.19238281e-03	3.89606424e-03	1.80281583e+00
2.19726562e-03	3.90486747e-03	1.80298848e+00
2.20214844e-03	3.91367155e-03	1.80316152e+00
2.20703125e-03	3.92247647e-03	1.80333495e+00
2.21191406e-03	3.93128225e-03	1.80350877e+00
2.21679688e-03	3.94008887e-03	1.80368298e+00
2.22167969e-03	3.94889634e-03	1.80385758e+00
2.22656250e-03	3.95770466e-03	1.80403257e+00
2.23144531e-03	3.96651384e-03	1.80420795e+00
2.23632813e-03	3.97532388e-03	1.80438373e+00
2.24121094e-03	3.98413478e-03	1.80455989e+00
2.24609375e-03	3.99294654e-03	1.80473645e+00
2.25097656e-03	4.00175916e-03	1.80491339e+00
2.25585938e-03	4.01057265e-03	1.80509073e+00
2.26074219e-03	4.01938700e-03	1.80526846e+00
2.26562500e-03	4.02820222e-03	1.80544657e+00
2.27050781e-03	4.03701832e-03	1.80562508e+00
2.27539063e-03	4.04583528e-03	1.80580399e+00
2.28027344e-03	4.05465312e-03	1.80598328e+00
2.28515625e-03	4.06347184e-03	1.80616296e+00
2.29003906e-03	4.07229143e-03	1.80634304e+00
2.29492188e-03	4.08111191e-03	1.80652350e+00
2.29980469e-03	4.08993326e-03	1.80670436e+00
2.30468750e-03	4.09875551e-03	1.80688561e+00
2.30957031e-03	4.10757863e-03	1.80706725e+00
2.31445313e-03	4.11640265e-03	1.80724928e+00
2.31933594e-03	4.12522755e-03	1.80743171e+00
2.32421875e-03	4.13405335e-03	1.80761452e+00
2.32910156e-03	4.14288004e-03	1.80779773e+00
2.33398438e-03	4.15170762e-03	1.80798133e+00
2.33886719e-03	4.16053611e-03	1.80816532e+00
2.34375000e-03	4.16936549e-03	1.80834970e+00
2.34863281e-03	4.17819577e-03	1.80853448e+00
2.35351563e-03	4.18702696e-03	1.80871964e+00
2.35839844e-03	4.19585905e-03	1.80890520e+00
2.36328125e-03	4.20469205e-03	1.80909115e+00
2.36816406e-03	4.21352596e-03	1.80927749e+00
2.37304688e-03	4.22236078e-03	1.80946423e+00
2.37792969e-03	4.23119651e-03	1.80965135e+00
2.38281250e-03	4.24003316e-03	1.80983887e+00
2.38769531e-03	4.24887072e-03	1.81002678e+00
2.39257813e-03	4.25770920e-03	1.81021508e+00
2.39746094e-03	4.26654860e-03	1.81040378e+00
2.40234375e-03	4.27538892e-03	1.81059287e+00
2.40722656e-03	4.28423017e-03	1.81078235e+00
2.41210938e-03	4.29307235e-03	1.81097222e+00
2.41699219e-03	4.30191545e-03	1.81116248e+00
2.42187500e-03	4.31075948e-03	1.81135314e+00
2.42675781e-03	4.31960445e-03	1.81154419e+00
2.43164063e-03	4.32845034e-03	1.81173563e+00
2.43652344e-03	4.33729718e-03	1.81192747e+00
2.44140625e-03	4.34614495e-03	1.81211970e+00
2.44628906e-03	4.35499366e-03	1.81231232e+00
2.45117188e-03	4.36384331e-03	1.81250533e+00
2.45605469e-03	4.37269391e-03	1.81269874e+00
2.46093750e-03	4.38154545e-03	1.81289254e+00
2.46582031e-03	4.39039794e-03	1.81308673e+00
2.47070313e-03	4.39925138e-03	1.81328132e+00
2.47558594e-03	4.40810576e-03	1.81347630e+00
2.48046875e-03	4.41696111e-03	1.81367167e+00
2.48535156e-03	4.42581740e-03	1.81386743e+00
2.49023438e-03	4.43467466e-03	1.81406359e+00
2.49511719e-03	4.44353287e-03	1.81426014e+00
2.50000000e-03	4.45239204e-03	1.81445709e+00
2.50488281e-03	4.46125218e-03	1.81465442e+00
2.50976562e-03	4.47011328e-03	1.81485216e+00
2.51464844e-03	4.47897534e-03	1.81505028e+00
2.51953125e-03	4.48783838e-03	1.81524880e+00
2.52441406e-03	4.49670238e-03	1.81544771e+00
2.52929687e-03	4.50556736e-03	1.81564702e+00
2.53417969e-03	4.51443331e-03	1.81584672e+00
2.53906250e-03	4.52330024e-03	1.81604681e+00
2.54394531e-03	4.53216814e-03	1.81624730e+00
2.54882812e-03	4.54103703e-03	1.81644818e+00
2.55371094e-03	4.54990690e-03	1.81664945e+00
2.55859375e-03	4.55877775e-03	1.81685112e+00
2.56347656e-03	4.56764959e-03	1.81705318e+00
2.56835937e-03	4.57652241e-03	1.81725564e+00
2.57324219e-03	4.58539622e-03	1.81745849e+00
2.57812500e-03	4.59427103e-03	1.81766173e+00
2.58300781e-03	4.60314683e-03	1.81786537e+00
2.58789062e-03	4.61202362e-03	1.81806941e+00
2.59277344e-03	4.62090141e-03	1.81827383e+00
2.59765625e-03	4.62978020e-03	1.81847866e+00
2.60253906e-03	4.63865999e-03	1.81868387e+00
2.60742187e-03	4.64754079e-03	1.81888948e+00
2.61230469e-03	4.65642259e-03	1.81909549e+00
2.61718750e-03	4.66530539e-03	1.81930189e+00
2.62207031e-03	4.67418921e-03	1.81950868e+00
2.62695312e-03	4.68307403e-03	1.81971587e+00
2.63183594e-03	4.69195987e-03	1.81992345e+00
2.63671875e-03	4.70084672e-03	1.82013143e+00
2.64160156e-03	4.70973459e-03	1.82033980e+00
2.64648437e-03	4.71862348e-03	1.82054857e+00
2.65136719e-03	4.72751339e-03	1.82075773e+00
2.65625000e-03	4.73640432e-03	1.82096729e+00
2.66113281e-03	4.74529627e-03	1.82117724e+00
2.66601562e-03	4.75418925e-03	1.82138759e+00
2.67089844e-03	4.76308326e-03	1.82159833e+00
2.67578125e-03	4.77197830e-03	1.82180947e+00
2.68066406e-03	4.78087437e-03	1.82202100e+00
2.68554688e-03	4.78977148e-03	1.82223293e+00
2.69042969e-03	4.79866962e-03	1.82244525e+00
2.69531250e-03	4.80756879e-03	1.82265797e+00
2.70019531e-03	4.81646901e-03	1.82287109e+00
2.70507813e-03	4.82537027e-03	1.82308460e+00
2.70996094e-03	4.83427257e-03	1.82329850e+00
2.71484375e-03	4.84317592e-03	1.82351280e+00
2.71972656e-03	4.85208032e-03	1.82372750e+00
2.72460938e-03	4.86098576e-03	1.82394259e+00
2.72949219e-03	4.86989226e-03	1.82415808e+00
2.73437500e-03	4.87879981e-03	1.82437396e+00
2.73925781e-03	4.88770841e-03	1.82459024e+00
2.74414063e-03	4.89661807e-03	1.82480692e+00
2.74902344e-03	4.90552879e-03	1.82502399e+00
2.75390625e-03	4.91444057e-03	1.82524146e+00
2.75878906e-03	4.92335342e-03	1.82545932e+00
2.76367188e-03	4.93226732e-03	1.82567758e+00
2.76855469e-03	4.94118230e-03	1.82589623e+00
2.77343750e-03	4.95009834e-03	1.82611528e+00
2.77832031e-03	4.95901546e-03	1.82633473e+00
2.78320313e-03	4.96793364e-03	1.82655458e+00
2.78808594e-03	4.97685291e-03	1.82677482e+00
2.79296875e-03	4.98577324e-03	1.82699545e+00
2.79785156e-03	4.99469466e-03	1.82721649e+00
2.80273438e-03	5.00361715e-03	1.82743792e+00
2.80761719e-03	5.01254073e-03	1.82765975e+00
2.81250000e-03	5.02146540e-03	1.82788197e+00
2.81738281e-03	5.03039114e-03	1.82810459e+00
2.82226563e-03	5.03931798e-03	1.82832761e+00
2.82714844e-03	5.04824591e-03	1.82855102e+00
2.83203125e-03	5.05717492e-03	1.82877483e+00
2.83691406e-03	5.06610504e-03	1.82899904e+00
2.84179688e-03	5.07503624e-03	1.82922364e+00
2.84667969e-03	5.08396855e-03	1.82944864e+00
2.85156250e-03	5.09290195e-03	1.82967404e+00
2.85644531e-03	5.10183646e-03	1.82989984e+00
2.86132813e-03	5.11077207e-03	1.83012603e+00
2.86621094e-03	5.11970879e-03	1.83035262e+00
2.87109375e-03	5.12864661e-03	1.83057961e+00
2.87597656e-03	5.13758554e-03	1.83080699e+00
2.88085938e-03	5.14652559e-03	1.83103478e+00
2.88574219e-03	5.15546674e-03	1.83126296e+00
2.89062500e-03	5.16440901e-03	1.83149153e+00
2.89550781e-03	5.17335240e-03	1.83172051e+00
2.90039063e-03	5.18229691e-03	1.83194988e+00
2.90527344e-03	5.19124254e-03	1.83217965e+00
2.91015625e-03	5.20018929e-03	1.83240982e+00
2.91503906e-03	5.20913717e-03	1.83264039e+00
2.91992188e-03	5.21808617e-03	1.83287135e+00
2.92480469e-03	5.22703630e-03	1.83310271e+00
2.92968750e-03	5.23598756e-03	1.83333447e+00
2.93457031e-03	5.24493996e-03	1.83356663e+00
2.93945313e-03	5.25389349e-03	1.83379919e+00
2.94433594e-03	5.26284816e-03	1.83403214e+00
2.94921875e-03	5.27180396e-03	1.83426549e+00
2.95410156e-03	5.28076091e-03	1.83449924e+00
2.95898438e-03	5.28971899e-03	1.83473339e+00
2.96386719e-03	5.29867823e-03	1.83496794e+00
2.96875000e-03	5.30763860e-03	1.83520289e+00
2.97363281e-03	5.31660013e-03	1.83543823e+00
2.97851563e-03	5.32556281e-03	1.83567397e+00
2.98339844e-03	5.33452663e-03	1.83591012e+00
2.98828125e-03	5.34349162e-03	1.83614666e+00
2.99316406e-03	5.35245775e-03	1.83638360e+00
2.99804688e-03	5.36142505e-03	1.83662093e+00
3.00292969e-03	5.37039351e-03	1.83685867e+00
3.00781250e-03	5.37936313e-03	1.83709681e+00
3.01269531e-03	5.38833391e-03	1.83733534e+00
3.01757812e-03	5.39730585e-03	1.83757428e+00
3.02246094e-03	5.40627897e-03	1.83781361e+00
3.02734375e-03	5.41525325e-03	1.83805334e+00
3.03222656e-03	5.42422871e-03	1.83829347e+00
3.03710937e-03	5.43320534e-03	1.83853400e+00
3.04199219e-03	5.44218314e-03	1.83877493e+00
3.04687500e-03	5.45116213e-03	1.83901626e+00
3.05175781e-03	5.46014229e-03	1.83925799e+00
3.05664062e-03	5.46912363e-03	1.83950012e+00
3.06152344e-03	5.47810616e-03	1.83974265e+00
3.06640625e-03	5.48708987e-03	1.83998558e+00
3.07128906e-03	5.49607477e-03	1.84022891e+00
3.07617187e-03	5.50506086e-03	1.84047263e+00
3.08105469e-03	5.51404813e-03	1.84071676e+00
3.08593750e-03	5.52303661e-03	1.84096129e+00
3.09082031e-03	5.53202627e-03	1.84120622e+00
3.09570312e-03	5.54101714e-03	1.84145154e+00
3.10058594e-03	5.55000920e-03	1.84169727e+00
3.10546875e-03	5.55900246e-03	1.84194340e+00
3.11035156e-03	5.56799693e-03	1.84218992e+00
3.11523437e-03	5.57699260e-03	1.84243685e+00
3.12011719e-03	5.58598948e-03	1.84268418e+00
3.12500000e-03	5.59498756e-03	1.84293191e+00
3.12988281e-03	5.60398686e-03	1.84318004e+00
3.13476562e-03	5.61298737e-03	1.84342857e+00
3.13964844e-03	5.62198909e-03	1.84367750e+00
3.14453125e-03	5.63099203e-03	1.84392683e+00
3.14941406e-03	5.63999619e-03	1.84417656e+00
3.15429687e-03	5.64900157e-03	1.84442669e+00
3.15917969e-03	5.65800817e-03	1.84467723e+00
3.16406250e-03	5.66701600e-03	1.84492816e+00
3.16894531e-03	5.67602505e-03	1.84517950e+00
3.17382812e-03	5.68503533e-03	1.84543123e+00
3.17871094e-03	5.69404684e-03	1.84568337e+00
3.18359375e-03	5.70305958e-03	1.84593591e+00
3.18847656e-03	5.71207356e-03	1.84618885e+00
3.19335938e-03	5.72108877e-03	1.84644219e+00
3.19824219e-03	5.73010522e-03	1.84669593e+00
3.20312500e-03	5.73912291e-03	1.84695007e+00
3.20800781e-03	5.74814184e-03	1.84720462e+00
3.21289063e-03	5.75716202e-03	1.84745956e+00
3.21777344e-03	5.76618344e-03	1.84771491e+00
3.22265625e-03	5.77520611e-03	1.84797066e+00
3.22753906e-03	5.78423003e-03	1.84822681e+00
3.23242188e-03	5.79325520e-03	1.84848337e+00
3.23730469e-03	5.80228163e-03	1.84874032e+00
3.24218750e-03	5.81130931e-03	1.84899768e+00
3.24707031e-03	5.82033825e-03	1.84925544e+00
3.25195313e-03	5.82936845e-03	1.84951360e+00
3.25683594e-03	5.83839991e-03	1.84977216e+00
3.26171875e-03	5.84743263e-03	1.85003113e+00
3.26660156e-03	5.85646662e-03	1.85029049e+00
3.27148438e-03	5.86550187e-03	1.85055026e+00
3.27636719e-03	5.87453840e-03	1.85081043e+00
3.28125000e-03	5.88357619e-03	1.85107101e+00
3.28613281e-03	5.89261526e-03	1.85133199e+00
3.29101563e-03	5.90165561e-03	1.85159337e+00
3.29589844e-03	5.91069723e-03	1.85185515e+00
3.30078125e-03	5.91974013e-03	1.85211733e+00
3.30566406e-03	5.92878432e-03	1.85237992e+00
3.31054688e-03	5.93782978e-03	1.85264291e+00
3.31542969e-03	5.94687653e-03	1.85290630e+00
3.32031250e-03	5.95592457e-03	1.85317010e+00
3.32519531e-03	5.96497390e-03	1.85343430e+00
3.33007813e-03	5.97402452e-03	1.85369890e+00
3.33496094e-03	5.98307643e-03	1.85396391e+00
3.33984375e-03	5.99212963e-03	1.85422931e+00
3.34472656e-03	6.00118414e-03	1.85449513e+00
3.34960938e-03	6.01023994e-03	1.85476134e+00
3.35449219e-03	6.01929704e-03	1.85502796e+00
3.35937500e-03	6.02835545e-03	1.85529498e+00
3.36425781e-03	6.03741516e-03	1.85556241e+00
3.36914063e-03	6.04647617e-03	1.85583024e+00
3.37402344e-03	6.05553850e-03	1.85609847e+00
3.37890625e-03	6.06460214e-03	1.85636711e+00
3.38378906e-03	6.07366709e-03	1.85663615e+00
3.38867188e-03	6.08273335e-03	1.85690559e+00
3.39355469e-03	6.09180093e-03	1.85717544e+00
3.39843750e-03	6.10086983e-03	1.85744569e+00
3.40332031e-03	6.10994005e-03	1.85771635e+00
3.40820313e-03	6.11901159e-03	1.85798741e+00
3.41308594e-03	6.12808446e-03	1.85825887e+00
3.41796875e-03	6.13715865e-03	1.85853074e+00
3.42285156e-03	6.14623417e-03	1.85880302e+00
3.42773438e-03	6.15531103e-03	1.85907569e+00
3.43261719e-03	6.16438921e-03	1.85934878e+00
3.43750000e-03	6.17346873e-03	1.85962226e+00
3.44238281e-03	6.18254959e-03	1.85989615e+00
3.44726563e-03	6.19163178e-03	1.86017045e+00
3.45214844e-03	6.20071531e-03	1.86044515e+00
3.45703125e-03	6.20980019e-03	1.86072026e+00
3.46191406e-03	6.21888641e-03	1.86099577e+00
3.46679688e-03	6.22797398e-03	1.86127168e+00
3.47167969e-03	6.23706289e-03	1.86154800e+00
3.47656250e-03	6.24615316e-03	1.86182473e+00
3.48144531e-03	6.25524478e-03	1.86210186e+00
3.48632813e-03	6.26433775e-03	1.86237939e+00
3.49121094e-03	6.27343208e-03	1.86265734e+00
3.49609375e-03	6.28252776e-03	1.86293568e+00
3.50097656e-03	6.29162481e-03	1.86321443e+00
3.50585937e-03	6.30072322e-03	1.86349359e+00
3.51074219e-03	6.30982299e-03	1.86377315e+00
3.51562500e-03	6.31892413e-03	1.86405312e+00
3.52050781e-03	6.32802663e-03	1.86433350e+00
3.52539062e-03	6.33713051e-03	1.86461428e+00
3.53027344e-03	6.34623576e-03	1.86489546e+00
3.53515625e-03	6.35534238e-03	1.86517706e+00
3.54003906e-03	6.36445038e-03	1.86545906e+00
3.54492187e-03	6.37355976e-03	1.86574146e+00
3.54980469e-03	6.38267051e-03	1.86602427e+00
3.55468750e-03	6.39178265e-03	1.86630749e+00
3.55957031e-03	6.40089617e-03	1.86659111e+00
3.56445312e-03	6.41001108e-03	1.86687514e+00
3.56933594e-03	6.41912738e-03	1.86715957e+00
3.57421875e-03	6.42824506e-03	1.86744442e+00
3.57910156e-03	6.43736414e-03	1.86772966e+00
3.58398437e-03	6.44648461e-03	1.86801532e+00
3.58886719e-03	6.45560648e-03	1.86830138e+00
3.59375000e-03	6.46472974e-03	1.86858785e+00
3.59863281e-03	6.47385441e-03	1.86887473e+00
3.60351562e-03	6.48298047e-03	1.86916201e+00
3.60839844e-03	6.49210794e-03	1.86944970e+00
3.61328125e-03	6.50123682e-03	1.86973780e+00
3.61816406e-03	6.51036710e-03	1.87002630e+00
3.62304687e-03	6.51949879e-03	1.87031521e+00
3.62792969e-03	6.52863190e-03	1.87060453e+00
3.63281250e-03	6.53776642e-03	1.87089425e+00
3.63769531e-03	6.54690235e-03	1.87118439e+00
3.64257812e-03	6.55603970e-03	1.87147493e+00
3.64746094e-03	6.56517847e-03	1.87176588e+00
3.65234375e-03	6.57431867e-03	1.87205723e+00
3.65722656e-03	6.58346028e-03	1.87234899e+00
3.66210938e-03	6.59260333e-03	1.87264117e+00
3.66699219e-03	6.60174780e-03	1.87293375e+00
3.67187500e-03	6.61089370e-03	1.87322673e+00
3.67675781e-03	6.62004103e-03	1.87352013e+00
3.68164063e-03	6.62918979e-03	1.87381393e+00
3.68652344e-03	6.63833999e-03	1.87410814e+00
3.69140625e-03	6.64749163e-03	1.87440276e+00
3.69628906e-03	6.65664471e-03	1.87469779e+00
3.70117188e-03	6.66579923e-03	1.87499323e+00
3.70605469e-03	6.67495519e-03	1.87528907e+00
3.71093750e-03	6.68411260e-03	1.87558532e+00
3.71582031e-03	6.69327145e-03	1.87588199e+00
3.72070313e-03	6.70243176e-03	1.87617906e+00
3.72558594e-03	6.71159352e-03	1.87647654e+00
3.73046875e-03	6.72075673e-03	1.87677442e+00
3.73535156e-03	6.72992139e-03	1.87707272e+00
3.74023438e-03	6.73908752e-03	1.87737143e+00
3.74511719e-03	6.74825510e-03	1.87767054e+00
3.75000000e-03	6.75742414e-03	1.87797007e+00
3.75488281e-03	6.76659465e-03	1.87827000e+00
3.75976563e-03	6.77576662e-03	1.87857034e+00
3.76464844e-03	6.78494007e-03	1.87887109e+00
3.76953125e-03	6.79411498e-03	1.87917225e+00
3.77441406e-03	6.80329136e-03	1.87947382e+00
3.77929688e-03	6.81246921e-03	1.87977581e+00
3.78417969e-03	6.82164854e-03	1.88007820e+00
3.78906250e-03	6.83082935e-03	1.88038099e+00
3.79394531e-03	6.84001164e-03	1.88068420e+00
3.79882813e-03	6.84919541e-03	1.88098782e+00
3.80371094e-03	6.85838066e-03	1.88129185e+00
3.80859375e-03	6.86756740e-03	1.88159629e+00
3.81347656e-03	6.87675563e-03	1.88190114e+00
3.81835938e-03	6.88594534e-03	1.88220640e+00
3.82324219e-03	6.89513655e-03	1.88251207e+00
3.82812500e-03	6.90432925e-03	1.88281815e+00
3.83300781e-03	6.91352345e-03	1.88312464e+00
3.83789063e-03	6.92271914e-03	1.88343154e+00
3.84277344e-03	6.93191634e-03	1.88373885e+00
3.84765625e-03	6.94111503e-03	1.88404658e+00
3.85253906e-03	6.95031523e-03	1.88435471e+00
3.85742188e-03	6.95951693e-03	1.88466325e+00
3.86230469e-03	6.96872014e-03	1.88497221e+00
3.86718750e-03	6.97792487e-03	1.88528157e+00
3.87207031e-03	6.98713110e-03	1.88559135e+00
3.87695313e-03	6.99633885e-03	1.88590154e+00
3.88183594e-03	7.00554811e-03	1.88621214e+00
3.88671875e-03	7.01475889e-03	1.88652315e+00
3.89160156e-03	7.02397119e-03	1.88683457e+00
3.89648438e-03	7.03318501e-03	1.88714640e+00
3.90136719e-03	7.04240035e-03	1.88745865e+00
3.90625000e-03	7.05161722e-03	1.88777130e+00
3.91113281e-03	7.06083562e-03	1.88808437e+00
3.91601562e-03	7.07005555e-03	1.88839785e+00
3.92089844e-03	7.07927700e-03	1.88871174e+00
3.92578125e-03	7.08850000e-03	1.88902604e+00
3.93066406e-03	7.09772453e-03	1.88934076e+00
3.93554688e-03	7.10695059e-03	1.88965588e+00
3.94042969e-03	7.11617820e-03	1.88997142e+00
3.94531250e-03	7.12540734e-03	1.89028737e+00
3.95019531e-03	7.13463804e-03	1.89060374e+00
3.95507812e-03	7.14387027e-03	1.89092051e+00
3.95996094e-03	7.15310406e-03	1.89123770e+00
3.96484375e-03	7.16233939e-03	1.89155530e+00
3.96972656e-03	7.17157628e-03	1.89187332e+00
3.97460938e-03	7.18081472e-03	1.89219174e+00
3.97949219e-03	7.19005471e-03	1.89251058e+00
3.98437500e-03	7.19929627e-03	1.89282983e+00
3.98925781e-03	7.20853938e-03	1.89314950e+00
3.99414062e-03	7.21778406e-03	1.89346957e+00
3.99902344e-03	7.22703030e-03	1.89379006e+00
4.00390625e-03	7.23627810e-03	1.89411097e+00
4.00878906e-03	7.24552747e-03	1.89443228e+00
4.01367188e-03	7.25477842e-03	1.89475401e+00
4.01855469e-03	7.26403093e-03	1.89507616e+00
4.02343750e-03	7.27328502e-03	1.89539872e+00
4.02832031e-03	7.28254069e-03	1.89572169e+00
4.03320312e-03	7.29179793e-03	1.89604507e+00
4.03808594e-03	7.30105675e-03	1.89636887e+00
4.04296875e-03	7.31031716e-03	1.89669308e+00
4.04785156e-03	7.31957915e-03	1.89701771e+00
4.05273438e-03	7.32884272e-03	1.89734274e+00
4.05761719e-03	7.33810789e-03	1.89766820e+00
4.06250000e-03	7.34737464e-03	1.89799407e+00
4.06738281e-03	7.35664299e-03	1.89832035e+00
4.07226562e-03	7.36591293e-03	1.89864704e+00
4.07714844e-03	7.37518446e-03	1.89897415e+00
4.08203125e-03	7.38445760e-03	1.89930168e+00
4.08691406e-03	7.39373233e-03	1.89962962e+00
4.09179688e-03	7.40300867e-03	1.89995797e+00
4.09667969e-03	7.41228661e-03	1.90028674e+00
4.10156250e-03	7.42156616e-03	1.90061592e+00
4.10644531e-03	7.43084731e-03	1.90094552e+00
4.11132812e-03	7.44013008e-03	1.90127554e+00
4.11621094e-03	7.44941446e-03	1.90160596e+00
4.12109375e-03	7.45870045e-03	1.90193681e+00
4.12597656e-03	7.46798806e-03	1.90226807e+00
4.13085938e-03	7.47727729e-03	1.90259974e+00
4.13574219e-03	7.48656814e-03	1.90293183e+00
4.14062500e-03	7.49586061e-03	1.90326433e+00
4.14550781e-03	7.50515470e-03	1.90359725e+00
4.15039062e-03	7.51445043e-03	1.90393059e+00
4.15527344e-03	7.52374778e-03	1.90426434e+00
4.16015625e-03	7.53304676e-03	1.90459851e+00
4.16503906e-03	7.54234737e-03	1.90493309e+00
4.16992188e-03	7.55164962e-03	1.90526809e+00
4.17480469e-03	7.56095351e-03	1.90560350e+00
4.17968750e-03	7.57025903e-03	1.90593933e+00
4.18457031e-03	7.57956620e-03	1.90627558e+00
4.18945313e-03	7.58887500e-03	1.90661224e+00
4.19433594e-03	7.59818546e-03	1.90694932e+00
4.19921875e-03	7.60749756e-03	1.90728682e+00
4.20410156e-03	7.61681131e-03	1.90762473e+00
4.20898438e-03	7.62612671e-03	1.90796306e+00
4.21386719e-03	7.63544376e-03	1.90830181e+00
4.21875000e-03	7.64476247e-03	1.90864097e+00
4.22363281e-03	7.65408283e-03	1.90898055e+00
4.22851563e-03	7.66340486e-03	1.90932055e+00
4.23339844e-03	7.67272854e-03	1.90966096e+00
4.23828125e-03	7.68205389e-03	1.91000179e+00
4.24316406e-03	7.69138090e-03	1.91034304e+00
4.24804688e-03	7.70070959e-03	1.91068470e+00
4.25292969e-03	7.71003994e-03	1.91102679e+00
4.25781250e-03	7.71937196e-03	1.91136929e+00
4.26269531e-03	7.72870565e-03	1.91171220e+00
4.26757813e-03	7.73804102e-03	1.91205554e+00
4.27246094e-03	7.74737807e-03	1.91239929e+00
4.27734375e-03	7.75671680e-03	1.91274346e+00
4.28222656e-03	7.76605721e-03	1.91308805e+00
4.28710937e-03	7.77539930e-03	1.91343306e+00
4.29199219e-03	7.78474308e-03	1.91377848e+00
4.29687500e-03	7.79408854e-03	1.91412432e+00
4.30175781e-03	7.80343570e-03	1.91447058e+00
4.30664063e-03	7.81278455e-03	1.91481726e+00
4.31152344e-03	7.82213509e-03	1.91516436e+00
4.31640625e-03	7.83148732e-03	1.91551188e+00
4.32128906e-03	7.84084126e-03	1.91585981e+00
4.32617187e-03	7.85019689e-03	1.91620817e+00
4.33105469e-03	7.85955423e-03	1.91655694e+00
4.33593750e-03	7.86891327e-03	1.91690613e+00
4.34082031e-03	7.87827402e-03	1.91725574e+00
4.34570313e-03	7.88763647e-03	1.91760577e+00
4.35058594e-03	7.89700064e-03	1.91795621e+00
4.35546875e-03	7.90636652e-03	1.91830708e+00
4.36035156e-03	7.91573411e-03	1.91865837e+00
4.36523437e-03	7.92510341e-03	1.91901007e+00
4.37011719e-03	7.93447444e-03	1.91936220e+00
4.37500000e-03	7.94384719e-03	1.91971474e+00
4.37988281e-03	7.95322166e-03	1.92006771e+00
4.38476563e-03	7.96259785e-03	1.92042109e+00
4.38964844e-03	7.97197577e-03	1.92077489e+00
4.39453125e-03	7.98135542e-03	1.92112912e+00
4.39941406e-03	7.99073680e-03	1.92148376e+00
4.40429687e-03	8.00011991e-03	1.92183882e+00
4.40917969e-03	8.00950475e-03	1.92219431e+00
4.41406250e-03	8.01889134e-03	1.92255021e+00
4.41894531e-03	8.02827966e-03	1.92290654e+00
4.42382813e-03	8.03766972e-03	1.92326328e+00
4.42871094e-03	8.04706153e-03	1.92362045e+00
4.43359375e-03	8.05645508e-03	1.92397803e+00
4.43847656e-03	8.06585038e-03	1.92433604e+00
4.44335937e-03	8.07524743e-03	1.92469447e+00
4.44824219e-03	8.08464622e-03	1.92505331e+00
4.45312500e-03	8.09404678e-03	1.92541258e+00
4.45800781e-03	8.10344908e-03	1.92577227e+00
4.46289063e-03	8.11285315e-03	1.92613239e+00
4.46777344e-03	8.12225897e-03	1.92649292e+00
4.47265625e-03	8.13166655e-03	1.92685387e+00
4.47753906e-03	8.14107590e-03	1.92721525e+00
4.48242187e-03	8.15048702e-03	1.92757704e+00
4.48730469e-03	8.15989990e-03	1.92793926e+00
4.49218750e-03	8.16931455e-03	1.92830190e+00
4.49707031e-03	8.17873097e-03	1.92866496e+00
4.50195313e-03	8.18814917e-03	1.92902845e+00
4.50683594e-03	8.19756914e-03	1.92939235e+00
4.51171875e-03	8.20699089e-03	1.92975668e+00
4.51660156e-03	8.21641442e-03	1.93012143e+00
4.52148437e-03	8.22583974e-03	1.93048660e+00
4.52636719e-03	8.23526683e-03	1.93085220e+00
4.53125000e-03	8.24469572e-03	1.93121821e+00
4.53613281e-03	8.25412639e-03	1.93158465e+00
4.54101563e-03	8.26355885e-03	1.93195151e+00
4.54589844e-03	8.27299310e-03	1.93231880e+00
4.55078125e-03	8.28242915e-03	1.93268651e+00
4.55566406e-03	8.29186699e-03	1.93305464e+00
4.56054687e-03	8.30130664e-03	1.93342319e+00
4.56542969e-03	8.31074808e-03	1.93379217e+00
4.57031250e-03	8.32019133e-03	1.93416156e+00
4.57519531e-03	8.32963638e-03	1.93453139e+00
4.58007813e-03	8.33908324e-03	1.93490163e+00
4.58496094e-03	8.34853190e-03	1.93527230e+00
4.58984375e-03	8.35798238e-03	1.93564339e+00
4.59472656e-03	8.36743467e-03	1.93601491e+00
4.59960937e-03	8.37688878e-03	1.93638685e+00
4.60449219e-03	8.38634470e-03	1.93675922e+00
4.60937500e-03	8.39580244e-03	1.93713200e+00
4.61425781e-03	8.40526201e-03	1.93750521e+00
4.61914063e-03	8.41472339e-03	1.93787885e+00
4.62402344e-03	8.42418661e-03	1.93825291e+00
4.62890625e-03	8.43365165e-03	1.93862739e+00
4.63378906e-03	8.44311852e-03	1.93900230e+00
4.63867188e-03	8.45258722e-03	1.93937764e+00
4.64355469e-03	8.46205775e-03	1.93975339e+00
4.64843750e-03	8.47153012e-03	1.94012958e+00
4.65332031e-03	8.48100433e-03	1.94050618e+00
4.65820313e-03	8.49048038e-03	1.94088321e+00
4.66308594e-03	8.49995827e-03	1.94126067e+00
4.66796875e-03	8.50943800e-03	1.94163855e+00
4.67285156e-03	8.51891958e-03	1.94201686e+00
4.67773438e-03	8.52840301e-03	1.94239559e+00
4.68261719e-03	8.53788829e-03	1.94277475e+00
4.68750000e-03	8.54737542e-03	1.94315433e+00
4.69238281e-03	8.55686441e-03	1.94353434e+00
4.69726563e-03	8.56635525e-03	1.94391477e+00
4.70214844e-03	8.57584795e-03	1.94429563e+00
4.70703125e-03	8.58534251e-03	1.94467692e+00
4.71191406e-03	8.59483894e-03	1.94505863e+00
4.71679688e-03	8.60433723e-03	1.94544076e+00
4.72167969e-03	8.61383739e-03	1.94582333e+00
4.72656250e-03	8.62333941e-03	1.94620632e+00
4.73144531e-03	8.63284331e-03	1.94658973e+00
4.73632813e-03	8.64234908e-03	1.94697357e+00
4.74121094e-03	8.65185672e-03	1.94735784e+00
4.74609375e-03	8.66136624e-03	1.94774254e+00
4.75097656e-03	8.67087765e-03	1.94812766e+00
4.75585938e-03	8.68039093e-03	1.94851321e+00
4.76074219e-03	8.68990610e-03	1.94889918e+00
4.76562500e-03	8.69942315e-03	1.94928558e+00
4.77050781e-03	8.70894209e-03	1.94967241e+00
4.77539062e-03	8.71846292e-03	1.95005967e+00
4.78027344e-03	8.72798564e-03	1.95044735e+00
4.78515625e-03	8.73751026e-03	1.95083546e+00
4.79003906e-03	8.74703677e-03	1.95122400e+00
4.79492188e-03	8.75656518e-03	1.95161296e+00
4.79980469e-03	8.76609549e-03	1.95200236e+00
4.80468750e-03	8.77562771e-03	1.95239218e+00
4.80957031e-03	8.78516182e-03	1.95278243e+00
4.81445312e-03	8.79469785e-03	1.95317310e+00
4.81933594e-03	8.80423578e-03	1.95356421e+00
4.82421875e-03	8.81377562e-03	1.95395574e+00
4.82910156e-03	8.82331738e-03	1.95434770e+00
4.83398438e-03	8.83286105e-03	1.95474009e+00
4.83886719e-03	8.84240664e-03	1.95513291e+00
4.84375000e-03	8.85195415e-03	1.95552615e+00
4.84863281e-03	8.86150358e-03	1.95591983e+00
4.85351562e-03	8.87105493e-03	1.95631393e+00
4.85839844e-03	8.88060821e-03	1.95670846e+00
4.86328125e-03	8.89016341e-03	1.95710342e+00
4.86816406e-03	8.89972054e-03	1.95749881e+00
4.87304688e-03	8.90927961e-03	1.95789463e+00
4.87792969e-03	8.91884061e-03	1.95829088e+00
4.88281250e-03	8.92840355e-03	1.95868756e+00
4.88769531e-03	8.93796842e-03	1.95908466e+00
4.89257812e-03	8.94753523e-03	1.95948220e+00
4.89746094e-03	8.95710399e-03	1.95988017e+00
4.90234375e-03	8.96667469e-03	1.96027856e+00
4.90722656e-03	8.97624734e-03	1.96067739e+00
4.91210938e-03	8.98582193e-03	1.96107664e+00
4.91699219e-03	8.99539848e-03	1.96147633e+00
4.92187500e-03	9.00497697e-03	1.96187644e+00
4.92675781e-03	9.01455743e-03	1.96227699e+00
4.93164062e-03	9.02413984e-03	1.96267796e+00
4.93652344e-03	9.03372420e-03	1.96307937e+00
4.94140625e-03	9.04331053e-03	1.96348120e+00
4.94628906e-03	9.05289883e-03	1.96388347e+00
4.95117188e-03	9.06248908e-03	1.96428617e+00
4.95605469e-03	9.07208131e-03	1.96468930e+00
4.96093750e-03	9.08167550e-03	1.96509286e+00
4.96582031e-03	9.09127167e-03	1.96549685e+00
4.97070312e-03	9.10086981e-03	1.96590127e+00
4.97558594e-03	9.11046993e-03	1.96630612e+00
4.98046875e-03	9.12007202e-03	1.96671140e+00
4.98535156e-03	9.12967609e-03	1.96711712e+00
4.99023438e-03	9.13928215e-03	1.96752326e+00
4.99511719e-03	9.14889019e-03	1.96792984e+00
5.00000000e-03	9.15850021e-03	1.96833685e+00
5.00488281e-03	9.16811223e-03	1.96874429e+00
5.00976562e-03	9.17772623e-03	1.96915217e+00
5.01464844e-03	9.18734223e-03	1.96956047e+00
5.01953125e-03	9.19696022e-03	1.96996921e+00
5.02441406e-03	9.20658021e-03	1.97037838e+00
5.02929688e-03	9.21620220e-03	1.97078798e+00
5.03417969e-03	9.22582619e-03	1.97119802e+00
5.03906250e-03	9.23545218e-03	1.97160848e+00
5.04394531e-03	9.24508018e-03	1.97201938e+00
5.04882812e-03	9.25471019e-03	1.97243072e+00
5.05371094e-03	9.26434220e-03	1.97284248e+00
5.05859375e-03	9.27397623e-03	1.97325468e+00
5.06347656e-03	9.28361227e-03	1.97366731e+00
5.06835938e-03	9.29325032e-03	1.97408038e+00
5.07324219e-03	9.30289040e-03	1.97449387e+00
5.07812500e-03	9.31253249e-03	1.97490780e+00
5.08300781e-03	9.32217661e-03	1.97532217e+00
5.08789062e-03	9.33182275e-03	1.97573697e+00
5.09277344e-03	9.34147091e-03	1.97615220e+00
5.09765625e-03	9.35112111e-03	1.97656786e+00
5.10253906e-03	9.36077334e-03	1.97698396e+00
5.10742188e-03	9.37042760e-03	1.97740049e+00
5.11230469e-03	9.38008389e-03	1.97781746e+00
5.11718750e-03	9.38974222e-03	1.97823486e+00
5.12207031e-03	9.39940259e-03	1.97865270e+00
5.12695312e-03	9.40906500e-03	1.97907097e+00
5.13183594e-03	9.41872946e-03	1.97948967e+00
5.13671875e-03	9.42839596e-03	1.97990881e+00
5.14160156e-03	9.43806450e-03	1.98032839e+00
5.14648438e-03	9.44773510e-03	1.98074839e+00
5.15136719e-03	9.45740775e-03	1.98116884e+00
5.15625000e-03	9.46708245e-03	1.98158972e+00
5.16113281e-03	9.47675921e-03	1.98201103e+00
5.16601563e-03	9.48643803e-03	1.98243278e+00
5.17089844e-03	9.49611891e-03	1.98285496e+00
5.17578125e-03	9.50580185e-03	1.98327758e+00
5.18066406e-03	9.51548686e-03	1.98370064e+00
5.18554688e-03	9.52517393e-03	1.98412413e+00
5.19042969e-03	9.53486307e-03	1.98454805e+00
5.19531250e-03	9.54455428e-03	1.98497242e+00
5.20019531e-03	9.55424757e-03	1.98539721e+00
5.20507813e-03	9.56394293e-03	1.98582245e+00
5.20996094e-03	9.57364037e-03	1.98624812e+00
5.21484375e-03	9.58333988e-03	1.98667423e+00
5.21972656e-03	9.59304148e-03	1.98710077e+00
5.22460938e-03	9.60274516e-03	1.98752775e+00
5.22949219e-03	9.61245093e-03	1.98795516e+00
5.23437500e-03	9.62215879e-03	1.98838302e+00
5.23925781e-03	9.63186874e-03	1.98881131e+00
5.24414063e-03	9.64158078e-03	1.98924003e+00
5.24902344e-03	9.65129491e-03	1.98966920e+00
5.25390625e-03	9.66101114e-03	1.99009880e+00
5.25878906e-03	9.67072947e-03	1.99052884e+00
5.26367187e-03	9.68044990e-03	1.99095931e+00
5.26855469e-03	9.69017243e-03	1.99139022e+00
5.27343750e-03	9.69989707e-03	1.99182158e+00
5.27832031e-03	9.70962382e-03	1.99225336e+00
5.28320313e-03	9.71935267e-03	1.99268559e+00
5.28808594e-03	9.72908364e-03	1.99311825e+00
5.29296875e-03	9.73881672e-03	1.99355136e+00
5.29785156e-03	9.74855191e-03	1.99398490e+00
5.30273437e-03	9.75828923e-03	1.99441887e+00
5.30761719e-03	9.76802866e-03	1.99485329e+00
5.31250000e-03	9.77777022e-03	1.99528814e+00
5.31738281e-03	9.78751390e-03	1.99572344e+00
5.32226563e-03	9.79725971e-03	1.99615917e+00
5.32714844e-03	9.80700764e-03	1.99659534e+00
5.33203125e-03	9.81675771e-03	1.99703195e+00
5.33691406e-03	9.82650991e-03	1.99746900e+00
5.34179687e-03	9.83626424e-03	1.99790649e+00
5.34667969e-03	9.84602072e-03	1.99834442e+00
5.35156250e-03	9.85577933e-03	1.99878278e+00
5.35644531e-03	9.86554008e-03	1.99922159e+00
5.36132813e-03	9.87530298e-03	1.99966083e+00
5.36621094e-03	9.88506802e-03	2.00010052e+00
5.37109375e-03	9.89483521e-03	2.00054064e+00
5.37597656e-03	9.90460455e-03	2.00098121e+00
5.38085937e-03	9.91437604e-03	2.00142221e+00
5.38574219e-03	9.92414969e-03	2.00186366e+00
5.39062500e-03	9.93392549e-03	2.00230554e+00
5.39550781e-03	9.94370346e-03	2.00274787e+00
5.40039063e-03	9.95348358e-03	2.00319063e+00
5.40527344e-03	9.96326586e-03	2.00363384e+00
5.41015625e-03	9.97305032e-03	2.00407749e+00
5.41503906e-03	9.98283693e-03	2.00452157e+00
5.41992187e-03	9.99262572e-03	2.00496610e+00
5.42480469e-03	1.00024167e-02	2.00541107e+00
5.42968750e-03	1.00122098e-02	2.00585648e+00
5.43457031e-03	1.00220051e-02	2.00630233e+00
5.43945313e-03	1.00318026e-02	2.00674863e+00
5.44433594e-03	1.00416023e-02	2.00719536e+00
5.44921875e-03	1.00514041e-02	2.00764254e+00
5.45410156e-03	1.00612082e-02	2.00809016e+00
5.45898437e-03	1.00710144e-02	2.00853821e+00
5.46386719e-03	1.00808228e-02	2.00898672e+00
5.46875000e-03	1.00906334e-02	2.00943566e+00
5.47363281e-03	1.01004462e-02	2.00988504e+00
5.47851563e-03	1.01102612e-02	2.01033487e+00
5.48339844e-03	1.01200784e-02	2.01078514e+00
5.48828125e-03	1.01298978e-02	2.01123585e+00
5.49316406e-03	1.01397193e-02	2.01168701e+00
5.49804687e-03	1.01495431e-02	2.01213861e+00
5.50292969e-03	1.01593691e-02	2.01259065e+00
5.50781250e-03	1.01691973e-02	2.01304313e+00
5.51269531e-03	1.01790278e-02	2.01349606e+00
5.51757813e-03	1.01888604e-02	2.01394943e+00
5.52246094e-03	1.01986952e-02	2.01440324e+00
5.52734375e-03	1.02085323e-02	2.01485750e+00
5.53222656e-03	1.02183716e-02	2.01531220e+00
5.53710937e-03	1.02282131e-02	2.01576734e+00
5.54199219e-03	1.02380568e-02	2.01622292e+00
5.54687500e-03	1.02479028e-02	2.01667896e+00
5.55175781e-03	1.02577509e-02	2.01713543e+00
5.55664063e-03	1.02676014e-02	2.01759235e+00
5.56152344e-03	1.02774540e-02	2.01804971e+00
5.56640625e-03	1.02873089e-02	2.01850752e+00
5.57128906e-03	1.02971660e-02	2.01896577e+00
5.57617187e-03	1.03070253e-02	2.01942447e+00
5.58105469e-03	1.03168869e-02	2.01988361e+00
5.58593750e-03	1.03267508e-02	2.02034319e+00
5.59082031e-03	1.03366168e-02	2.02080322e+00
5.59570313e-03	1.03464852e-02	2.02126370e+00
5.60058594e-03	1.03563557e-02	2.02172462e+00
5.60546875e-03	1.03662286e-02	2.02218598e+00
5.61035156e-03	1.03761037e-02	2.02264779e+00
5.61523438e-03	1.03859810e-02	2.02311005e+00
5.62011719e-03	1.03958606e-02	2.02357275e+00
5.62500000e-03	1.04057425e-02	2.02403590e+00
5.62988281e-03	1.04156266e-02	2.02449949e+00
5.63476563e-03	1.04255130e-02	2.02496353e+00
5.63964844e-03	1.04354016e-02	2.02542801e+00
5.64453125e-03	1.04452925e-02	2.02589294e+00
5.64941406e-03	1.04551857e-02	2.02635832e+00
5.65429688e-03	1.04650812e-02	2.02682414e+00
5.65917969e-03	1.04749789e-02	2.02729041e+00
5.66406250e-03	1.04848789e-02	2.02775713e+00
5.66894531e-03	1.04947812e-02	2.02822429e+00
5.67382813e-03	1.05046858e-02	2.02869190e+00
5.67871094e-03	1.05145927e-02	2.02915996e+00
5.68359375e-03	1.05245018e-02	2.02962846e+00
5.68847656e-03	1.05344133e-02	2.03009742e+00
5.69335938e-03	1.05443270e-02	2.03056681e+00
5.69824219e-03	1.05542430e-02	2.03103666e+00
5.70312500e-03	1.05641614e-02	2.03150695e+00
5.70800781e-03	1.05740820e-02	2.03197769e+00
5.71289063e-03	1.05840049e-02	2.03244888e+00
5.71777344e-03	1.05939301e-02	2.03292052e+00
5.72265625e-03	1.06038576e-02	2.03339261e+00
5.72753906e-03	1.06137875e-02	2.03386514e+00
5.73242188e-03	1.06237196e-02	2.03433812e+00
5.73730469e-03	1.06336540e-02	2.03481155e+00
5.74218750e-03	1.06435908e-02	2.03528543e+00
5.74707031e-03	1.06535299e-02	2.03575975e+00
5.75195312e-03	1.06634713e-02	2.03623453e+00
5.75683594e-03	1.06734150e-02	2.03670975e+00
5.76171875e-03	1.06833610e-02	2.03718543e+00
5.76660156e-03	1.06933094e-02	2.03766155e+00
5.77148438e-03	1.07032601e-02	2.03813812e+00
5.77636719e-03	1.07132131e-02	2.03861514e+00
5.78125000e-03	1.07231684e-02	2.03909261e+00
5.78613281e-03	1.07331261e-02	2.03957053e+00
5.79101562e-03	1.07430861e-02	2.04004890e+00
5.79589844e-03	1.07530484e-02	2.04052772e+00
5.80078125e-03	1.07630131e-02	2.04100699e+00
5.80566406e-03	1.07729801e-02	2.04148671e+00
5.81054688e-03	1.07829495e-02	2.04196688e+00
5.81542969e-03	1.07929212e-02	2.04244749e+00
5.82031250e-03	1.08028953e-02	2.04292856e+00
5.82519531e-03	1.08128717e-02	2.04341008e+00
5.83007812e-03	1.08228505e-02	2.04389206e+00
5.83496094e-03	1.08328316e-02	2.04437448e+00
5.83984375e-03	1.08428151e-02	2.04485735e+00
5.84472656e-03	1.08528009e-02	2.04534067e+00
5.84960938e-03	1.08627891e-02	2.04582445e+00
5.85449219e-03	1.08727797e-02	2.04630868e+00
5.85937500e-03	1.08827726e-02	2.04679335e+00
5.86425781e-03	1.08927679e-02	2.04727848e+00
5.86914062e-03	1.09027655e-02	2.04776406e+00
5.87402344e-03	1.09127656e-02	2.04825009e+00
5.87890625e-03	1.09227680e-02	2.04873658e+00
5.88378906e-03	1.09327728e-02	2.04922351e+00
5.88867188e-03	1.09427799e-02	2.04971090e+00
5.89355469e-03	1.09527895e-02	2.05019874e+00
5.89843750e-03	1.09628014e-02	2.05068704e+00
5.90332031e-03	1.09728157e-02	2.05117578e+00
5.90820312e-03	1.09828324e-02	2.05166498e+00
5.91308594e-03	1.09928515e-02	2.05215463e+00
5.91796875e-03	1.10028730e-02	2.05264473e+00
5.92285156e-03	1.10128969e-02	2.05313529e+00
5.92773438e-03	1.10229231e-02	2.05362630e+00
5.93261719e-03	1.10329518e-02	2.05411776e+00
5.93750000e-03	1.10429829e-02	2.05460968e+00
5.94238281e-03	1.10530164e-02	2.05510205e+00
5.94726562e-03	1.10630522e-02	2.05559487e+00
5.95214844e-03	1.10730905e-02	2.05608815e+00
5.95703125e-03	1.10831312e-02	2.05658188e+00
5.96191406e-03	1.10931743e-02	2.05707606e+00
5.96679688e-03	1.11032199e-02	2.05757070e+00
5.97167969e-03	1.11132678e-02	2.05806579e+00
5.97656250e-03	1.11233182e-02	2.05856134e+00
5.98144531e-03	1.11333709e-02	2.05905734e+00
5.98632812e-03	1.11434261e-02	2.05955380e+00
5.99121094e-03	1.11534838e-02	2.06005071e+00
5.99609375e-03	1.11635438e-02	2.06054807e+00
6.00097656e-03	1.11736063e-02	2.06104590e+00
6.00585938e-03	1.11836712e-02	2.06154417e+00
6.01074219e-03	1.11937386e-02	2.06204290e+00
6.01562500e-03	1.12038084e-02	2.06254209e+00
6.02050781e-03	1.12138806e-02	2.06304173e+00
6.02539062e-03	1.12239553e-02	2.06354183e+00
6.03027344e-03	1.12340324e-02	2.06404238e+00
6.03515625e-03	1.12441119e-02	2.06454339e+00
6.04003906e-03	1.12541939e-02	2.06504485e+00
6.04492188e-03	1.12642784e-02	2.06554677e+00
6.04980469e-03	1.12743653e-02	2.06604915e+00
6.05468750e-03	1.12844546e-02	2.06655199e+00
6.05957031e-03	1.12945465e-02	2.06705528e+00
6.06445312e-03	1.13046407e-02	2.06755902e+00
6.06933594e-03	1.13147375e-02	2.06806322e+00
6.07421875e-03	1.13248367e-02	2.06856788e+00
6.07910156e-03	1.13349383e-02	2.06907300e+00
6.08398438e-03	1.13450425e-02	2.06957858e+00
6.08886719e-03	1.13551491e-02	2.07008461e+00
6.09375000e-03	1.13652581e-02	2.07059110e+00
6.09863281e-03	1.13753697e-02	2.07109804e+00
6.10351562e-03	1.13854837e-02	2.07160545e+00
6.10839844e-03	1.13956002e-02	2.07211331e+00
6.11328125e-03	1.14057192e-02	2.07262163e+00
6.11816406e-03	1.14158406e-02	2.07313040e+00
6.12304688e-03	1.14259646e-02	2.07363964e+00
6.12792969e-03	1.14360910e-02	2.07414933e+00
6.13281250e-03	1.14462200e-02	2.07465949e+00
6.13769531e-03	1.14563514e-02	2.07517010e+00
6.14257813e-03	1.14664853e-02	2.07568117e+00
6.14746094e-03	1.14766217e-02	2.07619269e+00
6.15234375e-03	1.14867606e-02	2.07670468e+00
6.15722656e-03	1.14969020e-02	2.07721713e+00
6.16210938e-03	1.15070459e-02	2.07773003e+00
6.16699219e-03	1.15171924e-02	2.07824340e+00
6.17187500e-03	1.15273413e-02	2.07875722e+00
6.17675781e-03	1.15374927e-02	2.07927150e+00
6.18164063e-03	1.15476467e-02	2.07978625e+00
6.18652344e-03	1.15578031e-02	2.08030145e+00
6.19140625e-03	1.15679621e-02	2.08081711e+00
6.19628906e-03	1.15781236e-02	2.08133323e+00
6.20117188e-03	1.15882876e-02	2.08184982e+00
6.20605469e-03	1.15984542e-02	2.08236686e+00
6.21093750e-03	1.16086233e-02	2.08288436e+00
6.21582031e-03	1.16187948e-02	2.08340233e+00
6.22070313e-03	1.16289690e-02	2.08392075e+00
6.22558594e-03	1.16391456e-02	2.08443964e+00
6.23046875e-03	1.16493248e-02	2.08495899e+00
6.23535156e-03	1.16595066e-02	2.08547879e+00
6.24023438e-03	1.16696908e-02	2.08599906e+00
6.24511719e-03	1.16798777e-02	2.08651979e+00
6.25000000e-03	1.16900670e-02	2.08704099e+00
6.25488281e-03	1.17002589e-02	2.08756264e+00
6.25976563e-03	1.17104534e-02	2.08808475e+00
6.26464844e-03	1.17206504e-02	2.08860733e+00
6.26953125e-03	1.17308499e-02	2.08913037e+00
6.27441406e-03	1.17410520e-02	2.08965387e+00
6.27929687e-03	1.17512567e-02	2.09017784e+00
6.28417969e-03	1.17614639e-02	2.09070226e+00
6.28906250e-03	1.17716737e-02	2.09122715e+00
6.29394531e-03	1.17818861e-02	2.09175250e+00
6.29882813e-03	1.17921010e-02	2.09227832e+00
6.30371094e-03	1.18023185e-02	2.09280459e+00
6.30859375e-03	1.18125385e-02	2.09333133e+00
6.31347656e-03	1.18227612e-02	2.09385854e+00
6.31835937e-03	1.18329864e-02	2.09438620e+00
6.32324219e-03	1.18432142e-02	2.09491434e+00
6.32812500e-03	1.18534445e-02	2.09544293e+00
6.33300781e-03	1.18636775e-02	2.09597199e+00
6.33789063e-03	1.18739130e-02	2.09650151e+00
6.34277344e-03	1.18841511e-02	2.09703149e+00
6.34765625e-03	1.18943918e-02	2.09756194e+00
6.35253906e-03	1.19046351e-02	2.09809286e+00
6.35742187e-03	1.19148810e-02	2.09862424e+00
6.36230469e-03	1.19251295e-02	2.09915608e+00
6.36718750e-03	1.19353806e-02	2.09968839e+00
6.37207031e-03	1.19456343e-02	2.10022116e+00
6.37695313e-03	1.19558906e-02	2.10075440e+00
6.38183594e-03	1.19661494e-02	2.10128810e+00
6.38671875e-03	1.19764109e-02	2.10182227e+00
6.39160156e-03	1.19866751e-02	2.10235690e+00
6.39648437e-03	1.19969418e-02	2.10289200e+00
6.40136719e-03	1.20072111e-02	2.10342756e+00
6.40625000e-03	1.20174831e-02	2.10396359e+00
6.41113281e-03	1.20277576e-02	2.10450009e+00
6.41601563e-03	1.20380348e-02	2.10503705e+00
6.42089844e-03	1.20483146e-02	2.10557448e+00
6.42578125e-03	1.20585971e-02	2.10611237e+00
6.43066406e-03	1.20688821e-02	2.10665073e+00
6.43554687e-03	1.20791698e-02	2.10718956e+00
6.44042969e-03	1.20894602e-02	2.10772885e+00
6.44531250e-03	1.20997531e-02	2.10826861e+00
6.45019531e-03	1.21100487e-02	2.10880884e+00
6.45507813e-03	1.21203470e-02	2.10934954e+00
6.45996094e-03	1.21306478e-02	2.10989070e+00
6.46484375e-03	1.21409514e-02	2.11043233e+00
6.46972656e-03	1.21512575e-02	2.11097442e+00
6.47460937e-03	1.21615664e-02	2.11151699e+00
6.47949219e-03	1.21718778e-02	2.11206002e+00
6.48437500e-03	1.21821919e-02	2.11260352e+00
6.48925781e-03	1.21925087e-02	2.11314749e+00
6.49414063e-03	1.22028282e-02	2.11369193e+00
6.49902344e-03	1.22131502e-02	2.11423683e+00
6.50390625e-03	1.22234750e-02	2.11478221e+00
6.50878906e-03	1.22338024e-02	2.11532805e+00
6.51367187e-03	1.22441325e-02	2.11587436e+00
6.51855469e-03	1.22544653e-02	2.11642114e+00
6.52343750e-03	1.22648007e-02	2.11696839e+00
6.52832031e-03	1.22751388e-02	2.11751611e+00
6.53320313e-03	1.22854795e-02	2.11806429e+00
6.53808594e-03	1.22958230e-02	2.11861295e+00
6.54296875e-03	1.23061691e-02	2.11916208e+00
6.54785156e-03	1.23165179e-02	2.11971167e+00
6.55273437e-03	1.23268694e-02	2.12026174e+00
6.55761719e-03	1.23372236e-02	2.12081228e+00
6.56250000e-03	1.23475805e-02	2.12136328e+00
6.56738281e-03	1.23579401e-02	2.12191476e+00
6.57226563e-03	1.23683023e-02	2.12246670e+00
6.57714844e-03	1.23786673e-02	2.12301912e+00
6.58203125e-03	1.23890349e-02	2.12357201e+00
6.58691406e-03	1.23994053e-02	2.12412537e+00
6.59179688e-03	1.24097783e-02	2.12467920e+00
6.59667969e-03	1.24201541e-02	2.12523350e+00
6.60156250e-03	1.24305326e-02	2.12578827e+00
6.60644531e-03	1.24409138e-02	2.12634352e+00
6.61132813e-03	1.24512976e-02	2.12689923e+00
6.61621094e-03	1.24616843e-02	2.12745542e+00
6.62109375e-03	1.24720736e-02	2.12801208e+00
6.62597656e-03	1.24824656e-02	2.12856921e+00
6.63085938e-03	1.24928604e-02	2.12912681e+00
6.63574219e-03	1.25032579e-02	2.12968489e+00
6.64062500e-03	1.25136581e-02	2.13024343e+00
6.64550781e-03	1.25240610e-02	2.13080245e+00
6.65039063e-03	1.25344667e-02	2.13136195e+00
6.65527344e-03	1.25448751e-02	2.13192191e+00
6.66015625e-03	1.25552863e-02	2.13248235e+00
6.66503906e-03	1.25657001e-02	2.13304326e+00
6.66992188e-03	1.25761168e-02	2.13360465e+00
6.67480469e-03	1.25865361e-02	2.13416651e+00
6.67968750e-03	1.25969582e-02	2.13472884e+00
6.68457031e-03	1.26073831e-02	2.13529164e+00
6.68945313e-03	1.26178107e-02	2.13585492e+00
6.69433594e-03	1.26282411e-02	2.13641867e+00
6.69921875e-03	1.26386742e-02	2.13698290e+00
6.70410156e-03	1.26491100e-02	2.13754760e+00
6.70898438e-03	1.26595487e-02	2.13811278e+00
6.71386719e-03	1.26699900e-02	2.13867843e+00
6.71875000e-03	1.26804342e-02	2.13924455e+00
6.72363281e-03	1.26908811e-02	2.13981115e+00
6.72851563e-03	1.27013308e-02	2.14037823e+00
6.73339844e-03	1.27117832e-02	2.14094578e+00
6.73828125e-03	1.27222385e-02	2.14151380e+00
6.74316406e-03	1.27326965e-02	2.14208230e+00
6.74804688e-03	1.27431572e-02	2.14265128e+00
6.75292969e-03	1.27536208e-02	2.14322073e+00
6.75781250e-03	1.27640871e-02	2.14379066e+00
6.76269531e-03	1.27745562e-02	2.14436106e+00
6.76757812e-03	1.27850281e-02	2.14493194e+00
6.77246094e-03	1.27955028e-02	2.14550330e+00
6.77734375e-03	1.28059803e-02	2.14607513e+00
6.78222656e-03	1.28164606e-02	2.14664744e+00
6.78710938e-03	1.28269437e-02	2.14722022e+00
6.79199219e-03	1.28374296e-02	2.14779348e+00
6.79687500e-03	1.28479182e-02	2.14836722e+00
6.80175781e-03	1.28584097e-02	2.14894144e+00
6.80664062e-03	1.28689040e-02	2.14951613e+00
6.81152344e-03	1.28794011e-02	2.15009130e+00
6.81640625e-03	1.28899010e-02	2.15066695e+00
6.82128906e-03	1.29004037e-02	2.15124308e+00
6.82617188e-03	1.29109092e-02	2.15181968e+00
6.83105469e-03	1.29214175e-02	2.15239676e+00
6.83593750e-03	1.29319287e-02	2.15297432e+00
6.84082031e-03	1.29424427e-02	2.15355236e+00
6.84570312e-03	1.29529595e-02	2.15413088e+00
6.85058594e-03	1.29634791e-02	2.15470987e+00
6.85546875e-03	1.29740016e-02	2.15528935e+00
6.86035156e-03	1.29845269e-02	2.15586930e+00
6.86523438e-03	1.29950550e-02	2.15644973e+00
6.87011719e-03	1.30055860e-02	2.15703064e+00
6.87500000e-03	1.30161198e-02	2.15761203e+00
6.87988281e-03	1.30266564e-02	2.15819390e+00
6.88476562e-03	1.30371959e-02	2.15877625e+00
6.88964844e-03	1.30477382e-02	2.15935908e+00
6.89453125e-03	1.30582834e-02	2.15994239e+00
6.89941406e-03	1.30688314e-02	2.16052618e+00
6.90429688e-03	1.30793822e-02	2.16111045e+00
6.90917969e-03	1.30899360e-02	2.16169520e+00
6.91406250e-03	1.31004926e-02	2.16228043e+00
6.91894531e-03	1.31110520e-02	2.16286614e+00
6.92382812e-03	1.31216143e-02	2.16345233e+00
6.92871094e-03	1.31321795e-02	2.16403900e+00
6.93359375e-03	1.31427475e-02	2.16462616e+00
6.93847656e-03	1.31533184e-02	2.16521379e+00
6.94335938e-03	1.31638922e-02	2.16580191e+00
6.94824219e-03	1.31744688e-02	2.16639050e+00
6.95312500e-03	1.31850483e-02	2.16697958e+00
6.95800781e-03	1.31956307e-02	2.16756914e+00
6.96289062e-03	1.32062160e-02	2.16815919e+00
6.96777344e-03	1.32168041e-02	2.16874971e+00
6.97265625e-03	1.32273952e-02	2.16934072e+00
6.97753906e-03	1.32379891e-02	2.16993221e+00
6.98242188e-03	1.32485859e-02	2.17052418e+00
6.98730469e-03	1.32591856e-02	2.17111663e+00
6.99218750e-03	1.32697882e-02	2.17170957e+00
6.99707031e-03	1.32803937e-02	2.17230299e+00
7.00195312e-03	1.32910021e-02	2.17289690e+00
7.00683594e-03	1.33016134e-02	2.17349128e+00
7.01171875e-03	1.33122276e-02	2.17408616e+00
7.01660156e-03	1.33228447e-02	2.17468151e+00
7.02148438e-03	1.33334648e-02	2.17527735e+00
7.02636719e-03	1.33440877e-02	2.17587367e+00
7.03125000e-03	1.33547135e-02	2.17647048e+00
7.03613281e-03	1.33653423e-02	2.17706777e+00
7.04101562e-03	1.33759740e-02	2.17766554e+00
7.04589844e-03	1.33866086e-02	2.17826380e+00
7.05078125e-03	1.33972461e-02	2.17886254e+00
7.05566406e-03	1.34078865e-02	2.17946177e+00
7.06054688e-03	1.34185299e-02	2.18006149e+00
7.06542969e-03	1.34291762e-02	2.18066168e+00
7.07031250e-03	1.34398254e-02	2.18126237e+00
7.07519531e-03	1.34504776e-02	2.18186354e+00
7.08007812e-03	1.34611327e-02	2.18246519e+00
7.08496094e-03	1.34717907e-02	2.18306733e+00
7.08984375e-03	1.34824517e-02	2.18366996e+00
7.09472656e-03	1.34931156e-02	2.18427307e+00
7.09960938e-03	1.35037825e-02	2.18487667e+00
7.10449219e-03	1.35144523e-02	2.18548076e+00
7.10937500e-03	1.35251251e-02	2.18608533e+00
7.11425781e-03	1.35358008e-02	2.18669039e+00
7.11914063e-03	1.35464795e-02	2.18729593e+00
7.12402344e-03	1.35571611e-02	2.18790196e+00
7.12890625e-03	1.35678457e-02	2.18850848e+00
7.13378906e-03	1.35785332e-02	2.18911549e+00
7.13867188e-03	1.35892238e-02	2.18972298e+00
7.14355469e-03	1.35999173e-02	2.19033097e+00
7.14843750e-03	1.36106137e-02	2.19093944e+00
7.15332031e-03	1.36213132e-02	2.19154839e+00
7.15820313e-03	1.36320156e-02	2.19215784e+00
7.16308594e-03	1.36427210e-02	2.19276777e+00
7.16796875e-03	1.36534293e-02	2.19337819e+00
7.17285156e-03	1.36641407e-02	2.19398910e+00
7.17773438e-03	1.36748550e-02	2.19460050e+00
7.18261719e-03	1.36855723e-02	2.19521239e+00
7.18750000e-03	1.36962926e-02	2.19582477e+00
7.19238281e-03	1.37070159e-02	2.19643763e+00
7.19726563e-03	1.37177422e-02	2.19705099e+00
7.20214844e-03	1.37284715e-02	2.19766483e+00
7.20703125e-03	1.37392038e-02	2.19827917e+00
7.21191406e-03	1.37499391e-02	2.19889399e+00
7.21679688e-03	1.37606773e-02	2.19950930e+00
7.22167969e-03	1.37714186e-02	2.20012511e+00
7.22656250e-03	1.37821629e-02	2.20074140e+00
7.23144531e-03	1.37929103e-02	2.20135818e+00
7.23632813e-03	1.38036606e-02	2.20197546e+00
7.24121094e-03	1.38144139e-02	2.20259323e+00
7.24609375e-03	1.38251703e-02	2.20321148e+00
7.25097656e-03	1.38359297e-02	2.20383023e+00
7.25585937e-03	1.38466921e-02	2.20444947e+00
7.26074219e-03	1.38574575e-02	2.20506920e+00
7.26562500e-03	1.38682259e-02	2.20568942e+00
7.27050781e-03	1.38789974e-02	2.20631013e+00
7.27539063e-03	1.38897719e-02	2.20693134e+00
7.28027344e-03	1.39005495e-02	2.20755303e+00
7.28515625e-03	1.39113301e-02	2.20817522e+00
7.29003906e-03	1.39221137e-02	2.20879790e+00
7.29492187e-03	1.39329004e-02	2.20942108e+00
7.29980469e-03	1.39436901e-02	2.21004474e+00
7.30468750e-03	1.39544828e-02	2.21066890e+00
7.30957031e-03	1.39652787e-02	2.21129355e+00
7.31445313e-03	1.39760775e-02	2.21191870e+00
7.31933594e-03	1.39868794e-02	2.21254433e+00
7.32421875e-03	1.39976844e-02	2.21317046e+00
7.32910156e-03	1.40084924e-02	2.21379709e+00
7.33398437e-03	1.40193035e-02	2.21442421e+00
7.33886719e-03	1.40301177e-02	2.21505182e+00
7.34375000e-03	1.40409349e-02	2.21567993e+00
7.34863281e-03	1.40517552e-02	2.21630853e+00
7.35351563e-03	1.40625785e-02	2.21693762e+00
7.35839844e-03	1.40734049e-02	2.21756721e+00
7.36328125e-03	1.40842344e-02	2.21819729e+00
7.36816406e-03	1.40950670e-02	2.21882787e+00
7.37304687e-03	1.41059027e-02	2.21945894e+00
7.37792969e-03	1.41167414e-02	2.22009051e+00
7.38281250e-03	1.41275833e-02	2.22072258e+00
7.38769531e-03	1.41384282e-02	2.22135514e+00
7.39257813e-03	1.41492762e-02	2.22198819e+00
7.39746094e-03	1.41601273e-02	2.22262174e+00
7.40234375e-03	1.41709815e-02	2.22325579e+00
7.40722656e-03	1.41818388e-02	2.22389033e+00
7.41210937e-03	1.41926991e-02	2.22452537e+00
7.41699219e-03	1.42035626e-02	2.22516090e+00
7.42187500e-03	1.42144292e-02	2.22579694e+00
7.42675781e-03	1.42252989e-02	2.22643347e+00
7.43164063e-03	1.42361718e-02	2.22707049e+00
7.43652344e-03	1.42470477e-02	2.22770801e+00
7.44140625e-03	1.42579267e-02	2.22834603e+00
7.44628906e-03	1.42688089e-02	2.22898455e+00
7.45117187e-03	1.42796941e-02	2.22962356e+00
7.45605469e-03	1.42905825e-02	2.23026308e+00
7.46093750e-03	1.43014741e-02	2.23090309e+00
7.46582031e-03	1.43123687e-02	2.23154359e+00
7.47070313e-03	1.43232665e-02	2.23218460e+00
7.47558594e-03	1.43341674e-02	2.23282610e+00
7.48046875e-03	1.43450714e-02	2.23346811e+00
7.48535156e-03	1.43559786e-02	2.23411061e+00
7.49023437e-03	1.43668889e-02	2.23475361e+00
7.49511719e-03	1.43778024e-02	2.23539711e+00
7.50000000e-03	1.43887190e-02	2.23604111e+00
7.50488281e-03	1.43996387e-02	2.23668561e+00
7.50976563e-03	1.44105616e-02	2.23733060e+00
7.51464844e-03	1.44214876e-02	2.23797610e+00
7.51953125e-03	1.44324168e-02	2.23862210e+00
7.52441406e-03	1.44433492e-02	2.23926859e+00
7.52929687e-03	1.44542847e-02	2.23991559e+00
7.53417969e-03	1.44652234e-02	2.24056309e+00
7.53906250e-03	1.44761652e-02	2.24121109e+00
7.54394531e-03	1.44871102e-02	2.24185959e+00
7.54882813e-03	1.44980583e-02	2.24250859e+00
7.55371094e-03	1.45090097e-02	2.24315809e+00
7.55859375e-03	1.45199642e-02	2.24380809e+00
7.56347656e-03	1.45309219e-02	2.24445859e+00
7.56835938e-03	1.45418827e-02	2.24510959e+00
7.57324219e-03	1.45528468e-02	2.24576110e+00
7.57812500e-03	1.45638140e-02	2.24641311e+00
7.58300781e-03	1.45747844e-02	2.24706562e+00
7.58789063e-03	1.45857580e-02	2.24771863e+00
7.59277344e-03	1.45967348e-02	2.24837214e+00
7.59765625e-03	1.46077148e-02	2.24902616e+00
7.60253906e-03	1.46186979e-02	2.24968068e+00
7.60742188e-03	1.46296843e-02	2.25033570e+00
7.61230469e-03	1.46406739e-02	2.25099122e+00
7.61718750e-03	1.46516666e-02	2.25164725e+00
7.62207031e-03	1.46626626e-02	2.25230378e+00
7.62695313e-03	1.46736618e-02	2.25296082e+00
7.63183594e-03	1.46846642e-02	2.25361835e+00
7.63671875e-03	1.46956698e-02	2.25427640e+00
7.64160156e-03	1.47066786e-02	2.25493494e+00
7.64648438e-03	1.47176906e-02	2.25559399e+00
7.65136719e-03	1.47287059e-02	2.25625355e+00
7.65625000e-03	1.47397244e-02	2.25691361e+00
7.66113281e-03	1.47507461e-02	2.25757417e+00
7.66601563e-03	1.47617710e-02	2.25823524e+00
7.67089844e-03	1.47727991e-02	2.25889681e+00
7.67578125e-03	1.47838305e-02	2.25955889e+00
7.68066406e-03	1.47948651e-02	2.26022147e+00
7.68554688e-03	1.48059030e-02	2.26088456e+00
7.69042969e-03	1.48169441e-02	2.26154816e+00
7.69531250e-03	1.48279884e-02	2.26221226e+00
7.70019531e-03	1.48390360e-02	2.26287686e+00
7.70507813e-03	1.48500868e-02	2.26354198e+00
7.70996094e-03	1.48611409e-02	2.26420759e+00
7.71484375e-03	1.48721982e-02	2.26487372e+00
7.71972656e-03	1.48832588e-02	2.26554035e+00
7.72460938e-03	1.48943227e-02	2.26620749e+00
7.72949219e-03	1.49053898e-02	2.26687514e+00
7.73437500e-03	1.49164601e-02	2.26754329e+00
7.73925781e-03	1.49275337e-02	2.26821195e+00
7.74414063e-03	1.49386106e-02	2.26888112e+00
7.74902344e-03	1.49496908e-02	2.26955079e+00
7.75390625e-03	1.49607742e-02	2.27022098e+00
7.75878906e-03	1.49718609e-02	2.27089167e+00
7.76367188e-03	1.49829509e-02	2.27156287e+00
7.76855469e-03	1.49940441e-02	2.27223457e+00
7.77343750e-03	1.50051407e-02	2.27290679e+00
7.77832031e-03	1.50162405e-02	2.27357951e+00
7.78320312e-03	1.50273436e-02	2.27425275e+00
7.78808594e-03	1.50384500e-02	2.27492649e+00
7.79296875e-03	1.50495597e-02	2.27560074e+00
7.79785156e-03	1.50606727e-02	2.27627551e+00
7.80273438e-03	1.50717889e-02	2.27695078e+00
7.80761719e-03	1.50829085e-02	2.27762656e+00
7.81250000e-03	1.50940314e-02	2.27830285e+00
7.81738281e-03	1.51051576e-02	2.27897965e+00
7.82226562e-03	1.51162870e-02	2.27965696e+00
7.82714844e-03	1.51274198e-02	2.28033478e+00
7.83203125e-03	1.51385559e-02	2.28101311e+00
7.83691406e-03	1.51496954e-02	2.28169195e+00
7.84179687e-03	1.51608381e-02	2.28237131e+00
7.84667969e-03	1.51719841e-02	2.28305117e+00
7.85156250e-03	1.51831335e-02	2.28373155e+00
7.85644531e-03	1.51942862e-02	2.28441244e+00
7.86132813e-03	1.52054422e-02	2.28509383e+00
7.86621094e-03	1.52166016e-02	2.28577575e+00
7.87109375e-03	1.52277643e-02	2.28645817e+00
7.87597656e-03	1.52389303e-02	2.28714110e+00
7.88085938e-03	1.52500996e-02	2.28782455e+00
7.88574219e-03	1.52612723e-02	2.28850851e+00
7.89062500e-03	1.52724483e-02	2.28919298e+00
7.89550781e-03	1.52836277e-02	2.28987797e+00
7.90039062e-03	1.52948104e-02	2.29056347e+00
7.90527344e-03	1.53059965e-02	2.29124948e+00
7.91015625e-03	1.53171859e-02	2.29193600e+00
7.91503906e-03	1.53283787e-02	2.29262304e+00
7.91992187e-03	1.53395748e-02	2.29331059e+00
7.92480469e-03	1.53507743e-02	2.29399866e+00
7.92968750e-03	1.53619771e-02	2.29468724e+00
7.93457031e-03	1.53731834e-02	2.29537633e+00
7.93945313e-03	1.53843929e-02	2.29606594e+00
7.94433594e-03	1.53956059e-02	2.29675606e+00
7.94921875e-03	1.54068222e-02	2.29744670e+00
7.95410156e-03	1.54180419e-02	2.29813785e+00
7.95898438e-03	1.54292649e-02	2.29882952e+00
7.96386719e-03	1.54404914e-02	2.29952170e+00
7.96875000e-03	1.54517212e-02	2.30021440e+00
7.97363281e-03	1.54629544e-02	2.30090762e+00
7.97851562e-03	1.54741910e-02	2.30160135e+00
7.98339844e-03	1.54854310e-02	2.30229559e+00
7.98828125e-03	1.54966744e-02	2.30299036e+00
7.99316406e-03	1.55079211e-02	2.30368563e+00
7.99804687e-03	1.55191713e-02	2.30438143e+00
8.00292969e-03	1.55304249e-02	2.30507774e+00
8.00781250e-03	1.55416818e-02	2.30577457e+00
8.01269531e-03	1.55529422e-02	2.30647192e+00
8.01757813e-03	1.55642060e-02	2.30716978e+00
8.02246094e-03	1.55754732e-02	2.30786816e+00
8.02734375e-03	1.55867437e-02	2.30856706e+00
8.03222656e-03	1.55980178e-02	2.30926647e+00
8.03710938e-03	1.56092952e-02	2.30996641e+00
8.04199219e-03	1.56205760e-02	2.31066686e+00
8.04687500e-03	1.56318603e-02	2.31136783e+00
8.05175781e-03	1.56431480e-02	2.31206932e+00
8.05664062e-03	1.56544391e-02	2.31277132e+00
8.06152344e-03	1.56657336e-02	2.31347385e+00
8.06640625e-03	1.56770316e-02	2.31417689e+00
8.07128906e-03	1.56883330e-02	2.31488046e+00
8.07617187e-03	1.56996379e-02	2.31558454e+00
8.08105469e-03	1.57109462e-02	2.31628915e+00
8.08593750e-03	1.57222579e-02	2.31699427e+00
8.09082031e-03	1.57335730e-02	2.31769991e+00
8.09570313e-03	1.57448917e-02	2.31840607e+00
8.10058594e-03	1.57562137e-02	2.31911276e+00
8.10546875e-03	1.57675393e-02	2.31981996e+00
8.11035156e-03	1.57788682e-02	2.32052769e+00
8.11523438e-03	1.57902007e-02	2.32123593e+00
8.12011719e-03	1.58015365e-02	2.32194470e+00
8.12500000e-03	1.58128759e-02	2.32265398e+00
8.12988281e-03	1.58242187e-02	2.32336379e+00
8.13476563e-03	1.58355650e-02	2.32407412e+00
8.13964844e-03	1.58469148e-02	2.32478498e+00
8.14453125e-03	1.58582680e-02	2.32549635e+00
8.14941406e-03	1.58696247e-02	2.32620824e+00
8.15429687e-03	1.58809849e-02	2.32692066e+00
8.15917969e-03	1.58923485e-02	2.32763360e+00
8.16406250e-03	1.59037157e-02	2.32834707e+00
8.16894531e-03	1.59150863e-02	2.32906105e+00
8.17382813e-03	1.59264604e-02	2.32977556e+00
8.17871094e-03	1.59378380e-02	2.33049059e+00
8.18359375e-03	1.59492191e-02	2.33120615e+00
8.18847656e-03	1.59606037e-02	2.33192223e+00
8.19335938e-03	1.59719918e-02	2.33263883e+00
8.19824219e-03	1.59833834e-02	2.33335596e+00
8.20312500e-03	1.59947785e-02	2.33407361e+00
8.20800781e-03	1.60061771e-02	2.33479178e+00
8.21289063e-03	1.60175792e-02	2.33551048e+00
8.21777344e-03	1.60289848e-02	2.33622971e+00
8.22265625e-03	1.60403939e-02	2.33694946e+00
8.22753906e-03	1.60518065e-02	2.33766973e+00
8.23242187e-03	1.60632227e-02	2.33839053e+00
8.23730469e-03	1.60746424e-02	2.33911185e+00
8.24218750e-03	1.60860656e-02	2.33983370e+00
8.24707031e-03	1.60974923e-02	2.34055608e+00
8.25195312e-03	1.61089226e-02	2.34127898e+00
8.25683594e-03	1.61203564e-02	2.34200241e+00
8.26171875e-03	1.61317937e-02	2.34272636e+00
8.26660156e-03	1.61432346e-02	2.34345085e+00
8.27148438e-03	1.61546790e-02	2.34417585e+00
8.27636719e-03	1.61661269e-02	2.34490139e+00
8.28125000e-03	1.61775784e-02	2.34562745e+00
8.28613281e-03	1.61890334e-02	2.34635404e+00
8.29101563e-03	1.62004920e-02	2.34708115e+00
8.29589844e-03	1.62119542e-02	2.34780880e+00
8.30078125e-03	1.62234198e-02	2.34853697e+00
8.30566406e-03	1.62348891e-02	2.34926567e+00
8.31054687e-03	1.62463619e-02	2.34999489e+00
8.31542969e-03	1.62578383e-02	2.35072465e+00
8.32031250e-03	1.62693182e-02	2.35145493e+00
8.32519531e-03	1.62808017e-02	2.35218575e+00
8.33007812e-03	1.62922888e-02	2.35291709e+00
8.33496094e-03	1.63037794e-02	2.35364896e+00
8.33984375e-03	1.63152736e-02	2.35438136e+00
8.34472656e-03	1.63267714e-02	2.35511429e+00
8.34960938e-03	1.63382728e-02	2.35584775e+00
8.35449219e-03	1.63497777e-02	2.35658174e+00
8.35937500e-03	1.63612863e-02	2.35731625e+00
8.36425781e-03	1.63727984e-02	2.35805130e+00
8.36914063e-03	1.63843141e-02	2.35878688e+00
8.37402344e-03	1.63958334e-02	2.35952299e+00
8.37890625e-03	1.64073563e-02	2.36025963e+00
8.38378906e-03	1.64188828e-02	2.36099681e+00
8.38867187e-03	1.64304129e-02	2.36173451e+00
8.39355469e-03	1.64419466e-02	2.36247274e+00
8.39843750e-03	1.64534840e-02	2.36321151e+00
8.40332031e-03	1.64650249e-02	2.36395081e+00
8.40820312e-03	1.64765694e-02	2.36469064e+00
8.41308594e-03	1.64881176e-02	2.36543100e+00
8.41796875e-03	1.64996693e-02	2.36617189e+00
8.42285156e-03	1.65112247e-02	2.36691332e+00
8.42773438e-03	1.65227837e-02	2.36765528e+00
8.43261719e-03	1.65343464e-02	2.36839777e+00
8.43750000e-03	1.65459126e-02	2.36914079e+00
8.44238281e-03	1.65574825e-02	2.36988435e+00
8.44726563e-03	1.65690560e-02	2.37062844e+00
8.45214844e-03	1.65806332e-02	2.37137307e+00
8.45703125e-03	1.65922140e-02	2.37211823e+00
8.46191406e-03	1.66037984e-02	2.37286392e+00
8.46679687e-03	1.66153865e-02	2.37361015e+00
8.47167969e-03	1.66269782e-02	2.37435691e+00
8.47656250e-03	1.66385735e-02	2.37510421e+00
8.48144531e-03	1.66501726e-02	2.37585204e+00
8.48632812e-03	1.66617752e-02	2.37660040e+00
8.49121094e-03	1.66733815e-02	2.37734930e+00
8.49609375e-03	1.66849915e-02	2.37809874e+00
8.50097656e-03	1.66966052e-02	2.37884871e+00
8.50585938e-03	1.67082225e-02	2.37959922e+00
8.51074219e-03	1.67198434e-02	2.38035026e+00
8.51562500e-03	1.67314681e-02	2.38110184e+00
8.52050781e-03	1.67430964e-02	2.38185396e+00
8.52539063e-03	1.67547284e-02	2.38260661e+00
8.53027344e-03	1.67663640e-02	2.38335980e+00
8.53515625e-03	1.67780034e-02	2.38411352e+00
8.54003906e-03	1.67896464e-02	2.38486779e+00
8.54492188e-03	1.68012931e-02	2.38562259e+00
8.54980469e-03	1.68129435e-02	2.38637792e+00
8.55468750e-03	1.68245976e-02	2.38713380e+00
8.55957031e-03	1.68362553e-02	2.38789021e+00
8.56445312e-03	1.68479168e-02	2.38864716e+00
8.56933594e-03	1.68595820e-02	2.38940465e+00
8.57421875e-03	1.68712508e-02	2.39016268e+00
8.57910156e-03	1.68829234e-02	2.39092124e+00
8.58398438e-03	1.68945997e-02	2.39168035e+00
8.58886719e-03	1.69062797e-02	2.39243999e+00
8.59375000e-03	1.69179634e-02	2.39320018e+00
8.59863281e-03	1.69296508e-02	2.39396090e+00
8.60351563e-03	1.69413419e-02	2.39472216e+00
8.60839844e-03	1.69530367e-02	2.39548396e+00
8.61328125e-03	1.69647353e-02	2.39624630e+00
8.61816406e-03	1.69764376e-02	2.39700919e+00
8.62304688e-03	1.69881436e-02	2.39777261e+00
8.62792969e-03	1.69998533e-02	2.39853657e+00
8.63281250e-03	1.70115668e-02	2.39930107e+00
8.63769531e-03	1.70232840e-02	2.40006612e+00
8.64257812e-03	1.70350049e-02	2.40083170e+00
8.64746094e-03	1.70467296e-02	2.40159783e+00
8.65234375e-03	1.70584580e-02	2.40236450e+00
8.65722656e-03	1.70701902e-02	2.40313171e+00
8.66210938e-03	1.70819261e-02	2.40389946e+00
8.66699219e-03	1.70936658e-02	2.40466776e+00
8.67187500e-03	1.71054092e-02	2.40543659e+00
8.67675781e-03	1.71171564e-02	2.40620597e+00
8.68164063e-03	1.71289073e-02	2.40697589e+00
8.68652344e-03	1.71406620e-02	2.40774636e+00
8.69140625e-03	1.71524205e-02	2.40851736e+00
8.69628906e-03	1.71641827e-02	2.40928892e+00
8.70117188e-03	1.71759487e-02	2.41006101e+00
8.70605469e-03	1.71877184e-02	2.41083365e+00
8.71093750e-03	1.71994920e-02	2.41160683e+00
8.71582031e-03	1.72112693e-02	2.41238056e+00
8.72070312e-03	1.72230504e-02	2.41315483e+00
8.72558594e-03	1.72348353e-02	2.41392964e+00
8.73046875e-03	1.72466239e-02	2.41470500e+00
8.73535156e-03	1.72584164e-02	2.41548091e+00
8.74023438e-03	1.72702126e-02	2.41625736e+00
8.74511719e-03	1.72820126e-02	2.41703435e+00
8.75000000e-03	1.72938164e-02	2.41781189e+00
8.75488281e-03	1.73056241e-02	2.41858998e+00
8.75976563e-03	1.73174355e-02	2.41936861e+00
8.76464844e-03	1.73292507e-02	2.42014779e+00
8.76953125e-03	1.73410697e-02	2.42092751e+00
8.77441406e-03	1.73528926e-02	2.42170778e+00
8.77929688e-03	1.73647192e-02	2.42248860e+00
8.78417969e-03	1.73765497e-02	2.42326996e+00
8.78906250e-03	1.73883840e-02	2.42405187e+00
8.79394531e-03	1.74002221e-02	2.42483433e+00
8.79882812e-03	1.74120640e-02	2.42561734e+00
8.80371094e-03	1.74239098e-02	2.42640089e+00
8.80859375e-03	1.74357593e-02	2.42718500e+00
8.81347656e-03	1.74476127e-02	2.42796964e+00
8.81835937e-03	1.74594700e-02	2.42875484e+00
8.82324219e-03	1.74713310e-02	2.42954059e+00
8.82812500e-03	1.74831960e-02	2.43032688e+00
8.83300781e-03	1.74950647e-02	2.43111373e+00
8.83789063e-03	1.75069373e-02	2.43190112e+00
8.84277344e-03	1.75188137e-02	2.43268906e+00
8.84765625e-03	1.75306940e-02	2.43347756e+00
8.85253906e-03	1.75425782e-02	2.43426660e+00
8.85742188e-03	1.75544662e-02	2.43505619e+00
8.86230469e-03	1.75663580e-02	2.43584633e+00
8.86718750e-03	1.75782537e-02	2.43663702e+00
8.87207031e-03	1.75901533e-02	2.43742827e+00
8.87695312e-03	1.76020567e-02	2.43822006e+00
8.88183594e-03	1.76139641e-02	2.43901240e+00
8.88671875e-03	1.76258752e-02	2.43980530e+00
8.89160156e-03	1.76377903e-02	2.44059874e+00
8.89648437e-03	1.76497092e-02	2.44139274e+00
8.90136719e-03	1.76616320e-02	2.44218729e+00
8.90625000e-03	1.76735587e-02	2.44298239e+00
8.91113281e-03	1.76854893e-02	2.44377805e+00
8.91601563e-03	1.76974237e-02	2.44457425e+00
8.92089844e-03	1.77093621e-02	2.44537101e+00
8.92578125e-03	1.77213043e-02	2.44616832e+00
8.93066406e-03	1.77332504e-02	2.44696619e+00
8.93554688e-03	1.77452004e-02	2.44776460e+00
8.94042969e-03	1.77571544e-02	2.44856358e+00
8.94531250e-03	1.77691122e-02	2.44936310e+00
8.95019531e-03	1.77810739e-02	2.45016318e+00
8.95507812e-03	1.77930396e-02	2.45096381e+00
8.95996094e-03	1.78050091e-02	2.45176500e+00
8.96484375e-03	1.78169826e-02	2.45256674e+00
8.96972656e-03	1.78289600e-02	2.45336903e+00
8.97460937e-03	1.78409413e-02	2.45417188e+00
8.97949219e-03	1.78529265e-02	2.45497529e+00
8.98437500e-03	1.78649156e-02	2.45577925e+00
8.98925781e-03	1.78769087e-02	2.45658376e+00
8.99414063e-03	1.78889057e-02	2.45738884e+00
8.99902344e-03	1.79009067e-02	2.45819446e+00
9.00390625e-03	1.79129115e-02	2.45900065e+00
9.00878906e-03	1.79249203e-02	2.45980738e+00
9.01367188e-03	1.79369331e-02	2.46061468e+00
9.01855469e-03	1.79489498e-02	2.46142253e+00
9.02343750e-03	1.79609704e-02	2.46223094e+00
9.02832031e-03	1.79729950e-02	2.46303991e+00
9.03320312e-03	1.79850235e-02	2.46384943e+00
9.03808594e-03	1.79970560e-02	2.46465951e+00
9.04296875e-03	1.80090925e-02	2.46547015e+00
9.04785156e-03	1.80211329e-02	2.46628135e+00
9.05273437e-03	1.80331773e-02	2.46709310e+00
9.05761719e-03	1.80452256e-02	2.46790542e+00
9.06250000e-03	1.80572779e-02	2.46871829e+00
9.06738281e-03	1.80693342e-02	2.46953172e+00
9.07226563e-03	1.80813944e-02	2.47034571e+00
9.07714844e-03	1.80934587e-02	2.47116026e+00
9.08203125e-03	1.81055269e-02	2.47197537e+00
9.08691406e-03	1.81175990e-02	2.47279103e+00
9.09179688e-03	1.81296752e-02	2.47360726e+00
9.09667969e-03	1.81417554e-02	2.47442405e+00
9.10156250e-03	1.81538395e-02	2.47524140e+00
9.10644531e-03	1.81659276e-02	2.47605930e+00
9.11132813e-03	1.81780198e-02	2.47687777e+00
9.11621094e-03	1.81901159e-02	2.47769680e+00
9.12109375e-03	1.82022160e-02	2.47851639e+00
9.12597656e-03	1.82143202e-02	2.47933654e+00
9.13085937e-03	1.82264283e-02	2.48015726e+00
9.13574219e-03	1.82385405e-02	2.48097853e+00
9.14062500e-03	1.82506566e-02	2.48180037e+00
9.14550781e-03	1.82627768e-02	2.48262277e+00
9.15039063e-03	1.82749010e-02	2.48344573e+00
9.15527344e-03	1.82870292e-02	2.48426925e+00
9.16015625e-03	1.82991614e-02	2.48509334e+00
9.16503906e-03	1.83112977e-02	2.48591799e+00
9.16992188e-03	1.83234380e-02	2.48674320e+00
9.17480469e-03	1.83355823e-02	2.48756898e+00
9.17968750e-03	1.83477306e-02	2.48839532e+00
9.18457031e-03	1.83598830e-02	2.48922222e+00
9.18945313e-03	1.83720394e-02	2.49004969e+00
9.19433594e-03	1.83841999e-02	2.49087772e+00
9.19921875e-03	1.83963644e-02	2.49170631e+00
9.20410156e-03	1.84085330e-02	2.49253547e+00
9.20898437e-03	1.84207056e-02	2.49336520e+00
9.21386719e-03	1.84328823e-02	2.49419549e+00
9.21875000e-03	1.84450630e-02	2.49502635e+00
9.22363281e-03	1.84572477e-02	2.49585777e+00
9.22851563e-03	1.84694366e-02	2.49668975e+00
9.23339844e-03	1.84816295e-02	2.49752231e+00
9.23828125e-03	1.84938264e-02	2.49835543e+00
9.24316406e-03	1.85060275e-02	2.49918911e+00
9.24804688e-03	1.85182326e-02	2.50002336e+00
9.25292969e-03	1.85304418e-02	2.50085818e+00
9.25781250e-03	1.85426550e-02	2.50169357e+00
9.26269531e-03	1.85548724e-02	2.50252952e+00
9.26757813e-03	1.85670938e-02	2.50336604e+00
9.27246094e-03	1.85793193e-02	2.50420313e+00
9.27734375e-03	1.85915489e-02	2.50504078e+00
9.28222656e-03	1.86037826e-02	2.50587901e+00
9.28710937e-03	1.86160204e-02	2.50671780e+00
9.29199219e-03	1.86282623e-02	2.50755716e+00
9.29687500e-03	1.86405083e-02	2.50839709e+00
9.30175781e-03	1.86527583e-02	2.50923759e+00
9.30664062e-03	1.86650125e-02	2.51007866e+00
9.31152344e-03	1.86772708e-02	2.51092029e+00
9.31640625e-03	1.86895332e-02	2.51176250e+00
9.32128906e-03	1.87017998e-02	2.51260528e+00
9.32617188e-03	1.87140704e-02	2.51344862e+00
9.33105469e-03	1.87263452e-02	2.51429254e+00
9.33593750e-03	1.87386240e-02	2.51513703e+00
9.34082031e-03	1.87509070e-02	2.51598208e+00
9.34570313e-03	1.87631942e-02	2.51682771e+00
9.35058594e-03	1.87754854e-02	2.51767391e+00
9.35546875e-03	1.87877808e-02	2.51852068e+00
9.36035156e-03	1.88000804e-02	2.51936802e+00
9.36523437e-03	1.88123840e-02	2.52021594e+00
9.37011719e-03	1.88246919e-02	2.52106442e+00
9.37500000e-03	1.88370038e-02	2.52191348e+00
9.37988281e-03	1.88493199e-02	2.52276311e+00
9.38476562e-03	1.88616402e-02	2.52361332e+00
9.38964844e-03	1.88739646e-02	2.52446409e+00
9.39453125e-03	1.88862931e-02	2.52531544e+00
9.39941406e-03	1.88986259e-02	2.52616737e+00
9.40429688e-03	1.89109628e-02	2.52701986e+00
9.40917969e-03	1.89233038e-02	2.52787293e+00
9.41406250e-03	1.89356490e-02	2.52872658e+00
9.41894531e-03	1.89479984e-02	2.52958079e+00
9.42382813e-03	1.89603519e-02	2.53043559e+00
9.42871094e-03	1.89727097e-02	2.53129095e+00
9.43359375e-03	1.89850716e-02	2.53214690e+00
9.43847656e-03	1.89974377e-02	2.53300341e+00
9.44335937e-03	1.90098080e-02	2.53386050e+00
9.44824219e-03	1.90221824e-02	2.53471817e+00
9.45312500e-03	1.90345611e-02	2.53557642e+00
9.45800781e-03	1.90469439e-02	2.53643524e+00
9.46289062e-03	1.90593309e-02	2.53729463e+00
9.46777344e-03	1.90717222e-02	2.53815460e+00
9.47265625e-03	1.90841176e-02	2.53901515e+00
9.47753906e-03	1.90965172e-02	2.53987628e+00
9.48242188e-03	1.91089211e-02	2.54073798e+00
9.48730469e-03	1.91213291e-02	2.54160026e+00
9.49218750e-03	1.91337414e-02	2.54246312e+00
9.49707031e-03	1.91461579e-02	2.54332655e+00
9.50195313e-03	1.91585786e-02	2.54419056e+00
9.50683594e-03	1.91710035e-02	2.54505515e+00
9.51171875e-03	1.91834326e-02	2.54592032e+00
9.51660156e-03	1.91958660e-02	2.54678607e+00
9.52148438e-03	1.92083036e-02	2.54765240e+00
9.52636719e-03	1.92207454e-02	2.54851930e+00
9.53125000e-03	1.92331915e-02	2.54938679e+00
9.53613281e-03	1.92456418e-02	2.55025485e+00
9.54101562e-03	1.92580963e-02	2.55112350e+00
9.54589844e-03	1.92705551e-02	2.55199272e+00
9.55078125e-03	1.92830181e-02	2.55286253e+00
9.55566406e-03	1.92954854e-02	2.55373291e+00
9.56054688e-03	1.93079569e-02	2.55460388e+00
9.56542969e-03	1.93204327e-02	2.55547542e+00
9.57031250e-03	1.93329127e-02	2.55634755e+00
9.57519531e-03	1.93453970e-02	2.55722026e+00
9.58007813e-03	1.93578856e-02	2.55809355e+00
9.58496094e-03	1.93703784e-02	2.55896742e+00
9.58984375e-03	1.93828755e-02	2.55984188e+00
9.59472656e-03	1.93953769e-02	2.56071691e+00
9.59960938e-03	1.94078825e-02	2.56159253e+00
9.60449219e-03	1.94203924e-02	2.56246873e+00
9.60937500e-03	1.94329066e-02	2.56334551e+00
9.61425781e-03	1.94454251e-02	2.56422288e+00
9.61914062e-03	1.94579479e-02	2.56510083e+00
9.62402344e-03	1.94704749e-02	2.56597937e+00
9.62890625e-03	1.94830063e-02	2.56685848e+00
9.63378906e-03	1.94955419e-02	2.56773819e+00
9.63867188e-03	1.95080818e-02	2.56861847e+00
9.64355469e-03	1.95206261e-02	2.56949934e+00
9.64843750e-03	1.95331746e-02	2.57038080e+00
9.65332031e-03	1.95457274e-02	2.57126284e+00
9.65820313e-03	1.95582846e-02	2.57214546e+00
9.66308594e-03	1.95708460e-02	2.57302867e+00
9.66796875e-03	1.95834118e-02	2.57391247e+00
9.67285156e-03	1.95959819e-02	2.57479685e+00
9.67773438e-03	1.96085563e-02	2.57568182e+00
9.68261719e-03	1.96211350e-02	2.57656737e+00
9.68750000e-03	1.96337181e-02	2.57745351e+00
9.69238281e-03	1.96463055e-02	2.57834024e+00
9.69726562e-03	1.96588972e-02	2.57922756e+00
9.70214844e-03	1.96714933e-02	2.58011546e+00
9.70703125e-03	1.96840937e-02	2.58100395e+00
9.71191406e-03	1.96966984e-02	2.58189302e+00
9.71679688e-03	1.97093075e-02	2.58278269e+00
9.72167969e-03	1.97219209e-02	2.58367294e+00
9.72656250e-03	1.97345386e-02	2.58456378e+00
9.73144531e-03	1.97471608e-02	2.58545521e+00
9.73632813e-03	1.97597872e-02	2.58634723e+00
9.74121094e-03	1.97724181e-02	2.58723984e+00
9.74609375e-03	1.97850532e-02	2.58813303e+00
9.75097656e-03	1.97976928e-02	2.58902682e+00
9.75585938e-03	1.98103367e-02	2.58992120e+00
9.76074219e-03	1.98229850e-02	2.59081616e+00
9.76562500e-03	1.98356376e-02	2.59171172e+00
9.77050781e-03	1.98482947e-02	2.59260787e+00
9.77539062e-03	1.98609561e-02	2.59350460e+00
9.78027344e-03	1.98736219e-02	2.59440193e+00
9.78515625e-03	1.98862920e-02	2.59529985e+00
9.79003906e-03	1.98989666e-02	2.59619836e+00
9.79492187e-03	1.99116455e-02	2.59709746e+00
9.79980469e-03	1.99243289e-02	2.59799716e+00
9.80468750e-03	1.99370166e-02	2.59889744e+00
9.80957031e-03	1.99497087e-02	2.59979832e+00
9.81445313e-03	1.99624053e-02	2.60069979e+00
9.81933594e-03	1.99751062e-02	2.60160186e+00
9.82421875e-03	1.99878115e-02	2.60250451e+00
9.82910156e-03	2.00005213e-02	2.60340776e+00
9.83398438e-03	2.00132354e-02	2.60431161e+00
9.83886719e-03	2.00259540e-02	2.60521604e+00
9.84375000e-03	2.00386770e-02	2.60612107e+00
9.84863281e-03	2.00514044e-02	2.60702670e+00
9.85351562e-03	2.00641363e-02	2.60793292e+00
9.85839844e-03	2.00768725e-02	2.60883973e+00
9.86328125e-03	2.00896132e-02	2.60974714e+00
9.86816406e-03	2.01023583e-02	2.61065514e+00
9.87304687e-03	2.01151079e-02	2.61156374e+00
9.87792969e-03	2.01278619e-02	2.61247294e+00
9.88281250e-03	2.01406203e-02	2.61338273e+00
9.88769531e-03	2.01533832e-02	2.61429311e+00
9.89257813e-03	2.01661505e-02	2.61520410e+00
9.89746094e-03	2.01789223e-02	2.61611568e+00
9.90234375e-03	2.01916985e-02	2.61702785e+00
9.90722656e-03	2.02044792e-02	2.61794063e+00
9.91210938e-03	2.02172644e-02	2.61885400e+00
9.91699219e-03	2.02300540e-02	2.61976796e+00
9.92187500e-03	2.02428480e-02	2.62068253e+00
9.92675781e-03	2.02556466e-02	2.62159769e+00
9.93164062e-03	2.02684496e-02	2.62251345e+00
9.93652344e-03	2.02812571e-02	2.62342981e+00
9.94140625e-03	2.02940690e-02	2.62434677e+00
9.94628906e-03	2.03068854e-02	2.62526433e+00
9.95117187e-03	2.03197064e-02	2.62618249e+00
9.95605469e-03	2.03325318e-02	2.62710124e+00
9.96093750e-03	2.03453616e-02	2.62802060e+00
9.96582031e-03	2.03581960e-02	2.62894055e+00
9.97070313e-03	2.03710349e-02	2.62986111e+00
9.97558594e-03	2.03838783e-02	2.63078226e+00
9.98046875e-03	2.03967261e-02	2.63170402e+00
9.98535156e-03	2.04095785e-02	2.63262638e+00
9.99023438e-03	2.04224354e-02	2.63354933e+00
9.99511719e-03	2.04352968e-02	2.63447289e+00
1.00000000e-02	2.04481626e-02	2.63539705e+00
