0.00000000e+00	0.00000000e+00	1.40118465e+00
4.88281250e-05	6.84172133e-05	1.40118441e+00
9.76562500e-05	1.36834407e-04	1.40118386e+00
1.46484375e-04	2.05251565e-04	1.40118295e+00
1.95312500e-04	2.73668670e-04	1.40118167e+00
2.44140625e-04	3.42085704e-04	1.40118004e+00
2.92968750e-04	4.10502649e-04	1.40117804e+00
3.41796875e-04	4.78919488e-04	1.40117568e+00
3.90625000e-04	5.47336203e-04	1.40117296e+00
4.39453125e-04	6.15752776e-04	1.40116987e+00
4.88281250e-04	6.84169189e-04	1.40116642e+00
5.37109375e-04	7.52585425e-04	1.40116261e+00
5.85937500e-04	8.21001467e-04	1.40115844e+00
6.34765625e-04	8.89417295e-04	1.40115390e+00
6.83593750e-04	9.57832894e-04	1.40114901e+00
7.32421875e-04	1.02624824e-03	1.40114375e+00
7.81250000e-04	1.09466333e-03	1.40113812e+00
8.30078125e-04	1.16307813e-03	1.40113214e+00
8.78906250e-04	1.23149263e-03	1.40112579e+00
9.27734375e-04	1.29990681e-03	1.40111908e+00
9.76562500e-04	1.36832066e-03	1.40111201e+00
1.02539063e-03	1.43673415e-03	1.40110457e+00
1.07421875e-03	1.50514727e-03	1.40109678e+00
1.12304688e-03	1.57356000e-03	1.40108862e+00
1.17187500e-03	1.64197232e-03	1.40108010e+00
1.22070312e-03	1.71038422e-03	1.40107121e+00
1.26953125e-03	1.77879567e-03	1.40106197e+00
1.31835938e-03	1.84720666e-03	1.40105236e+00
1.36718750e-03	1.91561718e-03	1.40104239e+00
1.41601563e-03	1.98402720e-03	1.40103206e+00
1.46484375e-03	2.05243671e-03	1.40102137e+00
1.51367188e-03	2.12084569e-03	1.40101031e+00
1.56250000e-03	2.18925411e-03	1.40099889e+00
1.61132813e-03	2.25766198e-03	1.40098711e+00
1.66015625e-03	2.32606925e-03	1.40097497e+00
1.70898438e-03	2.39447593e-03	1.40096247e+00
1.75781250e-03	2.46288199e-03	1.40094961e+00
1.80664063e-03	2.53128741e-03	1.40093638e+00
1.85546875e-03	2.59969217e-03	1.40092280e+00
1.90429688e-03	2.66809626e-03	1.40090885e+00
1.95312500e-03	2.73649967e-03	1.40089454e+00
2.00195313e-03	2.80490236e-03	1.40087987e+00
2.05078125e-03	2.87330433e-03	1.40086484e+00
2.09960937e-03	2.94170556e-03	1.40084945e+00
2.14843750e-03	3.01010603e-03	1.40083370e+00
2.19726562e-03	3.07850572e-03	1.40081758e+00
2.24609375e-03	3.14690461e-03	1.40080111e+00
2.29492188e-03	3.21530269e-03	1.40078427e+00
2.34375000e-03	3.28369994e-03	1.40076708e+00
2.39257813e-03	3.35209634e-03	1.40074952e+00
2.44140625e-03	3.42049188e-03	1.40073161e+00
2.49023438e-03	3.48888653e-03	1.40071333e+00
2.53906250e-03	3.55728028e-03	1.40069469e+00
2.58789063e-03	3.62567311e-03	1.40067570e+00
2.63671875e-03	3.69406501e-03	1.40065634e+00
2.68554688e-03	3.76245595e-03	1.40063662e+00
2.73437500e-03	3.83084592e-03	1.40061655e+00
2.78320313e-03	3.89923490e-03	1.40059611e+00
2.83203125e-03	3.96762287e-03	1.40057532e+00
2.88085938e-03	4.03600982e-03	1.40055416e+00
2.92968750e-03	4.10439573e-03	1.40053265e+00
2.97851563e-03	4.17278058e-03	1.40051078e+00
3.02734375e-03	4.24116435e-03	1.40048855e+00
3.07617188e-03	4.30954703e-03	1.40046596e+00
3.12500000e-03	4.37792860e-03	1.40044301e+00
3.17382812e-03	4.44630904e-03	1.40041970e+00
3.22265625e-03	4.51468833e-03	1.40039603e+00
3.27148438e-03	4.58306645e-03	1.40037201e+00
3.32031250e-03	4.65144340e-03	1.40034763e+00
3.36914063e-03	4.71981914e-03	1.40032289e+00
3.41796875e-03	4.78819367e-03	1.40029779e+00
3.46679688e-03	4.85656696e-03	1.40027233e+00
3.51562500e-03	4.92493901e-03	1.40024652e+00
3.56445313e-03	4.99330978e-03	1.40022034e+00
3.61328125e-03	5.06167927e-03	1.40019382e+00
3.66210938e-03	5.13004745e-03	1.40016693e+00
3.71093750e-03	5.19841431e-03	1.40013969e+00
3.75976563e-03	5.26677983e-03	1.40011209e+00
3.80859375e-03	5.33514400e-03	1.40008413e+00
3.85742188e-03	5.40350679e-03	1.40005582e+00
3.90625000e-03	5.47186819e-03	1.40002715e+00
3.95507812e-03	5.54022818e-03	1.39999812e+00
4.00390625e-03	5.60858675e-03	1.39996874e+00
4.05273438e-03	5.67694387e-03	1.39993900e+00
4.10156250e-03	5.74529953e-03	1.39990891e+00
4.15039062e-03	5.81365371e-03	1.39987846e+00
4.19921875e-03	5.88200640e-03	1.39984766e+00
4.24804688e-03	5.95035758e-03	1.39981650e+00
4.29687500e-03	6.01870722e-03	1.39978498e+00
4.34570313e-03	6.08705532e-03	1.39975311e+00
4.39453125e-03	6.15540186e-03	1.39972089e+00
4.44335937e-03	6.22374681e-03	1.39968831e+00
4.49218750e-03	6.29209016e-03	1.39965538e+00
4.54101563e-03	6.36043189e-03	1.39962209e+00
4.58984375e-03	6.42877199e-03	1.39958845e+00
4.63867188e-03	6.49711044e-03	1.39955445e+00
4.68750000e-03	6.56544722e-03	1.39952010e+00
4.73632813e-03	6.63378232e-03	1.39948540e+00
4.78515625e-03	6.70211571e-03	1.39945035e+00
4.83398438e-03	6.77044738e-03	1.39941494e+00
4.88281250e-03	6.83877732e-03	1.39937918e+00
4.93164063e-03	6.90710550e-03	1.39934306e+00
4.98046875e-03	6.97543191e-03	1.39930660e+00
5.02929688e-03	7.04375652e-03	1.39926978e+00
5.07812500e-03	7.11207934e-03	1.39923261e+00
5.12695312e-03	7.18040033e-03	1.39919509e+00
5.17578125e-03	7.24871947e-03	1.39915722e+00
5.22460938e-03	7.31703676e-03	1.39911899e+00
5.27343750e-03	7.38535218e-03	1.39908042e+00
5.32226563e-03	7.45366570e-03	1.39904149e+00
5.37109375e-03	7.52197732e-03	1.39900221e+00
5.41992188e-03	7.59028700e-03	1.39896258e+00
5.46875000e-03	7.65859475e-03	1.39892261e+00
5.51757813e-03	7.72690053e-03	1.39888228e+00
5.56640625e-03	7.79520434e-03	1.39884160e+00
5.61523438e-03	7.86350615e-03	1.39880057e+00
5.66406250e-03	7.93180595e-03	1.39875920e+00
5.71289063e-03	8.00010372e-03	1.39871747e+00
5.76171875e-03	8.06839944e-03	1.39867540e+00
5.81054688e-03	8.13669310e-03	1.39863297e+00
5.85937500e-03	8.20498468e-03	1.39859020e+00
5.90820313e-03	8.27327417e-03	1.39854708e+00
5.95703125e-03	8.34156154e-03	1.39850362e+00
6.00585938e-03	8.40984678e-03	1.39845980e+00
6.05468750e-03	8.47812987e-03	1.39841564e+00
6.10351562e-03	8.54641080e-03	1.39837113e+00
6.15234375e-03	8.61468954e-03	1.39832627e+00
6.20117188e-03	8.68296609e-03	1.39828107e+00
6.25000000e-03	8.75124042e-03	1.39823552e+00
6.29882813e-03	8.81951252e-03	1.39818963e+00
6.34765625e-03	8.88778237e-03	1.39814339e+00
6.39648438e-03	8.95604995e-03	1.39809680e+00
6.44531250e-03	9.02431525e-03	1.39804987e+00
6.49414063e-03	9.09257825e-03	1.39800259e+00
6.54296875e-03	9.16083893e-03	1.39795497e+00
6.59179688e-03	9.22909728e-03	1.39790700e+00
6.64062500e-03	9.29735328e-03	1.39785869e+00
6.68945313e-03	9.36560691e-03	1.39781004e+00
6.73828125e-03	9.43385816e-03	1.39776104e+00
6.78710938e-03	9.50210700e-03	1.39771170e+00
6.83593750e-03	9.57035343e-03	1.39766201e+00
6.88476563e-03	9.63859743e-03	1.39761199e+00
6.93359375e-03	9.70683897e-03	1.39756162e+00
6.98242188e-03	9.77507804e-03	1.39751090e+00
7.03125000e-03	9.84331464e-03	1.39745985e+00
7.08007812e-03	9.91154872e-03	1.39740845e+00
7.12890625e-03	9.97978030e-03	1.39735672e+00
7.17773438e-03	1.00480093e-02	1.39730464e+00
7.22656250e-03	1.01162358e-02	1.39725222e+00
7.27539063e-03	1.01844597e-02	1.39719946e+00
7.32421875e-03	1.02526811e-02	1.39714636e+00
7.37304688e-03	1.03208998e-02	1.39709292e+00
7.42187500e-03	1.03891159e-02	1.39703914e+00
7.47070313e-03	1.04573294e-02	1.39698502e+00
7.51953125e-03	1.05255402e-02	1.39693056e+00
7.56835938e-03	1.05937484e-02	1.39687577e+00
7.61718750e-03	1.06619539e-02	1.39682063e+00
7.66601563e-03	1.07301566e-02	1.39676516e+00
7.71484375e-03	1.07983567e-02	1.39670935e+00
7.76367188e-03	1.08665540e-02	1.39665320e+00
7.81250000e-03	1.09347486e-02	1.39659672e+00
7.86132813e-03	1.10029404e-02	1.39653990e+00
7.91015625e-03	1.10711295e-02	1.39648274e+00
7.95898438e-03	1.11393157e-02	1.39642525e+00
8.00781250e-03	1.12074991e-02	1.39636742e+00
8.05664062e-03	1.12756797e-02	1.39630925e+00
8.10546875e-03	1.13438574e-02	1.39625075e+00
8.15429687e-03	1.14120323e-02	1.39619191e+00
8.20312500e-03	1.14802043e-02	1.39613274e+00
8.25195313e-03	1.15483734e-02	1.39607324e+00
8.30078125e-03	1.16165395e-02	1.39601340e+00
8.34960938e-03	1.16847028e-02	1.39595323e+00
8.39843750e-03	1.17528631e-02	1.39589273e+00
8.44726563e-03	1.18210204e-02	1.39583189e+00
8.49609375e-03	1.18891748e-02	1.39577072e+00
8.54492188e-03	1.19573262e-02	1.39570922e+00
8.59375000e-03	1.20254745e-02	1.39564739e+00
8.64257812e-03	1.20936198e-02	1.39558522e+00
8.69140625e-03	1.21617621e-02	1.39552273e+00
8.74023438e-03	1.22299014e-02	1.39545990e+00
8.78906250e-03	1.22980375e-02	1.39539675e+00
8.83789063e-03	1.23661706e-02	1.39533326e+00
8.88671875e-03	1.24343005e-02	1.39526945e+00
8.93554688e-03	1.25024273e-02	1.39520530e+00
8.98437500e-03	1.25705510e-02	1.39514083e+00
9.03320312e-03	1.26386715e-02	1.39507603e+00
9.08203125e-03	1.27067889e-02	1.39501090e+00
9.13085937e-03	1.27749031e-02	1.39494544e+00
9.17968750e-03	1.28430140e-02	1.39487965e+00
9.22851563e-03	1.29111218e-02	1.39481354e+00
9.27734375e-03	1.29792263e-02	1.39474711e+00
9.32617188e-03	1.30473275e-02	1.39468034e+00
9.37500000e-03	1.31154255e-02	1.39461325e+00
9.42382813e-03	1.31835202e-02	1.39454583e+00
9.47265625e-03	1.32516116e-02	1.39447809e+00
9.52148438e-03	1.33196997e-02	1.39441003e+00
9.57031250e-03	1.33877845e-02	1.39434164e+00
9.61914063e-03	1.34558659e-02	1.39427293e+00
9.66796875e-03	1.35239439e-02	1.39420389e+00
9.71679688e-03	1.35920186e-02	1.39413453e+00
9.76562500e-03	1.36600899e-02	1.39406485e+00
9.81445313e-03	1.37281577e-02	1.39399484e+00
9.86328125e-03	1.37962222e-02	1.39392452e+00
9.91210938e-03	1.38642832e-02	1.39385387e+00
9.96093750e-03	1.39323407e-02	1.39378290e+00
1.00097656e-02	1.40003948e-02	1.39371161e+00
1.00585938e-02	1.40684454e-02	1.39364000e+00
1.01074219e-02	1.41364924e-02	1.39356807e+00
1.01562500e-02	1.42045360e-02	1.39349582e+00
1.02050781e-02	1.42725760e-02	1.39342326e+00
1.02539062e-02	1.43406125e-02	1.39335037e+00
1.03027344e-02	1.44086454e-02	1.39327717e+00
1.03515625e-02	1.44766747e-02	1.39320364e+00
1.04003906e-02	1.45447004e-02	1.39312980e+00
1.04492188e-02	1.46127225e-02	1.39305565e+00
1.04980469e-02	1.46807410e-02	1.39298118e+00
1.05468750e-02	1.47487558e-02	1.39290639e+00
1.05957031e-02	1.48167670e-02	1.39283128e+00
1.06445313e-02	1.48847745e-02	1.39275586e+00
1.06933594e-02	1.49527783e-02	1.39268013e+00
1.07421875e-02	1.50207784e-02	1.39260408e+00
1.07910156e-02	1.50887748e-02	1.39252772e+00
1.08398438e-02	1.51567674e-02	1.39245104e+00
1.08886719e-02	1.52247563e-02	1.39237406e+00
1.09375000e-02	1.52927415e-02	1.39229676e+00
1.09863281e-02	1.53607228e-02	1.39221914e+00
1.10351563e-02	1.54287003e-02	1.39214122e+00
1.10839844e-02	1.54966741e-02	1.39206298e+00
1.11328125e-02	1.55646440e-02	1.39198444e+00
1.11816406e-02	1.56326101e-02	1.39190558e+00
1.12304688e-02	1.57005723e-02	1.39182642e+00
1.12792969e-02	1.57685306e-02	1.39174694e+00
1.13281250e-02	1.58364850e-02	1.39166716e+00
1.13769531e-02	1.59044356e-02	1.39158706e+00
1.14257813e-02	1.59723822e-02	1.39150666e+00
1.14746094e-02	1.60403249e-02	1.39142596e+00
1.15234375e-02	1.61082636e-02	1.39134494e+00
1.15722656e-02	1.61761984e-02	1.39126362e+00
1.16210938e-02	1.62441292e-02	1.39118199e+00
1.16699219e-02	1.63120560e-02	1.39110006e+00
1.17187500e-02	1.63799788e-02	1.39101782e+00
1.17675781e-02	1.64478976e-02	1.39093528e+00
1.18164063e-02	1.65158123e-02	1.39085243e+00
1.18652344e-02	1.65837230e-02	1.39076928e+00
1.19140625e-02	1.66516296e-02	1.39068583e+00
1.19628906e-02	1.67195322e-02	1.39060207e+00
1.20117188e-02	1.67874306e-02	1.39051802e+00
1.20605469e-02	1.68553250e-02	1.39043366e+00
1.21093750e-02	1.69232152e-02	1.39034900e+00
1.21582031e-02	1.69911012e-02	1.39026403e+00
1.22070312e-02	1.70589831e-02	1.39017877e+00
1.22558594e-02	1.71268609e-02	1.39009321e+00
1.23046875e-02	1.71947344e-02	1.39000735e+00
1.23535156e-02	1.72626038e-02	1.38992119e+00
1.24023438e-02	1.73304689e-02	1.38983473e+00
1.24511719e-02	1.73983298e-02	1.38974798e+00
1.25000000e-02	1.74661865e-02	1.38966093e+00
1.25488281e-02	1.75340389e-02	1.38957358e+00
1.25976563e-02	1.76018870e-02	1.38948593e+00
1.26464844e-02	1.76697308e-02	1.38939799e+00
1.26953125e-02	1.77375704e-02	1.38930976e+00
1.27441406e-02	1.78054056e-02	1.38922122e+00
1.27929688e-02	1.78732365e-02	1.38913240e+00
1.28417969e-02	1.79410631e-02	1.38904328e+00
1.28906250e-02	1.80088853e-02	1.38895387e+00
1.29394531e-02	1.80767031e-02	1.38886417e+00
1.29882813e-02	1.81445165e-02	1.38877417e+00
1.30371094e-02	1.82123256e-02	1.38868388e+00
1.30859375e-02	1.82801302e-02	1.38859331e+00
1.31347656e-02	1.83479304e-02	1.38850244e+00
1.31835938e-02	1.84157261e-02	1.38841128e+00
1.32324219e-02	1.84835174e-02	1.38831983e+00
1.32812500e-02	1.85513042e-02	1.38822809e+00
1.33300781e-02	1.86190865e-02	1.38813607e+00
1.33789063e-02	1.86868644e-02	1.38804376e+00
1.34277344e-02	1.87546377e-02	1.38795116e+00
1.34765625e-02	1.88224065e-02	1.38785827e+00
1.35253906e-02	1.88901707e-02	1.38776510e+00
1.35742188e-02	1.89579304e-02	1.38767164e+00
1.36230469e-02	1.90256855e-02	1.38757790e+00
1.36718750e-02	1.90934360e-02	1.38748387e+00
1.37207031e-02	1.91611820e-02	1.38738956e+00
1.37695313e-02	1.92289233e-02	1.38729496e+00
1.38183594e-02	1.92966600e-02	1.38720009e+00
1.38671875e-02	1.93643920e-02	1.38710493e+00
1.39160156e-02	1.94321194e-02	1.38700949e+00
1.39648438e-02	1.94998422e-02	1.38691376e+00
1.40136719e-02	1.95675602e-02	1.38681776e+00
1.40625000e-02	1.96352736e-02	1.38672148e+00
1.41113281e-02	1.97029823e-02	1.38662492e+00
1.41601562e-02	1.97706862e-02	1.38652808e+00
1.42089844e-02	1.98383854e-02	1.38643096e+00
1.42578125e-02	1.99060798e-02	1.38633356e+00
1.43066406e-02	1.99737695e-02	1.38623589e+00
1.43554688e-02	2.00414544e-02	1.38613794e+00
1.44042969e-02	2.01091345e-02	1.38603971e+00
1.44531250e-02	2.01768098e-02	1.38594121e+00
1.45019531e-02	2.02444803e-02	1.38584243e+00
1.45507813e-02	2.03121460e-02	1.38574338e+00
1.45996094e-02	2.03798068e-02	1.38564406e+00
1.46484375e-02	2.04474628e-02	1.38554446e+00
1.46972656e-02	2.05151139e-02	1.38544459e+00
1.47460938e-02	2.05827601e-02	1.38534445e+00
1.47949219e-02	2.06504014e-02	1.38524404e+00
1.48437500e-02	2.07180379e-02	1.38514335e+00
1.48925781e-02	2.07856693e-02	1.38504240e+00
1.49414063e-02	2.08532959e-02	1.38494118e+00
1.49902344e-02	2.09209175e-02	1.38483969e+00
1.50390625e-02	2.09885341e-02	1.38473793e+00
1.50878906e-02	2.10561458e-02	1.38463590e+00
1.51367188e-02	2.11237525e-02	1.38453361e+00
1.51855469e-02	2.11913542e-02	1.38443105e+00
1.52343750e-02	2.12589508e-02	1.38432822e+00
1.52832031e-02	2.13265425e-02	1.38422513e+00
1.53320313e-02	2.13941291e-02	1.38412178e+00
1.53808594e-02	2.14617106e-02	1.38401816e+00
1.54296875e-02	2.15292871e-02	1.38391427e+00
1.54785156e-02	2.15968585e-02	1.38381013e+00
1.55273438e-02	2.16644248e-02	1.38370572e+00
1.55761719e-02	2.17319860e-02	1.38360105e+00
1.56250000e-02	2.17995421e-02	1.38349612e+00
1.56738281e-02	2.18670930e-02	1.38339093e+00
1.57226563e-02	2.19346388e-02	1.38328548e+00
1.57714844e-02	2.20021795e-02	1.38317977e+00
1.58203125e-02	2.20697150e-02	1.38307381e+00
1.58691406e-02	2.21372453e-02	1.38296758e+00
1.59179688e-02	2.22047704e-02	1.38286110e+00
1.59667969e-02	2.22722903e-02	1.38275436e+00
1.60156250e-02	2.23398050e-02	1.38264737e+00
1.60644531e-02	2.24073144e-02	1.38254012e+00
1.61132812e-02	2.24748187e-02	1.38243262e+00
1.61621094e-02	2.25423176e-02	1.38232486e+00
1.62109375e-02	2.26098113e-02	1.38221685e+00
1.62597656e-02	2.26772997e-02	1.38210859e+00
1.63085937e-02	2.27447829e-02	1.38200008e+00
1.63574219e-02	2.28122607e-02	1.38189131e+00
1.64062500e-02	2.28797332e-02	1.38178230e+00
1.64550781e-02	2.29472003e-02	1.38167303e+00
1.65039063e-02	2.30146622e-02	1.38156352e+00
1.65527344e-02	2.30821187e-02	1.38145375e+00
1.66015625e-02	2.31495698e-02	1.38134374e+00
1.66503906e-02	2.32170155e-02	1.38123348e+00
1.66992188e-02	2.32844558e-02	1.38112298e+00
1.67480469e-02	2.33518908e-02	1.38101223e+00
1.67968750e-02	2.34193203e-02	1.38090123e+00
1.68457031e-02	2.34867444e-02	1.38078999e+00
1.68945313e-02	2.35541631e-02	1.38067851e+00
1.69433594e-02	2.36215763e-02	1.38056678e+00
1.69921875e-02	2.36889840e-02	1.38045481e+00
1.70410156e-02	2.37563863e-02	1.38034260e+00
1.70898438e-02	2.38237831e-02	1.38023015e+00
1.71386719e-02	2.38911744e-02	1.38011745e+00
1.71875000e-02	2.39585602e-02	1.38000452e+00
1.72363281e-02	2.40259405e-02	1.37989135e+00
1.72851562e-02	2.40933152e-02	1.37977794e+00
1.73339844e-02	2.41606844e-02	1.37966429e+00
1.73828125e-02	2.42280481e-02	1.37955040e+00
1.74316406e-02	2.42954061e-02	1.37943628e+00
1.74804688e-02	2.43627586e-02	1.37932193e+00
1.75292969e-02	2.44301055e-02	1.37920733e+00
1.75781250e-02	2.44974468e-02	1.37909251e+00
1.76269531e-02	2.45647825e-02	1.37897745e+00
1.76757813e-02	2.46321126e-02	1.37886216e+00
1.77246094e-02	2.46994370e-02	1.37874663e+00
1.77734375e-02	2.47667558e-02	1.37863088e+00
1.78222656e-02	2.48340689e-02	1.37851489e+00
1.78710938e-02	2.49013764e-02	1.37839867e+00
1.79199219e-02	2.49686782e-02	1.37828223e+00
1.79687500e-02	2.50359743e-02	1.37816555e+00
1.80175781e-02	2.51032647e-02	1.37804865e+00
1.80664062e-02	2.51705493e-02	1.37793152e+00
1.81152344e-02	2.52378283e-02	1.37781416e+00
1.81640625e-02	2.53051015e-02	1.37769658e+00
1.82128906e-02	2.53723690e-02	1.37757877e+00
1.82617187e-02	2.54396307e-02	1.37746074e+00
1.83105469e-02	2.55068866e-02	1.37734249e+00
1.83593750e-02	2.55741368e-02	1.37722401e+00
1.84082031e-02	2.56413811e-02	1.37710531e+00
1.84570313e-02	2.57086197e-02	1.37698639e+00
1.85058594e-02	2.57758524e-02	1.37686725e+00
1.85546875e-02	2.58430794e-02	1.37674789e+00
1.86035156e-02	2.59103005e-02	1.37662831e+00
1.86523438e-02	2.59775157e-02	1.37650851e+00
1.87011719e-02	2.60447251e-02	1.37638850e+00
1.87500000e-02	2.61119287e-02	1.37626826e+00
1.87988281e-02	2.61791263e-02	1.37614781e+00
1.88476563e-02	2.62463181e-02	1.37602715e+00
1.88964844e-02	2.63135040e-02	1.37590627e+00
1.89453125e-02	2.63806839e-02	1.37578518e+00
1.89941406e-02	2.64478580e-02	1.37566387e+00
1.90429688e-02	2.65150261e-02	1.37554235e+00
1.90917969e-02	2.65821883e-02	1.37542062e+00
1.91406250e-02	2.66493445e-02	1.37529868e+00
1.91894531e-02	2.67164948e-02	1.37517653e+00
1.92382813e-02	2.67836391e-02	1.37505417e+00
1.92871094e-02	2.68507774e-02	1.37493160e+00
1.93359375e-02	2.69179098e-02	1.37480882e+00
1.93847656e-02	2.69850361e-02	1.37468584e+00
1.94335938e-02	2.70521564e-02	1.37456265e+00
1.94824219e-02	2.71192707e-02	1.37443925e+00
1.95312500e-02	2.71863790e-02	1.37431565e+00
1.95800781e-02	2.72534812e-02	1.37419184e+00
1.96289063e-02	2.73205774e-02	1.37406784e+00
1.96777344e-02	2.73876675e-02	1.37394362e+00
1.97265625e-02	2.74547516e-02	1.37381921e+00
1.97753906e-02	2.75218296e-02	1.37369460e+00
1.98242188e-02	2.75889014e-02	1.37356978e+00
1.98730469e-02	2.76559672e-02	1.37344477e+00
1.99218750e-02	2.77230269e-02	1.37331956e+00
1.99707031e-02	2.77900805e-02	1.37319415e+00
2.00195312e-02	2.78571279e-02	1.37306854e+00
2.00683594e-02	2.79241692e-02	1.37294274e+00
2.01171875e-02	2.79912043e-02	1.37281674e+00
2.01660156e-02	2.80582333e-02	1.37269055e+00
2.02148438e-02	2.81252561e-02	1.37256417e+00
2.02636719e-02	2.81922728e-02	1.37243759e+00
2.03125000e-02	2.82592832e-02	1.37231081e+00
2.03613281e-02	2.83262875e-02	1.37218385e+00
2.04101563e-02	2.83932856e-02	1.37205670e+00
2.04589844e-02	2.84602774e-02	1.37192935e+00
2.05078125e-02	2.85272630e-02	1.37180182e+00
2.05566406e-02	2.85942424e-02	1.37167410e+00
2.06054688e-02	2.86612156e-02	1.37154619e+00
2.06542969e-02	2.87281825e-02	1.37141810e+00
2.07031250e-02	2.87951431e-02	1.37128982e+00
2.07519531e-02	2.88620975e-02	1.37116135e+00
2.08007813e-02	2.89290456e-02	1.37103270e+00
2.08496094e-02	2.89959874e-02	1.37090387e+00
2.08984375e-02	2.90629229e-02	1.37077485e+00
2.09472656e-02	2.91298521e-02	1.37064566e+00
2.09960938e-02	2.91967750e-02	1.37051628e+00
2.10449219e-02	2.92636916e-02	1.37038672e+00
2.10937500e-02	2.93306019e-02	1.37025698e+00
2.11425781e-02	2.93975058e-02	1.37012707e+00
2.11914063e-02	2.94644033e-02	1.36999697e+00
2.12402344e-02	2.95312945e-02	1.36986670e+00
2.12890625e-02	2.95981794e-02	1.36973626e+00
2.13378906e-02	2.96650578e-02	1.36960563e+00
2.13867188e-02	2.97319299e-02	1.36947484e+00
2.14355469e-02	2.97987956e-02	1.36934387e+00
2.14843750e-02	2.98656549e-02	1.36921273e+00
2.15332031e-02	2.99325078e-02	1.36908142e+00
2.15820313e-02	2.99993542e-02	1.36894993e+00
2.16308594e-02	3.00661943e-02	1.36881828e+00
2.16796875e-02	3.01330279e-02	1.36868645e+00
2.17285156e-02	3.01998551e-02	1.36855446e+00
2.17773438e-02	3.02666758e-02	1.36842230e+00
2.18261719e-02	3.03334901e-02	1.36828998e+00
2.18750000e-02	3.04002979e-02	1.36815748e+00
2.19238281e-02	3.04670992e-02	1.36802483e+00
2.19726562e-02	3.05338940e-02	1.36789201e+00
2.20214844e-02	3.06006824e-02	1.36775902e+00
2.20703125e-02	3.06674642e-02	1.36762588e+00
2.21191406e-02	3.07342396e-02	1.36749257e+00
2.21679688e-02	3.08010084e-02	1.36735910e+00
2.22167969e-02	3.08677708e-02	1.36722547e+00
2.22656250e-02	3.09345265e-02	1.36709168e+00
2.23144531e-02	3.10012758e-02	1.36695774e+00
2.23632813e-02	3.10680185e-02	1.36682364e+00
2.24121094e-02	3.11347547e-02	1.36668938e+00
2.24609375e-02	3.12014843e-02	1.36655496e+00
2.25097656e-02	3.12682073e-02	1.36642039e+00
2.25585938e-02	3.13349237e-02	1.36628567e+00
2.26074219e-02	3.14016336e-02	1.36615079e+00
2.26562500e-02	3.14683369e-02	1.36601577e+00
2.27050781e-02	3.15350336e-02	1.36588059e+00
2.27539063e-02	3.16017237e-02	1.36574526e+00
2.28027344e-02	3.16684072e-02	1.36560978e+00
2.28515625e-02	3.17350840e-02	1.36547415e+00
2.29003906e-02	3.18017542e-02	1.36533838e+00
2.29492188e-02	3.18684178e-02	1.36520246e+00
2.29980469e-02	3.19350748e-02	1.36506639e+00
2.30468750e-02	3.20017251e-02	1.36493018e+00
2.30957031e-02	3.20683687e-02	1.36479383e+00
2.31445313e-02	3.21350057e-02	1.36465733e+00
2.31933594e-02	3.22016361e-02	1.36452069e+00
2.32421875e-02	3.22682597e-02	1.36438391e+00
2.32910156e-02	3.23348767e-02	1.36424698e+00
2.33398438e-02	3.24014869e-02	1.36410992e+00
2.33886719e-02	3.24680905e-02	1.36397272e+00
2.34375000e-02	3.25346874e-02	1.36383538e+00
2.34863281e-02	3.26012776e-02	1.36369791e+00
2.35351563e-02	3.26678610e-02	1.36356030e+00
2.35839844e-02	3.27344378e-02	1.36342255e+00
2.36328125e-02	3.28010078e-02	1.36328467e+00
2.36816406e-02	3.28675710e-02	1.36314666e+00
2.37304688e-02	3.29341275e-02	1.36300852e+00
2.37792969e-02	3.30006773e-02	1.36287024e+00
2.38281250e-02	3.30672203e-02	1.36273183e+00
2.38769531e-02	3.31337566e-02	1.36259330e+00
2.39257812e-02	3.32002861e-02	1.36245463e+00
2.39746094e-02	3.32668088e-02	1.36231584e+00
2.40234375e-02	3.33333247e-02	1.36217692e+00
2.40722656e-02	3.33998339e-02	1.36203788e+00
2.41210938e-02	3.34663362e-02	1.36189871e+00
2.41699219e-02	3.35328318e-02	1.36175942e+00
2.42187500e-02	3.35993206e-02	1.36162000e+00
2.42675781e-02	3.36658025e-02	1.36148046e+00
2.43164063e-02	3.37322776e-02	1.36134080e+00
2.43652344e-02	3.37987459e-02	1.36120102e+00
2.44140625e-02	3.38652074e-02	1.36106112e+00
2.44628906e-02	3.39316621e-02	1.36092111e+00
2.45117188e-02	3.39981099e-02	1.36078097e+00
2.45605469e-02	3.40645508e-02	1.36064072e+00
2.46093750e-02	3.41309849e-02	1.36050036e+00
2.46582031e-02	3.41974122e-02	1.36035988e+00
2.47070313e-02	3.42638326e-02	1.36021928e+00
2.47558594e-02	3.43302461e-02	1.36007858e+00
2.48046875e-02	3.43966527e-02	1.35993776e+00
2.48535156e-02	3.44630525e-02	1.35979683e+00
2.49023438e-02	3.45294454e-02	1.35965579e+00
2.49511719e-02	3.45958314e-02	1.35951464e+00
2.50000000e-02	3.46622105e-02	1.35937339e+00
2.50488281e-02	3.47285827e-02	1.35923202e+00
2.50976563e-02	3.47949480e-02	1.35909056e+00
2.51464844e-02	3.48613064e-02	1.35894898e+00
2.51953125e-02	3.49276579e-02	1.35880731e+00
2.52441406e-02	3.49940024e-02	1.35866553e+00
2.52929688e-02	3.50603400e-02	1.35852364e+00
2.53417969e-02	3.51266707e-02	1.35838166e+00
2.53906250e-02	3.51929945e-02	1.35823958e+00
2.54394531e-02	3.52593113e-02	1.35809740e+00
2.54882813e-02	3.53256212e-02	1.35795511e+00
2.55371094e-02	3.53919241e-02	1.35781274e+00
2.55859375e-02	3.54582201e-02	1.35767026e+00
2.56347656e-02	3.55245091e-02	1.35752769e+00
2.56835938e-02	3.55907912e-02	1.35738503e+00
2.57324219e-02	3.56570662e-02	1.35724227e+00
2.57812500e-02	3.57233343e-02	1.35709942e+00
2.58300781e-02	3.57895955e-02	1.35695648e+00
2.58789062e-02	3.58558496e-02	1.35681345e+00
2.59277344e-02	3.59220968e-02	1.35667033e+00
2.59765625e-02	3.59883370e-02	1.35652712e+00
2.60253906e-02	3.60545701e-02	1.35638383e+00
2.60742188e-02	3.61207963e-02	1.35624045e+00
2.61230469e-02	3.61870155e-02	1.35609698e+00
2.61718750e-02	3.62532277e-02	1.35595343e+00
2.62207031e-02	3.63194328e-02	1.35580979e+00
2.62695313e-02	3.63856310e-02	1.35566608e+00
2.63183594e-02	3.64518221e-02	1.35552228e+00
2.63671875e-02	3.65180062e-02	1.35537840e+00
2.64160156e-02	3.65841832e-02	1.35523444e+00
2.64648438e-02	3.66503533e-02	1.35509040e+00
2.65136719e-02	3.67165163e-02	1.35494629e+00
2.65625000e-02	3.67826723e-02	1.35480210e+00
2.66113281e-02	3.68488212e-02	1.35465783e+00
2.66601563e-02	3.69149631e-02	1.35451349e+00
2.67089844e-02	3.69810979e-02	1.35436908e+00
2.67578125e-02	3.70472257e-02	1.35422459e+00
2.68066406e-02	3.71133464e-02	1.35408003e+00
2.68554688e-02	3.71794600e-02	1.35393541e+00
2.69042969e-02	3.72455666e-02	1.35379071e+00
2.69531250e-02	3.73116662e-02	1.35364594e+00
2.70019531e-02	3.73777586e-02	1.35350111e+00
2.70507813e-02	3.74438440e-02	1.35335621e+00
2.70996094e-02	3.75099223e-02	1.35321125e+00
2.71484375e-02	3.75759935e-02	1.35306622e+00
2.71972656e-02	3.76420577e-02	1.35292113e+00
2.72460938e-02	3.77081147e-02	1.35277598e+00
2.72949219e-02	3.77741647e-02	1.35263077e+00
2.73437500e-02	3.78402076e-02	1.35248549e+00
2.73925781e-02	3.79062434e-02	1.35234016e+00
2.74414063e-02	3.79722721e-02	1.35219477e+00
2.74902344e-02	3.80382936e-02	1.35204932e+00
2.75390625e-02	3.81043081e-02	1.35190382e+00
2.75878906e-02	3.81703155e-02	1.35175826e+00
2.76367188e-02	3.82363158e-02	1.35161265e+00
2.76855469e-02	3.83023089e-02	1.35146698e+00
2.77343750e-02	3.83682950e-02	1.35132127e+00
2.77832031e-02	3.84342739e-02	1.35117550e+00
2.78320312e-02	3.85002457e-02	1.35102968e+00
2.78808594e-02	3.85662104e-02	1.35088382e+00
2.79296875e-02	3.86321679e-02	1.35073791e+00
2.79785156e-02	3.86981184e-02	1.35059195e+00
2.80273438e-02	3.87640617e-02	1.35044595e+00
2.80761719e-02	3.88299979e-02	1.35029990e+00
2.81250000e-02	3.88959269e-02	1.35015381e+00
2.81738281e-02	3.89618488e-02	1.35000767e+00
2.82226563e-02	3.90277636e-02	1.34986150e+00
2.82714844e-02	3.90936712e-02	1.34971528e+00
2.83203125e-02	3.91595717e-02	1.34956903e+00
2.83691406e-02	3.92254651e-02	1.34942274e+00
2.84179688e-02	3.92913513e-02	1.34927641e+00
2.84667969e-02	3.93572303e-02	1.34913004e+00
2.85156250e-02	3.94231023e-02	1.34898364e+00
2.85644531e-02	3.94889670e-02	1.34883721e+00
2.86132813e-02	3.95548246e-02	1.34869075e+00
2.86621094e-02	3.96206751e-02	1.34854425e+00
2.87109375e-02	3.96865184e-02	1.34839772e+00
2.87597656e-02	3.97523546e-02	1.34825117e+00
2.88085938e-02	3.98181836e-02	1.34810458e+00
2.88574219e-02	3.98840054e-02	1.34795797e+00
2.89062500e-02	3.99498201e-02	1.34781133e+00
2.89550781e-02	4.00156276e-02	1.34766467e+00
2.90039063e-02	4.00814280e-02	1.34751798e+00
2.90527344e-02	4.01472212e-02	1.34737127e+00
2.91015625e-02	4.02130072e-02	1.34722454e+00
2.91503906e-02	4.02787861e-02	1.34707779e+00
2.91992188e-02	4.03445578e-02	1.34693102e+00
2.92480469e-02	4.04103223e-02	1.34678423e+00
2.92968750e-02	4.04760797e-02	1.34663742e+00
2.93457031e-02	4.05418299e-02	1.34649060e+00
2.93945313e-02	4.06075729e-02	1.34634376e+00
2.94433594e-02	4.06733087e-02	1.34619691e+00
2.94921875e-02	4.07390374e-02	1.34605004e+00
2.95410156e-02	4.08047589e-02	1.34590316e+00
2.95898438e-02	4.08704733e-02	1.34575627e+00
2.96386719e-02	4.09361804e-02	1.34560938e+00
2.96875000e-02	4.10018804e-02	1.34546247e+00
2.97363281e-02	4.10675733e-02	1.34531556e+00
2.97851562e-02	4.11332589e-02	1.34516864e+00
2.98339844e-02	4.11989374e-02	1.34502171e+00
2.98828125e-02	4.12646087e-02	1.34487478e+00
2.99316406e-02	4.13302728e-02	1.34472785e+00
2.99804688e-02	4.13959298e-02	1.34458092e+00
3.00292969e-02	4.14615795e-02	1.34443398e+00
3.00781250e-02	4.15272221e-02	1.34428705e+00
3.01269531e-02	4.15928576e-02	1.34414011e+00
3.01757813e-02	4.16584858e-02	1.34399318e+00
3.02246094e-02	4.17241069e-02	1.34384626e+00
3.02734375e-02	4.17897208e-02	1.34369934e+00
3.03222656e-02	4.18553275e-02	1.34355242e+00
3.03710938e-02	4.19209271e-02	1.34340551e+00
3.04199219e-02	4.19865195e-02	1.34325861e+00
3.04687500e-02	4.20521047e-02	1.34311172e+00
3.05175781e-02	4.21176827e-02	1.34296484e+00
3.05664063e-02	4.21832536e-02	1.34281797e+00
3.06152344e-02	4.22488173e-02	1.34267112e+00
3.06640625e-02	4.23143738e-02	1.34252428e+00
3.07128906e-02	4.23799232e-02	1.34237745e+00
3.07617188e-02	4.24454654e-02	1.34223064e+00
3.08105469e-02	4.25110004e-02	1.34208385e+00
3.08593750e-02	4.25765283e-02	1.34193707e+00
3.09082031e-02	4.26420490e-02	1.34179032e+00
3.09570313e-02	4.27075625e-02	1.34164358e+00
3.10058594e-02	4.27730688e-02	1.34149687e+00
3.10546875e-02	4.28385680e-02	1.34135018e+00
3.11035156e-02	4.29040601e-02	1.34120352e+00
3.11523438e-02	4.29695449e-02	1.34105688e+00
3.12011719e-02	4.30350227e-02	1.34091027e+00
3.12500000e-02	4.31004932e-02	1.34076368e+00
3.12988281e-02	4.31659566e-02	1.34061713e+00
3.13476563e-02	4.32314129e-02	1.34047060e+00
3.13964844e-02	4.32968619e-02	1.34032411e+00
3.14453125e-02	4.33623039e-02	1.34017765e+00
3.14941406e-02	4.34277387e-02	1.34003122e+00
3.15429688e-02	4.34931663e-02	1.33988482e+00
3.15917969e-02	4.35585868e-02	1.33973847e+00
3.16406250e-02	4.36240001e-02	1.33959215e+00
3.16894531e-02	4.36894063e-02	1.33944586e+00
3.17382812e-02	4.37548054e-02	1.33929962e+00
3.17871094e-02	4.38201973e-02	1.33915342e+00
3.18359375e-02	4.38855821e-02	1.33900726e+00
3.18847656e-02	4.39509597e-02	1.33886114e+00
3.19335938e-02	4.40163303e-02	1.33871507e+00
3.19824219e-02	4.40816936e-02	1.33856904e+00
3.20312500e-02	4.41470499e-02	1.33842306e+00
3.20800781e-02	4.42123990e-02	1.33827713e+00
3.21289062e-02	4.42777410e-02	1.33813124e+00
3.21777344e-02	4.43430759e-02	1.33798541e+00
3.22265625e-02	4.44084037e-02	1.33783962e+00
3.22753906e-02	4.44737243e-02	1.33769389e+00
3.23242188e-02	4.45390378e-02	1.33754821e+00
3.23730469e-02	4.46043442e-02	1.33740259e+00
3.24218750e-02	4.46696436e-02	1.33725702e+00
3.24707031e-02	4.47349358e-02	1.33711151e+00
3.25195313e-02	4.48002209e-02	1.33696606e+00
3.25683594e-02	4.48654988e-02	1.33682067e+00
3.26171875e-02	4.49307697e-02	1.33667534e+00
3.26660156e-02	4.49960336e-02	1.33653007e+00
3.27148438e-02	4.50612903e-02	1.33638487e+00
3.27636719e-02	4.51265399e-02	1.33623972e+00
3.28125000e-02	4.51917824e-02	1.33609465e+00
3.28613281e-02	4.52570179e-02	1.33594964e+00
3.29101563e-02	4.53222463e-02	1.33580470e+00
3.29589844e-02	4.53874676e-02	1.33565983e+00
3.30078125e-02	4.54526818e-02	1.33551503e+00
3.30566406e-02	4.55178890e-02	1.33537030e+00
3.31054687e-02	4.55830890e-02	1.33522564e+00
3.31542969e-02	4.56482821e-02	1.33508106e+00
3.32031250e-02	4.57134681e-02	1.33493655e+00
3.32519531e-02	4.57786470e-02	1.33479212e+00
3.33007813e-02	4.58438189e-02	1.33464777e+00
3.33496094e-02	4.59089837e-02	1.33450349e+00
3.33984375e-02	4.59741415e-02	1.33435930e+00
3.34472656e-02	4.60392922e-02	1.33421519e+00
3.34960938e-02	4.61044359e-02	1.33407116e+00
3.35449219e-02	4.61695726e-02	1.33392721e+00
3.35937500e-02	4.62347022e-02	1.33378335e+00
3.36425781e-02	4.62998249e-02	1.33363958e+00
3.36914062e-02	4.63649405e-02	1.33349589e+00
3.37402344e-02	4.64300491e-02	1.33335230e+00
3.37890625e-02	4.64951507e-02	1.33320879e+00
3.38378906e-02	4.65602453e-02	1.33306537e+00
3.38867188e-02	4.66253328e-02	1.33292205e+00
3.39355469e-02	4.66904134e-02	1.33277882e+00
3.39843750e-02	4.67554870e-02	1.33263568e+00
3.40332031e-02	4.68205536e-02	1.33249264e+00
3.40820312e-02	4.68856133e-02	1.33234970e+00
3.41308594e-02	4.69506659e-02	1.33220686e+00
3.41796875e-02	4.70157116e-02	1.33206412e+00
3.42285156e-02	4.70807503e-02	1.33192148e+00
3.42773438e-02	4.71457821e-02	1.33177894e+00
3.43261719e-02	4.72108068e-02	1.33163650e+00
3.43750000e-02	4.72758247e-02	1.33149417e+00
3.44238281e-02	4.73408356e-02	1.33135195e+00
3.44726563e-02	4.74058395e-02	1.33120983e+00
3.45214844e-02	4.74708365e-02	1.33106783e+00
3.45703125e-02	4.75358266e-02	1.33092593e+00
3.46191406e-02	4.76008098e-02	1.33078414e+00
3.46679688e-02	4.76657860e-02	1.33064247e+00
3.47167969e-02	4.77307553e-02	1.33050091e+00
3.47656250e-02	4.77957177e-02	1.33035947e+00
3.48144531e-02	4.78606733e-02	1.33021814e+00
3.48632813e-02	4.79256219e-02	1.33007693e+00
3.49121094e-02	4.79905636e-02	1.32993584e+00
3.49609375e-02	4.80554984e-02	1.32979486e+00
3.50097656e-02	4.81204264e-02	1.32965402e+00
3.50585937e-02	4.81853474e-02	1.32951329e+00
3.51074219e-02	4.82502616e-02	1.32937269e+00
3.51562500e-02	4.83151690e-02	1.32923221e+00
3.52050781e-02	4.83800695e-02	1.32909186e+00
3.52539063e-02	4.84449631e-02	1.32895163e+00
3.53027344e-02	4.85098499e-02	1.32881154e+00
3.53515625e-02	4.85747299e-02	1.32867158e+00
3.54003906e-02	4.86396030e-02	1.32853174e+00
3.54492188e-02	4.87044693e-02	1.32839204e+00
3.54980469e-02	4.87693288e-02	1.32825248e+00
3.55468750e-02	4.88341815e-02	1.32811305e+00
3.55957031e-02	4.88990273e-02	1.32797376e+00
3.56445312e-02	4.89638664e-02	1.32783460e+00
3.56933594e-02	4.90286987e-02	1.32769559e+00
3.57421875e-02	4.90935242e-02	1.32755672e+00
3.57910156e-02	4.91583429e-02	1.32741798e+00
3.58398438e-02	4.92231549e-02	1.32727940e+00
3.58886719e-02	4.92879600e-02	1.32714095e+00
3.59375000e-02	4.93527585e-02	1.32700266e+00
3.59863281e-02	4.94175501e-02	1.32686450e+00
3.60351562e-02	4.94823351e-02	1.32672650e+00
3.60839844e-02	4.95471133e-02	1.32658865e+00
3.61328125e-02	4.96118848e-02	1.32645095e+00
3.61816406e-02	4.96766495e-02	1.32631340e+00
3.62304688e-02	4.97414076e-02	1.32617601e+00
3.62792969e-02	4.98061589e-02	1.32603877e+00
3.63281250e-02	4.98709035e-02	1.32590169e+00
3.63769531e-02	4.99356415e-02	1.32576476e+00
3.64257813e-02	5.00003728e-02	1.32562800e+00
3.64746094e-02	5.00650973e-02	1.32549139e+00
3.65234375e-02	5.01298153e-02	1.32535495e+00
3.65722656e-02	5.01945265e-02	1.32521867e+00
3.66210938e-02	5.02592312e-02	1.32508255e+00
3.66699219e-02	5.03239291e-02	1.32494660e+00
3.67187500e-02	5.03886205e-02	1.32481082e+00
3.67675781e-02	5.04533052e-02	1.32467520e+00
3.68164063e-02	5.05179833e-02	1.32453976e+00
3.68652344e-02	5.05826548e-02	1.32440448e+00
3.69140625e-02	5.06473197e-02	1.32426938e+00
3.69628906e-02	5.07119780e-02	1.32413445e+00
3.70117187e-02	5.07766297e-02	1.32399970e+00
3.70605469e-02	5.08412748e-02	1.32386512e+00
3.71093750e-02	5.09059134e-02	1.32373072e+00
3.71582031e-02	5.09705454e-02	1.32359650e+00
3.72070313e-02	5.10351709e-02	1.32346246e+00
3.72558594e-02	5.10997898e-02	1.32332860e+00
3.73046875e-02	5.11644022e-02	1.32319493e+00
3.73535156e-02	5.12290081e-02	1.32306144e+00
3.74023438e-02	5.12936074e-02	1.32292813e+00
3.74511719e-02	5.13582003e-02	1.32279502e+00
3.75000000e-02	5.14227866e-02	1.32266209e+00
3.75488281e-02	5.14873665e-02	1.32252935e+00
3.75976562e-02	5.15519399e-02	1.32239680e+00
3.76464844e-02	5.16165068e-02	1.32226445e+00
3.76953125e-02	5.16810673e-02	1.32213229e+00
3.77441406e-02	5.17456213e-02	1.32200032e+00
3.77929688e-02	5.18101689e-02	1.32186855e+00
3.78417969e-02	5.18747100e-02	1.32173698e+00
3.78906250e-02	5.19392447e-02	1.32160561e+00
3.79394531e-02	5.20037731e-02	1.32147444e+00
3.79882813e-02	5.20682950e-02	1.32134347e+00
3.80371094e-02	5.21328105e-02	1.32121270e+00
3.80859375e-02	5.21973197e-02	1.32108214e+00
3.81347656e-02	5.22618225e-02	1.32095179e+00
3.81835938e-02	5.23263189e-02	1.32082164e+00
3.82324219e-02	5.23908089e-02	1.32069170e+00
3.82812500e-02	5.24552927e-02	1.32056197e+00
3.83300781e-02	5.25197701e-02	1.32043246e+00
3.83789063e-02	5.25842412e-02	1.32030316e+00
3.84277344e-02	5.26487059e-02	1.32017407e+00
3.84765625e-02	5.27131644e-02	1.32004519e+00
3.85253906e-02	5.27776166e-02	1.31991654e+00
3.85742188e-02	5.28420625e-02	1.31978810e+00
3.86230469e-02	5.29065022e-02	1.31965989e+00
3.86718750e-02	5.29709356e-02	1.31953189e+00
3.87207031e-02	5.30353627e-02	1.31940412e+00
3.87695313e-02	5.30997836e-02	1.31927657e+00
3.88183594e-02	5.31641983e-02	1.31914925e+00
3.88671875e-02	5.32286068e-02	1.31902216e+00
3.89160156e-02	5.32930091e-02	1.31889529e+00
3.89648438e-02	5.33574052e-02	1.31876865e+00
3.90136719e-02	5.34217951e-02	1.31864225e+00
3.90625000e-02	5.34861788e-02	1.31851607e+00
3.91113281e-02	5.35505564e-02	1.31839013e+00
3.91601563e-02	5.36149279e-02	1.31826443e+00
3.92089844e-02	5.36792932e-02	1.31813896e+00
3.92578125e-02	5.37436524e-02	1.31801374e+00
3.93066406e-02	5.38080055e-02	1.31788875e+00
3.93554688e-02	5.38723525e-02	1.31776400e+00
3.94042969e-02	5.39366934e-02	1.31763949e+00
3.94531250e-02	5.40010282e-02	1.31751523e+00
3.95019531e-02	5.40653570e-02	1.31739122e+00
3.95507812e-02	5.41296797e-02	1.31726745e+00
3.95996094e-02	5.41939964e-02	1.31714393e+00
3.96484375e-02	5.42583070e-02	1.31702065e+00
3.96972656e-02	5.43226117e-02	1.31689763e+00
3.97460938e-02	5.43869103e-02	1.31677487e+00
3.97949219e-02	5.44512030e-02	1.31665235e+00
3.98437500e-02	5.45154897e-02	1.31653009e+00
3.98925781e-02	5.45797704e-02	1.31640809e+00
3.99414063e-02	5.46440452e-02	1.31628635e+00
3.99902344e-02	5.47083140e-02	1.31616486e+00
4.00390625e-02	5.47725769e-02	1.31604364e+00
4.00878906e-02	5.48368339e-02	1.31592268e+00
4.01367188e-02	5.49010850e-02	1.31580198e+00
4.01855469e-02	5.49653302e-02	1.31568155e+00
4.02343750e-02	5.50295695e-02	1.31556138e+00
4.02832031e-02	5.50938030e-02	1.31544149e+00
4.03320313e-02	5.51580306e-02	1.31532186e+00
4.03808594e-02	5.52222524e-02	1.31520250e+00
4.04296875e-02	5.52864683e-02	1.31508342e+00
4.04785156e-02	5.53506785e-02	1.31496461e+00
4.05273438e-02	5.54148829e-02	1.31484608e+00
4.05761719e-02	5.54790814e-02	1.31472782e+00
4.06250000e-02	5.55432743e-02	1.31460984e+00
4.06738281e-02	5.56074613e-02	1.31449214e+00
4.07226563e-02	5.56716426e-02	1.31437472e+00
4.07714844e-02	5.57358182e-02	1.31425759e+00
4.08203125e-02	5.57999881e-02	1.31414074e+00
4.08691406e-02	5.58641523e-02	1.31402417e+00
4.09179688e-02	5.59283108e-02	1.31390789e+00
4.09667969e-02	5.59924636e-02	1.31379190e+00
4.10156250e-02	5.60566108e-02	1.31367621e+00
4.10644531e-02	5.61207523e-02	1.31356080e+00
4.11132813e-02	5.61848882e-02	1.31344568e+00
4.11621094e-02	5.62490185e-02	1.31333086e+00
4.12109375e-02	5.63131432e-02	1.31321634e+00
4.12597656e-02	5.63772623e-02	1.31310211e+00
4.13085938e-02	5.64413758e-02	1.31298818e+00
4.13574219e-02	5.65054838e-02	1.31287455e+00
4.14062500e-02	5.65695862e-02	1.31276123e+00
4.14550781e-02	5.66336832e-02	1.31264821e+00
4.15039062e-02	5.66977746e-02	1.31253549e+00
4.15527344e-02	5.67618605e-02	1.31242308e+00
4.16015625e-02	5.68259409e-02	1.31231097e+00
4.16503906e-02	5.68900158e-02	1.31219918e+00
4.16992188e-02	5.69540853e-02	1.31208770e+00
4.17480469e-02	5.70181494e-02	1.31197652e+00
4.17968750e-02	5.70822080e-02	1.31186567e+00
4.18457031e-02	5.71462613e-02	1.31175512e+00
4.18945313e-02	5.72103091e-02	1.31164490e+00
4.19433594e-02	5.72743516e-02	1.31153499e+00
4.19921875e-02	5.73383887e-02	1.31142540e+00
4.20410156e-02	5.74024205e-02	1.31131614e+00
4.20898438e-02	5.74664470e-02	1.31120719e+00
4.21386719e-02	5.75304681e-02	1.31109858e+00
4.21875000e-02	5.75944839e-02	1.31099028e+00
4.22363281e-02	5.76584945e-02	1.31088232e+00
4.22851563e-02	5.77224998e-02	1.31077468e+00
4.23339844e-02	5.77864999e-02	1.31066737e+00
4.23828125e-02	5.78504947e-02	1.31056040e+00
4.24316406e-02	5.79144843e-02	1.31045375e+00
4.24804688e-02	5.79784687e-02	1.31034745e+00
4.25292969e-02	5.80424479e-02	1.31024148e+00
4.25781250e-02	5.81064220e-02	1.31013584e+00
4.26269531e-02	5.81703909e-02	1.31003055e+00
4.26757813e-02	5.82343546e-02	1.30992560e+00
4.27246094e-02	5.82983133e-02	1.30982099e+00
4.27734375e-02	5.83622668e-02	1.30971672e+00
4.28222656e-02	5.84262153e-02	1.30961280e+00
4.28710938e-02	5.84901587e-02	1.30950923e+00
4.29199219e-02	5.85540971e-02	1.30940600e+00
4.29687500e-02	5.86180304e-02	1.30930313e+00
4.30175781e-02	5.86819587e-02	1.30920061e+00
4.30664063e-02	5.87458821e-02	1.30909844e+00
4.31152344e-02	5.88098004e-02	1.30899662e+00
4.31640625e-02	5.88737138e-02	1.30889516e+00
4.32128906e-02	5.89376222e-02	1.30879406e+00
4.32617188e-02	5.90015257e-02	1.30869332e+00
4.33105469e-02	5.90654243e-02	1.30859294e+00
4.33593750e-02	5.91293180e-02	1.30849292e+00
4.34082031e-02	5.91932068e-02	1.30839327e+00
4.34570312e-02	5.92570908e-02	1.30829398e+00
4.35058594e-02	5.93209699e-02	1.30819506e+00
4.35546875e-02	5.93848442e-02	1.30809650e+00
4.36035156e-02	5.94487137e-02	1.30799832e+00
4.36523438e-02	5.95125784e-02	1.30790051e+00
4.37011719e-02	5.95764384e-02	1.30780307e+00
4.37500000e-02	5.96402936e-02	1.30770601e+00
4.37988281e-02	5.97041440e-02	1.30760932e+00
4.38476563e-02	5.97679898e-02	1.30751301e+00
4.38964844e-02	5.98318309e-02	1.30741709e+00
4.39453125e-02	5.98956673e-02	1.30732154e+00
4.39941406e-02	5.99594990e-02	1.30722637e+00
4.40429688e-02	6.00233261e-02	1.30713159e+00
4.40917969e-02	6.00871486e-02	1.30703720e+00
4.41406250e-02	6.01509665e-02	1.30694319e+00
4.41894531e-02	6.02147798e-02	1.30684958e+00
4.42382813e-02	6.02785885e-02	1.30675635e+00
4.42871094e-02	6.03423927e-02	1.30666351e+00
4.43359375e-02	6.04061924e-02	1.30657107e+00
4.43847656e-02	6.04699875e-02	1.30647903e+00
4.44335938e-02	6.05337782e-02	1.30638738e+00
4.44824219e-02	6.05975644e-02	1.30629613e+00
4.45312500e-02	6.06613462e-02	1.30620528e+00
4.45800781e-02	6.07251236e-02	1.30611483e+00
4.46289063e-02	6.07888965e-02	1.30602479e+00
4.46777344e-02	6.08526650e-02	1.30593515e+00
4.47265625e-02	6.09164292e-02	1.30584591e+00
4.47753906e-02	6.09801891e-02	1.30575709e+00
4.48242188e-02	6.10439446e-02	1.30566867e+00
4.48730469e-02	6.11076958e-02	1.30558067e+00
4.49218750e-02	6.11714427e-02	1.30549308e+00
4.49707031e-02	6.12351854e-02	1.30540590e+00
4.50195313e-02	6.12989238e-02	1.30531914e+00
4.50683594e-02	6.13626579e-02	1.30523280e+00
4.51171875e-02	6.14263879e-02	1.30514687e+00
4.51660156e-02	6.14901137e-02	1.30506137e+00
4.52148438e-02	6.15538353e-02	1.30497629e+00
4.52636719e-02	6.16175528e-02	1.30489164e+00
4.53125000e-02	6.16812662e-02	1.30480741e+00
4.53613281e-02	6.17449754e-02	1.30472361e+00
4.54101562e-02	6.18086806e-02	1.30464023e+00
4.54589844e-02	6.18723817e-02	1.30455729e+00
4.55078125e-02	6.19360788e-02	1.30447478e+00
4.55566406e-02	6.19997718e-02	1.30439271e+00
4.56054688e-02	6.20634609e-02	1.30431107e+00
4.56542969e-02	6.21271460e-02	1.30422986e+00
4.57031250e-02	6.21908271e-02	1.30414910e+00
4.57519531e-02	6.22545043e-02	1.30406878e+00
4.58007813e-02	6.23181776e-02	1.30398889e+00
4.58496094e-02	6.23818470e-02	1.30390946e+00
4.58984375e-02	6.24455125e-02	1.30383047e+00
4.59472656e-02	6.25091742e-02	1.30375192e+00
4.59960938e-02	6.25728320e-02	1.30367382e+00
4.60449219e-02	6.26364861e-02	1.30359618e+00
4.60937500e-02	6.27001363e-02	1.30351899e+00
4.61425781e-02	6.27637829e-02	1.30344225e+00
4.61914063e-02	6.28274256e-02	1.30336596e+00
4.62402344e-02	6.28910647e-02	1.30329013e+00
4.62890625e-02	6.29547001e-02	1.30321476e+00
4.63378906e-02	6.30183318e-02	1.30313986e+00
4.63867188e-02	6.30819598e-02	1.30306541e+00
4.64355469e-02	6.31455843e-02	1.30299143e+00
4.64843750e-02	6.32092051e-02	1.30291791e+00
4.65332031e-02	6.32728224e-02	1.30284486e+00
4.65820313e-02	6.33364361e-02	1.30277228e+00
4.66308594e-02	6.34000462e-02	1.30270017e+00
4.66796875e-02	6.34636529e-02	1.30262853e+00
4.67285156e-02	6.35272561e-02	1.30255736e+00
4.67773438e-02	6.35908558e-02	1.30248667e+00
4.68261719e-02	6.36544520e-02	1.30241646e+00
4.68750000e-02	6.37180449e-02	1.30234672e+00
4.69238281e-02	6.37816343e-02	1.30227747e+00
4.69726563e-02	6.38452204e-02	1.30220870e+00
4.70214844e-02	6.39088032e-02	1.30214041e+00
4.70703125e-02	6.39723826e-02	1.30207261e+00
4.71191406e-02	6.40359587e-02	1.30200529e+00
4.71679688e-02	6.40995316e-02	1.30193846e+00
4.72167969e-02	6.41631011e-02	1.30187213e+00
4.72656250e-02	6.42266675e-02	1.30180628e+00
4.73144531e-02	6.42902307e-02	1.30174093e+00
4.73632812e-02	6.43537907e-02	1.30167608e+00
4.74121094e-02	6.44173475e-02	1.30161172e+00
4.74609375e-02	6.44809012e-02	1.30154787e+00
4.75097656e-02	6.45444518e-02	1.30148451e+00
4.75585938e-02	6.46079993e-02	1.30142165e+00
4.76074219e-02	6.46715438e-02	1.30135930e+00
4.76562500e-02	6.47350852e-02	1.30129746e+00
4.77050781e-02	6.47986236e-02	1.30123612e+00
4.77539063e-02	6.48621590e-02	1.30117530e+00
4.78027344e-02	6.49256915e-02	1.30111498e+00
4.78515625e-02	6.49892211e-02	1.30105518e+00
4.79003906e-02	6.50527477e-02	1.30099589e+00
4.79492188e-02	6.51162715e-02	1.30093711e+00
4.79980469e-02	6.51797924e-02	1.30087886e+00
4.80468750e-02	6.52433104e-02	1.30082112e+00
4.80957031e-02	6.53068257e-02	1.30076391e+00
4.81445313e-02	6.53703382e-02	1.30070722e+00
4.81933594e-02	6.54338479e-02	1.30065105e+00
4.82421875e-02	6.54973549e-02	1.30059542e+00
4.82910156e-02	6.55608592e-02	1.30054030e+00
4.83398438e-02	6.56243608e-02	1.30048572e+00
4.83886719e-02	6.56878597e-02	1.30043168e+00
4.84375000e-02	6.57513561e-02	1.30037816e+00
4.84863281e-02	6.58148498e-02	1.30032518e+00
4.85351563e-02	6.58783410e-02	1.30027274e+00
4.85839844e-02	6.59418296e-02	1.30022084e+00
4.86328125e-02	6.60053157e-02	1.30016947e+00
4.86816406e-02	6.60687993e-02	1.30011865e+00
4.87304688e-02	6.61322804e-02	1.30006838e+00
4.87792969e-02	6.61957591e-02	1.30001865e+00
4.88281250e-02	6.62592354e-02	1.29996946e+00
4.88769531e-02	6.63227092e-02	1.29992083e+00
4.89257813e-02	6.63861808e-02	1.29987275e+00
4.89746094e-02	6.64496499e-02	1.29982522e+00
4.90234375e-02	6.65131168e-02	1.29977824e+00
4.90722656e-02	6.65765814e-02	1.29973183e+00
4.91210938e-02	6.66400438e-02	1.29968597e+00
4.91699219e-02	6.67035039e-02	1.29964067e+00
4.92187500e-02	6.67669618e-02	1.29959593e+00
4.92675781e-02	6.68304176e-02	1.29955176e+00
4.93164062e-02	6.68938712e-02	1.29950815e+00
4.93652344e-02	6.69573227e-02	1.29946511e+00
4.94140625e-02	6.70207721e-02	1.29942263e+00
4.94628906e-02	6.70842194e-02	1.29938073e+00
4.95117188e-02	6.71476648e-02	1.29933940e+00
4.95605469e-02	6.72111081e-02	1.29929865e+00
4.96093750e-02	6.72745494e-02	1.29925847e+00
4.96582031e-02	6.73379888e-02	1.29921887e+00
4.97070313e-02	6.74014263e-02	1.29917985e+00
4.97558594e-02	6.74648618e-02	1.29914141e+00
4.98046875e-02	6.75282956e-02	1.29910356e+00
4.98535156e-02	6.75917274e-02	1.29906629e+00
4.99023438e-02	6.76551575e-02	1.29902960e+00
4.99511719e-02	6.77185858e-02	1.29899351e+00
5.00000000e-02	6.77820124e-02	1.29895801e+00
5.00488281e-02	6.78454372e-02	1.29892309e+00
5.00976563e-02	6.79088603e-02	1.29888878e+00
5.01464844e-02	6.79722818e-02	1.29885506e+00
5.01953125e-02	6.80357017e-02	1.29882193e+00
5.02441406e-02	6.80991199e-02	1.29878941e+00
5.02929688e-02	6.81625366e-02	1.29875749e+00
5.03417969e-02	6.82259517e-02	1.29872617e+00
5.03906250e-02	6.82893653e-02	1.29869546e+00
5.04394531e-02	6.83527775e-02	1.29866535e+00
5.04882813e-02	6.84161881e-02	1.29863586e+00
5.05371094e-02	6.84795974e-02	1.29860697e+00
5.05859375e-02	6.85430052e-02	1.29857870e+00
5.06347656e-02	6.86064117e-02	1.29855104e+00
5.06835938e-02	6.86698169e-02	1.29852400e+00
5.07324219e-02	6.87332207e-02	1.29849757e+00
5.07812500e-02	6.87966233e-02	1.29847177e+00
5.08300781e-02	6.88600246e-02	1.29844659e+00
5.08789063e-02	6.89234247e-02	1.29842203e+00
5.09277344e-02	6.89868237e-02	1.29839810e+00
5.09765625e-02	6.90502214e-02	1.29837479e+00
5.10253906e-02	6.91136181e-02	1.29835212e+00
5.10742188e-02	6.91770136e-02	1.29833007e+00
5.11230469e-02	6.92404081e-02	1.29830866e+00
5.11718750e-02	6.93038016e-02	1.29828789e+00
5.12207031e-02	6.93671941e-02	1.29826775e+00
5.12695312e-02	6.94305856e-02	1.29824825e+00
5.13183594e-02	6.94939762e-02	1.29822939e+00
5.13671875e-02	6.95573658e-02	1.29821117e+00
5.14160156e-02	6.96207546e-02	1.29819359e+00
5.14648438e-02	6.96841426e-02	1.29817667e+00
5.15136719e-02	6.97475297e-02	1.29816039e+00
5.15625000e-02	6.98109160e-02	1.29814476e+00
5.16113281e-02	6.98743017e-02	1.29812978e+00
5.16601563e-02	6.99376866e-02	1.29811546e+00
5.17089844e-02	7.00010708e-02	1.29810179e+00
5.17578125e-02	7.00644543e-02	1.29808878e+00
5.18066406e-02	7.01278373e-02	1.29807643e+00
5.18554688e-02	7.01912196e-02	1.29806475e+00
5.19042969e-02	7.02546014e-02	1.29805372e+00
5.19531250e-02	7.03179827e-02	1.29804336e+00
5.20019531e-02	7.03813635e-02	1.29803367e+00
5.20507813e-02	7.04447438e-02	1.29802464e+00
5.20996094e-02	7.05081237e-02	1.29801629e+00
5.21484375e-02	7.05715032e-02	1.29800861e+00
5.21972656e-02	7.06348824e-02	1.29800161e+00
5.22460938e-02	7.06982612e-02	1.29799528e+00
5.22949219e-02	7.07616397e-02	1.29798963e+00
5.23437500e-02	7.08250180e-02	1.29798466e+00
5.23925781e-02	7.08883961e-02	1.29798037e+00
5.24414063e-02	7.09517739e-02	1.29797677e+00
5.24902344e-02	7.10151516e-02	1.29797386e+00
5.25390625e-02	7.10785292e-02	1.29797163e+00
5.25878906e-02	7.11419067e-02	1.29797010e+00
5.26367188e-02	7.12052841e-02	1.29796925e+00
5.26855469e-02	7.12686615e-02	1.29796910e+00
5.27343750e-02	7.13320389e-02	1.29796965e+00
5.27832031e-02	7.13954164e-02	1.29797089e+00
5.28320313e-02	7.14587939e-02	1.29797284e+00
5.28808594e-02	7.15221716e-02	1.29797549e+00
5.29296875e-02	7.15855494e-02	1.29797884e+00
5.29785156e-02	7.16489273e-02	1.29798289e+00
5.30273438e-02	7.17123055e-02	1.29798766e+00
5.30761719e-02	7.17756840e-02	1.29799313e+00
5.31250000e-02	7.18390627e-02	1.29799932e+00
5.31738281e-02	7.19024417e-02	1.29800622e+00
5.32226562e-02	7.19658211e-02	1.29801384e+00
5.32714844e-02	7.20292009e-02	1.29802217e+00
5.33203125e-02	7.20925811e-02	1.29803123e+00
5.33691406e-02	7.21559618e-02	1.29804100e+00
5.34179688e-02	7.22193429e-02	1.29805150e+00
5.34667969e-02	7.22827246e-02	1.29806273e+00
5.35156250e-02	7.23461069e-02	1.29807468e+00
5.35644531e-02	7.24094898e-02	1.29808737e+00
5.36132813e-02	7.24728733e-02	1.29810078e+00
5.36621094e-02	7.25362574e-02	1.29811493e+00
5.37109375e-02	7.25996423e-02	1.29812982e+00
5.37597656e-02	7.26630279e-02	1.29814544e+00
5.38085938e-02	7.27264144e-02	1.29816180e+00
5.38574219e-02	7.27898016e-02	1.29817891e+00
5.39062500e-02	7.28531897e-02	1.29819676e+00
5.39550781e-02	7.29165786e-02	1.29821535e+00
5.40039063e-02	7.29799685e-02	1.29823470e+00
5.40527344e-02	7.30433594e-02	1.29825479e+00
5.41015625e-02	7.31067512e-02	1.29827563e+00
5.41503906e-02	7.31701441e-02	1.29829723e+00
5.41992188e-02	7.32335381e-02	1.29831959e+00
5.42480469e-02	7.32969332e-02	1.29834270e+00
5.42968750e-02	7.33603294e-02	1.29836657e+00
5.43457031e-02	7.34237268e-02	1.29839121e+00
5.43945313e-02	7.34871254e-02	1.29841661e+00
5.44433594e-02	7.35505253e-02	1.29844277e+00
5.44921875e-02	7.36139265e-02	1.29846970e+00
5.45410156e-02	7.36773290e-02	1.29849741e+00
5.45898438e-02	7.37407329e-02	1.29852589e+00
5.46386719e-02	7.38041382e-02	1.29855514e+00
5.46875000e-02	7.38675449e-02	1.29858516e+00
5.47363281e-02	7.39309532e-02	1.29861597e+00
5.47851563e-02	7.39943629e-02	1.29864756e+00
5.48339844e-02	7.40577742e-02	1.29867993e+00
5.48828125e-02	7.41211872e-02	1.29871308e+00
5.49316406e-02	7.41846017e-02	1.29874702e+00
5.49804688e-02	7.42480179e-02	1.29878175e+00
5.50292969e-02	7.43114359e-02	1.29881728e+00
5.50781250e-02	7.43748556e-02	1.29885359e+00
5.51269531e-02	7.44382771e-02	1.29889070e+00
5.51757812e-02	7.45017004e-02	1.29892861e+00
5.52246094e-02	7.45651256e-02	1.29896731e+00
5.52734375e-02	7.46285527e-02	1.29900682e+00
5.53222656e-02	7.46919817e-02	1.29904713e+00
5.53710938e-02	7.47554128e-02	1.29908825e+00
5.54199219e-02	7.48188459e-02	1.29913018e+00
5.54687500e-02	7.48822810e-02	1.29917291e+00
5.55175781e-02	7.49457182e-02	1.29921646e+00
5.55664063e-02	7.50091576e-02	1.29926082e+00
5.56152344e-02	7.50725992e-02	1.29930600e+00
5.56640625e-02	7.51360430e-02	1.29935200e+00
5.57128906e-02	7.51994891e-02	1.29939881e+00
5.57617188e-02	7.52629374e-02	1.29944645e+00
5.58105469e-02	7.53263881e-02	1.29949492e+00
5.58593750e-02	7.53898412e-02	1.29954421e+00
5.59082031e-02	7.54532968e-02	1.29959433e+00
5.59570313e-02	7.55167548e-02	1.29964528e+00
5.60058594e-02	7.55802153e-02	1.29969707e+00
5.60546875e-02	7.56436783e-02	1.29974969e+00
5.61035156e-02	7.57071440e-02	1.29980315e+00
5.61523438e-02	7.57706123e-02	1.29985745e+00
5.62011719e-02	7.58340832e-02	1.29991259e+00
5.62500000e-02	7.58975569e-02	1.29996857e+00
5.62988281e-02	7.59610333e-02	1.30002540e+00
5.63476563e-02	7.60245125e-02	1.30008308e+00
5.63964844e-02	7.60879945e-02	1.30014161e+00
5.64453125e-02	7.61514795e-02	1.30020100e+00
5.64941406e-02	7.62149673e-02	1.30026123e+00
5.65429688e-02	7.62784581e-02	1.30032233e+00
5.65917969e-02	7.63419519e-02	1.30038428e+00
5.66406250e-02	7.64054488e-02	1.30044710e+00
5.66894531e-02	7.64689487e-02	1.30051078e+00
5.67382813e-02	7.65324518e-02	1.30057532e+00
5.67871094e-02	7.65959581e-02	1.30064074e+00
5.68359375e-02	7.66594675e-02	1.30070702e+00
5.68847656e-02	7.67229803e-02	1.30077418e+00
5.69335938e-02	7.67864963e-02	1.30084221e+00
5.69824219e-02	7.68500157e-02	1.30091112e+00
5.70312500e-02	7.69135384e-02	1.30098091e+00
5.70800781e-02	7.69770646e-02	1.30105158e+00
5.71289062e-02	7.70405943e-02	1.30112313e+00
5.71777344e-02	7.71041274e-02	1.30119557e+00
5.72265625e-02	7.71676642e-02	1.30126889e+00
5.72753906e-02	7.72312045e-02	1.30134311e+00
5.73242188e-02	7.72947485e-02	1.30141822e+00
5.73730469e-02	7.73582961e-02	1.30149422e+00
5.74218750e-02	7.74218475e-02	1.30157112e+00
5.74707031e-02	7.74854027e-02	1.30164892e+00
5.75195313e-02	7.75489617e-02	1.30172763e+00
5.75683594e-02	7.76125246e-02	1.30180723e+00
5.76171875e-02	7.76760913e-02	1.30188774e+00
5.76660156e-02	7.77396621e-02	1.30196916e+00
5.77148438e-02	7.78032368e-02	1.30205149e+00
5.77636719e-02	7.78668156e-02	1.30213474e+00
5.78125000e-02	7.79303984e-02	1.30221889e+00
5.78613281e-02	7.79939854e-02	1.30230397e+00
5.79101563e-02	7.80575766e-02	1.30238996e+00
5.79589844e-02	7.81211719e-02	1.30247688e+00
5.80078125e-02	7.81847716e-02	1.30256472e+00
5.80566406e-02	7.82483755e-02	1.30265349e+00
5.81054688e-02	7.83119839e-02	1.30274318e+00
5.81542969e-02	7.83755966e-02	1.30283381e+00
5.82031250e-02	7.84392137e-02	1.30292537e+00
5.82519531e-02	7.85028354e-02	1.30301787e+00
5.83007813e-02	7.85664616e-02	1.30311130e+00
5.83496094e-02	7.86300924e-02	1.30320567e+00
5.83984375e-02	7.86937278e-02	1.30330099e+00
5.84472656e-02	7.87573679e-02	1.30339725e+00
5.84960938e-02	7.88210127e-02	1.30349446e+00
5.85449219e-02	7.88846623e-02	1.30359262e+00
5.85937500e-02	7.89483167e-02	1.30369173e+00
5.86425781e-02	7.90119760e-02	1.30379179e+00
5.86914063e-02	7.90756402e-02	1.30389281e+00
5.87402344e-02	7.91393093e-02	1.30399479e+00
5.87890625e-02	7.92029834e-02	1.30409773e+00
5.88378906e-02	7.92666626e-02	1.30420163e+00
5.88867188e-02	7.93303469e-02	1.30430650e+00
5.89355469e-02	7.93940363e-02	1.30441234e+00
5.89843750e-02	7.94577309e-02	1.30451915e+00
5.90332031e-02	7.95214308e-02	1.30462693e+00
5.90820312e-02	7.95851359e-02	1.30473568e+00
5.91308594e-02	7.96488464e-02	1.30484542e+00
5.91796875e-02	7.97125623e-02	1.30495613e+00
5.92285156e-02	7.97762835e-02	1.30506783e+00
5.92773438e-02	7.98400103e-02	1.30518051e+00
5.93261719e-02	7.99037426e-02	1.30529418e+00
5.93750000e-02	7.99674805e-02	1.30540883e+00
5.94238281e-02	8.00312240e-02	1.30552448e+00
5.94726563e-02	8.00949731e-02	1.30564113e+00
5.95214844e-02	8.01587280e-02	1.30575877e+00
5.95703125e-02	8.02224886e-02	1.30587741e+00
5.96191406e-02	8.02862551e-02	1.30599705e+00
5.96679688e-02	8.03500274e-02	1.30611769e+00
5.97167969e-02	8.04138057e-02	1.30623934e+00
5.97656250e-02	8.04775899e-02	1.30636200e+00
5.98144531e-02	8.05413801e-02	1.30648567e+00
5.98632813e-02	8.06051764e-02	1.30661035e+00
5.99121094e-02	8.06689788e-02	1.30673605e+00
5.99609375e-02	8.07327874e-02	1.30686277e+00
6.00097656e-02	8.07966022e-02	1.30699051e+00
6.00585938e-02	8.08604232e-02	1.30711927e+00
6.01074219e-02	8.09242506e-02	1.30724906e+00
6.01562500e-02	8.09880843e-02	1.30737988e+00
6.02050781e-02	8.10519244e-02	1.30751173e+00
6.02539063e-02	8.11157710e-02	1.30764461e+00
6.03027344e-02	8.11796241e-02	1.30777852e+00
6.03515625e-02	8.12434838e-02	1.30791348e+00
6.04003906e-02	8.13073500e-02	1.30804947e+00
6.04492188e-02	8.13712230e-02	1.30818651e+00
6.04980469e-02	8.14351027e-02	1.30832459e+00
6.05468750e-02	8.14989891e-02	1.30846372e+00
6.05957031e-02	8.15628823e-02	1.30860390e+00
6.06445313e-02	8.16267825e-02	1.30874514e+00
6.06933594e-02	8.16906895e-02	1.30888742e+00
6.07421875e-02	8.17546035e-02	1.30903077e+00
6.07910156e-02	8.18185246e-02	1.30917518e+00
6.08398438e-02	8.18824527e-02	1.30932065e+00
6.08886719e-02	8.19463879e-02	1.30946718e+00
6.09375000e-02	8.20103304e-02	1.30961479e+00
6.09863281e-02	8.20742800e-02	1.30976346e+00
6.10351562e-02	8.21382370e-02	1.30991321e+00
6.10839844e-02	8.22022013e-02	1.31006403e+00
6.11328125e-02	8.22661730e-02	1.31021593e+00
6.11816406e-02	8.23301521e-02	1.31036891e+00
6.12304688e-02	8.23941387e-02	1.31052298e+00
6.12792969e-02	8.24581329e-02	1.31067812e+00
6.13281250e-02	8.25221346e-02	1.31083436e+00
6.13769531e-02	8.25861441e-02	1.31099169e+00
6.14257813e-02	8.26501612e-02	1.31115011e+00
6.14746094e-02	8.27141861e-02	1.31130963e+00
6.15234375e-02	8.27782188e-02	1.31147025e+00
6.15722656e-02	8.28422594e-02	1.31163196e+00
6.16210938e-02	8.29063079e-02	1.31179478e+00
6.16699219e-02	8.29703644e-02	1.31195871e+00
6.17187500e-02	8.30344289e-02	1.31212375e+00
6.17675781e-02	8.30985015e-02	1.31228989e+00
6.18164063e-02	8.31625822e-02	1.31245715e+00
6.18652344e-02	8.32266712e-02	1.31262553e+00
6.19140625e-02	8.32907683e-02	1.31279503e+00
6.19628906e-02	8.33548738e-02	1.31296564e+00
6.20117188e-02	8.34189877e-02	1.31313739e+00
6.20605469e-02	8.34831099e-02	1.31331025e+00
6.21093750e-02	8.35472406e-02	1.31348425e+00
6.21582031e-02	8.36113799e-02	1.31365938e+00
6.22070313e-02	8.36755277e-02	1.31383565e+00
6.22558594e-02	8.37396842e-02	1.31401305e+00
6.23046875e-02	8.38038493e-02	1.31419160e+00
6.23535156e-02	8.38680232e-02	1.31437128e+00
6.24023438e-02	8.39322059e-02	1.31455211e+00
6.24511719e-02	8.39963975e-02	1.31473409e+00
6.25000000e-02	8.40605980e-02	1.31491722e+00
6.25488281e-02	8.41248074e-02	1.31510151e+00
6.25976563e-02	8.41890259e-02	1.31528695e+00
6.26464844e-02	8.42532534e-02	1.31547354e+00
6.26953125e-02	8.43174901e-02	1.31566130e+00
6.27441406e-02	8.43817360e-02	1.31585023e+00
6.27929687e-02	8.44459911e-02	1.31604032e+00
6.28417969e-02	8.45102556e-02	1.31623158e+00
6.28906250e-02	8.45745294e-02	1.31642401e+00
6.29394531e-02	8.46388127e-02	1.31661762e+00
6.29882812e-02	8.47031054e-02	1.31681240e+00
6.30371094e-02	8.47674076e-02	1.31700836e+00
6.30859375e-02	8.48317195e-02	1.31720551e+00
6.31347656e-02	8.48960410e-02	1.31740384e+00
6.31835938e-02	8.49603723e-02	1.31760337e+00
6.32324219e-02	8.50247133e-02	1.31780408e+00
6.32812500e-02	8.50890641e-02	1.31800598e+00
6.33300781e-02	8.51534248e-02	1.31820909e+00
6.33789063e-02	8.52177955e-02	1.31841339e+00
6.34277344e-02	8.52821761e-02	1.31861889e+00
6.34765625e-02	8.53465669e-02	1.31882560e+00
6.35253906e-02	8.54109677e-02	1.31903352e+00
6.35742188e-02	8.54753788e-02	1.31924265e+00
6.36230469e-02	8.55398001e-02	1.31945299e+00
6.36718750e-02	8.56042316e-02	1.31966455e+00
6.37207031e-02	8.56686736e-02	1.31987732e+00
6.37695312e-02	8.57331259e-02	1.32009132e+00
6.38183594e-02	8.57975888e-02	1.32030654e+00
6.38671875e-02	8.58620622e-02	1.32052299e+00
6.39160156e-02	8.59265461e-02	1.32074067e+00
6.39648438e-02	8.59910408e-02	1.32095958e+00
6.40136719e-02	8.60555461e-02	1.32117972e+00
6.40625000e-02	8.61200622e-02	1.32140111e+00
6.41113281e-02	8.61845892e-02	1.32162373e+00
6.41601563e-02	8.62491271e-02	1.32184760e+00
6.42089844e-02	8.63136759e-02	1.32207272e+00
6.42578125e-02	8.63782358e-02	1.32229908e+00
6.43066406e-02	8.64428067e-02	1.32252670e+00
6.43554688e-02	8.65073888e-02	1.32275558e+00
6.44042969e-02	8.65719821e-02	1.32298571e+00
6.44531250e-02	8.66365867e-02	1.32321710e+00
6.45019531e-02	8.67012026e-02	1.32344976e+00
6.45507813e-02	8.67658298e-02	1.32368368e+00
6.45996094e-02	8.68304686e-02	1.32391888e+00
6.46484375e-02	8.68951188e-02	1.32415534e+00
6.46972656e-02	8.69597807e-02	1.32439309e+00
6.47460937e-02	8.70244541e-02	1.32463211e+00
6.47949219e-02	8.70891393e-02	1.32487241e+00
6.48437500e-02	8.71538362e-02	1.32511399e+00
6.48925781e-02	8.72185450e-02	1.32535686e+00
6.49414062e-02	8.72832656e-02	1.32560103e+00
6.49902344e-02	8.73479982e-02	1.32584648e+00
6.50390625e-02	8.74127429e-02	1.32609323e+00
6.50878906e-02	8.74774996e-02	1.32634128e+00
6.51367188e-02	8.75422684e-02	1.32659063e+00
6.51855469e-02	8.76070495e-02	1.32684129e+00
6.52343750e-02	8.76718428e-02	1.32709325e+00
6.52832031e-02	8.77366484e-02	1.32734653e+00
6.53320313e-02	8.78014665e-02	1.32760112e+00
6.53808594e-02	8.78662970e-02	1.32785702e+00
6.54296875e-02	8.79311401e-02	1.32811424e+00
6.54785156e-02	8.79959957e-02	1.32837279e+00
6.55273438e-02	8.80608640e-02	1.32863266e+00
6.55761719e-02	8.81257450e-02	1.32889386e+00
6.56250000e-02	8.81906388e-02	1.32915639e+00
6.56738281e-02	8.82555455e-02	1.32942026e+00
6.57226562e-02	8.83204651e-02	1.32968546e+00
6.57714844e-02	8.83853976e-02	1.32995200e+00
6.58203125e-02	8.84503432e-02	1.33021989e+00
6.58691406e-02	8.85153019e-02	1.33048912e+00
6.59179688e-02	8.85802738e-02	1.33075970e+00
6.59667969e-02	8.86452590e-02	1.33103164e+00
6.60156250e-02	8.87102574e-02	1.33130493e+00
6.60644531e-02	8.87752693e-02	1.33157958e+00
6.61132813e-02	8.88402945e-02	1.33185559e+00
6.61621094e-02	8.89053333e-02	1.33213296e+00
6.62109375e-02	8.89703857e-02	1.33241170e+00
6.62597656e-02	8.90354517e-02	1.33269182e+00
6.63085938e-02	8.91005314e-02	1.33297331e+00
6.63574219e-02	8.91656249e-02	1.33325617e+00
6.64062500e-02	8.92307322e-02	1.33354041e+00
6.64550781e-02	8.92958535e-02	1.33382604e+00
6.65039063e-02	8.93609887e-02	1.33411306e+00
6.65527344e-02	8.94261380e-02	1.33440146e+00
6.66015625e-02	8.94913014e-02	1.33469126e+00
6.66503906e-02	8.95564790e-02	1.33498245e+00
6.66992187e-02	8.96216708e-02	1.33527504e+00
6.67480469e-02	8.96868770e-02	1.33556903e+00
6.67968750e-02	8.97520975e-02	1.33586443e+00
6.68457031e-02	8.98173325e-02	1.33616123e+00
6.68945312e-02	8.98825820e-02	1.33645945e+00
6.69433594e-02	8.99478461e-02	1.33675908e+00
6.69921875e-02	9.00131249e-02	1.33706013e+00
6.70410156e-02	9.00784185e-02	1.33736260e+00
6.70898438e-02	9.01437268e-02	1.33766649e+00
6.71386719e-02	9.02090500e-02	1.33797181e+00
6.71875000e-02	9.02743881e-02	1.33827856e+00
6.72363281e-02	9.03397413e-02	1.33858675e+00
6.72851563e-02	9.04051095e-02	1.33889637e+00
6.73339844e-02	9.04704929e-02	1.33920743e+00
6.73828125e-02	9.05358915e-02	1.33951993e+00
6.74316406e-02	9.06013055e-02	1.33983388e+00
6.74804688e-02	9.06667347e-02	1.34014928e+00
6.75292969e-02	9.07321794e-02	1.34046614e+00
6.75781250e-02	9.07976397e-02	1.34078445e+00
6.76269531e-02	9.08631155e-02	1.34110421e+00
6.76757812e-02	9.09286069e-02	1.34142545e+00
6.77246094e-02	9.09941141e-02	1.34174814e+00
6.77734375e-02	9.10596370e-02	1.34207231e+00
6.78222656e-02	9.11251759e-02	1.34239795e+00
6.78710938e-02	9.11907306e-02	1.34272506e+00
6.79199219e-02	9.12563014e-02	1.34305366e+00
6.79687500e-02	9.13218882e-02	1.34338373e+00
6.80175781e-02	9.13874912e-02	1.34371529e+00
6.80664063e-02	9.14531105e-02	1.34404834e+00
6.81152344e-02	9.15187460e-02	1.34438289e+00
6.81640625e-02	9.15843979e-02	1.34471892e+00
6.82128906e-02	9.16500662e-02	1.34505646e+00
6.82617188e-02	9.17157511e-02	1.34539550e+00
6.83105469e-02	9.17814526e-02	1.34573605e+00
6.83593750e-02	9.18471707e-02	1.34607810e+00
6.84082031e-02	9.19129055e-02	1.34642167e+00
6.84570313e-02	9.19786572e-02	1.34676675e+00
6.85058594e-02	9.20444258e-02	1.34711335e+00
6.85546875e-02	9.21102113e-02	1.34746147e+00
6.86035156e-02	9.21760138e-02	1.34781112e+00
6.86523437e-02	9.22418335e-02	1.34816230e+00
6.87011719e-02	9.23076703e-02	1.34851501e+00
6.87500000e-02	9.23735245e-02	1.34886926e+00
6.87988281e-02	9.24393959e-02	1.34922504e+00
6.88476562e-02	9.25052847e-02	1.34958237e+00
6.88964844e-02	9.25711911e-02	1.34994125e+00
6.89453125e-02	9.26371150e-02	1.35030167e+00
6.89941406e-02	9.27030565e-02	1.35066365e+00
6.90429688e-02	9.27690158e-02	1.35102719e+00
6.90917969e-02	9.28349928e-02	1.35139228e+00
6.91406250e-02	9.29009877e-02	1.35175894e+00
6.91894531e-02	9.29670006e-02	1.35212717e+00
6.92382813e-02	9.30330314e-02	1.35249696e+00
6.92871094e-02	9.30990804e-02	1.35286833e+00
6.93359375e-02	9.31651475e-02	1.35324128e+00
6.93847656e-02	9.32312329e-02	1.35361581e+00
6.94335938e-02	9.32973366e-02	1.35399192e+00
6.94824219e-02	9.33634587e-02	1.35436962e+00
6.95312500e-02	9.34295993e-02	1.35474892e+00
6.95800781e-02	9.34957584e-02	1.35512981e+00
6.96289062e-02	9.35619362e-02	1.35551229e+00
6.96777344e-02	9.36281327e-02	1.35589638e+00
6.97265625e-02	9.36943480e-02	1.35628208e+00
6.97753906e-02	9.37605822e-02	1.35666938e+00
6.98242188e-02	9.38268353e-02	1.35705830e+00
6.98730469e-02	9.38931074e-02	1.35744883e+00
6.99218750e-02	9.39593987e-02	1.35784098e+00
6.99707031e-02	9.40257091e-02	1.35823476e+00
7.00195313e-02	9.40920389e-02	1.35863017e+00
7.00683594e-02	9.41583879e-02	1.35902720e+00
7.01171875e-02	9.42247564e-02	1.35942587e+00
7.01660156e-02	9.42911444e-02	1.35982618e+00
7.02148438e-02	9.43575520e-02	1.36022813e+00
7.02636719e-02	9.44239792e-02	1.36063173e+00
7.03125000e-02	9.44904262e-02	1.36103697e+00
7.03613281e-02	9.45568930e-02	1.36144387e+00
7.04101563e-02	9.46233797e-02	1.36185242e+00
7.04589844e-02	9.46898865e-02	1.36226264e+00
7.05078125e-02	9.47564132e-02	1.36267451e+00
7.05566406e-02	9.48229602e-02	1.36308806e+00
7.06054687e-02	9.48895273e-02	1.36350328e+00
7.06542969e-02	9.49561148e-02	1.36392017e+00
7.07031250e-02	9.50227227e-02	1.36433874e+00
7.07519531e-02	9.50893511e-02	1.36475899e+00
7.08007812e-02	9.51560000e-02	1.36518093e+00
7.08496094e-02	9.52226696e-02	1.36560456e+00
7.08984375e-02	9.52893599e-02	1.36602988e+00
7.09472656e-02	9.53560710e-02	1.36645690e+00
7.09960938e-02	9.54228030e-02	1.36688562e+00
7.10449219e-02	9.54895559e-02	1.36731604e+00
7.10937500e-02	9.55563300e-02	1.36774818e+00
7.11425781e-02	9.56231251e-02	1.36818202e+00
7.11914063e-02	9.56899415e-02	1.36861759e+00
7.12402344e-02	9.57567792e-02	1.36905487e+00
7.12890625e-02	9.58236383e-02	1.36949388e+00
7.13378906e-02	9.58905189e-02	1.36993461e+00
7.13867188e-02	9.59574211e-02	1.37037708e+00
7.14355469e-02	9.60243448e-02	1.37082128e+00
7.14843750e-02	9.60912904e-02	1.37126722e+00
7.15332031e-02	9.61582577e-02	1.37171491e+00
7.15820312e-02	9.62252469e-02	1.37216434e+00
7.16308594e-02	9.62922582e-02	1.37261552e+00
7.16796875e-02	9.63592915e-02	1.37306846e+00
7.17285156e-02	9.64263469e-02	1.37352316e+00
7.17773438e-02	9.64934246e-02	1.37397961e+00
7.18261719e-02	9.65605247e-02	1.37443784e+00
7.18750000e-02	9.66276471e-02	1.37489784e+00
7.19238281e-02	9.66947921e-02	1.37535961e+00
7.19726563e-02	9.67619596e-02	1.37582315e+00
7.20214844e-02	9.68291498e-02	1.37628849e+00
7.20703125e-02	9.68963628e-02	1.37675560e+00
7.21191406e-02	9.69635987e-02	1.37722451e+00
7.21679688e-02	9.70308575e-02	1.37769521e+00
7.22167969e-02	9.70981393e-02	1.37816771e+00
7.22656250e-02	9.71654442e-02	1.37864202e+00
7.23144531e-02	9.72327723e-02	1.37911812e+00
7.23632813e-02	9.73001237e-02	1.37959604e+00
7.24121094e-02	9.73674985e-02	1.38007578e+00
7.24609375e-02	9.74348968e-02	1.38055733e+00
7.25097656e-02	9.75023186e-02	1.38104070e+00
7.25585937e-02	9.75697641e-02	1.38152590e+00
7.26074219e-02	9.76372333e-02	1.38201293e+00
7.26562500e-02	9.77047264e-02	1.38250180e+00
7.27050781e-02	9.77722433e-02	1.38299250e+00
7.27539062e-02	9.78397843e-02	1.38348505e+00
7.28027344e-02	9.79073493e-02	1.38397945e+00
7.28515625e-02	9.79749386e-02	1.38447569e+00
7.29003906e-02	9.80425521e-02	1.38497379e+00
7.29492188e-02	9.81101899e-02	1.38547375e+00
7.29980469e-02	9.81778523e-02	1.38597557e+00
7.30468750e-02	9.82455392e-02	1.38647927e+00
7.30957031e-02	9.83132507e-02	1.38698483e+00
7.31445313e-02	9.83809870e-02	1.38749227e+00
7.31933594e-02	9.84487480e-02	1.38800158e+00
7.32421875e-02	9.85165340e-02	1.38851279e+00
7.32910156e-02	9.85843450e-02	1.38902588e+00
7.33398438e-02	9.86521811e-02	1.38954086e+00
7.33886719e-02	9.87200424e-02	1.39005774e+00
7.34375000e-02	9.87879290e-02	1.39057653e+00
7.34863281e-02	9.88558410e-02	1.39109721e+00
7.35351562e-02	9.89237784e-02	1.39161981e+00
7.35839844e-02	9.89917414e-02	1.39214432e+00
7.36328125e-02	9.90597300e-02	1.39267075e+00
7.36816406e-02	9.91277444e-02	1.39319910e+00
7.37304688e-02	9.91957847e-02	1.39372938e+00
7.37792969e-02	9.92638509e-02	1.39426159e+00
7.38281250e-02	9.93319431e-02	1.39479574e+00
7.38769531e-02	9.94000614e-02	1.39533182e+00
7.39257813e-02	9.94682060e-02	1.39586985e+00
7.39746094e-02	9.95363769e-02	1.39640983e+00
7.40234375e-02	9.96045742e-02	1.39695176e+00
7.40722656e-02	9.96727980e-02	1.39749565e+00
7.41210938e-02	9.97410484e-02	1.39804149e+00
7.41699219e-02	9.98093256e-02	1.39858931e+00
7.42187500e-02	9.98776295e-02	1.39913909e+00
7.42675781e-02	9.99459603e-02	1.39969085e+00
7.43164063e-02	1.00014318e-01	1.40024459e+00
7.43652344e-02	1.00082703e-01	1.40080032e+00
7.44140625e-02	1.00151115e-01	1.40135803e+00
7.44628906e-02	1.00219554e-01	1.40191773e+00
7.45117187e-02	1.00288021e-01	1.40247943e+00
7.45605469e-02	1.00356515e-01	1.40304313e+00
7.46093750e-02	1.00425037e-01	1.40360884e+00
7.46582031e-02	1.00493587e-01	1.40417656e+00
7.47070312e-02	1.00562164e-01	1.40474629e+00
7.47558594e-02	1.00630769e-01	1.40531805e+00
7.48046875e-02	1.00699402e-01	1.40589182e+00
7.48535156e-02	1.00768063e-01	1.40646763e+00
7.49023438e-02	1.00836752e-01	1.40704547e+00
7.49511719e-02	1.00905470e-01	1.40762534e+00
7.50000000e-02	1.00974216e-01	1.40820726e+00
7.50488281e-02	1.01042990e-01	1.40879122e+00
7.50976563e-02	1.01111793e-01	1.40937724e+00
7.51464844e-02	1.01180625e-01	1.40996531e+00
7.51953125e-02	1.01249485e-01	1.41055545e+00
7.52441406e-02	1.01318374e-01	1.41114765e+00
7.52929688e-02	1.01387292e-01	1.41174191e+00
7.53417969e-02	1.01456240e-01	1.41233826e+00
7.53906250e-02	1.01525216e-01	1.41293668e+00
7.54394531e-02	1.01594222e-01	1.41353719e+00
7.54882813e-02	1.01663257e-01	1.41413978e+00
7.55371094e-02	1.01732322e-01	1.41474447e+00
7.55859375e-02	1.01801416e-01	1.41535126e+00
7.56347656e-02	1.01870539e-01	1.41596014e+00
7.56835938e-02	1.01939693e-01	1.41657114e+00
7.57324219e-02	1.02008877e-01	1.41718425e+00
7.57812500e-02	1.02078090e-01	1.41779948e+00
7.58300781e-02	1.02147334e-01	1.41841683e+00
7.58789063e-02	1.02216607e-01	1.41903630e+00
7.59277344e-02	1.02285911e-01	1.41965791e+00
7.59765625e-02	1.02355246e-01	1.42028165e+00
7.60253906e-02	1.02424611e-01	1.42090753e+00
7.60742188e-02	1.02494006e-01	1.42153556e+00
7.61230469e-02	1.02563433e-01	1.42216574e+00
7.61718750e-02	1.02632890e-01	1.42279808e+00
7.62207031e-02	1.02702378e-01	1.42343257e+00
7.62695313e-02	1.02771897e-01	1.42406923e+00
7.63183594e-02	1.02841447e-01	1.42470807e+00
7.63671875e-02	1.02911029e-01	1.42534907e+00
7.64160156e-02	1.02980642e-01	1.42599226e+00
7.64648438e-02	1.03050286e-01	1.42663763e+00
7.65136719e-02	1.03119962e-01	1.42728520e+00
7.65625000e-02	1.03189669e-01	1.42793495e+00
7.66113281e-02	1.03259408e-01	1.42858691e+00
7.66601562e-02	1.03329180e-01	1.42924107e+00
7.67089844e-02	1.03398983e-01	1.42989744e+00
7.67578125e-02	1.03468818e-01	1.43055603e+00
7.68066406e-02	1.03538686e-01	1.43121684e+00
7.68554688e-02	1.03608585e-01	1.43187987e+00
7.69042969e-02	1.03678518e-01	1.43254513e+00
7.69531250e-02	1.03748483e-01	1.43321263e+00
7.70019531e-02	1.03818480e-01	1.43388237e+00
7.70507813e-02	1.03888510e-01	1.43455435e+00
7.70996094e-02	1.03958573e-01	1.43522858e+00
7.71484375e-02	1.04028669e-01	1.43590507e+00
7.71972656e-02	1.04098798e-01	1.43658382e+00
7.72460938e-02	1.04168961e-01	1.43726484e+00
7.72949219e-02	1.04239156e-01	1.43794812e+00
7.73437500e-02	1.04309385e-01	1.43863369e+00
7.73925781e-02	1.04379648e-01	1.43932153e+00
7.74414063e-02	1.04449944e-01	1.44001166e+00
7.74902344e-02	1.04520274e-01	1.44070408e+00
7.75390625e-02	1.04590638e-01	1.44139880e+00
7.75878906e-02	1.04661036e-01	1.44209582e+00
7.76367188e-02	1.04731468e-01	1.44279515e+00
7.76855469e-02	1.04801934e-01	1.44349679e+00
7.77343750e-02	1.04872434e-01	1.44420075e+00
7.77832031e-02	1.04942969e-01	1.44490703e+00
7.78320313e-02	1.05013539e-01	1.44561565e+00
7.78808594e-02	1.05084143e-01	1.44632659e+00
7.79296875e-02	1.05154781e-01	1.44703988e+00
7.79785156e-02	1.05225455e-01	1.44775551e+00
7.80273438e-02	1.05296164e-01	1.44847348e+00
7.80761719e-02	1.05366908e-01	1.44919382e+00
7.81250000e-02	1.05437687e-01	1.44991652e+00
7.81738281e-02	1.05508501e-01	1.45064158e+00
7.82226563e-02	1.05579351e-01	1.45136901e+00
7.82714844e-02	1.05650236e-01	1.45209882e+00
7.83203125e-02	1.05721158e-01	1.45283101e+00
7.83691406e-02	1.05792115e-01	1.45356559e+00
7.84179688e-02	1.05863107e-01	1.45430257e+00
7.84667969e-02	1.05934136e-01	1.45504194e+00
7.85156250e-02	1.06005201e-01	1.45578372e+00
7.85644531e-02	1.06076303e-01	1.45652791e+00
7.86132812e-02	1.06147441e-01	1.45727451e+00
7.86621094e-02	1.06218615e-01	1.45802354e+00
7.87109375e-02	1.06289826e-01	1.45877499e+00
7.87597656e-02	1.06361073e-01	1.45952887e+00
7.88085938e-02	1.06432358e-01	1.46028519e+00
7.88574219e-02	1.06503679e-01	1.46104396e+00
7.89062500e-02	1.06575038e-01	1.46180517e+00
7.89550781e-02	1.06646434e-01	1.46256884e+00
7.90039063e-02	1.06717867e-01	1.46333497e+00
7.90527344e-02	1.06789338e-01	1.46410357e+00
7.91015625e-02	1.06860846e-01	1.46487463e+00
7.91503906e-02	1.06932392e-01	1.46564818e+00
7.91992188e-02	1.07003976e-01	1.46642420e+00
7.92480469e-02	1.07075597e-01	1.46720272e+00
7.92968750e-02	1.07147257e-01	1.46798373e+00
7.93457031e-02	1.07218955e-01	1.46876725e+00
7.93945313e-02	1.07290692e-01	1.46955326e+00
7.94433594e-02	1.07362466e-01	1.47034179e+00
7.94921875e-02	1.07434280e-01	1.47113284e+00
7.95410156e-02	1.07506132e-01	1.47192641e+00
7.95898438e-02	1.07578023e-01	1.47272252e+00
7.96386719e-02	1.07649952e-01	1.47352115e+00
7.96875000e-02	1.07721921e-01	1.47432233e+00
7.97363281e-02	1.07793929e-01	1.47512606e+00
7.97851563e-02	1.07865977e-01	1.47593234e+00
7.98339844e-02	1.07938063e-01	1.47674117e+00
7.98828125e-02	1.08010190e-01	1.47755258e+00
7.99316406e-02	1.08082356e-01	1.47836655e+00
7.99804688e-02	1.08154561e-01	1.47918310e+00
8.00292969e-02	1.08226807e-01	1.48000224e+00
8.00781250e-02	1.08299093e-01	1.48082396e+00
8.01269531e-02	1.08371419e-01	1.48164828e+00
8.01757813e-02	1.08443785e-01	1.48247520e+00
8.02246094e-02	1.08516192e-01	1.48330472e+00
8.02734375e-02	1.08588639e-01	1.48413686e+00
8.03222656e-02	1.08661127e-01	1.48497162e+00
8.03710938e-02	1.08733656e-01	1.48580901e+00
8.04199219e-02	1.08806226e-01	1.48664902e+00
8.04687500e-02	1.08878837e-01	1.48749168e+00
8.05175781e-02	1.08951489e-01	1.48833697e+00
8.05664062e-02	1.09024182e-01	1.48918492e+00
8.06152344e-02	1.09096917e-01	1.49003552e+00
8.06640625e-02	1.09169694e-01	1.49088879e+00
8.07128906e-02	1.09242512e-01	1.49174473e+00
8.07617188e-02	1.09315372e-01	1.49260334e+00
8.08105469e-02	1.09388274e-01	1.49346463e+00
8.08593750e-02	1.09461218e-01	1.49432861e+00
8.09082031e-02	1.09534205e-01	1.49519528e+00
8.09570313e-02	1.09607233e-01	1.49606465e+00
8.10058594e-02	1.09680305e-01	1.49693673e+00
8.10546875e-02	1.09753419e-01	1.49781152e+00
8.11035156e-02	1.09826575e-01	1.49868903e+00
8.11523438e-02	1.09899775e-01	1.49956927e+00
8.12011719e-02	1.09973018e-01	1.50045224e+00
8.12500000e-02	1.10046304e-01	1.50133795e+00
8.12988281e-02	1.10119633e-01	1.50222640e+00
8.13476563e-02	1.10193006e-01	1.50311760e+00
8.13964844e-02	1.10266422e-01	1.50401157e+00
8.14453125e-02	1.10339882e-01	1.50490829e+00
8.14941406e-02	1.10413386e-01	1.50580779e+00
8.15429688e-02	1.10486933e-01	1.50671006e+00
8.15917969e-02	1.10560525e-01	1.50761512e+00
8.16406250e-02	1.10634161e-01	1.50852297e+00
8.16894531e-02	1.10707842e-01	1.50943362e+00
8.17382813e-02	1.10781567e-01	1.51034707e+00
8.17871094e-02	1.10855337e-01	1.51126333e+00
8.18359375e-02	1.10929151e-01	1.51218241e+00
8.18847656e-02	1.11003011e-01	1.51310431e+00
8.19335938e-02	1.11076916e-01	1.51402904e+00
8.19824219e-02	1.11150866e-01	1.51495661e+00
8.20312500e-02	1.11224861e-01	1.51588703e+00
8.20800781e-02	1.11298901e-01	1.51682029e+00
8.21289063e-02	1.11372988e-01	1.51775641e+00
8.21777344e-02	1.11447120e-01	1.51869540e+00
8.22265625e-02	1.11521298e-01	1.51963726e+00
8.22753906e-02	1.11595522e-01	1.52058199e+00
8.23242188e-02	1.11669792e-01	1.52152961e+00
8.23730469e-02	1.11744109e-01	1.52248012e+00
8.24218750e-02	1.11818472e-01	1.52343353e+00
8.24707031e-02	1.11892882e-01	1.52438985e+00
8.25195312e-02	1.11967338e-01	1.52534908e+00
8.25683594e-02	1.12041842e-01	1.52631122e+00
8.26171875e-02	1.12116392e-01	1.52727630e+00
8.26660156e-02	1.12190990e-01	1.52824430e+00
8.27148438e-02	1.12265635e-01	1.52921525e+00
8.27636719e-02	1.12340327e-01	1.53018914e+00
8.28125000e-02	1.12415068e-01	1.53116599e+00
8.28613281e-02	1.12489855e-01	1.53214580e+00
8.29101563e-02	1.12564691e-01	1.53312858e+00
8.29589844e-02	1.12639575e-01	1.53411434e+00
8.30078125e-02	1.12714507e-01	1.53510307e+00
8.30566406e-02	1.12789488e-01	1.53609480e+00
8.31054688e-02	1.12864517e-01	1.53708953e+00
8.31542969e-02	1.12939594e-01	1.53808725e+00
8.32031250e-02	1.13014720e-01	1.53908800e+00
8.32519531e-02	1.13089896e-01	1.54009175e+00
8.33007813e-02	1.13165120e-01	1.54109854e+00
8.33496094e-02	1.13240394e-01	1.54210836e+00
8.33984375e-02	1.13315717e-01	1.54312122e+00
8.34472656e-02	1.13391089e-01	1.54413712e+00
8.34960938e-02	1.13466511e-01	1.54515609e+00
8.35449219e-02	1.13541983e-01	1.54617811e+00
8.35937500e-02	1.13617505e-01	1.54720321e+00
8.36425781e-02	1.13693078e-01	1.54823138e+00
8.36914063e-02	1.13768700e-01	1.54926264e+00
8.37402344e-02	1.13844373e-01	1.55029699e+00
8.37890625e-02	1.13920096e-01	1.55133444e+00
8.38378906e-02	1.13995870e-01	1.55237500e+00
8.38867188e-02	1.14071695e-01	1.55341867e+00
8.39355469e-02	1.14147571e-01	1.55446546e+00
8.39843750e-02	1.14223499e-01	1.55551539e+00
8.40332031e-02	1.14299477e-01	1.55656845e+00
8.40820313e-02	1.14375507e-01	1.55762466e+00
8.41308594e-02	1.14451589e-01	1.55868402e+00
8.41796875e-02	1.14527723e-01	1.55974654e+00
8.42285156e-02	1.14603908e-01	1.56081223e+00
8.42773438e-02	1.14680146e-01	1.56188110e+00
8.43261719e-02	1.14756436e-01	1.56295315e+00
8.43750000e-02	1.14832778e-01	1.56402839e+00
8.44238281e-02	1.14909173e-01	1.56510683e+00
8.44726562e-02	1.14985621e-01	1.56618848e+00
8.45214844e-02	1.15062121e-01	1.56727334e+00
8.45703125e-02	1.15138675e-01	1.56836142e+00
8.46191406e-02	1.15215282e-01	1.56945274e+00
8.46679688e-02	1.15291942e-01	1.57054729e+00
8.47167969e-02	1.15368655e-01	1.57164509e+00
8.47656250e-02	1.15445423e-01	1.57274615e+00
8.48144531e-02	1.15522244e-01	1.57385046e+00
8.48632813e-02	1.15599119e-01	1.57495805e+00
8.49121094e-02	1.15676049e-01	1.57606892e+00
8.49609375e-02	1.15753032e-01	1.57718307e+00
8.50097656e-02	1.15830070e-01	1.57830052e+00
8.50585938e-02	1.15907163e-01	1.57942127e+00
8.51074219e-02	1.15984311e-01	1.58054533e+00
8.51562500e-02	1.16061513e-01	1.58167270e+00
8.52050781e-02	1.16138771e-01	1.58280341e+00
8.52539063e-02	1.16216084e-01	1.58393745e+00
8.53027344e-02	1.16293453e-01	1.58507484e+00
8.53515625e-02	1.16370877e-01	1.58621557e+00
8.54003906e-02	1.16448357e-01	1.58735967e+00
8.54492188e-02	1.16525892e-01	1.58850713e+00
8.54980469e-02	1.16603484e-01	1.58965797e+00
8.55468750e-02	1.16681133e-01	1.59081220e+00
8.55957031e-02	1.16758837e-01	1.59196982e+00
8.56445313e-02	1.16836598e-01	1.59313084e+00
8.56933594e-02	1.16914416e-01	1.59429527e+00
8.57421875e-02	1.16992291e-01	1.59546312e+00
8.57910156e-02	1.17070223e-01	1.59663439e+00
8.58398438e-02	1.17148213e-01	1.59780910e+00
8.58886719e-02	1.17226260e-01	1.59898726e+00
8.59375000e-02	1.17304364e-01	1.60016887e+00
8.59863281e-02	1.17382526e-01	1.60135394e+00
8.60351563e-02	1.17460746e-01	1.60254247e+00
8.60839844e-02	1.17539025e-01	1.60373449e+00
8.61328125e-02	1.17617361e-01	1.60493000e+00
8.61816406e-02	1.17695756e-01	1.60612900e+00
8.62304688e-02	1.17774210e-01	1.60733150e+00
8.62792969e-02	1.17852722e-01	1.60853752e+00
8.63281250e-02	1.17931294e-01	1.60974706e+00
8.63769531e-02	1.18009924e-01	1.61096013e+00
8.64257812e-02	1.18088614e-01	1.61217674e+00
8.64746094e-02	1.18167363e-01	1.61339690e+00
8.65234375e-02	1.18246172e-01	1.61462061e+00
8.65722656e-02	1.18325041e-01	1.61584790e+00
8.66210938e-02	1.18403970e-01	1.61707875e+00
8.66699219e-02	1.18482959e-01	1.61831319e+00
8.67187500e-02	1.18562009e-01	1.61955123e+00
8.67675781e-02	1.18641119e-01	1.62079286e+00
8.68164063e-02	1.18720289e-01	1.62203811e+00
8.68652344e-02	1.18799521e-01	1.62328698e+00
8.69140625e-02	1.18878813e-01	1.62453948e+00
8.69628906e-02	1.18958167e-01	1.62579561e+00
8.70117188e-02	1.19037583e-01	1.62705540e+00
8.70605469e-02	1.19117060e-01	1.62831884e+00
8.71093750e-02	1.19196598e-01	1.62958594e+00
8.71582031e-02	1.19276199e-01	1.63085673e+00
8.72070313e-02	1.19355862e-01	1.63213119e+00
8.72558594e-02	1.19435587e-01	1.63340935e+00
8.73046875e-02	1.19515374e-01	1.63469122e+00
8.73535156e-02	1.19595225e-01	1.63597679e+00
8.74023438e-02	1.19675138e-01	1.63726609e+00
8.74511719e-02	1.19755114e-01	1.63855912e+00
8.75000000e-02	1.19835153e-01	1.63985589e+00
8.75488281e-02	1.19915256e-01	1.64115641e+00
8.75976563e-02	1.19995423e-01	1.64246069e+00
8.76464844e-02	1.20075653e-01	1.64376874e+00
8.76953125e-02	1.20155947e-01	1.64508057e+00
8.77441406e-02	1.20236305e-01	1.64639619e+00
8.77929688e-02	1.20316728e-01	1.64771561e+00
8.78417969e-02	1.20397215e-01	1.64903883e+00
8.78906250e-02	1.20477767e-01	1.65036588e+00
8.79394531e-02	1.20558384e-01	1.65169675e+00
8.79882813e-02	1.20639066e-01	1.65303145e+00
8.80371094e-02	1.20719813e-01	1.65437001e+00
8.80859375e-02	1.20800625e-01	1.65571242e+00
8.81347656e-02	1.20881504e-01	1.65705870e+00
8.81835938e-02	1.20962448e-01	1.65840885e+00
8.82324219e-02	1.21043458e-01	1.65976289e+00
8.82812500e-02	1.21124534e-01	1.66112083e+00
8.83300781e-02	1.21205677e-01	1.66248267e+00
8.83789062e-02	1.21286886e-01	1.66384843e+00
8.84277344e-02	1.21368162e-01	1.66521812e+00
8.84765625e-02	1.21449505e-01	1.66659175e+00
8.85253906e-02	1.21530915e-01	1.66796932e+00
8.85742188e-02	1.21612393e-01	1.66935084e+00
8.86230469e-02	1.21693938e-01	1.67073634e+00
8.86718750e-02	1.21775551e-01	1.67212581e+00
8.87207031e-02	1.21857231e-01	1.67351927e+00
8.87695313e-02	1.21938980e-01	1.67491673e+00
8.88183594e-02	1.22020798e-01	1.67631819e+00
8.88671875e-02	1.22102683e-01	1.67772368e+00
8.89160156e-02	1.22184638e-01	1.67913319e+00
8.89648438e-02	1.22266661e-01	1.68054674e+00
8.90136719e-02	1.22348754e-01	1.68196435e+00
8.90625000e-02	1.22430916e-01	1.68338601e+00
8.91113281e-02	1.22513147e-01	1.68481174e+00
8.91601563e-02	1.22595448e-01	1.68624156e+00
8.92089844e-02	1.22677819e-01	1.68767547e+00
8.92578125e-02	1.22760260e-01	1.68911348e+00
8.93066406e-02	1.22842772e-01	1.69055560e+00
8.93554688e-02	1.22925354e-01	1.69200185e+00
8.94042969e-02	1.23008006e-01	1.69345223e+00
8.94531250e-02	1.23090730e-01	1.69490676e+00
8.95019531e-02	1.23173525e-01	1.69636544e+00
8.95507813e-02	1.23256391e-01	1.69782829e+00
8.95996094e-02	1.23339328e-01	1.69929532e+00
8.96484375e-02	1.23422338e-01	1.70076654e+00
8.96972656e-02	1.23505419e-01	1.70224196e+00
8.97460938e-02	1.23588572e-01	1.70372159e+00
8.97949219e-02	1.23671798e-01	1.70520544e+00
8.98437500e-02	1.23755097e-01	1.70669352e+00
8.98925781e-02	1.23838468e-01	1.70818585e+00
8.99414063e-02	1.23921912e-01	1.70968244e+00
8.99902344e-02	1.24005429e-01	1.71118329e+00
9.00390625e-02	1.24089019e-01	1.71268841e+00
9.00878906e-02	1.24172684e-01	1.71419783e+00
9.01367188e-02	1.24256422e-01	1.71571155e+00
9.01855469e-02	1.24340234e-01	1.71722958e+00
9.02343750e-02	1.24424120e-01	1.71875193e+00
9.02832031e-02	1.24508081e-01	1.72027861e+00
9.03320312e-02	1.24592116e-01	1.72180965e+00
9.03808594e-02	1.24676226e-01	1.72334503e+00
9.04296875e-02	1.24760412e-01	1.72488479e+00
9.04785156e-02	1.24844672e-01	1.72642893e+00
9.05273438e-02	1.24929008e-01	1.72797746e+00
9.05761719e-02	1.25013420e-01	1.72953039e+00
9.06250000e-02	1.25097908e-01	1.73108774e+00
9.06738281e-02	1.25182472e-01	1.73264952e+00
9.07226563e-02	1.25267112e-01	1.73421573e+00
9.07714844e-02	1.25351829e-01	1.73578640e+00
9.08203125e-02	1.25436623e-01	1.73736152e+00
9.08691406e-02	1.25521493e-01	1.73894112e+00
9.09179688e-02	1.25606441e-01	1.74052521e+00
9.09667969e-02	1.25691466e-01	1.74211380e+00
9.10156250e-02	1.25776570e-01	1.74370689e+00
9.10644531e-02	1.25861750e-01	1.74530451e+00
9.11132813e-02	1.25947010e-01	1.74690666e+00
9.11621094e-02	1.26032347e-01	1.74851336e+00
9.12109375e-02	1.26117763e-01	1.75012461e+00
9.12597656e-02	1.26203258e-01	1.75174044e+00
9.13085938e-02	1.26288831e-01	1.75336085e+00
9.13574219e-02	1.26374484e-01	1.75498585e+00
9.14062500e-02	1.26460217e-01	1.75661546e+00
9.14550781e-02	1.26546029e-01	1.75824970e+00
9.15039063e-02	1.26631921e-01	1.75988856e+00
9.15527344e-02	1.26717893e-01	1.76153207e+00
9.16015625e-02	1.26803946e-01	1.76318024e+00
9.16503906e-02	1.26890079e-01	1.76483307e+00
9.16992188e-02	1.26976293e-01	1.76649059e+00
9.17480469e-02	1.27062588e-01	1.76815280e+00
9.17968750e-02	1.27148964e-01	1.76981972e+00
9.18457031e-02	1.27235422e-01	1.77149136e+00
9.18945313e-02	1.27321961e-01	1.77316774e+00
9.19433594e-02	1.27408583e-01	1.77484886e+00
9.19921875e-02	1.27495287e-01	1.77653474e+00
9.20410156e-02	1.27582073e-01	1.77822539e+00
9.20898438e-02	1.27668942e-01	1.77992082e+00
9.21386719e-02	1.27755893e-01	1.78162106e+00
9.21875000e-02	1.27842928e-01	1.78332610e+00
9.22363281e-02	1.27930046e-01	1.78503597e+00
9.22851562e-02	1.28017248e-01	1.78675067e+00
9.23339844e-02	1.28104534e-01	1.78847022e+00
9.23828125e-02	1.28191904e-01	1.79019464e+00
9.24316406e-02	1.28279358e-01	1.79192393e+00
9.24804688e-02	1.28366896e-01	1.79365811e+00
9.25292969e-02	1.28454520e-01	1.79539720e+00
9.25781250e-02	1.28542228e-01	1.79714120e+00
9.26269531e-02	1.28630022e-01	1.79889013e+00
9.26757813e-02	1.28717901e-01	1.80064401e+00
9.27246094e-02	1.28805866e-01	1.80240284e+00
9.27734375e-02	1.28893917e-01	1.80416665e+00
9.28222656e-02	1.28982054e-01	1.80593543e+00
9.28710938e-02	1.29070278e-01	1.80770922e+00
9.29199219e-02	1.29158589e-01	1.80948801e+00
9.29687500e-02	1.29246986e-01	1.81127183e+00
9.30175781e-02	1.29335471e-01	1.81306070e+00
9.30664063e-02	1.29424043e-01	1.81485461e+00
9.31152344e-02	1.29512703e-01	1.81665359e+00
9.31640625e-02	1.29601451e-01	1.81845765e+00
9.32128906e-02	1.29690287e-01	1.82026681e+00
9.32617188e-02	1.29779211e-01	1.82208107e+00
9.33105469e-02	1.29868224e-01	1.82390046e+00
9.33593750e-02	1.29957327e-01	1.82572499e+00
9.34082031e-02	1.30046518e-01	1.82755466e+00
9.34570313e-02	1.30135799e-01	1.82938951e+00
9.35058594e-02	1.30225169e-01	1.83122953e+00
9.35546875e-02	1.30314630e-01	1.83307475e+00
9.36035156e-02	1.30404181e-01	1.83492517e+00
9.36523438e-02	1.30493822e-01	1.83678082e+00
9.37011719e-02	1.30583554e-01	1.83864171e+00
9.37500000e-02	1.30673377e-01	1.84050785e+00
9.37988281e-02	1.30763291e-01	1.84237926e+00
9.38476563e-02	1.30853297e-01	1.84425595e+00
9.38964844e-02	1.30943395e-01	1.84613793e+00
9.39453125e-02	1.31033584e-01	1.84802523e+00
9.39941406e-02	1.31123866e-01	1.84991785e+00
9.40429688e-02	1.31214240e-01	1.85181582e+00
9.40917969e-02	1.31304707e-01	1.85371914e+00
9.41406250e-02	1.31395268e-01	1.85562783e+00
9.41894531e-02	1.31485921e-01	1.85754190e+00
9.42382812e-02	1.31576668e-01	1.85946138e+00
9.42871094e-02	1.31667509e-01	1.86138628e+00
9.43359375e-02	1.31758444e-01	1.86331660e+00
9.43847656e-02	1.31849474e-01	1.86525237e+00
9.44335938e-02	1.31940598e-01	1.86719361e+00
9.44824219e-02	1.32031817e-01	1.86914032e+00
9.45312500e-02	1.32123132e-01	1.87109253e+00
9.45800781e-02	1.32214541e-01	1.87305024e+00
9.46289063e-02	1.32306047e-01	1.87501348e+00
9.46777344e-02	1.32397648e-01	1.87698226e+00
9.47265625e-02	1.32489346e-01	1.87895659e+00
9.47753906e-02	1.32581140e-01	1.88093649e+00
9.48242188e-02	1.32673031e-01	1.88292199e+00
9.48730469e-02	1.32765019e-01	1.88491308e+00
9.49218750e-02	1.32857105e-01	1.88690979e+00
9.49707031e-02	1.32949288e-01	1.88891214e+00
9.50195313e-02	1.33041569e-01	1.89092013e+00
9.50683594e-02	1.33133948e-01	1.89293380e+00
9.51171875e-02	1.33226426e-01	1.89495315e+00
9.51660156e-02	1.33319003e-01	1.89697819e+00
9.52148438e-02	1.33411678e-01	1.89900895e+00
9.52636719e-02	1.33504453e-01	1.90104544e+00
9.53125000e-02	1.33597327e-01	1.90308768e+00
9.53613281e-02	1.33690301e-01	1.90513569e+00
9.54101563e-02	1.33783376e-01	1.90718947e+00
9.54589844e-02	1.33876550e-01	1.90924906e+00
9.55078125e-02	1.33969826e-01	1.91131445e+00
9.55566406e-02	1.34063202e-01	1.91338568e+00
9.56054688e-02	1.34156680e-01	1.91546275e+00
9.56542969e-02	1.34250259e-01	1.91754569e+00
9.57031250e-02	1.34343941e-01	1.91963451e+00
9.57519531e-02	1.34437724e-01	1.92172923e+00
9.58007813e-02	1.34531610e-01	1.92382986e+00
9.58496094e-02	1.34625598e-01	1.92593643e+00
9.58984375e-02	1.34719689e-01	1.92804894e+00
9.59472656e-02	1.34813884e-01	1.93016742e+00
9.59960938e-02	1.34908183e-01	1.93229188e+00
9.60449219e-02	1.35002585e-01	1.93442235e+00
9.60937500e-02	1.35097091e-01	1.93655883e+00
9.61425781e-02	1.35191702e-01	1.93870135e+00
9.61914062e-02	1.35286418e-01	1.94084992e+00
9.62402344e-02	1.35381238e-01	1.94300456e+00
9.62890625e-02	1.35476164e-01	1.94516529e+00
9.63378906e-02	1.35571196e-01	1.94733212e+00
9.63867188e-02	1.35666334e-01	1.94950508e+00
9.64355469e-02	1.35761577e-01	1.95168418e+00
9.64843750e-02	1.35856928e-01	1.95386944e+00
9.65332031e-02	1.35952385e-01	1.95606088e+00
9.65820313e-02	1.36047950e-01	1.95825852e+00
9.66308594e-02	1.36143621e-01	1.96046236e+00
9.66796875e-02	1.36239401e-01	1.96267244e+00
9.67285156e-02	1.36335289e-01	1.96488877e+00
9.67773438e-02	1.36431285e-01	1.96711137e+00
9.68261719e-02	1.36527390e-01	1.96934025e+00
9.68750000e-02	1.36623603e-01	1.97157544e+00
9.69238281e-02	1.36719927e-01	1.97381695e+00
9.69726563e-02	1.36816359e-01	1.97606481e+00
9.70214844e-02	1.36912902e-01	1.97831902e+00
9.70703125e-02	1.37009555e-01	1.98057962e+00
9.71191406e-02	1.37106318e-01	1.98284661e+00
9.71679688e-02	1.37203192e-01	1.98512002e+00
9.72167969e-02	1.37300177e-01	1.98739986e+00
9.72656250e-02	1.37397274e-01	1.98968617e+00
9.73144531e-02	1.37494483e-01	1.99197894e+00
9.73632813e-02	1.37591804e-01	1.99427821e+00
9.74121094e-02	1.37689237e-01	1.99658399e+00
9.74609375e-02	1.37786783e-01	1.99889630e+00
9.75097656e-02	1.37884442e-01	2.00121517e+00
9.75585938e-02	1.37982214e-01	2.00354060e+00
9.76074219e-02	1.38080100e-01	2.00587263e+00
9.76562500e-02	1.38178100e-01	2.00821126e+00
9.77050781e-02	1.38276215e-01	2.01055653e+00
9.77539063e-02	1.38374444e-01	2.01290844e+00
9.78027344e-02	1.38472788e-01	2.01526703e+00
9.78515625e-02	1.38571247e-01	2.01763230e+00
9.79003906e-02	1.38669822e-01	2.02000428e+00
9.79492188e-02	1.38768514e-01	2.02238299e+00
9.79980469e-02	1.38867321e-01	2.02476845e+00
9.80468750e-02	1.38966245e-01	2.02716068e+00
9.80957031e-02	1.39065286e-01	2.02955969e+00
9.81445312e-02	1.39164444e-01	2.03196552e+00
9.81933594e-02	1.39263720e-01	2.03437818e+00
9.82421875e-02	1.39363114e-01	2.03679769e+00
9.82910156e-02	1.39462627e-01	2.03922407e+00
9.83398438e-02	1.39562257e-01	2.04165734e+00
9.83886719e-02	1.39662007e-01	2.04409753e+00
9.84375000e-02	1.39761876e-01	2.04654465e+00
9.84863281e-02	1.39861865e-01	2.04899872e+00
9.85351563e-02	1.39961974e-01	2.05145977e+00
9.85839844e-02	1.40062203e-01	2.05392782e+00
9.86328125e-02	1.40162553e-01	2.05640289e+00
9.86816406e-02	1.40263024e-01	2.05888499e+00
9.87304688e-02	1.40363616e-01	2.06137415e+00
9.87792969e-02	1.40464330e-01	2.06387040e+00
9.88281250e-02	1.40565166e-01	2.06637375e+00
9.88769531e-02	1.40666125e-01	2.06888423e+00
9.89257813e-02	1.40767206e-01	2.07140185e+00
9.89746094e-02	1.40868410e-01	2.07392664e+00
9.90234375e-02	1.40969738e-01	2.07645862e+00
9.90722656e-02	1.41071190e-01	2.07899782e+00
9.91210938e-02	1.41172765e-01	2.08154424e+00
9.91699219e-02	1.41274466e-01	2.08409793e+00
9.92187500e-02	1.41376291e-01	2.08665889e+00
9.92675781e-02	1.41478241e-01	2.08922716e+00
9.93164063e-02	1.41580317e-01	2.09180274e+00
9.93652344e-02	1.41682519e-01	2.09438568e+00
9.94140625e-02	1.41784847e-01	2.09697598e+00
9.94628906e-02	1.41887302e-01	2.09957367e+00
9.95117188e-02	1.41989884e-01	2.10217877e+00
9.95605469e-02	1.42092593e-01	2.10479132e+00
9.96093750e-02	1.42195430e-01	2.10741132e+00
9.96582031e-02	1.42298395e-01	2.11003880e+00
9.97070313e-02	1.42401489e-01	2.11267379e+00
9.97558594e-02	1.42504711e-01	2.11531631e+00
9.98046875e-02	1.42608063e-01	2.11796638e+00
9.98535156e-02	1.42711544e-01	2.12062402e+00
9.99023438e-02	1.42815155e-01	2.12328926e+00
9.99511719e-02	1.42918897e-01	2.12596213e+00
1.00000000e-01	1.43022769e-01	2.12864264e+00
