0.00000000e+00	0.00000000e+00	7.78851471e-05
4.88281250e-05	3.80301335e-09	7.78862795e-05
9.76562500e-05	7.60611717e-09	7.78888533e-05
1.46484375e-04	1.14093881e-08	7.78931239e-05
1.95312500e-04	1.52129089e-08	7.78990880e-05
2.44140625e-04	1.90167623e-08	7.79067475e-05
2.92968750e-04	2.28210311e-08	7.79161035e-05
3.41796875e-04	2.66257982e-08	7.79271572e-05
3.90625000e-04	3.04311465e-08	7.79399091e-05
4.39453125e-04	3.42371590e-08	7.79543600e-05
4.88281250e-04	3.80439185e-08	7.79705103e-05
5.37109375e-04	4.18515081e-08	7.79883607e-05
5.85937500e-04	4.56600109e-08	7.80079116e-05
6.34765625e-04	4.94695098e-08	7.80291636e-05
6.83593750e-04	5.32800879e-08	7.80521174e-05
7.32421875e-04	5.70918284e-08	7.80767735e-05
7.81250000e-04	6.09048144e-08	7.81031325e-05
8.30078125e-04	6.47191290e-08	7.81311952e-05
8.78906250e-04	6.85348555e-08	7.81609623e-05
9.27734375e-04	7.23520771e-08	7.81924344e-05
9.76562500e-04	7.61708771e-08	7.82256125e-05
1.02539063e-03	7.99913388e-08	7.82604972e-05
1.07421875e-03	8.38135455e-08	7.82970895e-05
1.12304688e-03	8.76375806e-08	7.83353903e-05
1.17187500e-03	9.14635277e-08	7.83754006e-05
1.22070312e-03	9.52914701e-08	7.84171212e-05
1.26953125e-03	9.91214915e-08	7.84605532e-05
1.31835938e-03	1.02953675e-07	7.85056977e-05
1.36718750e-03	1.06788105e-07	7.85525557e-05
1.41601563e-03	1.10624865e-07	7.86011285e-05
1.46484375e-03	1.14464039e-07	7.86514172e-05
1.51367188e-03	1.18305710e-07	7.87034230e-05
1.56250000e-03	1.22149962e-07	7.87571473e-05
1.61132813e-03	1.25996879e-07	7.88125912e-05
1.66015625e-03	1.29846546e-07	7.88697561e-05
1.70898438e-03	1.33699046e-07	7.89286435e-05
1.75781250e-03	1.37554463e-07	7.89892548e-05
1.80664063e-03	1.41412882e-07	7.90515914e-05
1.85546875e-03	1.45274387e-07	7.91156548e-05
1.90429688e-03	1.49139063e-07	7.91814467e-05
1.95312500e-03	1.53006993e-07	7.92489686e-05
2.00195313e-03	1.56878262e-07	7.93182221e-05
2.05078125e-03	1.60752955e-07	7.93892089e-05
2.09960937e-03	1.64631157e-07	7.94619308e-05
2.14843750e-03	1.68512952e-07	7.95363895e-05
2.19726562e-03	1.72398425e-07	7.96125868e-05
2.24609375e-03	1.76287661e-07	7.96905246e-05
2.29492188e-03	1.80180745e-07	7.97702048e-05
2.34375000e-03	1.84077763e-07	7.98516292e-05
2.39257813e-03	1.87978799e-07	7.99347999e-05
2.44140625e-03	1.91883938e-07	8.00197189e-05
2.49023438e-03	1.95793267e-07	8.01063883e-05
2.53906250e-03	1.99706870e-07	8.01948101e-05
2.58789063e-03	2.03624834e-07	8.02849865e-05
2.63671875e-03	2.07547244e-07	8.03769196e-05
2.68554688e-03	2.11474186e-07	8.04706118e-05
2.73437500e-03	2.15405745e-07	8.05660653e-05
2.78320313e-03	2.19342009e-07	8.06632823e-05
2.83203125e-03	2.23283062e-07	8.07622653e-05
2.88085938e-03	2.27228992e-07	8.08630167e-05
2.92968750e-03	2.31179884e-07	8.09655389e-05
2.97851563e-03	2.35135826e-07	8.10698344e-05
3.02734375e-03	2.39096904e-07	8.11759056e-05
3.07617188e-03	2.43063204e-07	8.12837553e-05
3.12500000e-03	2.47034814e-07	8.13933860e-05
3.17382812e-03	2.51011820e-07	8.15048003e-05
3.22265625e-03	2.54994311e-07	8.16180011e-05
3.27148438e-03	2.58982372e-07	8.17329909e-05
3.32031250e-03	2.62976092e-07	8.18497726e-05
3.36914063e-03	2.66975558e-07	8.19683491e-05
3.41796875e-03	2.70980857e-07	8.20887232e-05
3.46679688e-03	2.74992078e-07	8.22108978e-05
3.51562500e-03	2.79009309e-07	8.23348759e-05
3.56445313e-03	2.83032638e-07	8.24606606e-05
3.61328125e-03	2.87062152e-07	8.25882548e-05
3.66210938e-03	2.91097941e-07	8.27176616e-05
3.71093750e-03	2.95140093e-07	8.28488842e-05
3.75976563e-03	2.99188697e-07	8.29819259e-05
3.80859375e-03	3.03243841e-07	8.31167897e-05
3.85742188e-03	3.07305616e-07	8.32534790e-05
3.90625000e-03	3.11374109e-07	8.33919971e-05
3.95507812e-03	3.15449410e-07	8.35323473e-05
4.00390625e-03	3.19531609e-07	8.36745331e-05
4.05273438e-03	3.23620796e-07	8.38185579e-05
4.10156250e-03	3.27717060e-07	8.39644253e-05
4.15039062e-03	3.31820492e-07	8.41121386e-05
4.19921875e-03	3.35931181e-07	8.42617016e-05
4.24804688e-03	3.40049219e-07	8.44131179e-05
4.29687500e-03	3.44174695e-07	8.45663911e-05
4.34570313e-03	3.48307701e-07	8.47215250e-05
4.39453125e-03	3.52448327e-07	8.48785233e-05
4.44335937e-03	3.56596665e-07	8.50373898e-05
4.49218750e-03	3.60752806e-07	8.51981284e-05
4.54101563e-03	3.64916841e-07	8.53607430e-05
4.58984375e-03	3.69088862e-07	8.55252375e-05
4.63867188e-03	3.73268961e-07	8.56916160e-05
4.68750000e-03	3.77457230e-07	8.58598824e-05
4.73632813e-03	3.81653761e-07	8.60300409e-05
4.78515625e-03	3.85858647e-07	8.62020956e-05
4.83398438e-03	3.90071981e-07	8.63760506e-05
4.88281250e-03	3.94293855e-07	8.65519102e-05
4.93164063e-03	3.98524362e-07	8.67296787e-05
4.98046875e-03	4.02763597e-07	8.69093604e-05
5.02929688e-03	4.07011651e-07	8.70909596e-05
5.07812500e-03	4.11268620e-07	8.72744807e-05
5.12695312e-03	4.15534597e-07	8.74599283e-05
5.17578125e-03	4.19809676e-07	8.76473067e-05
5.22460938e-03	4.24093951e-07	8.78366207e-05
5.27343750e-03	4.28387518e-07	8.80278746e-05
5.32226563e-03	4.32690471e-07	8.82210733e-05
5.37109375e-03	4.37002905e-07	8.84162214e-05
5.41992188e-03	4.41324915e-07	8.86133236e-05
5.46875000e-03	4.45656598e-07	8.88123847e-05
5.51757813e-03	4.49998048e-07	8.90134096e-05
5.56640625e-03	4.54349361e-07	8.92164031e-05
5.61523438e-03	4.58710635e-07	8.94213702e-05
5.66406250e-03	4.63081965e-07	8.96283159e-05
5.71289063e-03	4.67463449e-07	8.98372451e-05
5.76171875e-03	4.71855182e-07	9.00481630e-05
5.81054688e-03	4.76257263e-07	9.02610747e-05
5.85937500e-03	4.80669789e-07	9.04759854e-05
5.90820313e-03	4.85092858e-07	9.06929002e-05
5.95703125e-03	4.89526567e-07	9.09118245e-05
6.00585938e-03	4.93971015e-07	9.11327635e-05
6.05468750e-03	4.98426300e-07	9.13557227e-05
6.10351562e-03	5.02892522e-07	9.15807074e-05
6.15234375e-03	5.07369778e-07	9.18077232e-05
6.20117188e-03	5.11858169e-07	9.20367756e-05
6.25000000e-03	5.16357794e-07	9.22678700e-05
6.29882813e-03	5.20868754e-07	9.25010122e-05
6.34765625e-03	5.25391147e-07	9.27362077e-05
6.39648438e-03	5.29925074e-07	9.29734624e-05
6.44531250e-03	5.34470637e-07	9.32127820e-05
6.49414063e-03	5.39027935e-07	9.34541723e-05
6.54296875e-03	5.43597071e-07	9.36976392e-05
6.59179688e-03	5.48178146e-07	9.39431886e-05
6.64062500e-03	5.52771262e-07	9.41908264e-05
6.68945313e-03	5.57376520e-07	9.44405587e-05
6.73828125e-03	5.61994024e-07	9.46923916e-05
6.78710938e-03	5.66623876e-07	9.49463312e-05
6.83593750e-03	5.71266178e-07	9.52023837e-05
6.88476563e-03	5.75921035e-07	9.54605552e-05
6.93359375e-03	5.80588550e-07	9.57208522e-05
6.98242188e-03	5.85268827e-07	9.59832808e-05
7.03125000e-03	5.89961969e-07	9.62478475e-05
7.08007812e-03	5.94668083e-07	9.65145588e-05
7.12890625e-03	5.99387272e-07	9.67834210e-05
7.17773438e-03	6.04119642e-07	9.70544409e-05
7.22656250e-03	6.08865297e-07	9.73276249e-05
7.27539063e-03	6.13624345e-07	9.76029797e-05
7.32421875e-03	6.18396892e-07	9.78805120e-05
7.37304688e-03	6.23183042e-07	9.81602285e-05
7.42187500e-03	6.27982905e-07	9.84421361e-05
7.47070313e-03	6.32796586e-07	9.87262417e-05
7.51953125e-03	6.37624193e-07	9.90125521e-05
7.56835938e-03	6.42465835e-07	9.93010743e-05
7.61718750e-03	6.47321618e-07	9.95918154e-05
7.66601563e-03	6.52191652e-07	9.98847823e-05
7.71484375e-03	6.57076046e-07	1.00179982e-04
7.76367188e-03	6.61974908e-07	1.00477423e-04
7.81250000e-03	6.66888349e-07	1.00777110e-04
7.86132813e-03	6.71816478e-07	1.01079053e-04
7.91015625e-03	6.76759405e-07	1.01383257e-04
7.95898438e-03	6.81717242e-07	1.01689732e-04
8.00781250e-03	6.86690099e-07	1.01998483e-04
8.05664062e-03	6.91678087e-07	1.02309519e-04
8.10546875e-03	6.96681319e-07	1.02622846e-04
8.15429687e-03	7.01699906e-07	1.02938474e-04
8.20312500e-03	7.06733960e-07	1.03256409e-04
8.25195313e-03	7.11783596e-07	1.03576659e-04
8.30078125e-03	7.16848925e-07	1.03899232e-04
8.34960938e-03	7.21930062e-07	1.04224136e-04
8.39843750e-03	7.27027121e-07	1.04551379e-04
8.44726563e-03	7.32140215e-07	1.04880968e-04
8.49609375e-03	7.37269460e-07	1.05212912e-04
8.54492188e-03	7.42414971e-07	1.05547219e-04
8.59375000e-03	7.47576864e-07	1.05883897e-04
8.64257812e-03	7.52755254e-07	1.06222955e-04
8.69140625e-03	7.57950257e-07	1.06564399e-04
8.74023438e-03	7.63161992e-07	1.06908240e-04
8.78906250e-03	7.68390574e-07	1.07254484e-04
8.83789063e-03	7.73636121e-07	1.07603142e-04
8.88671875e-03	7.78898752e-07	1.07954220e-04
8.93554688e-03	7.84178585e-07	1.08307728e-04
8.98437500e-03	7.89475738e-07	1.08663674e-04
9.03320312e-03	7.94790332e-07	1.09022067e-04
9.08203125e-03	8.00122485e-07	1.09382916e-04
9.13085937e-03	8.05472317e-07	1.09746230e-04
9.17968750e-03	8.10839950e-07	1.10112017e-04
9.22851563e-03	8.16225504e-07	1.10480286e-04
9.27734375e-03	8.21629101e-07	1.10851047e-04
9.32617188e-03	8.27050863e-07	1.11224307e-04
9.37500000e-03	8.32490912e-07	1.11600078e-04
9.42382813e-03	8.37949370e-07	1.11978367e-04
9.47265625e-03	8.43426361e-07	1.12359183e-04
9.52148438e-03	8.48922008e-07	1.12742537e-04
9.57031250e-03	8.54436436e-07	1.13128437e-04
9.61914063e-03	8.59969769e-07	1.13516894e-04
9.66796875e-03	8.65522133e-07	1.13907915e-04
9.71679688e-03	8.71093652e-07	1.14301512e-04
9.76562500e-03	8.76684453e-07	1.14697693e-04
9.81445313e-03	8.82294662e-07	1.15096468e-04
9.86328125e-03	8.87924406e-07	1.15497848e-04
9.91210938e-03	8.93573813e-07	1.15901841e-04
9.96093750e-03	8.99243009e-07	1.16308457e-04
1.00097656e-02	9.04932125e-07	1.16717707e-04
1.00585938e-02	9.10641287e-07	1.17129601e-04
1.01074219e-02	9.16370627e-07	1.17544148e-04
1.01562500e-02	9.22120273e-07	1.17961359e-04
1.02050781e-02	9.27890356e-07	1.18381244e-04
1.02539062e-02	9.33681007e-07	1.18803813e-04
1.03027344e-02	9.39492357e-07	1.19229077e-04
1.03515625e-02	9.45324538e-07	1.19657046e-04
1.04003906e-02	9.51177682e-07	1.20087729e-04
1.04492188e-02	9.57051922e-07	1.20521139e-04
1.04980469e-02	9.62947391e-07	1.20957285e-04
1.05468750e-02	9.68864224e-07	1.21396179e-04
1.05957031e-02	9.74802554e-07	1.21837830e-04
1.06445313e-02	9.80762517e-07	1.22282249e-04
1.06933594e-02	9.86744248e-07	1.22729449e-04
1.07421875e-02	9.92747883e-07	1.23179438e-04
1.07910156e-02	9.98773558e-07	1.23632230e-04
1.08398438e-02	1.00482141e-06	1.24087833e-04
1.08886719e-02	1.01089158e-06	1.24546260e-04
1.09375000e-02	1.01698420e-06	1.25007523e-04
1.09863281e-02	1.02309941e-06	1.25471631e-04
1.10351563e-02	1.02923736e-06	1.25938597e-04
1.10839844e-02	1.03539818e-06	1.26408431e-04
1.11328125e-02	1.04158200e-06	1.26881146e-04
1.11816406e-02	1.04778898e-06	1.27356754e-04
1.12304688e-02	1.05401926e-06	1.27835264e-04
1.12792969e-02	1.06027297e-06	1.28316690e-04
1.13281250e-02	1.06655026e-06	1.28801043e-04
1.13769531e-02	1.07285127e-06	1.29288335e-04
1.14257813e-02	1.07917614e-06	1.29778578e-04
1.14746094e-02	1.08552503e-06	1.30271784e-04
1.15234375e-02	1.09189807e-06	1.30767965e-04
1.15722656e-02	1.09829541e-06	1.31267132e-04
1.16210938e-02	1.10471720e-06	1.31769299e-04
1.16699219e-02	1.11116358e-06	1.32274478e-04
1.17187500e-02	1.11763470e-06	1.32782681e-04
1.17675781e-02	1.12413071e-06	1.33293920e-04
1.18164063e-02	1.13065176e-06	1.33808208e-04
1.18652344e-02	1.13719799e-06	1.34325557e-04
1.19140625e-02	1.14376956e-06	1.34845981e-04
1.19628906e-02	1.15036662e-06	1.35369491e-04
1.20117188e-02	1.15698932e-06	1.35896102e-04
1.20605469e-02	1.16363780e-06	1.36425825e-04
1.21093750e-02	1.17031223e-06	1.36958673e-04
1.21582031e-02	1.17701275e-06	1.37494660e-04
1.22070312e-02	1.18373952e-06	1.38033800e-04
1.22558594e-02	1.19049269e-06	1.38576104e-04
1.23046875e-02	1.19727242e-06	1.39121586e-04
1.23535156e-02	1.20407886e-06	1.39670261e-04
1.24023438e-02	1.21091217e-06	1.40222140e-04
1.24511719e-02	1.21777251e-06	1.40777238e-04
1.25000000e-02	1.22466003e-06	1.41335568e-04
1.25488281e-02	1.23157489e-06	1.41897144e-04
1.25976563e-02	1.23851725e-06	1.42461980e-04
1.26464844e-02	1.24548727e-06	1.43030090e-04
1.26953125e-02	1.25248511e-06	1.43601487e-04
1.27441406e-02	1.25951093e-06	1.44176186e-04
1.27929688e-02	1.26656490e-06	1.44754200e-04
1.28417969e-02	1.27364717e-06	1.45335544e-04
1.28906250e-02	1.28075790e-06	1.45920232e-04
1.29394531e-02	1.28789727e-06	1.46508278e-04
1.29882813e-02	1.29506544e-06	1.47099698e-04
1.30371094e-02	1.30226256e-06	1.47694504e-04
1.30859375e-02	1.30948881e-06	1.48292713e-04
1.31347656e-02	1.31674435e-06	1.48894338e-04
1.31835938e-02	1.32402936e-06	1.49499395e-04
1.32324219e-02	1.33134399e-06	1.50107898e-04
1.32812500e-02	1.33868841e-06	1.50719862e-04
1.33300781e-02	1.34606281e-06	1.51335302e-04
1.33789063e-02	1.35346734e-06	1.51954233e-04
1.34277344e-02	1.36090217e-06	1.52576671e-04
1.34765625e-02	1.36836749e-06	1.53202631e-04
1.35253906e-02	1.37586346e-06	1.53832128e-04
1.35742188e-02	1.38339025e-06	1.54465177e-04
1.36230469e-02	1.39094803e-06	1.55101795e-04
1.36718750e-02	1.39853699e-06	1.55741996e-04
1.37207031e-02	1.40615730e-06	1.56385797e-04
1.37695313e-02	1.41380913e-06	1.57033214e-04
1.38183594e-02	1.42149266e-06	1.57684261e-04
1.38671875e-02	1.42920807e-06	1.58338956e-04
1.39160156e-02	1.43695554e-06	1.58997314e-04
1.39648438e-02	1.44473525e-06	1.59659352e-04
1.40136719e-02	1.45254737e-06	1.60325085e-04
1.40625000e-02	1.46039208e-06	1.60994530e-04
1.41113281e-02	1.46826958e-06	1.61667705e-04
1.41601562e-02	1.47618004e-06	1.62344624e-04
1.42089844e-02	1.48412364e-06	1.63025305e-04
1.42578125e-02	1.49210057e-06	1.63709764e-04
1.43066406e-02	1.50011101e-06	1.64398019e-04
1.43554688e-02	1.50815515e-06	1.65090086e-04
1.44042969e-02	1.51623318e-06	1.65785983e-04
1.44531250e-02	1.52434529e-06	1.66485726e-04
1.45019531e-02	1.53249165e-06	1.67189332e-04
1.45507813e-02	1.54067246e-06	1.67896820e-04
1.45996094e-02	1.54888792e-06	1.68608205e-04
1.46484375e-02	1.55713820e-06	1.69323507e-04
1.46972656e-02	1.56542351e-06	1.70042742e-04
1.47460938e-02	1.57374404e-06	1.70765928e-04
1.47949219e-02	1.58209997e-06	1.71493083e-04
1.48437500e-02	1.59049151e-06	1.72224225e-04
1.48925781e-02	1.59891884e-06	1.72959372e-04
1.49414063e-02	1.60738217e-06	1.73698542e-04
1.49902344e-02	1.61588169e-06	1.74441752e-04
1.50390625e-02	1.62441759e-06	1.75189023e-04
1.50878906e-02	1.63299009e-06	1.75940371e-04
1.51367188e-02	1.64159937e-06	1.76695815e-04
1.51855469e-02	1.65024564e-06	1.77455374e-04
1.52343750e-02	1.65892910e-06	1.78219067e-04
1.52832031e-02	1.66764995e-06	1.78986913e-04
1.53320313e-02	1.67640839e-06	1.79758930e-04
1.53808594e-02	1.68520463e-06	1.80535137e-04
1.54296875e-02	1.69403888e-06	1.81315554e-04
1.54785156e-02	1.70291133e-06	1.82100199e-04
1.55273438e-02	1.71182220e-06	1.82889092e-04
1.55761719e-02	1.72077170e-06	1.83682253e-04
1.56250000e-02	1.72976003e-06	1.84479702e-04
1.56738281e-02	1.73878740e-06	1.85281456e-04
1.57226563e-02	1.74785403e-06	1.86087538e-04
1.57714844e-02	1.75696012e-06	1.86897965e-04
1.58203125e-02	1.76610589e-06	1.87712759e-04
1.58691406e-02	1.77529155e-06	1.88531940e-04
1.59179688e-02	1.78451732e-06	1.89355527e-04
1.59667969e-02	1.79378341e-06	1.90183541e-04
1.60156250e-02	1.80309004e-06	1.91016002e-04
1.60644531e-02	1.81243742e-06	1.91852931e-04
1.61132812e-02	1.82182579e-06	1.92694349e-04
1.61621094e-02	1.83125534e-06	1.93540276e-04
1.62109375e-02	1.84072631e-06	1.94390734e-04
1.62597656e-02	1.85023892e-06	1.95245742e-04
1.63085937e-02	1.85979339e-06	1.96105323e-04
1.63574219e-02	1.86938995e-06	1.96969497e-04
1.64062500e-02	1.87902881e-06	1.97838286e-04
1.64550781e-02	1.88871020e-06	1.98711711e-04
1.65039063e-02	1.89843436e-06	1.99589795e-04
1.65527344e-02	1.90820151e-06	2.00472557e-04
1.66015625e-02	1.91801187e-06	2.01360021e-04
1.66503906e-02	1.92786569e-06	2.02252208e-04
1.66992188e-02	1.93776318e-06	2.03149140e-04
1.67480469e-02	1.94770459e-06	2.04050840e-04
1.67968750e-02	1.95769014e-06	2.04957330e-04
1.68457031e-02	1.96772007e-06	2.05868631e-04
1.68945313e-02	1.97779462e-06	2.06784767e-04
1.69433594e-02	1.98791401e-06	2.07705760e-04
1.69921875e-02	1.99807850e-06	2.08631634e-04
1.70410156e-02	2.00828832e-06	2.09562410e-04
1.70898438e-02	2.01854370e-06	2.10498111e-04
1.71386719e-02	2.02884489e-06	2.11438762e-04
1.71875000e-02	2.03919214e-06	2.12384385e-04
1.72363281e-02	2.04958568e-06	2.13335004e-04
1.72851562e-02	2.06002576e-06	2.14290642e-04
1.73339844e-02	2.07051262e-06	2.15251322e-04
1.73828125e-02	2.08104652e-06	2.16217069e-04
1.74316406e-02	2.09162769e-06	2.17187907e-04
1.74804688e-02	2.10225640e-06	2.18163858e-04
1.75292969e-02	2.11293288e-06	2.19144949e-04
1.75781250e-02	2.12365740e-06	2.20131202e-04
1.76269531e-02	2.13443020e-06	2.21122642e-04
1.76757813e-02	2.14525153e-06	2.22119294e-04
1.77246094e-02	2.15612166e-06	2.23121182e-04
1.77734375e-02	2.16704084e-06	2.24128331e-04
1.78222656e-02	2.17800932e-06	2.25140767e-04
1.78710938e-02	2.18902737e-06	2.26158514e-04
1.79199219e-02	2.20009525e-06	2.27181597e-04
1.79687500e-02	2.21121321e-06	2.28210041e-04
1.80175781e-02	2.22238152e-06	2.29243873e-04
1.80664062e-02	2.23360044e-06	2.30283118e-04
1.81152344e-02	2.24487023e-06	2.31327801e-04
1.81640625e-02	2.25619118e-06	2.32377948e-04
1.82128906e-02	2.26756353e-06	2.33433585e-04
1.82617187e-02	2.27898756e-06	2.34494739e-04
1.83105469e-02	2.29046354e-06	2.35561436e-04
1.83593750e-02	2.30199174e-06	2.36633702e-04
1.84082031e-02	2.31357244e-06	2.37711564e-04
1.84570313e-02	2.32520590e-06	2.38795048e-04
1.85058594e-02	2.33689240e-06	2.39884182e-04
1.85546875e-02	2.34863223e-06	2.40978992e-04
1.86035156e-02	2.36042565e-06	2.42079505e-04
1.86523438e-02	2.37227294e-06	2.43185749e-04
1.87011719e-02	2.38417440e-06	2.44297751e-04
1.87500000e-02	2.39613029e-06	2.45415539e-04
1.87988281e-02	2.40814090e-06	2.46539140e-04
1.88476563e-02	2.42020652e-06	2.47668582e-04
1.88964844e-02	2.43232743e-06	2.48803894e-04
1.89453125e-02	2.44450392e-06	2.49945103e-04
1.89941406e-02	2.45673627e-06	2.51092238e-04
1.90429688e-02	2.46902479e-06	2.52245327e-04
1.90917969e-02	2.48136975e-06	2.53404399e-04
1.91406250e-02	2.49377146e-06	2.54569483e-04
1.91894531e-02	2.50623020e-06	2.55740606e-04
1.92382813e-02	2.51874628e-06	2.56917800e-04
1.92871094e-02	2.53131998e-06	2.58101092e-04
1.93359375e-02	2.54395161e-06	2.59290512e-04
1.93847656e-02	2.55664147e-06	2.60486090e-04
1.94335938e-02	2.56938986e-06	2.61687855e-04
1.94824219e-02	2.58219707e-06	2.62895837e-04
1.95312500e-02	2.59506343e-06	2.64110067e-04
1.95800781e-02	2.60798923e-06	2.65330574e-04
1.96289063e-02	2.62097477e-06	2.66557388e-04
1.96777344e-02	2.63402038e-06	2.67790540e-04
1.97265625e-02	2.64712635e-06	2.69030061e-04
1.97753906e-02	2.66029300e-06	2.70275982e-04
1.98242188e-02	2.67352064e-06	2.71528332e-04
1.98730469e-02	2.68680960e-06	2.72787145e-04
1.99218750e-02	2.70016017e-06	2.74052450e-04
1.99707031e-02	2.71357269e-06	2.75324280e-04
2.00195312e-02	2.72704747e-06	2.76602665e-04
2.00683594e-02	2.74058483e-06	2.77887638e-04
2.01171875e-02	2.75418509e-06	2.79179230e-04
2.01660156e-02	2.76784859e-06	2.80477474e-04
2.02148438e-02	2.78157564e-06	2.81782403e-04
2.02636719e-02	2.79536656e-06	2.83094047e-04
2.03125000e-02	2.80922170e-06	2.84412441e-04
2.03613281e-02	2.82314138e-06	2.85737616e-04
2.04101563e-02	2.83712593e-06	2.87069606e-04
2.04589844e-02	2.85117569e-06	2.88408444e-04
2.05078125e-02	2.86529099e-06	2.89754163e-04
2.05566406e-02	2.87947217e-06	2.91106797e-04
2.06054688e-02	2.89371956e-06	2.92466379e-04
2.06542969e-02	2.90803351e-06	2.93832943e-04
2.07031250e-02	2.92241435e-06	2.95206523e-04
2.07519531e-02	2.93686244e-06	2.96587154e-04
2.08007813e-02	2.95137811e-06	2.97974869e-04
2.08496094e-02	2.96596172e-06	2.99369703e-04
2.08984375e-02	2.98061361e-06	3.00771692e-04
2.09472656e-02	2.99533413e-06	3.02180869e-04
2.09960938e-02	3.01012364e-06	3.03597270e-04
2.10449219e-02	3.02498248e-06	3.05020931e-04
2.10937500e-02	3.03991102e-06	3.06451886e-04
2.11425781e-02	3.05490960e-06	3.07890171e-04
2.11914063e-02	3.06997860e-06	3.09335822e-04
2.12402344e-02	3.08511836e-06	3.10788876e-04
2.12890625e-02	3.10032925e-06	3.12249368e-04
2.13378906e-02	3.11561164e-06	3.13717334e-04
2.13867188e-02	3.13096590e-06	3.15192812e-04
2.14355469e-02	3.14639238e-06	3.16675838e-04
2.14843750e-02	3.16189146e-06	3.18166449e-04
2.15332031e-02	3.17746350e-06	3.19664682e-04
2.15820313e-02	3.19310890e-06	3.21170574e-04
2.16308594e-02	3.20882801e-06	3.22684164e-04
2.16796875e-02	3.22462121e-06	3.24205488e-04
2.17285156e-02	3.24048889e-06	3.25734585e-04
2.17773438e-02	3.25643142e-06	3.27271493e-04
2.18261719e-02	3.27244919e-06	3.28816250e-04
2.18750000e-02	3.28854257e-06	3.30368894e-04
2.19238281e-02	3.30471197e-06	3.31929465e-04
2.19726562e-02	3.32095776e-06	3.33498001e-04
2.20214844e-02	3.33728033e-06	3.35074542e-04
2.20703125e-02	3.35368007e-06	3.36659127e-04
2.21191406e-02	3.37015739e-06	3.38251795e-04
2.21679688e-02	3.38671267e-06	3.39852585e-04
2.22167969e-02	3.40334632e-06	3.41461539e-04
2.22656250e-02	3.42005873e-06	3.43078696e-04
2.23144531e-02	3.43685030e-06	3.44704097e-04
2.23632813e-02	3.45372144e-06	3.46337782e-04
2.24121094e-02	3.47067255e-06	3.47979791e-04
2.24609375e-02	3.48770405e-06	3.49630167e-04
2.25097656e-02	3.50481633e-06	3.51288949e-04
2.25585938e-02	3.52200981e-06	3.52956180e-04
2.26074219e-02	3.53928491e-06	3.54631901e-04
2.26562500e-02	3.55664204e-06	3.56316155e-04
2.27050781e-02	3.57408162e-06	3.58008982e-04
2.27539063e-02	3.59160407e-06	3.59710426e-04
2.28027344e-02	3.60920980e-06	3.61420528e-04
2.28515625e-02	3.62689925e-06	3.63139332e-04
2.29003906e-02	3.64467284e-06	3.64866881e-04
2.29492188e-02	3.66253100e-06	3.66603217e-04
2.29980469e-02	3.68047415e-06	3.68348385e-04
2.30468750e-02	3.69850274e-06	3.70102427e-04
2.30957031e-02	3.71661719e-06	3.71865388e-04
2.31445313e-02	3.73481794e-06	3.73637311e-04
2.31933594e-02	3.75310543e-06	3.75418241e-04
2.32421875e-02	3.77148010e-06	3.77208223e-04
2.32910156e-02	3.78994239e-06	3.79007301e-04
2.33398438e-02	3.80849275e-06	3.80815521e-04
2.33886719e-02	3.82713163e-06	3.82632927e-04
2.34375000e-02	3.84585947e-06	3.84459564e-04
2.34863281e-02	3.86467673e-06	3.86295480e-04
2.35351563e-02	3.88358387e-06	3.88140719e-04
2.35839844e-02	3.90258133e-06	3.89995327e-04
2.36328125e-02	3.92166958e-06	3.91859352e-04
2.36816406e-02	3.94084908e-06	3.93732839e-04
2.37304688e-02	3.96012028e-06	3.95615837e-04
2.37792969e-02	3.97948367e-06	3.97508391e-04
2.38281250e-02	3.99893970e-06	3.99410549e-04
2.38769531e-02	4.01848884e-06	4.01322359e-04
2.39257812e-02	4.03813157e-06	4.03243868e-04
2.39746094e-02	4.05786836e-06	4.05175126e-04
2.40234375e-02	4.07769969e-06	4.07116179e-04
2.40722656e-02	4.09762604e-06	4.09067077e-04
2.41210938e-02	4.11764789e-06	4.11027869e-04
2.41699219e-02	4.13776573e-06	4.12998603e-04
2.42187500e-02	4.15798003e-06	4.14979330e-04
2.42675781e-02	4.17829130e-06	4.16970098e-04
2.43164063e-02	4.19870001e-06	4.18970958e-04
2.43652344e-02	4.21920668e-06	4.20981960e-04
2.44140625e-02	4.23981178e-06	4.23003153e-04
2.44628906e-02	4.26051583e-06	4.25034590e-04
2.45117188e-02	4.28131932e-06	4.27076320e-04
2.45605469e-02	4.30222275e-06	4.29128395e-04
2.46093750e-02	4.32322664e-06	4.31190866e-04
2.46582031e-02	4.34433149e-06	4.33263785e-04
2.47070313e-02	4.36553781e-06	4.35347204e-04
2.47558594e-02	4.38684612e-06	4.37441176e-04
2.48046875e-02	4.40825694e-06	4.39545752e-04
2.48535156e-02	4.42977077e-06	4.41660986e-04
2.49023438e-02	4.45138815e-06	4.43786930e-04
2.49511719e-02	4.47310960e-06	4.45923638e-04
2.50000000e-02	4.49493565e-06	4.48071164e-04
2.50488281e-02	4.51686682e-06	4.50229561e-04
2.50976563e-02	4.53890365e-06	4.52398884e-04
2.51464844e-02	4.56104667e-06	4.54579187e-04
2.51953125e-02	4.58329641e-06	4.56770524e-04
2.52441406e-02	4.60565343e-06	4.58972951e-04
2.52929688e-02	4.62811826e-06	4.61186523e-04
2.53417969e-02	4.65069145e-06	4.63411296e-04
2.53906250e-02	4.67337355e-06	4.65647325e-04
2.54394531e-02	4.69616510e-06	4.67894666e-04
2.54882813e-02	4.71906666e-06	4.70153377e-04
2.55371094e-02	4.74207879e-06	4.72423513e-04
2.55859375e-02	4.76520205e-06	4.74705132e-04
2.56347656e-02	4.78843700e-06	4.76998291e-04
2.56835938e-02	4.81178420e-06	4.79303048e-04
2.57324219e-02	4.83524422e-06	4.81619460e-04
2.57812500e-02	4.85881764e-06	4.83947586e-04
2.58300781e-02	4.88250502e-06	4.86287484e-04
2.58789062e-02	4.90630694e-06	4.88639214e-04
2.59277344e-02	4.93022398e-06	4.91002833e-04
2.59765625e-02	4.95425672e-06	4.93378402e-04
2.60253906e-02	4.97840576e-06	4.95765980e-04
2.60742188e-02	5.00267167e-06	4.98165627e-04
2.61230469e-02	5.02705504e-06	5.00577404e-04
2.61718750e-02	5.05155648e-06	5.03001371e-04
2.62207031e-02	5.07617657e-06	5.05437590e-04
2.62695313e-02	5.10091592e-06	5.07886120e-04
2.63183594e-02	5.12577512e-06	5.10347025e-04
2.63671875e-02	5.15075480e-06	5.12820366e-04
2.64160156e-02	5.17585554e-06	5.15306205e-04
2.64648438e-02	5.20107797e-06	5.17804604e-04
2.65136719e-02	5.22642271e-06	5.20315627e-04
2.65625000e-02	5.25189036e-06	5.22839337e-04
2.66113281e-02	5.27748155e-06	5.25375797e-04
2.66601563e-02	5.30319690e-06	5.27925071e-04
2.67089844e-02	5.32903704e-06	5.30487223e-04
2.67578125e-02	5.35500261e-06	5.33062317e-04
2.68066406e-02	5.38109423e-06	5.35650420e-04
2.68554688e-02	5.40731254e-06	5.38251594e-04
2.69042969e-02	5.43365818e-06	5.40865907e-04
2.69531250e-02	5.46013180e-06	5.43493424e-04
2.70019531e-02	5.48673403e-06	5.46134211e-04
2.70507813e-02	5.51346554e-06	5.48788335e-04
2.70996094e-02	5.54032697e-06	5.51455862e-04
2.71484375e-02	5.56731898e-06	5.54136860e-04
2.71972656e-02	5.59444223e-06	5.56831396e-04
2.72460938e-02	5.62169738e-06	5.59539538e-04
2.72949219e-02	5.64908510e-06	5.62261354e-04
2.73437500e-02	5.67660605e-06	5.64996913e-04
2.73925781e-02	5.70426091e-06	5.67746284e-04
2.74414063e-02	5.73205036e-06	5.70509536e-04
2.74902344e-02	5.75997508e-06	5.73286739e-04
2.75390625e-02	5.78803574e-06	5.76077963e-04
2.75878906e-02	5.81623304e-06	5.78883277e-04
2.76367188e-02	5.84456765e-06	5.81702754e-04
2.76855469e-02	5.87304029e-06	5.84536463e-04
2.77343750e-02	5.90165164e-06	5.87384477e-04
2.77832031e-02	5.93040241e-06	5.90246867e-04
2.78320312e-02	5.95929329e-06	5.93123705e-04
2.78808594e-02	5.98832500e-06	5.96015064e-04
2.79296875e-02	6.01749824e-06	5.98921017e-04
2.79785156e-02	6.04681374e-06	6.01841637e-04
2.80273438e-02	6.07627220e-06	6.04776998e-04
2.80761719e-02	6.10587435e-06	6.07727174e-04
2.81250000e-02	6.13562092e-06	6.10692239e-04
2.81738281e-02	6.16551263e-06	6.13672269e-04
2.82226563e-02	6.19555022e-06	6.16667337e-04
2.82714844e-02	6.22573442e-06	6.19677521e-04
2.83203125e-02	6.25606597e-06	6.22702896e-04
2.83691406e-02	6.28654562e-06	6.25743538e-04
2.84179688e-02	6.31717412e-06	6.28799524e-04
2.84667969e-02	6.34795220e-06	6.31870931e-04
2.85156250e-02	6.37888064e-06	6.34957837e-04
2.85644531e-02	6.40996019e-06	6.38060320e-04
2.86132813e-02	6.44119160e-06	6.41178457e-04
2.86621094e-02	6.47257565e-06	6.44312329e-04
2.87109375e-02	6.50411311e-06	6.47462014e-04
2.87597656e-02	6.53580475e-06	6.50627591e-04
2.88085938e-02	6.56765135e-06	6.53809141e-04
2.88574219e-02	6.59965369e-06	6.57006743e-04
2.89062500e-02	6.63181256e-06	6.60220480e-04
2.89550781e-02	6.66412875e-06	6.63450431e-04
2.90039063e-02	6.69660304e-06	6.66696679e-04
2.90527344e-02	6.72923624e-06	6.69959305e-04
2.91015625e-02	6.76202916e-06	6.73238393e-04
2.91503906e-02	6.79498258e-06	6.76534024e-04
2.91992188e-02	6.82809734e-06	6.79846283e-04
2.92480469e-02	6.86137423e-06	6.83175253e-04
2.92968750e-02	6.89481408e-06	6.86521018e-04
2.93457031e-02	6.92841771e-06	6.89883662e-04
2.93945313e-02	6.96218595e-06	6.93263272e-04
2.94433594e-02	6.99611962e-06	6.96659932e-04
2.94921875e-02	7.03021956e-06	7.00073728e-04
2.95410156e-02	7.06448661e-06	7.03504747e-04
2.95898438e-02	7.09892162e-06	7.06953075e-04
2.96386719e-02	7.13352543e-06	7.10418800e-04
2.96875000e-02	7.16829888e-06	7.13902009e-04
2.97363281e-02	7.20324285e-06	7.17402791e-04
2.97851562e-02	7.23835818e-06	7.20921234e-04
2.98339844e-02	7.27364575e-06	7.24457426e-04
2.98828125e-02	7.30910641e-06	7.28011459e-04
2.99316406e-02	7.34474105e-06	7.31583421e-04
2.99804688e-02	7.38055054e-06	7.35173403e-04
3.00292969e-02	7.41653577e-06	7.38781496e-04
3.00781250e-02	7.45269762e-06	7.42407792e-04
3.01269531e-02	7.48903698e-06	7.46052381e-04
3.01757813e-02	7.52555475e-06	7.49715357e-04
3.02246094e-02	7.56225182e-06	7.53396812e-04
3.02734375e-02	7.59912911e-06	7.57096839e-04
3.03222656e-02	7.63618751e-06	7.60815533e-04
3.03710938e-02	7.67342796e-06	7.64552987e-04
3.04199219e-02	7.71085135e-06	7.68309296e-04
3.04687500e-02	7.74845862e-06	7.72084555e-04
3.05175781e-02	7.78625070e-06	7.75878860e-04
3.05664063e-02	7.82422851e-06	7.79692308e-04
3.06152344e-02	7.86239300e-06	7.83524994e-04
3.06640625e-02	7.90074510e-06	7.87377015e-04
3.07128906e-02	7.93928576e-06	7.91248471e-04
3.07617188e-02	7.97801593e-06	7.95139458e-04
3.08105469e-02	8.01693657e-06	7.99050075e-04
3.08593750e-02	8.05604865e-06	8.02980421e-04
3.09082031e-02	8.09535312e-06	8.06930597e-04
3.09570313e-02	8.13485095e-06	8.10900702e-04
3.10058594e-02	8.17454313e-06	8.14890837e-04
3.10546875e-02	8.21443063e-06	8.18901103e-04
3.11035156e-02	8.25451443e-06	8.22931602e-04
3.11523438e-02	8.29479554e-06	8.26982437e-04
3.12011719e-02	8.33527493e-06	8.31053709e-04
3.12500000e-02	8.37595363e-06	8.35145522e-04
3.12988281e-02	8.41683262e-06	8.39257980e-04
3.13476563e-02	8.45791292e-06	8.43391188e-04
3.13964844e-02	8.49919555e-06	8.47545250e-04
3.14453125e-02	8.54068152e-06	8.51720272e-04
3.14941406e-02	8.58237187e-06	8.55916359e-04
3.15429688e-02	8.62426762e-06	8.60133619e-04
3.15917969e-02	8.66636981e-06	8.64372158e-04
3.16406250e-02	8.70867949e-06	8.68632084e-04
3.16894531e-02	8.75119769e-06	8.72913505e-04
3.17382812e-02	8.79392547e-06	8.77216530e-04
3.17871094e-02	8.83686390e-06	8.81541268e-04
3.18359375e-02	8.88001402e-06	8.85887828e-04
3.18847656e-02	8.92337692e-06	8.90256322e-04
3.19335938e-02	8.96695365e-06	8.94646861e-04
3.19824219e-02	9.01074531e-06	8.99059555e-04
3.20312500e-02	9.05475298e-06	9.03494517e-04
3.20800781e-02	9.09897775e-06	9.07951860e-04
3.21289062e-02	9.14342070e-06	9.12431696e-04
3.21777344e-02	9.18808296e-06	9.16934140e-04
3.22265625e-02	9.23296561e-06	9.21459307e-04
3.22753906e-02	9.27806977e-06	9.26007311e-04
3.23242188e-02	9.32339657e-06	9.30578267e-04
3.23730469e-02	9.36894712e-06	9.35172292e-04
3.24218750e-02	9.41472256e-06	9.39789503e-04
3.24707031e-02	9.46072401e-06	9.44430018e-04
3.25195313e-02	9.50695262e-06	9.49093953e-04
3.25683594e-02	9.55340954e-06	9.53781428e-04
3.26171875e-02	9.60009592e-06	9.58492563e-04
3.26660156e-02	9.64701291e-06	9.63227476e-04
3.27148438e-02	9.69416168e-06	9.67986288e-04
3.27636719e-02	9.74154341e-06	9.72769121e-04
3.28125000e-02	9.78915926e-06	9.77576095e-04
3.28613281e-02	9.83701042e-06	9.82407334e-04
3.29101563e-02	9.88509807e-06	9.87262960e-04
3.29589844e-02	9.93342341e-06	9.92143096e-04
3.30078125e-02	9.98198764e-06	9.97047868e-04
3.30566406e-02	1.00307920e-05	1.00197740e-03
3.31054687e-02	1.00798376e-05	1.00693182e-03
3.31542969e-02	1.01291258e-05	1.01191124e-03
3.32031250e-02	1.01786577e-05	1.01691581e-03
3.32519531e-02	1.02284346e-05	1.02194564e-03
3.33007813e-02	1.02784577e-05	1.02700087e-03
3.33496094e-02	1.03287282e-05	1.03208162e-03
3.33984375e-02	1.03792475e-05	1.03718801e-03
3.34472656e-02	1.04300168e-05	1.04232020e-03
3.34960938e-02	1.04810372e-05	1.04747829e-03
3.35449219e-02	1.05323102e-05	1.05266243e-03
3.35937500e-02	1.05838369e-05	1.05787274e-03
3.36425781e-02	1.06356187e-05	1.06310936e-03
3.36914062e-02	1.06876569e-05	1.06837243e-03
3.37402344e-02	1.07399526e-05	1.07366207e-03
3.37890625e-02	1.07925073e-05	1.07897842e-03
3.38378906e-02	1.08453223e-05	1.08432161e-03
3.38867188e-02	1.08983988e-05	1.08969179e-03
3.39355469e-02	1.09517381e-05	1.09508909e-03
3.39843750e-02	1.10053417e-05	1.10051365e-03
3.40332031e-02	1.10592108e-05	1.10596560e-03
3.40820312e-02	1.11133469e-05	1.11144509e-03
3.41308594e-02	1.11677511e-05	1.11695225e-03
3.41796875e-02	1.12224249e-05	1.12248722e-03
3.42285156e-02	1.12773697e-05	1.12805015e-03
3.42773438e-02	1.13325867e-05	1.13364118e-03
3.43261719e-02	1.13880775e-05	1.13926045e-03
3.43750000e-02	1.14438433e-05	1.14490810e-03
3.44238281e-02	1.14998856e-05	1.15058428e-03
3.44726563e-02	1.15562058e-05	1.15628913e-03
3.45214844e-02	1.16128052e-05	1.16202280e-03
3.45703125e-02	1.16696853e-05	1.16778543e-03
3.46191406e-02	1.17268474e-05	1.17357717e-03
3.46679688e-02	1.17842931e-05	1.17939817e-03
3.47167969e-02	1.18420238e-05	1.18524858e-03
3.47656250e-02	1.19000408e-05	1.19112855e-03
3.48144531e-02	1.19583456e-05	1.19703823e-03
3.48632813e-02	1.20169398e-05	1.20297776e-03
3.49121094e-02	1.20758247e-05	1.20894730e-03
3.49609375e-02	1.21350018e-05	1.21494700e-03
3.50097656e-02	1.21944726e-05	1.22097702e-03
3.50585937e-02	1.22542386e-05	1.22703750e-03
3.51074219e-02	1.23143012e-05	1.23312861e-03
3.51562500e-02	1.23746620e-05	1.23925050e-03
3.52050781e-02	1.24353225e-05	1.24540333e-03
3.52539063e-02	1.24962842e-05	1.25158725e-03
3.53027344e-02	1.25575486e-05	1.25780241e-03
3.53515625e-02	1.26191172e-05	1.26404899e-03
3.54003906e-02	1.26809916e-05	1.27032714e-03
3.54492188e-02	1.27431734e-05	1.27663701e-03
3.54980469e-02	1.28056640e-05	1.28297878e-03
3.55468750e-02	1.28684651e-05	1.28935260e-03
3.55957031e-02	1.29315781e-05	1.29575864e-03
3.56445312e-02	1.29950048e-05	1.30219705e-03
3.56933594e-02	1.30587466e-05	1.30866801e-03
3.57421875e-02	1.31228052e-05	1.31517168e-03
3.57910156e-02	1.31871822e-05	1.32170822e-03
3.58398438e-02	1.32518791e-05	1.32827781e-03
3.58886719e-02	1.33168976e-05	1.33488061e-03
3.59375000e-02	1.33822393e-05	1.34151679e-03
3.59863281e-02	1.34479059e-05	1.34818651e-03
3.60351562e-02	1.35138990e-05	1.35488996e-03
3.60839844e-02	1.35802202e-05	1.36162730e-03
3.61328125e-02	1.36468712e-05	1.36839870e-03
3.61816406e-02	1.37138537e-05	1.37520434e-03
3.62304688e-02	1.37811694e-05	1.38204439e-03
3.62792969e-02	1.38488198e-05	1.38891902e-03
3.63281250e-02	1.39168068e-05	1.39582842e-03
3.63769531e-02	1.39851321e-05	1.40277275e-03
3.64257813e-02	1.40537972e-05	1.40975221e-03
3.64746094e-02	1.41228040e-05	1.41676695e-03
3.65234375e-02	1.41921542e-05	1.42381718e-03
3.65722656e-02	1.42618496e-05	1.43090305e-03
3.66210938e-02	1.43318917e-05	1.43802477e-03
3.66699219e-02	1.44022825e-05	1.44518250e-03
3.67187500e-02	1.44730237e-05	1.45237643e-03
3.67675781e-02	1.45441171e-05	1.45960675e-03
3.68164063e-02	1.46155643e-05	1.46687364e-03
3.68652344e-02	1.46873673e-05	1.47417729e-03
3.69140625e-02	1.47595279e-05	1.48151789e-03
3.69628906e-02	1.48320477e-05	1.48889561e-03
3.70117187e-02	1.49049287e-05	1.49631066e-03
3.70605469e-02	1.49781727e-05	1.50376322e-03
3.71093750e-02	1.50517815e-05	1.51125348e-03
3.71582031e-02	1.51257570e-05	1.51878163e-03
3.72070313e-02	1.52001010e-05	1.52634787e-03
3.72558594e-02	1.52748154e-05	1.53395240e-03
3.73046875e-02	1.53499020e-05	1.54159540e-03
3.73535156e-02	1.54253627e-05	1.54927707e-03
3.74023438e-02	1.55011995e-05	1.55699761e-03
3.74511719e-02	1.55774142e-05	1.56475721e-03
3.75000000e-02	1.56540088e-05	1.57255608e-03
3.75488281e-02	1.57309851e-05	1.58039442e-03
3.75976562e-02	1.58083451e-05	1.58827242e-03
3.76464844e-02	1.58860908e-05	1.59619029e-03
3.76953125e-02	1.59642241e-05	1.60414823e-03
3.77441406e-02	1.60427469e-05	1.61214645e-03
3.77929688e-02	1.61216613e-05	1.62018515e-03
3.78417969e-02	1.62009691e-05	1.62826453e-03
3.78906250e-02	1.62806725e-05	1.63638481e-03
3.79394531e-02	1.63607733e-05	1.64454619e-03
3.79882813e-02	1.64412737e-05	1.65274888e-03
3.80371094e-02	1.65221756e-05	1.66099310e-03
3.80859375e-02	1.66034811e-05	1.66927904e-03
3.81347656e-02	1.66851921e-05	1.67760694e-03
3.81835938e-02	1.67673109e-05	1.68597699e-03
3.82324219e-02	1.68498394e-05	1.69438942e-03
3.82812500e-02	1.69327796e-05	1.70284443e-03
3.83300781e-02	1.70161338e-05	1.71134226e-03
3.83789063e-02	1.70999040e-05	1.71988311e-03
3.84277344e-02	1.71840922e-05	1.72846721e-03
3.84765625e-02	1.72687006e-05	1.73709477e-03
3.85253906e-02	1.73537314e-05	1.74576601e-03
3.85742188e-02	1.74391867e-05	1.75448117e-03
3.86230469e-02	1.75250686e-05	1.76324046e-03
3.86718750e-02	1.76113792e-05	1.77204411e-03
3.87207031e-02	1.76981208e-05	1.78089234e-03
3.87695313e-02	1.77852956e-05	1.78978538e-03
3.88183594e-02	1.78729057e-05	1.79872347e-03
3.88671875e-02	1.79609533e-05	1.80770682e-03
3.89160156e-02	1.80494406e-05	1.81673567e-03
3.89648438e-02	1.81383700e-05	1.82581026e-03
3.90136719e-02	1.82277435e-05	1.83493081e-03
3.90625000e-02	1.83175636e-05	1.84409755e-03
3.91113281e-02	1.84078323e-05	1.85331074e-03
3.91601563e-02	1.84985521e-05	1.86257060e-03
3.92089844e-02	1.85897251e-05	1.87187736e-03
3.92578125e-02	1.86813538e-05	1.88123128e-03
3.93066406e-02	1.87734403e-05	1.89063258e-03
3.93554688e-02	1.88659870e-05	1.90008152e-03
3.94042969e-02	1.89589963e-05	1.90957833e-03
3.94531250e-02	1.90524704e-05	1.91912326e-03
3.95019531e-02	1.91464118e-05	1.92871655e-03
3.95507812e-02	1.92408229e-05	1.93835845e-03
3.95996094e-02	1.93357059e-05	1.94804921e-03
3.96484375e-02	1.94310632e-05	1.95778908e-03
3.96972656e-02	1.95268974e-05	1.96757831e-03
3.97460938e-02	1.96232108e-05	1.97741714e-03
3.97949219e-02	1.97200058e-05	1.98730584e-03
3.98437500e-02	1.98172848e-05	1.99724466e-03
3.98925781e-02	1.99150504e-05	2.00723385e-03
3.99414063e-02	2.00133050e-05	2.01727367e-03
3.99902344e-02	2.01120510e-05	2.02736437e-03
4.00390625e-02	2.02112910e-05	2.03750623e-03
4.00878906e-02	2.03110275e-05	2.04769949e-03
4.01367188e-02	2.04112630e-05	2.05794443e-03
4.01855469e-02	2.05119999e-05	2.06824130e-03
4.02343750e-02	2.06132409e-05	2.07859037e-03
4.02832031e-02	2.07149885e-05	2.08899191e-03
4.03320313e-02	2.08172453e-05	2.09944618e-03
4.03808594e-02	2.09200139e-05	2.10995345e-03
4.04296875e-02	2.10232968e-05	2.12051400e-03
4.04785156e-02	2.11270966e-05	2.13112809e-03
4.05273438e-02	2.12314161e-05	2.14179600e-03
4.05761719e-02	2.13362577e-05	2.15251801e-03
4.06250000e-02	2.14416242e-05	2.16329438e-03
4.06738281e-02	2.15475183e-05	2.17412541e-03
4.07226563e-02	2.16539425e-05	2.18501136e-03
4.07714844e-02	2.17608996e-05	2.19595251e-03
4.08203125e-02	2.18683923e-05	2.20694916e-03
4.08691406e-02	2.19764234e-05	2.21800157e-03
4.09179688e-02	2.20849954e-05	2.22911005e-03
4.09667969e-02	2.21941113e-05	2.24027486e-03
4.10156250e-02	2.23037737e-05	2.25149631e-03
4.10644531e-02	2.24139853e-05	2.26277468e-03
4.11132813e-02	2.25247491e-05	2.27411025e-03
4.11621094e-02	2.26360678e-05	2.28550333e-03
4.12109375e-02	2.27479442e-05	2.29695421e-03
4.12597656e-02	2.28603812e-05	2.30846318e-03
4.13085938e-02	2.29733815e-05	2.32003053e-03
4.13574219e-02	2.30869481e-05	2.33165658e-03
4.14062500e-02	2.32010838e-05	2.34334160e-03
4.14550781e-02	2.33157915e-05	2.35508592e-03
4.15039062e-02	2.34310741e-05	2.36688983e-03
4.15527344e-02	2.35469345e-05	2.37875363e-03
4.16015625e-02	2.36633757e-05	2.39067763e-03
4.16503906e-02	2.37804006e-05	2.40266214e-03
4.16992188e-02	2.38980122e-05	2.41470746e-03
4.17480469e-02	2.40162134e-05	2.42681392e-03
4.17968750e-02	2.41350072e-05	2.43898181e-03
4.18457031e-02	2.42543967e-05	2.45121146e-03
4.18945313e-02	2.43743849e-05	2.46350318e-03
4.19433594e-02	2.44949747e-05	2.47585729e-03
4.19921875e-02	2.46161693e-05	2.48827410e-03
4.20410156e-02	2.47379718e-05	2.50075394e-03
4.20898438e-02	2.48603851e-05	2.51329712e-03
4.21386719e-02	2.49834125e-05	2.52590398e-03
4.21875000e-02	2.51070570e-05	2.53857484e-03
4.22363281e-02	2.52313218e-05	2.55131002e-03
4.22851563e-02	2.53562100e-05	2.56410985e-03
4.23339844e-02	2.54817247e-05	2.57697467e-03
4.23828125e-02	2.56078692e-05	2.58990480e-03
4.24316406e-02	2.57346467e-05	2.60290058e-03
4.24804688e-02	2.58620604e-05	2.61596235e-03
4.25292969e-02	2.59901134e-05	2.62909044e-03
4.25781250e-02	2.61188091e-05	2.64228519e-03
4.26269531e-02	2.62481507e-05	2.65554695e-03
4.26757813e-02	2.63781415e-05	2.66887605e-03
4.27246094e-02	2.65087848e-05	2.68227283e-03
4.27734375e-02	2.66400839e-05	2.69573766e-03
4.28222656e-02	2.67720421e-05	2.70927086e-03
4.28710938e-02	2.69046628e-05	2.72287280e-03
4.29199219e-02	2.70379493e-05	2.73654383e-03
4.29687500e-02	2.71719051e-05	2.75028429e-03
4.30175781e-02	2.73065335e-05	2.76409454e-03
4.30664063e-02	2.74418379e-05	2.77797495e-03
4.31152344e-02	2.75778218e-05	2.79192586e-03
4.31640625e-02	2.77144886e-05	2.80594764e-03
4.32128906e-02	2.78518419e-05	2.82004065e-03
4.32617188e-02	2.79898850e-05	2.83420526e-03
4.33105469e-02	2.81286215e-05	2.84844182e-03
4.33593750e-02	2.82680549e-05	2.86275072e-03
4.34082031e-02	2.84081888e-05	2.87713232e-03
4.34570312e-02	2.85490266e-05	2.89158699e-03
4.35058594e-02	2.86905721e-05	2.90611511e-03
4.35546875e-02	2.88328287e-05	2.92071704e-03
4.36035156e-02	2.89758002e-05	2.93539318e-03
4.36523438e-02	2.91194901e-05	2.95014389e-03
4.37011719e-02	2.92639020e-05	2.96496956e-03
4.37500000e-02	2.94090397e-05	2.97987058e-03
4.37988281e-02	2.95549068e-05	2.99484733e-03
4.38476563e-02	2.97015071e-05	3.00990019e-03
4.38964844e-02	2.98488443e-05	3.02502956e-03
4.39453125e-02	2.99969220e-05	3.04023582e-03
4.39941406e-02	3.01457442e-05	3.05551938e-03
4.40429688e-02	3.02953145e-05	3.07088062e-03
4.40917969e-02	3.04456368e-05	3.08631994e-03
4.41406250e-02	3.05967149e-05	3.10183775e-03
4.41894531e-02	3.07485526e-05	3.11743445e-03
4.42382813e-02	3.09011537e-05	3.13311043e-03
4.42871094e-02	3.10545223e-05	3.14886611e-03
4.43359375e-02	3.12086622e-05	3.16470189e-03
4.43847656e-02	3.13635772e-05	3.18061818e-03
4.44335938e-02	3.15192714e-05	3.19661539e-03
4.44824219e-02	3.16757487e-05	3.21269395e-03
4.45312500e-02	3.18330130e-05	3.22885426e-03
4.45800781e-02	3.19910685e-05	3.24509674e-03
4.46289063e-02	3.21499190e-05	3.26142182e-03
4.46777344e-02	3.23095687e-05	3.27782991e-03
4.47265625e-02	3.24700216e-05	3.29432145e-03
4.47753906e-02	3.26312818e-05	3.31089686e-03
4.48242188e-02	3.27933535e-05	3.32755656e-03
4.48730469e-02	3.29562406e-05	3.34430099e-03
4.49218750e-02	3.31199474e-05	3.36113059e-03
4.49707031e-02	3.32844781e-05	3.37804579e-03
4.50195313e-02	3.34498368e-05	3.39504703e-03
4.50683594e-02	3.36160278e-05	3.41213474e-03
4.51171875e-02	3.37830552e-05	3.42930938e-03
4.51660156e-02	3.39509234e-05	3.44657139e-03
4.52148438e-02	3.41196366e-05	3.46392120e-03
4.52636719e-02	3.42891991e-05	3.48135929e-03
4.53125000e-02	3.44596153e-05	3.49888609e-03
4.53613281e-02	3.46308894e-05	3.51650205e-03
4.54101562e-02	3.48030259e-05	3.53420765e-03
4.54589844e-02	3.49760290e-05	3.55200333e-03
4.55078125e-02	3.51499034e-05	3.56988956e-03
4.55566406e-02	3.53246533e-05	3.58786680e-03
4.56054688e-02	3.55002832e-05	3.60593552e-03
4.56542969e-02	3.56767977e-05	3.62409619e-03
4.57031250e-02	3.58542011e-05	3.64234927e-03
4.57519531e-02	3.60324981e-05	3.66069524e-03
4.58007813e-02	3.62116932e-05	3.67913458e-03
4.58496094e-02	3.63917909e-05	3.69766776e-03
4.58984375e-02	3.65727959e-05	3.71629527e-03
4.59472656e-02	3.67547127e-05	3.73501759e-03
4.59960938e-02	3.69375460e-05	3.75383520e-03
4.60449219e-02	3.71213005e-05	3.77274859e-03
4.60937500e-02	3.73059808e-05	3.79175826e-03
4.61425781e-02	3.74915917e-05	3.81086470e-03
4.61914063e-02	3.76781380e-05	3.83006840e-03
4.62402344e-02	3.78656242e-05	3.84936985e-03
4.62890625e-02	3.80540554e-05	3.86876958e-03
4.63378906e-02	3.82434362e-05	3.88826806e-03
4.63867188e-02	3.84337715e-05	3.90786582e-03
4.64355469e-02	3.86250661e-05	3.92756336e-03
4.64843750e-02	3.88173250e-05	3.94736119e-03
4.65332031e-02	3.90105531e-05	3.96725983e-03
4.65820313e-02	3.92047552e-05	3.98725979e-03
4.66308594e-02	3.93999364e-05	4.00736159e-03
4.66796875e-02	3.95961016e-05	4.02756575e-03
4.67285156e-02	3.97932559e-05	4.04787281e-03
4.67773438e-02	3.99914042e-05	4.06828328e-03
4.68261719e-02	4.01905517e-05	4.08879769e-03
4.68750000e-02	4.03907034e-05	4.10941659e-03
4.69238281e-02	4.05918645e-05	4.13014050e-03
4.69726563e-02	4.07940400e-05	4.15096996e-03
4.70214844e-02	4.09972352e-05	4.17190552e-03
4.70703125e-02	4.12014553e-05	4.19294771e-03
4.71191406e-02	4.14067054e-05	4.21409709e-03
4.71679688e-02	4.16129908e-05	4.23535421e-03
4.72167969e-02	4.18203169e-05	4.25671961e-03
4.72656250e-02	4.20286888e-05	4.27819385e-03
4.73144531e-02	4.22381119e-05	4.29977749e-03
4.73632812e-02	4.24485916e-05	4.32147110e-03
4.74121094e-02	4.26601333e-05	4.34327523e-03
4.74609375e-02	4.28727423e-05	4.36519045e-03
4.75097656e-02	4.30864241e-05	4.38721733e-03
4.75585938e-02	4.33011842e-05	4.40935645e-03
4.76074219e-02	4.35170281e-05	4.43160837e-03
4.76562500e-02	4.37339612e-05	4.45397369e-03
4.77050781e-02	4.39519892e-05	4.47645297e-03
4.77539063e-02	4.41711177e-05	4.49904681e-03
4.78027344e-02	4.43913521e-05	4.52175579e-03
4.78515625e-02	4.46126982e-05	4.54458050e-03
4.79003906e-02	4.48351616e-05	4.56752154e-03
4.79492188e-02	4.50587481e-05	4.59057950e-03
4.79980469e-02	4.52834633e-05	4.61375499e-03
4.80468750e-02	4.55093130e-05	4.63704860e-03
4.80957031e-02	4.57363029e-05	4.66046094e-03
4.81445313e-02	4.59644390e-05	4.68399262e-03
4.81933594e-02	4.61937270e-05	4.70764425e-03
4.82421875e-02	4.64241728e-05	4.73141645e-03
4.82910156e-02	4.66557824e-05	4.75530984e-03
4.83398438e-02	4.68885616e-05	4.77932504e-03
4.83886719e-02	4.71225163e-05	4.80346267e-03
4.84375000e-02	4.73576527e-05	4.82772337e-03
4.84863281e-02	4.75939767e-05	4.85210775e-03
4.85351563e-02	4.78314944e-05	4.87661647e-03
4.85839844e-02	4.80702118e-05	4.90125015e-03
4.86328125e-02	4.83101352e-05	4.92600944e-03
4.86816406e-02	4.85512705e-05	4.95089498e-03
4.87304688e-02	4.87936241e-05	4.97590742e-03
4.87792969e-02	4.90372021e-05	5.00104741e-03
4.88281250e-02	4.92820108e-05	5.02631560e-03
4.88769531e-02	4.95280564e-05	5.05171266e-03
4.89257813e-02	4.97753452e-05	5.07723925e-03
4.89746094e-02	5.00238837e-05	5.10289602e-03
4.90234375e-02	5.02736781e-05	5.12868365e-03
4.90722656e-02	5.05247349e-05	5.15460281e-03
4.91210938e-02	5.07770605e-05	5.18065418e-03
4.91699219e-02	5.10306614e-05	5.20683843e-03
4.92187500e-02	5.12855441e-05	5.23315624e-03
4.92675781e-02	5.15417151e-05	5.25960831e-03
4.93164062e-02	5.17991810e-05	5.28619532e-03
4.93652344e-02	5.20579484e-05	5.31291796e-03
4.94140625e-02	5.23180240e-05	5.33977693e-03
4.94628906e-02	5.25794144e-05	5.36677293e-03
4.95117188e-02	5.28421263e-05	5.39390666e-03
4.95605469e-02	5.31061665e-05	5.42117883e-03
4.96093750e-02	5.33715417e-05	5.44859015e-03
4.96582031e-02	5.36382588e-05	5.47614134e-03
4.97070313e-02	5.39063245e-05	5.50383311e-03
4.97558594e-02	5.41757459e-05	5.53166619e-03
4.98046875e-02	5.44465298e-05	5.55964130e-03
4.98535156e-02	5.47186831e-05	5.58775917e-03
4.99023438e-02	5.49922129e-05	5.61602053e-03
4.99511719e-02	5.52671261e-05	5.64442612e-03
5.00000000e-02	5.55434299e-05	5.67297668e-03
5.00488281e-02	5.58211313e-05	5.70167296e-03
5.00976563e-02	5.61002375e-05	5.73051571e-03
5.01464844e-02	5.63807556e-05	5.75950567e-03
5.01953125e-02	5.66626928e-05	5.78864360e-03
5.02441406e-02	5.69460565e-05	5.81793026e-03
5.02929688e-02	5.72308537e-05	5.84736642e-03
5.03417969e-02	5.75170920e-05	5.87695285e-03
5.03906250e-02	5.78047786e-05	5.90669031e-03
5.04394531e-02	5.80939209e-05	5.93657958e-03
5.04882813e-02	5.83845264e-05	5.96662144e-03
5.05371094e-02	5.86766025e-05	5.99681668e-03
5.05859375e-02	5.89701568e-05	6.02716609e-03
5.06347656e-02	5.92651968e-05	6.05767045e-03
5.06835938e-02	5.95617300e-05	6.08833056e-03
5.07324219e-02	5.98597641e-05	6.11914722e-03
5.07812500e-02	6.01593068e-05	6.15012124e-03
5.08300781e-02	6.04603658e-05	6.18125342e-03
5.08789063e-02	6.07629487e-05	6.21254458e-03
5.09277344e-02	6.10670635e-05	6.24399553e-03
5.09765625e-02	6.13727178e-05	6.27560710e-03
5.10253906e-02	6.16799197e-05	6.30738012e-03
5.10742188e-02	6.19886769e-05	6.33931540e-03
5.11230469e-02	6.22989974e-05	6.37141378e-03
5.11718750e-02	6.26108893e-05	6.40367611e-03
5.12207031e-02	6.29243604e-05	6.43610322e-03
5.12695312e-02	6.32394190e-05	6.46869596e-03
5.13183594e-02	6.35560731e-05	6.50145519e-03
5.13671875e-02	6.38743308e-05	6.53438175e-03
5.14160156e-02	6.41942004e-05	6.56747651e-03
5.14648438e-02	6.45156901e-05	6.60074034e-03
5.15136719e-02	6.48388081e-05	6.63417409e-03
5.15625000e-02	6.51635628e-05	6.66777865e-03
5.16113281e-02	6.54899626e-05	6.70155490e-03
5.16601563e-02	6.58180158e-05	6.73550371e-03
5.17089844e-02	6.61477308e-05	6.76962597e-03
5.17578125e-02	6.64791163e-05	6.80392258e-03
5.18066406e-02	6.68121807e-05	6.83839443e-03
5.18554688e-02	6.71469326e-05	6.87304242e-03
5.19042969e-02	6.74833805e-05	6.90786746e-03
5.19531250e-02	6.78215333e-05	6.94287045e-03
5.20019531e-02	6.81613996e-05	6.97805232e-03
5.20507813e-02	6.85029881e-05	7.01341397e-03
5.20996094e-02	6.88463077e-05	7.04895635e-03
5.21484375e-02	6.91913672e-05	7.08468037e-03
5.21972656e-02	6.95381755e-05	7.12058697e-03
5.22460938e-02	6.98867415e-05	7.15667708e-03
5.22949219e-02	7.02370743e-05	7.19295166e-03
5.23437500e-02	7.05891827e-05	7.22941165e-03
5.23925781e-02	7.09430760e-05	7.26605800e-03
5.24414063e-02	7.12987633e-05	7.30289167e-03
5.24902344e-02	7.16562536e-05	7.33991363e-03
5.25390625e-02	7.20155563e-05	7.37712484e-03
5.25878906e-02	7.23766806e-05	7.41452628e-03
5.26367188e-02	7.27396358e-05	7.45211892e-03
5.26855469e-02	7.31044313e-05	7.48990376e-03
5.27343750e-02	7.34710765e-05	7.52788176e-03
5.27832031e-02	7.38395808e-05	7.56605394e-03
5.28320313e-02	7.42099537e-05	7.60442129e-03
5.28808594e-02	7.45822048e-05	7.64298481e-03
5.29296875e-02	7.49563437e-05	7.68174552e-03
5.29785156e-02	7.53323801e-05	7.72070442e-03
5.30273438e-02	7.57103236e-05	7.75986253e-03
5.30761719e-02	7.60901841e-05	7.79922089e-03
5.31250000e-02	7.64719712e-05	7.83878051e-03
5.31738281e-02	7.68556949e-05	7.87854245e-03
5.32226562e-02	7.72413651e-05	7.91850772e-03
5.32714844e-02	7.76289917e-05	7.95867740e-03
5.33203125e-02	7.80185847e-05	7.99905251e-03
5.33691406e-02	7.84101542e-05	8.03963413e-03
5.34179688e-02	7.88037103e-05	8.08042331e-03
5.34667969e-02	7.91992631e-05	8.12142112e-03
5.35156250e-02	7.95968229e-05	8.16262864e-03
5.35644531e-02	7.99964000e-05	8.20404694e-03
5.36132813e-02	8.03980046e-05	8.24567712e-03
5.36621094e-02	8.08016471e-05	8.28752025e-03
5.37109375e-02	8.12073380e-05	8.32957743e-03
5.37597656e-02	8.16150876e-05	8.37184977e-03
5.38085938e-02	8.20249067e-05	8.41433837e-03
5.38574219e-02	8.24368057e-05	8.45704436e-03
5.39062500e-02	8.28507953e-05	8.49996883e-03
5.39550781e-02	8.32668861e-05	8.54311293e-03
5.40039063e-02	8.36850890e-05	8.58647777e-03
5.40527344e-02	8.41054148e-05	8.63006450e-03
5.41015625e-02	8.45278742e-05	8.67387426e-03
5.41503906e-02	8.49524783e-05	8.71790819e-03
5.41992188e-02	8.53792379e-05	8.76216746e-03
5.42480469e-02	8.58081642e-05	8.80665321e-03
5.42968750e-02	8.62392682e-05	8.85136662e-03
5.43457031e-02	8.66725611e-05	8.89630885e-03
5.43945313e-02	8.71080540e-05	8.94148109e-03
5.44433594e-02	8.75457582e-05	8.98688452e-03
5.44921875e-02	8.79856851e-05	9.03252033e-03
5.45410156e-02	8.84278460e-05	9.07838971e-03
5.45898438e-02	8.88722523e-05	9.12449387e-03
5.46386719e-02	8.93189156e-05	9.17083401e-03
5.46875000e-02	8.97678474e-05	9.21741136e-03
5.47363281e-02	9.02190593e-05	9.26422713e-03
5.47851563e-02	9.06725629e-05	9.31128255e-03
5.48339844e-02	9.11283701e-05	9.35857885e-03
5.48828125e-02	9.15864925e-05	9.40611728e-03
5.49316406e-02	9.20469422e-05	9.45389907e-03
5.49804688e-02	9.25097308e-05	9.50192549e-03
5.50292969e-02	9.29748706e-05	9.55019780e-03
5.50781250e-02	9.34423734e-05	9.59871725e-03
5.51269531e-02	9.39122514e-05	9.64748513e-03
5.51757812e-02	9.43845167e-05	9.69650270e-03
5.52246094e-02	9.48591816e-05	9.74577127e-03
5.52734375e-02	9.53362583e-05	9.79529211e-03
5.53222656e-02	9.58157593e-05	9.84506653e-03
5.53710938e-02	9.62976968e-05	9.89509584e-03
5.54199219e-02	9.67820835e-05	9.94538135e-03
5.54687500e-02	9.72689318e-05	9.99592437e-03
5.55175781e-02	9.77582543e-05	1.00467262e-02
5.55664063e-02	9.82500637e-05	1.00977883e-02
5.56152344e-02	9.87443728e-05	1.01491118e-02
5.56640625e-02	9.92411943e-05	1.02006983e-02
5.57128906e-02	9.97405412e-05	1.02525489e-02
5.57617188e-02	1.00242426e-04	1.03046651e-02
5.58105469e-02	1.00746863e-04	1.03570483e-02
5.58593750e-02	1.01253863e-04	1.04096998e-02
5.59082031e-02	1.01763441e-04	1.04626209e-02
5.59570313e-02	1.02275610e-04	1.05158132e-02
5.60058594e-02	1.02790383e-04	1.05692780e-02
5.60546875e-02	1.03307773e-04	1.06230167e-02
5.61035156e-02	1.03827794e-04	1.06770306e-02
5.61523438e-02	1.04350459e-04	1.07313213e-02
5.62011719e-02	1.04875781e-04	1.07858902e-02
5.62500000e-02	1.05403775e-04	1.08407386e-02
5.62988281e-02	1.05934454e-04	1.08958680e-02
5.63476563e-02	1.06467831e-04	1.09512799e-02
5.63964844e-02	1.07003922e-04	1.10069758e-02
5.64453125e-02	1.07542738e-04	1.10629570e-02
5.64941406e-02	1.08084296e-04	1.11192251e-02
5.65429688e-02	1.08628607e-04	1.11757815e-02
5.65917969e-02	1.09175688e-04	1.12326278e-02
5.66406250e-02	1.09725551e-04	1.12897653e-02
5.66894531e-02	1.10278211e-04	1.13471957e-02
5.67382813e-02	1.10833682e-04	1.14049204e-02
5.67871094e-02	1.11391980e-04	1.14629410e-02
5.68359375e-02	1.11953118e-04	1.15212589e-02
5.68847656e-02	1.12517110e-04	1.15798757e-02
5.69335938e-02	1.13083972e-04	1.16387930e-02
5.69824219e-02	1.13653718e-04	1.16980122e-02
5.70312500e-02	1.14226364e-04	1.17575350e-02
5.70800781e-02	1.14801923e-04	1.18173629e-02
5.71289062e-02	1.15380410e-04	1.18774975e-02
5.71777344e-02	1.15961842e-04	1.19379404e-02
5.72265625e-02	1.16546232e-04	1.19986931e-02
5.72753906e-02	1.17133597e-04	1.20597573e-02
5.73242188e-02	1.17723951e-04	1.21211345e-02
5.73730469e-02	1.18317309e-04	1.21828264e-02
5.74218750e-02	1.18913688e-04	1.22448345e-02
5.74707031e-02	1.19513102e-04	1.23071606e-02
5.75195313e-02	1.20115567e-04	1.23698063e-02
5.75683594e-02	1.20721098e-04	1.24327732e-02
5.76171875e-02	1.21329712e-04	1.24960629e-02
5.76660156e-02	1.21941425e-04	1.25596772e-02
5.77148438e-02	1.22556251e-04	1.26236176e-02
5.77636719e-02	1.23174208e-04	1.26878860e-02
5.78125000e-02	1.23795311e-04	1.27524839e-02
5.78613281e-02	1.24419576e-04	1.28174131e-02
5.79101563e-02	1.25047019e-04	1.28826753e-02
5.79589844e-02	1.25677658e-04	1.29482722e-02
5.80078125e-02	1.26311507e-04	1.30142055e-02
5.80566406e-02	1.26948585e-04	1.30804769e-02
5.81054688e-02	1.27588906e-04	1.31470883e-02
5.81542969e-02	1.28232488e-04	1.32140413e-02
5.82031250e-02	1.28879348e-04	1.32813378e-02
5.82519531e-02	1.29529502e-04	1.33489794e-02
5.83007813e-02	1.30182968e-04	1.34169680e-02
5.83496094e-02	1.30839762e-04	1.34853054e-02
5.83984375e-02	1.31499901e-04	1.35539933e-02
5.84472656e-02	1.32163402e-04	1.36230336e-02
5.84960938e-02	1.32830284e-04	1.36924281e-02
5.85449219e-02	1.33500562e-04	1.37621785e-02
5.85937500e-02	1.34174255e-04	1.38322869e-02
5.86425781e-02	1.34851380e-04	1.39027549e-02
5.86914063e-02	1.35531955e-04	1.39735844e-02
5.87402344e-02	1.36215997e-04	1.40447774e-02
5.87890625e-02	1.36903524e-04	1.41163357e-02
5.88378906e-02	1.37594554e-04	1.41882611e-02
5.88867188e-02	1.38289106e-04	1.42605556e-02
5.89355469e-02	1.38987196e-04	1.43332211e-02
5.89843750e-02	1.39688843e-04	1.44062595e-02
5.90332031e-02	1.40394066e-04	1.44796726e-02
5.90820312e-02	1.41102883e-04	1.45534625e-02
5.91308594e-02	1.41815312e-04	1.46276311e-02
5.91796875e-02	1.42531372e-04	1.47021803e-02
5.92285156e-02	1.43251081e-04	1.47771122e-02
5.92773438e-02	1.43974459e-04	1.48524286e-02
5.93261719e-02	1.44701523e-04	1.49281315e-02
5.93750000e-02	1.45432294e-04	1.50042230e-02
5.94238281e-02	1.46166789e-04	1.50807051e-02
5.94726563e-02	1.46905028e-04	1.51575798e-02
5.95214844e-02	1.47647031e-04	1.52348490e-02
5.95703125e-02	1.48392816e-04	1.53125149e-02
5.96191406e-02	1.49142403e-04	1.53905795e-02
5.96679688e-02	1.49895812e-04	1.54690448e-02
5.97167969e-02	1.50653062e-04	1.55479129e-02
5.97656250e-02	1.51414173e-04	1.56271859e-02
5.98144531e-02	1.52179164e-04	1.57068659e-02
5.98632813e-02	1.52948057e-04	1.57869550e-02
5.99121094e-02	1.53720869e-04	1.58674552e-02
5.99609375e-02	1.54497623e-04	1.59483688e-02
6.00097656e-02	1.55278337e-04	1.60296978e-02
6.00585938e-02	1.56063033e-04	1.61114444e-02
6.01074219e-02	1.56851731e-04	1.61936107e-02
6.01562500e-02	1.57644451e-04	1.62761989e-02
6.02050781e-02	1.58441214e-04	1.63592113e-02
6.02539063e-02	1.59242040e-04	1.64426499e-02
6.03027344e-02	1.60046952e-04	1.65265170e-02
6.03515625e-02	1.60855969e-04	1.66108148e-02
6.04003906e-02	1.61669112e-04	1.66955454e-02
6.04492188e-02	1.62486404e-04	1.67807113e-02
6.04980469e-02	1.63307864e-04	1.68663145e-02
6.05468750e-02	1.64133515e-04	1.69523574e-02
6.05957031e-02	1.64963379e-04	1.70388422e-02
6.06445313e-02	1.65797476e-04	1.71257712e-02
6.06933594e-02	1.66635828e-04	1.72131467e-02
6.07421875e-02	1.67478458e-04	1.73009710e-02
6.07910156e-02	1.68325387e-04	1.73892464e-02
6.08398438e-02	1.69176638e-04	1.74779753e-02
6.08886719e-02	1.70032232e-04	1.75671599e-02
6.09375000e-02	1.70892192e-04	1.76568027e-02
6.09863281e-02	1.71756540e-04	1.77469060e-02
6.10351562e-02	1.72625299e-04	1.78374722e-02
6.10839844e-02	1.73498492e-04	1.79285037e-02
6.11328125e-02	1.74376141e-04	1.80200028e-02
6.11816406e-02	1.75258269e-04	1.81119721e-02
6.12304688e-02	1.76144900e-04	1.82044138e-02
6.12792969e-02	1.77036056e-04	1.82973306e-02
6.13281250e-02	1.77931760e-04	1.83907247e-02
6.13769531e-02	1.78832037e-04	1.84845987e-02
6.14257813e-02	1.79736909e-04	1.85789551e-02
6.14746094e-02	1.80646400e-04	1.86737963e-02
6.15234375e-02	1.81560534e-04	1.87691249e-02
6.15722656e-02	1.82479334e-04	1.88649433e-02
6.16210938e-02	1.83402825e-04	1.89612542e-02
6.16699219e-02	1.84331031e-04	1.90580599e-02
6.17187500e-02	1.85263976e-04	1.91553632e-02
6.17675781e-02	1.86201684e-04	1.92531666e-02
6.18164063e-02	1.87144180e-04	1.93514726e-02
6.18652344e-02	1.88091489e-04	1.94502838e-02
6.19140625e-02	1.89043634e-04	1.95496030e-02
6.19628906e-02	1.90000642e-04	1.96494326e-02
6.20117188e-02	1.90962537e-04	1.97497753e-02
6.20605469e-02	1.91929344e-04	1.98506338e-02
6.21093750e-02	1.92901088e-04	1.99520107e-02
6.21582031e-02	1.93877795e-04	2.00539087e-02
6.22070313e-02	1.94859490e-04	2.01563306e-02
6.22558594e-02	1.95846200e-04	2.02592789e-02
6.23046875e-02	1.96837948e-04	2.03627565e-02
6.23535156e-02	1.97834763e-04	2.04667660e-02
6.24023438e-02	1.98836669e-04	2.05713103e-02
6.24511719e-02	1.99843693e-04	2.06763920e-02
6.25000000e-02	2.00855861e-04	2.07820140e-02
6.25488281e-02	2.01873200e-04	2.08881791e-02
6.25976563e-02	2.02895736e-04	2.09948899e-02
6.26464844e-02	2.03923496e-04	2.11021495e-02
6.26953125e-02	2.04956506e-04	2.12099606e-02
6.27441406e-02	2.05994794e-04	2.13183260e-02
6.27929687e-02	2.07038387e-04	2.14272486e-02
6.28417969e-02	2.08087313e-04	2.15367314e-02
6.28906250e-02	2.09141598e-04	2.16467771e-02
6.29394531e-02	2.10201270e-04	2.17573888e-02
6.29882812e-02	2.11266356e-04	2.18685692e-02
6.30371094e-02	2.12336886e-04	2.19803215e-02
6.30859375e-02	2.13412886e-04	2.20926484e-02
6.31347656e-02	2.14494385e-04	2.22055531e-02
6.31835938e-02	2.15581411e-04	2.23190384e-02
6.32324219e-02	2.16673993e-04	2.24331075e-02
6.32812500e-02	2.17772159e-04	2.25477632e-02
6.33300781e-02	2.18875938e-04	2.26630086e-02
6.33789063e-02	2.19985358e-04	2.27788468e-02
6.34277344e-02	2.21100449e-04	2.28952809e-02
6.34765625e-02	2.22221240e-04	2.30123139e-02
6.35253906e-02	2.23347760e-04	2.31299489e-02
6.35742188e-02	2.24480039e-04	2.32481890e-02
6.36230469e-02	2.25618106e-04	2.33670374e-02
6.36718750e-02	2.26761991e-04	2.34864972e-02
6.37207031e-02	2.27911724e-04	2.36065716e-02
6.37695312e-02	2.29067335e-04	2.37272637e-02
6.38183594e-02	2.30228855e-04	2.38485767e-02
6.38671875e-02	2.31396313e-04	2.39705139e-02
6.39160156e-02	2.32569741e-04	2.40930785e-02
6.39648438e-02	2.33749168e-04	2.42162736e-02
6.40136719e-02	2.34934626e-04	2.43401027e-02
6.40625000e-02	2.36126147e-04	2.44645689e-02
6.41113281e-02	2.37323760e-04	2.45896755e-02
6.41601563e-02	2.38527498e-04	2.47154259e-02
6.42089844e-02	2.39737392e-04	2.48418234e-02
6.42578125e-02	2.40953473e-04	2.49688713e-02
6.43066406e-02	2.42175774e-04	2.50965730e-02
6.43554688e-02	2.43404326e-04	2.52249319e-02
6.44042969e-02	2.44639162e-04	2.53539514e-02
6.44531250e-02	2.45880314e-04	2.54836348e-02
6.45019531e-02	2.47127815e-04	2.56139857e-02
6.45507813e-02	2.48381697e-04	2.57450074e-02
6.45996094e-02	2.49641992e-04	2.58767035e-02
6.46484375e-02	2.50908735e-04	2.60090775e-02
6.46972656e-02	2.52181958e-04	2.61421327e-02
6.47460937e-02	2.53461694e-04	2.62758729e-02
6.47949219e-02	2.54747978e-04	2.64103014e-02
6.48437500e-02	2.56040842e-04	2.65454219e-02
6.48925781e-02	2.57340321e-04	2.66812379e-02
6.49414062e-02	2.58646449e-04	2.68177531e-02
6.49902344e-02	2.59959260e-04	2.69549710e-02
6.50390625e-02	2.61278788e-04	2.70928953e-02
6.50878906e-02	2.62605068e-04	2.72315297e-02
6.51367188e-02	2.63938134e-04	2.73708778e-02
6.51855469e-02	2.65278022e-04	2.75109433e-02
6.52343750e-02	2.66624767e-04	2.76517299e-02
6.52832031e-02	2.67978404e-04	2.77932414e-02
6.53320313e-02	2.69338969e-04	2.79354814e-02
6.53808594e-02	2.70706496e-04	2.80784538e-02
6.54296875e-02	2.72081023e-04	2.82221624e-02
6.54785156e-02	2.73462585e-04	2.83666110e-02
6.55273438e-02	2.74851218e-04	2.85118033e-02
6.55761719e-02	2.76246959e-04	2.86577433e-02
6.56250000e-02	2.77649844e-04	2.88044348e-02
6.56738281e-02	2.79059911e-04	2.89518817e-02
6.57226562e-02	2.80477195e-04	2.91000879e-02
6.57714844e-02	2.81901735e-04	2.92490574e-02
6.58203125e-02	2.83333567e-04	2.93987940e-02
6.58691406e-02	2.84772730e-04	2.95493018e-02
6.59179688e-02	2.86219260e-04	2.97005847e-02
6.59667969e-02	2.87673196e-04	2.98526468e-02
6.60156250e-02	2.89134577e-04	3.00054920e-02
6.60644531e-02	2.90603439e-04	3.01591245e-02
6.61132813e-02	2.92079823e-04	3.03135484e-02
6.61621094e-02	2.93563766e-04	3.04687676e-02
6.62109375e-02	2.95055308e-04	3.06247863e-02
6.62597656e-02	2.96554488e-04	3.07816087e-02
6.63085938e-02	2.98061344e-04	3.09392390e-02
6.63574219e-02	2.99575918e-04	3.10976812e-02
6.64062500e-02	3.01098247e-04	3.12569396e-02
6.64550781e-02	3.02628373e-04	3.14170185e-02
6.65039063e-02	3.04166335e-04	3.15779220e-02
6.65527344e-02	3.05712175e-04	3.17396545e-02
6.66015625e-02	3.07265931e-04	3.19022202e-02
6.66503906e-02	3.08827646e-04	3.20656234e-02
6.66992187e-02	3.10397361e-04	3.22298685e-02
6.67480469e-02	3.11975115e-04	3.23949599e-02
6.67968750e-02	3.13560952e-04	3.25609018e-02
6.68457031e-02	3.15154912e-04	3.27276988e-02
6.68945312e-02	3.16757037e-04	3.28953553e-02
6.69433594e-02	3.18367370e-04	3.30638756e-02
6.69921875e-02	3.19985952e-04	3.32332643e-02
6.70410156e-02	3.21612827e-04	3.34035258e-02
6.70898438e-02	3.23248037e-04	3.35746648e-02
6.71386719e-02	3.24891624e-04	3.37466856e-02
6.71875000e-02	3.26543633e-04	3.39195930e-02
6.72363281e-02	3.28204106e-04	3.40933914e-02
6.72851563e-02	3.29873088e-04	3.42680855e-02
6.73339844e-02	3.31550621e-04	3.44436799e-02
6.73828125e-02	3.33236750e-04	3.46201793e-02
6.74316406e-02	3.34931520e-04	3.47975884e-02
6.74804688e-02	3.36634975e-04	3.49759119e-02
6.75292969e-02	3.38347159e-04	3.51551545e-02
6.75781250e-02	3.40068118e-04	3.53353209e-02
6.76269531e-02	3.41797897e-04	3.55164161e-02
6.76757812e-02	3.43536541e-04	3.56984446e-02
6.77246094e-02	3.45284096e-04	3.58814115e-02
6.77734375e-02	3.47040608e-04	3.60653216e-02
6.78222656e-02	3.48806123e-04	3.62501797e-02
6.78710938e-02	3.50580688e-04	3.64359907e-02
6.79199219e-02	3.52364349e-04	3.66227596e-02
6.79687500e-02	3.54157153e-04	3.68104914e-02
6.80175781e-02	3.55959147e-04	3.69991910e-02
6.80664063e-02	3.57770379e-04	3.71888635e-02
6.81152344e-02	3.59590896e-04	3.73795138e-02
6.81640625e-02	3.61420746e-04	3.75711471e-02
6.82128906e-02	3.63259977e-04	3.77637684e-02
6.82617188e-02	3.65108638e-04	3.79573829e-02
6.83105469e-02	3.66966777e-04	3.81519957e-02
6.83593750e-02	3.68834443e-04	3.83476119e-02
6.84082031e-02	3.70711686e-04	3.85442368e-02
6.84570313e-02	3.72598554e-04	3.87418756e-02
6.85058594e-02	3.74495097e-04	3.89405336e-02
6.85546875e-02	3.76401365e-04	3.91402159e-02
6.86035156e-02	3.78317409e-04	3.93409280e-02
6.86523437e-02	3.80243278e-04	3.95426752e-02
6.87011719e-02	3.82179023e-04	3.97454627e-02
6.87500000e-02	3.84124696e-04	3.99492961e-02
6.87988281e-02	3.86080348e-04	4.01541807e-02
6.88476562e-02	3.88046029e-04	4.03601220e-02
6.88964844e-02	3.90021792e-04	4.05671255e-02
6.89453125e-02	3.92007688e-04	4.07751965e-02
6.89941406e-02	3.94003771e-04	4.09843408e-02
6.90429688e-02	3.96010092e-04	4.11945638e-02
6.90917969e-02	3.98026704e-04	4.14058711e-02
6.91406250e-02	4.00053660e-04	4.16182684e-02
6.91894531e-02	4.02091015e-04	4.18317613e-02
6.92382813e-02	4.04138820e-04	4.20463555e-02
6.92871094e-02	4.06197131e-04	4.22620566e-02
6.93359375e-02	4.08266001e-04	4.24788704e-02
6.93847656e-02	4.10345485e-04	4.26968027e-02
6.94335938e-02	4.12435638e-04	4.29158593e-02
6.94824219e-02	4.14536515e-04	4.31360460e-02
6.95312500e-02	4.16648171e-04	4.33573686e-02
6.95800781e-02	4.18770661e-04	4.35798331e-02
6.96289062e-02	4.20904042e-04	4.38034453e-02
6.96777344e-02	4.23048369e-04	4.40282112e-02
6.97265625e-02	4.25203700e-04	4.42541368e-02
6.97753906e-02	4.27370091e-04	4.44812281e-02
6.98242188e-02	4.29547599e-04	4.47094912e-02
6.98730469e-02	4.31736281e-04	4.49389320e-02
6.99218750e-02	4.33936195e-04	4.51695567e-02
6.99707031e-02	4.36147399e-04	4.54013715e-02
7.00195313e-02	4.38369952e-04	4.56343825e-02
7.00683594e-02	4.40603911e-04	4.58685959e-02
7.01171875e-02	4.42849336e-04	4.61040180e-02
7.01660156e-02	4.45106287e-04	4.63406549e-02
7.02148438e-02	4.47374821e-04	4.65785131e-02
7.02636719e-02	4.49654999e-04	4.68175987e-02
7.03125000e-02	4.51946882e-04	4.70579183e-02
7.03613281e-02	4.54250530e-04	4.72994782e-02
7.04101563e-02	4.56566002e-04	4.75422848e-02
7.04589844e-02	4.58893361e-04	4.77863445e-02
7.05078125e-02	4.61232668e-04	4.80316640e-02
7.05566406e-02	4.63583984e-04	4.82782496e-02
7.06054687e-02	4.65947372e-04	4.85261080e-02
7.06542969e-02	4.68322893e-04	4.87752458e-02
7.07031250e-02	4.70710611e-04	4.90256696e-02
7.07519531e-02	4.73110588e-04	4.92773860e-02
7.08007812e-02	4.75522888e-04	4.95304018e-02
7.08496094e-02	4.77947573e-04	4.97847237e-02
7.08984375e-02	4.80384709e-04	5.00403585e-02
7.09472656e-02	4.82834359e-04	5.02973129e-02
7.09960938e-02	4.85296588e-04	5.05555939e-02
7.10449219e-02	4.87771461e-04	5.08152083e-02
7.10937500e-02	4.90259044e-04	5.10761630e-02
7.11425781e-02	4.92759401e-04	5.13384649e-02
7.11914063e-02	4.95272599e-04	5.16021211e-02
7.12402344e-02	4.97798704e-04	5.18671386e-02
7.12890625e-02	5.00337782e-04	5.21335244e-02
7.13378906e-02	5.02889902e-04	5.24012856e-02
7.13867188e-02	5.05455129e-04	5.26704293e-02
7.14355469e-02	5.08033532e-04	5.29409628e-02
7.14843750e-02	5.10625179e-04	5.32128932e-02
7.15332031e-02	5.13230138e-04	5.34862278e-02
7.15820312e-02	5.15848478e-04	5.37609738e-02
7.16308594e-02	5.18480268e-04	5.40371386e-02
7.16796875e-02	5.21125577e-04	5.43147295e-02
7.17285156e-02	5.23784476e-04	5.45937539e-02
7.17773438e-02	5.26457034e-04	5.48742193e-02
7.18261719e-02	5.29143322e-04	5.51561332e-02
7.18750000e-02	5.31843410e-04	5.54395029e-02
7.19238281e-02	5.34557371e-04	5.57243362e-02
7.19726563e-02	5.37285276e-04	5.60106406e-02
7.20214844e-02	5.40027197e-04	5.62984236e-02
7.20703125e-02	5.42783205e-04	5.65876931e-02
7.21191406e-02	5.45553375e-04	5.68784566e-02
7.21679688e-02	5.48337779e-04	5.71707220e-02
7.22167969e-02	5.51136490e-04	5.74644969e-02
7.22656250e-02	5.53949583e-04	5.77597894e-02
7.23144531e-02	5.56777132e-04	5.80566072e-02
7.23632813e-02	5.59619211e-04	5.83549582e-02
7.24121094e-02	5.62475896e-04	5.86548504e-02
7.24609375e-02	5.65347262e-04	5.89562918e-02
7.25097656e-02	5.68233384e-04	5.92592905e-02
7.25585937e-02	5.71134340e-04	5.95638544e-02
7.26074219e-02	5.74050205e-04	5.98699918e-02
7.26562500e-02	5.76981057e-04	6.01777107e-02
7.27050781e-02	5.79926974e-04	6.04870195e-02
7.27539062e-02	5.82888032e-04	6.07979262e-02
7.28027344e-02	5.85864310e-04	6.11104393e-02
7.28515625e-02	5.88855888e-04	6.14245671e-02
7.29003906e-02	5.91862843e-04	6.17403179e-02
7.29492188e-02	5.94885255e-04	6.20577001e-02
7.29980469e-02	5.97923205e-04	6.23767223e-02
7.30468750e-02	6.00976772e-04	6.26973929e-02
7.30957031e-02	6.04046038e-04	6.30197205e-02
7.31445313e-02	6.07131083e-04	6.33437137e-02
7.31933594e-02	6.10231988e-04	6.36693811e-02
7.32421875e-02	6.13348837e-04	6.39967314e-02
7.32910156e-02	6.16481710e-04	6.43257733e-02
7.33398438e-02	6.19630692e-04	6.46565157e-02
7.33886719e-02	6.22795865e-04	6.49889673e-02
7.34375000e-02	6.25977313e-04	6.53231370e-02
7.34863281e-02	6.29175120e-04	6.56590337e-02
7.35351562e-02	6.32389370e-04	6.59966665e-02
7.35839844e-02	6.35620149e-04	6.63360442e-02
7.36328125e-02	6.38867542e-04	6.66771760e-02
7.36816406e-02	6.42131635e-04	6.70200709e-02
7.37304688e-02	6.45412514e-04	6.73647381e-02
7.37792969e-02	6.48710267e-04	6.77111868e-02
7.38281250e-02	6.52024979e-04	6.80594263e-02
7.38769531e-02	6.55356739e-04	6.84094658e-02
7.39257813e-02	6.58705635e-04	6.87613148e-02
7.39746094e-02	6.62071755e-04	6.91149824e-02
7.40234375e-02	6.65455189e-04	6.94704783e-02
7.40722656e-02	6.68856027e-04	6.98278119e-02
7.41210938e-02	6.72274357e-04	7.01869927e-02
7.41699219e-02	6.75710270e-04	7.05480304e-02
7.42187500e-02	6.79163858e-04	7.09109345e-02
7.42675781e-02	6.82635212e-04	7.12757148e-02
7.43164063e-02	6.86124424e-04	7.16423810e-02
7.43652344e-02	6.89631585e-04	7.20109428e-02
7.44140625e-02	6.93156789e-04	7.23814102e-02
7.44628906e-02	6.96700129e-04	7.27537930e-02
7.45117187e-02	7.00261698e-04	7.31281011e-02
7.45605469e-02	7.03841592e-04	7.35043446e-02
7.46093750e-02	7.07439904e-04	7.38825335e-02
7.46582031e-02	7.11056731e-04	7.42626778e-02
7.47070312e-02	7.14692167e-04	7.46447878e-02
7.47558594e-02	7.18346309e-04	7.50288737e-02
7.48046875e-02	7.22019254e-04	7.54149457e-02
7.48535156e-02	7.25711099e-04	7.58030141e-02
7.49023438e-02	7.29421941e-04	7.61930893e-02
7.49511719e-02	7.33151879e-04	7.65851816e-02
7.50000000e-02	7.36901012e-04	7.69793017e-02
7.50488281e-02	7.40669439e-04	7.73754600e-02
7.50976563e-02	7.44457260e-04	7.77736670e-02
7.51464844e-02	7.48264574e-04	7.81739335e-02
7.51953125e-02	7.52091483e-04	7.85762700e-02
7.52441406e-02	7.55938089e-04	7.89806875e-02
7.52929688e-02	7.59804492e-04	7.93871966e-02
7.53417969e-02	7.63690796e-04	7.97958082e-02
7.53906250e-02	7.67597103e-04	8.02065333e-02
7.54394531e-02	7.71523517e-04	8.06193828e-02
7.54882813e-02	7.75470142e-04	8.10343678e-02
7.55371094e-02	7.79437082e-04	8.14514993e-02
7.55859375e-02	7.83424442e-04	8.18707885e-02
7.56347656e-02	7.87432329e-04	8.22922466e-02
7.56835938e-02	7.91460848e-04	8.27158848e-02
7.57324219e-02	7.95510106e-04	8.31417146e-02
7.57812500e-02	7.99580210e-04	8.35697471e-02
7.58300781e-02	8.03671268e-04	8.39999940e-02
7.58789063e-02	8.07783389e-04	8.44324667e-02
7.59277344e-02	8.11916681e-04	8.48671767e-02
7.59765625e-02	8.16071254e-04	8.53041358e-02
7.60253906e-02	8.20247218e-04	8.57433554e-02
7.60742188e-02	8.24444684e-04	8.61848475e-02
7.61230469e-02	8.28663763e-04	8.66286238e-02
7.61718750e-02	8.32904566e-04	8.70746961e-02
7.62207031e-02	8.37167207e-04	8.75230765e-02
7.62695313e-02	8.41451798e-04	8.79737768e-02
7.63183594e-02	8.45758453e-04	8.84268091e-02
7.63671875e-02	8.50087286e-04	8.88821856e-02
7.64160156e-02	8.54438412e-04	8.93399185e-02
7.64648438e-02	8.58811945e-04	8.98000198e-02
7.65136719e-02	8.63208003e-04	9.02625021e-02
7.65625000e-02	8.67626701e-04	9.07273775e-02
7.66113281e-02	8.72068157e-04	9.11946587e-02
7.66601562e-02	8.76532489e-04	9.16643580e-02
7.67089844e-02	8.81019814e-04	9.21364880e-02
7.67578125e-02	8.85530252e-04	9.26110613e-02
7.68066406e-02	8.90063923e-04	9.30880908e-02
7.68554688e-02	8.94620946e-04	9.35675890e-02
7.69042969e-02	8.99201443e-04	9.40495688e-02
7.69531250e-02	9.03805536e-04	9.45340432e-02
7.70019531e-02	9.08433345e-04	9.50210250e-02
7.70507813e-02	9.13084994e-04	9.55105274e-02
7.70996094e-02	9.17760607e-04	9.60025633e-02
7.71484375e-02	9.22460307e-04	9.64971461e-02
7.71972656e-02	9.27184219e-04	9.69942888e-02
7.72460938e-02	9.31932468e-04	9.74940048e-02
7.72949219e-02	9.36705181e-04	9.79963075e-02
7.73437500e-02	9.41502483e-04	9.85012104e-02
7.73925781e-02	9.46324503e-04	9.90087268e-02
7.74414063e-02	9.51171368e-04	9.95188704e-02
7.74902344e-02	9.56043207e-04	1.00031655e-01
7.75390625e-02	9.60940149e-04	1.00547094e-01
7.75878906e-02	9.65862325e-04	1.01065201e-01
7.76367188e-02	9.70809864e-04	1.01585991e-01
7.76855469e-02	9.75782897e-04	1.02109477e-01
7.77343750e-02	9.80781558e-04	1.02635673e-01
7.77832031e-02	9.85805979e-04	1.03164593e-01
7.78320313e-02	9.90856293e-04	1.03696252e-01
7.78808594e-02	9.95932633e-04	1.04230664e-01
7.79296875e-02	1.00103514e-03	1.04767842e-01
7.79785156e-02	1.00616394e-03	1.05307802e-01
7.80273438e-02	1.01131917e-03	1.05850557e-01
7.80761719e-02	1.01650097e-03	1.06396123e-01
7.81250000e-02	1.02170948e-03	1.06944514e-01
7.81738281e-02	1.02694484e-03	1.07495744e-01
7.82226563e-02	1.03220719e-03	1.08049829e-01
7.82714844e-02	1.03749665e-03	1.08606783e-01
7.83203125e-02	1.04281339e-03	1.09166622e-01
7.83691406e-02	1.04815753e-03	1.09729359e-01
7.84179688e-02	1.05352922e-03	1.10295010e-01
7.84667969e-02	1.05892860e-03	1.10863591e-01
7.85156250e-02	1.06435581e-03	1.11435117e-01
7.85644531e-02	1.06981100e-03	1.12009602e-01
7.86132812e-02	1.07529432e-03	1.12587062e-01
7.86621094e-02	1.08080591e-03	1.13167514e-01
7.87109375e-02	1.08634591e-03	1.13750971e-01
7.87597656e-02	1.09191447e-03	1.14337451e-01
7.88085938e-02	1.09751175e-03	1.14926968e-01
7.88574219e-02	1.10313789e-03	1.15519538e-01
7.89062500e-02	1.10879303e-03	1.16115178e-01
7.89550781e-02	1.11447733e-03	1.16713903e-01
7.90039063e-02	1.12019095e-03	1.17315729e-01
7.90527344e-02	1.12593402e-03	1.17920672e-01
7.91015625e-02	1.13170671e-03	1.18528750e-01
7.91503906e-02	1.13750917e-03	1.19139977e-01
7.91992188e-02	1.14334156e-03	1.19754370e-01
7.92480469e-02	1.14920401e-03	1.20371946e-01
7.92968750e-02	1.15509671e-03	1.20992722e-01
7.93457031e-02	1.16101979e-03	1.21616713e-01
7.93945313e-02	1.16697342e-03	1.22243937e-01
7.94433594e-02	1.17295775e-03	1.22874410e-01
7.94921875e-02	1.17897295e-03	1.23508150e-01
7.95410156e-02	1.18501917e-03	1.24145173e-01
7.95898438e-02	1.19109658e-03	1.24785496e-01
7.96386719e-02	1.19720534e-03	1.25429137e-01
7.96875000e-02	1.20334560e-03	1.26076113e-01
7.97363281e-02	1.20951754e-03	1.26726441e-01
7.97851563e-02	1.21572132e-03	1.27380139e-01
7.98339844e-02	1.22195709e-03	1.28037224e-01
7.98828125e-02	1.22822503e-03	1.28697713e-01
7.99316406e-02	1.23452531e-03	1.29361625e-01
7.99804688e-02	1.24085809e-03	1.30028977e-01
8.00292969e-02	1.24722354e-03	1.30699787e-01
8.00781250e-02	1.25362183e-03	1.31374073e-01
8.01269531e-02	1.26005312e-03	1.32051854e-01
8.01757813e-02	1.26651760e-03	1.32733146e-01
8.02246094e-02	1.27301543e-03	1.33417970e-01
8.02734375e-02	1.27954678e-03	1.34106342e-01
8.03222656e-02	1.28611184e-03	1.34798282e-01
8.03710938e-02	1.29271077e-03	1.35493808e-01
8.04199219e-02	1.29934374e-03	1.36192938e-01
8.04687500e-02	1.30601095e-03	1.36895692e-01
8.05175781e-02	1.31271255e-03	1.37602089e-01
8.05664062e-02	1.31944874e-03	1.38312146e-01
8.06152344e-02	1.32621969e-03	1.39025883e-01
8.06640625e-02	1.33302558e-03	1.39743320e-01
8.07128906e-02	1.33986659e-03	1.40464476e-01
8.07617188e-02	1.34674290e-03	1.41189370e-01
8.08105469e-02	1.35365470e-03	1.41918021e-01
8.08593750e-02	1.36060218e-03	1.42650448e-01
8.09082031e-02	1.36758550e-03	1.43386673e-01
8.09570313e-02	1.37460487e-03	1.44126714e-01
8.10058594e-02	1.38166047e-03	1.44870591e-01
8.10546875e-02	1.38875249e-03	1.45618324e-01
8.11035156e-02	1.39588111e-03	1.46369934e-01
8.11523438e-02	1.40304652e-03	1.47125440e-01
8.12011719e-02	1.41024892e-03	1.47884862e-01
8.12500000e-02	1.41748850e-03	1.48648222e-01
8.12988281e-02	1.42476545e-03	1.49415539e-01
8.13476563e-02	1.43207996e-03	1.50186834e-01
8.13964844e-02	1.43943223e-03	1.50962128e-01
8.14453125e-02	1.44682245e-03	1.51741442e-01
8.14941406e-02	1.45425083e-03	1.52524796e-01
8.15429688e-02	1.46171755e-03	1.53312212e-01
8.15917969e-02	1.46922282e-03	1.54103710e-01
8.16406250e-02	1.47676684e-03	1.54899313e-01
8.16894531e-02	1.48434981e-03	1.55699040e-01
8.17382813e-02	1.49197193e-03	1.56502915e-01
8.17871094e-02	1.49963340e-03	1.57310958e-01
8.18359375e-02	1.50733443e-03	1.58123190e-01
8.18847656e-02	1.51507522e-03	1.58939635e-01
8.19335938e-02	1.52285598e-03	1.59760313e-01
8.19824219e-02	1.53067691e-03	1.60585248e-01
8.20312500e-02	1.53853824e-03	1.61414460e-01
8.20800781e-02	1.54644015e-03	1.62247972e-01
8.21289063e-02	1.55438287e-03	1.63085807e-01
8.21777344e-02	1.56236660e-03	1.63927987e-01
8.22265625e-02	1.57039157e-03	1.64774534e-01
8.22753906e-02	1.57845798e-03	1.65625472e-01
8.23242188e-02	1.58656604e-03	1.66480824e-01
8.23730469e-02	1.59471598e-03	1.67340611e-01
8.24218750e-02	1.60290800e-03	1.68204858e-01
8.24707031e-02	1.61114234e-03	1.69073587e-01
8.25195312e-02	1.61941921e-03	1.69946823e-01
8.25683594e-02	1.62773882e-03	1.70824587e-01
8.26171875e-02	1.63610141e-03	1.71706904e-01
8.26660156e-02	1.64450719e-03	1.72593798e-01
8.27148438e-02	1.65295638e-03	1.73485293e-01
8.27636719e-02	1.66144922e-03	1.74381411e-01
8.28125000e-02	1.66998593e-03	1.75282179e-01
8.28613281e-02	1.67856674e-03	1.76187618e-01
8.29101563e-02	1.68719187e-03	1.77097755e-01
8.29589844e-02	1.69586155e-03	1.78012613e-01
8.30078125e-02	1.70457603e-03	1.78932217e-01
8.30566406e-02	1.71333552e-03	1.79856592e-01
8.31054688e-02	1.72214026e-03	1.80785762e-01
8.31542969e-02	1.73099050e-03	1.81719753e-01
8.32031250e-02	1.73988645e-03	1.82658589e-01
8.32519531e-02	1.74882837e-03	1.83602296e-01
8.33007813e-02	1.75781648e-03	1.84550899e-01
8.33496094e-02	1.76685104e-03	1.85504424e-01
8.33984375e-02	1.77593227e-03	1.86462896e-01
8.34472656e-02	1.78506043e-03	1.87426342e-01
8.34960938e-02	1.79423575e-03	1.88394786e-01
8.35449219e-02	1.80345848e-03	1.89368255e-01
8.35937500e-02	1.81272886e-03	1.90346775e-01
8.36425781e-02	1.82204715e-03	1.91330372e-01
8.36914063e-02	1.83141359e-03	1.92319074e-01
8.37402344e-02	1.84082844e-03	1.93312906e-01
8.37890625e-02	1.85029193e-03	1.94311895e-01
8.38378906e-02	1.85980434e-03	1.95316067e-01
8.38867188e-02	1.86936590e-03	1.96325451e-01
8.39355469e-02	1.87897687e-03	1.97340073e-01
8.39843750e-02	1.88863752e-03	1.98359961e-01
8.40332031e-02	1.89834809e-03	1.99385141e-01
8.40820313e-02	1.90810885e-03	2.00415641e-01
8.41308594e-02	1.91792006e-03	2.01451490e-01
8.41796875e-02	1.92778198e-03	2.02492715e-01
8.42285156e-02	1.93769487e-03	2.03539343e-01
8.42773438e-02	1.94765900e-03	2.04591404e-01
8.43261719e-02	1.95767463e-03	2.05648924e-01
8.43750000e-02	1.96774204e-03	2.06711934e-01
8.44238281e-02	1.97786148e-03	2.07780461e-01
8.44726562e-02	1.98803323e-03	2.08854534e-01
8.45214844e-02	1.99825757e-03	2.09934182e-01
8.45703125e-02	2.00853476e-03	2.11019435e-01
8.46191406e-02	2.01886507e-03	2.12110320e-01
8.46679688e-02	2.02924879e-03	2.13206868e-01
8.47167969e-02	2.03968619e-03	2.14309108e-01
8.47656250e-02	2.05017756e-03	2.15417070e-01
8.48144531e-02	2.06072316e-03	2.16530783e-01
8.48632813e-02	2.07132328e-03	2.17650277e-01
8.49121094e-02	2.08197821e-03	2.18775584e-01
8.49609375e-02	2.09268823e-03	2.19906732e-01
8.50097656e-02	2.10345362e-03	2.21043752e-01
8.50585938e-02	2.11427468e-03	2.22186675e-01
8.51074219e-02	2.12515168e-03	2.23335532e-01
8.51562500e-02	2.13608493e-03	2.24490353e-01
8.52050781e-02	2.14707471e-03	2.25651170e-01
8.52539063e-02	2.15812133e-03	2.26818014e-01
8.53027344e-02	2.16922506e-03	2.27990916e-01
8.53515625e-02	2.18038621e-03	2.29169907e-01
8.54003906e-02	2.19160508e-03	2.30355020e-01
8.54492188e-02	2.20288197e-03	2.31546287e-01
8.54980469e-02	2.21421718e-03	2.32743739e-01
8.55468750e-02	2.22561100e-03	2.33947409e-01
8.55957031e-02	2.23706375e-03	2.35157328e-01
8.56445313e-02	2.24857574e-03	2.36373531e-01
8.56933594e-02	2.26014726e-03	2.37596049e-01
8.57421875e-02	2.27177863e-03	2.38824915e-01
8.57910156e-02	2.28347016e-03	2.40060162e-01
8.58398438e-02	2.29522216e-03	2.41301824e-01
8.58886719e-02	2.30703495e-03	2.42549934e-01
8.59375000e-02	2.31890884e-03	2.43804525e-01
8.59863281e-02	2.33084415e-03	2.45065632e-01
8.60351563e-02	2.34284119e-03	2.46333289e-01
8.60839844e-02	2.35490029e-03	2.47607528e-01
8.61328125e-02	2.36702177e-03	2.48888386e-01
8.61816406e-02	2.37920596e-03	2.50175895e-01
8.62304688e-02	2.39145318e-03	2.51470092e-01
8.62792969e-02	2.40376375e-03	2.52771011e-01
8.63281250e-02	2.41613801e-03	2.54078686e-01
8.63769531e-02	2.42857629e-03	2.55393153e-01
8.64257812e-02	2.44107892e-03	2.56714447e-01
8.64746094e-02	2.45364623e-03	2.58042605e-01
8.65234375e-02	2.46627856e-03	2.59377661e-01
8.65722656e-02	2.47897625e-03	2.60719652e-01
8.66210938e-02	2.49173963e-03	2.62068614e-01
8.66699219e-02	2.50456905e-03	2.63424583e-01
8.67187500e-02	2.51746486e-03	2.64787596e-01
8.67675781e-02	2.53042739e-03	2.66157689e-01
8.68164063e-02	2.54345700e-03	2.67534899e-01
8.68652344e-02	2.55655402e-03	2.68919264e-01
8.69140625e-02	2.56971882e-03	2.70310820e-01
8.69628906e-02	2.58295174e-03	2.71709605e-01
8.70117188e-02	2.59625314e-03	2.73115658e-01
8.70605469e-02	2.60962337e-03	2.74529015e-01
8.71093750e-02	2.62306279e-03	2.75949715e-01
8.71582031e-02	2.63657176e-03	2.77377796e-01
8.72070313e-02	2.65015065e-03	2.78813296e-01
8.72558594e-02	2.66379981e-03	2.80256255e-01
8.73046875e-02	2.67751960e-03	2.81706710e-01
8.73535156e-02	2.69131041e-03	2.83164702e-01
8.74023438e-02	2.70517259e-03	2.84630270e-01
8.74511719e-02	2.71910652e-03	2.86103452e-01
8.75000000e-02	2.73311257e-03	2.87584289e-01
8.75488281e-02	2.74719111e-03	2.89072820e-01
8.75976563e-02	2.76134253e-03	2.90569087e-01
8.76464844e-02	2.77556719e-03	2.92073128e-01
8.76953125e-02	2.78986548e-03	2.93584984e-01
8.77441406e-02	2.80423779e-03	2.95104697e-01
8.77929688e-02	2.81868449e-03	2.96632307e-01
8.78417969e-02	2.83320598e-03	2.98167856e-01
8.78906250e-02	2.84780264e-03	2.99711384e-01
8.79394531e-02	2.86247487e-03	3.01262934e-01
8.79882813e-02	2.87722305e-03	3.02822547e-01
8.80371094e-02	2.89204758e-03	3.04390265e-01
8.80859375e-02	2.90694886e-03	3.05966130e-01
8.81347656e-02	2.92192728e-03	3.07550186e-01
8.81835938e-02	2.93698326e-03	3.09142474e-01
8.82324219e-02	2.95211718e-03	3.10743038e-01
8.82812500e-02	2.96732946e-03	3.12351921e-01
8.83300781e-02	2.98262050e-03	3.13969166e-01
8.83789062e-02	2.99799072e-03	3.15594816e-01
8.84277344e-02	3.01344052e-03	3.17228916e-01
8.84765625e-02	3.02897031e-03	3.18871510e-01
8.85253906e-02	3.04458052e-03	3.20522642e-01
8.85742188e-02	3.06027156e-03	3.22182356e-01
8.86230469e-02	3.07604385e-03	3.23850698e-01
8.86718750e-02	3.09189782e-03	3.25527711e-01
8.87207031e-02	3.10783388e-03	3.27213442e-01
8.87695313e-02	3.12385247e-03	3.28907936e-01
8.88183594e-02	3.13995401e-03	3.30611239e-01
8.88671875e-02	3.15613894e-03	3.32323396e-01
8.89160156e-02	3.17240768e-03	3.34044454e-01
8.89648438e-02	3.18876069e-03	3.35774459e-01
8.90136719e-02	3.20519838e-03	3.37513458e-01
8.90625000e-02	3.22172120e-03	3.39261497e-01
8.91113281e-02	3.23832961e-03	3.41018624e-01
8.91601563e-02	3.25502403e-03	3.42784887e-01
8.92089844e-02	3.27180492e-03	3.44560332e-01
8.92578125e-02	3.28867272e-03	3.46345009e-01
8.93066406e-02	3.30562790e-03	3.48138964e-01
8.93554688e-02	3.32267090e-03	3.49942247e-01
8.94042969e-02	3.33980217e-03	3.51754905e-01
8.94531250e-02	3.35702219e-03	3.53576989e-01
8.95019531e-02	3.37433141e-03	3.55408546e-01
8.95507813e-02	3.39173029e-03	3.57249627e-01
8.95996094e-02	3.40921930e-03	3.59100282e-01
8.96484375e-02	3.42679891e-03	3.60960559e-01
8.96972656e-02	3.44446959e-03	3.62830510e-01
8.97460938e-02	3.46223182e-03	3.64710184e-01
8.97949219e-02	3.48008606e-03	3.66599633e-01
8.98437500e-02	3.49803280e-03	3.68498908e-01
8.98925781e-02	3.51607252e-03	3.70408059e-01
8.99414063e-02	3.53420571e-03	3.72327139e-01
8.99902344e-02	3.55243284e-03	3.74256199e-01
9.00390625e-02	3.57075441e-03	3.76195290e-01
9.00878906e-02	3.58917091e-03	3.78144467e-01
9.01367188e-02	3.60768283e-03	3.80103780e-01
9.01855469e-02	3.62629066e-03	3.82073284e-01
9.02343750e-02	3.64499492e-03	3.84053030e-01
9.02832031e-02	3.66379609e-03	3.86043074e-01
9.03320312e-02	3.68269469e-03	3.88043467e-01
9.03808594e-02	3.70169122e-03	3.90054265e-01
9.04296875e-02	3.72078618e-03	3.92075522e-01
9.04785156e-02	3.73998010e-03	3.94107292e-01
9.05273438e-02	3.75927348e-03	3.96149629e-01
9.05761719e-02	3.77866685e-03	3.98202591e-01
9.06250000e-02	3.79816071e-03	4.00266230e-01
9.06738281e-02	3.81775561e-03	4.02340604e-01
9.07226563e-02	3.83745205e-03	4.04425769e-01
9.07714844e-02	3.85725058e-03	4.06521780e-01
9.08203125e-02	3.87715171e-03	4.08628695e-01
9.08691406e-02	3.89715599e-03	4.10746570e-01
9.09179688e-02	3.91726395e-03	4.12875462e-01
9.09667969e-02	3.93747613e-03	4.15015429e-01
9.10156250e-02	3.95779307e-03	4.17166529e-01
9.10644531e-02	3.97821532e-03	4.19328819e-01
9.11132813e-02	3.99874343e-03	4.21502359e-01
9.11621094e-02	4.01937794e-03	4.23687207e-01
9.12109375e-02	4.04011941e-03	4.25883421e-01
9.12597656e-02	4.06096839e-03	4.28091062e-01
9.13085938e-02	4.08192546e-03	4.30310189e-01
9.13574219e-02	4.10299116e-03	4.32540862e-01
9.14062500e-02	4.12416606e-03	4.34783141e-01
9.14550781e-02	4.14545073e-03	4.37037087e-01
9.15039063e-02	4.16684575e-03	4.39302760e-01
9.15527344e-02	4.18835168e-03	4.41580222e-01
9.16015625e-02	4.20996911e-03	4.43869534e-01
9.16503906e-02	4.23169860e-03	4.46170759e-01
9.16992188e-02	4.25354076e-03	4.48483958e-01
9.17480469e-02	4.27549616e-03	4.50809194e-01
9.17968750e-02	4.29756539e-03	4.53146529e-01
9.18457031e-02	4.31974905e-03	4.55496028e-01
9.18945313e-02	4.34204772e-03	4.57857753e-01
9.19433594e-02	4.36446202e-03	4.60231768e-01
9.19921875e-02	4.38699253e-03	4.62618138e-01
9.20410156e-02	4.40963987e-03	4.65016927e-01
9.20898438e-02	4.43240465e-03	4.67428199e-01
9.21386719e-02	4.45528747e-03	4.69852020e-01
9.21875000e-02	4.47828894e-03	4.72288456e-01
9.22363281e-02	4.50140970e-03	4.74737572e-01
9.22851562e-02	4.52465034e-03	4.77199435e-01
9.23339844e-02	4.54801152e-03	4.79674110e-01
9.23828125e-02	4.57149383e-03	4.82161666e-01
9.24316406e-02	4.59509793e-03	4.84662169e-01
9.24804688e-02	4.61882444e-03	4.87175686e-01
9.25292969e-02	4.64267400e-03	4.89702287e-01
9.25781250e-02	4.66664725e-03	4.92242038e-01
9.26269531e-02	4.69074484e-03	4.94795010e-01
9.26757813e-02	4.71496740e-03	4.97361270e-01
9.27246094e-02	4.73931560e-03	4.99940888e-01
9.27734375e-02	4.76379008e-03	5.02533934e-01
9.28222656e-02	4.78839151e-03	5.05140479e-01
9.28710938e-02	4.81312054e-03	5.07760592e-01
9.29199219e-02	4.83797784e-03	5.10394344e-01
9.29687500e-02	4.86296407e-03	5.13041807e-01
9.30175781e-02	4.88807991e-03	5.15703052e-01
9.30664063e-02	4.91332603e-03	5.18378152e-01
9.31152344e-02	4.93870312e-03	5.21067178e-01
9.31640625e-02	4.96421184e-03	5.23770204e-01
9.32128906e-02	4.98985290e-03	5.26487302e-01
9.32617188e-02	5.01562696e-03	5.29218546e-01
9.33105469e-02	5.04153474e-03	5.31964009e-01
9.33593750e-02	5.06757692e-03	5.34723767e-01
9.34082031e-02	5.09375421e-03	5.37497894e-01
9.34570313e-02	5.12006730e-03	5.40286465e-01
9.35058594e-02	5.14651691e-03	5.43089554e-01
9.35546875e-02	5.17310375e-03	5.45907239e-01
9.36035156e-02	5.19982853e-03	5.48739596e-01
9.36523438e-02	5.22669196e-03	5.51586700e-01
9.37011719e-02	5.25369478e-03	5.54448629e-01
9.37500000e-02	5.28083770e-03	5.57325461e-01
9.37988281e-02	5.30812146e-03	5.60217274e-01
9.38476563e-02	5.33554678e-03	5.63124145e-01
9.38964844e-02	5.36311442e-03	5.66046153e-01
9.39453125e-02	5.39082510e-03	5.68983377e-01
9.39941406e-02	5.41867958e-03	5.71935898e-01
9.40429688e-02	5.44667859e-03	5.74903794e-01
9.40917969e-02	5.47482290e-03	5.77887146e-01
9.41406250e-02	5.50311326e-03	5.80886036e-01
9.41894531e-02	5.53155043e-03	5.83900543e-01
9.42382812e-02	5.56013518e-03	5.86930750e-01
9.42871094e-02	5.58886828e-03	5.89976738e-01
9.43359375e-02	5.61775049e-03	5.93038591e-01
9.43847656e-02	5.64678259e-03	5.96116391e-01
9.44335938e-02	5.67596537e-03	5.99210221e-01
9.44824219e-02	5.70529961e-03	6.02320165e-01
9.45312500e-02	5.73478609e-03	6.05446308e-01
9.45800781e-02	5.76442562e-03	6.08588733e-01
9.46289063e-02	5.79421899e-03	6.11747527e-01
9.46777344e-02	5.82416699e-03	6.14922774e-01
9.47265625e-02	5.85427044e-03	6.18114561e-01
9.47753906e-02	5.88453015e-03	6.21322974e-01
9.48242188e-02	5.91494692e-03	6.24548100e-01
9.48730469e-02	5.94552158e-03	6.27790026e-01
9.49218750e-02	5.97625495e-03	6.31048840e-01
9.49707031e-02	6.00714786e-03	6.34324631e-01
9.50195313e-02	6.03820114e-03	6.37617486e-01
9.50683594e-02	6.06941561e-03	6.40927496e-01
9.51171875e-02	6.10079213e-03	6.44254750e-01
9.51660156e-02	6.13233154e-03	6.47599338e-01
9.52148438e-02	6.16403468e-03	6.50961350e-01
9.52636719e-02	6.19590241e-03	6.54340879e-01
9.53125000e-02	6.22793559e-03	6.57738014e-01
9.53613281e-02	6.26013507e-03	6.61152849e-01
9.54101563e-02	6.29250173e-03	6.64585476e-01
9.54589844e-02	6.32503643e-03	6.68035988e-01
9.55078125e-02	6.35774006e-03	6.71504478e-01
9.55566406e-02	6.39061348e-03	6.74991040e-01
9.56054688e-02	6.42365759e-03	6.78495769e-01
9.56542969e-02	6.45687328e-03	6.82018760e-01
9.57031250e-02	6.49026144e-03	6.85560109e-01
9.57519531e-02	6.52382296e-03	6.89119910e-01
9.58007813e-02	6.55755876e-03	6.92698261e-01
9.58496094e-02	6.59146973e-03	6.96295259e-01
9.58984375e-02	6.62555680e-03	6.99911002e-01
9.59472656e-02	6.65982087e-03	7.03545586e-01
9.59960938e-02	6.69426288e-03	7.07199111e-01
9.60449219e-02	6.72888375e-03	7.10871676e-01
9.60937500e-02	6.76368441e-03	7.14563380e-01
9.61425781e-02	6.79866580e-03	7.18274324e-01
9.61914062e-02	6.83382886e-03	7.22004608e-01
9.62402344e-02	6.86917454e-03	7.25754333e-01
9.62890625e-02	6.90470379e-03	7.29523601e-01
9.63378906e-02	6.94041756e-03	7.33312513e-01
9.63867188e-02	6.97631682e-03	7.37121174e-01
9.64355469e-02	7.01240253e-03	7.40949685e-01
9.64843750e-02	7.04867567e-03	7.44798152e-01
9.65332031e-02	7.08513722e-03	7.48666677e-01
9.65820313e-02	7.12178815e-03	7.52555367e-01
9.66308594e-02	7.15862945e-03	7.56464326e-01
9.66796875e-02	7.19566211e-03	7.60393661e-01
9.67285156e-02	7.23288714e-03	7.64343478e-01
9.67773438e-02	7.27030553e-03	7.68313885e-01
9.68261719e-02	7.30791830e-03	7.72304988e-01
9.68750000e-02	7.34572645e-03	7.76316897e-01
9.69238281e-02	7.38373101e-03	7.80349719e-01
9.69726563e-02	7.42193299e-03	7.84403566e-01
9.70214844e-02	7.46033343e-03	7.88478545e-01
9.70703125e-02	7.49893337e-03	7.92574769e-01
9.71191406e-02	7.53773383e-03	7.96692348e-01
9.71679688e-02	7.57673588e-03	8.00831394e-01
9.72167969e-02	7.61594055e-03	8.04992019e-01
9.72656250e-02	7.65534891e-03	8.09174336e-01
9.73144531e-02	7.69496201e-03	8.13378458e-01
9.73632813e-02	7.73478093e-03	8.17604501e-01
9.74121094e-02	7.77480674e-03	8.21852577e-01
9.74609375e-02	7.81504052e-03	8.26122804e-01
9.75097656e-02	7.85548334e-03	8.30415296e-01
9.75585938e-02	7.89613631e-03	8.34730170e-01
9.76074219e-02	7.93700051e-03	8.39067543e-01
9.76562500e-02	7.97807705e-03	8.43427533e-01
9.77050781e-02	8.01936703e-03	8.47810258e-01
9.77539063e-02	8.06087158e-03	8.52215837e-01
9.78027344e-02	8.10259180e-03	8.56644391e-01
9.78515625e-02	8.14452882e-03	8.61096038e-01
9.79003906e-02	8.18668377e-03	8.65570900e-01
9.79492188e-02	8.22905780e-03	8.70069099e-01
9.79980469e-02	8.27165203e-03	8.74590756e-01
9.80468750e-02	8.31446763e-03	8.79135994e-01
9.80957031e-02	8.35750574e-03	8.83704937e-01
9.81445312e-02	8.40076752e-03	8.88297709e-01
9.81933594e-02	8.44425414e-03	8.92914435e-01
9.82421875e-02	8.48796678e-03	8.97555240e-01
9.82910156e-02	8.53190661e-03	9.02220249e-01
9.83398438e-02	8.57607482e-03	9.06909590e-01
9.83886719e-02	8.62047260e-03	9.11623390e-01
9.84375000e-02	8.66510114e-03	9.16361777e-01
9.84863281e-02	8.70996166e-03	9.21124880e-01
9.85351563e-02	8.75505535e-03	9.25912829e-01
9.85839844e-02	8.80038344e-03	9.30725752e-01
9.86328125e-02	8.84594715e-03	9.35563782e-01
9.86816406e-02	8.89174771e-03	9.40427048e-01
9.87304688e-02	8.93778635e-03	9.45315685e-01
9.87792969e-02	8.98406432e-03	9.50229824e-01
9.88281250e-02	9.03058286e-03	9.55169599e-01
9.88769531e-02	9.07734323e-03	9.60135144e-01
9.89257813e-02	9.12434669e-03	9.65126594e-01
9.89746094e-02	9.17159451e-03	9.70144085e-01
9.90234375e-02	9.21908796e-03	9.75187753e-01
9.90722656e-02	9.26682833e-03	9.80257736e-01
9.91210938e-02	9.31481690e-03	9.85354170e-01
9.91699219e-02	9.36305497e-03	9.90477195e-01
9.92187500e-02	9.41154384e-03	9.95626950e-01
9.92675781e-02	9.46028482e-03	1.00080357e+00
9.93164063e-02	9.50927922e-03	1.00600721e+00
9.93652344e-02	9.55852838e-03	1.01123800e+00
9.94140625e-02	9.60803360e-03	1.01649608e+00
9.94628906e-02	9.65779624e-03	1.02178160e+00
9.95117188e-02	9.70781763e-03	1.02709470e+00
9.95605469e-02	9.75809913e-03	1.03243552e+00
9.96093750e-02	9.80864210e-03	1.03780422e+00
9.96582031e-02	9.85944789e-03	1.04320093e+00
9.97070313e-02	9.91051787e-03	1.04862581e+00
9.97558594e-02	9.96185344e-03	1.05407899e+00
9.98046875e-02	1.00134560e-02	1.05956064e+00
9.98535156e-02	1.00653269e-02	1.06507089e+00
9.99023438e-02	1.01174675e-02	1.07060991e+00
9.99511719e-02	1.01698793e-02	1.07617783e+00
1.00000000e-01	1.02225637e-02	1.08177481e+00
