1.00000000e-03	1.71233046e+04	-9.92607175e+04	4.59281170e-03
2.00000000e-03	1.70741898e+04	-2.40570556e+04	7.41093958e-03
3.00000000e-03	1.70584072e+04	-1.03147749e+04	8.46847739e-03
4.00000000e-03	1.70507631e+04	-5.66547757e+03	8.54159882e-03
5.00000000e-03	1.70462572e+04	-3.58730981e+03	8.21166884e-03
6.00000000e-03	1.70432724e+04	-2.48585169e+03	7.76641433e-03
7.00000000e-03	1.70411398e+04	-1.83065315e+03	7.32409572e-03
8.00000000e-03	1.70395348e+04	-1.40772754e+03	6.92584450e-03
9.00000000e-03	1.70382805e+04	-1.11789205e+03	6.58108670e-03
1.00000000e-02	1.70372719e+04	-9.10063211e+02	6.28727996e-03
1.10000000e-02	1.70364426e+04	-7.55684638e+02	6.03806417e-03
1.20000000e-02	1.70357485e+04	-6.37725529e+02	5.82648789e-03
1.30000000e-02	1.70351587e+04	-5.45486989e+02	5.64618518e-03
1.40000000e-02	1.70346513e+04	-4.71956627e+02	5.49171461e-03
1.50000000e-02	1.70342101e+04	-4.12373758e+02	5.35856936e-03
1.60000000e-02	1.70338230e+04	-3.63409320e+02	5.24307153e-03
1.70000000e-02	1.70334806e+04	-3.22675890e+02	5.14223831e-03
1.80000000e-02	1.70331755e+04	-2.88423697e+02	5.05365401e-03
1.90000000e-02	1.70329020e+04	-2.59345770e+02	4.97535947e-03
2.00000000e-02	1.70326554e+04	-2.34449479e+02	4.90576070e-03
2.10000000e-02	1.70324319e+04	-2.12969697e+02	4.84355532e-03
2.20000000e-02	1.70322285e+04	-1.94308830e+02	4.78767387e-03
2.30000000e-02	1.70320425e+04	-1.77994548e+02	4.73723349e-03
2.40000000e-02	1.70318719e+04	-1.63649505e+02	4.69150127e-03
2.50000000e-02	1.70317147e+04	-1.50969274e+02	4.64986532e-03
2.60000000e-02	1.70315695e+04	-1.39706057e+02	4.61181189e-03
2.70000000e-02	1.70314349e+04	-1.29656489e+02	4.57690727e-03
2.80000000e-02	1.70313098e+04	-1.20652410e+02	4.54478325e-03
2.90000000e-02	1.70311933e+04	-1.12553789e+02	4.51512565e-03
3.00000000e-02	1.70310844e+04	-1.05243270e+02	4.48766496e-03
3.10000000e-02	1.70309826e+04	-9.86218979e+01	4.46216890e-03
3.20000000e-02	1.70308870e+04	-9.26057668e+01	4.43843633e-03
3.30000000e-02	1.70307972e+04	-8.71233542e+01	4.41629230e-03
3.40000000e-02	1.70307126e+04	-8.21133924e+01	4.39558395e-03
3.50000000e-02	1.70306328e+04	-7.75231536e+01	4.37617726e-03
3.60000000e-02	1.70305574e+04	-7.33070614e+01	4.35795418e-03
3.70000000e-02	1.70304861e+04	-6.94255575e+01	4.34081041e-03
3.80000000e-02	1.70304185e+04	-6.58441753e+01	4.32465347e-03
3.90000000e-02	1.70303543e+04	-6.25327707e+01	4.30940105e-03
4.00000000e-02	1.70302933e+04	-5.94648897e+01	4.29497969e-03
4.10000000e-02	1.70302353e+04	-5.66172391e+01	4.28132364e-03
4.20000000e-02	1.70301800e+04	-5.39692441e+01	4.26837385e-03
4.30000000e-02	1.70301273e+04	-5.15026766e+01	4.25607717e-03
4.40000000e-02	1.70300770e+04	-4.92013411e+01	4.24438562e-03
4.50000000e-02	1.70300288e+04	-4.70508090e+01	4.23325579e-03
4.60000000e-02	1.70299828e+04	-4.50381922e+01	4.22264831e-03
4.70000000e-02	1.70299387e+04	-4.31519501e+01	4.21252738e-03
4.80000000e-02	1.70298965e+04	-4.13817239e+01	4.20286039e-03
4.90000000e-02	1.70298559e+04	-3.97181943e+01	4.19361757e-03
5.00000000e-02	1.70298170e+04	-3.81529592e+01	4.18477170e-03
5.10000000e-02	1.70297796e+04	-3.66784270e+01	4.17629781e-03
5.20000000e-02	1.70297436e+04	-3.52877251e+01	4.16817299e-03
5.30000000e-02	1.70297090e+04	-3.39746192e+01	4.16037617e-03
5.40000000e-02	1.70296756e+04	-3.27334441e+01	4.15288793e-03
5.50000000e-02	1.70296435e+04	-3.15590418e+01	4.14569034e-03
5.60000000e-02	1.70296125e+04	-3.04467087e+01	4.13876686e-03
5.70000000e-02	1.70295826e+04	-2.93921478e+01	4.13210214e-03
5.80000000e-02	1.70295537e+04	-2.83914277e+01	4.12568199e-03
5.90000000e-02	1.70295258e+04	-2.74409456e+01	4.11949320e-03
6.00000000e-02	1.70294988e+04	-2.65373950e+01	4.11352352e-03
6.10000000e-02	1.70294727e+04	-2.56777370e+01	4.10776154e-03
6.20000000e-02	1.70294474e+04	-2.48591748e+01	4.10219663e-03
6.30000000e-02	1.70294230e+04	-2.40791305e+01	4.09681885e-03
6.40000000e-02	1.70293993e+04	-2.33352256e+01	4.09161895e-03
6.50000000e-02	1.70293763e+04	-2.26252619e+01	4.08658826e-03
6.60000000e-02	1.70293540e+04	-2.19472062e+01	4.08171866e-03
6.70000000e-02	1.70293324e+04	-2.12991749e+01	4.07700255e-03
6.80000000e-02	1.70293114e+04	-2.06794217e+01	4.07243280e-03
6.90000000e-02	1.70292910e+04	-2.00863251e+01	4.06800271e-03
7.00000000e-02	1.70292712e+04	-1.95183783e+01	4.06370597e-03
7.10000000e-02	1.70292520e+04	-1.89741794e+01	4.05953667e-03
7.20000000e-02	1.70292333e+04	-1.84524231e+01	4.05548923e-03
7.30000000e-02	1.70292151e+04	-1.79518920e+01	4.05155839e-03
7.40000000e-02	1.70291973e+04	-1.74714507e+01	4.04773918e-03
7.50000000e-02	1.70291801e+04	-1.70100384e+01	4.04402693e-03
7.60000000e-02	1.70291633e+04	-1.65666633e+01	4.04041721e-03
7.70000000e-02	1.70291470e+04	-1.61403977e+01	4.03690583e-03
7.80000000e-02	1.70291310e+04	-1.57303725e+01	4.03348883e-03
7.90000000e-02	1.70291155e+04	-1.53357732e+01	4.03016247e-03
8.00000000e-02	1.70291004e+04	-1.49558357e+01	4.02692318e-03
8.10000000e-02	1.70290856e+04	-1.45898427e+01	4.02376760e-03
8.20000000e-02	1.70290712e+04	-1.42371200e+01	4.02069253e-03
8.30000000e-02	1.70290571e+04	-1.38970339e+01	4.01769492e-03
8.40000000e-02	1.70290434e+04	-1.35689880e+01	4.01477189e-03
8.50000000e-02	1.70290300e+04	-1.32524202e+01	4.01192069e-03
8.60000000e-02	1.70290169e+04	-1.29468020e+01	4.00913871e-03
8.70000000e-02	1.70290041e+04	-1.26516340e+01	4.00642346e-03
8.80000000e-02	1.70289916e+04	-1.23664450e+01	4.00377257e-03
8.90000000e-02	1.70289793e+04	-1.20907905e+01	4.00118378e-03
9.00000000e-02	1.70289674e+04	-1.18242500e+01	3.99865493e-03
9.10000000e-02	1.70289557e+04	-1.15664262e+01	3.99618397e-03
9.20000000e-02	1.70289442e+04	-1.13169432e+01	3.99376894e-03
9.30000000e-02	1.70289330e+04	-1.10754450e+01	3.99140796e-03
9.40000000e-02	1.70289221e+04	-1.08415947e+01	3.98909923e-03
9.50000000e-02	1.70289114e+04	-1.06150726e+01	3.98684104e-03
9.60000000e-02	1.70289009e+04	-1.03955757e+01	3.98463175e-03
9.70000000e-02	1.70288906e+04	-1.01828166e+01	3.98246980e-03
9.80000000e-02	1.70288805e+04	-9.97652232e+00	3.98035367e-03
9.90000000e-02	1.70288706e+04	-9.77643356e+00	3.97828192e-03
1.00000000e-01	1.70288609e+04	-9.58230395e+00	3.97625318e-03
1.01000000e-01	1.70288514e+04	-9.39389919e+00	3.97426612e-03
1.02000000e-01	1.70288421e+04	-9.21099639e+00	3.97231947e-03
1.03000000e-01	1.70288330e+04	-9.03338342e+00	3.97041201e-03
1.04000000e-01	1.70288241e+04	-8.86085824e+00	3.96854256e-03
1.05000000e-01	1.70288153e+04	-8.69322840e+00	3.96671002e-03
1.06000000e-01	1.70288067e+04	-8.53031043e+00	3.96491328e-03
1.07000000e-01	1.70287982e+04	-8.37192940e+00	3.96315132e-03
1.08000000e-01	1.70287899e+04	-8.21791840e+00	3.96142313e-03
1.09000000e-01	1.70287818e+04	-8.06811816e+00	3.95972776e-03
1.10000000e-01	1.70287738e+04	-7.92237657e+00	3.95806427e-03
1.11000000e-01	1.70287660e+04	-7.78054832e+00	3.95643179e-03
1.12000000e-01	1.70287582e+04	-7.64249458e+00	3.95482944e-03
1.13000000e-01	1.70287507e+04	-7.50808259e+00	3.95325640e-03
1.14000000e-01	1.70287432e+04	-7.37718539e+00	3.95171188e-03
1.15000000e-01	1.70287359e+04	-7.24968150e+00	3.95019511e-03
1.16000000e-01	1.70287287e+04	-7.12545465e+00	3.94870534e-03
1.17000000e-01	1.70287217e+04	-7.00439350e+00	3.94724187e-03
1.18000000e-01	1.70287147e+04	-6.88639139e+00	3.94580400e-03
1.19000000e-01	1.70287079e+04	-6.77134614e+00	3.94439107e-03
1.20000000e-01	1.70287012e+04	-6.65915977e+00	3.94300243e-03
1.21000000e-01	1.70286946e+04	-6.54973835e+00	3.94163746e-03
1.22000000e-01	1.70286881e+04	-6.44299176e+00	3.94029557e-03
1.23000000e-01	1.70286817e+04	-6.33883354e+00	3.93897617e-03
1.24000000e-01	1.70286754e+04	-6.23718067e+00	3.93767871e-03
1.25000000e-01	1.70286692e+04	-6.13795345e+00	3.93640263e-03
1.26000000e-01	1.70286631e+04	-6.04107531e+00	3.93514742e-03
1.27000000e-01	1.70286571e+04	-5.94647270e+00	3.93391257e-03
1.28000000e-01	1.70286512e+04	-5.85407490e+00	3.93269758e-03
1.29000000e-01	1.70286454e+04	-5.76381394e+00	3.93150199e-03
1.30000000e-01	1.70286397e+04	-5.67562443e+00	3.93032533e-03
1.31000000e-01	1.70286341e+04	-5.58944347e+00	3.92916716e-03
1.32000000e-01	1.70286285e+04	-5.50521053e+00	3.92802704e-03
1.33000000e-01	1.70286230e+04	-5.42286735e+00	3.92690455e-03
1.34000000e-01	1.70286177e+04	-5.34235781e+00	3.92579929e-03
1.35000000e-01	1.70286124e+04	-5.26362787e+00	3.92471087e-03
1.36000000e-01	1.70286071e+04	-5.18662548e+00	3.92363890e-03
1.37000000e-01	1.70286020e+04	-5.11130046e+00	3.92258302e-03
1.38000000e-01	1.70285969e+04	-5.03760444e+00	3.92154286e-03
1.39000000e-01	1.70285919e+04	-4.96549080e+00	3.92051808e-03
1.40000000e-01	1.70285870e+04	-4.89491455e+00	3.91950833e-03
1.41000000e-01	1.70285821e+04	-4.82583231e+00	3.91851329e-03
1.42000000e-01	1.70285773e+04	-4.75820219e+00	3.91753265e-03
1.43000000e-01	1.70285726e+04	-4.69198380e+00	3.91656608e-03
1.44000000e-01	1.70285679e+04	-4.62713811e+00	3.91561329e-03
1.45000000e-01	1.70285634e+04	-4.56362744e+00	3.91467399e-03
1.46000000e-01	1.70285588e+04	-4.50141539e+00	3.91374789e-03
1.47000000e-01	1.70285543e+04	-4.44046681e+00	3.91283472e-03
1.48000000e-01	1.70285499e+04	-4.38074771e+00	3.91193420e-03
1.49000000e-01	1.70285456e+04	-4.32222525e+00	3.91104609e-03
1.50000000e-01	1.70285413e+04	-4.26486766e+00	3.91017011e-03
1.51000000e-01	1.70285371e+04	-4.20864424e+00	3.90930603e-03
1.52000000e-01	1.70285329e+04	-4.15352529e+00	3.90845360e-03
1.53000000e-01	1.70285287e+04	-4.09948206e+00	3.90761259e-03
1.54000000e-01	1.70285247e+04	-4.04648674e+00	3.90678278e-03
1.55000000e-01	1.70285207e+04	-3.99451241e+00	3.90596393e-03
1.56000000e-01	1.70285167e+04	-3.94353302e+00	3.90515584e-03
1.57000000e-01	1.70285128e+04	-3.89352334e+00	3.90435830e-03
1.58000000e-01	1.70285089e+04	-3.84445892e+00	3.90357109e-03
1.59000000e-01	1.70285051e+04	-3.79631610e+00	3.90279402e-03
1.60000000e-01	1.70285013e+04	-3.74907194e+00	3.90202690e-03
1.61000000e-01	1.70284976e+04	-3.70270420e+00	3.90126953e-03
1.62000000e-01	1.70284939e+04	-3.65719135e+00	3.90052173e-03
1.63000000e-01	1.70284903e+04	-3.61251250e+00	3.89978332e-03
1.64000000e-01	1.70284867e+04	-3.56864740e+00	3.89905412e-03
1.65000000e-01	1.70284831e+04	-3.52557640e+00	3.89833397e-03
1.66000000e-01	1.70284796e+04	-3.48328046e+00	3.89762269e-03
1.67000000e-01	1.70284762e+04	-3.44174108e+00	3.89692013e-03
1.68000000e-01	1.70284727e+04	-3.40094034e+00	3.89622612e-03
1.69000000e-01	1.70284694e+04	-3.36086082e+00	3.89554051e-03
1.70000000e-01	1.70284660e+04	-3.32148563e+00	3.89486314e-03
1.71000000e-01	1.70284627e+04	-3.28279836e+00	3.89419387e-03
1.72000000e-01	1.70284595e+04	-3.24478307e+00	3.89353256e-03
1.73000000e-01	1.70284562e+04	-3.20742430e+00	3.89287906e-03
1.74000000e-01	1.70284530e+04	-3.17070701e+00	3.89223324e-03
1.75000000e-01	1.70284499e+04	-3.13461661e+00	3.89159496e-03
1.76000000e-01	1.70284468e+04	-3.09913890e+00	3.89096409e-03
1.77000000e-01	1.70284437e+04	-3.06426009e+00	3.89034050e-03
1.78000000e-01	1.70284406e+04	-3.02996678e+00	3.88972407e-03
1.79000000e-01	1.70284376e+04	-2.99624594e+00	3.88911467e-03
1.80000000e-01	1.70284346e+04	-2.96308489e+00	3.88851219e-03
1.81000000e-01	1.70284317e+04	-2.93047132e+00	3.88791650e-03
1.82000000e-01	1.70284288e+04	-2.89839323e+00	3.88732750e-03
1.83000000e-01	1.70284259e+04	-2.86683898e+00	3.88674507e-03
1.84000000e-01	1.70284231e+04	-2.83579721e+00	3.88616910e-03
1.85000000e-01	1.70284202e+04	-2.80525689e+00	3.88559948e-03
1.86000000e-01	1.70284174e+04	-2.77520728e+00	3.88503612e-03
1.87000000e-01	1.70284147e+04	-2.74563791e+00	3.88447890e-03
1.88000000e-01	1.70284120e+04	-2.71653862e+00	3.88392773e-03
1.89000000e-01	1.70284092e+04	-2.68789949e+00	3.88338251e-03
1.90000000e-01	1.70284066e+04	-2.65971086e+00	3.88284315e-03
1.91000000e-01	1.70284039e+04	-2.63196335e+00	3.88230955e-03
1.92000000e-01	1.70284013e+04	-2.60464778e+00	3.88178161e-03
1.93000000e-01	1.70283987e+04	-2.57775525e+00	3.88125926e-03
1.94000000e-01	1.70283962e+04	-2.55127707e+00	3.88074239e-03
1.95000000e-01	1.70283936e+04	-2.52520476e+00	3.88023093e-03
1.96000000e-01	1.70283911e+04	-2.49952988e+00	3.87972479e-03
1.97000000e-01	1.70283886e+04	-2.47424477e+00	3.87922389e-03
1.98000000e-01	1.70283862e+04	-2.44934139e+00	3.87872814e-03
1.99000000e-01	1.70283837e+04	-2.42481210e+00	3.87823748e-03
2.00000000e-01	1.70283813e+04	-2.40064945e+00	3.87775181e-03
2.01000000e-01	1.70283789e+04	-2.37684617e+00	3.87727107e-03
2.02000000e-01	1.70283766e+04	-2.35339515e+00	3.87679518e-03
2.03000000e-01	1.70283742e+04	-2.33028950e+00	3.87632406e-03
2.04000000e-01	1.70283719e+04	-2.30752245e+00	3.87585765e-03
2.05000000e-01	1.70283696e+04	-2.28508743e+00	3.87539587e-03
2.06000000e-01	1.70283673e+04	-2.26297801e+00	3.87493866e-03
2.07000000e-01	1.70283651e+04	-2.24118792e+00	3.87448595e-03
2.08000000e-01	1.70283628e+04	-2.21971104e+00	3.87403768e-03
2.09000000e-01	1.70283606e+04	-2.19854140e+00	3.87359377e-03
2.10000000e-01	1.70283584e+04	-2.17767316e+00	3.87315416e-03
2.11000000e-01	1.70283563e+04	-2.15710063e+00	3.87271880e-03
2.12000000e-01	1.70283541e+04	-2.13681825e+00	3.87228762e-03
2.13000000e-01	1.70283520e+04	-2.11682059e+00	3.87186055e-03
2.14000000e-01	1.70283499e+04	-2.09710234e+00	3.87143756e-03
2.15000000e-01	1.70283478e+04	-2.07765832e+00	3.87101856e-03
2.16000000e-01	1.70283457e+04	-2.05848348e+00	3.87060352e-03
2.17000000e-01	1.70283437e+04	-2.03957286e+00	3.87019236e-03
2.18000000e-01	1.70283417e+04	-2.02092163e+00	3.86978505e-03
2.19000000e-01	1.70283396e+04	-2.00252508e+00	3.86938152e-03
2.20000000e-01	1.70283377e+04	-1.98437858e+00	3.86898172e-03
2.21000000e-01	1.70283357e+04	-1.96647763e+00	3.86858560e-03
2.22000000e-01	1.70283337e+04	-1.94881781e+00	3.86819311e-03
2.23000000e-01	1.70283318e+04	-1.93139481e+00	3.86780421e-03
2.24000000e-01	1.70283299e+04	-1.91420442e+00	3.86741883e-03
2.25000000e-01	1.70283280e+04	-1.89724251e+00	3.86703694e-03
2.26000000e-01	1.70283261e+04	-1.88050506e+00	3.86665848e-03
2.27000000e-01	1.70283242e+04	-1.86398812e+00	3.86628342e-03
2.28000000e-01	1.70283223e+04	-1.84768784e+00	3.86591170e-03
2.29000000e-01	1.70283205e+04	-1.83160043e+00	3.86554328e-03
2.30000000e-01	1.70283187e+04	-1.81572222e+00	3.86517811e-03
2.31000000e-01	1.70283169e+04	-1.80004959e+00	3.86481616e-03
2.32000000e-01	1.70283151e+04	-1.78457900e+00	3.86445739e-03
2.33000000e-01	1.70283133e+04	-1.76930700e+00	3.86410174e-03
2.34000000e-01	1.70283115e+04	-1.75423021e+00	3.86374918e-03
2.35000000e-01	1.70283098e+04	-1.73934531e+00	3.86339967e-03
2.36000000e-01	1.70283081e+04	-1.72464905e+00	3.86305317e-03
2.37000000e-01	1.70283063e+04	-1.71013827e+00	3.86270964e-03
2.38000000e-01	1.70283046e+04	-1.69580986e+00	3.86236905e-03
2.39000000e-01	1.70283029e+04	-1.68166077e+00	3.86203135e-03
2.40000000e-01	1.70283013e+04	-1.66768802e+00	3.86169651e-03
2.41000000e-01	1.70282996e+04	-1.65388870e+00	3.86136449e-03
2.42000000e-01	1.70282980e+04	-1.64025994e+00	3.86103526e-03
2.43000000e-01	1.70282963e+04	-1.62679895e+00	3.86070878e-03
2.44000000e-01	1.70282947e+04	-1.61350299e+00	3.86038502e-03
2.45000000e-01	1.70282931e+04	-1.60036937e+00	3.86006395e-03
2.46000000e-01	1.70282915e+04	-1.58739545e+00	3.85974552e-03
2.47000000e-01	1.70282899e+04	-1.57457866e+00	3.85942971e-03
2.48000000e-01	1.70282884e+04	-1.56191647e+00	3.85911649e-03
2.49000000e-01	1.70282868e+04	-1.54940640e+00	3.85880583e-03
2.50000000e-01	1.70282853e+04	-1.53704604e+00	3.85849768e-03
2.51000000e-01	1.70282837e+04	-1.52483299e+00	3.85819203e-03
2.52000000e-01	1.70282822e+04	-1.51276492e+00	3.85788884e-03
2.53000000e-01	1.70282807e+04	-1.50083956e+00	3.85758809e-03
2.54000000e-01	1.70282792e+04	-1.48905466e+00	3.85728974e-03
2.55000000e-01	1.70282777e+04	-1.47740802e+00	3.85699376e-03
2.56000000e-01	1.70282763e+04	-1.46589749e+00	3.85670013e-03
2.57000000e-01	1.70282748e+04	-1.45452095e+00	3.85640882e-03
2.58000000e-01	1.70282733e+04	-1.44327634e+00	3.85611980e-03
2.59000000e-01	1.70282719e+04	-1.43216162e+00	3.85583305e-03
2.60000000e-01	1.70282705e+04	-1.42117479e+00	3.85554853e-03
2.61000000e-01	1.70282691e+04	-1.41031392e+00	3.85526623e-03
2.62000000e-01	1.70282677e+04	-1.39957707e+00	3.85498611e-03
2.63000000e-01	1.70282663e+04	-1.38896236e+00	3.85470815e-03
2.64000000e-01	1.70282649e+04	-1.37846795e+00	3.85443233e-03
2.65000000e-01	1.70282635e+04	-1.36809204e+00	3.85415862e-03
2.66000000e-01	1.70282621e+04	-1.35783283e+00	3.85388700e-03
2.67000000e-01	1.70282608e+04	-1.34768859e+00	3.85361744e-03
2.68000000e-01	1.70282595e+04	-1.33765761e+00	3.85334993e-03
2.69000000e-01	1.70282581e+04	-1.32773820e+00	3.85308443e-03
2.70000000e-01	1.70282568e+04	-1.31792873e+00	3.85282092e-03
2.71000000e-01	1.70282555e+04	-1.30822756e+00	3.85255939e-03
2.72000000e-01	1.70282542e+04	-1.29863311e+00	3.85229980e-03
2.73000000e-01	1.70282529e+04	-1.28914383e+00	3.85204215e-03
2.74000000e-01	1.70282516e+04	-1.27975817e+00	3.85178640e-03
2.75000000e-01	1.70282503e+04	-1.27047465e+00	3.85153254e-03
2.76000000e-01	1.70282491e+04	-1.26129177e+00	3.85128054e-03
2.77000000e-01	1.70282478e+04	-1.25220809e+00	3.85103039e-03
2.78000000e-01	1.70282466e+04	-1.24322219e+00	3.85078206e-03
2.79000000e-01	1.70282453e+04	-1.23433267e+00	3.85053554e-03
2.80000000e-01	1.70282441e+04	-1.22553815e+00	3.85029080e-03
2.81000000e-01	1.70282429e+04	-1.21683729e+00	3.85004782e-03
2.82000000e-01	1.70282417e+04	-1.20822876e+00	3.84980660e-03
2.83000000e-01	1.70282404e+04	-1.19971127e+00	3.84956710e-03
2.84000000e-01	1.70282393e+04	-1.19128352e+00	3.84932931e-03
2.85000000e-01	1.70282381e+04	-1.18294426e+00	3.84909321e-03
2.86000000e-01	1.70282369e+04	-1.17469227e+00	3.84885878e-03
2.87000000e-01	1.70282357e+04	-1.16652632e+00	3.84862601e-03
2.88000000e-01	1.70282346e+04	-1.15844522e+00	3.84839488e-03
2.89000000e-01	1.70282334e+04	-1.15044781e+00	3.84816537e-03
2.90000000e-01	1.70282323e+04	-1.14253293e+00	3.84793746e-03
2.91000000e-01	1.70282311e+04	-1.13469945e+00	3.84771114e-03
2.92000000e-01	1.70282300e+04	-1.12694625e+00	3.84748639e-03
2.93000000e-01	1.70282289e+04	-1.11927225e+00	3.84726319e-03
2.94000000e-01	1.70282277e+04	-1.11167637e+00	3.84704153e-03
2.95000000e-01	1.70282266e+04	-1.10415755e+00	3.84682140e-03
2.96000000e-01	1.70282255e+04	-1.09671475e+00	3.84660277e-03
2.97000000e-01	1.70282244e+04	-1.08934696e+00	3.84638563e-03
2.98000000e-01	1.70282234e+04	-1.08205316e+00	3.84616996e-03
2.99000000e-01	1.70282223e+04	-1.07483237e+00	3.84595576e-03
3.00000000e-01	1.70282212e+04	-1.06768362e+00	3.84574301e-03
3.01000000e-01	1.70282201e+04	-1.06060595e+00	3.84553168e-03
3.02000000e-01	1.70282191e+04	-1.05359843e+00	3.84532178e-03
3.03000000e-01	1.70282180e+04	-1.04666013e+00	3.84511327e-03
3.04000000e-01	1.70282170e+04	-1.03979014e+00	3.84490616e-03
3.05000000e-01	1.70282160e+04	-1.03298757e+00	3.84470042e-03
3.06000000e-01	1.70282149e+04	-1.02625153e+00	3.84449604e-03
3.07000000e-01	1.70282139e+04	-1.01958117e+00	3.84429301e-03
3.08000000e-01	1.70282129e+04	-1.01297564e+00	3.84409131e-03
3.09000000e-01	1.70282119e+04	-1.00643408e+00	3.84389094e-03
3.10000000e-01	1.70282109e+04	-9.99955694e-01	3.84369188e-03
3.11000000e-01	1.70282099e+04	-9.93539655e-01	3.84349411e-03
3.12000000e-01	1.70282089e+04	-9.87185170e-01	3.84329762e-03
3.13000000e-01	1.70282079e+04	-9.80891453e-01	3.84310241e-03
3.14000000e-01	1.70282069e+04	-9.74657733e-01	3.84290845e-03
3.15000000e-01	1.70282060e+04	-9.68483250e-01	3.84271574e-03
3.16000000e-01	1.70282050e+04	-9.62367254e-01	3.84252426e-03
3.17000000e-01	1.70282040e+04	-9.56309011e-01	3.84233401e-03
3.18000000e-01	1.70282031e+04	-9.50307794e-01	3.84214497e-03
3.19000000e-01	1.70282021e+04	-9.44362891e-01	3.84195712e-03
3.20000000e-01	1.70282012e+04	-9.38473598e-01	3.84177047e-03
3.21000000e-01	1.70282003e+04	-9.32639226e-01	3.84158499e-03
3.22000000e-01	1.70281993e+04	-9.26859092e-01	3.84140068e-03
3.23000000e-01	1.70281984e+04	-9.21132527e-01	3.84121752e-03
3.24000000e-01	1.70281975e+04	-9.15458870e-01	3.84103551e-03
3.25000000e-01	1.70281966e+04	-9.09837473e-01	3.84085463e-03
3.26000000e-01	1.70281957e+04	-9.04267695e-01	3.84067487e-03
3.27000000e-01	1.70281948e+04	-8.98748906e-01	3.84049623e-03
3.28000000e-01	1.70281939e+04	-8.93280486e-01	3.84031868e-03
3.29000000e-01	1.70281930e+04	-8.87861823e-01	3.84014223e-03
3.30000000e-01	1.70281921e+04	-8.82492315e-01	3.83996686e-03
3.31000000e-01	1.70281912e+04	-8.77171371e-01	3.83979256e-03
3.32000000e-01	1.70281903e+04	-8.71898406e-01	3.83961933e-03
3.33000000e-01	1.70281895e+04	-8.66672845e-01	3.83944714e-03
3.34000000e-01	1.70281886e+04	-8.61494121e-01	3.83927600e-03
3.35000000e-01	1.70281877e+04	-8.56361677e-01	3.83910590e-03
3.36000000e-01	1.70281869e+04	-8.51274963e-01	3.83893681e-03
3.37000000e-01	1.70281860e+04	-8.46233436e-01	3.83876874e-03
3.38000000e-01	1.70281852e+04	-8.41236563e-01	3.83860168e-03
3.39000000e-01	1.70281844e+04	-8.36283820e-01	3.83843561e-03
3.40000000e-01	1.70281835e+04	-8.31374686e-01	3.83827054e-03
3.41000000e-01	1.70281827e+04	-8.26508653e-01	3.83810644e-03
3.42000000e-01	1.70281819e+04	-8.21685216e-01	3.83794331e-03
3.43000000e-01	1.70281811e+04	-8.16903881e-01	3.83778114e-03
3.44000000e-01	1.70281802e+04	-8.12164158e-01	3.83761993e-03
3.45000000e-01	1.70281794e+04	-8.07465566e-01	3.83745966e-03
3.46000000e-01	1.70281786e+04	-8.02807631e-01	3.83730033e-03
3.47000000e-01	1.70281778e+04	-7.98189885e-01	3.83714192e-03
3.48000000e-01	1.70281770e+04	-7.93611866e-01	3.83698444e-03
3.49000000e-01	1.70281762e+04	-7.89073121e-01	3.83682787e-03
3.50000000e-01	1.70281754e+04	-7.84573202e-01	3.83667220e-03
3.51000000e-01	1.70281747e+04	-7.80111666e-01	3.83651743e-03
3.52000000e-01	1.70281739e+04	-7.75688080e-01	3.83636355e-03
3.53000000e-01	1.70281731e+04	-7.71302012e-01	3.83621055e-03
3.54000000e-01	1.70281723e+04	-7.66953041e-01	3.83605843e-03
3.55000000e-01	1.70281716e+04	-7.62640749e-01	3.83590717e-03
3.56000000e-01	1.70281708e+04	-7.58364726e-01	3.83575677e-03
3.57000000e-01	1.70281701e+04	-7.54124564e-01	3.83560722e-03
3.58000000e-01	1.70281693e+04	-7.49919865e-01	3.83545851e-03
3.59000000e-01	1.70281686e+04	-7.45750234e-01	3.83531065e-03
3.60000000e-01	1.70281678e+04	-7.41615282e-01	3.83516361e-03
3.61000000e-01	1.70281671e+04	-7.37514626e-01	3.83501739e-03
3.62000000e-01	1.70281663e+04	-7.33447887e-01	3.83487200e-03
3.63000000e-01	1.70281656e+04	-7.29414693e-01	3.83472741e-03
3.64000000e-01	1.70281649e+04	-7.25414676e-01	3.83458362e-03
3.65000000e-01	1.70281642e+04	-7.21447472e-01	3.83444063e-03
3.66000000e-01	1.70281634e+04	-7.17512724e-01	3.83429843e-03
3.67000000e-01	1.70281627e+04	-7.13610078e-01	3.83415702e-03
3.68000000e-01	1.70281620e+04	-7.09739187e-01	3.83401638e-03
3.69000000e-01	1.70281613e+04	-7.05899707e-01	3.83387651e-03
3.70000000e-01	1.70281606e+04	-7.02091298e-01	3.83373740e-03
3.71000000e-01	1.70281599e+04	-6.98313628e-01	3.83359905e-03
3.72000000e-01	1.70281592e+04	-6.94566365e-01	3.83346146e-03
3.73000000e-01	1.70281585e+04	-6.90849183e-01	3.83332460e-03
3.74000000e-01	1.70281578e+04	-6.87161764e-01	3.83318849e-03
3.75000000e-01	1.70281571e+04	-6.83503788e-01	3.83305311e-03
3.76000000e-01	1.70281565e+04	-6.79874944e-01	3.83291846e-03
3.77000000e-01	1.70281558e+04	-6.76274923e-01	3.83278453e-03
3.78000000e-01	1.70281551e+04	-6.72703420e-01	3.83265132e-03
3.79000000e-01	1.70281544e+04	-6.69160136e-01	3.83251881e-03
3.80000000e-01	1.70281538e+04	-6.65644773e-01	3.83238701e-03
3.81000000e-01	1.70281531e+04	-6.62157040e-01	3.83225591e-03
3.82000000e-01	1.70281524e+04	-6.58696646e-01	3.83212550e-03
3.83000000e-01	1.70281518e+04	-6.55263308e-01	3.83199578e-03
3.84000000e-01	1.70281511e+04	-6.51856744e-01	3.83186675e-03
3.85000000e-01	1.70281505e+04	-6.48476677e-01	3.83173839e-03
3.86000000e-01	1.70281498e+04	-6.45122831e-01	3.83161070e-03
3.87000000e-01	1.70281492e+04	-6.41794938e-01	3.83148367e-03
3.88000000e-01	1.70281486e+04	-6.38492729e-01	3.83135731e-03
3.89000000e-01	1.70281479e+04	-6.35215941e-01	3.83123161e-03
3.90000000e-01	1.70281473e+04	-6.31964314e-01	3.83110655e-03
3.91000000e-01	1.70281467e+04	-6.28737590e-01	3.83098214e-03
3.92000000e-01	1.70281460e+04	-6.25535517e-01	3.83085838e-03
3.93000000e-01	1.70281454e+04	-6.22357843e-01	3.83073524e-03
3.94000000e-01	1.70281448e+04	-6.19204322e-01	3.83061274e-03
3.95000000e-01	1.70281442e+04	-6.16074710e-01	3.83049087e-03
3.96000000e-01	1.70281435e+04	-6.12968764e-01	3.83036962e-03
3.97000000e-01	1.70281429e+04	-6.09886248e-01	3.83024898e-03
3.98000000e-01	1.70281423e+04	-6.06826926e-01	3.83012896e-03
3.99000000e-01	1.70281417e+04	-6.03790565e-01	3.83000954e-03
4.00000000e-01	1.70281411e+04	-6.00776938e-01	3.82989073e-03
4.01000000e-01	1.70281405e+04	-5.97785817e-01	3.82977251e-03
4.02000000e-01	1.70281399e+04	-5.94816979e-01	3.82965489e-03
4.03000000e-01	1.70281393e+04	-5.91870203e-01	3.82953786e-03
4.04000000e-01	1.70281387e+04	-5.88945272e-01	3.82942141e-03
4.05000000e-01	1.70281382e+04	-5.86041969e-01	3.82930554e-03
4.06000000e-01	1.70281376e+04	-5.83160081e-01	3.82919025e-03
4.07000000e-01	1.70281370e+04	-5.80299400e-01	3.82907553e-03
4.08000000e-01	1.70281364e+04	-5.77459717e-01	3.82896138e-03
4.09000000e-01	1.70281358e+04	-5.74640828e-01	3.82884779e-03
4.10000000e-01	1.70281353e+04	-5.71842529e-01	3.82873476e-03
4.11000000e-01	1.70281347e+04	-5.69064621e-01	3.82862229e-03
4.12000000e-01	1.70281341e+04	-5.66306906e-01	3.82851037e-03
4.13000000e-01	1.70281336e+04	-5.63569189e-01	3.82839899e-03
4.14000000e-01	1.70281330e+04	-5.60851276e-01	3.82828816e-03
4.15000000e-01	1.70281324e+04	-5.58152979e-01	3.82817786e-03
4.16000000e-01	1.70281319e+04	-5.55474107e-01	3.82806810e-03
4.17000000e-01	1.70281313e+04	-5.52814475e-01	3.82795888e-03
4.18000000e-01	1.70281308e+04	-5.50173900e-01	3.82785018e-03
4.19000000e-01	1.70281302e+04	-5.47552200e-01	3.82774200e-03
4.20000000e-01	1.70281297e+04	-5.44949194e-01	3.82763434e-03
4.21000000e-01	1.70281291e+04	-5.42364707e-01	3.82752720e-03
4.22000000e-01	1.70281286e+04	-5.39798562e-01	3.82742058e-03
4.23000000e-01	1.70281281e+04	-5.37250587e-01	3.82731446e-03
4.24000000e-01	1.70281275e+04	-5.34720610e-01	3.82720884e-03
4.25000000e-01	1.70281270e+04	-5.32208462e-01	3.82710373e-03
4.26000000e-01	1.70281265e+04	-5.29713977e-01	3.82699911e-03
4.27000000e-01	1.70281259e+04	-5.27236988e-01	3.82689499e-03
4.28000000e-01	1.70281254e+04	-5.24777333e-01	3.82679136e-03
4.29000000e-01	1.70281249e+04	-5.22334850e-01	3.82668822e-03
4.30000000e-01	1.70281244e+04	-5.19909381e-01	3.82658556e-03
4.31000000e-01	1.70281238e+04	-5.17500766e-01	3.82648339e-03
4.32000000e-01	1.70281233e+04	-5.15108851e-01	3.82638169e-03
4.33000000e-01	1.70281228e+04	-5.12733481e-01	3.82628046e-03
4.34000000e-01	1.70281223e+04	-5.10374504e-01	3.82617970e-03
4.35000000e-01	1.70281218e+04	-5.08031770e-01	3.82607941e-03
4.36000000e-01	1.70281213e+04	-5.05705130e-01	3.82597959e-03
4.37000000e-01	1.70281208e+04	-5.03394437e-01	3.82588023e-03
4.38000000e-01	1.70281203e+04	-5.01099545e-01	3.82578132e-03
4.39000000e-01	1.70281198e+04	-4.98820311e-01	3.82568287e-03
4.40000000e-01	1.70281193e+04	-4.96556592e-01	3.82558487e-03
4.41000000e-01	1.70281188e+04	-4.94308248e-01	3.82548732e-03
4.42000000e-01	1.70281183e+04	-4.92075140e-01	3.82539021e-03
4.43000000e-01	1.70281178e+04	-4.89857131e-01	3.82529355e-03
4.44000000e-01	1.70281173e+04	-4.87654085e-01	3.82519732e-03
4.45000000e-01	1.70281168e+04	-4.85465868e-01	3.82510153e-03
4.46000000e-01	1.70281163e+04	-4.83292347e-01	3.82500618e-03
4.47000000e-01	1.70281159e+04	-4.81133390e-01	3.82491125e-03
4.48000000e-01	1.70281154e+04	-4.78988867e-01	3.82481675e-03
4.49000000e-01	1.70281149e+04	-4.76858544e-01	3.82472268e-03
4.50000000e-01	1.70281144e+04	-4.74742507e-01	3.82462903e-03
4.51000000e-01	1.70281139e+04	-4.72640522e-01	3.82453579e-03
4.52000000e-01	1.70281135e+04	-4.70552468e-01	3.82444298e-03
4.53000000e-01	1.70281130e+04	-4.68478220e-01	3.82435057e-03
4.54000000e-01	1.70281125e+04	-4.66417658e-01	3.82425858e-03
4.55000000e-01	1.70281121e+04	-4.64370661e-01	3.82416699e-03
4.56000000e-01	1.70281116e+04	-4.62337110e-01	3.82407581e-03
4.57000000e-01	1.70281111e+04	-4.60316888e-01	3.82398504e-03
4.58000000e-01	1.70281107e+04	-4.58309879e-01	3.82389466e-03
4.59000000e-01	1.70281102e+04	-4.56315968e-01	3.82380468e-03
4.60000000e-01	1.70281098e+04	-4.54335041e-01	3.82371509e-03
4.61000000e-01	1.70281093e+04	-4.52366985e-01	3.82362589e-03
4.62000000e-01	1.70281089e+04	-4.50411689e-01	3.82353709e-03
4.63000000e-01	1.70281084e+04	-4.48469043e-01	3.82344867e-03
4.64000000e-01	1.70281080e+04	-4.46538939e-01	3.82336063e-03
4.65000000e-01	1.70281075e+04	-4.44621268e-01	3.82327298e-03
4.66000000e-01	1.70281071e+04	-4.42715925e-01	3.82318571e-03
4.67000000e-01	1.70281066e+04	-4.40822802e-01	3.82309881e-03
4.68000000e-01	1.70281062e+04	-4.38941798e-01	3.82301229e-03
4.69000000e-01	1.70281058e+04	-4.37072807e-01	3.82292614e-03
4.70000000e-01	1.70281053e+04	-4.35215728e-01	3.82284036e-03
4.71000000e-01	1.70281049e+04	-4.33370460e-01	3.82275494e-03
4.72000000e-01	1.70281045e+04	-4.31536903e-01	3.82266990e-03
4.73000000e-01	1.70281040e+04	-4.29714958e-01	3.82258521e-03
4.74000000e-01	1.70281036e+04	-4.27904528e-01	3.82250088e-03
4.75000000e-01	1.70281032e+04	-4.26105514e-01	3.82241691e-03
4.76000000e-01	1.70281027e+04	-4.24317823e-01	3.82233330e-03
4.77000000e-01	1.70281023e+04	-4.22541358e-01	3.82225004e-03
4.78000000e-01	1.70281019e+04	-4.20776027e-01	3.82216714e-03
4.79000000e-01	1.70281015e+04	-4.19021736e-01	3.82208458e-03
4.80000000e-01	1.70281011e+04	-4.17278393e-01	3.82200236e-03
4.81000000e-01	1.70281007e+04	-4.15545907e-01	3.82192050e-03
4.82000000e-01	1.70281002e+04	-4.13824189e-01	3.82183897e-03
4.83000000e-01	1.70280998e+04	-4.12113149e-01	3.82175779e-03
4.84000000e-01	1.70280994e+04	-4.10412700e-01	3.82167694e-03
4.85000000e-01	1.70280990e+04	-4.08722754e-01	3.82159643e-03
4.86000000e-01	1.70280986e+04	-4.07043224e-01	3.82151625e-03
4.87000000e-01	1.70280982e+04	-4.05374026e-01	3.82143641e-03
4.88000000e-01	1.70280978e+04	-4.03715074e-01	3.82135689e-03
4.89000000e-01	1.70280974e+04	-4.02066286e-01	3.82127770e-03
4.90000000e-01	1.70280970e+04	-4.00427578e-01	3.82119884e-03
4.91000000e-01	1.70280966e+04	-3.98798868e-01	3.82112030e-03
4.92000000e-01	1.70280962e+04	-3.97180075e-01	3.82104209e-03
4.93000000e-01	1.70280958e+04	-3.95571118e-01	3.82096419e-03
4.94000000e-01	1.70280954e+04	-3.93971919e-01	3.82088661e-03
4.95000000e-01	1.70280950e+04	-3.92382398e-01	3.82080935e-03
4.96000000e-01	1.70280946e+04	-3.90802478e-01	3.82073240e-03
4.97000000e-01	1.70280942e+04	-3.89232081e-01	3.82065576e-03
4.98000000e-01	1.70280938e+04	-3.87671132e-01	3.82057944e-03
4.99000000e-01	1.70280934e+04	-3.86119553e-01	3.82050342e-03
5.00000000e-01	1.70280931e+04	-3.84577271e-01	3.82042770e-03
5.01000000e-01	1.70280927e+04	-3.83044211e-01	3.82035230e-03
5.02000000e-01	1.70280923e+04	-3.81520300e-01	3.82027719e-03
5.03000000e-01	1.70280919e+04	-3.80005465e-01	3.82020239e-03
5.04000000e-01	1.70280915e+04	-3.78499635e-01	3.82012788e-03
5.05000000e-01	1.70280912e+04	-3.77002738e-01	3.82005368e-03
5.06000000e-01	1.70280908e+04	-3.75514703e-01	3.81997976e-03
5.07000000e-01	1.70280904e+04	-3.74035462e-01	3.81990615e-03
5.08000000e-01	1.70280900e+04	-3.72564944e-01	3.81983282e-03
5.09000000e-01	1.70280897e+04	-3.71103081e-01	3.81975978e-03
5.10000000e-01	1.70280893e+04	-3.69649805e-01	3.81968704e-03
5.11000000e-01	1.70280889e+04	-3.68205050e-01	3.81961457e-03
5.12000000e-01	1.70280885e+04	-3.66768749e-01	3.81954240e-03
5.13000000e-01	1.70280882e+04	-3.65340836e-01	3.81947051e-03
5.14000000e-01	1.70280878e+04	-3.63921245e-01	3.81939890e-03
5.15000000e-01	1.70280875e+04	-3.62509913e-01	3.81932757e-03
5.16000000e-01	1.70280871e+04	-3.61106774e-01	3.81925652e-03
5.17000000e-01	1.70280867e+04	-3.59711768e-01	3.81918574e-03
5.18000000e-01	1.70280864e+04	-3.58324829e-01	3.81911524e-03
5.19000000e-01	1.70280860e+04	-3.56945896e-01	3.81904502e-03
5.20000000e-01	1.70280857e+04	-3.55574908e-01	3.81897506e-03
5.21000000e-01	1.70280853e+04	-3.54211804e-01	3.81890538e-03
5.22000000e-01	1.70280850e+04	-3.52856523e-01	3.81883597e-03
5.23000000e-01	1.70280846e+04	-3.51509006e-01	3.81876682e-03
5.24000000e-01	1.70280842e+04	-3.50169194e-01	3.81869794e-03
5.25000000e-01	1.70280839e+04	-3.48837027e-01	3.81862932e-03
5.26000000e-01	1.70280836e+04	-3.47512448e-01	3.81856097e-03
5.27000000e-01	1.70280832e+04	-3.46195400e-01	3.81849288e-03
5.28000000e-01	1.70280829e+04	-3.44885825e-01	3.81842504e-03
5.29000000e-01	1.70280825e+04	-3.43583666e-01	3.81835747e-03
5.30000000e-01	1.70280822e+04	-3.42288869e-01	3.81829015e-03
5.31000000e-01	1.70280818e+04	-3.41001377e-01	3.81822309e-03
5.32000000e-01	1.70280815e+04	-3.39721136e-01	3.81815628e-03
5.33000000e-01	1.70280812e+04	-3.38448092e-01	3.81808973e-03
5.34000000e-01	1.70280808e+04	-3.37182190e-01	3.81802342e-03
5.35000000e-01	1.70280805e+04	-3.35923377e-01	3.81795737e-03
5.36000000e-01	1.70280801e+04	-3.34671601e-01	3.81789156e-03
5.37000000e-01	1.70280798e+04	-3.33426809e-01	3.81782600e-03
5.38000000e-01	1.70280795e+04	-3.32188948e-01	3.81776068e-03
5.39000000e-01	1.70280791e+04	-3.30957969e-01	3.81769561e-03
5.40000000e-01	1.70280788e+04	-3.29733820e-01	3.81763079e-03
5.41000000e-01	1.70280785e+04	-3.28516450e-01	3.81756620e-03
5.42000000e-01	1.70280782e+04	-3.27305810e-01	3.81750185e-03
5.43000000e-01	1.70280778e+04	-3.26101850e-01	3.81743775e-03
5.44000000e-01	1.70280775e+04	-3.24904520e-01	3.81737388e-03
5.45000000e-01	1.70280772e+04	-3.23713773e-01	3.81731024e-03
5.46000000e-01	1.70280769e+04	-3.22529561e-01	3.81724684e-03
5.47000000e-01	1.70280765e+04	-3.21351834e-01	3.81718368e-03
5.48000000e-01	1.70280762e+04	-3.20180547e-01	3.81712074e-03
5.49000000e-01	1.70280759e+04	-3.19015652e-01	3.81705804e-03
5.50000000e-01	1.70280756e+04	-3.17857103e-01	3.81699557e-03
5.51000000e-01	1.70280753e+04	-3.16704854e-01	3.81693332e-03
5.52000000e-01	1.70280749e+04	-3.15558860e-01	3.81687130e-03
5.53000000e-01	1.70280746e+04	-3.14419074e-01	3.81680951e-03
5.54000000e-01	1.70280743e+04	-3.13285453e-01	3.81674794e-03
5.55000000e-01	1.70280740e+04	-3.12157952e-01	3.81668660e-03
5.56000000e-01	1.70280737e+04	-3.11036526e-01	3.81662548e-03
5.57000000e-01	1.70280734e+04	-3.09921133e-01	3.81656457e-03
5.58000000e-01	1.70280731e+04	-3.08811730e-01	3.81650389e-03
5.59000000e-01	1.70280728e+04	-3.07708273e-01	3.81644343e-03
5.60000000e-01	1.70280725e+04	-3.06610719e-01	3.81638319e-03
5.61000000e-01	1.70280721e+04	-3.05519028e-01	3.81632316e-03
5.62000000e-01	1.70280718e+04	-3.04433157e-01	3.81626334e-03
5.63000000e-01	1.70280715e+04	-3.03353065e-01	3.81620374e-03
5.64000000e-01	1.70280712e+04	-3.02278711e-01	3.81614435e-03
5.65000000e-01	1.70280709e+04	-3.01210055e-01	3.81608518e-03
5.66000000e-01	1.70280706e+04	-3.00147056e-01	3.81602621e-03
5.67000000e-01	1.70280703e+04	-2.99089674e-01	3.81596746e-03
5.68000000e-01	1.70280700e+04	-2.98037870e-01	3.81590891e-03
5.69000000e-01	1.70280697e+04	-2.96991605e-01	3.81585057e-03
5.70000000e-01	1.70280694e+04	-2.95950840e-01	3.81579244e-03
5.71000000e-01	1.70280691e+04	-2.94915536e-01	3.81573451e-03
5.72000000e-01	1.70280689e+04	-2.93885655e-01	3.81567678e-03
5.73000000e-01	1.70280686e+04	-2.92861160e-01	3.81561926e-03
5.74000000e-01	1.70280683e+04	-2.91842013e-01	3.81556194e-03
5.75000000e-01	1.70280680e+04	-2.90828177e-01	3.81550482e-03
5.76000000e-01	1.70280677e+04	-2.89819615e-01	3.81544790e-03
5.77000000e-01	1.70280674e+04	-2.88816290e-01	3.81539118e-03
5.78000000e-01	1.70280671e+04	-2.87818166e-01	3.81533465e-03
5.79000000e-01	1.70280668e+04	-2.86825208e-01	3.81527832e-03
5.80000000e-01	1.70280665e+04	-2.85837380e-01	3.81522219e-03
5.81000000e-01	1.70280662e+04	-2.84854646e-01	3.81516626e-03
5.82000000e-01	1.70280660e+04	-2.83876972e-01	3.81511051e-03
5.83000000e-01	1.70280657e+04	-2.82904323e-01	3.81505496e-03
5.84000000e-01	1.70280654e+04	-2.81936664e-01	3.81499960e-03
5.85000000e-01	1.70280651e+04	-2.80973962e-01	3.81494443e-03
5.86000000e-01	1.70280648e+04	-2.80016182e-01	3.81488945e-03
5.87000000e-01	1.70280646e+04	-2.79063291e-01	3.81483466e-03
5.88000000e-01	1.70280643e+04	-2.78115257e-01	3.81478005e-03
5.89000000e-01	1.70280640e+04	-2.77172045e-01	3.81472564e-03
5.90000000e-01	1.70280637e+04	-2.76233623e-01	3.81467140e-03
5.91000000e-01	1.70280634e+04	-2.75299960e-01	3.81461736e-03
5.92000000e-01	1.70280632e+04	-2.74371022e-01	3.81456349e-03
5.93000000e-01	1.70280629e+04	-2.73446779e-01	3.81450981e-03
5.94000000e-01	1.70280626e+04	-2.72527197e-01	3.81445632e-03
5.95000000e-01	1.70280624e+04	-2.71612247e-01	3.81440300e-03
5.96000000e-01	1.70280621e+04	-2.70701897e-01	3.81434986e-03
5.97000000e-01	1.70280618e+04	-2.69796116e-01	3.81429690e-03
5.98000000e-01	1.70280615e+04	-2.68894874e-01	3.81424412e-03
5.99000000e-01	1.70280613e+04	-2.67998141e-01	3.81419152e-03
6.00000000e-01	1.70280610e+04	-2.67105885e-01	3.81413909e-03
6.01000000e-01	1.70280607e+04	-2.66218079e-01	3.81408684e-03
6.02000000e-01	1.70280605e+04	-2.65334692e-01	3.81403477e-03
6.03000000e-01	1.70280602e+04	-2.64455694e-01	3.81398286e-03
6.04000000e-01	1.70280599e+04	-2.63581058e-01	3.81393114e-03
6.05000000e-01	1.70280597e+04	-2.62710753e-01	3.81387958e-03
6.06000000e-01	1.70280594e+04	-2.61844752e-01	3.81382819e-03
6.07000000e-01	1.70280592e+04	-2.60983026e-01	3.81377698e-03
6.08000000e-01	1.70280589e+04	-2.60125547e-01	3.81372593e-03
6.09000000e-01	1.70280586e+04	-2.59272287e-01	3.81367505e-03
6.10000000e-01	1.70280584e+04	-2.58423219e-01	3.81362434e-03
6.11000000e-01	1.70280581e+04	-2.57578315e-01	3.81357380e-03
6.12000000e-01	1.70280579e+04	-2.56737548e-01	3.81352343e-03
6.13000000e-01	1.70280576e+04	-2.55900891e-01	3.81347321e-03
6.14000000e-01	1.70280574e+04	-2.55068317e-01	3.81342317e-03
6.15000000e-01	1.70280571e+04	-2.54239800e-01	3.81337329e-03
6.16000000e-01	1.70280568e+04	-2.53415313e-01	3.81332357e-03
6.17000000e-01	1.70280566e+04	-2.52594831e-01	3.81327401e-03
6.18000000e-01	1.70280563e+04	-2.51778327e-01	3.81322461e-03
6.19000000e-01	1.70280561e+04	-2.50965776e-01	3.81317538e-03
6.20000000e-01	1.70280558e+04	-2.50157152e-01	3.81312630e-03
6.21000000e-01	1.70280556e+04	-2.49352430e-01	3.81307739e-03
6.22000000e-01	1.70280553e+04	-2.48551585e-01	3.81302863e-03
6.23000000e-01	1.70280551e+04	-2.47754592e-01	3.81298003e-03
6.24000000e-01	1.70280548e+04	-2.46961427e-01	3.81293158e-03
6.25000000e-01	1.70280546e+04	-2.46172064e-01	3.81288329e-03
6.26000000e-01	1.70280544e+04	-2.45386481e-01	3.81283516e-03
6.27000000e-01	1.70280541e+04	-2.44604651e-01	3.81278718e-03
6.28000000e-01	1.70280539e+04	-2.43826553e-01	3.81273936e-03
6.29000000e-01	1.70280536e+04	-2.43052161e-01	3.81269169e-03
6.30000000e-01	1.70280534e+04	-2.42281453e-01	3.81264417e-03
6.31000000e-01	1.70280531e+04	-2.41514405e-01	3.81259680e-03
6.32000000e-01	1.70280529e+04	-2.40750994e-01	3.81254958e-03
6.33000000e-01	1.70280527e+04	-2.39991197e-01	3.81250251e-03
6.34000000e-01	1.70280524e+04	-2.39234992e-01	3.81245560e-03
6.35000000e-01	1.70280522e+04	-2.38482355e-01	3.81240883e-03
6.36000000e-01	1.70280519e+04	-2.37733265e-01	3.81236221e-03
6.37000000e-01	1.70280517e+04	-2.36987698e-01	3.81231573e-03
6.38000000e-01	1.70280515e+04	-2.36245633e-01	3.81226941e-03
6.39000000e-01	1.70280512e+04	-2.35507049e-01	3.81222322e-03
6.40000000e-01	1.70280510e+04	-2.34771923e-01	3.81217719e-03
6.41000000e-01	1.70280508e+04	-2.34040233e-01	3.81213130e-03
6.42000000e-01	1.70280505e+04	-2.33311960e-01	3.81208555e-03
6.43000000e-01	1.70280503e+04	-2.32587080e-01	3.81203994e-03
6.44000000e-01	1.70280501e+04	-2.31865573e-01	3.81199448e-03
6.45000000e-01	1.70280498e+04	-2.31147419e-01	3.81194916e-03
6.46000000e-01	1.70280496e+04	-2.30432596e-01	3.81190398e-03
6.47000000e-01	1.70280494e+04	-2.29721084e-01	3.81185894e-03
6.48000000e-01	1.70280491e+04	-2.29012862e-01	3.81181404e-03
6.49000000e-01	1.70280489e+04	-2.28307911e-01	3.81176928e-03
6.50000000e-01	1.70280487e+04	-2.27606209e-01	3.81172466e-03
6.51000000e-01	1.70280485e+04	-2.26907738e-01	3.81168018e-03
6.52000000e-01	1.70280482e+04	-2.26212478e-01	3.81163583e-03
6.53000000e-01	1.70280480e+04	-2.25520408e-01	3.81159162e-03
6.54000000e-01	1.70280478e+04	-2.24831509e-01	3.81154755e-03
6.55000000e-01	1.70280475e+04	-2.24145762e-01	3.81150361e-03
6.56000000e-01	1.70280473e+04	-2.23463148e-01	3.81145981e-03
6.57000000e-01	1.70280471e+04	-2.22783648e-01	3.81141614e-03
6.58000000e-01	1.70280469e+04	-2.22107242e-01	3.81137260e-03
6.59000000e-01	1.70280467e+04	-2.21433912e-01	3.81132920e-03
6.60000000e-01	1.70280464e+04	-2.20763640e-01	3.81128593e-03
6.61000000e-01	1.70280462e+04	-2.20096407e-01	3.81124279e-03
6.62000000e-01	1.70280460e+04	-2.19432194e-01	3.81119978e-03
6.63000000e-01	1.70280458e+04	-2.18770983e-01	3.81115691e-03
6.64000000e-01	1.70280456e+04	-2.18112757e-01	3.81111416e-03
6.65000000e-01	1.70280453e+04	-2.17457497e-01	3.81107154e-03
6.66000000e-01	1.70280451e+04	-2.16805185e-01	3.81102905e-03
6.67000000e-01	1.70280449e+04	-2.16155805e-01	3.81098669e-03
6.68000000e-01	1.70280447e+04	-2.15509337e-01	3.81094446e-03
6.69000000e-01	1.70280445e+04	-2.14865766e-01	3.81090235e-03
6.70000000e-01	1.70280443e+04	-2.14225073e-01	3.81086037e-03
6.71000000e-01	1.70280440e+04	-2.13587242e-01	3.81081851e-03
6.72000000e-01	1.70280438e+04	-2.12952255e-01	3.81077679e-03
6.73000000e-01	1.70280436e+04	-2.12320096e-01	3.81073518e-03
6.74000000e-01	1.70280434e+04	-2.11690748e-01	3.81069370e-03
6.75000000e-01	1.70280432e+04	-2.11064194e-01	3.81065234e-03
6.76000000e-01	1.70280430e+04	-2.10440418e-01	3.81061111e-03
6.77000000e-01	1.70280428e+04	-2.09819403e-01	3.81057000e-03
6.78000000e-01	1.70280426e+04	-2.09201133e-01	3.81052901e-03
6.79000000e-01	1.70280424e+04	-2.08585591e-01	3.81048814e-03
6.80000000e-01	1.70280422e+04	-2.07972763e-01	3.81044739e-03
6.81000000e-01	1.70280419e+04	-2.07362632e-01	3.81040677e-03
6.82000000e-01	1.70280417e+04	-2.06755182e-01	3.81036626e-03
6.83000000e-01	1.70280415e+04	-2.06150397e-01	3.81032587e-03
6.84000000e-01	1.70280413e+04	-2.05548262e-01	3.81028560e-03
6.85000000e-01	1.70280411e+04	-2.04948761e-01	3.81024545e-03
6.86000000e-01	1.70280409e+04	-2.04351880e-01	3.81020542e-03
6.87000000e-01	1.70280407e+04	-2.03757602e-01	3.81016551e-03
6.88000000e-01	1.70280405e+04	-2.03165913e-01	3.81012571e-03
6.89000000e-01	1.70280403e+04	-2.02576798e-01	3.81008602e-03
6.90000000e-01	1.70280401e+04	-2.01990241e-01	3.81004646e-03
6.91000000e-01	1.70280399e+04	-2.01406229e-01	3.81000700e-03
6.92000000e-01	1.70280397e+04	-2.00824746e-01	3.80996767e-03
6.93000000e-01	1.70280395e+04	-2.00245777e-01	3.80992844e-03
6.94000000e-01	1.70280393e+04	-1.99669309e-01	3.80988933e-03
6.95000000e-01	1.70280391e+04	-1.99095326e-01	3.80985034e-03
6.96000000e-01	1.70280389e+04	-1.98523816e-01	3.80981145e-03
6.97000000e-01	1.70280387e+04	-1.97954762e-01	3.80977268e-03
6.98000000e-01	1.70280385e+04	-1.97388152e-01	3.80973402e-03
6.99000000e-01	1.70280383e+04	-1.96823971e-01	3.80969547e-03
7.00000000e-01	1.70280381e+04	-1.96262206e-01	3.80965704e-03
7.01000000e-01	1.70280379e+04	-1.95702843e-01	3.80961871e-03
7.02000000e-01	1.70280377e+04	-1.95145867e-01	3.80958049e-03
7.03000000e-01	1.70280375e+04	-1.94591266e-01	3.80954238e-03
7.04000000e-01	1.70280373e+04	-1.94039026e-01	3.80950438e-03
7.05000000e-01	1.70280371e+04	-1.93489134e-01	3.80946649e-03
7.06000000e-01	1.70280369e+04	-1.92941576e-01	3.80942871e-03
7.07000000e-01	1.70280368e+04	-1.92396340e-01	3.80939103e-03
7.08000000e-01	1.70280366e+04	-1.91853411e-01	3.80935346e-03
7.09000000e-01	1.70280364e+04	-1.91312777e-01	3.80931600e-03
7.10000000e-01	1.70280362e+04	-1.90774426e-01	3.80927865e-03
7.11000000e-01	1.70280360e+04	-1.90238343e-01	3.80924139e-03
7.12000000e-01	1.70280358e+04	-1.89704518e-01	3.80920425e-03
7.13000000e-01	1.70280356e+04	-1.89172936e-01	3.80916721e-03
7.14000000e-01	1.70280354e+04	-1.88643586e-01	3.80913027e-03
7.15000000e-01	1.70280352e+04	-1.88116454e-01	3.80909344e-03
7.16000000e-01	1.70280350e+04	-1.87591529e-01	3.80905671e-03
7.17000000e-01	1.70280349e+04	-1.87068798e-01	3.80902009e-03
7.18000000e-01	1.70280347e+04	-1.86548249e-01	3.80898356e-03
7.19000000e-01	1.70280345e+04	-1.86029870e-01	3.80894714e-03
7.20000000e-01	1.70280343e+04	-1.85513649e-01	3.80891082e-03
7.21000000e-01	1.70280341e+04	-1.84999574e-01	3.80887460e-03
7.22000000e-01	1.70280339e+04	-1.84487633e-01	3.80883849e-03
7.23000000e-01	1.70280337e+04	-1.83977814e-01	3.80880247e-03
7.24000000e-01	1.70280336e+04	-1.83470105e-01	3.80876655e-03
7.25000000e-01	1.70280334e+04	-1.82964495e-01	3.80873073e-03
7.26000000e-01	1.70280332e+04	-1.82460973e-01	3.80869502e-03
7.27000000e-01	1.70280330e+04	-1.81959526e-01	3.80865940e-03
7.28000000e-01	1.70280328e+04	-1.81460144e-01	3.80862388e-03
7.29000000e-01	1.70280326e+04	-1.80962814e-01	3.80858845e-03
7.30000000e-01	1.70280325e+04	-1.80467527e-01	3.80855313e-03
7.31000000e-01	1.70280323e+04	-1.79974271e-01	3.80851790e-03
7.32000000e-01	1.70280321e+04	-1.79483034e-01	3.80848277e-03
7.33000000e-01	1.70280319e+04	-1.78993805e-01	3.80844773e-03
7.34000000e-01	1.70280317e+04	-1.78506575e-01	3.80841279e-03
7.35000000e-01	1.70280316e+04	-1.78021331e-01	3.80837795e-03
7.36000000e-01	1.70280314e+04	-1.77538063e-01	3.80834320e-03
7.37000000e-01	1.70280312e+04	-1.77056760e-01	3.80830855e-03
7.38000000e-01	1.70280310e+04	-1.76577412e-01	3.80827399e-03
7.39000000e-01	1.70280309e+04	-1.76100009e-01	3.80823952e-03
7.40000000e-01	1.70280307e+04	-1.75624538e-01	3.80820515e-03
7.41000000e-01	1.70280305e+04	-1.75150991e-01	3.80817087e-03
7.42000000e-01	1.70280303e+04	-1.74679357e-01	3.80813669e-03
7.43000000e-01	1.70280302e+04	-1.74209626e-01	3.80810259e-03
7.44000000e-01	1.70280300e+04	-1.73741786e-01	3.80806859e-03
7.45000000e-01	1.70280298e+04	-1.73275829e-01	3.80803468e-03
7.46000000e-01	1.70280296e+04	-1.72811744e-01	3.80800087e-03
7.47000000e-01	1.70280295e+04	-1.72349521e-01	3.80796714e-03
7.48000000e-01	1.70280293e+04	-1.71889150e-01	3.80793350e-03
7.49000000e-01	1.70280291e+04	-1.71430621e-01	3.80789996e-03
7.50000000e-01	1.70280290e+04	-1.70973925e-01	3.80786650e-03
7.51000000e-01	1.70280288e+04	-1.70519051e-01	3.80783313e-03
7.52000000e-01	1.70280286e+04	-1.70065990e-01	3.80779986e-03
7.53000000e-01	1.70280284e+04	-1.69614733e-01	3.80776667e-03
7.54000000e-01	1.70280283e+04	-1.69165269e-01	3.80773357e-03
7.55000000e-01	1.70280281e+04	-1.68717590e-01	3.80770056e-03
7.56000000e-01	1.70280279e+04	-1.68271686e-01	3.80766763e-03
7.57000000e-01	1.70280278e+04	-1.67827547e-01	3.80763480e-03
7.58000000e-01	1.70280276e+04	-1.67385164e-01	3.80760205e-03
7.59000000e-01	1.70280274e+04	-1.66944528e-01	3.80756938e-03
7.60000000e-01	1.70280273e+04	-1.66505630e-01	3.80753681e-03
7.61000000e-01	1.70280271e+04	-1.66068461e-01	3.80750432e-03
7.62000000e-01	1.70280269e+04	-1.65633011e-01	3.80747191e-03
7.63000000e-01	1.70280268e+04	-1.65199272e-01	3.80743959e-03
7.64000000e-01	1.70280266e+04	-1.64767234e-01	3.80740736e-03
7.65000000e-01	1.70280264e+04	-1.64336889e-01	3.80737521e-03
7.66000000e-01	1.70280263e+04	-1.63908228e-01	3.80734314e-03
7.67000000e-01	1.70280261e+04	-1.63481242e-01	3.80731116e-03
7.68000000e-01	1.70280259e+04	-1.63055923e-01	3.80727926e-03
7.69000000e-01	1.70280258e+04	-1.62632261e-01	3.80724745e-03
7.70000000e-01	1.70280256e+04	-1.62210248e-01	3.80721572e-03
7.71000000e-01	1.70280255e+04	-1.61789876e-01	3.80718407e-03
7.72000000e-01	1.70280253e+04	-1.61371136e-01	3.80715251e-03
7.73000000e-01	1.70280251e+04	-1.60954020e-01	3.80712102e-03
7.74000000e-01	1.70280250e+04	-1.60538519e-01	3.80708962e-03
7.75000000e-01	1.70280248e+04	-1.60124625e-01	3.80705830e-03
7.76000000e-01	1.70280247e+04	-1.59712330e-01	3.80702706e-03
7.77000000e-01	1.70280245e+04	-1.59301625e-01	3.80699590e-03
7.78000000e-01	1.70280243e+04	-1.58892502e-01	3.80696482e-03
7.79000000e-01	1.70280242e+04	-1.58484953e-01	3.80693382e-03
7.80000000e-01	1.70280240e+04	-1.58078971e-01	3.80690291e-03
7.81000000e-01	1.70280239e+04	-1.57674547e-01	3.80687207e-03
7.82000000e-01	1.70280237e+04	-1.57271672e-01	3.80684131e-03
7.83000000e-01	1.70280235e+04	-1.56870340e-01	3.80681063e-03
7.84000000e-01	1.70280234e+04	-1.56470543e-01	3.80678003e-03
7.85000000e-01	1.70280232e+04	-1.56072272e-01	3.80674950e-03
7.86000000e-01	1.70280231e+04	-1.55675519e-01	3.80671906e-03
7.87000000e-01	1.70280229e+04	-1.55280278e-01	3.80668869e-03
7.88000000e-01	1.70280228e+04	-1.54886540e-01	3.80665840e-03
7.89000000e-01	1.70280226e+04	-1.54494298e-01	3.80662819e-03
7.90000000e-01	1.70280225e+04	-1.54103544e-01	3.80659805e-03
7.91000000e-01	1.70280223e+04	-1.53714271e-01	3.80656799e-03
7.92000000e-01	1.70280222e+04	-1.53326471e-01	3.80653801e-03
7.93000000e-01	1.70280220e+04	-1.52940136e-01	3.80650810e-03
7.94000000e-01	1.70280218e+04	-1.52555261e-01	3.80647827e-03
7.95000000e-01	1.70280217e+04	-1.52171836e-01	3.80644851e-03
7.96000000e-01	1.70280215e+04	-1.51789855e-01	3.80641883e-03
7.97000000e-01	1.70280214e+04	-1.51409311e-01	3.80638922e-03
7.98000000e-01	1.70280212e+04	-1.51030196e-01	3.80635969e-03
7.99000000e-01	1.70280211e+04	-1.50652503e-01	3.80633024e-03
8.00000000e-01	1.70280209e+04	-1.50276225e-01	3.80630085e-03
8.01000000e-01	1.70280208e+04	-1.49901356e-01	3.80627154e-03
8.02000000e-01	1.70280206e+04	-1.49527887e-01	3.80624231e-03
8.03000000e-01	1.70280205e+04	-1.49155813e-01	3.80621314e-03
8.04000000e-01	1.70280203e+04	-1.48785125e-01	3.80618405e-03
8.05000000e-01	1.70280202e+04	-1.48415818e-01	3.80615504e-03
8.06000000e-01	1.70280200e+04	-1.48047885e-01	3.80612609e-03
8.07000000e-01	1.70280199e+04	-1.47681318e-01	3.80609722e-03
8.08000000e-01	1.70280197e+04	-1.47316110e-01	3.80606842e-03
8.09000000e-01	1.70280196e+04	-1.46952256e-01	3.80603969e-03
8.10000000e-01	1.70280195e+04	-1.46589749e-01	3.80601103e-03
8.11000000e-01	1.70280193e+04	-1.46228581e-01	3.80598244e-03
8.12000000e-01	1.70280192e+04	-1.45868746e-01	3.80595392e-03
8.13000000e-01	1.70280190e+04	-1.45510238e-01	3.80592548e-03
8.14000000e-01	1.70280189e+04	-1.45153050e-01	3.80589710e-03
8.15000000e-01	1.70280187e+04	-1.44797176e-01	3.80586879e-03
8.16000000e-01	1.70280186e+04	-1.44442609e-01	3.80584056e-03
8.17000000e-01	1.70280184e+04	-1.44089343e-01	3.80581239e-03
8.18000000e-01	1.70280183e+04	-1.43737372e-01	3.80578429e-03
8.19000000e-01	1.70280182e+04	-1.43386688e-01	3.80575626e-03
8.20000000e-01	1.70280180e+04	-1.43037287e-01	3.80572830e-03
8.21000000e-01	1.70280179e+04	-1.42689161e-01	3.80570041e-03
8.22000000e-01	1.70280177e+04	-1.42342305e-01	3.80567259e-03
8.23000000e-01	1.70280176e+04	-1.41996712e-01	3.80564483e-03
8.24000000e-01	1.70280174e+04	-1.41652376e-01	3.80561714e-03
8.25000000e-01	1.70280173e+04	-1.41309291e-01	3.80558952e-03
8.26000000e-01	1.70280172e+04	-1.40967451e-01	3.80556197e-03
8.27000000e-01	1.70280170e+04	-1.40626850e-01	3.80553448e-03
8.28000000e-01	1.70280169e+04	-1.40287483e-01	3.80550706e-03
8.29000000e-01	1.70280167e+04	-1.39949342e-01	3.80547971e-03
8.30000000e-01	1.70280166e+04	-1.39612422e-01	3.80545242e-03
8.31000000e-01	1.70280165e+04	-1.39276718e-01	3.80542520e-03
8.32000000e-01	1.70280163e+04	-1.38942223e-01	3.80539805e-03
8.33000000e-01	1.70280162e+04	-1.38608932e-01	3.80537096e-03
8.34000000e-01	1.70280160e+04	-1.38276839e-01	3.80534393e-03
8.35000000e-01	1.70280159e+04	-1.37945938e-01	3.80531697e-03
8.36000000e-01	1.70280158e+04	-1.37616223e-01	3.80529008e-03
8.37000000e-01	1.70280156e+04	-1.37287690e-01	3.80526325e-03
8.38000000e-01	1.70280155e+04	-1.36960331e-01	3.80523648e-03
8.39000000e-01	1.70280154e+04	-1.36634142e-01	3.80520978e-03
8.40000000e-01	1.70280152e+04	-1.36309117e-01	3.80518314e-03
8.41000000e-01	1.70280151e+04	-1.35985250e-01	3.80515657e-03
8.42000000e-01	1.70280149e+04	-1.35662536e-01	3.80513006e-03
8.43000000e-01	1.70280148e+04	-1.35340970e-01	3.80510361e-03
8.44000000e-01	1.70280147e+04	-1.35020546e-01	3.80507723e-03
8.45000000e-01	1.70280145e+04	-1.34701259e-01	3.80505090e-03
8.46000000e-01	1.70280144e+04	-1.34383102e-01	3.80502465e-03
8.47000000e-01	1.70280143e+04	-1.34066072e-01	3.80499845e-03
8.48000000e-01	1.70280141e+04	-1.33750163e-01	3.80497231e-03
8.49000000e-01	1.70280140e+04	-1.33435368e-01	3.80494624e-03
8.50000000e-01	1.70280139e+04	-1.33121684e-01	3.80492023e-03
8.51000000e-01	1.70280137e+04	-1.32809105e-01	3.80489428e-03
8.52000000e-01	1.70280136e+04	-1.32497626e-01	3.80486839e-03
8.53000000e-01	1.70280135e+04	-1.32187241e-01	3.80484256e-03
8.54000000e-01	1.70280133e+04	-1.31877946e-01	3.80481679e-03
8.55000000e-01	1.70280132e+04	-1.31569735e-01	3.80479109e-03
8.56000000e-01	1.70280131e+04	-1.31262603e-01	3.80476544e-03
8.57000000e-01	1.70280129e+04	-1.30956546e-01	3.80473985e-03
8.58000000e-01	1.70280128e+04	-1.30651557e-01	3.80471433e-03
8.59000000e-01	1.70280127e+04	-1.30347633e-01	3.80468886e-03
8.60000000e-01	1.70280126e+04	-1.30044769e-01	3.80466345e-03
8.61000000e-01	1.70280124e+04	-1.29742959e-01	3.80463811e-03
8.62000000e-01	1.70280123e+04	-1.29442198e-01	3.80461282e-03
8.63000000e-01	1.70280122e+04	-1.29142482e-01	3.80458759e-03
8.64000000e-01	1.70280120e+04	-1.28843806e-01	3.80456242e-03
8.65000000e-01	1.70280119e+04	-1.28546165e-01	3.80453730e-03
8.66000000e-01	1.70280118e+04	-1.28249554e-01	3.80451225e-03
8.67000000e-01	1.70280117e+04	-1.27953969e-01	3.80448725e-03
8.68000000e-01	1.70280115e+04	-1.27659405e-01	3.80446231e-03
8.69000000e-01	1.70280114e+04	-1.27365856e-01	3.80443743e-03
8.70000000e-01	1.70280113e+04	-1.27073319e-01	3.80441261e-03
8.71000000e-01	1.70280111e+04	-1.26781789e-01	3.80438784e-03
8.72000000e-01	1.70280110e+04	-1.26491261e-01	3.80436313e-03
8.73000000e-01	1.70280109e+04	-1.26201731e-01	3.80433848e-03
8.74000000e-01	1.70280108e+04	-1.25913193e-01	3.80431388e-03
8.75000000e-01	1.70280106e+04	-1.25625645e-01	3.80428934e-03
8.76000000e-01	1.70280105e+04	-1.25339080e-01	3.80426486e-03
8.77000000e-01	1.70280104e+04	-1.25053494e-01	3.80424043e-03
8.78000000e-01	1.70280103e+04	-1.24768884e-01	3.80421606e-03
8.79000000e-01	1.70280101e+04	-1.24485244e-01	3.80419175e-03
8.80000000e-01	1.70280100e+04	-1.24202570e-01	3.80416749e-03
8.81000000e-01	1.70280099e+04	-1.23920859e-01	3.80414328e-03
8.82000000e-01	1.70280098e+04	-1.23640104e-01	3.80411913e-03
8.83000000e-01	1.70280096e+04	-1.23360303e-01	3.80409504e-03
8.84000000e-01	1.70280095e+04	-1.23081451e-01	3.80407100e-03
8.85000000e-01	1.70280094e+04	-1.22803543e-01	3.80404701e-03
8.86000000e-01	1.70280093e+04	-1.22526575e-01	3.80402308e-03
8.87000000e-01	1.70280091e+04	-1.22250543e-01	3.80399921e-03
8.88000000e-01	1.70280090e+04	-1.21975443e-01	3.80397538e-03
8.89000000e-01	1.70280089e+04	-1.21701271e-01	3.80395162e-03
8.90000000e-01	1.70280088e+04	-1.21428022e-01	3.80392790e-03
8.91000000e-01	1.70280087e+04	-1.21155693e-01	3.80390424e-03
8.92000000e-01	1.70280085e+04	-1.20884279e-01	3.80388063e-03
8.93000000e-01	1.70280084e+04	-1.20613776e-01	3.80385708e-03
8.94000000e-01	1.70280083e+04	-1.20344179e-01	3.80383357e-03
8.95000000e-01	1.70280082e+04	-1.20075486e-01	3.80381012e-03
8.96000000e-01	1.70280081e+04	-1.19807692e-01	3.80378673e-03
8.97000000e-01	1.70280079e+04	-1.19540793e-01	3.80376338e-03
8.98000000e-01	1.70280078e+04	-1.19274785e-01	3.80374009e-03
8.99000000e-01	1.70280077e+04	-1.19009663e-01	3.80371685e-03
9.00000000e-01	1.70280076e+04	-1.18745425e-01	3.80369366e-03
9.01000000e-01	1.70280075e+04	-1.18482066e-01	3.80367052e-03
9.02000000e-01	1.70280073e+04	-1.18219582e-01	3.80364744e-03
9.03000000e-01	1.70280072e+04	-1.17957969e-01	3.80362440e-03
9.04000000e-01	1.70280071e+04	-1.17697224e-01	3.80360142e-03
9.05000000e-01	1.70280070e+04	-1.17437343e-01	3.80357849e-03
9.06000000e-01	1.70280069e+04	-1.17178322e-01	3.80355561e-03
9.07000000e-01	1.70280068e+04	-1.16920156e-01	3.80353278e-03
9.08000000e-01	1.70280066e+04	-1.16662843e-01	3.80351000e-03
9.09000000e-01	1.70280065e+04	-1.16406379e-01	3.80348727e-03
9.10000000e-01	1.70280064e+04	-1.16150759e-01	3.80346459e-03
9.11000000e-01	1.70280063e+04	-1.15895981e-01	3.80344196e-03
9.12000000e-01	1.70280062e+04	-1.15642039e-01	3.80341938e-03
9.13000000e-01	1.70280061e+04	-1.15388932e-01	3.80339685e-03
9.14000000e-01	1.70280059e+04	-1.15136655e-01	3.80337437e-03
9.15000000e-01	1.70280058e+04	-1.14885204e-01	3.80335194e-03
9.16000000e-01	1.70280057e+04	-1.14634577e-01	3.80332956e-03
9.17000000e-01	1.70280056e+04	-1.14384768e-01	3.80330722e-03
9.18000000e-01	1.70280055e+04	-1.14135776e-01	3.80328494e-03
9.19000000e-01	1.70280054e+04	-1.13887595e-01	3.80326271e-03
9.20000000e-01	1.70280053e+04	-1.13640223e-01	3.80324052e-03
9.21000000e-01	1.70280051e+04	-1.13393657e-01	3.80321838e-03
9.22000000e-01	1.70280050e+04	-1.13147892e-01	3.80319629e-03
9.23000000e-01	1.70280049e+04	-1.12902925e-01	3.80317425e-03
9.24000000e-01	1.70280048e+04	-1.12658753e-01	3.80315225e-03
9.25000000e-01	1.70280047e+04	-1.12415372e-01	3.80313031e-03
9.26000000e-01	1.70280046e+04	-1.12172780e-01	3.80310841e-03
9.27000000e-01	1.70280045e+04	-1.11930971e-01	3.80308656e-03
9.28000000e-01	1.70280044e+04	-1.11689944e-01	3.80306475e-03
9.29000000e-01	1.70280042e+04	-1.11449695e-01	3.80304300e-03
9.30000000e-01	1.70280041e+04	-1.11210220e-01	3.80302129e-03
9.31000000e-01	1.70280040e+04	-1.10971516e-01	3.80299962e-03
9.32000000e-01	1.70280039e+04	-1.10733580e-01	3.80297801e-03
9.33000000e-01	1.70280038e+04	-1.10496408e-01	3.80295644e-03
9.34000000e-01	1.70280037e+04	-1.10259998e-01	3.80293491e-03
9.35000000e-01	1.70280036e+04	-1.10024346e-01	3.80291344e-03
9.36000000e-01	1.70280035e+04	-1.09789448e-01	3.80289201e-03
9.37000000e-01	1.70280034e+04	-1.09555302e-01	3.80287062e-03
9.38000000e-01	1.70280033e+04	-1.09321904e-01	3.80284928e-03
9.39000000e-01	1.70280031e+04	-1.09089251e-01	3.80282799e-03
9.40000000e-01	1.70280030e+04	-1.08857340e-01	3.80280674e-03
9.41000000e-01	1.70280029e+04	-1.08626169e-01	3.80278554e-03
9.42000000e-01	1.70280028e+04	-1.08395732e-01	3.80276438e-03
9.43000000e-01	1.70280027e+04	-1.08166029e-01	3.80274327e-03
9.44000000e-01	1.70280026e+04	-1.07937054e-01	3.80272220e-03
9.45000000e-01	1.70280025e+04	-1.07708806e-01	3.80270117e-03
9.46000000e-01	1.70280024e+04	-1.07481282e-01	3.80268020e-03
9.47000000e-01	1.70280023e+04	-1.07254478e-01	3.80265926e-03
9.48000000e-01	1.70280022e+04	-1.07028390e-01	3.80263837e-03
9.49000000e-01	1.70280021e+04	-1.06803017e-01	3.80261753e-03
9.50000000e-01	1.70280020e+04	-1.06578356e-01	3.80259673e-03
9.51000000e-01	1.70280019e+04	-1.06354402e-01	3.80257597e-03
9.52000000e-01	1.70280017e+04	-1.06131154e-01	3.80255526e-03
9.53000000e-01	1.70280016e+04	-1.05908608e-01	3.80253459e-03
9.54000000e-01	1.70280015e+04	-1.05686761e-01	3.80251396e-03
9.55000000e-01	1.70280014e+04	-1.05465611e-01	3.80249338e-03
9.56000000e-01	1.70280013e+04	-1.05245154e-01	3.80247284e-03
9.57000000e-01	1.70280012e+04	-1.05025388e-01	3.80245234e-03
9.58000000e-01	1.70280011e+04	-1.04806309e-01	3.80243189e-03
9.59000000e-01	1.70280010e+04	-1.04587915e-01	3.80241147e-03
9.60000000e-01	1.70280009e+04	-1.04370203e-01	3.80239111e-03
9.61000000e-01	1.70280008e+04	-1.04153171e-01	3.80237078e-03
9.62000000e-01	1.70280007e+04	-1.03936815e-01	3.80235050e-03
9.63000000e-01	1.70280006e+04	-1.03721132e-01	3.80233026e-03
9.64000000e-01	1.70280005e+04	-1.03506120e-01	3.80231006e-03
9.65000000e-01	1.70280004e+04	-1.03291776e-01	3.80228990e-03
9.66000000e-01	1.70280003e+04	-1.03078097e-01	3.80226979e-03
9.67000000e-01	1.70280002e+04	-1.02865080e-01	3.80224971e-03
9.68000000e-01	1.70280001e+04	-1.02652724e-01	3.80222968e-03
9.69000000e-01	1.70280000e+04	-1.02441024e-01	3.80220969e-03
9.70000000e-01	1.70279999e+04	-1.02229978e-01	3.80218974e-03
9.71000000e-01	1.70279998e+04	-1.02019584e-01	3.80216983e-03
9.72000000e-01	1.70279997e+04	-1.01809839e-01	3.80214997e-03
9.73000000e-01	1.70279996e+04	-1.01600741e-01	3.80213014e-03
9.74000000e-01	1.70279995e+04	-1.01392286e-01	3.80211036e-03
9.75000000e-01	1.70279994e+04	-1.01184471e-01	3.80209061e-03
9.76000000e-01	1.70279993e+04	-1.00977295e-01	3.80207091e-03
9.77000000e-01	1.70279992e+04	-1.00770755e-01	3.80205125e-03
9.78000000e-01	1.70279991e+04	-1.00564848e-01	3.80203163e-03
9.79000000e-01	1.70279990e+04	-1.00359571e-01	3.80201205e-03
9.80000000e-01	1.70279989e+04	-1.00154923e-01	3.80199250e-03
9.81000000e-01	1.70279988e+04	-9.99508996e-02	3.80197300e-03
9.82000000e-01	1.70279987e+04	-9.97474992e-02	3.80195354e-03
9.83000000e-01	1.70279986e+04	-9.95447191e-02	3.80193412e-03
9.84000000e-01	1.70279985e+04	-9.93425568e-02	3.80191474e-03
9.85000000e-01	1.70279984e+04	-9.91410098e-02	3.80189539e-03
9.86000000e-01	1.70279983e+04	-9.89400756e-02	3.80187609e-03
9.87000000e-01	1.70279982e+04	-9.87397518e-02	3.80185682e-03
9.88000000e-01	1.70279981e+04	-9.85400357e-02	3.80183760e-03
9.89000000e-01	1.70279980e+04	-9.83409251e-02	3.80181841e-03
9.90000000e-01	1.70279979e+04	-9.81424174e-02	3.80179927e-03
9.91000000e-01	1.70279978e+04	-9.79445102e-02	3.80178016e-03
9.92000000e-01	1.70279977e+04	-9.77472011e-02	3.80176109e-03
9.93000000e-01	1.70279976e+04	-9.75504877e-02	3.80174206e-03
9.94000000e-01	1.70279975e+04	-9.73543676e-02	3.80172306e-03
9.95000000e-01	1.70279974e+04	-9.71588384e-02	3.80170411e-03
9.96000000e-01	1.70279973e+04	-9.69638977e-02	3.80168519e-03
9.97000000e-01	1.70279972e+04	-9.67695432e-02	3.80166631e-03
9.98000000e-01	1.70279971e+04	-9.65757725e-02	3.80164747e-03
9.99000000e-01	1.70279970e+04	-9.63825833e-02	3.80162867e-03
