1.00000000e-03	5.38489586e+11	-1.00000549e+05	6.73305822e-07
2.00000000e-03	5.38489586e+11	-2.50000432e+04	6.73011365e-07
3.00000000e-03	5.38489586e+11	-1.11113178e+04	6.72913257e-07
4.00000000e-03	5.38489586e+11	-6.24999514e+03	6.72864212e-07
5.00000000e-03	5.38489586e+11	-3.99997189e+03	6.72834787e-07
6.00000000e-03	5.38489586e+11	-2.77781381e+03	6.72815172e-07
7.00000000e-03	5.38489586e+11	-2.04077201e+03	6.72801161e-07
8.00000000e-03	5.38489586e+11	-1.56245972e+03	6.72790654e-07
9.00000000e-03	5.38489586e+11	-1.23461343e+03	6.72782481e-07
1.00000000e-02	5.38489586e+11	-1.00002422e+03	6.72775944e-07
1.10000000e-02	5.38489586e+11	-8.26481922e+02	6.72770595e-07
1.20000000e-02	5.38489586e+11	-6.94476888e+02	6.72766137e-07
1.30000000e-02	5.38489586e+11	-5.91745932e+02	6.72762366e-07
1.40000000e-02	5.38489586e+11	-5.10232063e+02	6.72759133e-07
1.50000000e-02	5.38489586e+11	-4.44470833e+02	6.72756331e-07
1.60000000e-02	5.38489586e+11	-3.90626648e+02	6.72753879e-07
1.70000000e-02	5.38489586e+11	-3.46036954e+02	6.72751716e-07
1.80000000e-02	5.38489586e+11	-3.08657263e+02	6.72749794e-07
1.90000000e-02	5.38489586e+11	-2.77022832e+02	6.72748073e-07
2.00000000e-02	5.38489586e+11	-2.50029492e+02	6.72746525e-07
2.10000000e-02	5.38489586e+11	-2.26778486e+02	6.72745124e-07
2.20000000e-02	5.38489586e+11	-2.06640012e+02	6.72743851e-07
2.30000000e-02	5.38489586e+11	-1.89056120e+02	6.72742688e-07
2.40000000e-02	5.38489586e+11	-1.73615316e+02	6.72741622e-07
2.50000000e-02	5.38489586e+11	-1.60011687e+02	6.72740642e-07
2.60000000e-02	5.38489586e+11	-1.47940389e+02	6.72739736e-07
2.70000000e-02	5.38489586e+11	-1.37185346e+02	6.72738898e-07
2.80000000e-02	5.38489586e+11	-1.27561922e+02	6.72738120e-07
2.90000000e-02	5.38489586e+11	-1.18901131e+02	6.72737395e-07
3.00000000e-02	5.38489586e+11	-1.11129427e+02	6.72736719e-07
3.10000000e-02	5.38489586e+11	-1.04072512e+02	6.72736087e-07
3.20000000e-02	5.38489586e+11	-9.76625213e+01	6.72735494e-07
3.30000000e-02	5.38489586e+11	-9.18334947e+01	6.72734936e-07
3.40000000e-02	5.38489586e+11	-8.65111916e+01	6.72734412e-07
3.50000000e-02	5.38489586e+11	-8.16385363e+01	6.72733918e-07
3.60000000e-02	5.38489586e+11	-7.71662688e+01	6.72733451e-07
3.70000000e-02	5.38489586e+11	-7.30516943e+01	6.72733009e-07
3.80000000e-02	5.38489586e+11	-6.92576610e+01	6.72732591e-07
3.90000000e-02	5.38489586e+11	-6.57556244e+01	6.72732194e-07
4.00000000e-02	5.38489586e+11	-6.25093261e+01	6.72731816e-07
4.10000000e-02	5.38489586e+11	-5.94937467e+01	6.72731458e-07
4.20000000e-02	5.38489586e+11	-5.66946216e+01	6.72731116e-07
4.30000000e-02	5.38489586e+11	-5.40924106e+01	6.72730790e-07
4.40000000e-02	5.38489586e+11	-5.16580498e+01	6.72730479e-07
4.50000000e-02	5.38489586e+11	-4.93917245e+01	6.72730182e-07
4.60000000e-02	5.38489586e+11	-4.72601237e+01	6.72729898e-07
4.70000000e-02	5.38489586e+11	-4.52782615e+01	6.72729626e-07
4.80000000e-02	5.38489586e+11	-4.34077352e+01	6.72729365e-07
4.90000000e-02	5.38489586e+11	-4.16581340e+01	6.72729115e-07
5.00000000e-02	5.38489586e+11	-4.00009687e+01	6.72728875e-07
5.10000000e-02	5.38489586e+11	-3.84515886e+01	6.72728644e-07
5.20000000e-02	5.38489586e+11	-3.69909567e+01	6.72728422e-07
5.30000000e-02	5.38489586e+11	-3.56085323e+01	6.72728209e-07
5.40000000e-02	5.38489586e+11	-3.42982896e+01	6.72728003e-07
5.50000000e-02	5.38489586e+11	-3.30625581e+01	6.72727805e-07
5.60000000e-02	5.38489586e+11	-3.18885274e+01	6.72727614e-07
5.70000000e-02	5.38489586e+11	-3.07794465e+01	6.72727430e-07
5.80000000e-02	5.38489586e+11	-2.97350485e+01	6.72727252e-07
5.90000000e-02	5.38489586e+11	-2.87280729e+01	6.72727080e-07
6.00000000e-02	5.38489586e+11	-2.77823568e+01	6.72726914e-07
6.10000000e-02	5.38489586e+11	-2.68790532e+01	6.72726753e-07
6.20000000e-02	5.38489586e+11	-2.60191044e+01	6.72726597e-07
6.30000000e-02	5.38489586e+11	-2.51978266e+01	6.72726447e-07
6.40000000e-02	5.38489586e+11	-2.44166069e+01	6.72726301e-07
6.50000000e-02	5.38489586e+11	-2.36750716e+01	6.72726159e-07
6.60000000e-02	5.38489586e+11	-2.29593502e+01	6.72726022e-07
6.70000000e-02	5.38489586e+11	-2.22850283e+01	6.72725889e-07
6.80000000e-02	5.38489586e+11	-2.16287745e+01	6.72725760e-07
6.90000000e-02	5.38489586e+11	-2.10064526e+01	6.72725635e-07
7.00000000e-02	5.38489586e+11	-2.04106106e+01	6.72725513e-07
7.10000000e-02	5.38489586e+11	-1.98378143e+01	6.72725395e-07
7.20000000e-02	5.38489586e+11	-1.92925438e+01	6.72725280e-07
7.30000000e-02	5.38489586e+11	-1.87657012e+01	6.72725168e-07
7.40000000e-02	5.38489586e+11	-1.82639001e+01	6.72725059e-07
7.50000000e-02	5.38489586e+11	-1.77840677e+01	6.72724953e-07
7.60000000e-02	5.38489586e+11	-1.73153918e+01	6.72724849e-07
7.70000000e-02	5.38489586e+11	-1.68686122e+01	6.72724749e-07
7.80000000e-02	5.38489586e+11	-1.64408592e+01	6.72724651e-07
7.90000000e-02	5.38489586e+11	-1.60312738e+01	6.72724555e-07
8.00000000e-02	5.38489586e+11	-1.56292847e+01	6.72724462e-07
8.10000000e-02	5.38489586e+11	-1.52419481e+01	6.72724372e-07
8.20000000e-02	5.38489586e+11	-1.48744132e+01	6.72724283e-07
8.30000000e-02	5.38489586e+11	-1.45181996e+01	6.72724197e-07
8.40000000e-02	5.38489586e+11	-1.41746320e+01	6.72724112e-07
8.50000000e-02	5.38489586e+11	-1.38431188e+01	6.72724030e-07
8.60000000e-02	5.38489586e+11	-1.35250558e+01	6.72723949e-07
8.70000000e-02	5.38489586e+11	-1.32160111e+01	6.72723871e-07
8.80000000e-02	5.38489586e+11	-1.29135359e+01	6.72723794e-07
8.90000000e-02	5.38489586e+11	-1.26288806e+01	6.72723719e-07
9.00000000e-02	5.38489586e+11	-1.23498843e+01	6.72723645e-07
9.10000000e-02	5.38489586e+11	-1.20741756e+01	6.72723573e-07
9.20000000e-02	5.38489586e+11	-1.18150309e+01	6.72723503e-07
9.30000000e-02	5.38489586e+11	-1.15623103e+01	6.72723434e-07
9.40000000e-02	5.38489586e+11	-1.13215185e+01	6.72723367e-07
9.50000000e-02	5.38489586e+11	-1.10806008e+01	6.72723301e-07
9.60000000e-02	5.38489586e+11	-1.08509572e+01	6.72723237e-07
9.70000000e-02	5.38489586e+11	-1.06283794e+01	6.72723174e-07
9.80000000e-02	5.38489586e+11	-1.04145335e+01	6.72723112e-07
9.90000000e-02	5.38489586e+11	-1.02071939e+01	6.72723051e-07
1.00000000e-01	5.38489586e+11	-9.99828905e+00	6.72722992e-07
1.01000000e-01	5.38489586e+11	-9.79733853e+00	6.72722933e-07
1.02000000e-01	5.38489586e+11	-9.60801434e+00	6.72722876e-07
1.03000000e-01	5.38489586e+11	-9.42618737e+00	6.72722820e-07
1.04000000e-01	5.38489586e+11	-9.24383291e+00	6.72722765e-07
1.05000000e-01	5.38489586e+11	-9.07051445e+00	6.72722711e-07
1.06000000e-01	5.38489586e+11	-8.90017994e+00	6.72722659e-07
1.07000000e-01	5.38489586e+11	-8.72873944e+00	6.72722607e-07
1.08000000e-01	5.38489586e+11	-8.57164271e+00	6.72722556e-07
1.09000000e-01	5.38489586e+11	-8.41309752e+00	6.72722506e-07
1.10000000e-01	5.38489586e+11	-8.26075671e+00	6.72722457e-07
1.11000000e-01	5.38489586e+11	-8.11251464e+00	6.72722409e-07
1.12000000e-01	5.38489586e+11	-7.96822559e+00	6.72722361e-07
1.13000000e-01	5.38489586e+11	-7.82970337e+00	6.72722315e-07
1.14000000e-01	5.38489586e+11	-7.68704913e+00	6.72722269e-07
1.15000000e-01	5.38489586e+11	-7.55966667e+00	6.72722224e-07
1.16000000e-01	5.38489586e+11	-7.42790274e+00	6.72722180e-07
1.17000000e-01	5.38489586e+11	-7.29945305e+00	6.72722137e-07
1.18000000e-01	5.38489586e+11	-7.17615885e+00	6.72722094e-07
1.19000000e-01	5.38489586e+11	-7.05986608e+00	6.72722052e-07
1.20000000e-01	5.38489586e+11	-6.93875325e+00	6.72722011e-07
1.21000000e-01	5.38489586e+11	-6.82444059e+00	6.72721971e-07
1.22000000e-01	5.38489586e+11	-6.71097424e+00	6.72721931e-07
1.23000000e-01	5.38489586e+11	-6.60119321e+00	6.72721892e-07
1.24000000e-01	5.38489586e+11	-6.49696361e+00	6.72721853e-07
1.25000000e-01	5.38489586e+11	-6.39234249e+00	6.72721815e-07
1.26000000e-01	5.38489586e+11	-6.28822618e+00	6.72721778e-07
1.27000000e-01	5.38489586e+11	-6.19430318e+00	6.72721741e-07
1.28000000e-01	5.38489586e+11	-6.09585094e+00	6.72721705e-07
1.29000000e-01	5.38489586e+11	-5.99865760e+00	6.72721669e-07
1.30000000e-01	5.38489586e+11	-5.90949056e+00	6.72721634e-07
1.31000000e-01	5.38489586e+11	-5.81754175e+00	6.72721599e-07
1.32000000e-01	5.38489586e+11	-5.73153678e+00	6.72721565e-07
1.33000000e-01	5.38489586e+11	-5.64164898e+00	6.72721532e-07
1.34000000e-01	5.38489586e+11	-5.56149145e+00	6.72721499e-07
1.35000000e-01	5.38489586e+11	-5.47538258e+00	6.72721466e-07
1.36000000e-01	5.38489586e+11	-5.39401002e+00	6.72721434e-07
1.37000000e-01	5.38489586e+11	-5.31536808e+00	6.72721403e-07
1.38000000e-01	5.38489586e+11	-5.23745298e+00	6.72721372e-07
1.39000000e-01	5.38489586e+11	-5.16412214e+00	6.72721341e-07
1.40000000e-01	5.38489586e+11	-5.08653938e+00	6.72721311e-07
1.41000000e-01	5.38489586e+11	-5.01344832e+00	6.72721281e-07
1.42000000e-01	5.38489586e+11	-4.94382857e+00	6.72721252e-07
1.43000000e-01	5.38489586e+11	-4.87373155e+00	6.72721223e-07
1.44000000e-01	5.38489586e+11	-4.80506953e+00	6.72721194e-07
1.45000000e-01	5.38489586e+11	-4.73877963e+00	6.72721166e-07
1.46000000e-01	5.38489586e+11	-4.67384718e+00	6.72721138e-07
1.47000000e-01	5.38489586e+11	-4.61023537e+00	6.72721111e-07
1.48000000e-01	5.38489586e+11	-4.54790863e+00	6.72721084e-07
1.49000000e-01	5.38489586e+11	-4.48585601e+00	6.72721057e-07
1.50000000e-01	5.38489586e+11	-4.42697395e+00	6.72721031e-07
1.51000000e-01	5.38489586e+11	-4.36732408e+00	6.72721005e-07
1.52000000e-01	5.38489586e+11	-4.30882842e+00	6.72720979e-07
1.53000000e-01	5.38489586e+11	-4.25438658e+00	6.72720954e-07
1.54000000e-01	5.38489586e+11	-4.19518040e+00	6.72720929e-07
1.55000000e-01	5.38489586e+11	-4.14290046e+00	6.72720904e-07
1.56000000e-01	5.38489586e+11	-4.08873043e+00	6.72720880e-07
1.57000000e-01	5.38489586e+11	-4.03557359e+00	6.72720856e-07
1.58000000e-01	5.38489586e+11	-3.98340438e+00	6.72720832e-07
1.59000000e-01	5.38489586e+11	-3.93317459e+00	6.72720809e-07
1.60000000e-01	5.38489586e+11	-3.88290710e+00	6.72720785e-07
1.61000000e-01	5.38489586e+11	-3.83355522e+00	6.72720763e-07
1.62000000e-01	5.38489586e+11	-3.78314329e+00	6.72720740e-07
1.63000000e-01	5.38489586e+11	-3.73848539e+00	6.72720718e-07
1.64000000e-01	5.38489586e+11	-3.69272440e+00	6.72720696e-07
1.65000000e-01	5.38489586e+11	-3.64486322e+00	6.72720674e-07
1.66000000e-01	5.38489586e+11	-3.60074130e+00	6.72720653e-07
1.67000000e-01	5.38489586e+11	-3.55838617e+00	6.72720631e-07
1.68000000e-01	5.38489586e+11	-3.51484939e+00	6.72720610e-07
1.69000000e-01	5.38489586e+11	-3.46913620e+00	6.72720590e-07
1.70000000e-01	5.38489586e+11	-3.43099454e+00	6.72720569e-07
1.71000000e-01	5.38489586e+11	-3.39161819e+00	6.72720549e-07
1.72000000e-01	5.38489586e+11	-3.35001394e+00	6.72720529e-07
1.73000000e-01	5.38489586e+11	-3.31007185e+00	6.72720509e-07
1.74000000e-01	5.38489586e+11	-3.27177622e+00	6.72720490e-07
1.75000000e-01	5.38489586e+11	-3.23218208e+00	6.72720470e-07
1.76000000e-01	5.38489586e+11	-3.19420428e+00	6.72720451e-07
1.77000000e-01	5.38489586e+11	-3.15782841e+00	6.72720432e-07
1.78000000e-01	5.38489586e+11	-3.12304046e+00	6.72720414e-07
1.79000000e-01	5.38489586e+11	-3.08689711e+00	6.72720395e-07
1.80000000e-01	5.38489586e+11	-3.05231481e+00	6.72720377e-07
1.81000000e-01	5.38489586e+11	-3.01439786e+00	6.72720359e-07
1.82000000e-01	5.38489586e+11	-2.98192280e+00	6.72720341e-07
1.83000000e-01	5.38489586e+11	-2.95097119e+00	6.72720323e-07
1.84000000e-01	5.38489586e+11	-2.91567179e+00	6.72720306e-07
1.85000000e-01	5.38489586e+11	-2.88480215e+00	6.72720289e-07
1.86000000e-01	5.38489586e+11	-2.84956195e+00	6.72720272e-07
1.87000000e-01	5.38489586e+11	-2.82068247e+00	6.72720255e-07
1.88000000e-01	5.38489586e+11	-2.78838744e+00	6.72720238e-07
1.89000000e-01	5.38489586e+11	-2.75852587e+00	6.72720221e-07
1.90000000e-01	5.38489586e+11	-2.72815800e+00	6.72720205e-07
1.91000000e-01	5.38489586e+11	-2.69629744e+00	6.72720189e-07
1.92000000e-01	5.38489586e+11	-2.67074712e+00	6.72720173e-07
1.93000000e-01	5.38489586e+11	-2.64173210e+00	6.72720157e-07
1.94000000e-01	5.38489586e+11	-2.61119641e+00	6.72720141e-07
1.95000000e-01	5.38489586e+11	-2.58303747e+00	6.72720126e-07
1.96000000e-01	5.38489586e+11	-2.55919978e+00	6.72720110e-07
1.97000000e-01	5.38489586e+11	-2.53088586e+00	6.72720095e-07
1.98000000e-01	5.38489586e+11	-2.50394690e+00	6.72720080e-07
1.99000000e-01	5.38489586e+11	-2.47739835e+00	6.72720065e-07
2.00000000e-01	5.38489586e+11	-2.45025586e+00	6.72720050e-07
2.01000000e-01	5.38489586e+11	-2.42739464e+00	6.72720035e-07
2.02000000e-01	5.38489586e+11	-2.40099479e+00	6.72720021e-07
2.03000000e-01	5.38489586e+11	-2.37690845e+00	6.72720007e-07
2.04000000e-01	5.38489586e+11	-2.35317546e+00	6.72719992e-07
2.05000000e-01	5.38489586e+11	-2.32783581e+00	6.72719978e-07
2.06000000e-01	5.38489586e+11	-2.30478903e+00	6.72719964e-07
2.07000000e-01	5.38489586e+11	-2.28109890e+00	6.72719951e-07
2.08000000e-01	5.38489586e+11	-2.25871213e+00	6.72719937e-07
2.09000000e-01	5.38489586e+11	-2.23566938e+00	6.72719923e-07
2.10000000e-01	5.38489586e+11	-2.21489424e+00	6.72719910e-07
2.11000000e-01	5.38489586e+11	-2.19247450e+00	6.72719897e-07
2.12000000e-01	5.38489586e+11	-2.17133405e+00	6.72719884e-07
2.13000000e-01	5.38489586e+11	-2.14853752e+00	6.72719871e-07
2.14000000e-01	5.38489586e+11	-2.12603252e+00	6.72719858e-07
2.15000000e-01	5.38489586e+11	-2.10576673e+00	6.72719845e-07
2.16000000e-01	5.38489586e+11	-2.08675833e+00	6.72719832e-07
2.17000000e-01	5.38489586e+11	-2.06607246e+00	6.72719820e-07
2.18000000e-01	5.38489586e+11	-2.04663375e+00	6.72719807e-07
2.19000000e-01	5.38489586e+11	-2.02648416e+00	6.72719795e-07
2.20000000e-01	5.38489586e+11	-2.00561886e+00	6.72719783e-07
2.21000000e-01	5.38489586e+11	-1.98793940e+00	6.72719771e-07
2.22000000e-01	5.38489586e+11	-1.96855835e+00	6.72719759e-07
2.23000000e-01	5.38489586e+11	-1.95137746e+00	6.72719747e-07
2.24000000e-01	5.38489586e+11	-1.93053296e+00	6.72719735e-07
2.25000000e-01	5.38489586e+11	-1.91187992e+00	6.72719723e-07
2.26000000e-01	5.38489586e+11	-1.89639069e+00	6.72719712e-07
2.27000000e-01	5.38489586e+11	-1.87624865e+00	6.72719700e-07
2.28000000e-01	5.38489586e+11	-1.85828572e+00	6.72719689e-07
2.29000000e-01	5.38489586e+11	-1.84249796e+00	6.72719678e-07
2.30000000e-01	5.38489586e+11	-1.82497526e+00	6.72719666e-07
2.31000000e-01	5.38489586e+11	-1.80766698e+00	6.72719655e-07
2.32000000e-01	5.38489586e+11	-1.79252256e+00	6.72719644e-07
2.33000000e-01	5.38489586e+11	-1.77465557e+00	6.72719634e-07
2.34000000e-01	5.38489586e+11	-1.75796873e+00	6.72719623e-07
2.35000000e-01	5.38489586e+11	-1.74148202e+00	6.72719612e-07
2.36000000e-01	5.38489586e+11	-1.72519206e+00	6.72719601e-07
2.37000000e-01	5.38489586e+11	-1.71202521e+00	6.72719591e-07
2.38000000e-01	5.38489586e+11	-1.69611886e+00	6.72719580e-07
2.39000000e-01	5.38489586e+11	-1.68039953e+00	6.72719570e-07
2.40000000e-01	5.38489586e+11	-1.66486409e+00	6.72719560e-07
2.41000000e-01	5.38489586e+11	-1.65048608e+00	6.72719550e-07
2.42000000e-01	5.38489586e+11	-1.63530937e+00	6.72719540e-07
2.43000000e-01	5.38489586e+11	-1.61933104e+00	6.72719530e-07
2.44000000e-01	5.38489586e+11	-1.60450137e+00	6.72719520e-07
2.45000000e-01	5.38489586e+11	-1.59130583e+00	6.72719510e-07
2.46000000e-01	5.38489586e+11	-1.57778854e+00	6.72719500e-07
2.47000000e-01	5.38489586e+11	-1.56345853e+00	6.72719490e-07
2.48000000e-01	5.38489586e+11	-1.54977801e+00	6.72719481e-07
2.49000000e-01	5.38489586e+11	-1.53674440e+00	6.72719471e-07
2.50000000e-01	5.38489586e+11	-1.52289031e+00	6.72719462e-07
2.51000000e-01	5.38489586e+11	-1.50918983e+00	6.72719452e-07
2.52000000e-01	5.38489586e+11	-1.49661709e+00	6.72719443e-07
2.53000000e-01	5.38489586e+11	-1.48468142e+00	6.72719434e-07
2.54000000e-01	5.38489586e+11	-1.47191564e+00	6.72719425e-07
2.55000000e-01	5.38489586e+11	-1.45880573e+00	6.72719416e-07
2.56000000e-01	5.38489586e+11	-1.44534945e+00	6.72719407e-07
2.57000000e-01	5.38489586e+11	-1.43252116e+00	6.72719398e-07
2.58000000e-01	5.38489586e+11	-1.42080698e+00	6.72719389e-07
2.59000000e-01	5.38489586e+11	-1.40922822e+00	6.72719380e-07
2.60000000e-01	5.38489586e+11	-1.39729452e+00	6.72719371e-07
2.61000000e-01	5.38489586e+11	-1.38598040e+00	6.72719363e-07
2.62000000e-01	5.38489586e+11	-1.37381903e+00	6.72719354e-07
2.63000000e-01	5.38489586e+11	-1.36276156e+00	6.72719346e-07
2.64000000e-01	5.38489586e+11	-1.35231779e+00	6.72719337e-07
2.65000000e-01	5.38489586e+11	-1.34004442e+00	6.72719329e-07
2.66000000e-01	5.38489586e+11	-1.32886928e+00	6.72719320e-07
2.67000000e-01	5.38489586e+11	-1.31683743e+00	6.72719312e-07
2.68000000e-01	5.38489586e+11	-1.30736505e+00	6.72719304e-07
2.69000000e-01	5.38489586e+11	-1.29605586e+00	6.72719296e-07
2.70000000e-01	5.38489586e+11	-1.28339643e+00	6.72719288e-07
2.71000000e-01	5.38489586e+11	-1.27329130e+00	6.72719279e-07
2.72000000e-01	5.38489586e+11	-1.26378571e+00	6.72719272e-07
2.73000000e-01	5.38489586e+11	-1.25390145e+00	6.72719264e-07
2.74000000e-01	5.38489586e+11	-1.24266038e+00	6.72719256e-07
2.75000000e-01	5.38489586e+11	-1.23299060e+00	6.72719248e-07
2.76000000e-01	5.38489586e+11	-1.22244918e+00	6.72719240e-07
2.77000000e-01	5.38489586e+11	-1.21347601e+00	6.72719232e-07
2.78000000e-01	5.38489586e+11	-1.20313991e+00	6.72719225e-07
2.79000000e-01	5.38489586e+11	-1.19436911e+00	6.72719217e-07
2.80000000e-01	5.38489586e+11	-1.18423250e+00	6.72719210e-07
2.81000000e-01	5.38489586e+11	-1.17321695e+00	6.72719202e-07
2.82000000e-01	5.38489586e+11	-1.16425075e+00	6.72719195e-07
2.83000000e-01	5.38489586e+11	-1.15586772e+00	6.72719187e-07
2.84000000e-01	5.38489586e+11	-1.14660167e+00	6.72719180e-07
2.85000000e-01	5.38489586e+11	-1.13840442e+00	6.72719173e-07
2.86000000e-01	5.38489586e+11	-1.12688015e+00	6.72719166e-07
2.87000000e-01	5.38489586e+11	-1.11935181e+00	6.72719158e-07
2.88000000e-01	5.38489586e+11	-1.10947051e+00	6.72719151e-07
2.89000000e-01	5.38489586e+11	-1.10211782e+00	6.72719144e-07
2.90000000e-01	5.38489586e+11	-1.09289803e+00	6.72719137e-07
2.91000000e-01	5.38489586e+11	-1.08425136e+00	6.72719130e-07
2.92000000e-01	5.38489586e+11	-1.07471179e+00	6.72719123e-07
2.93000000e-01	5.38489586e+11	-1.06671961e+00	6.72719117e-07
2.94000000e-01	5.38489586e+11	-1.05929712e+00	6.72719110e-07
2.95000000e-01	5.38489586e+11	-1.04902526e+00	6.72719103e-07
2.96000000e-01	5.38489586e+11	-1.04176231e+00	6.72719096e-07
2.97000000e-01	5.38489586e+11	-1.03360097e+00	6.72719089e-07
2.98000000e-01	5.38489586e+11	-1.02551674e+00	6.72719083e-07
2.99000000e-01	5.38489586e+11	-1.01799687e+00	6.72719076e-07
3.00000000e-01	5.38489586e+11	-1.00957552e+00	6.72719070e-07
3.01000000e-01	5.38489586e+11	-1.00269309e+00	6.72719063e-07
3.02000000e-01	5.38489586e+11	-9.93930629e-01	6.72719057e-07
3.03000000e-01	5.38489586e+11	-9.88169992e-01	6.72719050e-07
3.04000000e-01	5.38489586e+11	-9.79062573e-01	6.72719044e-07
3.05000000e-01	5.38489586e+11	-9.71978534e-01	6.72719038e-07
3.06000000e-01	5.38489586e+11	-9.65452114e-01	6.72719031e-07
3.07000000e-01	5.38489586e+11	-9.57529286e-01	6.72719025e-07
3.08000000e-01	5.38489586e+11	-9.49185725e-01	6.72719019e-07
3.09000000e-01	5.38489586e+11	-9.42861965e-01	6.72719013e-07
3.10000000e-01	5.38489586e+11	-9.35139177e-01	6.72719006e-07
3.11000000e-01	5.38489586e+11	-9.27969642e-01	6.72719000e-07
3.12000000e-01	5.38489586e+11	-9.20864247e-01	6.72718994e-07
3.13000000e-01	5.38489586e+11	-9.13822174e-01	6.72718988e-07
3.14000000e-01	5.38489586e+11	-9.07330898e-01	6.72718982e-07
3.15000000e-01	5.38489586e+11	-8.99436501e-01	6.72718976e-07
3.16000000e-01	5.38489586e+11	-8.94532736e-01	6.72718970e-07
3.17000000e-01	5.38489586e+11	-8.86759458e-01	6.72718965e-07
3.18000000e-01	5.38489586e+11	-8.80510445e-01	6.72718959e-07
3.19000000e-01	5.38489586e+11	-8.72366982e-01	6.72718953e-07
3.20000000e-01	5.38489586e+11	-8.67699432e-01	6.72718947e-07
3.21000000e-01	5.38489586e+11	-8.60647698e-01	6.72718941e-07
3.22000000e-01	5.38489586e+11	-8.54140758e-01	6.72718936e-07
3.23000000e-01	5.38489586e+11	-8.47689633e-01	6.72718930e-07
3.24000000e-01	5.38489586e+11	-8.41293634e-01	6.72718924e-07
3.25000000e-01	5.38489586e+11	-8.36905209e-01	6.72718919e-07
3.26000000e-01	5.38489586e+11	-8.30129159e-01	6.72718913e-07
3.27000000e-01	5.38489586e+11	-8.24382797e-01	6.72718908e-07
3.28000000e-01	5.38489586e+11	-8.18688913e-01	6.72718902e-07
3.29000000e-01	5.38489586e+11	-8.13046870e-01	6.72718897e-07
3.30000000e-01	5.38489586e+11	-8.05014634e-01	6.72718891e-07
3.31000000e-01	5.38489586e+11	-7.99474400e-01	6.72718886e-07
3.32000000e-01	5.38489586e+11	-7.94472434e-01	6.72718881e-07
3.33000000e-01	5.38489586e+11	-7.89031575e-01	6.72718875e-07
3.34000000e-01	5.38489586e+11	-7.82662949e-01	6.72718870e-07
3.35000000e-01	5.38489586e+11	-7.78295664e-01	6.72718865e-07
3.36000000e-01	5.38489586e+11	-7.71046333e-01	6.72718860e-07
3.37000000e-01	5.38489586e+11	-7.65308923e-01	6.72718854e-07
3.38000000e-01	5.38489586e+11	-7.59618034e-01	6.72718849e-07
3.39000000e-01	5.38489586e+11	-7.54461399e-01	6.72718844e-07
3.40000000e-01	5.38489586e+11	-7.48861915e-01	6.72718839e-07
3.41000000e-01	5.38489586e+11	-7.44283895e-01	6.72718834e-07
3.42000000e-01	5.38489586e+11	-7.38285407e-01	6.72718829e-07
3.43000000e-01	5.38489586e+11	-7.32819060e-01	6.72718824e-07
3.44000000e-01	5.38489586e+11	-7.28860907e-01	6.72718819e-07
3.45000000e-01	5.38489586e+11	-7.22504196e-01	6.72718814e-07
3.46000000e-01	5.38489586e+11	-7.17654682e-01	6.72718809e-07
3.47000000e-01	5.38489586e+11	-7.12847035e-01	6.72718804e-07
3.48000000e-01	5.38489586e+11	-7.07592492e-01	6.72718799e-07
3.49000000e-01	5.38489586e+11	-7.02867142e-01	6.72718794e-07
3.50000000e-01	5.38489586e+11	-6.97693957e-01	6.72718790e-07
3.51000000e-01	5.38489586e+11	-6.93049037e-01	6.72718785e-07
3.52000000e-01	5.38489586e+11	-6.87467086e-01	6.72718780e-07
3.53000000e-01	5.38489586e+11	-6.82412500e-01	6.72718775e-07
3.54000000e-01	5.38489586e+11	-6.77884838e-01	6.72718771e-07
3.55000000e-01	5.38489586e+11	-6.72907102e-01	6.72718766e-07
3.56000000e-01	5.38489586e+11	-6.68943709e-01	6.72718761e-07
3.57000000e-01	5.38489586e+11	-6.64041110e-01	6.72718757e-07
3.58000000e-01	5.38489586e+11	-6.59663732e-01	6.72718752e-07
3.59000000e-01	5.38489586e+11	-6.53858038e-01	6.72718747e-07
3.60000000e-01	5.38489586e+11	-6.49553312e-01	6.72718743e-07
3.61000000e-01	5.38489586e+11	-6.44796029e-01	6.72718738e-07
3.62000000e-01	5.38489586e+11	-6.40074075e-01	6.72718734e-07
3.63000000e-01	5.38489586e+11	-6.36363625e-01	6.72718729e-07
3.64000000e-01	5.38489586e+11	-6.31711169e-01	6.72718725e-07
3.65000000e-01	5.38489586e+11	-6.26604611e-01	6.72718721e-07
3.66000000e-01	5.38489586e+11	-6.23484985e-01	6.72718716e-07
3.67000000e-01	5.38489586e+11	-6.17957390e-01	6.72718712e-07
3.68000000e-01	5.38489586e+11	-6.14415996e-01	6.72718707e-07
3.69000000e-01	5.38489586e+11	-6.09442475e-01	6.72718703e-07
3.70000000e-01	5.38489586e+11	-6.06942724e-01	6.72718699e-07
3.71000000e-01	5.38489586e+11	-6.02521864e-01	6.72718694e-07
3.72000000e-01	5.38489586e+11	-5.97156113e-01	6.72718690e-07
3.73000000e-01	5.38489586e+11	-5.93774819e-01	6.72718686e-07
3.74000000e-01	5.38489586e+11	-5.89447961e-01	6.72718682e-07
3.75000000e-01	5.38489586e+11	-5.84175208e-01	6.72718678e-07
3.76000000e-01	5.38489586e+11	-5.81374203e-01	6.72718673e-07
3.77000000e-01	5.38489586e+11	-5.77138374e-01	6.72718669e-07
3.78000000e-01	5.38489586e+11	-5.73420530e-01	6.72718665e-07
3.79000000e-01	5.38489586e+11	-5.68267233e-01	6.72718661e-07
3.80000000e-01	5.38489586e+11	-5.65584422e-01	6.72718657e-07
3.81000000e-01	5.38489586e+11	-5.61953825e-01	6.72718653e-07
3.82000000e-01	5.38489586e+11	-5.57375141e-01	6.72718649e-07
3.83000000e-01	5.38489586e+11	-5.52824635e-01	6.72718645e-07
3.84000000e-01	5.38489586e+11	-5.49766858e-01	6.72718641e-07
3.85000000e-01	5.38489586e+11	-5.46248395e-01	6.72718637e-07
3.86000000e-01	5.38489586e+11	-5.40804118e-01	6.72718633e-07
3.87000000e-01	5.38489586e+11	-5.38316556e-01	6.72718629e-07
3.88000000e-01	5.38489586e+11	-5.33902619e-01	6.72718625e-07
3.89000000e-01	5.38489586e+11	-5.31956563e-01	6.72718621e-07
3.90000000e-01	5.38489586e+11	-5.27107025e-01	6.72718617e-07
3.91000000e-01	5.38489586e+11	-5.23259984e-01	6.72718613e-07
3.92000000e-01	5.38489586e+11	-5.20903460e-01	6.72718610e-07
3.93000000e-01	5.38489586e+11	-5.16619222e-01	6.72718606e-07
3.94000000e-01	5.38489586e+11	-5.13824981e-01	6.72718602e-07
3.95000000e-01	5.38489586e+11	-5.10079076e-01	6.72718598e-07
3.96000000e-01	5.38489586e+11	-5.07822663e-01	6.72718594e-07
3.97000000e-01	5.38489586e+11	-5.04125805e-01	6.72718591e-07
3.98000000e-01	5.38489586e+11	-5.00453103e-01	6.72718587e-07
3.99000000e-01	5.38489586e+11	-4.96804314e-01	6.72718583e-07
4.00000000e-01	5.38489586e+11	-4.92202636e-01	6.72718580e-07
4.01000000e-01	5.38489586e+11	-4.89089241e-01	6.72718576e-07
4.02000000e-01	5.38489586e+11	-4.85510769e-01	6.72718572e-07
4.03000000e-01	5.38489586e+11	-4.83908398e-01	6.72718569e-07
4.04000000e-01	5.38489586e+11	-4.79399088e-01	6.72718565e-07
4.05000000e-01	5.38489586e+11	-4.76377145e-01	6.72718561e-07
4.06000000e-01	5.38489586e+11	-4.73377504e-01	6.72718558e-07
4.07000000e-01	5.38489586e+11	-4.71376509e-01	6.72718554e-07
4.08000000e-01	5.38489586e+11	-4.67444255e-01	6.72718551e-07
4.09000000e-01	5.38489586e+11	-4.64510218e-01	6.72718547e-07
4.10000000e-01	5.38489586e+11	-4.60132779e-01	6.72718544e-07
4.11000000e-01	5.38489586e+11	-4.58217981e-01	6.72718540e-07
4.12000000e-01	5.38489586e+11	-4.54371085e-01	6.72718537e-07
4.13000000e-01	5.38489586e+11	-4.52009858e-01	6.72718533e-07
4.14000000e-01	5.38489586e+11	-4.48692692e-01	6.72718530e-07
4.15000000e-01	5.38489586e+11	-4.45395952e-01	6.72718526e-07
4.16000000e-01	5.38489586e+11	-4.43096002e-01	6.72718523e-07
4.17000000e-01	5.38489586e+11	-4.38374682e-01	6.72718520e-07
4.18000000e-01	5.38489586e+11	-4.37091174e-01	6.72718516e-07
4.19000000e-01	5.38489586e+11	-4.34362477e-01	6.72718513e-07
4.20000000e-01	5.38489586e+11	-4.31653247e-01	6.72718509e-07
4.21000000e-01	5.38489586e+11	-4.28963300e-01	6.72718506e-07
4.22000000e-01	5.38489586e+11	-4.24827609e-01	6.72718503e-07
4.23000000e-01	5.38489586e+11	-4.22663963e-01	6.72718500e-07
4.24000000e-01	5.38489586e+11	-4.20519059e-01	6.72718496e-07
4.25000000e-01	5.38489586e+11	-4.17416157e-01	6.72718493e-07
4.26000000e-01	5.38489586e+11	-4.14331647e-01	6.72718490e-07
4.27000000e-01	5.38489586e+11	-4.11753637e-01	6.72718487e-07
4.28000000e-01	5.38489586e+11	-4.08217113e-01	6.72718483e-07
4.29000000e-01	5.38489586e+11	-4.05675033e-01	6.72718480e-07
4.30000000e-01	5.38489586e+11	-4.02662387e-01	6.72718477e-07
4.31000000e-01	5.38489586e+11	-4.01132135e-01	6.72718474e-07
4.32000000e-01	5.38489586e+11	-3.99130990e-01	6.72718471e-07
4.33000000e-01	5.38489586e+11	-3.95193947e-01	6.72718467e-07
4.34000000e-01	5.38489586e+11	-3.92738818e-01	6.72718464e-07
4.35000000e-01	5.38489586e+11	-3.90788882e-01	6.72718461e-07
4.36000000e-01	5.38489586e+11	-3.86902579e-01	6.72718458e-07
4.37000000e-01	5.38489586e+11	-3.84986006e-01	6.72718455e-07
4.38000000e-01	5.38489586e+11	-3.81621041e-01	6.72718452e-07
4.39000000e-01	5.38489586e+11	-3.79737223e-01	6.72718449e-07
4.40000000e-01	5.38489586e+11	-3.76892997e-01	6.72718446e-07
4.41000000e-01	5.38489586e+11	-3.74553062e-01	6.72718443e-07
4.42000000e-01	5.38489586e+11	-3.73205553e-01	6.72718440e-07
4.43000000e-01	5.38489586e+11	-3.70408921e-01	6.72718437e-07
4.44000000e-01	5.38489586e+11	-3.67627868e-01	6.72718434e-07
4.45000000e-01	5.38489586e+11	-3.64862255e-01	6.72718431e-07
4.46000000e-01	5.38489586e+11	-3.63088506e-01	6.72718428e-07
4.47000000e-01	5.38489586e+11	-3.59865077e-01	6.72718425e-07
4.48000000e-01	5.38489586e+11	-3.57144959e-01	6.72718422e-07
4.49000000e-01	5.38489586e+11	-3.55416298e-01	6.72718419e-07
4.50000000e-01	5.38489586e+11	-3.52725839e-01	6.72718416e-07
4.51000000e-01	5.38489586e+11	-3.50538293e-01	6.72718413e-07
4.52000000e-01	5.38489586e+11	-3.48853531e-01	6.72718410e-07
4.53000000e-01	5.38489586e+11	-3.46206582e-01	6.72718407e-07
4.54000000e-01	5.38489586e+11	-3.43573881e-01	6.72718405e-07
4.55000000e-01	5.38489586e+11	-3.41443586e-01	6.72718402e-07
4.56000000e-01	5.38489586e+11	-3.38350727e-01	6.72718399e-07
4.57000000e-01	5.38489586e+11	-3.37713152e-01	6.72718396e-07
4.58000000e-01	5.38489586e+11	-3.35624490e-01	6.72718393e-07
4.59000000e-01	5.38489586e+11	-3.32084620e-01	6.72718391e-07
4.60000000e-01	5.38489586e+11	-3.30999675e-01	6.72718388e-07
4.61000000e-01	5.38489586e+11	-3.28951568e-01	6.72718385e-07
4.62000000e-01	5.38489586e+11	-3.25940183e-01	6.72718382e-07
4.63000000e-01	5.38489586e+11	-3.23918532e-01	6.72718379e-07
4.64000000e-01	5.38489586e+11	-3.22398218e-01	6.72718377e-07
4.65000000e-01	5.38489586e+11	-3.19914287e-01	6.72718374e-07
4.66000000e-01	5.38489586e+11	-3.17931471e-01	6.72718371e-07
4.67000000e-01	5.38489586e+11	-3.15473097e-01	6.72718369e-07
4.68000000e-01	5.38489586e+11	-3.13515620e-01	6.72718366e-07
4.69000000e-01	5.38489586e+11	-3.12058932e-01	6.72718363e-07
4.70000000e-01	5.38489586e+11	-3.09638083e-01	6.72718361e-07
4.71000000e-01	5.38489586e+11	-3.07229531e-01	6.72718358e-07
4.72000000e-01	5.38489586e+11	-3.05321452e-01	6.72718355e-07
4.73000000e-01	5.38489586e+11	-3.02937180e-01	6.72718353e-07
4.74000000e-01	5.38489586e+11	-3.02029740e-01	6.72718350e-07
4.75000000e-01	5.38489586e+11	-2.98692780e-01	6.72718347e-07
4.76000000e-01	5.38489586e+11	-2.97320732e-01	6.72718345e-07
4.77000000e-01	5.38489586e+11	-2.95960371e-01	6.72718342e-07
4.78000000e-01	5.38489586e+11	-2.93635038e-01	6.72718340e-07
4.79000000e-01	5.38489586e+11	-2.91809480e-01	6.72718337e-07
4.80000000e-01	5.38489586e+11	-2.89507039e-01	6.72718334e-07
4.81000000e-01	5.38489586e+11	-2.88192463e-01	6.72718332e-07
4.82000000e-01	5.38489586e+11	-2.84935972e-01	6.72718329e-07
4.83000000e-01	5.38489586e+11	-2.83643722e-01	6.72718327e-07
4.84000000e-01	5.38489586e+11	-2.81874217e-01	6.72718324e-07
4.85000000e-01	5.38489586e+11	-2.79627364e-01	6.72718322e-07
4.86000000e-01	5.38489586e+11	-2.77879636e-01	6.72718319e-07
4.87000000e-01	5.38489586e+11	-2.75654382e-01	6.72718317e-07
4.88000000e-01	5.38489586e+11	-2.74416359e-01	6.72718314e-07
4.89000000e-01	5.38489586e+11	-2.72212352e-01	6.72718312e-07
4.90000000e-01	5.38489586e+11	-2.71239543e-01	6.72718309e-07
4.91000000e-01	5.38489586e+11	-2.69056438e-01	6.72718307e-07
4.92000000e-01	5.38489586e+11	-2.66883658e-01	6.72718305e-07
4.93000000e-01	5.38489586e+11	-2.65697680e-01	6.72718302e-07
4.94000000e-01	5.38489586e+11	-2.63301156e-01	6.72718300e-07
4.95000000e-01	5.38489586e+11	-2.61402988e-01	6.72718297e-07
4.96000000e-01	5.38489586e+11	-2.60003096e-01	6.72718295e-07
4.97000000e-01	5.38489586e+11	-2.58368978e-01	6.72718293e-07
4.98000000e-01	5.38489586e+11	-2.56988834e-01	6.72718290e-07
4.99000000e-01	5.38489586e+11	-2.55130164e-01	6.72718288e-07
5.00000000e-01	5.38489586e+11	-2.53281172e-01	6.72718285e-07
5.01000000e-01	5.38489586e+11	-2.52174201e-01	6.72718283e-07
5.02000000e-01	5.38489586e+11	-2.50344333e-01	6.72718281e-07
5.03000000e-01	5.38489586e+11	-2.48035632e-01	6.72718278e-07
5.04000000e-01	5.38489586e+11	-2.46712867e-01	6.72718276e-07
5.05000000e-01	5.38489586e+11	-2.45399400e-01	6.72718274e-07
5.06000000e-01	5.38489586e+11	-2.43851019e-01	6.72718272e-07
5.07000000e-01	5.38489586e+11	-2.42067650e-01	6.72718269e-07
5.08000000e-01	5.38489586e+11	-2.40537503e-01	6.72718267e-07
5.09000000e-01	5.38489586e+11	-2.38283944e-01	6.72718265e-07
5.10000000e-01	5.38489586e+11	-2.36771745e-01	6.72718262e-07
5.11000000e-01	5.38489586e+11	-2.36489119e-01	6.72718260e-07
5.12000000e-01	5.38489586e+11	-2.33529746e-01	6.72718258e-07
5.13000000e-01	5.38489586e+11	-2.30579105e-01	6.72718256e-07
5.14000000e-01	5.38489586e+11	-2.30322673e-01	6.72718253e-07
5.15000000e-01	5.38489586e+11	-2.28854135e-01	6.72718251e-07
5.16000000e-01	5.38489586e+11	-2.26905846e-01	6.72718249e-07
5.17000000e-01	5.38489586e+11	-2.25698442e-01	6.72718247e-07
5.18000000e-01	5.38489586e+11	-2.24255296e-01	6.72718245e-07
5.19000000e-01	5.38489586e+11	-2.22576343e-01	6.72718242e-07
5.20000000e-01	5.38489586e+11	-2.21638082e-01	6.72718240e-07
5.21000000e-01	5.38489586e+11	-2.19243184e-01	6.72718238e-07
5.22000000e-01	5.38489586e+11	-2.17832991e-01	6.72718236e-07
5.23000000e-01	5.38489586e+11	-2.17407443e-01	6.72718234e-07
5.24000000e-01	5.38489586e+11	-2.15525070e-01	6.72718232e-07
5.25000000e-01	5.38489586e+11	-2.13894797e-01	6.72718229e-07
5.26000000e-01	5.38489586e+11	-2.12028281e-01	6.72718227e-07
5.27000000e-01	5.38489586e+11	-2.09925463e-01	6.72718225e-07
5.28000000e-01	5.38489586e+11	-2.09539408e-01	6.72718223e-07
5.29000000e-01	5.38489586e+11	-2.08184511e-01	6.72718221e-07
5.30000000e-01	5.38489586e+11	-2.07081416e-01	6.72718219e-07
5.31000000e-01	5.38489586e+11	-2.05253504e-01	6.72718217e-07
5.32000000e-01	5.38489586e+11	-2.04165561e-01	6.72718215e-07
5.33000000e-01	5.38489586e+11	-2.02840968e-01	6.72718213e-07
5.34000000e-01	5.38489586e+11	-2.00303107e-01	6.72718211e-07
5.35000000e-01	5.38489586e+11	-1.98749187e-01	6.72718209e-07
5.36000000e-01	5.38489586e+11	-1.98667435e-01	6.72718206e-07
5.37000000e-01	5.38489586e+11	-1.96883967e-01	6.72718204e-07
5.38000000e-01	5.38489586e+11	-1.95107716e-01	6.72718202e-07
5.39000000e-01	5.38489586e+11	-1.94071048e-01	6.72718200e-07
5.40000000e-01	5.38489586e+11	-1.92553208e-01	6.72718198e-07
5.41000000e-01	5.38489586e+11	-1.91286565e-01	6.72718196e-07
5.42000000e-01	5.38489586e+11	-1.90026927e-01	6.72718194e-07
5.43000000e-01	5.38489586e+11	-1.89018382e-01	6.72718192e-07
5.44000000e-01	5.38489586e+11	-1.87284318e-01	6.72718190e-07
5.45000000e-01	5.38489586e+11	-1.86777807e-01	6.72718188e-07
5.46000000e-01	5.38489586e+11	-1.85057395e-01	6.72718186e-07
5.47000000e-01	5.38489586e+11	-1.83343733e-01	6.72718184e-07
5.48000000e-01	5.38489586e+11	-1.82125056e-01	6.72718182e-07
5.49000000e-01	5.38489586e+11	-1.80913031e-01	6.72718180e-07
5.50000000e-01	5.38489586e+11	-1.79219331e-01	6.72718179e-07
5.51000000e-01	5.38489586e+11	-1.78997031e-01	6.72718177e-07
5.52000000e-01	5.38489586e+11	-1.77316397e-01	6.72718175e-07
5.53000000e-01	5.38489586e+11	-1.75642226e-01	6.72718173e-07
5.54000000e-01	5.38489586e+11	-1.75683455e-01	6.72718171e-07
5.55000000e-01	5.38489586e+11	-1.73289648e-01	6.72718169e-07
5.56000000e-01	5.38489586e+11	-1.72855290e-01	6.72718167e-07
5.57000000e-01	5.38489586e+11	-1.71206507e-01	6.72718165e-07
5.58000000e-01	5.38489586e+11	-1.71272942e-01	6.72718163e-07
5.59000000e-01	5.38489586e+11	-1.67927598e-01	6.72718161e-07
5.60000000e-01	5.38489586e+11	-1.67518086e-01	6.72718159e-07
5.61000000e-01	5.38489586e+11	-1.66870535e-01	6.72718158e-07
5.62000000e-01	5.38489586e+11	-1.64520057e-01	6.72718156e-07
5.63000000e-01	5.38489586e+11	-1.63640437e-01	6.72718154e-07
5.64000000e-01	5.38489586e+11	-1.62766790e-01	6.72718152e-07
5.65000000e-01	5.38489586e+11	-1.61899072e-01	6.72718150e-07
5.66000000e-01	5.38489586e+11	-1.61037243e-01	6.72718148e-07
5.67000000e-01	5.38489586e+11	-1.58960557e-01	6.72718146e-07
5.68000000e-01	5.38489586e+11	-1.58598661e-01	6.72718145e-07
5.69000000e-01	5.38489586e+11	-1.57265966e-01	6.72718143e-07
5.70000000e-01	5.38489586e+11	-1.56183137e-01	6.72718141e-07
5.71000000e-01	5.38489586e+11	-1.54129430e-01	6.72718139e-07
5.72000000e-01	5.38489586e+11	-1.53302069e-01	6.72718137e-07
5.73000000e-01	5.38489586e+11	-1.52236174e-01	6.72718136e-07
5.74000000e-01	5.38489586e+11	-1.52396547e-01	6.72718134e-07
5.75000000e-01	5.38489586e+11	-1.50853464e-01	6.72718132e-07
5.76000000e-01	5.38489586e+11	-1.49560010e-01	6.72718130e-07
5.77000000e-01	5.38489586e+11	-1.48272007e-01	6.72718129e-07
5.78000000e-01	5.38489586e+11	-1.47233558e-01	6.72718127e-07
5.79000000e-01	5.38489586e+11	-1.46200485e-01	6.72718125e-07
5.80000000e-01	5.38489586e+11	-1.44928610e-01	6.72718123e-07
5.81000000e-01	5.38489586e+11	-1.44394459e-01	6.72718121e-07
5.82000000e-01	5.38489586e+11	-1.43133152e-01	6.72718120e-07
5.83000000e-01	5.38489586e+11	-1.41388793e-01	6.72718118e-07
5.84000000e-01	5.38489586e+11	-1.40626191e-01	6.72718116e-07
5.85000000e-01	5.38489586e+11	-1.40112888e-01	6.72718115e-07
5.86000000e-01	5.38489586e+11	-1.38139864e-01	6.72718113e-07
5.87000000e-01	5.38489586e+11	-1.37880913e-01	6.72718111e-07
5.88000000e-01	5.38489586e+11	-1.36894593e-01	6.72718109e-07
5.89000000e-01	5.38489586e+11	-1.35913293e-01	6.72718108e-07
5.90000000e-01	5.38489586e+11	-1.34936979e-01	6.72718106e-07
5.91000000e-01	5.38489586e+11	-1.33233194e-01	6.72718104e-07
5.92000000e-01	5.38489586e+11	-1.32999172e-01	6.72718103e-07
5.93000000e-01	5.38489586e+11	-1.31305191e-01	6.72718101e-07
5.94000000e-01	5.38489586e+11	-1.30836765e-01	6.72718099e-07
5.95000000e-01	5.38489586e+11	-1.29884878e-01	6.72718098e-07
5.96000000e-01	5.38489586e+11	-1.28937778e-01	6.72718096e-07
5.97000000e-01	5.38489586e+11	-1.27751292e-01	6.72718094e-07
5.98000000e-01	5.38489586e+11	-1.27301952e-01	6.72718093e-07
5.99000000e-01	5.38489586e+11	-1.25880742e-01	6.72718091e-07
6.00000000e-01	5.38489586e+11	-1.24708333e-01	6.72718089e-07
6.01000000e-01	5.38489586e+11	-1.24272976e-01	6.72718088e-07
6.02000000e-01	5.38489586e+11	-1.23109796e-01	6.72718086e-07
6.03000000e-01	5.38489586e+11	-1.22439465e-01	6.72718085e-07
6.04000000e-01	5.38489586e+11	-1.21041251e-01	6.72718083e-07
6.05000000e-01	5.38489586e+11	-1.19891686e-01	6.72718081e-07
6.06000000e-01	5.38489586e+11	-1.19723162e-01	6.72718080e-07
6.07000000e-01	5.38489586e+11	-1.18338384e-01	6.72718078e-07
6.08000000e-01	5.38489586e+11	-1.17690448e-01	6.72718077e-07
6.09000000e-01	5.38489586e+11	-1.16802762e-01	6.72718075e-07
6.10000000e-01	5.38489586e+11	-1.14942876e-01	6.72718073e-07
6.11000000e-01	5.38489586e+11	-1.14552167e-01	6.72718072e-07
6.12000000e-01	5.38489586e+11	-1.13921622e-01	6.72718070e-07
6.13000000e-01	5.38489586e+11	-1.12318792e-01	6.72718069e-07
6.14000000e-01	5.38489586e+11	-1.11696775e-01	6.72718067e-07
6.15000000e-01	5.38489586e+11	-1.10834838e-01	6.72718066e-07
6.16000000e-01	5.38489586e+11	-1.09977095e-01	6.72718064e-07
6.17000000e-01	5.38489586e+11	-1.09123520e-01	6.72718062e-07
6.18000000e-01	5.38489586e+11	-1.08518225e-01	6.72718061e-07
6.19000000e-01	5.38489586e+11	-1.08161185e-01	6.72718059e-07
6.20000000e-01	5.38489586e+11	-1.06831669e-01	6.72718058e-07
6.21000000e-01	5.38489586e+11	-1.05506214e-01	6.72718056e-07
6.22000000e-01	5.38489586e+11	-1.04428934e-01	6.72718055e-07
6.23000000e-01	5.38489586e+11	-1.04088085e-01	6.72718053e-07
6.24000000e-01	5.38489586e+11	-1.03018796e-01	6.72718052e-07
6.25000000e-01	5.38489586e+11	-1.02197606e-01	6.72718050e-07
6.26000000e-01	5.38489586e+11	-1.01136207e-01	6.72718049e-07
6.27000000e-01	5.38489586e+11	-1.00078716e-01	6.72718047e-07
6.28000000e-01	5.38489586e+11	-9.97575291e-02	6.72718046e-07
6.29000000e-01	5.38489586e+11	-9.82194965e-02	6.72718044e-07
6.30000000e-01	5.38489586e+11	-9.74177190e-02	6.72718043e-07
6.31000000e-01	5.38489586e+11	-9.63756098e-02	6.72718041e-07
6.32000000e-01	5.38489586e+11	-9.70462698e-02	6.72718040e-07
6.33000000e-01	5.38489586e+11	-9.50351439e-02	6.72718038e-07
6.34000000e-01	5.38489586e+11	-9.44925989e-02	6.72718037e-07
6.35000000e-01	5.38489586e+11	-9.41979083e-02	6.72718035e-07
6.36000000e-01	5.38489586e+11	-9.31744861e-02	6.72718034e-07
6.37000000e-01	5.38489586e+11	-9.21547312e-02	6.72718033e-07
6.38000000e-01	5.38489586e+11	-9.11386204e-02	6.72718031e-07
6.39000000e-01	5.38489586e+11	-9.08585530e-02	6.72718030e-07
6.40000000e-01	5.38489586e+11	-9.00938032e-02	6.72718028e-07
6.41000000e-01	5.38489586e+11	-8.88443485e-02	6.72718027e-07
6.42000000e-01	5.38489586e+11	-8.80867291e-02	6.72718025e-07
6.43000000e-01	5.38489586e+11	-8.75767824e-02	6.72718024e-07
6.44000000e-01	5.38489586e+11	-8.65820646e-02	6.72718023e-07
6.45000000e-01	5.38489586e+11	-8.55908351e-02	6.72718021e-07
6.46000000e-01	5.38489586e+11	-8.53354942e-02	6.72718020e-07
6.47000000e-01	5.38489586e+11	-8.45953174e-02	6.72718018e-07
6.48000000e-01	5.38489586e+11	-8.33702835e-02	6.72718017e-07
6.49000000e-01	5.38489586e+11	-8.33693558e-02	6.72718015e-07
6.50000000e-01	5.38489586e+11	-8.26393882e-02	6.72718014e-07
6.51000000e-01	5.38489586e+11	-8.14245007e-02	6.72718013e-07
6.52000000e-01	5.38489586e+11	-8.11895164e-02	6.72718011e-07
6.53000000e-01	5.38489586e+11	-7.99812899e-02	6.72718010e-07
6.54000000e-01	5.38489586e+11	-7.92646446e-02	6.72718009e-07
6.55000000e-01	5.38489586e+11	-7.78188573e-02	6.72718007e-07
6.56000000e-01	5.38489586e+11	-7.78411736e-02	6.72718006e-07
6.57000000e-01	5.38489586e+11	-7.73784487e-02	6.72718004e-07
6.58000000e-01	5.38489586e+11	-7.69189441e-02	6.72718003e-07
6.59000000e-01	5.38489586e+11	-7.59743590e-02	6.72718002e-07
6.60000000e-01	5.38489586e+11	-7.47888148e-02	6.72718000e-07
6.61000000e-01	5.38489586e+11	-7.45829952e-02	6.72717999e-07
6.62000000e-01	5.38489586e+11	-7.36478969e-02	6.72717998e-07
6.63000000e-01	5.38489586e+11	-7.22276415e-02	6.72717996e-07
6.64000000e-01	5.38489586e+11	-7.22753351e-02	6.72717995e-07
6.65000000e-01	5.38489586e+11	-7.15936936e-02	6.72717994e-07
6.66000000e-01	5.38489586e+11	-7.11592608e-02	6.72717992e-07
6.67000000e-01	5.38489586e+11	-6.99954560e-02	6.72717991e-07
6.68000000e-01	5.38489586e+11	-6.98112451e-02	6.72717990e-07
6.69000000e-01	5.38489586e+11	-6.91417664e-02	6.72717988e-07
6.70000000e-01	5.38489586e+11	-6.82311425e-02	6.72717987e-07
6.71000000e-01	5.38489586e+11	-6.73234962e-02	6.72717986e-07
6.72000000e-01	5.38489586e+11	-6.64188098e-02	6.72717984e-07
6.73000000e-01	5.38489586e+11	-6.62494875e-02	6.72717983e-07
6.74000000e-01	5.38489586e+11	-6.53506682e-02	6.72717982e-07
6.75000000e-01	5.38489586e+11	-6.46988970e-02	6.72717981e-07
6.76000000e-01	5.38489586e+11	-6.35617350e-02	6.72717979e-07
6.77000000e-01	5.38489586e+11	-6.36481493e-02	6.72717978e-07
6.78000000e-01	5.38489586e+11	-6.27608575e-02	6.72717977e-07
6.79000000e-01	5.38489586e+11	-6.18764052e-02	6.72717975e-07
6.80000000e-01	5.38489586e+11	-6.14830570e-02	6.72717974e-07
6.81000000e-01	5.38489586e+11	-6.13366556e-02	6.72717973e-07
6.82000000e-01	5.38489586e+11	-6.02164816e-02	6.72717972e-07
6.83000000e-01	5.38489586e+11	-5.95873623e-02	6.72717970e-07
6.84000000e-01	5.38489586e+11	-5.89610002e-02	6.72717969e-07
6.85000000e-01	5.38489586e+11	-5.83373794e-02	6.72717968e-07
6.86000000e-01	5.38489586e+11	-5.74723431e-02	6.72717967e-07
6.87000000e-01	5.38489586e+11	-5.73424381e-02	6.72717965e-07
6.88000000e-01	5.38489586e+11	-5.62386642e-02	6.72717964e-07
6.89000000e-01	5.38489586e+11	-5.56258496e-02	6.72717963e-07
6.90000000e-01	5.38489586e+11	-5.47715568e-02	6.72717962e-07
6.91000000e-01	5.38489586e+11	-5.46523330e-02	6.72717960e-07
6.92000000e-01	5.38489586e+11	-5.40474597e-02	6.72717959e-07
6.93000000e-01	5.38489586e+11	-5.32010623e-02	6.72717958e-07
6.94000000e-01	5.38489586e+11	-5.28455478e-02	6.72717957e-07
6.95000000e-01	5.38489586e+11	-5.22484792e-02	6.72717956e-07
6.96000000e-01	5.38489586e+11	-5.16539824e-02	6.72717954e-07
6.97000000e-01	5.38489586e+11	-5.03296206e-02	6.72717953e-07
6.98000000e-01	5.38489586e+11	-4.99843637e-02	6.72717952e-07
6.99000000e-01	5.38489586e+11	-4.93974940e-02	6.72717951e-07
7.00000000e-01	5.38489586e+11	-4.90572782e-02	6.72717949e-07
7.01000000e-01	5.38489586e+11	-4.87195615e-02	6.72717948e-07
7.02000000e-01	5.38489586e+11	-4.81401889e-02	6.72717947e-07
7.03000000e-01	5.38489586e+11	-4.73191464e-02	6.72717946e-07
7.04000000e-01	5.38489586e+11	-4.67447011e-02	6.72717945e-07
7.05000000e-01	5.38489586e+11	-4.69051204e-02	6.72717944e-07
7.06000000e-01	5.38489586e+11	-4.56031249e-02	6.72717942e-07
7.07000000e-01	5.38489586e+11	-4.52801070e-02	6.72717941e-07
7.08000000e-01	5.38489586e+11	-4.42270688e-02	6.72717940e-07
7.09000000e-01	5.38489586e+11	-4.36646998e-02	6.72717939e-07
7.10000000e-01	5.38489586e+11	-4.31047053e-02	6.72717938e-07
7.11000000e-01	5.38489586e+11	-4.25470720e-02	6.72717936e-07
7.12000000e-01	5.38489586e+11	-4.24800679e-02	6.72717935e-07
7.13000000e-01	5.38489586e+11	-4.16829767e-02	6.72717934e-07
7.14000000e-01	5.38489586e+11	-4.13764884e-02	6.72717933e-07
7.15000000e-01	5.38489586e+11	-4.05840276e-02	6.72717932e-07
7.16000000e-01	5.38489586e+11	-3.97938626e-02	6.72717931e-07
7.17000000e-01	5.38489586e+11	-3.87618400e-02	6.72717930e-07
7.18000000e-01	5.38489586e+11	-3.84645096e-02	6.72717928e-07
7.19000000e-01	5.38489586e+11	-3.81694369e-02	6.72717927e-07
7.20000000e-01	5.38489586e+11	-3.78766093e-02	6.72717926e-07
7.21000000e-01	5.38489586e+11	-3.73418739e-02	6.72717925e-07
7.22000000e-01	5.38489586e+11	-3.65652182e-02	6.72717924e-07
7.23000000e-01	5.38489586e+11	-3.60349112e-02	6.72717923e-07
7.24000000e-01	5.38489586e+11	-3.50185188e-02	6.72717922e-07
7.25000000e-01	5.38489586e+11	-3.44925914e-02	6.72717921e-07
7.26000000e-01	5.38489586e+11	-3.49453983e-02	6.72717919e-07
7.27000000e-01	5.38489586e+11	-3.36913807e-02	6.72717918e-07
7.28000000e-01	5.38489586e+11	-3.34160735e-02	6.72717917e-07
7.29000000e-01	5.38489586e+11	-3.28987618e-02	6.72717916e-07
7.30000000e-01	5.38489586e+11	-3.21394340e-02	6.72717915e-07
7.31000000e-01	5.38489586e+11	-3.21146410e-02	6.72717914e-07
7.32000000e-01	5.38489586e+11	-3.20919493e-02	6.72717913e-07
7.33000000e-01	5.38489586e+11	-3.06065037e-02	6.72717912e-07
7.34000000e-01	5.38489586e+11	-3.00996991e-02	6.72717911e-07
7.35000000e-01	5.38489586e+11	-2.98391022e-02	6.72717910e-07
7.36000000e-01	5.38489586e+11	-2.93364208e-02	6.72717908e-07
7.37000000e-01	5.38489586e+11	-2.93240653e-02	6.72717907e-07
7.38000000e-01	5.38489586e+11	-2.83371812e-02	6.72717906e-07
7.39000000e-01	5.38489586e+11	-2.83288822e-02	6.72717905e-07
7.40000000e-01	5.38489586e+11	-2.75901731e-02	6.72717904e-07
7.41000000e-01	5.38489586e+11	-2.75858869e-02	6.72717903e-07
7.42000000e-01	5.38489586e+11	-2.66070284e-02	6.72717902e-07
7.43000000e-01	5.38489586e+11	-2.63625712e-02	6.72717901e-07
7.44000000e-01	5.38489586e+11	-2.56318016e-02	6.72717900e-07
7.45000000e-01	5.38489586e+11	-2.49029902e-02	6.72717899e-07
7.46000000e-01	5.38489586e+11	-2.49085485e-02	6.72717898e-07
7.47000000e-01	5.38489586e+11	-2.34512004e-02	6.72717897e-07
7.48000000e-01	5.38489586e+11	-2.34606230e-02	6.72717896e-07
7.49000000e-01	5.38489586e+11	-2.24953998e-02	6.72717895e-07
7.50000000e-01	5.38489586e+11	-2.20203644e-02	6.72717894e-07
7.51000000e-01	5.38489586e+11	-2.17913660e-02	6.72717892e-07
7.52000000e-01	5.38489586e+11	-2.13201132e-02	6.72717891e-07
7.53000000e-01	5.38489586e+11	-2.06065960e-02	6.72717890e-07
7.54000000e-01	5.38489586e+11	-2.03832264e-02	6.72717889e-07
7.55000000e-01	5.38489586e+11	-1.99175726e-02	6.72717888e-07
7.56000000e-01	5.38489586e+11	-1.99420466e-02	6.72717887e-07
7.57000000e-01	5.38489586e+11	-1.94800763e-02	6.72717886e-07
7.58000000e-01	5.38489586e+11	-1.82875112e-02	6.72717885e-07
7.59000000e-01	5.38489586e+11	-1.85616075e-02	6.72717884e-07
7.60000000e-01	5.38489586e+11	-1.73726680e-02	6.72717883e-07
7.61000000e-01	5.38489586e+11	-1.66738082e-02	6.72717882e-07
7.62000000e-01	5.38489586e+11	-1.69533000e-02	6.72717881e-07
7.63000000e-01	5.38489586e+11	-1.60138684e-02	6.72717880e-07
7.64000000e-01	5.38489586e+11	-1.55644884e-02	6.72717879e-07
7.65000000e-01	5.38489586e+11	-1.51168695e-02	6.72717878e-07
7.66000000e-01	5.38489586e+11	-1.49151431e-02	6.72717877e-07
7.67000000e-01	5.38489586e+11	-1.52034408e-02	6.72717876e-07
7.68000000e-01	5.38489586e+11	-1.45169098e-02	6.72717875e-07
7.69000000e-01	5.38489586e+11	-1.40762440e-02	6.72717874e-07
7.70000000e-01	5.38489586e+11	-1.31490128e-02	6.72717873e-07
7.71000000e-01	5.38489586e+11	-1.32000510e-02	6.72717872e-07
7.72000000e-01	5.38489586e+11	-1.25203653e-02	6.72717871e-07
7.73000000e-01	5.38489586e+11	-1.20865095e-02	6.72717870e-07
7.74000000e-01	5.38489586e+11	-1.16543342e-02	6.72717869e-07
7.75000000e-01	5.38489586e+11	-1.12238308e-02	6.72717868e-07
7.76000000e-01	5.38489586e+11	-1.07949906e-02	6.72717867e-07
7.77000000e-01	5.38489586e+11	-1.06119458e-02	6.72717866e-07
7.78000000e-01	5.38489586e+11	-9.69812522e-03	6.72717865e-07
7.79000000e-01	5.38489586e+11	-9.76250490e-03	6.72717864e-07
7.80000000e-01	5.38489586e+11	-8.85195143e-03	6.72717863e-07
7.81000000e-01	5.38489586e+11	-8.67544084e-03	6.72717862e-07
7.82000000e-01	5.38489586e+11	-8.25640235e-03	6.72717861e-07
7.83000000e-01	5.38489586e+11	-7.59482771e-03	6.72717860e-07
7.84000000e-01	5.38489586e+11	-7.66727126e-03	6.72717860e-07
7.85000000e-01	5.38489586e+11	-7.00888111e-03	6.72717859e-07
7.86000000e-01	5.38489586e+11	-6.59621168e-03	6.72717858e-07
7.87000000e-01	5.38489586e+11	-5.94097370e-03	6.72717857e-07
7.88000000e-01	5.38489586e+11	-5.77558107e-03	6.72717856e-07
7.89000000e-01	5.38489586e+11	-5.61174461e-03	6.72717855e-07
7.90000000e-01	5.38489586e+11	-5.44945645e-03	6.72717854e-07
7.91000000e-01	5.38489586e+11	-4.55628689e-03	6.72717853e-07
7.92000000e-01	5.38489586e+11	-4.64121253e-03	6.72717852e-07
7.93000000e-01	5.38489586e+11	-3.75110064e-03	6.72717851e-07
7.94000000e-01	5.38489586e+11	-3.83906855e-03	6.72717850e-07
7.95000000e-01	5.38489586e+11	-3.19612425e-03	6.72717849e-07
7.96000000e-01	5.38489586e+11	-3.04296328e-03	6.72717848e-07
7.97000000e-01	5.38489586e+11	-2.15887499e-03	6.72717847e-07
7.98000000e-01	5.38489586e+11	-1.76455501e-03	6.72717846e-07
7.99000000e-01	5.38489586e+11	-1.61585528e-03	6.72717845e-07
8.00000000e-01	5.38489586e+11	-7.36205912e-04	6.72717845e-07
8.01000000e-01	5.38489586e+11	-8.34583923e-04	6.72717844e-07
8.02000000e-01	5.38489586e+11	-2.01997640e-04	6.72717843e-07
8.03000000e-01	5.38489586e+11	-5.91429325e-05	6.72717842e-07
8.04000000e-01	5.38489586e+11	5.70549911e-04	6.72717841e-07
8.05000000e-01	5.38489586e+11	7.10525556e-04	6.72717840e-07
8.06000000e-01	5.38489586e+11	1.09321300e-03	6.72717839e-07
8.07000000e-01	5.38489586e+11	1.23033807e-03	6.72717838e-07
8.08000000e-01	5.38489586e+11	1.85432968e-03	6.72717837e-07
8.09000000e-01	5.38489586e+11	2.47691356e-03	6.72717836e-07
8.10000000e-01	5.38489586e+11	2.85395604e-03	6.72717835e-07
8.11000000e-01	5.38489586e+11	2.49718278e-03	6.72717835e-07
8.12000000e-01	5.38489586e+11	3.60386625e-03	6.72717834e-07
8.13000000e-01	5.38489586e+11	4.22088829e-03	6.72717833e-07
8.14000000e-01	5.38489586e+11	4.34825566e-03	6.72717832e-07
8.15000000e-01	5.38489586e+11	4.23011574e-03	6.72717831e-07
8.16000000e-01	5.38489586e+11	5.08717833e-03	6.72717830e-07
8.17000000e-01	5.38489586e+11	5.45460635e-03	6.72717829e-07
8.18000000e-01	5.38489586e+11	5.33240641e-03	6.72717828e-07
8.19000000e-01	5.38489586e+11	5.94128820e-03	6.72717827e-07
8.20000000e-01	5.38489586e+11	6.06055514e-03	6.72717827e-07
8.21000000e-01	5.38489586e+11	6.91091685e-03	6.72717826e-07
8.22000000e-01	5.38489586e+11	7.02753602e-03	6.72717825e-07
8.23000000e-01	5.38489586e+11	7.38698157e-03	6.72717824e-07
8.24000000e-01	5.38489586e+11	7.74511925e-03	6.72717823e-07
8.25000000e-01	5.38489586e+11	8.10195541e-03	6.72717822e-07
8.26000000e-01	5.38489586e+11	8.45749634e-03	6.72717821e-07
8.27000000e-01	5.38489586e+11	8.32346704e-03	6.72717821e-07
8.28000000e-01	5.38489586e+11	9.16471750e-03	6.72717820e-07
8.29000000e-01	5.38489586e+11	9.76055078e-03	6.72717819e-07
8.30000000e-01	5.38489586e+11	9.86683239e-03	6.72717818e-07
8.31000000e-01	5.38489586e+11	1.02159903e-02	6.72717817e-07
8.32000000e-01	5.38489586e+11	1.03197494e-02	6.72717816e-07
8.33000000e-01	5.38489586e+11	1.09105376e-02	6.72717815e-07
8.34000000e-01	5.38489586e+11	1.17442201e-02	6.72717815e-07
8.35000000e-01	5.38489586e+11	1.20883813e-02	6.72717814e-07
8.36000000e-01	5.38489586e+11	1.19430268e-02	6.72717813e-07
8.37000000e-01	5.38489586e+11	1.22847253e-02	6.72717812e-07
8.38000000e-01	5.38489586e+11	1.23810605e-02	6.72717811e-07
8.39000000e-01	5.38489586e+11	1.27203197e-02	6.72717810e-07
8.40000000e-01	5.38489586e+11	1.28142274e-02	6.72717810e-07
8.41000000e-01	5.38489586e+11	1.36393517e-02	6.72717809e-07
8.42000000e-01	5.38489586e+11	1.32425735e-02	6.72717808e-07
8.43000000e-01	5.38489586e+11	1.40653047e-02	6.72717807e-07
8.44000000e-01	5.38489586e+11	1.43985665e-02	6.72717806e-07
8.45000000e-01	5.38489586e+11	1.44865052e-02	6.72717805e-07
8.46000000e-01	5.38489586e+11	1.48174077e-02	6.72717805e-07
8.47000000e-01	5.38489586e+11	1.49029982e-02	6.72717804e-07
8.48000000e-01	5.38489586e+11	1.54757041e-02	6.72717803e-07
8.49000000e-01	5.38489586e+11	1.65355309e-02	6.72717802e-07
8.50000000e-01	5.38489586e+11	1.63734998e-02	6.72717801e-07
8.51000000e-01	5.38489586e+11	1.66986005e-02	6.72717801e-07
8.52000000e-01	5.38489586e+11	1.67784165e-02	6.72717800e-07
8.53000000e-01	5.38489586e+11	1.73453750e-02	6.72717799e-07
8.54000000e-01	5.38489586e+11	1.76670596e-02	6.72717798e-07
8.55000000e-01	5.38489586e+11	1.79876161e-02	6.72717797e-07
8.56000000e-01	5.38489586e+11	1.83070498e-02	6.72717796e-07
8.57000000e-01	5.38489586e+11	1.86253660e-02	6.72717796e-07
8.58000000e-01	5.38489586e+11	1.89425698e-02	6.72717795e-07
8.59000000e-01	5.38489586e+11	1.90145259e-02	6.72717794e-07
8.60000000e-01	5.38489586e+11	1.95736611e-02	6.72717793e-07
8.61000000e-01	5.38489586e+11	1.96434182e-02	6.72717793e-07
8.62000000e-01	5.38489586e+11	1.94679429e-02	6.72717792e-07
8.63000000e-01	5.38489586e+11	2.02679433e-02	6.72717791e-07
8.64000000e-01	5.38489586e+11	2.00902995e-02	6.72717790e-07
8.65000000e-01	5.38489586e+11	2.08881414e-02	6.72717789e-07
8.66000000e-01	5.38489586e+11	2.09524898e-02	6.72717789e-07
8.67000000e-01	5.38489586e+11	2.17481931e-02	6.72717788e-07
8.68000000e-01	5.38489586e+11	2.15662721e-02	6.72717787e-07
8.69000000e-01	5.38489586e+11	2.23598565e-02	6.72717786e-07
8.70000000e-01	5.38489586e+11	2.19316856e-02	6.72717785e-07
8.71000000e-01	5.38489586e+11	2.24790300e-02	6.72717785e-07
8.72000000e-01	5.38489586e+11	2.27811911e-02	6.72717784e-07
8.73000000e-01	5.38489586e+11	2.28381739e-02	6.72717783e-07
8.74000000e-01	5.38489586e+11	2.31382642e-02	6.72717782e-07
8.75000000e-01	5.38489586e+11	2.36814670e-02	6.72717782e-07
8.76000000e-01	5.38489586e+11	2.37353648e-02	6.72717781e-07
8.77000000e-01	5.38489586e+11	2.45206656e-02	6.72717780e-07
8.78000000e-01	5.38489586e+11	2.40842490e-02	6.72717779e-07
8.79000000e-01	5.38489586e+11	2.46233852e-02	6.72717779e-07
8.80000000e-01	5.38489586e+11	2.46732350e-02	6.72717778e-07
8.81000000e-01	5.38489586e+11	2.54545062e-02	6.72717777e-07
8.82000000e-01	5.38489586e+11	2.57465002e-02	6.72717776e-07
8.83000000e-01	5.38489586e+11	2.57933620e-02	6.72717775e-07
8.84000000e-01	5.38489586e+11	2.60833775e-02	6.72717775e-07
8.85000000e-01	5.38489586e+11	2.66165510e-02	6.72717774e-07
8.86000000e-01	5.38489586e+11	2.64163245e-02	6.72717773e-07
8.87000000e-01	5.38489586e+11	2.67034056e-02	6.72717772e-07
8.88000000e-01	5.38489586e+11	2.74777986e-02	6.72717772e-07
8.89000000e-01	5.38489586e+11	2.72746641e-02	6.72717771e-07
8.90000000e-01	5.38489586e+11	2.75588503e-02	6.72717770e-07
8.91000000e-01	5.38489586e+11	2.78420801e-02	6.72717770e-07
8.92000000e-01	5.38489586e+11	2.81243580e-02	6.72717769e-07
8.93000000e-01	5.38489586e+11	2.84056880e-02	6.72717768e-07
8.94000000e-01	5.38489586e+11	2.89302151e-02	6.72717767e-07
8.95000000e-01	5.38489586e+11	2.89655217e-02	6.72717767e-07
8.96000000e-01	5.38489586e+11	2.97323150e-02	6.72717766e-07
8.97000000e-01	5.38489586e+11	2.97657555e-02	6.72717765e-07
8.98000000e-01	5.38489586e+11	2.97982692e-02	6.72717764e-07
8.99000000e-01	5.38489586e+11	3.00740008e-02	6.72717764e-07
9.00000000e-01	5.38489586e+11	3.08370950e-02	6.72717763e-07
9.01000000e-01	5.38489586e+11	3.03785716e-02	6.72717762e-07
9.02000000e-01	5.38489586e+11	3.13839815e-02	6.72717761e-07
9.03000000e-01	5.38489586e+11	3.14119225e-02	6.72717761e-07
9.04000000e-01	5.38489586e+11	3.14389610e-02	6.72717760e-07
9.05000000e-01	5.38489586e+11	3.14651011e-02	6.72717759e-07
9.06000000e-01	5.38489586e+11	3.22227686e-02	6.72717759e-07
9.07000000e-01	5.38489586e+11	3.27354049e-02	6.72717758e-07
9.08000000e-01	5.38489586e+11	3.30030140e-02	6.72717757e-07
9.09000000e-01	5.38489586e+11	3.30255998e-02	6.72717756e-07
9.10000000e-01	5.38489586e+11	3.35355880e-02	6.72717756e-07
9.11000000e-01	5.38489586e+11	3.35564199e-02	6.72717755e-07
9.12000000e-01	5.38489586e+11	3.38205214e-02	6.72717754e-07
9.13000000e-01	5.38489586e+11	3.35954742e-02	6.72717754e-07
9.14000000e-01	5.38489586e+11	3.38578448e-02	6.72717753e-07
9.15000000e-01	5.38489586e+11	3.41193556e-02	6.72717752e-07
9.16000000e-01	5.38489586e+11	3.41358698e-02	6.72717752e-07
9.17000000e-01	5.38489586e+11	3.43956723e-02	6.72717751e-07
9.18000000e-01	5.38489586e+11	3.53870481e-02	6.72717750e-07
9.19000000e-01	5.38489586e+11	3.54010166e-02	6.72717749e-07
9.20000000e-01	5.38489586e+11	3.51700032e-02	6.72717749e-07
9.21000000e-01	5.38489586e+11	3.59147148e-02	6.72717748e-07
9.22000000e-01	5.38489586e+11	3.59261706e-02	6.72717747e-07
9.23000000e-01	5.38489586e+11	3.61809367e-02	6.72717747e-07
9.24000000e-01	5.38489586e+11	3.66790167e-02	6.72717746e-07
9.25000000e-01	5.38489586e+11	3.69321329e-02	6.72717745e-07
9.26000000e-01	5.38489586e+11	3.74285702e-02	6.72717745e-07
9.27000000e-01	5.38489586e+11	3.71917696e-02	6.72717744e-07
9.28000000e-01	5.38489586e+11	3.71982970e-02	6.72717743e-07
9.29000000e-01	5.38489586e+11	3.74481560e-02	6.72717743e-07
9.30000000e-01	5.38489586e+11	3.76972095e-02	6.72717742e-07
9.31000000e-01	5.38489586e+11	3.77013202e-02	6.72717741e-07
9.32000000e-01	5.38489586e+11	3.84370542e-02	6.72717740e-07
9.33000000e-01	5.38489586e+11	3.86837116e-02	6.72717740e-07
9.34000000e-01	5.38489586e+11	3.91737179e-02	6.72717739e-07
9.35000000e-01	5.38489586e+11	3.91746544e-02	6.72717738e-07
9.36000000e-01	5.38489586e+11	3.94189465e-02	6.72717738e-07
9.37000000e-01	5.38489586e+11	3.99065975e-02	6.72717737e-07
9.38000000e-01	5.38489586e+11	3.99051888e-02	6.72717736e-07
9.39000000e-01	5.38489586e+11	4.01471456e-02	6.72717736e-07
9.40000000e-01	5.38489586e+11	4.03883307e-02	6.72717735e-07
9.41000000e-01	5.38489586e+11	4.03846066e-02	6.72717734e-07
9.42000000e-01	5.38489586e+11	4.06242579e-02	6.72717734e-07
9.43000000e-01	5.38489586e+11	4.03748660e-02	6.72717733e-07
9.44000000e-01	5.38489586e+11	4.13454183e-02	6.72717732e-07
9.45000000e-01	5.38489586e+11	4.15827933e-02	6.72717732e-07
9.46000000e-01	5.38489586e+11	4.18194158e-02	6.72717731e-07
9.47000000e-01	5.38489586e+11	4.20552892e-02	6.72717730e-07
9.48000000e-01	5.38489586e+11	4.15579947e-02	6.72717730e-07
9.49000000e-01	5.38489586e+11	4.25248010e-02	6.72717729e-07
9.50000000e-01	5.38489586e+11	4.25143050e-02	6.72717729e-07
9.51000000e-01	5.38489586e+11	4.27472130e-02	6.72717728e-07
9.52000000e-01	5.38489586e+11	4.24911061e-02	6.72717727e-07
9.53000000e-01	5.38489586e+11	4.34549720e-02	6.72717727e-07
9.54000000e-01	5.38489586e+11	4.31974072e-02	6.72717726e-07
9.55000000e-01	5.38489586e+11	4.36715400e-02	6.72717725e-07
9.56000000e-01	5.38489586e+11	4.34125295e-02	6.72717725e-07
9.57000000e-01	5.38489586e+11	4.38852225e-02	6.72717724e-07
9.58000000e-01	5.38489586e+11	4.41130596e-02	6.72717723e-07
9.59000000e-01	5.38489586e+11	4.43401843e-02	6.72717723e-07
9.60000000e-01	5.38489586e+11	4.43224590e-02	6.72717722e-07
9.61000000e-01	5.38489586e+11	4.47923085e-02	6.72717721e-07
9.62000000e-01	5.38489586e+11	4.47731732e-02	6.72717721e-07
9.63000000e-01	5.38489586e+11	4.54857593e-02	6.72717720e-07
9.64000000e-01	5.38489586e+11	4.54652258e-02	6.72717720e-07
9.65000000e-01	5.38489586e+11	4.54439974e-02	6.72717719e-07
9.66000000e-01	5.38489586e+11	4.59103585e-02	6.72717718e-07
9.67000000e-01	5.38489586e+11	4.56436085e-02	6.72717718e-07
9.68000000e-01	5.38489586e+11	4.61085943e-02	6.72717717e-07
9.69000000e-01	5.38489586e+11	4.65728967e-02	6.72717716e-07
9.70000000e-01	5.38489586e+11	4.67923779e-02	6.72717716e-07
9.71000000e-01	5.38489586e+11	4.74994625e-02	6.72717715e-07
9.72000000e-01	5.38489586e+11	4.72293098e-02	6.72717714e-07
9.73000000e-01	5.38489586e+11	4.72026254e-02	6.72717714e-07
9.74000000e-01	5.38489586e+11	4.76635528e-02	6.72717713e-07
9.75000000e-01	5.38489586e+11	4.76355323e-02	6.72717713e-07
9.76000000e-01	5.38489586e+11	4.80951291e-02	6.72717712e-07
9.77000000e-01	5.38489586e+11	4.85540647e-02	6.72717711e-07
9.78000000e-01	5.38489586e+11	4.82799198e-02	6.72717711e-07
9.79000000e-01	5.38489586e+11	4.84934003e-02	6.72717710e-07
9.80000000e-01	5.38489586e+11	4.85841573e-02	6.72717710e-07
9.81000000e-01	5.38489586e+11	4.84301232e-02	6.72717709e-07
9.82000000e-01	5.38489586e+11	4.90078631e-02	6.72717708e-07
9.83000000e-01	5.38489586e+11	4.89746062e-02	6.72717708e-07
9.84000000e-01	5.38489586e+11	4.96731286e-02	6.72717707e-07
9.85000000e-01	5.38489586e+11	4.95165187e-02	6.72717706e-07
9.86000000e-01	5.38489586e+11	4.94813418e-02	6.72717706e-07
9.87000000e-01	5.38489586e+11	4.99338113e-02	6.72717705e-07
9.88000000e-01	5.38489586e+11	5.01415079e-02	6.72717705e-07
9.89000000e-01	5.38489586e+11	5.07147858e-02	6.72717704e-07
9.90000000e-01	5.38489586e+11	5.06770849e-02	6.72717703e-07
9.91000000e-01	5.38489586e+11	5.08829001e-02	6.72717703e-07
9.92000000e-01	5.38489586e+11	5.08439524e-02	6.72717702e-07
9.93000000e-01	5.38489586e+11	5.05602446e-02	6.72717702e-07
9.94000000e-01	5.38489586e+11	5.13745525e-02	6.72717701e-07
9.95000000e-01	5.38489586e+11	5.12116832e-02	6.72717700e-07
9.96000000e-01	5.38489586e+11	5.16585533e-02	6.72717700e-07
9.97000000e-01	5.38489586e+11	5.18606731e-02	6.72717699e-07
9.98000000e-01	5.38489586e+11	5.20621856e-02	6.72717699e-07
9.99000000e-01	5.38489586e+11	5.22630933e-02	6.72717698e-07
