1.00000000e-03	1.70285369e+09	-1.00010733e+05	1.21510992e-05
2.00000000e-03	1.70285364e+09	-2.50032217e+04	1.20563752e-05
3.00000000e-03	1.70285362e+09	-1.11125542e+04	1.20250542e-05
4.00000000e-03	1.70285361e+09	-6.25081403e+03	1.20094410e-05
5.00000000e-03	1.70285361e+09	-4.00052186e+03	1.20000882e-05
6.00000000e-03	1.70285360e+09	-2.77814075e+03	1.19938592e-05
7.00000000e-03	1.70285360e+09	-2.04108299e+03	1.19894131e-05
8.00000000e-03	1.70285360e+09	-1.56270429e+03	1.19860801e-05
9.00000000e-03	1.70285360e+09	-1.23472951e+03	1.19834888e-05
1.00000000e-02	1.70285360e+09	-1.00013100e+03	1.19814164e-05
1.10000000e-02	1.70285359e+09	-8.26554639e+02	1.19797213e-05
1.20000000e-02	1.70285359e+09	-6.94535468e+02	1.19783089e-05
1.30000000e-02	1.70285359e+09	-5.91793420e+02	1.19771140e-05
1.40000000e-02	1.70285359e+09	-5.10270998e+02	1.19760900e-05
1.50000000e-02	1.70285359e+09	-4.44502777e+02	1.19752026e-05
1.60000000e-02	1.70285359e+09	-3.90676147e+02	1.19744262e-05
1.70000000e-02	1.70285359e+09	-3.46066134e+02	1.19737412e-05
1.80000000e-02	1.70285359e+09	-3.08682524e+02	1.19731324e-05
1.90000000e-02	1.70285359e+09	-2.77044651e+02	1.19725877e-05
2.00000000e-02	1.70285359e+09	-2.50032785e+02	1.19720975e-05
2.10000000e-02	1.70285359e+09	-2.26787124e+02	1.19716540e-05
2.20000000e-02	1.70285359e+09	-2.06638652e+02	1.19712509e-05
2.30000000e-02	1.70285359e+09	-1.89060733e+02	1.19708828e-05
2.40000000e-02	1.70285359e+09	-1.73633887e+02	1.19705454e-05
2.50000000e-02	1.70285359e+09	-1.60021029e+02	1.19702351e-05
2.60000000e-02	1.70285359e+09	-1.47948437e+02	1.19699486e-05
2.70000000e-02	1.70285359e+09	-1.37192239e+02	1.19696833e-05
2.80000000e-02	1.70285359e+09	-1.27567800e+02	1.19694370e-05
2.90000000e-02	1.70285359e+09	-1.18921712e+02	1.19692077e-05
3.00000000e-02	1.70285359e+09	-1.11125689e+02	1.19689937e-05
3.10000000e-02	1.70285359e+09	-1.04071932e+02	1.19687935e-05
3.20000000e-02	1.70285359e+09	-9.76691034e+01	1.19686058e-05
3.30000000e-02	1.70285359e+09	-9.18394304e+01	1.19684295e-05
3.40000000e-02	1.70285359e+09	-8.65165497e+01	1.19682636e-05
3.50000000e-02	1.70285359e+09	-8.16433624e+01	1.19681071e-05
3.60000000e-02	1.70285359e+09	-7.71706036e+01	1.19679594e-05
3.70000000e-02	1.70285359e+09	-7.30555919e+01	1.19678196e-05
3.80000000e-02	1.70285359e+09	-6.92612058e+01	1.19676872e-05
3.90000000e-02	1.70285359e+09	-6.57548443e+01	1.19675616e-05
4.00000000e-02	1.70285359e+09	-6.25082026e+01	1.19674423e-05
4.10000000e-02	1.70285359e+09	-5.94961898e+01	1.19673287e-05
4.20000000e-02	1.70285359e+09	-5.66967961e+01	1.19672206e-05
4.30000000e-02	1.70285359e+09	-5.40903974e+01	1.19671176e-05
4.40000000e-02	1.70285359e+09	-5.16596869e+01	1.19670192e-05
4.50000000e-02	1.70285359e+09	-4.93891884e+01	1.19669252e-05
4.60000000e-02	1.70285359e+09	-4.72651622e+01	1.19668353e-05
4.70000000e-02	1.70285359e+09	-4.52753345e+01	1.19667492e-05
4.80000000e-02	1.70285359e+09	-4.34085201e+01	1.19666667e-05
4.90000000e-02	1.70285359e+09	-4.16547879e+01	1.19665875e-05
5.00000000e-02	1.70285359e+09	-4.00052604e+01	1.19665115e-05
5.10000000e-02	1.70285359e+09	-3.84517774e+01	1.19664386e-05
5.20000000e-02	1.70285359e+09	-3.69871091e+01	1.19663684e-05
5.30000000e-02	1.70285359e+09	-3.56045727e+01	1.19663008e-05
5.40000000e-02	1.70285359e+09	-3.42980714e+01	1.19662358e-05
5.50000000e-02	1.70285359e+09	-3.30621808e+01	1.19661731e-05
5.60000000e-02	1.70285359e+09	-3.18919468e+01	1.19661127e-05
5.70000000e-02	1.70285359e+09	-3.07827278e+01	1.19660544e-05
5.80000000e-02	1.70285359e+09	-2.97304251e+01	1.19659981e-05
5.90000000e-02	1.70285359e+09	-2.87311228e+01	1.19659437e-05
6.00000000e-02	1.70285359e+09	-2.77813966e+01	1.19658911e-05
6.10000000e-02	1.70285359e+09	-2.68780539e+01	1.19658403e-05
6.20000000e-02	1.70285359e+09	-2.60180073e+01	1.19657911e-05
6.30000000e-02	1.70285359e+09	-2.51985631e+01	1.19657434e-05
6.40000000e-02	1.70285359e+09	-2.44172699e+01	1.19656973e-05
6.50000000e-02	1.70285359e+09	-2.36717466e+01	1.19656525e-05
6.60000000e-02	1.70285359e+09	-2.29598556e+01	1.19656091e-05
6.70000000e-02	1.70285359e+09	-2.22795962e+01	1.19655671e-05
6.80000000e-02	1.70285359e+09	-2.16291051e+01	1.19655262e-05
6.90000000e-02	1.70285359e+09	-2.10067667e+01	1.19654865e-05
7.00000000e-02	1.70285359e+09	-2.04108351e+01	1.19654480e-05
7.10000000e-02	1.70285359e+09	-1.98399277e+01	1.19654106e-05
7.20000000e-02	1.70285359e+09	-1.92926418e+01	1.19653742e-05
7.30000000e-02	1.70285359e+09	-1.87677068e+01	1.19653388e-05
7.40000000e-02	1.70285359e+09	-1.82639004e+01	1.19653043e-05
7.50000000e-02	1.70285359e+09	-1.77801100e+01	1.19652708e-05
7.60000000e-02	1.70285359e+09	-1.73152887e+01	1.19652381e-05
7.70000000e-02	1.70285359e+09	-1.68684801e+01	1.19652063e-05
7.80000000e-02	1.70285359e+09	-1.64387061e+01	1.19651753e-05
7.90000000e-02	1.70285359e+09	-1.60251989e+01	1.19651451e-05
8.00000000e-02	1.70285359e+09	-1.56270610e+01	1.19651157e-05
8.10000000e-02	1.70285359e+09	-1.52435969e+01	1.19650870e-05
8.20000000e-02	1.70285359e+09	-1.48740655e+01	1.19650590e-05
8.30000000e-02	1.70285359e+09	-1.45178215e+01	1.19650316e-05
8.40000000e-02	1.70285359e+09	-1.41742057e+01	1.19650049e-05
8.50000000e-02	1.70285359e+09	-1.38426493e+01	1.19649789e-05
8.60000000e-02	1.70285359e+09	-1.35226023e+01	1.19649534e-05
8.70000000e-02	1.70285359e+09	-1.32135312e+01	1.19649285e-05
8.80000000e-02	1.70285359e+09	-1.29149095e+01	1.19649042e-05
8.90000000e-02	1.70285359e+09	-1.26263374e+01	1.19648805e-05
9.00000000e-02	1.70285359e+09	-1.23472963e+01	1.19648572e-05
9.10000000e-02	1.70285359e+09	-1.20774213e+01	1.19648345e-05
9.20000000e-02	1.70285359e+09	-1.18162936e+01	1.19648123e-05
9.30000000e-02	1.70285359e+09	-1.15635618e+01	1.19647905e-05
9.40000000e-02	1.70285359e+09	-1.13188330e+01	1.19647692e-05
9.50000000e-02	1.70285359e+09	-1.10817709e+01	1.19647484e-05
9.60000000e-02	1.70285359e+09	-1.08521103e+01	1.19647280e-05
9.70000000e-02	1.70285359e+09	-1.06295335e+01	1.19647080e-05
9.80000000e-02	1.70285359e+09	-1.04137078e+01	1.19646884e-05
9.90000000e-02	1.70285359e+09	-1.02043834e+01	1.19646693e-05
1.00000000e-01	1.70285359e+09	-1.00013203e+01	1.19646505e-05
1.01000000e-01	1.70285359e+09	-9.80424929e+00	1.19646320e-05
1.02000000e-01	1.70285359e+09	-9.61294381e+00	1.19646140e-05
1.03000000e-01	1.70285359e+09	-9.42720375e+00	1.19645963e-05
1.04000000e-01	1.70285359e+09	-9.24677486e+00	1.19645789e-05
1.05000000e-01	1.70285359e+09	-9.07148543e+00	1.19645619e-05
1.06000000e-01	1.70285359e+09	-8.90114652e+00	1.19645451e-05
1.07000000e-01	1.70285359e+09	-8.73554005e+00	1.19645287e-05
1.08000000e-01	1.70285359e+09	-8.57452502e+00	1.19645126e-05
1.09000000e-01	1.70285359e+09	-8.41790745e+00	1.19644968e-05
1.10000000e-01	1.70285359e+09	-8.26555812e+00	1.19644813e-05
1.11000000e-01	1.70285359e+09	-8.11728631e+00	1.19644661e-05
1.12000000e-01	1.70285359e+09	-7.97298056e+00	1.19644511e-05
1.13000000e-01	1.70285359e+09	-7.83249008e+00	1.19644364e-05
1.14000000e-01	1.70285359e+09	-7.69567394e+00	1.19644219e-05
1.15000000e-01	1.70285359e+09	-7.56243897e+00	1.19644077e-05
1.16000000e-01	1.70285359e+09	-7.43260210e+00	1.19643938e-05
1.17000000e-01	1.70285359e+09	-7.30609608e+00	1.19643801e-05
1.18000000e-01	1.70285359e+09	-7.18278990e+00	1.19643666e-05
1.19000000e-01	1.70285359e+09	-7.06258780e+00	1.19643534e-05
1.20000000e-01	1.70285359e+09	-6.94534883e+00	1.19643403e-05
1.21000000e-01	1.70285359e+09	-6.83104692e+00	1.19643275e-05
1.22000000e-01	1.70285359e+09	-6.71951125e+00	1.19643149e-05
1.23000000e-01	1.70285359e+09	-6.61068163e+00	1.19643025e-05
1.24000000e-01	1.70285359e+09	-6.50450915e+00	1.19642903e-05
1.25000000e-01	1.70285359e+09	-6.40084154e+00	1.19642783e-05
1.26000000e-01	1.70285359e+09	-6.29964048e+00	1.19642665e-05
1.27000000e-01	1.70285359e+09	-6.20082120e+00	1.19642549e-05
1.28000000e-01	1.70285359e+09	-6.10432101e+00	1.19642434e-05
1.29000000e-01	1.70285359e+09	-6.01003430e+00	1.19642321e-05
1.30000000e-01	1.70285359e+09	-5.91793447e+00	1.19642210e-05
1.31000000e-01	1.70285359e+09	-5.82793271e+00	1.19642101e-05
1.32000000e-01	1.70285359e+09	-5.73995412e+00	1.19641994e-05
1.33000000e-01	1.70285359e+09	-5.65397959e+00	1.19641888e-05
1.34000000e-01	1.70285359e+09	-5.56989308e+00	1.19641783e-05
1.35000000e-01	1.70285359e+09	-5.48769138e+00	1.19641680e-05
1.36000000e-01	1.70285359e+09	-5.40728177e+00	1.19641579e-05
1.37000000e-01	1.70285359e+09	-5.32863075e+00	1.19641479e-05
1.38000000e-01	1.70285359e+09	-5.25168765e+00	1.19641381e-05
1.39000000e-01	1.70285359e+09	-5.17639978e+00	1.19641284e-05
1.40000000e-01	1.70285359e+09	-5.10271239e+00	1.19641188e-05
1.41000000e-01	1.70285359e+09	-5.03058766e+00	1.19641094e-05
1.42000000e-01	1.70285359e+09	-4.95997409e+00	1.19641001e-05
1.43000000e-01	1.70285359e+09	-4.89085605e+00	1.19640909e-05
1.44000000e-01	1.70285359e+09	-4.82316216e+00	1.19640819e-05
1.45000000e-01	1.70285359e+09	-4.75686820e+00	1.19640730e-05
1.46000000e-01	1.70285359e+09	-4.69192843e+00	1.19640642e-05
1.47000000e-01	1.70285359e+09	-4.62830983e+00	1.19640555e-05
1.48000000e-01	1.70285359e+09	-4.56597683e+00	1.19640470e-05
1.49000000e-01	1.70285359e+09	-4.50490265e+00	1.19640385e-05
1.50000000e-01	1.70285359e+09	-4.44502351e+00	1.19640302e-05
1.51000000e-01	1.70285359e+09	-4.38634543e+00	1.19640220e-05
1.52000000e-01	1.70285359e+09	-4.32881058e+00	1.19640139e-05
1.53000000e-01	1.70285359e+09	-4.27241558e+00	1.19640059e-05
1.54000000e-01	1.70285359e+09	-4.21711224e+00	1.19639980e-05
1.55000000e-01	1.70285359e+09	-4.16288383e+00	1.19639902e-05
1.56000000e-01	1.70285359e+09	-4.10967256e+00	1.19639825e-05
1.57000000e-01	1.70285359e+09	-4.05749777e+00	1.19639749e-05
1.58000000e-01	1.70285359e+09	-4.00629576e+00	1.19639674e-05
1.59000000e-01	1.70285359e+09	-3.95605700e+00	1.19639600e-05
1.60000000e-01	1.70285359e+09	-3.90676892e+00	1.19639527e-05
1.61000000e-01	1.70285359e+09	-3.85838539e+00	1.19639454e-05
1.62000000e-01	1.70285359e+09	-3.81090673e+00	1.19639383e-05
1.63000000e-01	1.70285359e+09	-3.76428057e+00	1.19639313e-05
1.64000000e-01	1.70285359e+09	-3.71851243e+00	1.19639243e-05
1.65000000e-01	1.70285359e+09	-3.67357412e+00	1.19639174e-05
1.66000000e-01	1.70285359e+09	-3.62945715e+00	1.19639106e-05
1.67000000e-01	1.70285359e+09	-3.58610784e+00	1.19639039e-05
1.68000000e-01	1.70285359e+09	-3.54354559e+00	1.19638973e-05
1.69000000e-01	1.70285359e+09	-3.50174072e+00	1.19638907e-05
1.70000000e-01	1.70285359e+09	-3.46066412e+00	1.19638843e-05
1.71000000e-01	1.70285359e+09	-3.42030625e+00	1.19638779e-05
1.72000000e-01	1.70285359e+09	-3.38065045e+00	1.19638715e-05
1.73000000e-01	1.70285359e+09	-3.34167672e+00	1.19638653e-05
1.74000000e-01	1.70285359e+09	-3.30338078e+00	1.19638591e-05
1.75000000e-01	1.70285359e+09	-3.26573972e+00	1.19638530e-05
1.76000000e-01	1.70285359e+09	-3.22873489e+00	1.19638470e-05
1.77000000e-01	1.70285359e+09	-3.19234805e+00	1.19638410e-05
1.78000000e-01	1.70285359e+09	-3.15658044e+00	1.19638351e-05
1.79000000e-01	1.70285359e+09	-3.12140699e+00	1.19638292e-05
1.80000000e-01	1.70285359e+09	-3.08682589e+00	1.19638235e-05
1.81000000e-01	1.70285359e+09	-3.05281663e+00	1.19638177e-05
1.82000000e-01	1.70285359e+09	-3.01935522e+00	1.19638121e-05
1.83000000e-01	1.70285359e+09	-2.98646000e+00	1.19638065e-05
1.84000000e-01	1.70285359e+09	-2.95407713e+00	1.19638010e-05
1.85000000e-01	1.70285359e+09	-2.92222942e+00	1.19637955e-05
1.86000000e-01	1.70285359e+09	-2.89089418e+00	1.19637901e-05
1.87000000e-01	1.70285359e+09	-2.86004904e+00	1.19637848e-05
1.88000000e-01	1.70285359e+09	-2.82971769e+00	1.19637795e-05
1.89000000e-01	1.70285359e+09	-2.79984399e+00	1.19637742e-05
1.90000000e-01	1.70285359e+09	-2.77044455e+00	1.19637691e-05
1.91000000e-01	1.70285359e+09	-2.74151336e+00	1.19637639e-05
1.92000000e-01	1.70285359e+09	-2.71303322e+00	1.19637589e-05
1.93000000e-01	1.70285359e+09	-2.68498336e+00	1.19637538e-05
1.94000000e-01	1.70285359e+09	-2.65738522e+00	1.19637489e-05
1.95000000e-01	1.70285359e+09	-2.63019560e+00	1.19637439e-05
1.96000000e-01	1.70285359e+09	-2.60342116e+00	1.19637391e-05
1.97000000e-01	1.70285359e+09	-2.57706491e+00	1.19637343e-05
1.98000000e-01	1.70285359e+09	-2.55109577e+00	1.19637295e-05
1.99000000e-01	1.70285359e+09	-2.52552674e+00	1.19637248e-05
2.00000000e-01	1.70285359e+09	-2.50031950e+00	1.19637201e-05
2.01000000e-01	1.70285359e+09	-2.47550652e+00	1.19637155e-05
2.02000000e-01	1.70285359e+09	-2.45106130e+00	1.19637109e-05
2.03000000e-01	1.70285359e+09	-2.42697471e+00	1.19637063e-05
2.04000000e-01	1.70285359e+09	-2.40323398e+00	1.19637018e-05
2.05000000e-01	1.70285359e+09	-2.37985320e+00	1.19636974e-05
2.06000000e-01	1.70285359e+09	-2.35680278e+00	1.19636930e-05
2.07000000e-01	1.70285359e+09	-2.33408761e+00	1.19636886e-05
2.08000000e-01	1.70285359e+09	-2.31169747e+00	1.19636843e-05
2.09000000e-01	1.70285359e+09	-2.28961468e+00	1.19636800e-05
2.10000000e-01	1.70285359e+09	-2.26787130e+00	1.19636758e-05
2.11000000e-01	1.70285359e+09	-2.24641750e+00	1.19636716e-05
2.12000000e-01	1.70285359e+09	-2.22528371e+00	1.19636674e-05
2.13000000e-01	1.70285359e+09	-2.20443184e+00	1.19636633e-05
2.14000000e-01	1.70285359e+09	-2.18388495e+00	1.19636592e-05
2.15000000e-01	1.70285359e+09	-2.16361666e+00	1.19636552e-05
2.16000000e-01	1.70285359e+09	-2.14362929e+00	1.19636512e-05
2.17000000e-01	1.70285359e+09	-2.12391769e+00	1.19636472e-05
2.18000000e-01	1.70285359e+09	-2.10447681e+00	1.19636433e-05
2.19000000e-01	1.70285359e+09	-2.08530552e+00	1.19636394e-05
2.20000000e-01	1.70285359e+09	-2.06638375e+00	1.19636355e-05
2.21000000e-01	1.70285359e+09	-2.04773349e+00	1.19636317e-05
2.22000000e-01	1.70285359e+09	-2.02931771e+00	1.19636279e-05
2.23000000e-01	1.70285359e+09	-2.01116242e+00	1.19636241e-05
2.24000000e-01	1.70285359e+09	-1.99324604e+00	1.19636204e-05
2.25000000e-01	1.70285359e+09	-1.97555856e+00	1.19636167e-05
2.26000000e-01	1.70285359e+09	-1.95812628e+00	1.19636131e-05
2.27000000e-01	1.70285359e+09	-1.94090885e+00	1.19636094e-05
2.28000000e-01	1.70285359e+09	-1.92391748e+00	1.19636058e-05
2.29000000e-01	1.70285359e+09	-1.90715970e+00	1.19636023e-05
2.30000000e-01	1.70285359e+09	-1.89060684e+00	1.19635987e-05
2.31000000e-01	1.70285359e+09	-1.87427420e+00	1.19635952e-05
2.32000000e-01	1.70285359e+09	-1.85814857e+00	1.19635918e-05
2.33000000e-01	1.70285359e+09	-1.84223205e+00	1.19635883e-05
2.34000000e-01	1.70285359e+09	-1.82652302e+00	1.19635849e-05
2.35000000e-01	1.70285359e+09	-1.81100657e+00	1.19635815e-05
2.36000000e-01	1.70285359e+09	-1.79568885e+00	1.19635782e-05
2.37000000e-01	1.70285359e+09	-1.78057990e+00	1.19635749e-05
2.38000000e-01	1.70285359e+09	-1.76564595e+00	1.19635716e-05
2.39000000e-01	1.70285359e+09	-1.75089719e+00	1.19635683e-05
2.40000000e-01	1.70285359e+09	-1.73633812e+00	1.19635650e-05
2.41000000e-01	1.70285359e+09	-1.72195807e+00	1.19635618e-05
2.42000000e-01	1.70285359e+09	-1.70775597e+00	1.19635586e-05
2.43000000e-01	1.70285359e+09	-1.69373270e+00	1.19635555e-05
2.44000000e-01	1.70285359e+09	-1.67987777e+00	1.19635523e-05
2.45000000e-01	1.70285359e+09	-1.66619411e+00	1.19635492e-05
2.46000000e-01	1.70285359e+09	-1.65267132e+00	1.19635461e-05
2.47000000e-01	1.70285359e+09	-1.63931245e+00	1.19635431e-05
2.48000000e-01	1.70285359e+09	-1.62612248e+00	1.19635400e-05
2.49000000e-01	1.70285359e+09	-1.61309311e+00	1.19635370e-05
2.50000000e-01	1.70285359e+09	-1.60021416e+00	1.19635340e-05
2.51000000e-01	1.70285359e+09	-1.58748126e+00	1.19635311e-05
2.52000000e-01	1.70285359e+09	-1.57491485e+00	1.19635281e-05
2.53000000e-01	1.70285359e+09	-1.56248394e+00	1.19635252e-05
2.54000000e-01	1.70285359e+09	-1.55020527e+00	1.19635223e-05
2.55000000e-01	1.70285359e+09	-1.53807653e+00	1.19635194e-05
2.56000000e-01	1.70285359e+09	-1.52607640e+00	1.19635166e-05
2.57000000e-01	1.70285359e+09	-1.51422177e+00	1.19635138e-05
2.58000000e-01	1.70285359e+09	-1.50251236e+00	1.19635110e-05
2.59000000e-01	1.70285359e+09	-1.49093461e+00	1.19635082e-05
2.60000000e-01	1.70285359e+09	-1.47947882e+00	1.19635054e-05
2.61000000e-01	1.70285359e+09	-1.46817346e+00	1.19635027e-05
2.62000000e-01	1.70285359e+09	-1.45698601e+00	1.19634999e-05
2.63000000e-01	1.70285359e+09	-1.44592404e+00	1.19634972e-05
2.64000000e-01	1.70285359e+09	-1.43499136e+00	1.19634946e-05
2.65000000e-01	1.70285359e+09	-1.42418225e+00	1.19634919e-05
2.66000000e-01	1.70285359e+09	-1.41349487e+00	1.19634893e-05
2.67000000e-01	1.70285359e+09	-1.40291975e+00	1.19634866e-05
2.68000000e-01	1.70285359e+09	-1.39247420e+00	1.19634840e-05
2.69000000e-01	1.70285359e+09	-1.38214309e+00	1.19634815e-05
2.70000000e-01	1.70285359e+09	-1.37192091e+00	1.19634789e-05
2.71000000e-01	1.70285359e+09	-1.36180977e+00	1.19634764e-05
2.72000000e-01	1.70285359e+09	-1.35181755e+00	1.19634738e-05
2.73000000e-01	1.70285359e+09	-1.34193691e+00	1.19634713e-05
2.74000000e-01	1.70285359e+09	-1.33215289e+00	1.19634688e-05
2.75000000e-01	1.70285359e+09	-1.32248682e+00	1.19634664e-05
2.76000000e-01	1.70285359e+09	-1.31292188e+00	1.19634639e-05
2.77000000e-01	1.70285359e+09	-1.30345468e+00	1.19634615e-05
2.78000000e-01	1.70285359e+09	-1.29409706e+00	1.19634591e-05
2.79000000e-01	1.70285359e+09	-1.28483422e+00	1.19634567e-05
2.80000000e-01	1.70285359e+09	-1.27568189e+00	1.19634543e-05
2.81000000e-01	1.70285359e+09	-1.26661387e+00	1.19634519e-05
2.82000000e-01	1.70285359e+09	-1.25764975e+00	1.19634496e-05
2.83000000e-01	1.70285359e+09	-1.24877483e+00	1.19634472e-05
2.84000000e-01	1.70285359e+09	-1.23999731e+00	1.19634449e-05
2.85000000e-01	1.70285359e+09	-1.23131207e+00	1.19634426e-05
2.86000000e-01	1.70285359e+09	-1.22271399e+00	1.19634403e-05
2.87000000e-01	1.70285359e+09	-1.21420563e+00	1.19634381e-05
2.88000000e-01	1.70285359e+09	-1.20579147e+00	1.19634358e-05
2.89000000e-01	1.70285359e+09	-1.19746265e+00	1.19634336e-05
2.90000000e-01	1.70285359e+09	-1.18921417e+00	1.19634314e-05
2.91000000e-01	1.70285359e+09	-1.18105627e+00	1.19634292e-05
2.92000000e-01	1.70285359e+09	-1.17298208e+00	1.19634270e-05
2.93000000e-01	1.70285359e+09	-1.16498665e+00	1.19634248e-05
2.94000000e-01	1.70285359e+09	-1.15707839e+00	1.19634226e-05
2.95000000e-01	1.70285359e+09	-1.14924475e+00	1.19634205e-05
2.96000000e-01	1.70285359e+09	-1.14149800e+00	1.19634184e-05
2.97000000e-01	1.70285359e+09	-1.13382182e+00	1.19634163e-05
2.98000000e-01	1.70285359e+09	-1.12622850e+00	1.19634142e-05
2.99000000e-01	1.70285359e+09	-1.11870558e+00	1.19634121e-05
3.00000000e-01	1.70285359e+09	-1.11126158e+00	1.19634100e-05
3.01000000e-01	1.70285359e+09	-1.10389169e+00	1.19634079e-05
3.02000000e-01	1.70285359e+09	-1.09658729e+00	1.19634059e-05
3.03000000e-01	1.70285359e+09	-1.08935887e+00	1.19634039e-05
3.04000000e-01	1.70285359e+09	-1.08220548e+00	1.19634018e-05
3.05000000e-01	1.70285359e+09	-1.07512238e+00	1.19633998e-05
3.06000000e-01	1.70285359e+09	-1.06810483e+00	1.19633978e-05
3.07000000e-01	1.70285359e+09	-1.06115955e+00	1.19633958e-05
3.08000000e-01	1.70285359e+09	-1.05427804e+00	1.19633939e-05
3.09000000e-01	1.70285359e+09	-1.04746132e+00	1.19633919e-05
3.10000000e-01	1.70285359e+09	-1.04072380e+00	1.19633900e-05
3.11000000e-01	1.70285359e+09	-1.03403602e+00	1.19633881e-05
3.12000000e-01	1.70285359e+09	-1.02741621e+00	1.19633861e-05
3.13000000e-01	1.70285359e+09	-1.02086548e+00	1.19633842e-05
3.14000000e-01	1.70285359e+09	-1.01436966e+00	1.19633823e-05
3.15000000e-01	1.70285359e+09	-1.00794703e+00	1.19633805e-05
3.16000000e-01	1.70285359e+09	-1.00157774e+00	1.19633786e-05
3.17000000e-01	1.70285359e+09	-9.95268647e-01	1.19633767e-05
3.18000000e-01	1.70285359e+09	-9.89017093e-01	1.19633749e-05
3.19000000e-01	1.70285359e+09	-9.82820424e-01	1.19633731e-05
3.20000000e-01	1.70285359e+09	-9.76698889e-01	1.19633712e-05
3.21000000e-01	1.70285359e+09	-9.70619341e-01	1.19633694e-05
3.22000000e-01	1.70285359e+09	-9.64600144e-01	1.19633676e-05
3.23000000e-01	1.70285359e+09	-9.58634876e-01	1.19633658e-05
3.24000000e-01	1.70285359e+09	-9.52722850e-01	1.19633641e-05
3.25000000e-01	1.70285359e+09	-9.46878646e-01	1.19633623e-05
3.26000000e-01	1.70285359e+09	-9.41071080e-01	1.19633605e-05
3.27000000e-01	1.70285359e+09	-9.35318567e-01	1.19633588e-05
3.28000000e-01	1.70285359e+09	-9.29629998e-01	1.19633570e-05
3.29000000e-01	1.70285359e+09	-9.23987569e-01	1.19633553e-05
3.30000000e-01	1.70285359e+09	-9.18396375e-01	1.19633536e-05
3.31000000e-01	1.70285359e+09	-9.12857703e-01	1.19633519e-05
3.32000000e-01	1.70285359e+09	-9.07367132e-01	1.19633502e-05
3.33000000e-01	1.70285359e+09	-9.01922154e-01	1.19633485e-05
3.34000000e-01	1.70285359e+09	-8.96527899e-01	1.19633469e-05
3.35000000e-01	1.70285359e+09	-8.91179972e-01	1.19633452e-05
3.36000000e-01	1.70285359e+09	-8.85889242e-01	1.19633435e-05
3.37000000e-01	1.70285359e+09	-8.80637980e-01	1.19633419e-05
3.38000000e-01	1.70285359e+09	-8.75437072e-01	1.19633403e-05
3.39000000e-01	1.70285359e+09	-8.70274527e-01	1.19633386e-05
3.40000000e-01	1.70285359e+09	-8.65170784e-01	1.19633370e-05
3.41000000e-01	1.70285359e+09	-8.60100516e-01	1.19633354e-05
3.42000000e-01	1.70285359e+09	-8.55080364e-01	1.19633338e-05
3.43000000e-01	1.70285359e+09	-8.50098367e-01	1.19633322e-05
3.44000000e-01	1.70285359e+09	-8.45163553e-01	1.19633307e-05
3.45000000e-01	1.70285359e+09	-8.40267790e-01	1.19633291e-05
3.46000000e-01	1.70285359e+09	-8.35416306e-01	1.19633275e-05
3.47000000e-01	1.70285359e+09	-8.30612426e-01	1.19633260e-05
3.48000000e-01	1.70285359e+09	-8.25848042e-01	1.19633244e-05
3.49000000e-01	1.70285359e+09	-8.21118864e-01	1.19633229e-05
3.50000000e-01	1.70285359e+09	-8.16435870e-01	1.19633214e-05
3.51000000e-01	1.70285359e+09	-8.11785248e-01	1.19633199e-05
3.52000000e-01	1.70285359e+09	-8.07181802e-01	1.19633184e-05
3.53000000e-01	1.70285359e+09	-8.02617456e-01	1.19633169e-05
3.54000000e-01	1.70285359e+09	-7.98086046e-01	1.19633154e-05
3.55000000e-01	1.70285359e+09	-7.93598582e-01	1.19633139e-05
3.56000000e-01	1.70285359e+09	-7.89141283e-01	1.19633124e-05
3.57000000e-01	1.70285359e+09	-7.84730893e-01	1.19633110e-05
3.58000000e-01	1.70285359e+09	-7.80349828e-01	1.19633095e-05
3.59000000e-01	1.70285359e+09	-7.76009122e-01	1.19633081e-05
3.60000000e-01	1.70285359e+09	-7.71706461e-01	1.19633066e-05
3.61000000e-01	1.70285359e+09	-7.67437631e-01	1.19633052e-05
3.62000000e-01	1.70285359e+09	-7.63202238e-01	1.19633038e-05
3.63000000e-01	1.70285359e+09	-7.59003707e-01	1.19633024e-05
3.64000000e-01	1.70285359e+09	-7.54835932e-01	1.19633009e-05
3.65000000e-01	1.70285359e+09	-7.50704258e-01	1.19632995e-05
3.66000000e-01	1.70285359e+09	-7.46619756e-01	1.19632982e-05
3.67000000e-01	1.70285359e+09	-7.42549632e-01	1.19632968e-05
3.68000000e-01	1.70285359e+09	-7.38522133e-01	1.19632954e-05
3.69000000e-01	1.70285359e+09	-7.34519735e-01	1.19632940e-05
3.70000000e-01	1.70285359e+09	-7.30557344e-01	1.19632927e-05
3.71000000e-01	1.70285359e+09	-7.26623166e-01	1.19632913e-05
3.72000000e-01	1.70285359e+09	-7.22722581e-01	1.19632900e-05
3.73000000e-01	1.70285359e+09	-7.18855248e-01	1.19632886e-05
3.74000000e-01	1.70285359e+09	-7.15013203e-01	1.19632873e-05
3.75000000e-01	1.70285359e+09	-7.11205654e-01	1.19632860e-05
3.76000000e-01	1.70285359e+09	-7.07430365e-01	1.19632846e-05
3.77000000e-01	1.70285359e+09	-7.03675573e-01	1.19632833e-05
3.78000000e-01	1.70285359e+09	-6.99958125e-01	1.19632820e-05
3.79000000e-01	1.70285359e+09	-6.96270079e-01	1.19632807e-05
3.80000000e-01	1.70285359e+09	-6.92609219e-01	1.19632794e-05
3.81000000e-01	1.70285359e+09	-6.88982868e-01	1.19632781e-05
3.82000000e-01	1.70285359e+09	-6.85377375e-01	1.19632769e-05
3.83000000e-01	1.70285359e+09	-6.81803887e-01	1.19632756e-05
3.84000000e-01	1.70285359e+09	-6.78256387e-01	1.19632743e-05
3.85000000e-01	1.70285359e+09	-6.74736494e-01	1.19632731e-05
3.86000000e-01	1.70285359e+09	-6.71245830e-01	1.19632718e-05
3.87000000e-01	1.70285359e+09	-6.67786019e-01	1.19632706e-05
3.88000000e-01	1.70285359e+09	-6.64347248e-01	1.19632693e-05
3.89000000e-01	1.70285359e+09	-6.60931148e-01	1.19632681e-05
3.90000000e-01	1.70285359e+09	-6.57545077e-01	1.19632669e-05
3.91000000e-01	1.70285359e+09	-6.54184953e-01	1.19632657e-05
3.92000000e-01	1.70285359e+09	-6.50854326e-01	1.19632644e-05
3.93000000e-01	1.70285359e+09	-6.47545306e-01	1.19632632e-05
3.94000000e-01	1.70285359e+09	-6.44261449e-01	1.19632620e-05
3.95000000e-01	1.70285359e+09	-6.41010131e-01	1.19632608e-05
3.96000000e-01	1.70285359e+09	-6.37777748e-01	1.19632596e-05
3.97000000e-01	1.70285359e+09	-6.34565961e-01	1.19632585e-05
3.98000000e-01	1.70285359e+09	-6.31382153e-01	1.19632573e-05
3.99000000e-01	1.70285359e+09	-6.28219407e-01	1.19632561e-05
4.00000000e-01	1.70285359e+09	-6.25081298e-01	1.19632549e-05
4.01000000e-01	1.70285359e+09	-6.21968544e-01	1.19632538e-05
4.02000000e-01	1.70285359e+09	-6.18878052e-01	1.19632526e-05
4.03000000e-01	1.70285359e+09	-6.15813405e-01	1.19632515e-05
4.04000000e-01	1.70285359e+09	-6.12767701e-01	1.19632503e-05
4.05000000e-01	1.70285359e+09	-6.09743576e-01	1.19632492e-05
4.06000000e-01	1.70285359e+09	-6.06745577e-01	1.19632481e-05
4.07000000e-01	1.70285359e+09	-6.03764901e-01	1.19632469e-05
4.08000000e-01	1.70285359e+09	-6.00808009e-01	1.19632458e-05
4.09000000e-01	1.70285359e+09	-5.97874687e-01	1.19632447e-05
4.10000000e-01	1.70285359e+09	-5.94961862e-01	1.19632436e-05
4.11000000e-01	1.70285359e+09	-5.92072187e-01	1.19632425e-05
4.12000000e-01	1.70285359e+09	-5.89201641e-01	1.19632414e-05
4.13000000e-01	1.70285359e+09	-5.86350974e-01	1.19632403e-05
4.14000000e-01	1.70285359e+09	-5.83520940e-01	1.19632392e-05
4.15000000e-01	1.70285359e+09	-5.80713246e-01	1.19632381e-05
4.16000000e-01	1.70285359e+09	-5.77923882e-01	1.19632371e-05
4.17000000e-01	1.70285359e+09	-5.75151700e-01	1.19632360e-05
4.18000000e-01	1.70285359e+09	-5.72404139e-01	1.19632349e-05
4.19000000e-01	1.70285359e+09	-5.69679101e-01	1.19632339e-05
4.20000000e-01	1.70285359e+09	-5.66967816e-01	1.19632328e-05
4.21000000e-01	1.70285359e+09	-5.64277729e-01	1.19632317e-05
4.22000000e-01	1.70285359e+09	-5.61607704e-01	1.19632307e-05
4.23000000e-01	1.70285359e+09	-5.58954699e-01	1.19632297e-05
4.24000000e-01	1.70285359e+09	-5.56322351e-01	1.19632286e-05
4.25000000e-01	1.70285359e+09	-5.53705714e-01	1.19632276e-05
4.26000000e-01	1.70285359e+09	-5.51105569e-01	1.19632266e-05
4.27000000e-01	1.70285359e+09	-5.48530325e-01	1.19632255e-05
4.28000000e-01	1.70285359e+09	-5.45967417e-01	1.19632245e-05
4.29000000e-01	1.70285359e+09	-5.43430025e-01	1.19632235e-05
4.30000000e-01	1.70285359e+09	-5.40904634e-01	1.19632225e-05
4.31000000e-01	1.70285359e+09	-5.38400615e-01	1.19632215e-05
4.32000000e-01	1.70285359e+09	-5.35909223e-01	1.19632205e-05
4.33000000e-01	1.70285359e+09	-5.33435066e-01	1.19632195e-05
4.34000000e-01	1.70285359e+09	-5.30980847e-01	1.19632185e-05
4.35000000e-01	1.70285359e+09	-5.28539731e-01	1.19632175e-05
4.36000000e-01	1.70285359e+09	-5.26118242e-01	1.19632165e-05
4.37000000e-01	1.70285359e+09	-5.23711455e-01	1.19632156e-05
4.38000000e-01	1.70285359e+09	-5.21326851e-01	1.19632146e-05
4.39000000e-01	1.70285359e+09	-5.18955695e-01	1.19632136e-05
4.40000000e-01	1.70285359e+09	-5.16596886e-01	1.19632127e-05
4.41000000e-01	1.70285359e+09	-5.14259814e-01	1.19632117e-05
4.42000000e-01	1.70285359e+09	-5.11934797e-01	1.19632107e-05
4.43000000e-01	1.70285359e+09	-5.09622647e-01	1.19632098e-05
4.44000000e-01	1.70285359e+09	-5.07327991e-01	1.19632089e-05
4.45000000e-01	1.70285359e+09	-5.05054501e-01	1.19632079e-05
4.46000000e-01	1.70285359e+09	-5.02791551e-01	1.19632070e-05
4.47000000e-01	1.70285359e+09	-5.00544726e-01	1.19632060e-05
4.48000000e-01	1.70285359e+09	-4.98311981e-01	1.19632051e-05
4.49000000e-01	1.70285359e+09	-4.96094139e-01	1.19632042e-05
4.50000000e-01	1.70285359e+09	-4.93892019e-01	1.19632033e-05
4.51000000e-01	1.70285359e+09	-4.91704538e-01	1.19632023e-05
4.52000000e-01	1.70285359e+09	-4.89528704e-01	1.19632014e-05
4.53000000e-01	1.70285359e+09	-4.87372020e-01	1.19632005e-05
4.54000000e-01	1.70285359e+09	-4.85227683e-01	1.19631996e-05
4.55000000e-01	1.70285359e+09	-4.83094614e-01	1.19631987e-05
4.56000000e-01	1.70285359e+09	-4.80977457e-01	1.19631978e-05
4.57000000e-01	1.70285359e+09	-4.78877045e-01	1.19631969e-05
4.58000000e-01	1.70285359e+09	-4.76792302e-01	1.19631960e-05
4.59000000e-01	1.70285359e+09	-4.74716433e-01	1.19631952e-05
4.60000000e-01	1.70285359e+09	-4.72653133e-01	1.19631943e-05
4.61000000e-01	1.70285359e+09	-4.70601333e-01	1.19631934e-05
4.62000000e-01	1.70285359e+09	-4.68569499e-01	1.19631925e-05
4.63000000e-01	1.70285359e+09	-4.66546072e-01	1.19631917e-05
4.64000000e-01	1.70285359e+09	-4.64536661e-01	1.19631908e-05
4.65000000e-01	1.70285359e+09	-4.62541153e-01	1.19631899e-05
4.66000000e-01	1.70285359e+09	-4.60555624e-01	1.19631891e-05
4.67000000e-01	1.70285359e+09	-4.58584731e-01	1.19631882e-05
4.68000000e-01	1.70285359e+09	-4.56629319e-01	1.19631874e-05
4.69000000e-01	1.70285359e+09	-4.54685467e-01	1.19631865e-05
4.70000000e-01	1.70285359e+09	-4.52751160e-01	1.19631857e-05
4.71000000e-01	1.70285359e+09	-4.50831062e-01	1.19631848e-05
4.72000000e-01	1.70285359e+09	-4.48921253e-01	1.19631840e-05
4.73000000e-01	1.70285359e+09	-4.47027354e-01	1.19631832e-05
4.74000000e-01	1.70285359e+09	-4.45142585e-01	1.19631823e-05
4.75000000e-01	1.70285359e+09	-4.43269708e-01	1.19631815e-05
4.76000000e-01	1.70285359e+09	-4.41408622e-01	1.19631807e-05
4.77000000e-01	1.70285359e+09	-4.39561136e-01	1.19631799e-05
4.78000000e-01	1.70285359e+09	-4.37721431e-01	1.19631790e-05
4.79000000e-01	1.70285359e+09	-4.35896085e-01	1.19631782e-05
4.80000000e-01	1.70285359e+09	-4.34084048e-01	1.19631774e-05
4.81000000e-01	1.70285359e+09	-4.32283319e-01	1.19631766e-05
4.82000000e-01	1.70285359e+09	-4.30489990e-01	1.19631758e-05
4.83000000e-01	1.70285359e+09	-4.28709689e-01	1.19631750e-05
4.84000000e-01	1.70285359e+09	-4.26941371e-01	1.19631742e-05
4.85000000e-01	1.70285359e+09	-4.25181131e-01	1.19631734e-05
4.86000000e-01	1.70285359e+09	-4.23433647e-01	1.19631726e-05
4.87000000e-01	1.70285359e+09	-4.21695015e-01	1.19631719e-05
4.88000000e-01	1.70285359e+09	-4.19969915e-01	1.19631711e-05
4.89000000e-01	1.70285359e+09	-4.18252539e-01	1.19631703e-05
4.90000000e-01	1.70285359e+09	-4.16547568e-01	1.19631695e-05
4.91000000e-01	1.70285359e+09	-4.14853010e-01	1.19631687e-05
4.92000000e-01	1.70285359e+09	-4.13168780e-01	1.19631680e-05
4.93000000e-01	1.70285359e+09	-4.11494794e-01	1.19631672e-05
4.94000000e-01	1.70285359e+09	-4.09827154e-01	1.19631664e-05
4.95000000e-01	1.70285359e+09	-4.08174363e-01	1.19631657e-05
4.96000000e-01	1.70285359e+09	-4.06532523e-01	1.19631649e-05
4.97000000e-01	1.70285359e+09	-4.04896786e-01	1.19631642e-05
4.98000000e-01	1.70285359e+09	-4.03272795e-01	1.19631634e-05
4.99000000e-01	1.70285359e+09	-4.01659517e-01	1.19631627e-05
5.00000000e-01	1.70285359e+09	-4.00054013e-01	1.19631619e-05
5.01000000e-01	1.70285359e+09	-3.98455252e-01	1.19631612e-05
5.02000000e-01	1.70285359e+09	-3.96868880e-01	1.19631604e-05
5.03000000e-01	1.70285359e+09	-3.95294821e-01	1.19631597e-05
5.04000000e-01	1.70285359e+09	-3.93727278e-01	1.19631590e-05
5.05000000e-01	1.70285359e+09	-3.92169992e-01	1.19631582e-05
5.06000000e-01	1.70285359e+09	-3.90621935e-01	1.19631575e-05
5.07000000e-01	1.70285359e+09	-3.89081128e-01	1.19631568e-05
5.08000000e-01	1.70285359e+09	-3.87551312e-01	1.19631561e-05
5.09000000e-01	1.70285359e+09	-3.86031464e-01	1.19631553e-05
5.10000000e-01	1.70285359e+09	-3.84518651e-01	1.19631546e-05
5.11000000e-01	1.70285359e+09	-3.83014711e-01	1.19631539e-05
5.12000000e-01	1.70285359e+09	-3.81518620e-01	1.19631532e-05
5.13000000e-01	1.70285359e+09	-3.80031265e-01	1.19631525e-05
5.14000000e-01	1.70285359e+09	-3.78555437e-01	1.19631518e-05
5.15000000e-01	1.70285359e+09	-3.77085349e-01	1.19631511e-05
5.16000000e-01	1.70285359e+09	-3.75624747e-01	1.19631504e-05
5.17000000e-01	1.70285359e+09	-3.74174520e-01	1.19631497e-05
5.18000000e-01	1.70285359e+09	-3.72735556e-01	1.19631490e-05
5.19000000e-01	1.70285359e+09	-3.71297299e-01	1.19631483e-05
5.20000000e-01	1.70285359e+09	-3.69870177e-01	1.19631476e-05
5.21000000e-01	1.70285359e+09	-3.68453172e-01	1.19631469e-05
5.22000000e-01	1.70285359e+09	-3.67041453e-01	1.19631462e-05
5.23000000e-01	1.70285359e+09	-3.65638772e-01	1.19631456e-05
5.24000000e-01	1.70285359e+09	-3.64245068e-01	1.19631449e-05
5.25000000e-01	1.70285359e+09	-3.62857418e-01	1.19631442e-05
5.26000000e-01	1.70285359e+09	-3.61478623e-01	1.19631435e-05
5.27000000e-01	1.70285359e+09	-3.60108623e-01	1.19631429e-05
5.28000000e-01	1.70285359e+09	-3.58746406e-01	1.19631422e-05
5.29000000e-01	1.70285359e+09	-3.57390004e-01	1.19631415e-05
5.30000000e-01	1.70285359e+09	-3.56047944e-01	1.19631409e-05
5.31000000e-01	1.70285359e+09	-3.54706815e-01	1.19631402e-05
5.32000000e-01	1.70285359e+09	-3.53376097e-01	1.19631395e-05
5.33000000e-01	1.70285359e+09	-3.52051920e-01	1.19631389e-05
5.34000000e-01	1.70285359e+09	-3.50731365e-01	1.19631382e-05
5.35000000e-01	1.70285359e+09	-3.49422960e-01	1.19631376e-05
5.36000000e-01	1.70285359e+09	-3.48119976e-01	1.19631369e-05
5.37000000e-01	1.70285359e+09	-3.46824263e-01	1.19631363e-05
5.38000000e-01	1.70285359e+09	-3.45536723e-01	1.19631356e-05
5.39000000e-01	1.70285359e+09	-3.44253487e-01	1.19631350e-05
5.40000000e-01	1.70285359e+09	-3.42980224e-01	1.19631344e-05
5.41000000e-01	1.70285359e+09	-3.41713066e-01	1.19631337e-05
5.42000000e-01	1.70285359e+09	-3.40452916e-01	1.19631331e-05
5.43000000e-01	1.70285359e+09	-3.39200675e-01	1.19631325e-05
5.44000000e-01	1.70285359e+09	-3.37953431e-01	1.19631318e-05
5.45000000e-01	1.70285359e+09	-3.36717810e-01	1.19631312e-05
5.46000000e-01	1.70285359e+09	-3.35486132e-01	1.19631306e-05
5.47000000e-01	1.70285359e+09	-3.34261207e-01	1.19631299e-05
5.48000000e-01	1.70285359e+09	-3.33039173e-01	1.19631293e-05
5.49000000e-01	1.70285359e+09	-3.31828564e-01	1.19631287e-05
5.50000000e-01	1.70285359e+09	-3.30624562e-01	1.19631281e-05
5.51000000e-01	1.70285359e+09	-3.29424259e-01	1.19631275e-05
5.52000000e-01	1.70285359e+09	-3.28231421e-01	1.19631269e-05
5.53000000e-01	1.70285359e+09	-3.27044096e-01	1.19631263e-05
5.54000000e-01	1.70285359e+09	-3.25863189e-01	1.19631257e-05
5.55000000e-01	1.70285359e+09	-3.24691515e-01	1.19631250e-05
5.56000000e-01	1.70285359e+09	-3.23525215e-01	1.19631244e-05
5.57000000e-01	1.70285359e+09	-3.22362334e-01	1.19631238e-05
5.58000000e-01	1.70285359e+09	-3.21208551e-01	1.19631232e-05
5.59000000e-01	1.70285359e+09	-3.20060005e-01	1.19631226e-05
5.60000000e-01	1.70285359e+09	-3.18921422e-01	1.19631221e-05
5.61000000e-01	1.70285359e+09	-3.17783220e-01	1.19631215e-05
5.62000000e-01	1.70285359e+09	-3.16652986e-01	1.19631209e-05
5.63000000e-01	1.70285359e+09	-3.15533538e-01	1.19631203e-05
5.64000000e-01	1.70285359e+09	-3.14411481e-01	1.19631197e-05
5.65000000e-01	1.70285359e+09	-3.13302032e-01	1.19631191e-05
5.66000000e-01	1.70285359e+09	-3.12196566e-01	1.19631185e-05
5.67000000e-01	1.70285359e+09	-3.11092181e-01	1.19631180e-05
5.68000000e-01	1.70285359e+09	-3.09999325e-01	1.19631174e-05
5.69000000e-01	1.70285359e+09	-3.08912236e-01	1.19631168e-05
5.70000000e-01	1.70285359e+09	-3.07826106e-01	1.19631162e-05
5.71000000e-01	1.70285359e+09	-3.06748523e-01	1.19631157e-05
5.72000000e-01	1.70285359e+09	-3.05677541e-01	1.19631151e-05
5.73000000e-01	1.70285359e+09	-3.04610258e-01	1.19631145e-05
5.74000000e-01	1.70285359e+09	-3.03552358e-01	1.19631139e-05
5.75000000e-01	1.70285359e+09	-3.02496174e-01	1.19631134e-05
5.76000000e-01	1.70285359e+09	-3.01447387e-01	1.19631128e-05
5.77000000e-01	1.70285359e+09	-3.00402147e-01	1.19631123e-05
5.78000000e-01	1.70285359e+09	-2.99364230e-01	1.19631117e-05
5.79000000e-01	1.70285359e+09	-2.98331690e-01	1.19631112e-05
5.80000000e-01	1.70285359e+09	-2.97305446e-01	1.19631106e-05
5.81000000e-01	1.70285359e+09	-2.96282598e-01	1.19631100e-05
5.82000000e-01	1.70285359e+09	-2.95262157e-01	1.19631095e-05
5.83000000e-01	1.70285359e+09	-2.94254578e-01	1.19631089e-05
5.84000000e-01	1.70285359e+09	-2.93244564e-01	1.19631084e-05
5.85000000e-01	1.70285359e+09	-2.92244480e-01	1.19631079e-05
5.86000000e-01	1.70285359e+09	-2.91245707e-01	1.19631073e-05
5.87000000e-01	1.70285359e+09	-2.90253931e-01	1.19631068e-05
5.88000000e-01	1.70285359e+09	-2.89270071e-01	1.19631062e-05
5.89000000e-01	1.70285359e+09	-2.88285512e-01	1.19631057e-05
5.90000000e-01	1.70285359e+09	-2.87309754e-01	1.19631052e-05
5.91000000e-01	1.70285359e+09	-2.86337043e-01	1.19631046e-05
5.92000000e-01	1.70285359e+09	-2.85371159e-01	1.19631041e-05
5.93000000e-01	1.70285359e+09	-2.84413024e-01	1.19631036e-05
5.94000000e-01	1.70285359e+09	-2.83457835e-01	1.19631030e-05
5.95000000e-01	1.70285359e+09	-2.82507468e-01	1.19631025e-05
5.96000000e-01	1.70285359e+09	-2.81561891e-01	1.19631020e-05
5.97000000e-01	1.70285359e+09	-2.80615349e-01	1.19631015e-05
5.98000000e-01	1.70285359e+09	-2.79679254e-01	1.19631009e-05
5.99000000e-01	1.70285359e+09	-2.78744038e-01	1.19631004e-05
6.00000000e-01	1.70285359e+09	-2.77815392e-01	1.19630999e-05
6.01000000e-01	1.70285359e+09	-2.76893286e-01	1.19630994e-05
6.02000000e-01	1.70285359e+09	-2.75972919e-01	1.19630989e-05
6.03000000e-01	1.70285359e+09	-2.75057122e-01	1.19630984e-05
6.04000000e-01	1.70285359e+09	-2.74148727e-01	1.19630979e-05
6.05000000e-01	1.70285359e+09	-2.73242935e-01	1.19630973e-05
6.06000000e-01	1.70285359e+09	-2.72340669e-01	1.19630968e-05
6.07000000e-01	1.70285359e+09	-2.71442854e-01	1.19630963e-05
6.08000000e-01	1.70285359e+09	-2.70553276e-01	1.19630958e-05
6.09000000e-01	1.70285359e+09	-2.69662368e-01	1.19630953e-05
6.10000000e-01	1.70285359e+09	-2.68779639e-01	1.19630948e-05
6.11000000e-01	1.70285359e+09	-2.67903152e-01	1.19630943e-05
6.12000000e-01	1.70285359e+09	-2.67029066e-01	1.19630938e-05
6.13000000e-01	1.70285359e+09	-2.66157350e-01	1.19630933e-05
6.14000000e-01	1.70285359e+09	-2.65292747e-01	1.19630928e-05
6.15000000e-01	1.70285359e+09	-2.64428553e-01	1.19630923e-05
6.16000000e-01	1.70285359e+09	-2.63570461e-01	1.19630919e-05
6.17000000e-01	1.70285359e+09	-2.62715586e-01	1.19630914e-05
6.18000000e-01	1.70285359e+09	-2.61865805e-01	1.19630909e-05
6.19000000e-01	1.70285359e+09	-2.61021094e-01	1.19630904e-05
6.20000000e-01	1.70285359e+09	-2.60181424e-01	1.19630899e-05
6.21000000e-01	1.70285359e+09	-2.59342957e-01	1.19630894e-05
6.22000000e-01	1.70285359e+09	-2.58511386e-01	1.19630889e-05
6.23000000e-01	1.70285359e+09	-2.57680964e-01	1.19630885e-05
6.24000000e-01	1.70285359e+09	-2.56854528e-01	1.19630880e-05
6.25000000e-01	1.70285359e+09	-2.56033004e-01	1.19630875e-05
6.26000000e-01	1.70285359e+09	-2.55215414e-01	1.19630870e-05
6.27000000e-01	1.70285359e+09	-2.54401732e-01	1.19630866e-05
6.28000000e-01	1.70285359e+09	-2.53591935e-01	1.19630861e-05
6.29000000e-01	1.70285359e+09	-2.52787904e-01	1.19630856e-05
6.30000000e-01	1.70285359e+09	-2.51985801e-01	1.19630851e-05
6.31000000e-01	1.70285359e+09	-2.51189415e-01	1.19630847e-05
6.32000000e-01	1.70285359e+09	-2.50395863e-01	1.19630842e-05
6.33000000e-01	1.70285359e+09	-2.49603211e-01	1.19630837e-05
6.34000000e-01	1.70285359e+09	-2.48817159e-01	1.19630833e-05
6.35000000e-01	1.70285359e+09	-2.48032916e-01	1.19630828e-05
6.36000000e-01	1.70285359e+09	-2.47253317e-01	1.19630824e-05
6.37000000e-01	1.70285359e+09	-2.46480249e-01	1.19630819e-05
6.38000000e-01	1.70285359e+09	-2.45706058e-01	1.19630814e-05
6.39000000e-01	1.70285359e+09	-2.44936443e-01	1.19630810e-05
6.40000000e-01	1.70285359e+09	-2.44172336e-01	1.19630805e-05
6.41000000e-01	1.70285359e+09	-2.43409899e-01	1.19630801e-05
6.42000000e-01	1.70285359e+09	-2.42651972e-01	1.19630796e-05
6.43000000e-01	1.70285359e+09	-2.41899486e-01	1.19630792e-05
6.44000000e-01	1.70285359e+09	-2.41148603e-01	1.19630787e-05
6.45000000e-01	1.70285359e+09	-2.40400257e-01	1.19630783e-05
6.46000000e-01	1.70285359e+09	-2.39656333e-01	1.19630778e-05
6.47000000e-01	1.70285359e+09	-2.38917763e-01	1.19630774e-05
6.48000000e-01	1.70285359e+09	-2.38180710e-01	1.19630769e-05
6.49000000e-01	1.70285359e+09	-2.37447063e-01	1.19630765e-05
6.50000000e-01	1.70285359e+09	-2.36717752e-01	1.19630761e-05
6.51000000e-01	1.70285359e+09	-2.35992758e-01	1.19630756e-05
6.52000000e-01	1.70285359e+09	-2.35267291e-01	1.19630752e-05
6.53000000e-01	1.70285359e+09	-2.34548961e-01	1.19630747e-05
6.54000000e-01	1.70285359e+09	-2.33831070e-01	1.19630743e-05
6.55000000e-01	1.70285359e+09	-2.33116461e-01	1.19630739e-05
6.56000000e-01	1.70285359e+09	-2.32407021e-01	1.19630734e-05
6.57000000e-01	1.70285359e+09	-2.31700822e-01	1.19630730e-05
6.58000000e-01	1.70285359e+09	-2.30998798e-01	1.19630726e-05
6.59000000e-01	1.70285359e+09	-2.30296161e-01	1.19630721e-05
6.60000000e-01	1.70285359e+09	-2.29596707e-01	1.19630717e-05
6.61000000e-01	1.70285359e+09	-2.28904232e-01	1.19630713e-05
6.62000000e-01	1.70285359e+09	-2.28214901e-01	1.19630709e-05
6.63000000e-01	1.70285359e+09	-2.27524880e-01	1.19630704e-05
6.64000000e-01	1.70285359e+09	-2.26840827e-01	1.19630700e-05
6.65000000e-01	1.70285359e+09	-2.26157955e-01	1.19630696e-05
6.66000000e-01	1.70285359e+09	-2.25479106e-01	1.19630692e-05
6.67000000e-01	1.70285359e+09	-2.24802354e-01	1.19630688e-05
6.68000000e-01	1.70285359e+09	-2.24130542e-01	1.19630683e-05
6.69000000e-01	1.70285359e+09	-2.23460792e-01	1.19630679e-05
6.70000000e-01	1.70285359e+09	-2.22794991e-01	1.19630675e-05
6.71000000e-01	1.70285359e+09	-2.22131216e-01	1.19630671e-05
6.72000000e-01	1.70285359e+09	-2.21469448e-01	1.19630667e-05
6.73000000e-01	1.70285359e+09	-2.20816345e-01	1.19630663e-05
6.74000000e-01	1.70285359e+09	-2.20160447e-01	1.19630659e-05
6.75000000e-01	1.70285359e+09	-2.19508411e-01	1.19630655e-05
6.76000000e-01	1.70285359e+09	-2.18860220e-01	1.19630650e-05
6.77000000e-01	1.70285359e+09	-2.18213950e-01	1.19630646e-05
6.78000000e-01	1.70285359e+09	-2.17569584e-01	1.19630642e-05
6.79000000e-01	1.70285359e+09	-2.16930919e-01	1.19630638e-05
6.80000000e-01	1.70285359e+09	-2.16294125e-01	1.19630634e-05
6.81000000e-01	1.70285359e+09	-2.15658230e-01	1.19630630e-05
6.82000000e-01	1.70285359e+09	-2.15024173e-01	1.19630626e-05
6.83000000e-01	1.70285359e+09	-2.14395752e-01	1.19630622e-05
6.84000000e-01	1.70285359e+09	-2.13770089e-01	1.19630618e-05
6.85000000e-01	1.70285359e+09	-2.13147169e-01	1.19630614e-05
6.86000000e-01	1.70285359e+09	-2.12524113e-01	1.19630610e-05
6.87000000e-01	1.70285359e+09	-2.11906629e-01	1.19630606e-05
6.88000000e-01	1.70285359e+09	-2.11292794e-01	1.19630602e-05
6.89000000e-01	1.70285359e+09	-2.10675915e-01	1.19630599e-05
6.90000000e-01	1.70285359e+09	-2.10066469e-01	1.19630595e-05
6.91000000e-01	1.70285359e+09	-2.09459671e-01	1.19630591e-05
6.92000000e-01	1.70285359e+09	-2.08853598e-01	1.19630587e-05
6.93000000e-01	1.70285359e+09	-2.08253957e-01	1.19630583e-05
6.94000000e-01	1.70285359e+09	-2.07653105e-01	1.19630579e-05
6.95000000e-01	1.70285359e+09	-2.07055794e-01	1.19630575e-05
6.96000000e-01	1.70285359e+09	-2.06463916e-01	1.19630571e-05
6.97000000e-01	1.70285359e+09	-2.05869828e-01	1.19630568e-05
6.98000000e-01	1.70285359e+09	-2.05281145e-01	1.19630564e-05
6.99000000e-01	1.70285359e+09	-2.04693083e-01	1.19630560e-05
7.00000000e-01	1.70285359e+09	-2.04110396e-01	1.19630556e-05
7.01000000e-01	1.70285359e+09	-2.03528303e-01	1.19630552e-05
7.02000000e-01	1.70285359e+09	-2.02947741e-01	1.19630549e-05
7.03000000e-01	1.70285359e+09	-2.02370604e-01	1.19630545e-05
7.04000000e-01	1.70285359e+09	-2.01796879e-01	1.19630541e-05
7.05000000e-01	1.70285359e+09	-2.01225598e-01	1.19630537e-05
7.06000000e-01	1.70285359e+09	-2.00654839e-01	1.19630533e-05
7.07000000e-01	1.70285359e+09	-2.00086496e-01	1.19630530e-05
7.08000000e-01	1.70285359e+09	-1.99522464e-01	1.19630526e-05
7.09000000e-01	1.70285359e+09	-1.98961773e-01	1.19630522e-05
7.10000000e-01	1.70285359e+09	-1.98399644e-01	1.19630519e-05
7.11000000e-01	1.70285359e+09	-1.97841784e-01	1.19630515e-05
7.12000000e-01	1.70285359e+09	-1.97286273e-01	1.19630511e-05
7.13000000e-01	1.70285359e+09	-1.96734051e-01	1.19630508e-05
7.14000000e-01	1.70285359e+09	-1.96184152e-01	1.19630504e-05
7.15000000e-01	1.70285359e+09	-1.95634656e-01	1.19630500e-05
7.16000000e-01	1.70285359e+09	-1.95087456e-01	1.19630497e-05
7.17000000e-01	1.70285359e+09	-1.94544447e-01	1.19630493e-05
7.18000000e-01	1.70285359e+09	-1.94002756e-01	1.19630489e-05
7.19000000e-01	1.70285359e+09	-1.93461416e-01	1.19630486e-05
7.20000000e-01	1.70285359e+09	-1.92926137e-01	1.19630482e-05
7.21000000e-01	1.70285359e+09	-1.92391184e-01	1.19630479e-05
7.22000000e-01	1.70285359e+09	-1.91861314e-01	1.19630475e-05
7.23000000e-01	1.70285359e+09	-1.91330791e-01	1.19630472e-05
7.24000000e-01	1.70285359e+09	-1.90801512e-01	1.19630468e-05
7.25000000e-01	1.70285359e+09	-1.90275370e-01	1.19630464e-05
7.26000000e-01	1.70285359e+09	-1.89751402e-01	1.19630461e-05
7.27000000e-01	1.70285359e+09	-1.89228641e-01	1.19630457e-05
7.28000000e-01	1.70285359e+09	-1.88709935e-01	1.19630454e-05
7.29000000e-01	1.70285359e+09	-1.88192413e-01	1.19630450e-05
7.30000000e-01	1.70285359e+09	-1.87677017e-01	1.19630447e-05
7.31000000e-01	1.70285359e+09	-1.87165641e-01	1.19630443e-05
7.32000000e-01	1.70285359e+09	-1.86654461e-01	1.19630440e-05
7.33000000e-01	1.70285359e+09	-1.86145371e-01	1.19630436e-05
7.34000000e-01	1.70285359e+09	-1.85637406e-01	1.19630433e-05
7.35000000e-01	1.70285359e+09	-1.85130557e-01	1.19630430e-05
7.36000000e-01	1.70285359e+09	-1.84630532e-01	1.19630426e-05
7.37000000e-01	1.70285359e+09	-1.84129692e-01	1.19630423e-05
7.38000000e-01	1.70285359e+09	-1.83628979e-01	1.19630419e-05
7.39000000e-01	1.70285359e+09	-1.83133150e-01	1.19630416e-05
7.40000000e-01	1.70285359e+09	-1.82639335e-01	1.19630412e-05
7.41000000e-01	1.70285359e+09	-1.82146567e-01	1.19630409e-05
7.42000000e-01	1.70285359e+09	-1.81654836e-01	1.19630406e-05
7.43000000e-01	1.70285359e+09	-1.81166994e-01	1.19630402e-05
7.44000000e-01	1.70285359e+09	-1.80681121e-01	1.19630399e-05
7.45000000e-01	1.70285359e+09	-1.80197207e-01	1.19630396e-05
7.46000000e-01	1.70285359e+09	-1.79713334e-01	1.19630392e-05
7.47000000e-01	1.70285359e+09	-1.79230445e-01	1.19630389e-05
7.48000000e-01	1.70285359e+09	-1.78753299e-01	1.19630386e-05
7.49000000e-01	1.70285359e+09	-1.78278071e-01	1.19630382e-05
7.50000000e-01	1.70285359e+09	-1.77801889e-01	1.19630379e-05
7.51000000e-01	1.70285359e+09	-1.77328558e-01	1.19630376e-05
7.52000000e-01	1.70285359e+09	-1.76859021e-01	1.19630372e-05
7.53000000e-01	1.70285359e+09	-1.76387546e-01	1.19630369e-05
7.54000000e-01	1.70285359e+09	-1.75918892e-01	1.19630366e-05
7.55000000e-01	1.70285359e+09	-1.75454003e-01	1.19630362e-05
7.56000000e-01	1.70285359e+09	-1.74990960e-01	1.19630359e-05
7.57000000e-01	1.70285359e+09	-1.74527849e-01	1.19630356e-05
7.58000000e-01	1.70285359e+09	-1.74067519e-01	1.19630353e-05
7.59000000e-01	1.70285359e+09	-1.73610914e-01	1.19630349e-05
7.60000000e-01	1.70285359e+09	-1.73152303e-01	1.19630346e-05
7.61000000e-01	1.70285359e+09	-1.72696446e-01	1.19630343e-05
7.62000000e-01	1.70285359e+09	-1.72246193e-01	1.19630340e-05
7.63000000e-01	1.70285359e+09	-1.71793905e-01	1.19630337e-05
7.64000000e-01	1.70285359e+09	-1.71345296e-01	1.19630333e-05
7.65000000e-01	1.70285359e+09	-1.70896542e-01	1.19630330e-05
7.66000000e-01	1.70285359e+09	-1.70449540e-01	1.19630327e-05
7.67000000e-01	1.70285359e+09	-1.70005235e-01	1.19630324e-05
7.68000000e-01	1.70285359e+09	-1.69563619e-01	1.19630321e-05
7.69000000e-01	1.70285359e+09	-1.69122774e-01	1.19630318e-05
7.70000000e-01	1.70285359e+09	-1.68684599e-01	1.19630314e-05
7.71000000e-01	1.70285359e+09	-1.68247178e-01	1.19630311e-05
7.72000000e-01	1.70285359e+09	-1.67811456e-01	1.19630308e-05
7.73000000e-01	1.70285359e+09	-1.67377424e-01	1.19630305e-05
7.74000000e-01	1.70285359e+09	-1.66945073e-01	1.19630302e-05
7.75000000e-01	1.70285359e+09	-1.66514395e-01	1.19630299e-05
7.76000000e-01	1.70285359e+09	-1.66085380e-01	1.19630296e-05
7.77000000e-01	1.70285359e+09	-1.65659928e-01	1.19630293e-05
7.78000000e-01	1.70285359e+09	-1.65233263e-01	1.19630290e-05
7.79000000e-01	1.70285359e+09	-1.64809189e-01	1.19630287e-05
7.80000000e-01	1.70285359e+09	-1.64385791e-01	1.19630283e-05
7.81000000e-01	1.70285359e+09	-1.63965923e-01	1.19630280e-05
7.82000000e-01	1.70285359e+09	-1.63546714e-01	1.19630277e-05
7.83000000e-01	1.70285359e+09	-1.63131018e-01	1.19630274e-05
7.84000000e-01	1.70285359e+09	-1.62713103e-01	1.19630271e-05
7.85000000e-01	1.70285359e+09	-1.62299639e-01	1.19630268e-05
7.86000000e-01	1.70285359e+09	-1.61884895e-01	1.19630265e-05
7.87000000e-01	1.70285359e+09	-1.61474584e-01	1.19630262e-05
7.88000000e-01	1.70285359e+09	-1.61064884e-01	1.19630259e-05
7.89000000e-01	1.70285359e+09	-1.60658649e-01	1.19630256e-05
7.90000000e-01	1.70285359e+09	-1.60251101e-01	1.19630253e-05
7.91000000e-01	1.70285359e+09	-1.59846048e-01	1.19630250e-05
7.92000000e-01	1.70285359e+09	-1.59443482e-01	1.19630247e-05
7.93000000e-01	1.70285359e+09	-1.59041488e-01	1.19630244e-05
7.94000000e-01	1.70285359e+09	-1.58639582e-01	1.19630241e-05
7.95000000e-01	1.70285359e+09	-1.58241093e-01	1.19630238e-05
7.96000000e-01	1.70285359e+09	-1.57843630e-01	1.19630236e-05
7.97000000e-01	1.70285359e+09	-1.57448616e-01	1.19630233e-05
7.98000000e-01	1.70285359e+09	-1.57053182e-01	1.19630230e-05
7.99000000e-01	1.70285359e+09	-1.56660658e-01	1.19630227e-05
8.00000000e-01	1.70285359e+09	-1.56268178e-01	1.19630224e-05
8.01000000e-01	1.70285359e+09	-1.55879070e-01	1.19630221e-05
8.02000000e-01	1.70285359e+09	-1.55491897e-01	1.19630218e-05
8.03000000e-01	1.70285359e+09	-1.55105221e-01	1.19630215e-05
8.04000000e-01	1.70285359e+09	-1.54716651e-01	1.19630212e-05
8.05000000e-01	1.70285359e+09	-1.54335239e-01	1.19630209e-05
8.06000000e-01	1.70285359e+09	-1.53950966e-01	1.19630207e-05
8.07000000e-01	1.70285359e+09	-1.53570499e-01	1.19630204e-05
8.08000000e-01	1.70285359e+09	-1.53192878e-01	1.19630201e-05
8.09000000e-01	1.70285359e+09	-1.52813804e-01	1.19630198e-05
8.10000000e-01	1.70285359e+09	-1.52436131e-01	1.19630195e-05
8.11000000e-01	1.70285359e+09	-1.52061760e-01	1.19630192e-05
8.12000000e-01	1.70285359e+09	-1.51687824e-01	1.19630189e-05
8.13000000e-01	1.70285359e+09	-1.51313837e-01	1.19630187e-05
8.14000000e-01	1.70285359e+09	-1.50941701e-01	1.19630184e-05
8.15000000e-01	1.70285359e+09	-1.50572840e-01	1.19630181e-05
8.16000000e-01	1.70285359e+09	-1.50202955e-01	1.19630178e-05
8.17000000e-01	1.70285359e+09	-1.49835378e-01	1.19630175e-05
8.18000000e-01	1.70285359e+09	-1.49469148e-01	1.19630173e-05
8.19000000e-01	1.70285359e+09	-1.49104258e-01	1.19630170e-05
8.20000000e-01	1.70285359e+09	-1.48741180e-01	1.19630167e-05
8.21000000e-01	1.70285359e+09	-1.48378475e-01	1.19630164e-05
8.22000000e-01	1.70285359e+09	-1.48017569e-01	1.19630162e-05
8.23000000e-01	1.70285359e+09	-1.47658454e-01	1.19630159e-05
8.24000000e-01	1.70285359e+09	-1.47300171e-01	1.19630156e-05
8.25000000e-01	1.70285359e+09	-1.46944143e-01	1.19630153e-05
8.26000000e-01	1.70285359e+09	-1.46588458e-01	1.19630151e-05
8.27000000e-01	1.70285359e+09	-1.46234062e-01	1.19630148e-05
8.28000000e-01	1.70285359e+09	-1.45879995e-01	1.19630145e-05
8.29000000e-01	1.70285359e+09	-1.45529114e-01	1.19630142e-05
8.30000000e-01	1.70285359e+09	-1.45177118e-01	1.19630140e-05
8.31000000e-01	1.70285359e+09	-1.44829249e-01	1.19630137e-05
8.32000000e-01	1.70285359e+09	-1.44481685e-01	1.19630134e-05
8.33000000e-01	1.70285359e+09	-1.44133943e-01	1.19630132e-05
8.34000000e-01	1.70285359e+09	-1.43787924e-01	1.19630129e-05
8.35000000e-01	1.70285359e+09	-1.43443146e-01	1.19630126e-05
8.36000000e-01	1.70285359e+09	-1.43100080e-01	1.19630124e-05
8.37000000e-01	1.70285359e+09	-1.42758720e-01	1.19630121e-05
8.38000000e-01	1.70285359e+09	-1.42420013e-01	1.19630118e-05
8.39000000e-01	1.70285359e+09	-1.42079662e-01	1.19630116e-05
8.40000000e-01	1.70285359e+09	-1.41741476e-01	1.19630113e-05
8.41000000e-01	1.70285359e+09	-1.41404496e-01	1.19630110e-05
8.42000000e-01	1.70285359e+09	-1.41069670e-01	1.19630108e-05
8.43000000e-01	1.70285359e+09	-1.40736514e-01	1.19630105e-05
8.44000000e-01	1.70285359e+09	-1.40402640e-01	1.19630103e-05
8.45000000e-01	1.70285359e+09	-1.40068996e-01	1.19630100e-05
8.46000000e-01	1.70285359e+09	-1.39739389e-01	1.19630097e-05
8.47000000e-01	1.70285359e+09	-1.39409047e-01	1.19630095e-05
8.48000000e-01	1.70285359e+09	-1.39082256e-01	1.19630092e-05
8.49000000e-01	1.70285359e+09	-1.38753764e-01	1.19630090e-05
8.50000000e-01	1.70285359e+09	-1.38426904e-01	1.19630087e-05
8.51000000e-01	1.70285359e+09	-1.38101672e-01	1.19630084e-05
8.52000000e-01	1.70285359e+09	-1.37776630e-01	1.19630082e-05
8.53000000e-01	1.70285359e+09	-1.37455111e-01	1.19630079e-05
8.54000000e-01	1.70285359e+09	-1.37133773e-01	1.19630077e-05
8.55000000e-01	1.70285359e+09	-1.36813086e-01	1.19630074e-05
8.56000000e-01	1.70285359e+09	-1.36492568e-01	1.19630072e-05
8.57000000e-01	1.70285359e+09	-1.36174123e-01	1.19630069e-05
8.58000000e-01	1.70285359e+09	-1.35856790e-01	1.19630067e-05
8.59000000e-01	1.70285359e+09	-1.35541519e-01	1.19630064e-05
8.60000000e-01	1.70285359e+09	-1.35225919e-01	1.19630062e-05
8.61000000e-01	1.70285359e+09	-1.34911417e-01	1.19630059e-05
8.62000000e-01	1.70285359e+09	-1.34598484e-01	1.19630057e-05
8.63000000e-01	1.70285359e+09	-1.34288546e-01	1.19630054e-05
8.64000000e-01	1.70285359e+09	-1.33975874e-01	1.19630052e-05
8.65000000e-01	1.70285359e+09	-1.33667618e-01	1.19630049e-05
8.66000000e-01	1.70285359e+09	-1.33359004e-01	1.19630047e-05
8.67000000e-01	1.70285359e+09	-1.33050503e-01	1.19630044e-05
8.68000000e-01	1.70285359e+09	-1.32744496e-01	1.19630042e-05
8.69000000e-01	1.70285359e+09	-1.32439068e-01	1.19630039e-05
8.70000000e-01	1.70285359e+09	-1.32134694e-01	1.19630037e-05
8.71000000e-01	1.70285359e+09	-1.31832320e-01	1.19630034e-05
8.72000000e-01	1.70285359e+09	-1.31529560e-01	1.19630032e-05
8.73000000e-01	1.70285359e+09	-1.31228314e-01	1.19630029e-05
8.74000000e-01	1.70285359e+09	-1.30927148e-01	1.19630027e-05
8.75000000e-01	1.70285359e+09	-1.30628918e-01	1.19630025e-05
8.76000000e-01	1.70285359e+09	-1.30330758e-01	1.19630022e-05
8.77000000e-01	1.70285359e+09	-1.30033618e-01	1.19630020e-05
8.78000000e-01	1.70285359e+09	-1.29738446e-01	1.19630017e-05
8.79000000e-01	1.70285359e+09	-1.29443807e-01	1.19630015e-05
8.80000000e-01	1.70285359e+09	-1.29149221e-01	1.19630012e-05
8.81000000e-01	1.70285359e+09	-1.28856588e-01	1.19630010e-05
8.82000000e-01	1.70285359e+09	-1.28565429e-01	1.19630008e-05
8.83000000e-01	1.70285359e+09	-1.28272878e-01	1.19630005e-05
8.84000000e-01	1.70285359e+09	-1.27983699e-01	1.19630003e-05
8.85000000e-01	1.70285359e+09	-1.27694548e-01	1.19630000e-05
8.86000000e-01	1.70285359e+09	-1.27406376e-01	1.19629998e-05
8.87000000e-01	1.70285359e+09	-1.27119179e-01	1.19629996e-05
8.88000000e-01	1.70285359e+09	-1.26831520e-01	1.19629993e-05
8.89000000e-01	1.70285359e+09	-1.26549118e-01	1.19629991e-05
8.90000000e-01	1.70285359e+09	-1.26263386e-01	1.19629989e-05
8.91000000e-01	1.70285359e+09	-1.25980518e-01	1.19629986e-05
8.92000000e-01	1.70285359e+09	-1.25698602e-01	1.19629984e-05
8.93000000e-01	1.70285359e+09	-1.25416681e-01	1.19629982e-05
8.94000000e-01	1.70285359e+09	-1.25135227e-01	1.19629979e-05
8.95000000e-01	1.70285359e+09	-1.24856620e-01	1.19629977e-05
8.96000000e-01	1.70285359e+09	-1.24577041e-01	1.19629975e-05
8.97000000e-01	1.70285359e+09	-1.24299347e-01	1.19629972e-05
8.98000000e-01	1.70285359e+09	-1.24022103e-01	1.19629970e-05
8.99000000e-01	1.70285359e+09	-1.23747690e-01	1.19629968e-05
9.00000000e-01	1.70285359e+09	-1.23471812e-01	1.19629965e-05
9.01000000e-01	1.70285359e+09	-1.23199709e-01	1.19629963e-05
9.02000000e-01	1.70285359e+09	-1.22926134e-01	1.19629961e-05
9.03000000e-01	1.70285359e+09	-1.22652988e-01	1.19629959e-05
9.04000000e-01	1.70285359e+09	-1.22381698e-01	1.19629956e-05
9.05000000e-01	1.70285359e+09	-1.22113215e-01	1.19629954e-05
9.06000000e-01	1.70285359e+09	-1.21842766e-01	1.19629952e-05
9.07000000e-01	1.70285359e+09	-1.21573684e-01	1.19629949e-05
9.08000000e-01	1.70285359e+09	-1.21305489e-01	1.19629947e-05
9.09000000e-01	1.70285359e+09	-1.21039131e-01	1.19629945e-05
9.10000000e-01	1.70285359e+09	-1.20774129e-01	1.19629943e-05
9.11000000e-01	1.70285359e+09	-1.20508572e-01	1.19629940e-05
9.12000000e-01	1.70285359e+09	-1.20243887e-01	1.19629938e-05
9.13000000e-01	1.70285359e+09	-1.19982453e-01	1.19629936e-05
9.14000000e-01	1.70285359e+09	-1.19718068e-01	1.19629934e-05
9.15000000e-01	1.70285359e+09	-1.19457882e-01	1.19629932e-05
9.16000000e-01	1.70285359e+09	-1.19197598e-01	1.19629929e-05
9.17000000e-01	1.70285359e+09	-1.18935783e-01	1.19629927e-05
9.18000000e-01	1.70285359e+09	-1.18677677e-01	1.19629925e-05
9.19000000e-01	1.70285359e+09	-1.18419940e-01	1.19629923e-05
9.20000000e-01	1.70285359e+09	-1.18163521e-01	1.19629921e-05
9.21000000e-01	1.70285359e+09	-1.17906510e-01	1.19629918e-05
9.22000000e-01	1.70285359e+09	-1.17650333e-01	1.19629916e-05
9.23000000e-01	1.70285359e+09	-1.17395940e-01	1.19629914e-05
9.24000000e-01	1.70285359e+09	-1.17141420e-01	1.19629912e-05
9.25000000e-01	1.70285359e+09	-1.16889155e-01	1.19629910e-05
9.26000000e-01	1.70285359e+09	-1.16636279e-01	1.19629907e-05
9.27000000e-01	1.70285359e+09	-1.16384219e-01	1.19629905e-05
9.28000000e-01	1.70285359e+09	-1.16133449e-01	1.19629903e-05
9.29000000e-01	1.70285359e+09	-1.15884442e-01	1.19629901e-05
9.30000000e-01	1.70285359e+09	-1.15634811e-01	1.19629899e-05
9.31000000e-01	1.70285359e+09	-1.15387412e-01	1.19629897e-05
9.32000000e-01	1.70285359e+09	-1.15138905e-01	1.19629894e-05
9.33000000e-01	1.70285359e+09	-1.14892624e-01	1.19629892e-05
9.34000000e-01	1.70285359e+09	-1.14646182e-01	1.19629890e-05
9.35000000e-01	1.70285359e+09	-1.14401005e-01	1.19629888e-05
9.36000000e-01	1.70285359e+09	-1.14157568e-01	1.19629886e-05
9.37000000e-01	1.70285359e+09	-1.13914435e-01	1.19629884e-05
9.38000000e-01	1.70285359e+09	-1.13671128e-01	1.19629882e-05
9.39000000e-01	1.70285359e+09	-1.13429072e-01	1.19629880e-05
9.40000000e-01	1.70285359e+09	-1.13187312e-01	1.19629877e-05
9.41000000e-01	1.70285359e+09	-1.12946798e-01	1.19629875e-05
9.42000000e-01	1.70285359e+09	-1.12708480e-01	1.19629873e-05
9.43000000e-01	1.70285359e+09	-1.12468540e-01	1.19629871e-05
9.44000000e-01	1.70285359e+09	-1.12229836e-01	1.19629869e-05
9.45000000e-01	1.70285359e+09	-1.11992364e-01	1.19629867e-05
9.46000000e-01	1.70285359e+09	-1.11755646e-01	1.19629865e-05
9.47000000e-01	1.70285359e+09	-1.11519200e-01	1.19629863e-05
9.48000000e-01	1.70285359e+09	-1.11285407e-01	1.19629861e-05
9.49000000e-01	1.70285359e+09	-1.11049497e-01	1.19629859e-05
9.50000000e-01	1.70285359e+09	-1.10816234e-01	1.19629857e-05
9.51000000e-01	1.70285359e+09	-1.10583708e-01	1.19629855e-05
9.52000000e-01	1.70285359e+09	-1.10351916e-01	1.19629853e-05
9.53000000e-01	1.70285359e+09	-1.10119425e-01	1.19629850e-05
9.54000000e-01	1.70285359e+09	-1.09889568e-01	1.19629848e-05
9.55000000e-01	1.70285359e+09	-1.09659959e-01	1.19629846e-05
9.56000000e-01	1.70285359e+09	-1.09429165e-01	1.19629844e-05
9.57000000e-01	1.70285359e+09	-1.09200997e-01	1.19629842e-05
9.58000000e-01	1.70285359e+09	-1.08971636e-01	1.19629840e-05
9.59000000e-01	1.70285359e+09	-1.08746327e-01	1.19629838e-05
9.60000000e-01	1.70285359e+09	-1.08517912e-01	1.19629836e-05
9.61000000e-01	1.70285359e+09	-1.08293065e-01	1.19629834e-05
9.62000000e-01	1.70285359e+09	-1.08068922e-01	1.19629832e-05
9.63000000e-01	1.70285359e+09	-1.07846910e-01	1.19629830e-05
9.64000000e-01	1.70285359e+09	-1.07623212e-01	1.19629828e-05
9.65000000e-01	1.70285359e+09	-1.07400209e-01	1.19629826e-05
9.66000000e-01	1.70285359e+09	-1.07177898e-01	1.19629824e-05
9.67000000e-01	1.70285359e+09	-1.06956754e-01	1.19629822e-05
9.68000000e-01	1.70285359e+09	-1.06735342e-01	1.19629820e-05
9.69000000e-01	1.70285359e+09	-1.06515091e-01	1.19629818e-05
9.70000000e-01	1.70285359e+09	-1.06295521e-01	1.19629816e-05
9.71000000e-01	1.70285359e+09	-1.06076151e-01	1.19629814e-05
9.72000000e-01	1.70285359e+09	-1.05857934e-01	1.19629812e-05
9.73000000e-01	1.70285359e+09	-1.05640866e-01	1.19629810e-05
9.74000000e-01	1.70285359e+09	-1.05423515e-01	1.19629808e-05
9.75000000e-01	1.70285359e+09	-1.05207784e-01	1.19629806e-05
9.76000000e-01	1.70285359e+09	-1.04992717e-01	1.19629804e-05
9.77000000e-01	1.70285359e+09	-1.04776881e-01	1.19629803e-05
9.78000000e-01	1.70285359e+09	-1.04563611e-01	1.19629801e-05
9.79000000e-01	1.70285359e+09	-1.04350044e-01	1.19629799e-05
9.80000000e-01	1.70285359e+09	-1.04136653e-01	1.19629797e-05
9.81000000e-01	1.70285359e+09	-1.03924867e-01	1.19629795e-05
9.82000000e-01	1.70285359e+09	-1.03713252e-01	1.19629793e-05
9.83000000e-01	1.70285359e+09	-1.03501806e-01	1.19629791e-05
9.84000000e-01	1.70285359e+09	-1.03290525e-01	1.19629789e-05
9.85000000e-01	1.70285359e+09	-1.03082270e-01	1.19629787e-05
9.86000000e-01	1.70285359e+09	-1.02872744e-01	1.19629785e-05
9.87000000e-01	1.70285359e+09	-1.02663854e-01	1.19629783e-05
9.88000000e-01	1.70285359e+09	-1.02455119e-01	1.19629781e-05
9.89000000e-01	1.70285359e+09	-1.02248922e-01	1.19629779e-05
9.90000000e-01	1.70285359e+09	-1.02042398e-01	1.19629778e-05
9.91000000e-01	1.70285359e+09	-1.01837930e-01	1.19629776e-05
9.92000000e-01	1.70285359e+09	-1.01632653e-01	1.19629774e-05
9.93000000e-01	1.70285359e+09	-1.01427043e-01	1.19629772e-05
9.94000000e-01	1.70285359e+09	-1.01223481e-01	1.19629770e-05
9.95000000e-01	1.70285359e+09	-1.01019103e-01	1.19629768e-05
9.96000000e-01	1.70285359e+09	-1.00817721e-01	1.19629766e-05
9.97000000e-01	1.70285359e+09	-1.00614566e-01	1.19629764e-05
9.98000000e-01	1.70285359e+09	-1.00413925e-01	1.19629762e-05
9.99000000e-01	1.70285359e+09	-1.00212459e-01	1.19629761e-05
