1.00000000e-03	1.48227679e+02	-9.99879572e+04	4.98932939e-03
2.00000000e-03	9.82455368e+01	-2.49764604e+04	9.91613710e-03
3.00000000e-03	8.16077561e+01	-1.10770760e+04	1.47249041e-02
4.00000000e-03	7.33131695e+01	-6.20677609e+03	1.93720517e-02
5.00000000e-03	6.83603857e+01	-3.94903699e+03	2.38278463e-02
6.00000000e-03	6.50812764e+01	-2.72052966e+03	2.80756208e-02
7.00000000e-03	6.27601420e+01	-1.97864410e+03	3.21094023e-02
8.00000000e-03	6.10385497e+01	-1.49661635e+03	3.59310380e-02
9.00000000e-03	5.97169586e+01	-1.16601517e+03	3.95475427e-02
1.00000000e-02	5.86753645e+01	-9.29650506e+02	4.29689839e-02
1.10000000e-02	5.78372173e+01	-7.55015340e+02	4.62069521e-02
1.20000000e-02	5.71513675e+01	-6.22509293e+02	4.92735337e-02
1.30000000e-02	5.65823332e+01	-5.19736230e+02	5.21806642e-02
1.40000000e-02	5.61047304e+01	-4.38541330e+02	5.49397504e-02
1.50000000e-02	5.56999241e+01	-3.73379803e+02	5.75614721e-02
1.60000000e-02	5.53539307e+01	-3.20374230e+02	6.00556978e-02
1.70000000e-02	5.50560576e+01	-2.76746962e+02	6.24314711e-02
1.80000000e-02	5.47979936e+01	-2.40466057e+02	6.46970369e-02
1.90000000e-02	5.45731854e+01	-2.10017545e+02	6.68598911e-02
2.00000000e-02	5.43763994e+01	-1.84254942e+02	6.89268385e-02
2.10000000e-02	5.42034092e+01	-1.62297437e+02	7.09040554e-02
2.20000000e-02	5.40507663e+01	-1.43459526e+02	7.27971501e-02
2.30000000e-02	5.39156314e+01	-1.27201455e+02	7.46112202e-02
2.40000000e-02	5.37956475e+01	-1.13093734e+02	7.63509062e-02
2.50000000e-02	5.36888429e+01	-1.00791311e+02	7.80204390e-02
2.60000000e-02	5.35935569e+01	-9.00145316e+01	7.96236835e-02
2.70000000e-02	5.35083818e+01	-8.05349124e+01	8.11641771e-02
2.80000000e-02	5.34321177e+01	-7.21643879e+01	8.26451641e-02
2.90000000e-02	5.33637356e+01	-6.47470955e+01	8.40696264e-02
3.00000000e-02	5.33023493e+01	-5.81530376e+01	8.54403099e-02
3.10000000e-02	5.32471916e+01	-5.22731458e+01	8.67597493e-02
3.20000000e-02	5.31975957e+01	-4.70154060e+01	8.80302885e-02
3.30000000e-02	5.31529795e+01	-4.23017897e+01	8.92540997e-02
3.40000000e-02	5.31128330e+01	-3.80658084e+01	9.04332001e-02
3.50000000e-02	5.30767077e+01	-3.42505485e+01	9.15694665e-02
3.60000000e-02	5.30442080e+01	-3.08070847e+01	9.26646486e-02
3.70000000e-02	5.30149838e+01	-2.76931886e+01	9.37203805e-02
3.80000000e-02	5.29887240e+01	-2.48722734e+01	9.47381913e-02
3.90000000e-02	5.29651522e+01	-2.23125257e+01	9.57195145e-02
4.00000000e-02	5.29440212e+01	-1.99861885e+01	9.66656961e-02
4.10000000e-02	5.29251101e+01	-1.78689655e+01	9.75780024e-02
4.20000000e-02	5.29082207e+01	-1.59395240e+01	9.84576264e-02
4.30000000e-02	5.28931747e+01	-1.41790788e+01	9.93056940e-02
4.40000000e-02	5.28798117e+01	-1.25710416e+01	1.00123270e-01
4.50000000e-02	5.28679868e+01	-1.11007250e+01	1.00911361e-01
4.60000000e-02	5.28575687e+01	-9.75509214e+00	1.01670923e-01
4.70000000e-02	5.28484389e+01	-8.52254251e+00	1.02402864e-01
4.80000000e-02	5.28404894e+01	-7.39273015e+00	1.03108045e-01
4.90000000e-02	5.28336222e+01	-6.35640722e+00	1.03787288e-01
5.00000000e-02	5.28277482e+01	-5.40528996e+00	1.04441376e-01
5.10000000e-02	5.28227857e+01	-4.53194291e+00	1.05071056e-01
5.20000000e-02	5.28186606e+01	-3.72967900e+00	1.05677043e-01
5.30000000e-02	5.28153047e+01	-2.99247287e+00	1.06260021e-01
5.40000000e-02	5.28126558e+01	-2.31488552e+00	1.06820646e-01
5.50000000e-02	5.28106567e+01	-1.69199874e+00	1.07359545e-01
5.60000000e-02	5.28092550e+01	-1.11935773e+00	1.07877323e-01
5.70000000e-02	5.28084026e+01	-5.92920942e-01	1.08374561e-01
5.80000000e-02	5.28080550e+01	-1.09016014e-01	1.08851816e-01
5.90000000e-02	5.28081715e+01	3.35698944e-01	1.09309627e-01
6.00000000e-02	5.28087143e+01	7.44269504e-01	1.09748514e-01
6.10000000e-02	5.28096489e+01	1.11947507e+00	1.10168977e-01
6.20000000e-02	5.28109430e+01	1.46385556e+00	1.10571501e-01
6.30000000e-02	5.28125671e+01	1.77973505e+00	1.10956554e-01
6.40000000e-02	5.28144937e+01	2.06924281e+00	1.11324589e-01
6.50000000e-02	5.28166974e+01	2.33433198e+00	1.11676045e-01
6.60000000e-02	5.28191548e+01	2.57679627e+00	1.12011349e-01
6.70000000e-02	5.28218440e+01	2.79828478e+00	1.12330912e-01
6.80000000e-02	5.28247449e+01	3.00031539e+00	1.12635136e-01
6.90000000e-02	5.28278386e+01	3.18428663e+00	1.12924411e-01
7.00000000e-02	5.28311078e+01	3.35148840e+00	1.13199115e-01
7.10000000e-02	5.28345364e+01	3.50311158e+00	1.13459618e-01
7.20000000e-02	5.28381092e+01	3.64025665e+00	1.13706277e-01
7.30000000e-02	5.28418124e+01	3.76394155e+00	1.13939443e-01
7.40000000e-02	5.28456329e+01	3.87510864e+00	1.14159456e-01
7.50000000e-02	5.28495587e+01	3.97463110e+00	1.14366648e-01
7.60000000e-02	5.28535786e+01	4.06331868e+00	1.14561344e-01
7.70000000e-02	5.28576820e+01	4.14192287e+00	1.14743860e-01
7.80000000e-02	5.28618593e+01	4.21114167e+00	1.14914504e-01
7.90000000e-02	5.28661014e+01	4.27162384e+00	1.15073580e-01
8.00000000e-02	5.28703998e+01	4.32397283e+00	1.15221380e-01
8.10000000e-02	5.28747468e+01	4.36875032e+00	1.15358195e-01
8.20000000e-02	5.28791350e+01	4.40647943e+00	1.15484307e-01
8.30000000e-02	5.28835576e+01	4.43764773e+00	1.15599990e-01
8.40000000e-02	5.28880082e+01	4.46270985e+00	1.15705516e-01
8.50000000e-02	5.28924811e+01	4.48209005e+00	1.15801148e-01
8.60000000e-02	5.28969706e+01	4.49618436e+00	1.15887146e-01
8.70000000e-02	5.29014718e+01	4.50536274e+00	1.15963764e-01
8.80000000e-02	5.29059798e+01	4.50997092e+00	1.16031249e-01
8.90000000e-02	5.29104903e+01	4.51033215e+00	1.16089844e-01
9.00000000e-02	5.29149992e+01	4.50674879e+00	1.16139790e-01
9.10000000e-02	5.29195026e+01	4.49950382e+00	1.16181318e-01
9.20000000e-02	5.29239970e+01	4.48886213e+00	1.16214659e-01
9.30000000e-02	5.29284793e+01	4.47507180e+00	1.16240036e-01
9.40000000e-02	5.29329462e+01	4.45836526e+00	1.16257671e-01
9.50000000e-02	5.29373951e+01	4.43896030e+00	1.16267778e-01
9.60000000e-02	5.29418233e+01	4.41706110e+00	1.16270570e-01
9.70000000e-02	5.29462284e+01	4.39285912e+00	1.16266255e-01
9.80000000e-02	5.29506083e+01	4.36653391e+00	1.16255035e-01
9.90000000e-02	5.29549609e+01	4.33825394e+00	1.16237110e-01
1.00000000e-01	5.29592842e+01	4.30817724e+00	1.16212677e-01
1.01000000e-01	5.29635767e+01	4.27645215e+00	1.16181927e-01
1.02000000e-01	5.29678366e+01	4.24321787e+00	1.16145048e-01
1.03000000e-01	5.29720626e+01	4.20860507e+00	1.16102224e-01
1.04000000e-01	5.29762534e+01	4.17273643e+00	1.16053638e-01
1.05000000e-01	5.29804077e+01	4.13572711e+00	1.15999465e-01
1.06000000e-01	5.29845245e+01	4.09768521e+00	1.15939880e-01
1.07000000e-01	5.29886028e+01	4.05871224e+00	1.15875054e-01
1.08000000e-01	5.29926416e+01	4.01890348e+00	1.15805153e-01
1.09000000e-01	5.29966403e+01	3.97834837e+00	1.15730341e-01
1.10000000e-01	5.30005981e+01	3.93713087e+00	1.15650779e-01
1.11000000e-01	5.30045144e+01	3.89532975e+00	1.15566623e-01
1.12000000e-01	5.30083886e+01	3.85301896e+00	1.15478028e-01
1.13000000e-01	5.30122203e+01	3.81026783e+00	1.15385144e-01
1.14000000e-01	5.30160090e+01	3.76714142e+00	1.15288119e-01
1.15000000e-01	5.30197545e+01	3.72370072e+00	1.15187098e-01
1.16000000e-01	5.30234563e+01	3.68000288e+00	1.15082222e-01
1.17000000e-01	5.30271144e+01	3.63610148e+00	1.14973629e-01
1.18000000e-01	5.30307285e+01	3.59204667e+00	1.14861456e-01
1.19000000e-01	5.30342984e+01	3.54788541e+00	1.14745834e-01
1.20000000e-01	5.30378242e+01	3.50366166e+00	1.14626894e-01
1.21000000e-01	5.30413058e+01	3.45941649e+00	1.14504763e-01
1.22000000e-01	5.30447431e+01	3.41518830e+00	1.14379564e-01
1.23000000e-01	5.30481362e+01	3.37101295e+00	1.14251419e-01
1.24000000e-01	5.30514851e+01	3.32692391e+00	1.14120447e-01
1.25000000e-01	5.30547900e+01	3.28295238e+00	1.13986763e-01
1.26000000e-01	5.30580511e+01	3.23912741e+00	1.13850480e-01
1.27000000e-01	5.30612683e+01	3.19547605e+00	1.13711709e-01
1.28000000e-01	5.30644421e+01	3.15202344e+00	1.13570559e-01
1.29000000e-01	5.30675725e+01	3.10879292e+00	1.13427133e-01
1.30000000e-01	5.30706597e+01	3.06580613e+00	1.13281536e-01
1.31000000e-01	5.30737042e+01	3.02308311e+00	1.13133868e-01
1.32000000e-01	5.30767060e+01	2.98064237e+00	1.12984225e-01
1.33000000e-01	5.30796655e+01	2.93850100e+00	1.12832705e-01
1.34000000e-01	5.30825831e+01	2.89667473e+00	1.12679400e-01
1.35000000e-01	5.30854590e+01	2.85517803e+00	1.12524400e-01
1.36000000e-01	5.30882936e+01	2.81402413e+00	1.12367794e-01
1.37000000e-01	5.30910872e+01	2.77322515e+00	1.12209669e-01
1.38000000e-01	5.30938401e+01	2.73279214e+00	1.12050107e-01
1.39000000e-01	5.30965529e+01	2.69273511e+00	1.11889191e-01
1.40000000e-01	5.30992257e+01	2.65306312e+00	1.11727000e-01
1.41000000e-01	5.31018591e+01	2.61378435e+00	1.11563612e-01
1.42000000e-01	5.31044534e+01	2.57490610e+00	1.11399102e-01
1.43000000e-01	5.31070091e+01	2.53643487e+00	1.11233542e-01
1.44000000e-01	5.31095265e+01	2.49837643e+00	1.11067005e-01
1.45000000e-01	5.31120060e+01	2.46073580e+00	1.10899558e-01
1.46000000e-01	5.31144481e+01	2.42351735e+00	1.10731270e-01
1.47000000e-01	5.31168531e+01	2.38672482e+00	1.10562205e-01
1.48000000e-01	5.31192217e+01	2.35036133e+00	1.10392428e-01
1.49000000e-01	5.31215540e+01	2.31442947e+00	1.10221999e-01
1.50000000e-01	5.31238507e+01	2.27893129e+00	1.10050977e-01
1.51000000e-01	5.31261120e+01	2.24386833e+00	1.09879422e-01
1.52000000e-01	5.31283385e+01	2.20924170e+00	1.09707389e-01
1.53000000e-01	5.31305306e+01	2.17505204e+00	1.09534933e-01
1.54000000e-01	5.31326888e+01	2.14129960e+00	1.09362105e-01
1.55000000e-01	5.31348134e+01	2.10798424e+00	1.09188958e-01
1.56000000e-01	5.31369049e+01	2.07510547e+00	1.09015541e-01
1.57000000e-01	5.31389637e+01	2.04266244e+00	1.08841902e-01
1.58000000e-01	5.31409904e+01	2.01065402e+00	1.08668087e-01
1.59000000e-01	5.31429852e+01	1.97907875e+00	1.08494141e-01
1.60000000e-01	5.31449487e+01	1.94793494e+00	1.08320107e-01
1.61000000e-01	5.31468812e+01	1.91722061e+00	1.08146027e-01
1.62000000e-01	5.31487833e+01	1.88693355e+00	1.07971942e-01
1.63000000e-01	5.31506552e+01	1.85707134e+00	1.07797891e-01
1.64000000e-01	5.31524975e+01	1.82763136e+00	1.07623911e-01
1.65000000e-01	5.31543106e+01	1.79861078e+00	1.07450040e-01
1.66000000e-01	5.31560949e+01	1.77000661e+00	1.07276311e-01
1.67000000e-01	5.31578508e+01	1.74181570e+00	1.07102760e-01
1.68000000e-01	5.31595787e+01	1.71403475e+00	1.06929419e-01
1.69000000e-01	5.31612790e+01	1.68666032e+00	1.06756319e-01
1.70000000e-01	5.31629521e+01	1.65968885e+00	1.06583491e-01
1.71000000e-01	5.31645985e+01	1.63311667e+00	1.06410963e-01
1.72000000e-01	5.31662185e+01	1.60693999e+00	1.06238764e-01
1.73000000e-01	5.31678125e+01	1.58115495e+00	1.06066922e-01
1.74000000e-01	5.31693809e+01	1.55575759e+00	1.05895460e-01
1.75000000e-01	5.31709241e+01	1.53074387e+00	1.05724406e-01
1.76000000e-01	5.31724425e+01	1.50610971e+00	1.05553782e-01
1.77000000e-01	5.31739365e+01	1.48185093e+00	1.05383612e-01
1.78000000e-01	5.31754064e+01	1.45796334e+00	1.05213918e-01
1.79000000e-01	5.31768525e+01	1.43444267e+00	1.05044720e-01
1.80000000e-01	5.31782754e+01	1.41128464e+00	1.04876038e-01
1.81000000e-01	5.31796752e+01	1.38848491e+00	1.04707893e-01
1.82000000e-01	5.31810524e+01	1.36603913e+00	1.04540303e-01
1.83000000e-01	5.31824074e+01	1.34394293e+00	1.04373284e-01
1.84000000e-01	5.31837404e+01	1.32219192e+00	1.04206855e-01
1.85000000e-01	5.31850519e+01	1.30078169e+00	1.04041031e-01
1.86000000e-01	5.31863421e+01	1.27970783e+00	1.03875827e-01
1.87000000e-01	5.31876114e+01	1.25896594e+00	1.03711258e-01
1.88000000e-01	5.31888602e+01	1.23855160e+00	1.03547338e-01
1.89000000e-01	5.31900886e+01	1.21846040e+00	1.03384080e-01
1.90000000e-01	5.31912972e+01	1.19868796e+00	1.03221496e-01
1.91000000e-01	5.31924861e+01	1.17922989e+00	1.03059599e-01
1.92000000e-01	5.31936558e+01	1.16008181e+00	1.02898399e-01
1.93000000e-01	5.31948064e+01	1.14123937e+00	1.02737908e-01
1.94000000e-01	5.31959383e+01	1.12269824e+00	1.02578135e-01
1.95000000e-01	5.31970519e+01	1.10445412e+00	1.02419089e-01
1.96000000e-01	5.31981473e+01	1.08650271e+00	1.02260780e-01
1.97000000e-01	5.31992250e+01	1.06883977e+00	1.02103216e-01
1.98000000e-01	5.32002851e+01	1.05146106e+00	1.01946405e-01
1.99000000e-01	5.32013280e+01	1.03436239e+00	1.01790354e-01
2.00000000e-01	5.32023539e+01	1.01753959e+00	1.01635069e-01
2.01000000e-01	5.32033632e+01	1.00098853e+00	1.01480558e-01
2.02000000e-01	5.32043560e+01	9.84705129e-01	1.01326826e-01
2.03000000e-01	5.32053327e+01	9.68685317e-01	1.01173879e-01
2.04000000e-01	5.32062935e+01	9.52925078e-01	1.01021722e-01
2.05000000e-01	5.32072386e+01	9.37420432e-01	1.00870359e-01
2.06000000e-01	5.32081684e+01	9.22167440e-01	1.00719795e-01
2.07000000e-01	5.32090830e+01	9.07162203e-01	1.00570033e-01
2.08000000e-01	5.32099828e+01	8.92400862e-01	1.00421077e-01
2.09000000e-01	5.32108679e+01	8.77879605e-01	1.00272931e-01
2.10000000e-01	5.32117386e+01	8.63594657e-01	1.00125596e-01
2.11000000e-01	5.32125952e+01	8.49542292e-01	9.99790752e-02
2.12000000e-01	5.32134378e+01	8.35718825e-01	9.98333713e-02
2.13000000e-01	5.32142667e+01	8.22120616e-01	9.96884856e-02
2.14000000e-01	5.32150821e+01	8.08744070e-01	9.95444197e-02
2.15000000e-01	5.32158842e+01	7.95585637e-01	9.94011750e-02
2.16000000e-01	5.32166733e+01	7.82641811e-01	9.92587522e-02
2.17000000e-01	5.32174496e+01	7.69909134e-01	9.91171522e-02
2.18000000e-01	5.32182132e+01	7.57384190e-01	9.89763753e-02
2.19000000e-01	5.32189644e+01	7.45063610e-01	9.88364217e-02
2.20000000e-01	5.32197034e+01	7.32944073e-01	9.86972914e-02
2.21000000e-01	5.32204304e+01	7.21022299e-01	9.85589842e-02
2.22000000e-01	5.32211455e+01	7.09295057e-01	9.84214995e-02
2.23000000e-01	5.32218490e+01	6.97759160e-01	9.82848366e-02
2.24000000e-01	5.32225411e+01	6.86411465e-01	9.81489946e-02
2.25000000e-01	5.32232219e+01	6.75248875e-01	9.80139725e-02
2.26000000e-01	5.32238917e+01	6.64268340e-01	9.78797689e-02
2.27000000e-01	5.32245505e+01	6.53466850e-01	9.77463824e-02
2.28000000e-01	5.32251987e+01	6.42841442e-01	9.76138113e-02
2.29000000e-01	5.32258363e+01	6.32389198e-01	9.74820538e-02
2.30000000e-01	5.32264635e+01	6.22107243e-01	9.73511080e-02
2.31000000e-01	5.32270805e+01	6.11992743e-01	9.72209718e-02
2.32000000e-01	5.32276875e+01	6.02042910e-01	9.70916430e-02
2.33000000e-01	5.32282847e+01	5.92254998e-01	9.69631191e-02
2.34000000e-01	5.32288721e+01	5.82626303e-01	9.68353977e-02
2.35000000e-01	5.32294500e+01	5.73154164e-01	9.67084760e-02
2.36000000e-01	5.32300185e+01	5.63835959e-01	9.65823514e-02
2.37000000e-01	5.32305777e+01	5.54669110e-01	9.64570210e-02
2.38000000e-01	5.32311278e+01	5.45651079e-01	9.63324818e-02
2.39000000e-01	5.32316691e+01	5.36779367e-01	9.62087307e-02
2.40000000e-01	5.32322015e+01	5.28051516e-01	9.60857645e-02
2.41000000e-01	5.32327252e+01	5.19465109e-01	9.59635800e-02
2.42000000e-01	5.32332404e+01	5.11017764e-01	9.58421738e-02
2.43000000e-01	5.32337473e+01	5.02707142e-01	9.57215424e-02
2.44000000e-01	5.32342459e+01	4.94530939e-01	9.56016824e-02
2.45000000e-01	5.32347364e+01	4.86486890e-01	9.54825902e-02
2.46000000e-01	5.32352189e+01	4.78572766e-01	9.53642620e-02
2.47000000e-01	5.32356936e+01	4.70786377e-01	9.52466941e-02
2.48000000e-01	5.32361605e+01	4.63125567e-01	9.51298829e-02
2.49000000e-01	5.32366199e+01	4.55588215e-01	9.50138242e-02
2.50000000e-01	5.32370717e+01	4.48172239e-01	9.48985144e-02
2.51000000e-01	5.32375163e+01	4.40875588e-01	9.47839494e-02
2.52000000e-01	5.32379535e+01	4.33696247e-01	9.46701252e-02
2.53000000e-01	5.32383837e+01	4.26632235e-01	9.45570377e-02
2.54000000e-01	5.32388068e+01	4.19681603e-01	9.44446829e-02
2.55000000e-01	5.32392231e+01	4.12842437e-01	9.43330566e-02
2.56000000e-01	5.32396326e+01	4.06112853e-01	9.42221546e-02
2.57000000e-01	5.32400353e+01	3.99491000e-01	9.41119727e-02
2.58000000e-01	5.32404316e+01	3.92975060e-01	9.40025067e-02
2.59000000e-01	5.32408213e+01	3.86563243e-01	9.38937523e-02
2.60000000e-01	5.32412047e+01	3.80253791e-01	9.37857052e-02
2.61000000e-01	5.32415819e+01	3.74044977e-01	9.36783611e-02
2.62000000e-01	5.32419529e+01	3.67935102e-01	9.35717157e-02
2.63000000e-01	5.32423178e+01	3.61922497e-01	9.34657646e-02
2.64000000e-01	5.32426767e+01	3.56005520e-01	9.33605034e-02
2.65000000e-01	5.32430298e+01	3.50182561e-01	9.32559277e-02
2.66000000e-01	5.32433771e+01	3.44452034e-01	9.31520332e-02
2.67000000e-01	5.32437188e+01	3.38812381e-01	9.30488154e-02
2.68000000e-01	5.32440548e+01	3.33262074e-01	9.29462699e-02
2.69000000e-01	5.32443853e+01	3.27799606e-01	9.28443922e-02
2.70000000e-01	5.32447104e+01	3.22423502e-01	9.27431780e-02
2.71000000e-01	5.32450302e+01	3.17132308e-01	9.26426228e-02
2.72000000e-01	5.32453447e+01	3.11924598e-01	9.25427221e-02
2.73000000e-01	5.32456541e+01	3.06798968e-01	9.24434715e-02
2.74000000e-01	5.32459583e+01	3.01754042e-01	9.23448666e-02
2.75000000e-01	5.32462576e+01	2.96788466e-01	9.22469029e-02
2.76000000e-01	5.32465519e+01	2.91900908e-01	9.21495760e-02
2.77000000e-01	5.32468414e+01	2.87090063e-01	9.20528814e-02
2.78000000e-01	5.32471261e+01	2.82354644e-01	9.19568148e-02
2.79000000e-01	5.32474062e+01	2.77693391e-01	9.18613717e-02
2.80000000e-01	5.32476816e+01	2.73105064e-01	9.17665477e-02
2.81000000e-01	5.32479524e+01	2.68588443e-01	9.16723384e-02
2.82000000e-01	5.32482188e+01	2.64142333e-01	9.15787393e-02
2.83000000e-01	5.32484807e+01	2.59765556e-01	9.14857462e-02
2.84000000e-01	5.32487383e+01	2.55456958e-01	9.13933547e-02
2.85000000e-01	5.32489916e+01	2.51215402e-01	9.13015603e-02
2.86000000e-01	5.32492408e+01	2.47039774e-01	9.12103588e-02
2.87000000e-01	5.32494857e+01	2.42928976e-01	9.11197458e-02
2.88000000e-01	5.32497266e+01	2.38881934e-01	9.10297170e-02
2.89000000e-01	5.32499635e+01	2.34897587e-01	9.09402681e-02
2.90000000e-01	5.32501965e+01	2.30974897e-01	9.08513948e-02
2.91000000e-01	5.32504255e+01	2.27112843e-01	9.07630929e-02
2.92000000e-01	5.32506507e+01	2.23310420e-01	9.06753581e-02
2.93000000e-01	5.32508721e+01	2.19566644e-01	9.05881862e-02
2.94000000e-01	5.32510899e+01	2.15880544e-01	9.05015729e-02
2.95000000e-01	5.32513039e+01	2.12251170e-01	9.04155142e-02
2.96000000e-01	5.32515144e+01	2.08677587e-01	9.03300058e-02
2.97000000e-01	5.32517213e+01	2.05158875e-01	9.02450435e-02
2.98000000e-01	5.32519247e+01	2.01694131e-01	9.01606233e-02
2.99000000e-01	5.32521247e+01	1.98282470e-01	9.00767411e-02
3.00000000e-01	5.32523213e+01	1.94923019e-01	8.99933927e-02
3.01000000e-01	5.32525146e+01	1.91614922e-01	8.99105740e-02
3.02000000e-01	5.32527045e+01	1.88357338e-01	8.98282812e-02
3.03000000e-01	5.32528913e+01	1.85149440e-01	8.97465101e-02
3.04000000e-01	5.32530749e+01	1.81990416e-01	8.96652567e-02
3.05000000e-01	5.32532553e+01	1.78879468e-01	8.95845171e-02
3.06000000e-01	5.32534326e+01	1.75815812e-01	8.95042873e-02
3.07000000e-01	5.32536069e+01	1.72798677e-01	8.94245634e-02
3.08000000e-01	5.32537782e+01	1.69827306e-01	8.93453416e-02
3.09000000e-01	5.32539466e+01	1.66900955e-01	8.92666179e-02
3.10000000e-01	5.32541121e+01	1.64018893e-01	8.91883884e-02
3.11000000e-01	5.32542747e+01	1.61180403e-01	8.91106495e-02
3.12000000e-01	5.32544344e+01	1.58384777e-01	8.90333972e-02
3.13000000e-01	5.32545914e+01	1.55631323e-01	8.89566278e-02
3.14000000e-01	5.32547457e+01	1.52919359e-01	8.88803375e-02
3.15000000e-01	5.32548973e+01	1.50248216e-01	8.88045227e-02
3.16000000e-01	5.32550462e+01	1.47617234e-01	8.87291796e-02
3.17000000e-01	5.32551925e+01	1.45025768e-01	8.86543045e-02
3.18000000e-01	5.32553363e+01	1.42473182e-01	8.85798938e-02
3.19000000e-01	5.32554775e+01	1.39958851e-01	8.85059439e-02
3.20000000e-01	5.32556162e+01	1.37482162e-01	8.84324513e-02
3.21000000e-01	5.32557525e+01	1.35042511e-01	8.83594122e-02
3.22000000e-01	5.32558863e+01	1.32639306e-01	8.82868232e-02
3.23000000e-01	5.32560178e+01	1.30271963e-01	8.82146808e-02
3.24000000e-01	5.32561469e+01	1.27939911e-01	8.81429814e-02
3.25000000e-01	5.32562737e+01	1.25642587e-01	8.80717216e-02
3.26000000e-01	5.32563982e+01	1.23379438e-01	8.80008980e-02
3.27000000e-01	5.32565204e+01	1.21149920e-01	8.79305072e-02
3.28000000e-01	5.32566405e+01	1.18953498e-01	8.78605457e-02
3.29000000e-01	5.32567584e+01	1.16789649e-01	8.77910102e-02
3.30000000e-01	5.32568741e+01	1.14657855e-01	8.77218974e-02
3.31000000e-01	5.32569877e+01	1.12557611e-01	8.76532039e-02
3.32000000e-01	5.32570992e+01	1.10488416e-01	8.75849265e-02
3.33000000e-01	5.32572087e+01	1.08449781e-01	8.75170619e-02
3.34000000e-01	5.32573161e+01	1.06441224e-01	8.74496069e-02
3.35000000e-01	5.32574216e+01	1.04462273e-01	8.73825582e-02
3.36000000e-01	5.32575250e+01	1.02512460e-01	8.73159128e-02
3.37000000e-01	5.32576266e+01	1.00591330e-01	8.72496673e-02
3.38000000e-01	5.32577262e+01	9.86984314e-02	8.71838188e-02
3.39000000e-01	5.32578240e+01	9.68333231e-02	8.71183640e-02
3.40000000e-01	5.32579199e+01	9.49955702e-02	8.70532999e-02
3.41000000e-01	5.32580140e+01	9.31847455e-02	8.69886235e-02
3.42000000e-01	5.32581063e+01	9.14004289e-02	8.69243317e-02
3.43000000e-01	5.32581968e+01	8.96422076e-02	8.68604215e-02
3.44000000e-01	5.32582856e+01	8.79096755e-02	8.67968899e-02
3.45000000e-01	5.32583726e+01	8.62024337e-02	8.67337340e-02
3.46000000e-01	5.32584580e+01	8.45200896e-02	8.66709509e-02
3.47000000e-01	5.32585417e+01	8.28622576e-02	8.66085375e-02
3.48000000e-01	5.32586237e+01	8.12285583e-02	8.65464911e-02
3.49000000e-01	5.32587042e+01	7.96186188e-02	8.64848088e-02
3.50000000e-01	5.32587830e+01	7.80320724e-02	8.64234877e-02
3.51000000e-01	5.32588602e+01	7.64685587e-02	8.63625250e-02
3.52000000e-01	5.32589359e+01	7.49277230e-02	8.63019180e-02
3.53000000e-01	5.32590101e+01	7.34092169e-02	8.62416638e-02
3.54000000e-01	5.32590828e+01	7.19126976e-02	8.61817598e-02
3.55000000e-01	5.32591539e+01	7.04378280e-02	8.61222031e-02
3.56000000e-01	5.32592236e+01	6.89842768e-02	8.60629912e-02
3.57000000e-01	5.32592919e+01	6.75517179e-02	8.60041213e-02
3.58000000e-01	5.32593587e+01	6.61398310e-02	8.59455908e-02
3.59000000e-01	5.32594242e+01	6.47483008e-02	8.58873970e-02
3.60000000e-01	5.32594883e+01	6.33768174e-02	8.58295374e-02
3.61000000e-01	5.32595510e+01	6.20250759e-02	8.57720094e-02
3.62000000e-01	5.32596123e+01	6.06927767e-02	8.57148103e-02
3.63000000e-01	5.32596723e+01	5.93796247e-02	8.56579378e-02
3.64000000e-01	5.32597311e+01	5.80853302e-02	8.56013891e-02
3.65000000e-01	5.32597885e+01	5.68096078e-02	8.55451620e-02
3.66000000e-01	5.32598447e+01	5.55521771e-02	8.54892538e-02
3.67000000e-01	5.32598996e+01	5.43127622e-02	8.54336621e-02
3.68000000e-01	5.32599533e+01	5.30910918e-02	8.53783845e-02
3.69000000e-01	5.32600058e+01	5.18868988e-02	8.53234186e-02
3.70000000e-01	5.32600571e+01	5.06999208e-02	8.52687620e-02
3.71000000e-01	5.32601072e+01	4.95298996e-02	8.52144123e-02
3.72000000e-01	5.32601562e+01	4.83765810e-02	8.51603672e-02
3.73000000e-01	5.32602040e+01	4.72397152e-02	8.51066243e-02
3.74000000e-01	5.32602507e+01	4.61190563e-02	8.50531813e-02
3.75000000e-01	5.32602962e+01	4.50143627e-02	8.50000361e-02
3.76000000e-01	5.32603407e+01	4.39253962e-02	8.49471862e-02
3.77000000e-01	5.32603841e+01	4.28519230e-02	8.48946294e-02
3.78000000e-01	5.32604264e+01	4.17937127e-02	8.48423635e-02
3.79000000e-01	5.32604677e+01	4.07505390e-02	8.47903864e-02
3.80000000e-01	5.32605079e+01	3.97221788e-02	8.47386957e-02
3.81000000e-01	5.32605471e+01	3.87084129e-02	8.46872894e-02
3.82000000e-01	5.32605853e+01	3.77090257e-02	8.46361653e-02
3.83000000e-01	5.32606226e+01	3.67238048e-02	8.45853212e-02
3.84000000e-01	5.32606588e+01	3.57525415e-02	8.45347551e-02
3.85000000e-01	5.32606941e+01	3.47950302e-02	8.44844649e-02
3.86000000e-01	5.32607284e+01	3.38510687e-02	8.44344484e-02
3.87000000e-01	5.32607618e+01	3.29204582e-02	8.43847036e-02
3.88000000e-01	5.32607942e+01	3.20030027e-02	8.43352285e-02
3.89000000e-01	5.32608258e+01	3.10985098e-02	8.42860211e-02
3.90000000e-01	5.32608564e+01	3.02067898e-02	8.42370793e-02
3.91000000e-01	5.32608862e+01	2.93276561e-02	8.41884011e-02
3.92000000e-01	5.32609151e+01	2.84609252e-02	8.41399847e-02
3.93000000e-01	5.32609431e+01	2.76064164e-02	8.40918280e-02
3.94000000e-01	5.32609703e+01	2.67639520e-02	8.40439291e-02
3.95000000e-01	5.32609967e+01	2.59333568e-02	8.39962861e-02
3.96000000e-01	5.32610222e+01	2.51144587e-02	8.39488971e-02
3.97000000e-01	5.32610469e+01	2.43070883e-02	8.39017602e-02
3.98000000e-01	5.32610708e+01	2.35110786e-02	8.38548736e-02
3.99000000e-01	5.32610939e+01	2.27262656e-02	8.38082353e-02
4.00000000e-01	5.32611163e+01	2.19524875e-02	8.37618436e-02
4.01000000e-01	5.32611378e+01	2.11895854e-02	8.37156966e-02
4.02000000e-01	5.32611586e+01	2.04374026e-02	8.36697925e-02
4.03000000e-01	5.32611787e+01	1.96957850e-02	8.36241296e-02
4.04000000e-01	5.32611980e+01	1.89645809e-02	8.35787061e-02
4.05000000e-01	5.32612166e+01	1.82436411e-02	8.35335202e-02
4.06000000e-01	5.32612345e+01	1.75328184e-02	8.34885701e-02
4.07000000e-01	5.32612517e+01	1.68319683e-02	8.34438543e-02
4.08000000e-01	5.32612682e+01	1.61409481e-02	8.33993708e-02
4.09000000e-01	5.32612840e+01	1.54596177e-02	8.33551182e-02
4.10000000e-01	5.32612991e+01	1.47878390e-02	8.33110946e-02
4.11000000e-01	5.32613136e+01	1.41254761e-02	8.32672984e-02
4.12000000e-01	5.32613274e+01	1.34723952e-02	8.32237279e-02
4.13000000e-01	5.32613405e+01	1.28284645e-02	8.31803816e-02
4.14000000e-01	5.32613530e+01	1.21935542e-02	8.31372578e-02
4.15000000e-01	5.32613649e+01	1.15675367e-02	8.30943548e-02
4.16000000e-01	5.32613762e+01	1.09502863e-02	8.30516712e-02
4.17000000e-01	5.32613868e+01	1.03416790e-02	8.30092053e-02
4.18000000e-01	5.32613969e+01	9.74159297e-03	8.29669555e-02
4.19000000e-01	5.32614063e+01	9.14990819e-03	8.29249204e-02
4.20000000e-01	5.32614152e+01	8.56650643e-03	8.28830983e-02
4.21000000e-01	5.32614234e+01	7.99127128e-03	8.28414878e-02
4.22000000e-01	5.32614312e+01	7.42408812e-03	8.28000872e-02
4.23000000e-01	5.32614383e+01	6.86484407e-03	8.27588953e-02
4.24000000e-01	5.32614449e+01	6.31342798e-03	8.27179103e-02
4.25000000e-01	5.32614509e+01	5.76973037e-03	8.26771309e-02
4.26000000e-01	5.32614564e+01	5.23364344e-03	8.26365557e-02
4.27000000e-01	5.32614614e+01	4.70506103e-03	8.25961831e-02
4.28000000e-01	5.32614658e+01	4.18387856e-03	8.25560117e-02
4.29000000e-01	5.32614698e+01	3.66999306e-03	8.25160402e-02
4.30000000e-01	5.32614732e+01	3.16330310e-03	8.24762670e-02
4.31000000e-01	5.32614761e+01	2.66370880e-03	8.24366909e-02
4.32000000e-01	5.32614785e+01	2.17111174e-03	8.23973104e-02
4.33000000e-01	5.32614804e+01	1.68541504e-03	8.23581241e-02
4.34000000e-01	5.32614819e+01	1.20652322e-03	8.23191307e-02
4.35000000e-01	5.32614829e+01	7.34342277e-04	8.22803288e-02
4.36000000e-01	5.32614834e+01	2.68779583e-04	8.22417172e-02
4.37000000e-01	5.32614834e+01	-1.90256087e-04	8.22032944e-02
4.38000000e-01	5.32614830e+01	-6.42854599e-04	8.21650591e-02
4.39000000e-01	5.32614821e+01	-1.08910448e-03	8.21270101e-02
4.40000000e-01	5.32614808e+01	-1.52909294e-03	8.20891461e-02
4.41000000e-01	5.32614791e+01	-1.96290588e-03	8.20514658e-02
4.42000000e-01	5.32614769e+01	-2.39062793e-03	8.20139678e-02
4.43000000e-01	5.32614743e+01	-2.81234249e-03	8.19766510e-02
4.44000000e-01	5.32614713e+01	-3.22813168e-03	8.19395141e-02
4.45000000e-01	5.32614678e+01	-3.63807643e-03	8.19025559e-02
4.46000000e-01	5.32614640e+01	-4.04225647e-03	8.18657751e-02
4.47000000e-01	5.32614598e+01	-4.44075037e-03	8.18291705e-02
4.48000000e-01	5.32614551e+01	-4.83363551e-03	8.17927409e-02
4.49000000e-01	5.32614501e+01	-5.22098815e-03	8.17564851e-02
4.50000000e-01	5.32614447e+01	-5.60288343e-03	8.17204020e-02
4.51000000e-01	5.32614389e+01	-5.97939538e-03	8.16844903e-02
4.52000000e-01	5.32614327e+01	-6.35059696e-03	8.16487489e-02
4.53000000e-01	5.32614262e+01	-6.71656003e-03	8.16131767e-02
4.54000000e-01	5.32614193e+01	-7.07735545e-03	8.15777724e-02
4.55000000e-01	5.32614120e+01	-7.43305299e-03	8.15425349e-02
4.56000000e-01	5.32614044e+01	-7.78372144e-03	8.15074632e-02
4.57000000e-01	5.32613965e+01	-8.12942858e-03	8.14725561e-02
4.58000000e-01	5.32613882e+01	-8.47024121e-03	8.14378125e-02
4.59000000e-01	5.32613795e+01	-8.80622513e-03	8.14032312e-02
4.60000000e-01	5.32613706e+01	-9.13744523e-03	8.13688113e-02
4.61000000e-01	5.32613613e+01	-9.46396544e-03	8.13345516e-02
4.62000000e-01	5.32613516e+01	-9.78584875e-03	8.13004511e-02
4.63000000e-01	5.32613417e+01	-1.01031573e-02	8.12665086e-02
4.64000000e-01	5.32613314e+01	-1.04159522e-02	8.12327232e-02
4.65000000e-01	5.32613209e+01	-1.07242938e-02	8.11990938e-02
4.66000000e-01	5.32613100e+01	-1.10282416e-02	8.11656193e-02
4.67000000e-01	5.32612988e+01	-1.13278542e-02	8.11322988e-02
4.68000000e-01	5.32612873e+01	-1.16231893e-02	8.10991312e-02
4.69000000e-01	5.32612756e+01	-1.19143039e-02	8.10661154e-02
4.70000000e-01	5.32612635e+01	-1.22012540e-02	8.10332506e-02
4.71000000e-01	5.32612512e+01	-1.24840950e-02	8.10005357e-02
4.72000000e-01	5.32612385e+01	-1.27628814e-02	8.09679697e-02
4.73000000e-01	5.32612256e+01	-1.30376670e-02	8.09355516e-02
4.74000000e-01	5.32612125e+01	-1.33085047e-02	8.09032806e-02
4.75000000e-01	5.32611990e+01	-1.35754467e-02	8.08711555e-02
4.76000000e-01	5.32611853e+01	-1.38385447e-02	8.08391755e-02
4.77000000e-01	5.32611713e+01	-1.40978492e-02	8.08073396e-02
4.78000000e-01	5.32611571e+01	-1.43534104e-02	8.07756469e-02
4.79000000e-01	5.32611426e+01	-1.46052775e-02	8.07440965e-02
4.80000000e-01	5.32611279e+01	-1.48534993e-02	8.07126873e-02
4.81000000e-01	5.32611129e+01	-1.50981237e-02	8.06814186e-02
4.82000000e-01	5.32610977e+01	-1.53391979e-02	8.06502894e-02
4.83000000e-01	5.32610823e+01	-1.55767685e-02	8.06192988e-02
4.84000000e-01	5.32610666e+01	-1.58108816e-02	8.05884459e-02
4.85000000e-01	5.32610506e+01	-1.60415824e-02	8.05577299e-02
4.86000000e-01	5.32610345e+01	-1.62689156e-02	8.05271498e-02
4.87000000e-01	5.32610181e+01	-1.64929252e-02	8.04967047e-02
4.88000000e-01	5.32610015e+01	-1.67136547e-02	8.04663939e-02
4.89000000e-01	5.32609847e+01	-1.69311469e-02	8.04362165e-02
4.90000000e-01	5.32609676e+01	-1.71454441e-02	8.04061715e-02
4.91000000e-01	5.32609504e+01	-1.73565879e-02	8.03762583e-02
4.92000000e-01	5.32609329e+01	-1.75646193e-02	8.03464758e-02
4.93000000e-01	5.32609153e+01	-1.77695789e-02	8.03168234e-02
4.94000000e-01	5.32608974e+01	-1.79715065e-02	8.02873001e-02
4.95000000e-01	5.32608793e+01	-1.81704417e-02	8.02579052e-02
4.96000000e-01	5.32608611e+01	-1.83664231e-02	8.02286379e-02
4.97000000e-01	5.32608426e+01	-1.85594892e-02	8.01994973e-02
4.98000000e-01	5.32608239e+01	-1.87496776e-02	8.01704827e-02
4.99000000e-01	5.32608051e+01	-1.89370257e-02	8.01415933e-02
5.00000000e-01	5.32607861e+01	-1.91215702e-02	8.01128282e-02
5.01000000e-01	5.32607669e+01	-1.93033472e-02	8.00841867e-02
5.02000000e-01	5.32607475e+01	-1.94823926e-02	8.00556681e-02
5.03000000e-01	5.32607279e+01	-1.96587416e-02	8.00272715e-02
5.04000000e-01	5.32607081e+01	-1.98324290e-02	7.99989963e-02
5.05000000e-01	5.32606882e+01	-2.00034890e-02	7.99708416e-02
5.06000000e-01	5.32606681e+01	-2.01719555e-02	7.99428067e-02
5.07000000e-01	5.32606479e+01	-2.03378618e-02	7.99148909e-02
5.08000000e-01	5.32606275e+01	-2.05012409e-02	7.98870934e-02
5.09000000e-01	5.32606069e+01	-2.06621251e-02	7.98594136e-02
5.10000000e-01	5.32605861e+01	-2.08205466e-02	7.98318506e-02
5.11000000e-01	5.32605652e+01	-2.09765369e-02	7.98044037e-02
5.12000000e-01	5.32605442e+01	-2.11301271e-02	7.97770724e-02
5.13000000e-01	5.32605230e+01	-2.12813480e-02	7.97498557e-02
5.14000000e-01	5.32605016e+01	-2.14302298e-02	7.97227532e-02
5.15000000e-01	5.32604801e+01	-2.15768027e-02	7.96957639e-02
5.16000000e-01	5.32604585e+01	-2.17210959e-02	7.96688874e-02
5.17000000e-01	5.32604367e+01	-2.18631387e-02	7.96421227e-02
5.18000000e-01	5.32604148e+01	-2.20029597e-02	7.96154694e-02
5.19000000e-01	5.32603927e+01	-2.21405873e-02	7.95889267e-02
5.20000000e-01	5.32603705e+01	-2.22760494e-02	7.95624940e-02
5.21000000e-01	5.32603481e+01	-2.24093736e-02	7.95361705e-02
5.22000000e-01	5.32603257e+01	-2.25405870e-02	7.95099557e-02
5.23000000e-01	5.32603031e+01	-2.26697167e-02	7.94838489e-02
5.24000000e-01	5.32602803e+01	-2.27967890e-02	7.94578493e-02
5.25000000e-01	5.32602575e+01	-2.29218300e-02	7.94319565e-02
5.26000000e-01	5.32602345e+01	-2.30448656e-02	7.94061697e-02
5.27000000e-01	5.32602114e+01	-2.31659211e-02	7.93804883e-02
5.28000000e-01	5.32601882e+01	-2.32850217e-02	7.93549117e-02
5.29000000e-01	5.32601648e+01	-2.34021922e-02	7.93294393e-02
5.30000000e-01	5.32601413e+01	-2.35174570e-02	7.93040703e-02
5.31000000e-01	5.32601178e+01	-2.36308401e-02	7.92788044e-02
5.32000000e-01	5.32600941e+01	-2.37423655e-02	7.92536407e-02
5.33000000e-01	5.32600703e+01	-2.38520566e-02	7.92285787e-02
5.34000000e-01	5.32600464e+01	-2.39599365e-02	7.92036179e-02
5.35000000e-01	5.32600224e+01	-2.40660281e-02	7.91787575e-02
5.36000000e-01	5.32599983e+01	-2.41703540e-02	7.91539971e-02
5.37000000e-01	5.32599740e+01	-2.42729364e-02	7.91293360e-02
5.38000000e-01	5.32599497e+01	-2.43737974e-02	7.91047737e-02
5.39000000e-01	5.32599253e+01	-2.44729586e-02	7.90803095e-02
5.40000000e-01	5.32599008e+01	-2.45704414e-02	7.90559430e-02
5.41000000e-01	5.32598761e+01	-2.46662670e-02	7.90316734e-02
5.42000000e-01	5.32598514e+01	-2.47604561e-02	7.90075004e-02
5.43000000e-01	5.32598266e+01	-2.48530295e-02	7.89834232e-02
5.44000000e-01	5.32598017e+01	-2.49440072e-02	7.89594414e-02
5.45000000e-01	5.32597767e+01	-2.50334095e-02	7.89355544e-02
5.46000000e-01	5.32597517e+01	-2.51212561e-02	7.89117616e-02
5.47000000e-01	5.32597265e+01	-2.52075665e-02	7.88880626e-02
5.48000000e-01	5.32597013e+01	-2.52923600e-02	7.88644567e-02
5.49000000e-01	5.32596759e+01	-2.53756556e-02	7.88409434e-02
5.50000000e-01	5.32596505e+01	-2.54574721e-02	7.88175222e-02
5.51000000e-01	5.32596250e+01	-2.55378280e-02	7.87941926e-02
5.52000000e-01	5.32595994e+01	-2.56167415e-02	7.87709541e-02
5.53000000e-01	5.32595738e+01	-2.56942309e-02	7.87478060e-02
5.54000000e-01	5.32595480e+01	-2.57703138e-02	7.87247480e-02
5.55000000e-01	5.32595222e+01	-2.58450078e-02	7.87017794e-02
5.56000000e-01	5.32594964e+01	-2.59183304e-02	7.86788999e-02
5.57000000e-01	5.32594704e+01	-2.59902987e-02	7.86561088e-02
5.58000000e-01	5.32594444e+01	-2.60609295e-02	7.86334057e-02
5.59000000e-01	5.32594183e+01	-2.61302397e-02	7.86107901e-02
5.60000000e-01	5.32593921e+01	-2.61982456e-02	7.85882614e-02
5.61000000e-01	5.32593659e+01	-2.62649636e-02	7.85658193e-02
5.62000000e-01	5.32593396e+01	-2.63304098e-02	7.85434631e-02
5.63000000e-01	5.32593132e+01	-2.63945999e-02	7.85211925e-02
5.64000000e-01	5.32592868e+01	-2.64575498e-02	7.84990070e-02
5.65000000e-01	5.32592603e+01	-2.65192747e-02	7.84769060e-02
5.66000000e-01	5.32592338e+01	-2.65797900e-02	7.84548891e-02
5.67000000e-01	5.32592072e+01	-2.66391108e-02	7.84329558e-02
5.68000000e-01	5.32591805e+01	-2.66972520e-02	7.84111057e-02
5.69000000e-01	5.32591538e+01	-2.67542282e-02	7.83893383e-02
5.70000000e-01	5.32591270e+01	-2.68100539e-02	7.83676531e-02
5.71000000e-01	5.32591001e+01	-2.68647435e-02	7.83460497e-02
5.72000000e-01	5.32590732e+01	-2.69183112e-02	7.83245276e-02
5.73000000e-01	5.32590463e+01	-2.69707707e-02	7.83030864e-02
5.74000000e-01	5.32590193e+01	-2.70221361e-02	7.82817256e-02
5.75000000e-01	5.32589923e+01	-2.70724208e-02	7.82604449e-02
5.76000000e-01	5.32589652e+01	-2.71216383e-02	7.82392436e-02
5.77000000e-01	5.32589380e+01	-2.71698019e-02	7.82181215e-02
5.78000000e-01	5.32589108e+01	-2.72169246e-02	7.81970781e-02
5.79000000e-01	5.32588836e+01	-2.72630195e-02	7.81761129e-02
5.80000000e-01	5.32588563e+01	-2.73080993e-02	7.81552255e-02
5.81000000e-01	5.32588290e+01	-2.73521765e-02	7.81344156e-02
5.82000000e-01	5.32588016e+01	-2.73952638e-02	7.81136826e-02
5.83000000e-01	5.32587742e+01	-2.74373733e-02	7.80930261e-02
5.84000000e-01	5.32587467e+01	-2.74785172e-02	7.80724459e-02
5.85000000e-01	5.32587192e+01	-2.75187075e-02	7.80519413e-02
5.86000000e-01	5.32586917e+01	-2.75579561e-02	7.80315120e-02
5.87000000e-01	5.32586641e+01	-2.75962747e-02	7.80111577e-02
5.88000000e-01	5.32586365e+01	-2.76336748e-02	7.79908779e-02
5.89000000e-01	5.32586088e+01	-2.76701678e-02	7.79706721e-02
5.90000000e-01	5.32585812e+01	-2.77057649e-02	7.79505401e-02
5.91000000e-01	5.32585534e+01	-2.77404774e-02	7.79304814e-02
5.92000000e-01	5.32585257e+01	-2.77743162e-02	7.79104956e-02
5.93000000e-01	5.32584979e+01	-2.78072922e-02	7.78905824e-02
5.94000000e-01	5.32584701e+01	-2.78394161e-02	7.78707413e-02
5.95000000e-01	5.32584422e+01	-2.78706984e-02	7.78509719e-02
5.96000000e-01	5.32584143e+01	-2.79011496e-02	7.78312739e-02
5.97000000e-01	5.32583864e+01	-2.79307801e-02	7.78116469e-02
5.98000000e-01	5.32583585e+01	-2.79596000e-02	7.77920906e-02
5.99000000e-01	5.32583305e+01	-2.79876195e-02	7.77726045e-02
6.00000000e-01	5.32583025e+01	-2.80148484e-02	7.77531882e-02
6.01000000e-01	5.32582745e+01	-2.80412966e-02	7.77338415e-02
6.02000000e-01	5.32582464e+01	-2.80669738e-02	7.77145639e-02
6.03000000e-01	5.32582183e+01	-2.80918896e-02	7.76953550e-02
6.04000000e-01	5.32581902e+01	-2.81160535e-02	7.76762146e-02
6.05000000e-01	5.32581621e+01	-2.81394748e-02	7.76571423e-02
6.06000000e-01	5.32581340e+01	-2.81621627e-02	7.76381376e-02
6.07000000e-01	5.32581058e+01	-2.81841265e-02	7.76192003e-02
6.08000000e-01	5.32580776e+01	-2.82053750e-02	7.76003300e-02
6.09000000e-01	5.32580494e+01	-2.82259172e-02	7.75815263e-02
6.10000000e-01	5.32580211e+01	-2.82457619e-02	7.75627889e-02
6.11000000e-01	5.32579929e+01	-2.82649177e-02	7.75441175e-02
6.12000000e-01	5.32579646e+01	-2.82833934e-02	7.75255116e-02
6.13000000e-01	5.32579363e+01	-2.83011973e-02	7.75069711e-02
6.14000000e-01	5.32579080e+01	-2.83183377e-02	7.74884955e-02
6.15000000e-01	5.32578797e+01	-2.83348231e-02	7.74700844e-02
6.16000000e-01	5.32578513e+01	-2.83506616e-02	7.74517377e-02
6.17000000e-01	5.32578230e+01	-2.83658611e-02	7.74334548e-02
6.18000000e-01	5.32577946e+01	-2.83804298e-02	7.74152356e-02
6.19000000e-01	5.32577662e+01	-2.83943755e-02	7.73970797e-02
6.20000000e-01	5.32577378e+01	-2.84077059e-02	7.73789867e-02
6.21000000e-01	5.32577094e+01	-2.84204288e-02	7.73609563e-02
6.22000000e-01	5.32576810e+01	-2.84325517e-02	7.73429883e-02
6.23000000e-01	5.32576525e+01	-2.84440822e-02	7.73250822e-02
6.24000000e-01	5.32576241e+01	-2.84550277e-02	7.73072378e-02
6.25000000e-01	5.32575956e+01	-2.84653955e-02	7.72894548e-02
6.26000000e-01	5.32575672e+01	-2.84751929e-02	7.72717329e-02
6.27000000e-01	5.32575387e+01	-2.84844269e-02	7.72540717e-02
6.28000000e-01	5.32575102e+01	-2.84931046e-02	7.72364709e-02
6.29000000e-01	5.32574817e+01	-2.85012331e-02	7.72189303e-02
6.30000000e-01	5.32574532e+01	-2.85088193e-02	7.72014495e-02
6.31000000e-01	5.32574247e+01	-2.85158698e-02	7.71840282e-02
6.32000000e-01	5.32573962e+01	-2.85223916e-02	7.71666661e-02
6.33000000e-01	5.32573676e+01	-2.85283911e-02	7.71493630e-02
6.34000000e-01	5.32573391e+01	-2.85338751e-02	7.71321185e-02
6.35000000e-01	5.32573106e+01	-2.85388499e-02	7.71149324e-02
6.36000000e-01	5.32572820e+01	-2.85433220e-02	7.70978043e-02
6.37000000e-01	5.32572535e+01	-2.85472978e-02	7.70807340e-02
6.38000000e-01	5.32572249e+01	-2.85507834e-02	7.70637211e-02
6.39000000e-01	5.32571964e+01	-2.85537852e-02	7.70467654e-02
6.40000000e-01	5.32571678e+01	-2.85563091e-02	7.70298667e-02
6.41000000e-01	5.32571393e+01	-2.85583613e-02	7.70130245e-02
6.42000000e-01	5.32571107e+01	-2.85599477e-02	7.69962387e-02
6.43000000e-01	5.32570822e+01	-2.85610742e-02	7.69795090e-02
6.44000000e-01	5.32570536e+01	-2.85617467e-02	7.69628350e-02
6.45000000e-01	5.32570250e+01	-2.85619708e-02	7.69462166e-02
6.46000000e-01	5.32569965e+01	-2.85617524e-02	7.69296534e-02
6.47000000e-01	5.32569679e+01	-2.85610969e-02	7.69131452e-02
6.48000000e-01	5.32569394e+01	-2.85600100e-02	7.68966916e-02
6.49000000e-01	5.32569108e+01	-2.85584972e-02	7.68802925e-02
6.50000000e-01	5.32568822e+01	-2.85565639e-02	7.68639476e-02
6.51000000e-01	5.32568537e+01	-2.85542154e-02	7.68476566e-02
6.52000000e-01	5.32568251e+01	-2.85514571e-02	7.68314192e-02
6.53000000e-01	5.32567966e+01	-2.85482941e-02	7.68152351e-02
6.54000000e-01	5.32567680e+01	-2.85447317e-02	7.67991042e-02
6.55000000e-01	5.32567395e+01	-2.85407750e-02	7.67830262e-02
6.56000000e-01	5.32567110e+01	-2.85364290e-02	7.67670007e-02
6.57000000e-01	5.32566824e+01	-2.85316988e-02	7.67510276e-02
6.58000000e-01	5.32566539e+01	-2.85265892e-02	7.67351066e-02
6.59000000e-01	5.32566254e+01	-2.85211051e-02	7.67192375e-02
6.60000000e-01	5.32565969e+01	-2.85152514e-02	7.67034199e-02
6.61000000e-01	5.32565683e+01	-2.85090328e-02	7.66876537e-02
6.62000000e-01	5.32565398e+01	-2.85024540e-02	7.66719386e-02
6.63000000e-01	5.32565113e+01	-2.84955197e-02	7.66562743e-02
6.64000000e-01	5.32564828e+01	-2.84882345e-02	7.66406606e-02
6.65000000e-01	5.32564544e+01	-2.84806029e-02	7.66250973e-02
6.66000000e-01	5.32564259e+01	-2.84726294e-02	7.66095842e-02
6.67000000e-01	5.32563974e+01	-2.84643184e-02	7.65941209e-02
6.68000000e-01	5.32563690e+01	-2.84556744e-02	7.65787073e-02
6.69000000e-01	5.32563405e+01	-2.84467017e-02	7.65633431e-02
6.70000000e-01	5.32563121e+01	-2.84374045e-02	7.65480281e-02
6.71000000e-01	5.32562836e+01	-2.84277871e-02	7.65327620e-02
6.72000000e-01	5.32562552e+01	-2.84178537e-02	7.65175447e-02
6.73000000e-01	5.32562268e+01	-2.84076083e-02	7.65023758e-02
6.74000000e-01	5.32561984e+01	-2.83970552e-02	7.64872552e-02
6.75000000e-01	5.32561700e+01	-2.83861983e-02	7.64721827e-02
6.76000000e-01	5.32561416e+01	-2.83750417e-02	7.64571579e-02
6.77000000e-01	5.32561133e+01	-2.83635892e-02	7.64421807e-02
6.78000000e-01	5.32560849e+01	-2.83518448e-02	7.64272509e-02
6.79000000e-01	5.32560566e+01	-2.83398124e-02	7.64123682e-02
6.80000000e-01	5.32560282e+01	-2.83274957e-02	7.63975324e-02
6.81000000e-01	5.32559999e+01	-2.83148985e-02	7.63827434e-02
6.82000000e-01	5.32559716e+01	-2.83020245e-02	7.63680008e-02
6.83000000e-01	5.32559433e+01	-2.82888775e-02	7.63533045e-02
6.84000000e-01	5.32559150e+01	-2.82754610e-02	7.63386542e-02
6.85000000e-01	5.32558867e+01	-2.82617787e-02	7.63240497e-02
6.86000000e-01	5.32558585e+01	-2.82478341e-02	7.63094909e-02
6.87000000e-01	5.32558303e+01	-2.82336307e-02	7.62949775e-02
6.88000000e-01	5.32558020e+01	-2.82191720e-02	7.62805093e-02
6.89000000e-01	5.32557738e+01	-2.82044614e-02	7.62660861e-02
6.90000000e-01	5.32557456e+01	-2.81895023e-02	7.62517076e-02
6.91000000e-01	5.32557174e+01	-2.81742981e-02	7.62373738e-02
6.92000000e-01	5.32556893e+01	-2.81588521e-02	7.62230843e-02
6.93000000e-01	5.32556611e+01	-2.81431675e-02	7.62088390e-02
6.94000000e-01	5.32556330e+01	-2.81272476e-02	7.61946377e-02
6.95000000e-01	5.32556049e+01	-2.81110957e-02	7.61804801e-02
6.96000000e-01	5.32555768e+01	-2.80947147e-02	7.61663661e-02
6.97000000e-01	5.32555487e+01	-2.80781080e-02	7.61522955e-02
6.98000000e-01	5.32555206e+01	-2.80612786e-02	7.61382680e-02
6.99000000e-01	5.32554926e+01	-2.80442295e-02	7.61242836e-02
7.00000000e-01	5.32554645e+01	-2.80269637e-02	7.61103419e-02
7.01000000e-01	5.32554365e+01	-2.80094843e-02	7.60964428e-02
7.02000000e-01	5.32554085e+01	-2.79917942e-02	7.60825860e-02
7.03000000e-01	5.32553805e+01	-2.79738963e-02	7.60687715e-02
7.04000000e-01	5.32553526e+01	-2.79557936e-02	7.60549990e-02
7.05000000e-01	5.32553246e+01	-2.79374887e-02	7.60412683e-02
7.06000000e-01	5.32552967e+01	-2.79189846e-02	7.60275793e-02
7.07000000e-01	5.32552688e+01	-2.79002841e-02	7.60139317e-02
7.08000000e-01	5.32552409e+01	-2.78813899e-02	7.60003254e-02
7.09000000e-01	5.32552130e+01	-2.78623048e-02	7.59867601e-02
7.10000000e-01	5.32551852e+01	-2.78430313e-02	7.59732357e-02
7.11000000e-01	5.32551573e+01	-2.78235723e-02	7.59597521e-02
7.12000000e-01	5.32551295e+01	-2.78039302e-02	7.59463089e-02
7.13000000e-01	5.32551017e+01	-2.77841078e-02	7.59329062e-02
7.14000000e-01	5.32550740e+01	-2.77641076e-02	7.59195435e-02
7.15000000e-01	5.32550462e+01	-2.77439321e-02	7.59062209e-02
7.16000000e-01	5.32550185e+01	-2.77235838e-02	7.58929381e-02
7.17000000e-01	5.32549908e+01	-2.77030653e-02	7.58796949e-02
7.18000000e-01	5.32549631e+01	-2.76823789e-02	7.58664912e-02
7.19000000e-01	5.32549354e+01	-2.76615272e-02	7.58533268e-02
7.20000000e-01	5.32549077e+01	-2.76405124e-02	7.58402014e-02
7.21000000e-01	5.32548801e+01	-2.76193371e-02	7.58271150e-02
7.22000000e-01	5.32548525e+01	-2.75980034e-02	7.58140674e-02
7.23000000e-01	5.32548249e+01	-2.75765138e-02	7.58010584e-02
7.24000000e-01	5.32547973e+01	-2.75548705e-02	7.57880878e-02
7.25000000e-01	5.32547698e+01	-2.75330759e-02	7.57751555e-02
7.26000000e-01	5.32547423e+01	-2.75111320e-02	7.57622613e-02
7.27000000e-01	5.32547148e+01	-2.74890412e-02	7.57494049e-02
7.28000000e-01	5.32546873e+01	-2.74668057e-02	7.57365864e-02
7.29000000e-01	5.32546599e+01	-2.74444276e-02	7.57238054e-02
7.30000000e-01	5.32546324e+01	-2.74219090e-02	7.57110619e-02
7.31000000e-01	5.32546050e+01	-2.73992520e-02	7.56983557e-02
7.32000000e-01	5.32545776e+01	-2.73764588e-02	7.56856865e-02
7.33000000e-01	5.32545503e+01	-2.73535315e-02	7.56730543e-02
7.34000000e-01	5.32545229e+01	-2.73304720e-02	7.56604589e-02
7.35000000e-01	5.32544956e+01	-2.73072823e-02	7.56479001e-02
7.36000000e-01	5.32544683e+01	-2.72839646e-02	7.56353778e-02
7.37000000e-01	5.32544410e+01	-2.72605207e-02	7.56228918e-02
7.38000000e-01	5.32544138e+01	-2.72369526e-02	7.56104420e-02
7.39000000e-01	5.32543866e+01	-2.72132622e-02	7.55980282e-02
7.40000000e-01	5.32543594e+01	-2.71894515e-02	7.55856502e-02
7.41000000e-01	5.32543322e+01	-2.71655223e-02	7.55733079e-02
7.42000000e-01	5.32543050e+01	-2.71414765e-02	7.55610011e-02
7.43000000e-01	5.32542779e+01	-2.71173159e-02	7.55487298e-02
7.44000000e-01	5.32542508e+01	-2.70930424e-02	7.55364936e-02
7.45000000e-01	5.32542237e+01	-2.70686578e-02	7.55242926e-02
7.46000000e-01	5.32541967e+01	-2.70441638e-02	7.55121265e-02
7.47000000e-01	5.32541696e+01	-2.70195622e-02	7.54999952e-02
7.48000000e-01	5.32541426e+01	-2.69948547e-02	7.54878985e-02
7.49000000e-01	5.32541156e+01	-2.69700431e-02	7.54758363e-02
7.50000000e-01	5.32540887e+01	-2.69451291e-02	7.54638085e-02
7.51000000e-01	5.32540617e+01	-2.69201143e-02	7.54518148e-02
7.52000000e-01	5.32540348e+01	-2.68950005e-02	7.54398553e-02
7.53000000e-01	5.32540080e+01	-2.68697892e-02	7.54279296e-02
7.54000000e-01	5.32539811e+01	-2.68444820e-02	7.54160377e-02
7.55000000e-01	5.32539543e+01	-2.68190807e-02	7.54041795e-02
7.56000000e-01	5.32539275e+01	-2.67935868e-02	7.53923547e-02
7.57000000e-01	5.32539007e+01	-2.67680018e-02	7.53805633e-02
7.58000000e-01	5.32538739e+01	-2.67423273e-02	7.53688051e-02
7.59000000e-01	5.32538472e+01	-2.67165648e-02	7.53570800e-02
7.60000000e-01	5.32538205e+01	-2.66907159e-02	7.53453878e-02
7.61000000e-01	5.32537938e+01	-2.66647821e-02	7.53337284e-02
7.62000000e-01	5.32537672e+01	-2.66387648e-02	7.53221016e-02
7.63000000e-01	5.32537405e+01	-2.66126655e-02	7.53105074e-02
7.64000000e-01	5.32537139e+01	-2.65864857e-02	7.52989456e-02
7.65000000e-01	5.32536874e+01	-2.65602267e-02	7.52874160e-02
7.66000000e-01	5.32536608e+01	-2.65338901e-02	7.52759185e-02
7.67000000e-01	5.32536343e+01	-2.65074772e-02	7.52644530e-02
7.68000000e-01	5.32536078e+01	-2.64809894e-02	7.52530194e-02
7.69000000e-01	5.32535813e+01	-2.64544280e-02	7.52416175e-02
7.70000000e-01	5.32535549e+01	-2.64277945e-02	7.52302472e-02
7.71000000e-01	5.32535285e+01	-2.64010901e-02	7.52189083e-02
7.72000000e-01	5.32535021e+01	-2.63743163e-02	7.52076008e-02
7.73000000e-01	5.32534757e+01	-2.63474742e-02	7.51963245e-02
7.74000000e-01	5.32534494e+01	-2.63205652e-02	7.51850793e-02
7.75000000e-01	5.32534231e+01	-2.62935905e-02	7.51738650e-02
7.76000000e-01	5.32533968e+01	-2.62665515e-02	7.51626815e-02
7.77000000e-01	5.32533706e+01	-2.62394494e-02	7.51515287e-02
7.78000000e-01	5.32533443e+01	-2.62122854e-02	7.51404065e-02
7.79000000e-01	5.32533182e+01	-2.61850607e-02	7.51293148e-02
7.80000000e-01	5.32532920e+01	-2.61577765e-02	7.51182533e-02
7.81000000e-01	5.32532658e+01	-2.61304341e-02	7.51072221e-02
7.82000000e-01	5.32532397e+01	-2.61030346e-02	7.50962209e-02
7.83000000e-01	5.32532136e+01	-2.60755792e-02	7.50852497e-02
7.84000000e-01	5.32531876e+01	-2.60480691e-02	7.50743083e-02
7.85000000e-01	5.32531615e+01	-2.60205053e-02	7.50633967e-02
7.86000000e-01	5.32531355e+01	-2.59928890e-02	7.50525146e-02
7.87000000e-01	5.32531096e+01	-2.59652214e-02	7.50416620e-02
7.88000000e-01	5.32530836e+01	-2.59375034e-02	7.50308388e-02
7.89000000e-01	5.32530577e+01	-2.59097363e-02	7.50200448e-02
7.90000000e-01	5.32530318e+01	-2.58819211e-02	7.50092799e-02
7.91000000e-01	5.32530059e+01	-2.58540588e-02	7.49985440e-02
7.92000000e-01	5.32529801e+01	-2.58261505e-02	7.49878370e-02
7.93000000e-01	5.32529543e+01	-2.57981973e-02	7.49771588e-02
7.94000000e-01	5.32529285e+01	-2.57702001e-02	7.49665092e-02
7.95000000e-01	5.32529027e+01	-2.57421600e-02	7.49558882e-02
7.96000000e-01	5.32528770e+01	-2.57140781e-02	7.49452956e-02
7.97000000e-01	5.32528513e+01	-2.56859552e-02	7.49347313e-02
7.98000000e-01	5.32528256e+01	-2.56577924e-02	7.49241952e-02
7.99000000e-01	5.32528000e+01	-2.56295906e-02	7.49136872e-02
8.00000000e-01	5.32527744e+01	-2.56013508e-02	7.49032072e-02
8.01000000e-01	5.32527488e+01	-2.55730740e-02	7.48927551e-02
8.02000000e-01	5.32527232e+01	-2.55447611e-02	7.48823307e-02
8.03000000e-01	5.32526977e+01	-2.55164130e-02	7.48719339e-02
8.04000000e-01	5.32526722e+01	-2.54880306e-02	7.48615647e-02
8.05000000e-01	5.32526467e+01	-2.54596149e-02	7.48512230e-02
8.06000000e-01	5.32526213e+01	-2.54311667e-02	7.48409085e-02
8.07000000e-01	5.32525959e+01	-2.54026869e-02	7.48306213e-02
8.08000000e-01	5.32525705e+01	-2.53741764e-02	7.48203612e-02
8.09000000e-01	5.32525451e+01	-2.53456361e-02	7.48101281e-02
8.10000000e-01	5.32525198e+01	-2.53170668e-02	7.47999218e-02
8.11000000e-01	5.32524945e+01	-2.52884693e-02	7.47897424e-02
8.12000000e-01	5.32524692e+01	-2.52598446e-02	7.47795896e-02
8.13000000e-01	5.32524440e+01	-2.52311933e-02	7.47694635e-02
8.14000000e-01	5.32524187e+01	-2.52025165e-02	7.47593638e-02
8.15000000e-01	5.32523936e+01	-2.51738147e-02	7.47492905e-02
8.16000000e-01	5.32523684e+01	-2.51450889e-02	7.47392435e-02
8.17000000e-01	5.32523433e+01	-2.51163398e-02	7.47292226e-02
8.18000000e-01	5.32523182e+01	-2.50875682e-02	7.47192278e-02
8.19000000e-01	5.32522931e+01	-2.50587749e-02	7.47092590e-02
8.20000000e-01	5.32522680e+01	-2.50299607e-02	7.46993160e-02
8.21000000e-01	5.32522430e+01	-2.50011262e-02	7.46893988e-02
8.22000000e-01	5.32522180e+01	-2.49722723e-02	7.46795073e-02
8.23000000e-01	5.32521931e+01	-2.49433997e-02	7.46696414e-02
8.24000000e-01	5.32521682e+01	-2.49145090e-02	7.46598009e-02
8.25000000e-01	5.32521433e+01	-2.48856011e-02	7.46499858e-02
8.26000000e-01	5.32521184e+01	-2.48566766e-02	7.46401960e-02
8.27000000e-01	5.32520936e+01	-2.48277362e-02	7.46304313e-02
8.28000000e-01	5.32520687e+01	-2.47987807e-02	7.46206918e-02
8.29000000e-01	5.32520440e+01	-2.47698106e-02	7.46109772e-02
8.30000000e-01	5.32520192e+01	-2.47408268e-02	7.46012875e-02
8.31000000e-01	5.32519945e+01	-2.47118298e-02	7.45916227e-02
8.32000000e-01	5.32519698e+01	-2.46828203e-02	7.45819825e-02
8.33000000e-01	5.32519451e+01	-2.46537989e-02	7.45723669e-02
8.34000000e-01	5.32519205e+01	-2.46247664e-02	7.45627759e-02
8.35000000e-01	5.32518959e+01	-2.45957234e-02	7.45532092e-02
8.36000000e-01	5.32518713e+01	-2.45666704e-02	7.45436669e-02
8.37000000e-01	5.32518467e+01	-2.45376081e-02	7.45341489e-02
8.38000000e-01	5.32518222e+01	-2.45085372e-02	7.45246550e-02
8.39000000e-01	5.32517977e+01	-2.44794582e-02	7.45151851e-02
8.40000000e-01	5.32517732e+01	-2.44503717e-02	7.45057392e-02
8.41000000e-01	5.32517488e+01	-2.44212784e-02	7.44963172e-02
8.42000000e-01	5.32517244e+01	-2.43921787e-02	7.44869190e-02
8.43000000e-01	5.32517000e+01	-2.43630734e-02	7.44775444e-02
8.44000000e-01	5.32516757e+01	-2.43339630e-02	7.44681935e-02
8.45000000e-01	5.32516514e+01	-2.43048479e-02	7.44588661e-02
8.46000000e-01	5.32516271e+01	-2.42757289e-02	7.44495621e-02
8.47000000e-01	5.32516028e+01	-2.42466065e-02	7.44402815e-02
8.48000000e-01	5.32515786e+01	-2.42174811e-02	7.44310241e-02
8.49000000e-01	5.32515544e+01	-2.41883534e-02	7.44217899e-02
8.50000000e-01	5.32515302e+01	-2.41592238e-02	7.44125787e-02
8.51000000e-01	5.32515061e+01	-2.41300930e-02	7.44033906e-02
8.52000000e-01	5.32514819e+01	-2.41009614e-02	7.43942254e-02
8.53000000e-01	5.32514579e+01	-2.40718295e-02	7.43850830e-02
8.54000000e-01	5.32514338e+01	-2.40426979e-02	7.43759633e-02
8.55000000e-01	5.32514098e+01	-2.40135670e-02	7.43668663e-02
8.56000000e-01	5.32513858e+01	-2.39844374e-02	7.43577918e-02
8.57000000e-01	5.32513618e+01	-2.39553095e-02	7.43487399e-02
8.58000000e-01	5.32513379e+01	-2.39261838e-02	7.43397104e-02
8.59000000e-01	5.32513140e+01	-2.38970609e-02	7.43307031e-02
8.60000000e-01	5.32512901e+01	-2.38679411e-02	7.43217182e-02
8.61000000e-01	5.32512662e+01	-2.38388250e-02	7.43127554e-02
8.62000000e-01	5.32512424e+01	-2.38097130e-02	7.43038146e-02
8.63000000e-01	5.32512186e+01	-2.37806055e-02	7.42948959e-02
8.64000000e-01	5.32511948e+01	-2.37515031e-02	7.42859991e-02
8.65000000e-01	5.32511711e+01	-2.37224061e-02	7.42771241e-02
8.66000000e-01	5.32511474e+01	-2.36933150e-02	7.42682708e-02
8.67000000e-01	5.32511237e+01	-2.36642303e-02	7.42594393e-02
8.68000000e-01	5.32511001e+01	-2.36351524e-02	7.42506293e-02
8.69000000e-01	5.32510765e+01	-2.36060816e-02	7.42418409e-02
8.70000000e-01	5.32510529e+01	-2.35770184e-02	7.42330739e-02
8.71000000e-01	5.32510293e+01	-2.35479633e-02	7.42243283e-02
8.72000000e-01	5.32510058e+01	-2.35189166e-02	7.42156039e-02
8.73000000e-01	5.32509823e+01	-2.34898787e-02	7.42069008e-02
8.74000000e-01	5.32509588e+01	-2.34608501e-02	7.41982188e-02
8.75000000e-01	5.32509353e+01	-2.34318311e-02	7.41895579e-02
8.76000000e-01	5.32509119e+01	-2.34028222e-02	7.41809179e-02
8.77000000e-01	5.32508885e+01	-2.33738236e-02	7.41722988e-02
8.78000000e-01	5.32508652e+01	-2.33448358e-02	7.41637006e-02
8.79000000e-01	5.32508418e+01	-2.33158592e-02	7.41551231e-02
8.80000000e-01	5.32508185e+01	-2.32868941e-02	7.41465663e-02
8.81000000e-01	5.32507953e+01	-2.32579409e-02	7.41380301e-02
8.82000000e-01	5.32507720e+01	-2.32289999e-02	7.41295144e-02
8.83000000e-01	5.32507488e+01	-2.32000716e-02	7.41210192e-02
8.84000000e-01	5.32507256e+01	-2.31711562e-02	7.41125444e-02
8.85000000e-01	5.32507025e+01	-2.31422542e-02	7.41040899e-02
8.86000000e-01	5.32506793e+01	-2.31133658e-02	7.40956556e-02
8.87000000e-01	5.32506563e+01	-2.30844914e-02	7.40872415e-02
8.88000000e-01	5.32506332e+01	-2.30556313e-02	7.40788475e-02
8.89000000e-01	5.32506101e+01	-2.30267859e-02	7.40704735e-02
8.90000000e-01	5.32505871e+01	-2.29979554e-02	7.40621194e-02
8.91000000e-01	5.32505641e+01	-2.29691403e-02	7.40537853e-02
8.92000000e-01	5.32505412e+01	-2.29403408e-02	7.40454709e-02
8.93000000e-01	5.32505183e+01	-2.29115573e-02	7.40371763e-02
8.94000000e-01	5.32504954e+01	-2.28827900e-02	7.40289014e-02
8.95000000e-01	5.32504725e+01	-2.28540392e-02	7.40206460e-02
8.96000000e-01	5.32504497e+01	-2.28253053e-02	7.40124102e-02
8.97000000e-01	5.32504269e+01	-2.27965886e-02	7.40041939e-02
8.98000000e-01	5.32504041e+01	-2.27678893e-02	7.39959969e-02
8.99000000e-01	5.32503813e+01	-2.27392078e-02	7.39878193e-02
9.00000000e-01	5.32503586e+01	-2.27105443e-02	7.39796609e-02
9.01000000e-01	5.32503359e+01	-2.26818991e-02	7.39715217e-02
9.02000000e-01	5.32503132e+01	-2.26532725e-02	7.39634017e-02
9.03000000e-01	5.32502906e+01	-2.26246647e-02	7.39553007e-02
9.04000000e-01	5.32502680e+01	-2.25960761e-02	7.39472187e-02
9.05000000e-01	5.32502454e+01	-2.25675069e-02	7.39391556e-02
9.06000000e-01	5.32502229e+01	-2.25389574e-02	7.39311114e-02
9.07000000e-01	5.32502003e+01	-2.25104278e-02	7.39230859e-02
9.08000000e-01	5.32501778e+01	-2.24819184e-02	7.39150792e-02
9.09000000e-01	5.32501554e+01	-2.24534295e-02	7.39070912e-02
9.10000000e-01	5.32501329e+01	-2.24249612e-02	7.38991217e-02
9.11000000e-01	5.32501105e+01	-2.23965139e-02	7.38911708e-02
9.12000000e-01	5.32500881e+01	-2.23680878e-02	7.38832384e-02
9.13000000e-01	5.32500658e+01	-2.23396831e-02	7.38753243e-02
9.14000000e-01	5.32500435e+01	-2.23113001e-02	7.38674286e-02
9.15000000e-01	5.32500212e+01	-2.22829390e-02	7.38595512e-02
9.16000000e-01	5.32499989e+01	-2.22546000e-02	7.38516920e-02
9.17000000e-01	5.32499767e+01	-2.22262834e-02	7.38438509e-02
9.18000000e-01	5.32499544e+01	-2.21979894e-02	7.38360279e-02
9.19000000e-01	5.32499323e+01	-2.21697182e-02	7.38282230e-02
9.20000000e-01	5.32499101e+01	-2.21414701e-02	7.38204360e-02
9.21000000e-01	5.32498880e+01	-2.21132452e-02	7.38126669e-02
9.22000000e-01	5.32498659e+01	-2.20850437e-02	7.38049156e-02
9.23000000e-01	5.32498438e+01	-2.20568660e-02	7.37971822e-02
9.24000000e-01	5.32498218e+01	-2.20287121e-02	7.37894664e-02
9.25000000e-01	5.32497997e+01	-2.20005823e-02	7.37817683e-02
9.26000000e-01	5.32497778e+01	-2.19724768e-02	7.37740878e-02
9.27000000e-01	5.32497558e+01	-2.19443958e-02	7.37664249e-02
9.28000000e-01	5.32497339e+01	-2.19163394e-02	7.37587794e-02
9.29000000e-01	5.32497120e+01	-2.18883080e-02	7.37511514e-02
9.30000000e-01	5.32496901e+01	-2.18603016e-02	7.37435407e-02
9.31000000e-01	5.32496683e+01	-2.18323204e-02	7.37359473e-02
9.32000000e-01	5.32496464e+01	-2.18043647e-02	7.37283711e-02
9.33000000e-01	5.32496246e+01	-2.17764347e-02	7.37208122e-02
9.34000000e-01	5.32496029e+01	-2.17485304e-02	7.37132703e-02
9.35000000e-01	5.32495812e+01	-2.17206521e-02	7.37057456e-02
9.36000000e-01	5.32495594e+01	-2.16928000e-02	7.36982378e-02
9.37000000e-01	5.32495378e+01	-2.16649742e-02	7.36907470e-02
9.38000000e-01	5.32495161e+01	-2.16371749e-02	7.36832731e-02
9.39000000e-01	5.32494945e+01	-2.16094023e-02	7.36758160e-02
9.40000000e-01	5.32494729e+01	-2.15816565e-02	7.36683757e-02
9.41000000e-01	5.32494513e+01	-2.15539377e-02	7.36609522e-02
9.42000000e-01	5.32494298e+01	-2.15262461e-02	7.36535453e-02
9.43000000e-01	5.32494083e+01	-2.14985817e-02	7.36461550e-02
9.44000000e-01	5.32493868e+01	-2.14709449e-02	7.36387813e-02
9.45000000e-01	5.32493653e+01	-2.14433356e-02	7.36314241e-02
9.46000000e-01	5.32493439e+01	-2.14157542e-02	7.36240833e-02
9.47000000e-01	5.32493225e+01	-2.13882006e-02	7.36167589e-02
9.48000000e-01	5.32493011e+01	-2.13606752e-02	7.36094509e-02
9.49000000e-01	5.32492798e+01	-2.13331779e-02	7.36021592e-02
9.50000000e-01	5.32492585e+01	-2.13057090e-02	7.35948837e-02
9.51000000e-01	5.32492372e+01	-2.12782686e-02	7.35876243e-02
9.52000000e-01	5.32492159e+01	-2.12508568e-02	7.35803811e-02
9.53000000e-01	5.32491947e+01	-2.12234738e-02	7.35731540e-02
9.54000000e-01	5.32491735e+01	-2.11961196e-02	7.35659428e-02
9.55000000e-01	5.32491523e+01	-2.11687946e-02	7.35587477e-02
9.56000000e-01	5.32491311e+01	-2.11414986e-02	7.35515684e-02
9.57000000e-01	5.32491100e+01	-2.11142320e-02	7.35444050e-02
9.58000000e-01	5.32490889e+01	-2.10869948e-02	7.35372574e-02
9.59000000e-01	5.32490678e+01	-2.10597871e-02	7.35301256e-02
9.60000000e-01	5.32490468e+01	-2.10326090e-02	7.35230095e-02
9.61000000e-01	5.32490258e+01	-2.10054608e-02	7.35159090e-02
9.62000000e-01	5.32490048e+01	-2.09783424e-02	7.35088241e-02
9.63000000e-01	5.32489838e+01	-2.09512540e-02	7.35017548e-02
9.64000000e-01	5.32489629e+01	-2.09241958e-02	7.34947009e-02
9.65000000e-01	5.32489420e+01	-2.08971678e-02	7.34876625e-02
9.66000000e-01	5.32489211e+01	-2.08701701e-02	7.34806395e-02
9.67000000e-01	5.32489002e+01	-2.08432029e-02	7.34736319e-02
9.68000000e-01	5.32488794e+01	-2.08162662e-02	7.34666395e-02
9.69000000e-01	5.32488586e+01	-2.07893602e-02	7.34596624e-02
9.70000000e-01	5.32488378e+01	-2.07624850e-02	7.34527005e-02
9.71000000e-01	5.32488171e+01	-2.07356406e-02	7.34457538e-02
9.72000000e-01	5.32487964e+01	-2.07088272e-02	7.34388221e-02
9.73000000e-01	5.32487757e+01	-2.06820448e-02	7.34319055e-02
9.74000000e-01	5.32487550e+01	-2.06552936e-02	7.34250039e-02
9.75000000e-01	5.32487343e+01	-2.06285737e-02	7.34181172e-02
9.76000000e-01	5.32487137e+01	-2.06018851e-02	7.34112455e-02
9.77000000e-01	5.32486931e+01	-2.05752279e-02	7.34043886e-02
9.78000000e-01	5.32486726e+01	-2.05486022e-02	7.33975465e-02
9.79000000e-01	5.32486520e+01	-2.05220082e-02	7.33907191e-02
9.80000000e-01	5.32486315e+01	-2.04954458e-02	7.33839065e-02
9.81000000e-01	5.32486111e+01	-2.04689152e-02	7.33771086e-02
9.82000000e-01	5.32485906e+01	-2.04424165e-02	7.33703252e-02
9.83000000e-01	5.32485702e+01	-2.04159497e-02	7.33635565e-02
9.84000000e-01	5.32485498e+01	-2.03895149e-02	7.33568022e-02
9.85000000e-01	5.32485294e+01	-2.03631123e-02	7.33500625e-02
9.86000000e-01	5.32485090e+01	-2.03367418e-02	7.33433371e-02
9.87000000e-01	5.32484887e+01	-2.03104035e-02	7.33366262e-02
9.88000000e-01	5.32484684e+01	-2.02840976e-02	7.33299296e-02
9.89000000e-01	5.32484482e+01	-2.02578241e-02	7.33232473e-02
9.90000000e-01	5.32484279e+01	-2.02315830e-02	7.33165792e-02
9.91000000e-01	5.32484077e+01	-2.02053745e-02	7.33099253e-02
9.92000000e-01	5.32483875e+01	-2.01791985e-02	7.33032856e-02
9.93000000e-01	5.32483673e+01	-2.01530553e-02	7.32966600e-02
9.94000000e-01	5.32483472e+01	-2.01269447e-02	7.32900485e-02
9.95000000e-01	5.32483271e+01	-2.01008670e-02	7.32834510e-02
9.96000000e-01	5.32483070e+01	-2.00748221e-02	7.32768675e-02
9.97000000e-01	5.32482869e+01	-2.00488101e-02	7.32702979e-02
9.98000000e-01	5.32482669e+01	-2.00228311e-02	7.32637422e-02
9.99000000e-01	5.32482469e+01	-1.99968852e-02	7.32572004e-02
