1.00000000e-03	5.38499508e+06	-9.96293299e+04	2.85232767e-04
2.00000000e-03	5.38494524e+06	-2.49295520e+04	2.45507934e-04
3.00000000e-03	5.38492862e+06	-1.10826212e+04	2.33809820e-04
4.00000000e-03	5.38492031e+06	-6.23471167e+03	2.28257046e-04
5.00000000e-03	5.38491532e+06	-3.99048844e+03	2.25017986e-04
6.00000000e-03	5.38491199e+06	-2.77129794e+03	2.22896558e-04
7.00000000e-03	5.38490962e+06	-2.03612368e+03	2.21399621e-04
8.00000000e-03	5.38490784e+06	-1.55893707e+03	2.20286876e-04
9.00000000e-03	5.38490645e+06	-1.23177469e+03	2.19427270e-04
1.00000000e-02	5.38490534e+06	-9.97751736e+02	2.18743259e-04
1.10000000e-02	5.38490444e+06	-8.24597954e+02	2.18186033e-04
1.20000000e-02	5.38490368e+06	-6.92898337e+02	2.17723335e-04
1.30000000e-02	5.38490304e+06	-5.90403863e+02	2.17332995e-04
1.40000000e-02	5.38490249e+06	-5.09076896e+02	2.16999271e-04
1.50000000e-02	5.38490202e+06	-4.43466009e+02	2.16710680e-04
1.60000000e-02	5.38490160e+06	-3.89768060e+02	2.16458647e-04
1.70000000e-02	5.38490123e+06	-3.45264399e+02	2.16236639e-04
1.80000000e-02	5.38490091e+06	-3.07969874e+02	2.16039593e-04
1.90000000e-02	5.38490063e+06	-2.77562646e+02	2.15863522e-04
2.00000000e-02	5.38490037e+06	-2.50515114e+02	2.15705248e-04
2.10000000e-02	5.38490013e+06	-2.27235344e+02	2.15562202e-04
2.20000000e-02	5.38489991e+06	-2.07054900e+02	2.15432287e-04
2.30000000e-02	5.38489971e+06	-1.89447240e+02	2.15313774e-04
2.40000000e-02	5.38489953e+06	-1.73993051e+02	2.15205226e-04
2.50000000e-02	5.38489937e+06	-1.60355071e+02	2.15105437e-04
2.60000000e-02	5.38489921e+06	-1.48259550e+02	2.15013387e-04
2.70000000e-02	5.38489907e+06	-1.37482425e+02	2.14928209e-04
2.80000000e-02	5.38489894e+06	-1.27838876e+02	2.14849163e-04
2.90000000e-02	5.38489881e+06	-1.19175362e+02	2.14775608e-04
3.00000000e-02	5.38489870e+06	-1.11363478e+02	2.14706993e-04
3.10000000e-02	5.38489859e+06	-1.04295174e+02	2.14642834e-04
3.20000000e-02	5.38489849e+06	-9.78790044e+01	2.14582713e-04
3.30000000e-02	5.38489840e+06	-9.20371583e+01	2.14526259e-04
3.40000000e-02	5.38489831e+06	-8.67030892e+01	2.14473147e-04
3.50000000e-02	5.38489822e+06	-8.18196168e+01	2.14423088e-04
3.60000000e-02	5.38489814e+06	-7.73373864e+01	2.14375827e-04
3.70000000e-02	5.38489807e+06	-7.32136196e+01	2.14331136e-04
3.80000000e-02	5.38489800e+06	-6.94110899e+01	2.14288810e-04
3.90000000e-02	5.38489793e+06	-6.58972801e+01	2.14248666e-04
4.00000000e-02	5.38489787e+06	-6.26436852e+01	2.14210541e-04
4.10000000e-02	5.38489780e+06	-5.96252332e+01	2.14174285e-04
4.20000000e-02	5.38489775e+06	-5.68197998e+01	2.14139765e-04
4.30000000e-02	5.38489769e+06	-5.42078031e+01	2.14106858e-04
4.40000000e-02	5.38489764e+06	-5.17718601e+01	2.14075454e-04
4.50000000e-02	5.38489759e+06	-4.94964978e+01	2.14045452e-04
4.60000000e-02	5.38489754e+06	-4.73679060e+01	2.14016761e-04
4.70000000e-02	5.38489749e+06	-4.53737282e+01	2.13989297e-04
4.80000000e-02	5.38489745e+06	-4.35028810e+01	2.13962982e-04
4.90000000e-02	5.38489741e+06	-4.17454004e+01	2.13937745e-04
5.00000000e-02	5.38489737e+06	-4.00923085e+01	2.13913523e-04
5.10000000e-02	5.38489733e+06	-3.85354993e+01	2.13890255e-04
5.20000000e-02	5.38489729e+06	-3.70676378e+01	2.13867885e-04
5.30000000e-02	5.38489725e+06	-3.56820754e+01	2.13846362e-04
5.40000000e-02	5.38489722e+06	-3.43727722e+01	2.13825640e-04
5.50000000e-02	5.38489718e+06	-3.31342335e+01	2.13805675e-04
5.60000000e-02	5.38489715e+06	-3.19614497e+01	2.13786425e-04
5.70000000e-02	5.38489712e+06	-3.08498477e+01	2.13767853e-04
5.80000000e-02	5.38489709e+06	-2.97952442e+01	2.13749924e-04
5.90000000e-02	5.38489706e+06	-2.87938081e+01	2.13732605e-04
6.00000000e-02	5.38489703e+06	-2.78420249e+01	2.13715866e-04
6.10000000e-02	5.38489700e+06	-2.69366653e+01	2.13699677e-04
6.20000000e-02	5.38489698e+06	-2.60747586e+01	2.13684012e-04
6.30000000e-02	5.38489695e+06	-2.52535679e+01	2.13668846e-04
6.40000000e-02	5.38489693e+06	-2.44705686e+01	2.13654156e-04
6.50000000e-02	5.38489690e+06	-2.37234286e+01	2.13639919e-04
6.60000000e-02	5.38489688e+06	-2.30099913e+01	2.13626115e-04
6.70000000e-02	5.38489686e+06	-2.23282594e+01	2.13612725e-04
6.80000000e-02	5.38489684e+06	-2.16763818e+01	2.13599729e-04
6.90000000e-02	5.38489681e+06	-2.10526406e+01	2.13587111e-04
7.00000000e-02	5.38489679e+06	-2.04554396e+01	2.13574855e-04
7.10000000e-02	5.38489677e+06	-1.98832939e+01	2.13562946e-04
7.20000000e-02	5.38489675e+06	-1.93348214e+01	2.13551368e-04
7.30000000e-02	5.38489674e+06	-1.88087340e+01	2.13540108e-04
7.40000000e-02	5.38489672e+06	-1.83038297e+01	2.13529153e-04
7.50000000e-02	5.38489670e+06	-1.78189865e+01	2.13518492e-04
7.60000000e-02	5.38489668e+06	-1.73531555e+01	2.13508111e-04
7.70000000e-02	5.38489666e+06	-1.69053553e+01	2.13498001e-04
7.80000000e-02	5.38489665e+06	-1.64746675e+01	2.13488152e-04
7.90000000e-02	5.38489663e+06	-1.60602311e+01	2.13478552e-04
8.00000000e-02	5.38489662e+06	-1.56612384e+01	2.13469192e-04
8.10000000e-02	5.38489660e+06	-1.52769317e+01	2.13460065e-04
8.20000000e-02	5.38489658e+06	-1.49065991e+01	2.13451160e-04
8.30000000e-02	5.38489657e+06	-1.45495710e+01	2.13442471e-04
8.40000000e-02	5.38489656e+06	-1.42052178e+01	2.13433989e-04
8.50000000e-02	5.38489654e+06	-1.38729464e+01	2.13425708e-04
8.60000000e-02	5.38489653e+06	-1.35521983e+01	2.13417619e-04
8.70000000e-02	5.38489651e+06	-1.32424467e+01	2.13409717e-04
8.80000000e-02	5.38489650e+06	-1.29431945e+01	2.13401994e-04
8.90000000e-02	5.38489649e+06	-1.26539727e+01	2.13394446e-04
9.00000000e-02	5.38489648e+06	-1.23743379e+01	2.13387066e-04
9.10000000e-02	5.38489646e+06	-1.21038710e+01	2.13379849e-04
9.20000000e-02	5.38489645e+06	-1.18421755e+01	2.13372788e-04
9.30000000e-02	5.38489644e+06	-1.15888764e+01	2.13365880e-04
9.40000000e-02	5.38489643e+06	-1.13436180e+01	2.13359119e-04
9.50000000e-02	5.38489642e+06	-1.11060638e+01	2.13352501e-04
9.60000000e-02	5.38489641e+06	-1.08758944e+01	2.13346021e-04
9.70000000e-02	5.38489640e+06	-1.06528067e+01	2.13339675e-04
9.80000000e-02	5.38489639e+06	-1.04365134e+01	2.13333459e-04
9.90000000e-02	5.38489638e+06	-1.02267412e+01	2.13327369e-04
1.00000000e-01	5.38489637e+06	-1.00232305e+01	2.13321400e-04
1.01000000e-01	5.38489636e+06	-9.82573482e+00	2.13315551e-04
1.02000000e-01	5.38489635e+06	-9.63401913e+00	2.13309816e-04
1.03000000e-01	5.38489634e+06	-9.44786032e+00	2.13304192e-04
1.04000000e-01	5.38489633e+06	-9.26704546e+00	2.13298677e-04
1.05000000e-01	5.38489632e+06	-9.09137212e+00	2.13293268e-04
1.06000000e-01	5.38489631e+06	-8.92064717e+00	2.13287960e-04
1.07000000e-01	5.38489630e+06	-8.75468639e+00	2.13282752e-04
1.08000000e-01	5.38489629e+06	-8.59331431e+00	2.13277641e-04
1.09000000e-01	5.38489628e+06	-8.43636314e+00	2.13272623e-04
1.10000000e-01	5.38489627e+06	-8.28367301e+00	2.13267697e-04
1.11000000e-01	5.38489627e+06	-8.13509098e+00	2.13262860e-04
1.12000000e-01	5.38489626e+06	-7.99047096e+00	2.13258110e-04
1.13000000e-01	5.38489625e+06	-7.84967337e+00	2.13253443e-04
1.14000000e-01	5.38489624e+06	-7.71256472e+00	2.13248859e-04
1.15000000e-01	5.38489623e+06	-7.57901726e+00	2.13244355e-04
1.16000000e-01	5.38489623e+06	-7.44890857e+00	2.13239928e-04
1.17000000e-01	5.38489622e+06	-7.32212181e+00	2.13235577e-04
1.18000000e-01	5.38489621e+06	-7.19854470e+00	2.13231300e-04
1.19000000e-01	5.38489621e+06	-7.07806984e+00	2.13227095e-04
1.20000000e-01	5.38489620e+06	-6.96059430e+00	2.13222961e-04
1.21000000e-01	5.38489619e+06	-6.84601928e+00	2.13218895e-04
1.22000000e-01	5.38489619e+06	-6.73425010e+00	2.13214895e-04
1.23000000e-01	5.38489618e+06	-6.62519590e+00	2.13210961e-04
1.24000000e-01	5.38489617e+06	-6.51876941e+00	2.13207090e-04
1.25000000e-01	5.38489617e+06	-6.41488689e+00	2.13203281e-04
1.26000000e-01	5.38489616e+06	-6.31346798e+00	2.13199533e-04
1.27000000e-01	5.38489615e+06	-6.21443527e+00	2.13195844e-04
1.28000000e-01	5.38489615e+06	-6.11771463e+00	2.13192213e-04
1.29000000e-01	5.38489614e+06	-6.02323450e+00	2.13188638e-04
1.30000000e-01	5.38489613e+06	-5.93092625e+00	2.13185118e-04
1.31000000e-01	5.38489613e+06	-5.84072394e+00	2.13181652e-04
1.32000000e-01	5.38489612e+06	-5.75256386e+00	2.13178239e-04
1.33000000e-01	5.38489612e+06	-5.66638480e+00	2.13174877e-04
1.34000000e-01	5.38489611e+06	-5.58212793e+00	2.13171565e-04
1.35000000e-01	5.38489611e+06	-5.49973649e+00	2.13168303e-04
1.36000000e-01	5.38489610e+06	-5.41915580e+00	2.13165088e-04
1.37000000e-01	5.38489610e+06	-5.34033317e+00	2.13161921e-04
1.38000000e-01	5.38489609e+06	-5.26321786e+00	2.13158799e-04
1.39000000e-01	5.38489608e+06	-5.18776096e+00	2.13155723e-04
1.40000000e-01	5.38489608e+06	-5.11391515e+00	2.13152690e-04
1.41000000e-01	5.38489607e+06	-5.04163498e+00	2.13149701e-04
1.42000000e-01	5.38489607e+06	-4.97087642e+00	2.13146753e-04
1.43000000e-01	5.38489606e+06	-4.90159710e+00	2.13143847e-04
1.44000000e-01	5.38489606e+06	-4.83375615e+00	2.13140982e-04
1.45000000e-01	5.38489606e+06	-4.76731391e+00	2.13138156e-04
1.46000000e-01	5.38489605e+06	-4.70223219e+00	2.13135368e-04
1.47000000e-01	5.38489605e+06	-4.63847419e+00	2.13132619e-04
1.48000000e-01	5.38489604e+06	-4.57600419e+00	2.13129907e-04
1.49000000e-01	5.38489604e+06	-4.51478776e+00	2.13127232e-04
1.50000000e-01	5.38489603e+06	-4.45479152e+00	2.13124592e-04
1.51000000e-01	5.38489603e+06	-4.39598332e+00	2.13121987e-04
1.52000000e-01	5.38489602e+06	-4.33833199e+00	2.13119416e-04
1.53000000e-01	5.38489602e+06	-4.28180737e+00	2.13116880e-04
1.54000000e-01	5.38489601e+06	-4.22638029e+00	2.13114376e-04
1.55000000e-01	5.38489601e+06	-4.17202255e+00	2.13111904e-04
1.56000000e-01	5.38489601e+06	-4.11870674e+00	2.13109464e-04
1.57000000e-01	5.38489600e+06	-4.06640650e+00	2.13107056e-04
1.58000000e-01	5.38489600e+06	-4.01509617e+00	2.13104678e-04
1.59000000e-01	5.38489599e+06	-3.96475084e+00	2.13102329e-04
1.60000000e-01	5.38489599e+06	-3.91534655e+00	2.13100011e-04
1.61000000e-01	5.38489599e+06	-3.86685999e+00	2.13097721e-04
1.62000000e-01	5.38489598e+06	-3.81926853e+00	2.13095459e-04
1.63000000e-01	5.38489598e+06	-3.77255031e+00	2.13093225e-04
1.64000000e-01	5.38489598e+06	-3.72668406e+00	2.13091018e-04
1.65000000e-01	5.38489597e+06	-3.68164923e+00	2.13088839e-04
1.66000000e-01	5.38489597e+06	-3.63742582e+00	2.13086685e-04
1.67000000e-01	5.38489596e+06	-3.59399446e+00	2.13084558e-04
1.68000000e-01	5.38489596e+06	-3.55133634e+00	2.13082455e-04
1.69000000e-01	5.38489596e+06	-3.50943323e+00	2.13080378e-04
1.70000000e-01	5.38489595e+06	-3.46826735e+00	2.13078325e-04
1.71000000e-01	5.38489595e+06	-3.42782162e+00	2.13076296e-04
1.72000000e-01	5.38489595e+06	-3.38807929e+00	2.13074291e-04
1.73000000e-01	5.38489594e+06	-3.34902410e+00	2.13072309e-04
1.74000000e-01	5.38489594e+06	-3.31064034e+00	2.13070349e-04
1.75000000e-01	5.38489594e+06	-3.27291270e+00	2.13068413e-04
1.76000000e-01	5.38489593e+06	-3.23582634e+00	2.13066498e-04
1.77000000e-01	5.38489593e+06	-3.19936677e+00	2.13064605e-04
1.78000000e-01	5.38489593e+06	-3.16351998e+00	2.13062733e-04
1.79000000e-01	5.38489592e+06	-3.12827227e+00	2.13060882e-04
1.80000000e-01	5.38489592e+06	-3.09361034e+00	2.13059052e-04
1.81000000e-01	5.38489592e+06	-3.05952141e+00	2.13057242e-04
1.82000000e-01	5.38489591e+06	-3.02599279e+00	2.13055451e-04
1.83000000e-01	5.38489591e+06	-2.99301233e+00	2.13053681e-04
1.84000000e-01	5.38489591e+06	-2.96056813e+00	2.13051930e-04
1.85000000e-01	5.38489591e+06	-2.92864859e+00	2.13050197e-04
1.86000000e-01	5.38489590e+06	-2.89724254e+00	2.13048484e-04
1.87000000e-01	5.38489590e+06	-2.86633897e+00	2.13046788e-04
1.88000000e-01	5.38489590e+06	-2.83592720e+00	2.13045111e-04
1.89000000e-01	5.38489589e+06	-2.80599693e+00	2.13043451e-04
1.90000000e-01	5.38489589e+06	-2.77653795e+00	2.13041809e-04
1.91000000e-01	5.38489589e+06	-2.74754046e+00	2.13040185e-04
1.92000000e-01	5.38489589e+06	-2.71899490e+00	2.13038577e-04
1.93000000e-01	5.38489588e+06	-2.69089189e+00	2.13036986e-04
1.94000000e-01	5.38489588e+06	-2.66322233e+00	2.13035411e-04
1.95000000e-01	5.38489588e+06	-2.63597736e+00	2.13033852e-04
1.96000000e-01	5.38489588e+06	-2.60914838e+00	2.13032310e-04
1.97000000e-01	5.38489587e+06	-2.58272691e+00	2.13030783e-04
1.98000000e-01	5.38489587e+06	-2.55670472e+00	2.13029271e-04
1.99000000e-01	5.38489587e+06	-2.53107385e+00	2.13027775e-04
2.00000000e-01	5.38489587e+06	-2.50582647e+00	2.13026293e-04
2.01000000e-01	5.38489586e+06	-2.48095497e+00	2.13024827e-04
2.02000000e-01	5.38489586e+06	-2.45645199e+00	2.13023375e-04
2.03000000e-01	5.38489586e+06	-2.43231016e+00	2.13021937e-04
2.04000000e-01	5.38489586e+06	-2.40852254e+00	2.13020513e-04
2.05000000e-01	5.38489585e+06	-2.38508216e+00	2.13019104e-04
2.06000000e-01	5.38489585e+06	-2.36198231e+00	2.13017707e-04
2.07000000e-01	5.38489585e+06	-2.33921642e+00	2.13016325e-04
2.08000000e-01	5.38489585e+06	-2.31677810e+00	2.13014956e-04
2.09000000e-01	5.38489584e+06	-2.29466110e+00	2.13013600e-04
2.10000000e-01	5.38489584e+06	-2.27285929e+00	2.13012256e-04
2.11000000e-01	5.38489584e+06	-2.25136672e+00	2.13010926e-04
2.12000000e-01	5.38489584e+06	-2.23017761e+00	2.13009608e-04
2.13000000e-01	5.38489583e+06	-2.20928617e+00	2.13008303e-04
2.14000000e-01	5.38489583e+06	-2.18868695e+00	2.13007009e-04
2.15000000e-01	5.38489583e+06	-2.16837448e+00	2.13005728e-04
2.16000000e-01	5.38489583e+06	-2.14834352e+00	2.13004459e-04
2.17000000e-01	5.38489583e+06	-2.12858881e+00	2.13003201e-04
2.18000000e-01	5.38489582e+06	-2.10910530e+00	2.13001955e-04
2.19000000e-01	5.38489582e+06	-2.08988812e+00	2.13000720e-04
2.20000000e-01	5.38489582e+06	-2.07093237e+00	2.12999497e-04
2.21000000e-01	5.38489582e+06	-2.05223335e+00	2.12998285e-04
2.22000000e-01	5.38489582e+06	-2.03378645e+00	2.12997083e-04
2.23000000e-01	5.38489581e+06	-2.01558723e+00	2.12995892e-04
2.24000000e-01	5.38489581e+06	-1.99763114e+00	2.12994712e-04
2.25000000e-01	5.38489581e+06	-1.97991391e+00	2.12993543e-04
2.26000000e-01	5.38489581e+06	-1.96243134e+00	2.12992384e-04
2.27000000e-01	5.38489581e+06	-1.94517937e+00	2.12991235e-04
2.28000000e-01	5.38489580e+06	-1.92815384e+00	2.12990096e-04
2.29000000e-01	5.38489580e+06	-1.91135094e+00	2.12988967e-04
2.30000000e-01	5.38489580e+06	-1.89476669e+00	2.12987848e-04
2.31000000e-01	5.38489580e+06	-1.87839729e+00	2.12986739e-04
2.32000000e-01	5.38489580e+06	-1.86223920e+00	2.12985639e-04
2.33000000e-01	5.38489579e+06	-1.84628867e+00	2.12984548e-04
2.34000000e-01	5.38489579e+06	-1.83054219e+00	2.12983467e-04
2.35000000e-01	5.38489579e+06	-1.81499631e+00	2.12982396e-04
2.36000000e-01	5.38489579e+06	-1.79964759e+00	2.12981333e-04
2.37000000e-01	5.38489579e+06	-1.78449280e+00	2.12980279e-04
2.38000000e-01	5.38489579e+06	-1.76952860e+00	2.12979234e-04
2.39000000e-01	5.38489578e+06	-1.75475185e+00	2.12978198e-04
2.40000000e-01	5.38489578e+06	-1.74015942e+00	2.12977171e-04
2.41000000e-01	5.38489578e+06	-1.72574828e+00	2.12976152e-04
2.42000000e-01	5.38489578e+06	-1.71151541e+00	2.12975141e-04
2.43000000e-01	5.38489578e+06	-1.69745790e+00	2.12974139e-04
2.44000000e-01	5.38489578e+06	-1.68357287e+00	2.12973145e-04
2.45000000e-01	5.38489577e+06	-1.66985753e+00	2.12972159e-04
2.46000000e-01	5.38489577e+06	-1.65630904e+00	2.12971181e-04
2.47000000e-01	5.38489577e+06	-1.64292482e+00	2.12970211e-04
2.48000000e-01	5.38489577e+06	-1.62970219e+00	2.12969249e-04
2.49000000e-01	5.38489577e+06	-1.61663855e+00	2.12968295e-04
2.50000000e-01	5.38489577e+06	-1.60373132e+00	2.12967348e-04
2.51000000e-01	5.38489576e+06	-1.59097810e+00	2.12966409e-04
2.52000000e-01	5.38489576e+06	-1.57837635e+00	2.12965477e-04
2.53000000e-01	5.38489576e+06	-1.56592376e+00	2.12964553e-04
2.54000000e-01	5.38489576e+06	-1.55361797e+00	2.12963636e-04
2.55000000e-01	5.38489576e+06	-1.54145666e+00	2.12962726e-04
2.56000000e-01	5.38489576e+06	-1.52943758e+00	2.12961823e-04
2.57000000e-01	5.38489575e+06	-1.51755855e+00	2.12960928e-04
2.58000000e-01	5.38489575e+06	-1.50581737e+00	2.12960039e-04
2.59000000e-01	5.38489575e+06	-1.49421190e+00	2.12959157e-04
2.60000000e-01	5.38489575e+06	-1.48274011e+00	2.12958282e-04
2.61000000e-01	5.38489575e+06	-1.47139991e+00	2.12957414e-04
2.62000000e-01	5.38489575e+06	-1.46018931e+00	2.12956552e-04
2.63000000e-01	5.38489575e+06	-1.44910637e+00	2.12955697e-04
2.64000000e-01	5.38489574e+06	-1.43814910e+00	2.12954848e-04
2.65000000e-01	5.38489574e+06	-1.42731567e+00	2.12954006e-04
2.66000000e-01	5.38489574e+06	-1.41660416e+00	2.12953170e-04
2.67000000e-01	5.38489574e+06	-1.40601278e+00	2.12952340e-04
2.68000000e-01	5.38489574e+06	-1.39553975e+00	2.12951516e-04
2.69000000e-01	5.38489574e+06	-1.38518333e+00	2.12950699e-04
2.70000000e-01	5.38489574e+06	-1.37494171e+00	2.12949888e-04
2.71000000e-01	5.38489573e+06	-1.36481330e+00	2.12949082e-04
2.72000000e-01	5.38489573e+06	-1.35479638e+00	2.12948283e-04
2.73000000e-01	5.38489573e+06	-1.34488935e+00	2.12947490e-04
2.74000000e-01	5.38489573e+06	-1.33509058e+00	2.12946702e-04
2.75000000e-01	5.38489573e+06	-1.32539851e+00	2.12945920e-04
2.76000000e-01	5.38489573e+06	-1.31581159e+00	2.12945144e-04
2.77000000e-01	5.38489573e+06	-1.30632833e+00	2.12944373e-04
2.78000000e-01	5.38489573e+06	-1.29694721e+00	2.12943608e-04
2.79000000e-01	5.38489572e+06	-1.28766678e+00	2.12942848e-04
2.80000000e-01	5.38489572e+06	-1.27848559e+00	2.12942094e-04
2.81000000e-01	5.38489572e+06	-1.26940229e+00	2.12941345e-04
2.82000000e-01	5.38489572e+06	-1.26041542e+00	2.12940601e-04
2.83000000e-01	5.38489572e+06	-1.25152364e+00	2.12939863e-04
2.84000000e-01	5.38489572e+06	-1.24272564e+00	2.12939130e-04
2.85000000e-01	5.38489572e+06	-1.23402007e+00	2.12938402e-04
2.86000000e-01	5.38489572e+06	-1.22540566e+00	2.12937679e-04
2.87000000e-01	5.38489571e+06	-1.21688116e+00	2.12936961e-04
2.88000000e-01	5.38489571e+06	-1.20844529e+00	2.12936248e-04
2.89000000e-01	5.38489571e+06	-1.20009682e+00	2.12935541e-04
2.90000000e-01	5.38489571e+06	-1.19183458e+00	2.12934838e-04
2.91000000e-01	5.38489571e+06	-1.18365737e+00	2.12934139e-04
2.92000000e-01	5.38489571e+06	-1.17556403e+00	2.12933446e-04
2.93000000e-01	5.38489571e+06	-1.16755343e+00	2.12932757e-04
2.94000000e-01	5.38489571e+06	-1.15962443e+00	2.12932073e-04
2.95000000e-01	5.38489570e+06	-1.15177592e+00	2.12931394e-04
2.96000000e-01	5.38489570e+06	-1.14400680e+00	2.12930719e-04
2.97000000e-01	5.38489570e+06	-1.13631604e+00	2.12930049e-04
2.98000000e-01	5.38489570e+06	-1.12870259e+00	2.12929384e-04
2.99000000e-01	5.38489570e+06	-1.12116538e+00	2.12928722e-04
3.00000000e-01	5.38489570e+06	-1.11370340e+00	2.12928066e-04
3.01000000e-01	5.38489570e+06	-1.10631569e+00	2.12927413e-04
3.02000000e-01	5.38489570e+06	-1.09900124e+00	2.12926765e-04
3.03000000e-01	5.38489570e+06	-1.09175912e+00	2.12926121e-04
3.04000000e-01	5.38489569e+06	-1.08458830e+00	2.12925482e-04
3.05000000e-01	5.38489569e+06	-1.07748794e+00	2.12924846e-04
3.06000000e-01	5.38489569e+06	-1.07045706e+00	2.12924215e-04
3.07000000e-01	5.38489569e+06	-1.06349475e+00	2.12923588e-04
3.08000000e-01	5.38489569e+06	-1.05660017e+00	2.12922965e-04
3.09000000e-01	5.38489569e+06	-1.04977241e+00	2.12922346e-04
3.10000000e-01	5.38489569e+06	-1.04301062e+00	2.12921731e-04
3.11000000e-01	5.38489569e+06	-1.03631397e+00	2.12921120e-04
3.12000000e-01	5.38489569e+06	-1.02968159e+00	2.12920512e-04
3.13000000e-01	5.38489568e+06	-1.02311268e+00	2.12919909e-04
3.14000000e-01	5.38489568e+06	-1.01660644e+00	2.12919310e-04
3.15000000e-01	5.38489568e+06	-1.01016205e+00	2.12918714e-04
3.16000000e-01	5.38489568e+06	-1.00377876e+00	2.12918122e-04
3.17000000e-01	5.38489568e+06	-9.97455764e-01	2.12917534e-04
3.18000000e-01	5.38489568e+06	-9.91192341e-01	2.12916950e-04
3.19000000e-01	5.38489568e+06	-9.84987708e-01	2.12916369e-04
3.20000000e-01	5.38489568e+06	-9.78841178e-01	2.12915792e-04
3.21000000e-01	5.38489568e+06	-9.72752000e-01	2.12915219e-04
3.22000000e-01	5.38489568e+06	-9.66719450e-01	2.12914649e-04
3.23000000e-01	5.38489567e+06	-9.60742854e-01	2.12914082e-04
3.24000000e-01	5.38489567e+06	-9.54821504e-01	2.12913519e-04
3.25000000e-01	5.38489567e+06	-9.48954751e-01	2.12912960e-04
3.26000000e-01	5.38489567e+06	-9.43141870e-01	2.12912404e-04
3.27000000e-01	5.38489567e+06	-9.37382248e-01	2.12911851e-04
3.28000000e-01	5.38489567e+06	-9.31675219e-01	2.12911302e-04
3.29000000e-01	5.38489567e+06	-9.26020170e-01	2.12910756e-04
3.30000000e-01	5.38489567e+06	-9.20416444e-01	2.12910214e-04
3.31000000e-01	5.38489567e+06	-9.14863431e-01	2.12909674e-04
3.32000000e-01	5.38489567e+06	-9.09360508e-01	2.12909138e-04
3.33000000e-01	5.38489567e+06	-9.03907107e-01	2.12908605e-04
3.34000000e-01	5.38489566e+06	-8.98502598e-01	2.12908076e-04
3.35000000e-01	5.38489566e+06	-8.93146433e-01	2.12907549e-04
3.36000000e-01	5.38489566e+06	-8.87837995e-01	2.12907026e-04
3.37000000e-01	5.38489566e+06	-8.82576756e-01	2.12906506e-04
3.38000000e-01	5.38489566e+06	-8.77362162e-01	2.12905989e-04
3.39000000e-01	5.38489566e+06	-8.72193610e-01	2.12905474e-04
3.40000000e-01	5.38489566e+06	-8.67070614e-01	2.12904963e-04
3.41000000e-01	5.38489566e+06	-8.61992638e-01	2.12904455e-04
3.42000000e-01	5.38489566e+06	-8.56959113e-01	2.12903950e-04
3.43000000e-01	5.38489566e+06	-8.51969553e-01	2.12903448e-04
3.44000000e-01	5.38489566e+06	-8.47023469e-01	2.12902949e-04
3.45000000e-01	5.38489566e+06	-8.42120303e-01	2.12902453e-04
3.46000000e-01	5.38489565e+06	-8.37259611e-01	2.12901959e-04
3.47000000e-01	5.38489565e+06	-8.32440862e-01	2.12901468e-04
3.48000000e-01	5.38489565e+06	-8.27663607e-01	2.12900981e-04
3.49000000e-01	5.38489565e+06	-8.22927353e-01	2.12900496e-04
3.50000000e-01	5.38489565e+06	-8.18231638e-01	2.12900013e-04
3.51000000e-01	5.38489565e+06	-8.13575993e-01	2.12899534e-04
3.52000000e-01	5.38489565e+06	-8.08959983e-01	2.12899057e-04
3.53000000e-01	5.38489565e+06	-8.04383130e-01	2.12898583e-04
3.54000000e-01	5.38489565e+06	-7.99845032e-01	2.12898112e-04
3.55000000e-01	5.38489565e+06	-7.95345232e-01	2.12897643e-04
3.56000000e-01	5.38489565e+06	-7.90883285e-01	2.12897177e-04
3.57000000e-01	5.38489565e+06	-7.86458779e-01	2.12896714e-04
3.58000000e-01	5.38489564e+06	-7.82071298e-01	2.12896253e-04
3.59000000e-01	5.38489564e+06	-7.77720434e-01	2.12895794e-04
3.60000000e-01	5.38489564e+06	-7.73405758e-01	2.12895339e-04
3.61000000e-01	5.38489564e+06	-7.69126922e-01	2.12894885e-04
3.62000000e-01	5.38489564e+06	-7.64883481e-01	2.12894435e-04
3.63000000e-01	5.38489564e+06	-7.60675058e-01	2.12893987e-04
3.64000000e-01	5.38489564e+06	-7.56501270e-01	2.12893541e-04
3.65000000e-01	5.38489564e+06	-7.52361748e-01	2.12893097e-04
3.66000000e-01	5.38489564e+06	-7.48256093e-01	2.12892657e-04
3.67000000e-01	5.38489564e+06	-7.44183967e-01	2.12892218e-04
3.68000000e-01	5.38489564e+06	-7.40144995e-01	2.12891782e-04
3.69000000e-01	5.38489564e+06	-7.36138822e-01	2.12891348e-04
3.70000000e-01	5.38489564e+06	-7.32165063e-01	2.12890917e-04
3.71000000e-01	5.38489563e+06	-7.28223415e-01	2.12890488e-04
3.72000000e-01	5.38489563e+06	-7.24313513e-01	2.12890061e-04
3.73000000e-01	5.38489563e+06	-7.20435012e-01	2.12889636e-04
3.74000000e-01	5.38489563e+06	-7.16587556e-01	2.12889214e-04
3.75000000e-01	5.38489563e+06	-7.12770856e-01	2.12888794e-04
3.76000000e-01	5.38489563e+06	-7.08984578e-01	2.12888377e-04
3.77000000e-01	5.38489563e+06	-7.05228378e-01	2.12887961e-04
3.78000000e-01	5.38489563e+06	-7.01501963e-01	2.12887548e-04
3.79000000e-01	5.38489563e+06	-6.97805002e-01	2.12887137e-04
3.80000000e-01	5.38489563e+06	-6.94137173e-01	2.12886728e-04
3.81000000e-01	5.38489563e+06	-6.90498203e-01	2.12886321e-04
3.82000000e-01	5.38489563e+06	-6.86887761e-01	2.12885916e-04
3.83000000e-01	5.38489563e+06	-6.83305572e-01	2.12885514e-04
3.84000000e-01	5.38489563e+06	-6.79751328e-01	2.12885113e-04
3.85000000e-01	5.38489563e+06	-6.76224752e-01	2.12884715e-04
3.86000000e-01	5.38489562e+06	-6.72725543e-01	2.12884319e-04
3.87000000e-01	5.38489562e+06	-6.69253427e-01	2.12883924e-04
3.88000000e-01	5.38489562e+06	-6.65808102e-01	2.12883532e-04
3.89000000e-01	5.38489562e+06	-6.62389335e-01	2.12883142e-04
3.90000000e-01	5.38489562e+06	-6.58996830e-01	2.12882754e-04
3.91000000e-01	5.38489562e+06	-6.55630315e-01	2.12882367e-04
3.92000000e-01	5.38489562e+06	-6.52289542e-01	2.12881983e-04
3.93000000e-01	5.38489562e+06	-6.48974228e-01	2.12881601e-04
3.94000000e-01	5.38489562e+06	-6.45684126e-01	2.12881220e-04
3.95000000e-01	5.38489562e+06	-6.42418990e-01	2.12880842e-04
3.96000000e-01	5.38489562e+06	-6.39178549e-01	2.12880466e-04
3.97000000e-01	5.38489562e+06	-6.35962560e-01	2.12880091e-04
3.98000000e-01	5.38489562e+06	-6.32770806e-01	2.12879718e-04
3.99000000e-01	5.38489562e+06	-6.29603011e-01	2.12879347e-04
4.00000000e-01	5.38489562e+06	-6.26458917e-01	2.12878978e-04
4.01000000e-01	5.38489561e+06	-6.23338340e-01	2.12878611e-04
4.02000000e-01	5.38489561e+06	-6.20241009e-01	2.12878246e-04
4.03000000e-01	5.38489561e+06	-6.17166720e-01	2.12877882e-04
4.04000000e-01	5.38489561e+06	-6.14115234e-01	2.12877521e-04
4.05000000e-01	5.38489561e+06	-6.11086302e-01	2.12877161e-04
4.06000000e-01	5.38489561e+06	-6.08079750e-01	2.12876802e-04
4.07000000e-01	5.38489561e+06	-6.05095312e-01	2.12876446e-04
4.08000000e-01	5.38489561e+06	-6.02132804e-01	2.12876091e-04
4.09000000e-01	5.38489561e+06	-5.99191991e-01	2.12875738e-04
4.10000000e-01	5.38489561e+06	-5.96272673e-01	2.12875387e-04
4.11000000e-01	5.38489561e+06	-5.93374632e-01	2.12875038e-04
4.12000000e-01	5.38489561e+06	-5.90497680e-01	2.12874690e-04
4.13000000e-01	5.38489561e+06	-5.87641595e-01	2.12874344e-04
4.14000000e-01	5.38489561e+06	-5.84806165e-01	2.12873999e-04
4.15000000e-01	5.38489561e+06	-5.81991227e-01	2.12873657e-04
4.16000000e-01	5.38489561e+06	-5.79196561e-01	2.12873316e-04
4.17000000e-01	5.38489561e+06	-5.76421968e-01	2.12872976e-04
4.18000000e-01	5.38489560e+06	-5.73667277e-01	2.12872638e-04
4.19000000e-01	5.38489560e+06	-5.70932293e-01	2.12872302e-04
4.20000000e-01	5.38489560e+06	-5.68216792e-01	2.12871967e-04
4.21000000e-01	5.38489560e+06	-5.65520654e-01	2.12871634e-04
4.22000000e-01	5.38489560e+06	-5.62843624e-01	2.12871303e-04
4.23000000e-01	5.38489560e+06	-5.60185580e-01	2.12870973e-04
4.24000000e-01	5.38489560e+06	-5.57546332e-01	2.12870644e-04
4.25000000e-01	5.38489560e+06	-5.54925660e-01	2.12870318e-04
4.26000000e-01	5.38489560e+06	-5.52323431e-01	2.12869992e-04
4.27000000e-01	5.38489560e+06	-5.49739485e-01	2.12869669e-04
4.28000000e-01	5.38489560e+06	-5.47173608e-01	2.12869346e-04
4.29000000e-01	5.38489560e+06	-5.44625673e-01	2.12869026e-04
4.30000000e-01	5.38489560e+06	-5.42095469e-01	2.12868706e-04
4.31000000e-01	5.38489560e+06	-5.39582869e-01	2.12868389e-04
4.32000000e-01	5.38489560e+06	-5.37087700e-01	2.12868072e-04
4.33000000e-01	5.38489560e+06	-5.34609789e-01	2.12867758e-04
4.34000000e-01	5.38489560e+06	-5.32148993e-01	2.12867444e-04
4.35000000e-01	5.38489560e+06	-5.29705146e-01	2.12867132e-04
4.36000000e-01	5.38489559e+06	-5.27278091e-01	2.12866822e-04
4.37000000e-01	5.38489559e+06	-5.24867696e-01	2.12866513e-04
4.38000000e-01	5.38489559e+06	-5.22473783e-01	2.12866205e-04
4.39000000e-01	5.38489559e+06	-5.20096204e-01	2.12865899e-04
4.40000000e-01	5.38489559e+06	-5.17734803e-01	2.12865594e-04
4.41000000e-01	5.38489559e+06	-5.15389470e-01	2.12865290e-04
4.42000000e-01	5.38489559e+06	-5.13060037e-01	2.12864988e-04
4.43000000e-01	5.38489559e+06	-5.10746347e-01	2.12864688e-04
4.44000000e-01	5.38489559e+06	-5.08448289e-01	2.12864388e-04
4.45000000e-01	5.38489559e+06	-5.06165711e-01	2.12864090e-04
4.46000000e-01	5.38489559e+06	-5.03898446e-01	2.12863793e-04
4.47000000e-01	5.38489559e+06	-5.01646390e-01	2.12863498e-04
4.48000000e-01	5.38489559e+06	-4.99409408e-01	2.12863204e-04
4.49000000e-01	5.38489559e+06	-4.97187342e-01	2.12862911e-04
4.50000000e-01	5.38489559e+06	-4.94980085e-01	2.12862620e-04
4.51000000e-01	5.38489559e+06	-4.92787479e-01	2.12862330e-04
4.52000000e-01	5.38489559e+06	-4.90609416e-01	2.12862041e-04
4.53000000e-01	5.38489559e+06	-4.88445768e-01	2.12861753e-04
4.54000000e-01	5.38489559e+06	-4.86296398e-01	2.12861467e-04
4.55000000e-01	5.38489559e+06	-4.84161189e-01	2.12861182e-04
4.56000000e-01	5.38489558e+06	-4.82039998e-01	2.12860898e-04
4.57000000e-01	5.38489558e+06	-4.79932727e-01	2.12860615e-04
4.58000000e-01	5.38489558e+06	-4.77839253e-01	2.12860334e-04
4.59000000e-01	5.38489558e+06	-4.75759427e-01	2.12860054e-04
4.60000000e-01	5.38489558e+06	-4.73693163e-01	2.12859775e-04
4.61000000e-01	5.38489558e+06	-4.71640332e-01	2.12859497e-04
4.62000000e-01	5.38489558e+06	-4.69600809e-01	2.12859221e-04
4.63000000e-01	5.38489558e+06	-4.67574478e-01	2.12858946e-04
4.64000000e-01	5.38489558e+06	-4.65561249e-01	2.12858672e-04
4.65000000e-01	5.38489558e+06	-4.63560988e-01	2.12858399e-04
4.66000000e-01	5.38489558e+06	-4.61573607e-01	2.12858127e-04
4.67000000e-01	5.38489558e+06	-4.59598962e-01	2.12857856e-04
4.68000000e-01	5.38489558e+06	-4.57636961e-01	2.12857587e-04
4.69000000e-01	5.38489558e+06	-4.55687504e-01	2.12857319e-04
4.70000000e-01	5.38489558e+06	-4.53750480e-01	2.12857051e-04
4.71000000e-01	5.38489558e+06	-4.51825768e-01	2.12856785e-04
4.72000000e-01	5.38489558e+06	-4.49913282e-01	2.12856521e-04
4.73000000e-01	5.38489558e+06	-4.48012914e-01	2.12856257e-04
4.74000000e-01	5.38489558e+06	-4.46124562e-01	2.12855994e-04
4.75000000e-01	5.38489558e+06	-4.44248120e-01	2.12855733e-04
4.76000000e-01	5.38489558e+06	-4.42383480e-01	2.12855472e-04
4.77000000e-01	5.38489557e+06	-4.40530591e-01	2.12855213e-04
4.78000000e-01	5.38489557e+06	-4.38689291e-01	2.12854955e-04
4.79000000e-01	5.38489557e+06	-4.36859514e-01	2.12854698e-04
4.80000000e-01	5.38489557e+06	-4.35041169e-01	2.12854441e-04
4.81000000e-01	5.38489557e+06	-4.33234150e-01	2.12854186e-04
4.82000000e-01	5.38489557e+06	-4.31438370e-01	2.12853932e-04
4.83000000e-01	5.38489557e+06	-4.29653729e-01	2.12853679e-04
4.84000000e-01	5.38489557e+06	-4.27880145e-01	2.12853428e-04
4.85000000e-01	5.38489557e+06	-4.26117504e-01	2.12853177e-04
4.86000000e-01	5.38489557e+06	-4.24365731e-01	2.12852927e-04
4.87000000e-01	5.38489557e+06	-4.22624735e-01	2.12852678e-04
4.88000000e-01	5.38489557e+06	-4.20894454e-01	2.12852430e-04
4.89000000e-01	5.38489557e+06	-4.19174775e-01	2.12852184e-04
4.90000000e-01	5.38489557e+06	-4.17465606e-01	2.12851938e-04
4.91000000e-01	5.38489557e+06	-4.15766866e-01	2.12851693e-04
4.92000000e-01	5.38489557e+06	-4.14078480e-01	2.12851449e-04
4.93000000e-01	5.38489557e+06	-4.12400363e-01	2.12851207e-04
4.94000000e-01	5.38489557e+06	-4.10732404e-01	2.12850965e-04
4.95000000e-01	5.38489557e+06	-4.09074570e-01	2.12850724e-04
4.96000000e-01	5.38489557e+06	-4.07426740e-01	2.12850484e-04
4.97000000e-01	5.38489557e+06	-4.05788832e-01	2.12850245e-04
4.98000000e-01	5.38489557e+06	-4.04160808e-01	2.12850008e-04
4.99000000e-01	5.38489557e+06	-4.02542550e-01	2.12849771e-04
5.00000000e-01	5.38489557e+06	-4.00933992e-01	2.12849535e-04
5.01000000e-01	5.38489556e+06	-3.99335055e-01	2.12849300e-04
5.02000000e-01	5.38489556e+06	-3.97745663e-01	2.12849065e-04
5.03000000e-01	5.38489556e+06	-3.96165750e-01	2.12848832e-04
5.04000000e-01	5.38489556e+06	-3.94595222e-01	2.12848600e-04
5.05000000e-01	5.38489556e+06	-3.93034012e-01	2.12848369e-04
5.06000000e-01	5.38489556e+06	-3.91482058e-01	2.12848138e-04
5.07000000e-01	5.38489556e+06	-3.89939263e-01	2.12847909e-04
5.08000000e-01	5.38489556e+06	-3.88405589e-01	2.12847680e-04
5.09000000e-01	5.38489556e+06	-3.86880937e-01	2.12847452e-04
5.10000000e-01	5.38489556e+06	-3.85365252e-01	2.12847226e-04
5.11000000e-01	5.38489556e+06	-3.83858459e-01	2.12847000e-04
5.12000000e-01	5.38489556e+06	-3.82360477e-01	2.12846775e-04
5.13000000e-01	5.38489556e+06	-3.80871231e-01	2.12846550e-04
5.14000000e-01	5.38489556e+06	-3.79390706e-01	2.12846327e-04
5.15000000e-01	5.38489556e+06	-3.77918769e-01	2.12846105e-04
5.16000000e-01	5.38489556e+06	-3.76455378e-01	2.12845883e-04
5.17000000e-01	5.38489556e+06	-3.75000483e-01	2.12845662e-04
5.18000000e-01	5.38489556e+06	-3.73554013e-01	2.12845443e-04
5.19000000e-01	5.38489556e+06	-3.72115873e-01	2.12845224e-04
5.20000000e-01	5.38489556e+06	-3.70686047e-01	2.12845005e-04
5.21000000e-01	5.38489556e+06	-3.69264443e-01	2.12844788e-04
5.22000000e-01	5.38489556e+06	-3.67850992e-01	2.12844572e-04
5.23000000e-01	5.38489556e+06	-3.66445639e-01	2.12844356e-04
5.24000000e-01	5.38489556e+06	-3.65048334e-01	2.12844141e-04
5.25000000e-01	5.38489556e+06	-3.63658992e-01	2.12843927e-04
5.26000000e-01	5.38489556e+06	-3.62277579e-01	2.12843714e-04
5.27000000e-01	5.38489556e+06	-3.60904008e-01	2.12843501e-04
5.28000000e-01	5.38489555e+06	-3.59538250e-01	2.12843290e-04
5.29000000e-01	5.38489555e+06	-3.58180222e-01	2.12843079e-04
5.30000000e-01	5.38489555e+06	-3.56829871e-01	2.12842869e-04
5.31000000e-01	5.38489555e+06	-3.55487144e-01	2.12842660e-04
5.32000000e-01	5.38489555e+06	-3.54151989e-01	2.12842451e-04
5.33000000e-01	5.38489555e+06	-3.52824344e-01	2.12842244e-04
5.34000000e-01	5.38489555e+06	-3.51504131e-01	2.12842037e-04
5.35000000e-01	5.38489555e+06	-3.50191346e-01	2.12841831e-04
5.36000000e-01	5.38489555e+06	-3.48885867e-01	2.12841625e-04
5.37000000e-01	5.38489555e+06	-3.47587690e-01	2.12841421e-04
5.38000000e-01	5.38489555e+06	-3.46296747e-01	2.12841217e-04
5.39000000e-01	5.38489555e+06	-3.45012975e-01	2.12841014e-04
5.40000000e-01	5.38489555e+06	-3.43736341e-01	2.12840812e-04
5.41000000e-01	5.38489555e+06	-3.42466765e-01	2.12840610e-04
5.42000000e-01	5.38489555e+06	-3.41204218e-01	2.12840409e-04
5.43000000e-01	5.38489555e+06	-3.39948643e-01	2.12840209e-04
5.44000000e-01	5.38489555e+06	-3.38699981e-01	2.12840010e-04
5.45000000e-01	5.38489555e+06	-3.37458197e-01	2.12839811e-04
5.46000000e-01	5.38489555e+06	-3.36223207e-01	2.12839614e-04
5.47000000e-01	5.38489555e+06	-3.34995004e-01	2.12839416e-04
5.48000000e-01	5.38489555e+06	-3.33773510e-01	2.12839220e-04
5.49000000e-01	5.38489555e+06	-3.32558698e-01	2.12839024e-04
5.50000000e-01	5.38489555e+06	-3.31350475e-01	2.12838829e-04
5.51000000e-01	5.38489555e+06	-3.30148859e-01	2.12838635e-04
5.52000000e-01	5.38489555e+06	-3.28953749e-01	2.12838442e-04
5.53000000e-01	5.38489555e+06	-3.27765111e-01	2.12838249e-04
5.54000000e-01	5.38489555e+06	-3.26582912e-01	2.12838056e-04
5.55000000e-01	5.38489555e+06	-3.25407102e-01	2.12837865e-04
5.56000000e-01	5.38489555e+06	-3.24237630e-01	2.12837674e-04
5.57000000e-01	5.38489554e+06	-3.23074451e-01	2.12837484e-04
5.58000000e-01	5.38489554e+06	-3.21917513e-01	2.12837295e-04
5.59000000e-01	5.38489554e+06	-3.20766778e-01	2.12837106e-04
5.60000000e-01	5.38489554e+06	-3.19622216e-01	2.12836918e-04
5.61000000e-01	5.38489554e+06	-3.18483753e-01	2.12836730e-04
5.62000000e-01	5.38489554e+06	-3.17351368e-01	2.12836544e-04
5.63000000e-01	5.38489554e+06	-3.16225014e-01	2.12836358e-04
5.64000000e-01	5.38489554e+06	-3.15104640e-01	2.12836172e-04
5.65000000e-01	5.38489554e+06	-3.13990227e-01	2.12835987e-04
5.66000000e-01	5.38489554e+06	-3.12881699e-01	2.12835803e-04
5.67000000e-01	5.38489554e+06	-3.11779020e-01	2.12835620e-04
5.68000000e-01	5.38489554e+06	-3.10682188e-01	2.12835437e-04
5.69000000e-01	5.38489554e+06	-3.09591120e-01	2.12835255e-04
5.70000000e-01	5.38489554e+06	-3.08505786e-01	2.12835073e-04
5.71000000e-01	5.38489554e+06	-3.07426154e-01	2.12834893e-04
5.72000000e-01	5.38489554e+06	-3.06352171e-01	2.12834712e-04
5.73000000e-01	5.38489554e+06	-3.05283811e-01	2.12834533e-04
5.74000000e-01	5.38489554e+06	-3.04221048e-01	2.12834354e-04
5.75000000e-01	5.38489554e+06	-3.03163803e-01	2.12834175e-04
5.76000000e-01	5.38489554e+06	-3.02112066e-01	2.12833997e-04
5.77000000e-01	5.38489554e+06	-3.01065788e-01	2.12833820e-04
5.78000000e-01	5.38489554e+06	-3.00024950e-01	2.12833644e-04
5.79000000e-01	5.38489554e+06	-2.98989484e-01	2.12833468e-04
5.80000000e-01	5.38489554e+06	-2.97959368e-01	2.12833293e-04
5.81000000e-01	5.38489554e+06	-2.96934583e-01	2.12833118e-04
5.82000000e-01	5.38489554e+06	-2.95915064e-01	2.12832944e-04
5.83000000e-01	5.38489554e+06	-2.94900788e-01	2.12832770e-04
5.84000000e-01	5.38489554e+06	-2.93891719e-01	2.12832597e-04
5.85000000e-01	5.38489554e+06	-2.92887822e-01	2.12832425e-04
5.86000000e-01	5.38489554e+06	-2.91889051e-01	2.12832253e-04
5.87000000e-01	5.38489554e+06	-2.90895395e-01	2.12832082e-04
5.88000000e-01	5.38489554e+06	-2.89906791e-01	2.12831912e-04
5.89000000e-01	5.38489554e+06	-2.88923229e-01	2.12831742e-04
5.90000000e-01	5.38489553e+06	-2.87944669e-01	2.12831572e-04
5.91000000e-01	5.38489553e+06	-2.86971057e-01	2.12831403e-04
5.92000000e-01	5.38489553e+06	-2.86002382e-01	2.12831235e-04
5.93000000e-01	5.38489553e+06	-2.85038604e-01	2.12831067e-04
5.94000000e-01	5.38489553e+06	-2.84079686e-01	2.12830900e-04
5.95000000e-01	5.38489553e+06	-2.83125594e-01	2.12830734e-04
5.96000000e-01	5.38489553e+06	-2.82176322e-01	2.12830568e-04
5.97000000e-01	5.38489553e+06	-2.81231790e-01	2.12830402e-04
5.98000000e-01	5.38489553e+06	-2.80292002e-01	2.12830237e-04
5.99000000e-01	5.38489553e+06	-2.79356913e-01	2.12830073e-04
6.00000000e-01	5.38489553e+06	-2.78426501e-01	2.12829909e-04
6.01000000e-01	5.38489553e+06	-2.77500732e-01	2.12829746e-04
6.02000000e-01	5.38489553e+06	-2.76579575e-01	2.12829583e-04
6.03000000e-01	5.38489553e+06	-2.75662984e-01	2.12829421e-04
6.04000000e-01	5.38489553e+06	-2.74750952e-01	2.12829259e-04
6.05000000e-01	5.38489553e+06	-2.73843435e-01	2.12829098e-04
6.06000000e-01	5.38489553e+06	-2.72940402e-01	2.12828938e-04
6.07000000e-01	5.38489553e+06	-2.72041830e-01	2.12828778e-04
6.08000000e-01	5.38489553e+06	-2.71147704e-01	2.12828618e-04
6.09000000e-01	5.38489553e+06	-2.70257965e-01	2.12828459e-04
6.10000000e-01	5.38489553e+06	-2.69372599e-01	2.12828301e-04
6.11000000e-01	5.38489553e+06	-2.68491581e-01	2.12828143e-04
6.12000000e-01	5.38489553e+06	-2.67614867e-01	2.12827985e-04
6.13000000e-01	5.38489553e+06	-2.66742457e-01	2.12827828e-04
6.14000000e-01	5.38489553e+06	-2.65874290e-01	2.12827672e-04
6.15000000e-01	5.38489553e+06	-2.65010367e-01	2.12827516e-04
6.16000000e-01	5.38489553e+06	-2.64150647e-01	2.12827361e-04
6.17000000e-01	5.38489553e+06	-2.63295097e-01	2.12827206e-04
6.18000000e-01	5.38489553e+06	-2.62443696e-01	2.12827051e-04
6.19000000e-01	5.38489553e+06	-2.61596421e-01	2.12826897e-04
6.20000000e-01	5.38489553e+06	-2.60753250e-01	2.12826744e-04
6.21000000e-01	5.38489553e+06	-2.59914141e-01	2.12826591e-04
6.22000000e-01	5.38489553e+06	-2.59079074e-01	2.12826439e-04
6.23000000e-01	5.38489553e+06	-2.58248025e-01	2.12826287e-04
6.24000000e-01	5.38489553e+06	-2.57420971e-01	2.12826135e-04
6.25000000e-01	5.38489553e+06	-2.56597889e-01	2.12825984e-04
6.26000000e-01	5.38489553e+06	-2.55778732e-01	2.12825834e-04
6.27000000e-01	5.38489552e+06	-2.54963505e-01	2.12825684e-04
6.28000000e-01	5.38489552e+06	-2.54152172e-01	2.12825534e-04
6.29000000e-01	5.38489552e+06	-2.53344695e-01	2.12825385e-04
6.30000000e-01	5.38489552e+06	-2.52541074e-01	2.12825237e-04
6.31000000e-01	5.38489552e+06	-2.51741257e-01	2.12825089e-04
6.32000000e-01	5.38489552e+06	-2.50945243e-01	2.12824941e-04
6.33000000e-01	5.38489552e+06	-2.50152996e-01	2.12824794e-04
6.34000000e-01	5.38489552e+06	-2.49364481e-01	2.12824647e-04
6.35000000e-01	5.38489552e+06	-2.48579701e-01	2.12824501e-04
6.36000000e-01	5.38489552e+06	-2.47798625e-01	2.12824355e-04
6.37000000e-01	5.38489552e+06	-2.47021214e-01	2.12824210e-04
6.38000000e-01	5.38489552e+06	-2.46247464e-01	2.12824065e-04
6.39000000e-01	5.38489552e+06	-2.45477341e-01	2.12823921e-04
6.40000000e-01	5.38489552e+06	-2.44710825e-01	2.12823777e-04
6.41000000e-01	5.38489552e+06	-2.43947891e-01	2.12823633e-04
6.42000000e-01	5.38489552e+06	-2.43188526e-01	2.12823490e-04
6.43000000e-01	5.38489552e+06	-2.42432695e-01	2.12823348e-04
6.44000000e-01	5.38489552e+06	-2.41680384e-01	2.12823205e-04
6.45000000e-01	5.38489552e+06	-2.40931560e-01	2.12823064e-04
6.46000000e-01	5.38489552e+06	-2.40186225e-01	2.12822922e-04
6.47000000e-01	5.38489552e+06	-2.39444342e-01	2.12822782e-04
6.48000000e-01	5.38489552e+06	-2.38705883e-01	2.12822641e-04
6.49000000e-01	5.38489552e+06	-2.37970838e-01	2.12822501e-04
6.50000000e-01	5.38489552e+06	-2.37239188e-01	2.12822362e-04
6.51000000e-01	5.38489552e+06	-2.36510900e-01	2.12822223e-04
6.52000000e-01	5.38489552e+06	-2.35785964e-01	2.12822084e-04
6.53000000e-01	5.38489552e+06	-2.35064355e-01	2.12821946e-04
6.54000000e-01	5.38489552e+06	-2.34346054e-01	2.12821808e-04
6.55000000e-01	5.38489552e+06	-2.33631046e-01	2.12821670e-04
6.56000000e-01	5.38489552e+06	-2.32919288e-01	2.12821533e-04
6.57000000e-01	5.38489552e+06	-2.32210797e-01	2.12821397e-04
6.58000000e-01	5.38489552e+06	-2.31505525e-01	2.12821261e-04
6.59000000e-01	5.38489552e+06	-2.30803460e-01	2.12821125e-04
6.60000000e-01	5.38489552e+06	-2.30104596e-01	2.12820989e-04
6.61000000e-01	5.38489552e+06	-2.29408886e-01	2.12820854e-04
6.62000000e-01	5.38489552e+06	-2.28716329e-01	2.12820720e-04
6.63000000e-01	5.38489552e+06	-2.28026906e-01	2.12820586e-04
6.64000000e-01	5.38489552e+06	-2.27340595e-01	2.12820452e-04
6.65000000e-01	5.38489552e+06	-2.26657383e-01	2.12820319e-04
6.66000000e-01	5.38489552e+06	-2.25977242e-01	2.12820186e-04
6.67000000e-01	5.38489552e+06	-2.25300159e-01	2.12820053e-04
6.68000000e-01	5.38489552e+06	-2.24626107e-01	2.12819921e-04
6.69000000e-01	5.38489551e+06	-2.23955078e-01	2.12819789e-04
6.70000000e-01	5.38489551e+06	-2.23287067e-01	2.12819658e-04
6.71000000e-01	5.38489551e+06	-2.22622031e-01	2.12819527e-04
6.72000000e-01	5.38489551e+06	-2.21959945e-01	2.12819397e-04
6.73000000e-01	5.38489551e+06	-2.21300825e-01	2.12819267e-04
6.74000000e-01	5.38489551e+06	-2.20644638e-01	2.12819137e-04
6.75000000e-01	5.38489551e+06	-2.19991355e-01	2.12819007e-04
6.76000000e-01	5.38489551e+06	-2.19340984e-01	2.12818878e-04
6.77000000e-01	5.38489551e+06	-2.18693483e-01	2.12818750e-04
6.78000000e-01	5.38489551e+06	-2.18048839e-01	2.12818621e-04
6.79000000e-01	5.38489551e+06	-2.17407055e-01	2.12818494e-04
6.80000000e-01	5.38489551e+06	-2.16768085e-01	2.12818366e-04
6.81000000e-01	5.38489551e+06	-2.16131943e-01	2.12818239e-04
6.82000000e-01	5.38489551e+06	-2.15498586e-01	2.12818112e-04
6.83000000e-01	5.38489551e+06	-2.14868011e-01	2.12817986e-04
6.84000000e-01	5.38489551e+06	-2.14240210e-01	2.12817860e-04
6.85000000e-01	5.38489551e+06	-2.13615147e-01	2.12817734e-04
6.86000000e-01	5.38489551e+06	-2.12992813e-01	2.12817609e-04
6.87000000e-01	5.38489551e+06	-2.12373202e-01	2.12817484e-04
6.88000000e-01	5.38489551e+06	-2.11756287e-01	2.12817359e-04
6.89000000e-01	5.38489551e+06	-2.11142049e-01	2.12817235e-04
6.90000000e-01	5.38489551e+06	-2.10530491e-01	2.12817111e-04
6.91000000e-01	5.38489551e+06	-2.09921576e-01	2.12816988e-04
6.92000000e-01	5.38489551e+06	-2.09315311e-01	2.12816865e-04
6.93000000e-01	5.38489551e+06	-2.08711665e-01	2.12816742e-04
6.94000000e-01	5.38489551e+06	-2.08110623e-01	2.12816620e-04
6.95000000e-01	5.38489551e+06	-2.07512179e-01	2.12816498e-04
6.96000000e-01	5.38489551e+06	-2.06916308e-01	2.12816376e-04
6.97000000e-01	5.38489551e+06	-2.06322996e-01	2.12816255e-04
6.98000000e-01	5.38489551e+06	-2.05732241e-01	2.12816134e-04
6.99000000e-01	5.38489551e+06	-2.05144011e-01	2.12816013e-04
7.00000000e-01	5.38489551e+06	-2.04558308e-01	2.12815893e-04
7.01000000e-01	5.38489551e+06	-2.03975109e-01	2.12815773e-04
7.02000000e-01	5.38489551e+06	-2.03394387e-01	2.12815653e-04
7.03000000e-01	5.38489551e+06	-2.02816150e-01	2.12815534e-04
7.04000000e-01	5.38489551e+06	-2.02240382e-01	2.12815415e-04
7.05000000e-01	5.38489551e+06	-2.01667061e-01	2.12815296e-04
7.06000000e-01	5.38489551e+06	-2.01096170e-01	2.12815178e-04
7.07000000e-01	5.38489551e+06	-2.00527704e-01	2.12815060e-04
7.08000000e-01	5.38489551e+06	-1.99961638e-01	2.12814943e-04
7.09000000e-01	5.38489551e+06	-1.99397979e-01	2.12814825e-04
7.10000000e-01	5.38489551e+06	-1.98836682e-01	2.12814708e-04
7.11000000e-01	5.38489551e+06	-1.98277762e-01	2.12814592e-04
7.12000000e-01	5.38489551e+06	-1.97721192e-01	2.12814475e-04
7.13000000e-01	5.38489551e+06	-1.97166966e-01	2.12814359e-04
7.14000000e-01	5.38489551e+06	-1.96615058e-01	2.12814244e-04
7.15000000e-01	5.38489551e+06	-1.96065482e-01	2.12814129e-04
7.16000000e-01	5.38489551e+06	-1.95518193e-01	2.12814014e-04
7.17000000e-01	5.38489550e+06	-1.94973191e-01	2.12813899e-04
7.18000000e-01	5.38489550e+06	-1.94430470e-01	2.12813785e-04
7.19000000e-01	5.38489550e+06	-1.93890007e-01	2.12813671e-04
7.20000000e-01	5.38489550e+06	-1.93351796e-01	2.12813557e-04
7.21000000e-01	5.38489550e+06	-1.92815832e-01	2.12813443e-04
7.22000000e-01	5.38489550e+06	-1.92282090e-01	2.12813330e-04
7.23000000e-01	5.38489550e+06	-1.91750546e-01	2.12813218e-04
7.24000000e-01	5.38489550e+06	-1.91221225e-01	2.12813105e-04
7.25000000e-01	5.38489550e+06	-1.90694075e-01	2.12812993e-04
7.26000000e-01	5.38489550e+06	-1.90169113e-01	2.12812881e-04
7.27000000e-01	5.38489550e+06	-1.89646310e-01	2.12812770e-04
7.28000000e-01	5.38489550e+06	-1.89125667e-01	2.12812658e-04
7.29000000e-01	5.38489550e+06	-1.88607153e-01	2.12812547e-04
7.30000000e-01	5.38489550e+06	-1.88090781e-01	2.12812437e-04
7.31000000e-01	5.38489550e+06	-1.87576517e-01	2.12812327e-04
7.32000000e-01	5.38489550e+06	-1.87064366e-01	2.12812217e-04
7.33000000e-01	5.38489550e+06	-1.86554314e-01	2.12812107e-04
7.34000000e-01	5.38489550e+06	-1.86046332e-01	2.12811997e-04
7.35000000e-01	5.38489550e+06	-1.85540423e-01	2.12811888e-04
7.36000000e-01	5.38489550e+06	-1.85036577e-01	2.12811780e-04
7.37000000e-01	5.38489550e+06	-1.84534790e-01	2.12811671e-04
7.38000000e-01	5.38489550e+06	-1.84035030e-01	2.12811563e-04
7.39000000e-01	5.38489550e+06	-1.83537305e-01	2.12811455e-04
7.40000000e-01	5.38489550e+06	-1.83041597e-01	2.12811347e-04
7.41000000e-01	5.38489550e+06	-1.82547890e-01	2.12811240e-04
7.42000000e-01	5.38489550e+06	-1.82056183e-01	2.12811133e-04
7.43000000e-01	5.38489550e+06	-1.81566450e-01	2.12811026e-04
7.44000000e-01	5.38489550e+06	-1.81078699e-01	2.12810920e-04
7.45000000e-01	5.38489550e+06	-1.80592914e-01	2.12810813e-04
7.46000000e-01	5.38489550e+06	-1.80109073e-01	2.12810707e-04
7.47000000e-01	5.38489550e+06	-1.79627176e-01	2.12810602e-04
7.48000000e-01	5.38489550e+06	-1.79147207e-01	2.12810496e-04
7.49000000e-01	5.38489550e+06	-1.78669168e-01	2.12810391e-04
7.50000000e-01	5.38489550e+06	-1.78193032e-01	2.12810287e-04
7.51000000e-01	5.38489550e+06	-1.77718798e-01	2.12810182e-04
7.52000000e-01	5.38489550e+06	-1.77246457e-01	2.12810078e-04
7.53000000e-01	5.38489550e+06	-1.76775997e-01	2.12809974e-04
7.54000000e-01	5.38489550e+06	-1.76307404e-01	2.12809870e-04
7.55000000e-01	5.38489550e+06	-1.75840673e-01	2.12809767e-04
7.56000000e-01	5.38489550e+06	-1.75375799e-01	2.12809664e-04
7.57000000e-01	5.38489550e+06	-1.74912756e-01	2.12809561e-04
7.58000000e-01	5.38489550e+06	-1.74451546e-01	2.12809458e-04
7.59000000e-01	5.38489550e+06	-1.73992173e-01	2.12809356e-04
7.60000000e-01	5.38489550e+06	-1.73534595e-01	2.12809254e-04
7.61000000e-01	5.38489550e+06	-1.73078821e-01	2.12809152e-04
7.62000000e-01	5.38489550e+06	-1.72624851e-01	2.12809051e-04
7.63000000e-01	5.38489550e+06	-1.72172656e-01	2.12808949e-04
7.64000000e-01	5.38489550e+06	-1.71722232e-01	2.12808848e-04
7.65000000e-01	5.38489550e+06	-1.71273577e-01	2.12808748e-04
7.66000000e-01	5.38489550e+06	-1.70826687e-01	2.12808647e-04
7.67000000e-01	5.38489550e+06	-1.70381536e-01	2.12808547e-04
7.68000000e-01	5.38489550e+06	-1.69938120e-01	2.12808447e-04
7.69000000e-01	5.38489550e+06	-1.69496443e-01	2.12808347e-04
7.70000000e-01	5.38489550e+06	-1.69056471e-01	2.12808248e-04
7.71000000e-01	5.38489550e+06	-1.68618220e-01	2.12808149e-04
7.72000000e-01	5.38489549e+06	-1.68181673e-01	2.12808050e-04
7.73000000e-01	5.38489549e+06	-1.67746808e-01	2.12807951e-04
7.74000000e-01	5.38489549e+06	-1.67313632e-01	2.12807853e-04
7.75000000e-01	5.38489549e+06	-1.66882141e-01	2.12807755e-04
7.76000000e-01	5.38489549e+06	-1.66452304e-01	2.12807657e-04
7.77000000e-01	5.38489549e+06	-1.66024134e-01	2.12807559e-04
7.78000000e-01	5.38489549e+06	-1.65597617e-01	2.12807462e-04
7.79000000e-01	5.38489549e+06	-1.65172732e-01	2.12807365e-04
7.80000000e-01	5.38489549e+06	-1.64749481e-01	2.12807268e-04
7.81000000e-01	5.38489549e+06	-1.64327863e-01	2.12807171e-04
7.82000000e-01	5.38489549e+06	-1.63907850e-01	2.12807075e-04
7.83000000e-01	5.38489549e+06	-1.63489454e-01	2.12806979e-04
7.84000000e-01	5.38489549e+06	-1.63072661e-01	2.12806883e-04
7.85000000e-01	5.38489549e+06	-1.62657451e-01	2.12806787e-04
7.86000000e-01	5.38489549e+06	-1.62243824e-01	2.12806692e-04
7.87000000e-01	5.38489549e+06	-1.61831779e-01	2.12806597e-04
7.88000000e-01	5.38489549e+06	-1.61421301e-01	2.12806502e-04
7.89000000e-01	5.38489549e+06	-1.61012380e-01	2.12806407e-04
7.90000000e-01	5.38489549e+06	-1.60605010e-01	2.12806313e-04
7.91000000e-01	5.38489549e+06	-1.60199179e-01	2.12806219e-04
7.92000000e-01	5.38489549e+06	-1.59794894e-01	2.12806125e-04
7.93000000e-01	5.38489549e+06	-1.59392144e-01	2.12806031e-04
7.94000000e-01	5.38489549e+06	-1.58990895e-01	2.12805937e-04
7.95000000e-01	5.38489549e+06	-1.58591176e-01	2.12805844e-04
7.96000000e-01	5.38489549e+06	-1.58192960e-01	2.12805751e-04
7.97000000e-01	5.38489549e+06	-1.57796238e-01	2.12805658e-04
7.98000000e-01	5.38489549e+06	-1.57401004e-01	2.12805566e-04
7.99000000e-01	5.38489549e+06	-1.57007254e-01	2.12805474e-04
8.00000000e-01	5.38489549e+06	-1.56614983e-01	2.12805381e-04
8.01000000e-01	5.38489549e+06	-1.56224178e-01	2.12805290e-04
8.02000000e-01	5.38489549e+06	-1.55834835e-01	2.12805198e-04
8.03000000e-01	5.38489549e+06	-1.55446945e-01	2.12805107e-04
8.04000000e-01	5.38489549e+06	-1.55060500e-01	2.12805015e-04
8.05000000e-01	5.38489549e+06	-1.54675503e-01	2.12804924e-04
8.06000000e-01	5.38489549e+06	-1.54291923e-01	2.12804834e-04
8.07000000e-01	5.38489549e+06	-1.53909780e-01	2.12804743e-04
8.08000000e-01	5.38489549e+06	-1.53529054e-01	2.12804653e-04
8.09000000e-01	5.38489549e+06	-1.53149731e-01	2.12804563e-04
8.10000000e-01	5.38489549e+06	-1.52771818e-01	2.12804473e-04
8.11000000e-01	5.38489549e+06	-1.52395307e-01	2.12804384e-04
8.12000000e-01	5.38489549e+06	-1.52020176e-01	2.12804294e-04
8.13000000e-01	5.38489549e+06	-1.51646429e-01	2.12804205e-04
8.14000000e-01	5.38489549e+06	-1.51274060e-01	2.12804116e-04
8.15000000e-01	5.38489549e+06	-1.50903066e-01	2.12804027e-04
8.16000000e-01	5.38489549e+06	-1.50533437e-01	2.12803939e-04
8.17000000e-01	5.38489549e+06	-1.50165155e-01	2.12803851e-04
8.18000000e-01	5.38489549e+06	-1.49798232e-01	2.12803762e-04
8.19000000e-01	5.38489549e+06	-1.49432648e-01	2.12803675e-04
8.20000000e-01	5.38489549e+06	-1.49068400e-01	2.12803587e-04
8.21000000e-01	5.38489549e+06	-1.48705478e-01	2.12803499e-04
8.22000000e-01	5.38489549e+06	-1.48343884e-01	2.12803412e-04
8.23000000e-01	5.38489549e+06	-1.47983615e-01	2.12803325e-04
8.24000000e-01	5.38489549e+06	-1.47624648e-01	2.12803238e-04
8.25000000e-01	5.38489549e+06	-1.47266985e-01	2.12803152e-04
8.26000000e-01	5.38489549e+06	-1.46910625e-01	2.12803066e-04
8.27000000e-01	5.38489549e+06	-1.46555550e-01	2.12802979e-04
8.28000000e-01	5.38489549e+06	-1.46201765e-01	2.12802893e-04
8.29000000e-01	5.38489549e+06	-1.45849256e-01	2.12802808e-04
8.30000000e-01	5.38489549e+06	-1.45498030e-01	2.12802722e-04
8.31000000e-01	5.38489549e+06	-1.45148068e-01	2.12802637e-04
8.32000000e-01	5.38489549e+06	-1.44799364e-01	2.12802552e-04
8.33000000e-01	5.38489549e+06	-1.44451914e-01	2.12802467e-04
8.34000000e-01	5.38489549e+06	-1.44105711e-01	2.12802382e-04
8.35000000e-01	5.38489549e+06	-1.43760758e-01	2.12802297e-04
8.36000000e-01	5.38489548e+06	-1.43417039e-01	2.12802213e-04
8.37000000e-01	5.38489548e+06	-1.43074547e-01	2.12802129e-04
8.38000000e-01	5.38489548e+06	-1.42733289e-01	2.12802045e-04
8.39000000e-01	5.38489548e+06	-1.42393242e-01	2.12801961e-04
8.40000000e-01	5.38489548e+06	-1.42054413e-01	2.12801878e-04
8.41000000e-01	5.38489548e+06	-1.41716788e-01	2.12801795e-04
8.42000000e-01	5.38489548e+06	-1.41380369e-01	2.12801711e-04
8.43000000e-01	5.38489548e+06	-1.41045151e-01	2.12801629e-04
8.44000000e-01	5.38489548e+06	-1.40711117e-01	2.12801546e-04
8.45000000e-01	5.38489548e+06	-1.40378271e-01	2.12801463e-04
8.46000000e-01	5.38489548e+06	-1.40046606e-01	2.12801381e-04
8.47000000e-01	5.38489548e+06	-1.39716109e-01	2.12801299e-04
8.48000000e-01	5.38489548e+06	-1.39386787e-01	2.12801217e-04
8.49000000e-01	5.38489548e+06	-1.39058623e-01	2.12801135e-04
8.50000000e-01	5.38489548e+06	-1.38731619e-01	2.12801054e-04
8.51000000e-01	5.38489548e+06	-1.38405768e-01	2.12800972e-04
8.52000000e-01	5.38489548e+06	-1.38081060e-01	2.12800891e-04
8.53000000e-01	5.38489548e+06	-1.37757498e-01	2.12800810e-04
8.54000000e-01	5.38489548e+06	-1.37435069e-01	2.12800729e-04
8.55000000e-01	5.38489548e+06	-1.37113780e-01	2.12800649e-04
8.56000000e-01	5.38489548e+06	-1.36793605e-01	2.12800568e-04
8.57000000e-01	5.38489548e+06	-1.36474553e-01	2.12800488e-04
8.58000000e-01	5.38489548e+06	-1.36156610e-01	2.12800408e-04
8.59000000e-01	5.38489548e+06	-1.35839785e-01	2.12800328e-04
8.60000000e-01	5.38489548e+06	-1.35524060e-01	2.12800248e-04
8.61000000e-01	5.38489548e+06	-1.35209435e-01	2.12800169e-04
8.62000000e-01	5.38489548e+06	-1.34895911e-01	2.12800090e-04
8.63000000e-01	5.38489548e+06	-1.34583473e-01	2.12800010e-04
8.64000000e-01	5.38489548e+06	-1.34272115e-01	2.12799932e-04
8.65000000e-01	5.38489548e+06	-1.33961841e-01	2.12799853e-04
8.66000000e-01	5.38489548e+06	-1.33652641e-01	2.12799774e-04
8.67000000e-01	5.38489548e+06	-1.33344504e-01	2.12799696e-04
8.68000000e-01	5.38489548e+06	-1.33037442e-01	2.12799618e-04
8.69000000e-01	5.38489548e+06	-1.32731426e-01	2.12799540e-04
8.70000000e-01	5.38489548e+06	-1.32426473e-01	2.12799462e-04
8.71000000e-01	5.38489548e+06	-1.32122567e-01	2.12799384e-04
8.72000000e-01	5.38489548e+06	-1.31819713e-01	2.12799307e-04
8.73000000e-01	5.38489548e+06	-1.31517888e-01	2.12799229e-04
8.74000000e-01	5.38489548e+06	-1.31217110e-01	2.12799152e-04
8.75000000e-01	5.38489548e+06	-1.30917356e-01	2.12799075e-04
8.76000000e-01	5.38489548e+06	-1.30618629e-01	2.12798998e-04
8.77000000e-01	5.38489548e+06	-1.30320922e-01	2.12798922e-04
8.78000000e-01	5.38489548e+06	-1.30024234e-01	2.12798845e-04
8.79000000e-01	5.38489548e+06	-1.29728552e-01	2.12798769e-04
8.80000000e-01	5.38489548e+06	-1.29433885e-01	2.12798693e-04
8.81000000e-01	5.38489548e+06	-1.29140220e-01	2.12798617e-04
8.82000000e-01	5.38489548e+06	-1.28847551e-01	2.12798541e-04
8.83000000e-01	5.38489548e+06	-1.28555873e-01	2.12798466e-04
8.84000000e-01	5.38489548e+06	-1.28265183e-01	2.12798390e-04
8.85000000e-01	5.38489548e+06	-1.27975487e-01	2.12798315e-04
8.86000000e-01	5.38489548e+06	-1.27686759e-01	2.12798240e-04
8.87000000e-01	5.38489548e+06	-1.27399019e-01	2.12798165e-04
8.88000000e-01	5.38489548e+06	-1.27112244e-01	2.12798090e-04
8.89000000e-01	5.38489548e+06	-1.26826443e-01	2.12798016e-04
8.90000000e-01	5.38489548e+06	-1.26541601e-01	2.12797941e-04
8.91000000e-01	5.38489548e+06	-1.26257717e-01	2.12797867e-04
8.92000000e-01	5.38489548e+06	-1.25974790e-01	2.12797793e-04
8.93000000e-01	5.38489548e+06	-1.25692807e-01	2.12797719e-04
8.94000000e-01	5.38489548e+06	-1.25411771e-01	2.12797646e-04
8.95000000e-01	5.38489548e+06	-1.25131680e-01	2.12797572e-04
8.96000000e-01	5.38489548e+06	-1.24852514e-01	2.12797499e-04
8.97000000e-01	5.38489548e+06	-1.24574289e-01	2.12797425e-04
8.98000000e-01	5.38489548e+06	-1.24297008e-01	2.12797352e-04
8.99000000e-01	5.38489548e+06	-1.24020642e-01	2.12797279e-04
9.00000000e-01	5.38489548e+06	-1.23745185e-01	2.12797207e-04
9.01000000e-01	5.38489548e+06	-1.23470659e-01	2.12797134e-04
9.02000000e-01	5.38489548e+06	-1.23197033e-01	2.12797062e-04
9.03000000e-01	5.38489548e+06	-1.22924327e-01	2.12796989e-04
9.04000000e-01	5.38489548e+06	-1.22652522e-01	2.12796917e-04
9.05000000e-01	5.38489548e+06	-1.22381615e-01	2.12796845e-04
9.06000000e-01	5.38489548e+06	-1.22111610e-01	2.12796774e-04
9.07000000e-01	5.38489548e+06	-1.21842492e-01	2.12796702e-04
9.08000000e-01	5.38489548e+06	-1.21574261e-01	2.12796630e-04
9.09000000e-01	5.38489548e+06	-1.21306917e-01	2.12796559e-04
9.10000000e-01	5.38489548e+06	-1.21040456e-01	2.12796488e-04
9.11000000e-01	5.38489548e+06	-1.20774868e-01	2.12796417e-04
9.12000000e-01	5.38489547e+06	-1.20510162e-01	2.12796346e-04
9.13000000e-01	5.38489547e+06	-1.20246320e-01	2.12796275e-04
9.14000000e-01	5.38489547e+06	-1.19983341e-01	2.12796205e-04
9.15000000e-01	5.38489547e+06	-1.19721226e-01	2.12796135e-04
9.16000000e-01	5.38489547e+06	-1.19459970e-01	2.12796064e-04
9.17000000e-01	5.38489547e+06	-1.19199566e-01	2.12795994e-04
9.18000000e-01	5.38489547e+06	-1.18940018e-01	2.12795924e-04
9.19000000e-01	5.38489547e+06	-1.18681305e-01	2.12795855e-04
9.20000000e-01	5.38489547e+06	-1.18423443e-01	2.12795785e-04
9.21000000e-01	5.38489547e+06	-1.18166424e-01	2.12795716e-04
9.22000000e-01	5.38489547e+06	-1.17910235e-01	2.12795646e-04
9.23000000e-01	5.38489547e+06	-1.17654878e-01	2.12795577e-04
9.24000000e-01	5.38489547e+06	-1.17400349e-01	2.12795508e-04
9.25000000e-01	5.38489547e+06	-1.17146649e-01	2.12795439e-04
9.26000000e-01	5.38489547e+06	-1.16893774e-01	2.12795370e-04
9.27000000e-01	5.38489547e+06	-1.16641714e-01	2.12795302e-04
9.28000000e-01	5.38489547e+06	-1.16390465e-01	2.12795233e-04
9.29000000e-01	5.38489547e+06	-1.16140031e-01	2.12795165e-04
9.30000000e-01	5.38489547e+06	-1.15890389e-01	2.12795097e-04
9.31000000e-01	5.38489547e+06	-1.15641574e-01	2.12795029e-04
9.32000000e-01	5.38489547e+06	-1.15393548e-01	2.12794961e-04
9.33000000e-01	5.38489547e+06	-1.15146318e-01	2.12794894e-04
9.34000000e-01	5.38489547e+06	-1.14899886e-01	2.12794826e-04
9.35000000e-01	5.38489547e+06	-1.14654240e-01	2.12794759e-04
9.36000000e-01	5.38489547e+06	-1.14409382e-01	2.12794691e-04
9.37000000e-01	5.38489547e+06	-1.14165314e-01	2.12794624e-04
9.38000000e-01	5.38489547e+06	-1.13922019e-01	2.12794557e-04
9.39000000e-01	5.38489547e+06	-1.13679507e-01	2.12794490e-04
9.40000000e-01	5.38489547e+06	-1.13437766e-01	2.12794424e-04
9.41000000e-01	5.38489547e+06	-1.13196783e-01	2.12794357e-04
9.42000000e-01	5.38489547e+06	-1.12956587e-01	2.12794291e-04
9.43000000e-01	5.38489547e+06	-1.12717149e-01	2.12794225e-04
9.44000000e-01	5.38489547e+06	-1.12478461e-01	2.12794159e-04
9.45000000e-01	5.38489547e+06	-1.12240540e-01	2.12794093e-04
9.46000000e-01	5.38489547e+06	-1.12003366e-01	2.12794027e-04
9.47000000e-01	5.38489547e+06	-1.11766945e-01	2.12793961e-04
9.48000000e-01	5.38489547e+06	-1.11531272e-01	2.12793895e-04
9.49000000e-01	5.38489547e+06	-1.11296353e-01	2.12793830e-04
9.50000000e-01	5.38489547e+06	-1.11062170e-01	2.12793765e-04
9.51000000e-01	5.38489547e+06	-1.10828726e-01	2.12793700e-04
9.52000000e-01	5.38489547e+06	-1.10596004e-01	2.12793635e-04
9.53000000e-01	5.38489547e+06	-1.10364029e-01	2.12793570e-04
9.54000000e-01	5.38489547e+06	-1.10132786e-01	2.12793505e-04
9.55000000e-01	5.38489547e+06	-1.09902257e-01	2.12793440e-04
9.56000000e-01	5.38489547e+06	-1.09672459e-01	2.12793376e-04
9.57000000e-01	5.38489547e+06	-1.09443378e-01	2.12793312e-04
9.58000000e-01	5.38489547e+06	-1.09215012e-01	2.12793247e-04
9.59000000e-01	5.38489547e+06	-1.08987359e-01	2.12793183e-04
9.60000000e-01	5.38489547e+06	-1.08760424e-01	2.12793119e-04
9.61000000e-01	5.38489547e+06	-1.08534200e-01	2.12793056e-04
9.62000000e-01	5.38489547e+06	-1.08308667e-01	2.12792992e-04
9.63000000e-01	5.38489547e+06	-1.08083847e-01	2.12792928e-04
9.64000000e-01	5.38489547e+06	-1.07859715e-01	2.12792865e-04
9.65000000e-01	5.38489547e+06	-1.07636294e-01	2.12792802e-04
9.66000000e-01	5.38489547e+06	-1.07413563e-01	2.12792739e-04
9.67000000e-01	5.38489547e+06	-1.07191521e-01	2.12792676e-04
9.68000000e-01	5.38489547e+06	-1.06970163e-01	2.12792613e-04
9.69000000e-01	5.38489547e+06	-1.06749486e-01	2.12792550e-04
9.70000000e-01	5.38489547e+06	-1.06529500e-01	2.12792487e-04
9.71000000e-01	5.38489547e+06	-1.06310193e-01	2.12792425e-04
9.72000000e-01	5.38489547e+06	-1.06091562e-01	2.12792363e-04
9.73000000e-01	5.38489547e+06	-1.05873601e-01	2.12792300e-04
9.74000000e-01	5.38489547e+06	-1.05656314e-01	2.12792238e-04
9.75000000e-01	5.38489547e+06	-1.05439698e-01	2.12792176e-04
9.76000000e-01	5.38489547e+06	-1.05223736e-01	2.12792114e-04
9.77000000e-01	5.38489547e+06	-1.05008449e-01	2.12792053e-04
9.78000000e-01	5.38489547e+06	-1.04793819e-01	2.12791991e-04
9.79000000e-01	5.38489547e+06	-1.04579840e-01	2.12791930e-04
9.80000000e-01	5.38489547e+06	-1.04366528e-01	2.12791868e-04
9.81000000e-01	5.38489547e+06	-1.04153856e-01	2.12791807e-04
9.82000000e-01	5.38489547e+06	-1.03941831e-01	2.12791746e-04
9.83000000e-01	5.38489547e+06	-1.03730471e-01	2.12791685e-04
9.84000000e-01	5.38489547e+06	-1.03519744e-01	2.12791624e-04
9.85000000e-01	5.38489547e+06	-1.03309656e-01	2.12791563e-04
9.86000000e-01	5.38489547e+06	-1.03100205e-01	2.12791503e-04
9.87000000e-01	5.38489547e+06	-1.02891395e-01	2.12791442e-04
9.88000000e-01	5.38489547e+06	-1.02683224e-01	2.12791382e-04
9.89000000e-01	5.38489547e+06	-1.02475675e-01	2.12791322e-04
9.90000000e-01	5.38489547e+06	-1.02268758e-01	2.12791262e-04
9.91000000e-01	5.38489547e+06	-1.02062472e-01	2.12791202e-04
9.92000000e-01	5.38489547e+06	-1.01856799e-01	2.12791142e-04
9.93000000e-01	5.38489547e+06	-1.01651757e-01	2.12791082e-04
9.94000000e-01	5.38489547e+06	-1.01447325e-01	2.12791022e-04
9.95000000e-01	5.38489547e+06	-1.01243515e-01	2.12790963e-04
9.96000000e-01	5.38489547e+06	-1.01040319e-01	2.12790903e-04
9.97000000e-01	5.38489547e+06	-1.00837729e-01	2.12790844e-04
9.98000000e-01	5.38489547e+06	-1.00635754e-01	2.12790785e-04
9.99000000e-01	5.38489547e+06	-1.00434374e-01	2.12790726e-04
