0.00000000e+00	0.00000000e+00	1.60138561e-06
3.92578125e-04	-7.38413879e-15	-1.60142323e-06
7.85156250e-04	1.47687016e-14	1.60153609e-06
1.17773438e-03	-2.21539645e-14	-1.60172419e-06
1.57031250e-03	2.95402699e-14	1.60198755e-06
1.96289063e-03	-3.69279639e-14	-1.60232618e-06
2.35546875e-03	4.43173932e-14	1.60274008e-06
2.74804688e-03	-5.17089049e-14	-1.60322929e-06
3.14062500e-03	5.91028462e-14	1.60379383e-06
3.53320313e-03	-6.64995644e-14	-1.60443371e-06
3.92578125e-03	7.38994069e-14	1.60514898e-06
4.31835938e-03	-8.13027215e-14	-1.60593966e-06
4.71093750e-03	8.87098560e-14	1.60680579e-06
5.10351563e-03	-9.61211584e-14	-1.60774742e-06
5.49609375e-03	1.03536977e-13	1.60876458e-06
5.88867188e-03	-1.10957660e-13	-1.60985733e-06
6.28125000e-03	1.18383556e-13	1.61102572e-06
6.67382813e-03	-1.25815014e-13	-1.61226979e-06
7.06640625e-03	1.33252383e-13	1.61358962e-06
7.45898438e-03	-1.40696013e-13	-1.61498526e-06
7.85156250e-03	1.48146253e-13	1.61645677e-06
8.24414063e-03	-1.55603453e-13	-1.61800423e-06
8.63671875e-03	1.63067964e-13	1.61962771e-06
9.02929688e-03	-1.70540137e-13	-1.62132729e-06
9.42187500e-03	1.78020322e-13	1.62310304e-06
9.81445313e-03	-1.85508871e-13	-1.62495505e-06
1.02070313e-02	1.93006135e-13	1.62688340e-06
1.05996094e-02	-2.00512468e-13	-1.62888819e-06
1.09921875e-02	2.08028221e-13	1.63096952e-06
1.13847656e-02	-2.15553748e-13	-1.63312747e-06
1.17773438e-02	2.23089403e-13	1.63536215e-06
1.21699219e-02	-2.30635539e-13	-1.63767366e-06
1.25625000e-02	2.38192510e-13	1.64006212e-06
1.29550781e-02	-2.45760673e-13	-1.64252763e-06
1.33476563e-02	2.53340382e-13	1.64507031e-06
1.37402344e-02	-2.60931994e-13	-1.64769029e-06
1.41328125e-02	2.68535865e-13	1.65038768e-06
1.45253906e-02	-2.76152353e-13	-1.65316261e-06
1.49179688e-02	2.83781815e-13	1.65601521e-06
1.53105469e-02	-2.91424610e-13	-1.65894561e-06
1.57031250e-02	2.99081097e-13	1.66195396e-06
1.60957031e-02	-3.06751636e-13	-1.66504039e-06
1.64882813e-02	3.14436587e-13	1.66820505e-06
1.68808594e-02	-3.22136311e-13	-1.67144809e-06
1.72734375e-02	3.29851170e-13	1.67476966e-06
1.76660156e-02	-3.37581526e-13	-1.67816991e-06
1.80585938e-02	3.45327743e-13	1.68164901e-06
1.84511719e-02	-3.53090184e-13	-1.68520712e-06
1.88437500e-02	3.60869214e-13	1.68884441e-06
1.92363281e-02	-3.68665199e-13	-1.69256104e-06
1.96289063e-02	3.76478505e-13	1.69635719e-06
2.00214844e-02	-3.84309499e-13	-1.70023305e-06
2.04140625e-02	3.92158550e-13	1.70418879e-06
2.08066406e-02	-4.00026024e-13	-1.70822459e-06
2.11992188e-02	4.07912293e-13	1.71234066e-06
2.15917969e-02	-4.15817727e-13	-1.71653717e-06
2.19843750e-02	4.23742698e-13	1.72081434e-06
2.23769531e-02	-4.31687577e-13	-1.72517235e-06
2.27695313e-02	4.39652738e-13	1.72961142e-06
2.31621094e-02	-4.47638555e-13	-1.73413175e-06
2.35546875e-02	4.55645403e-13	1.73873355e-06
2.39472656e-02	-4.63673659e-13	-1.74341705e-06
2.43398438e-02	4.71723700e-13	1.74818245e-06
2.47324219e-02	-4.79795903e-13	-1.75303000e-06
2.51250000e-02	4.87890649e-13	1.75795990e-06
2.55175781e-02	-4.96008317e-13	-1.76297240e-06
2.59101563e-02	5.04149289e-13	1.76806773e-06
2.63027344e-02	-5.12313948e-13	-1.77324613e-06
2.66953125e-02	5.20502676e-13	1.77850784e-06
2.70878906e-02	-5.28715860e-13	-1.78385312e-06
2.74804688e-02	5.36953883e-13	1.78928220e-06
2.78730469e-02	-5.45217135e-13	-1.79479535e-06
2.82656250e-02	5.53506002e-13	1.80039283e-06
2.86582031e-02	-5.61820875e-13	-1.80607489e-06
2.90507813e-02	5.70162143e-13	1.81184181e-06
2.94433594e-02	-5.78530200e-13	-1.81769385e-06
2.98359375e-02	5.86925437e-13	1.82363130e-06
3.02285156e-02	-5.95348250e-13	-1.82965442e-06
3.06210938e-02	6.03799034e-13	1.83576351e-06
3.10136719e-02	-6.12278186e-13	-1.84195885e-06
3.14062500e-02	6.20786105e-13	1.84824073e-06
3.17988281e-02	-6.29323190e-13	-1.85460945e-06
3.21914063e-02	6.37889843e-13	1.86106530e-06
3.25839844e-02	-6.46486465e-13	-1.86760859e-06
3.29765625e-02	6.55113461e-13	1.87423962e-06
3.33691406e-02	-6.63771237e-13	-1.88095872e-06
3.37617188e-02	6.72460198e-13	1.88776619e-06
3.41542969e-02	-6.81180753e-13	-1.89466235e-06
3.45468750e-02	6.89933312e-13	1.90164753e-06
3.49394531e-02	-6.98718286e-13	-1.90872205e-06
3.53320313e-02	7.07536088e-13	1.91588625e-06
3.57246094e-02	-7.16387132e-13	-1.92314047e-06
3.61171875e-02	7.25271834e-13	1.93048504e-06
3.65097656e-02	-7.34190611e-13	-1.93792031e-06
3.69023438e-02	7.43143883e-13	1.94544663e-06
3.72949219e-02	-7.52132070e-13	-1.95306435e-06
3.76875000e-02	7.61155594e-13	1.96077384e-06
3.80800781e-02	-7.70214879e-13	-1.96857545e-06
3.84726563e-02	7.79310351e-13	1.97646955e-06
3.88652344e-02	-7.88442437e-13	-1.98445651e-06
3.92578125e-02	7.97611567e-13	1.99253670e-06
3.96503906e-02	-8.06818171e-13	-2.00071051e-06
4.00429688e-02	8.16062681e-13	2.00897832e-06
4.04355469e-02	-8.25345533e-13	-2.01734052e-06
4.08281250e-02	8.34667161e-13	2.02579750e-06
4.12207031e-02	-8.44028005e-13	-2.03434966e-06
4.16132813e-02	8.53428503e-13	2.04299740e-06
4.20058594e-02	-8.62869098e-13	-2.05174113e-06
4.23984375e-02	8.72350233e-13	2.06058125e-06
4.27910156e-02	-8.81872353e-13	-2.06951818e-06
4.31835938e-02	8.91435906e-13	2.07855235e-06
4.35761719e-02	-9.01041342e-13	-2.08768417e-06
4.39687500e-02	9.10689111e-13	2.09691408e-06
4.43613281e-02	-9.20379667e-13	-2.10624251e-06
4.47539063e-02	9.30113465e-13	2.11566990e-06
4.51464844e-02	-9.39890962e-13	-2.12519669e-06
4.55390625e-02	9.49712618e-13	2.13482333e-06
4.59316406e-02	-9.59578894e-13	-2.14455027e-06
4.63242188e-02	9.69490254e-13	2.15437796e-06
4.67167969e-02	-9.79447163e-13	-2.16430688e-06
4.71093750e-02	9.89450090e-13	2.17433748e-06
4.75019531e-02	-9.99499504e-13	-2.18447024e-06
4.78945313e-02	1.00959588e-12	2.19470563e-06
4.82871094e-02	-1.01973968e-12	-2.20504413e-06
4.86796875e-02	1.02993140e-12	2.21548624e-06
4.90722656e-02	-1.04017151e-12	-2.22603243e-06
4.94648438e-02	1.05046048e-12	2.23668322e-06
4.98574219e-02	-1.06079881e-12	-2.24743908e-06
5.02500000e-02	1.07118698e-12	2.25830054e-06
5.06425781e-02	-1.08162548e-12	-2.26926811e-06
5.10351563e-02	1.09211480e-12	2.28034229e-06
5.14277344e-02	-1.10265542e-12	-2.29152360e-06
5.18203125e-02	1.11324785e-12	2.30281258e-06
5.22128906e-02	-1.12389259e-12	-2.31420976e-06
5.26054688e-02	1.13459013e-12	2.32571566e-06
5.29980469e-02	-1.14534097e-12	-2.33733083e-06
5.33906250e-02	1.15614563e-12	2.34905582e-06
5.37832031e-02	-1.16700460e-12	-2.36089117e-06
5.41757813e-02	1.17791841e-12	2.37283744e-06
5.45683594e-02	-1.18888755e-12	-2.38489520e-06
5.49609375e-02	1.19991256e-12	2.39706501e-06
5.53535156e-02	-1.21099394e-12	-2.40934744e-06
5.57460938e-02	1.22213221e-12	2.42174306e-06
5.61386719e-02	-1.23332791e-12	-2.43425247e-06
5.65312500e-02	1.24458155e-12	2.44687625e-06
5.69238281e-02	-1.25589366e-12	-2.45961499e-06
5.73164063e-02	1.26726478e-12	2.47246929e-06
5.77089844e-02	-1.27869544e-12	-2.48543975e-06
5.81015625e-02	1.29018617e-12	2.49852699e-06
5.84941406e-02	-1.30173753e-12	-2.51173162e-06
5.88867188e-02	1.31335004e-12	2.52505425e-06
5.92792969e-02	-1.32502425e-12	-2.53849552e-06
5.96718750e-02	1.33676072e-12	2.55205606e-06
6.00644531e-02	-1.34856000e-12	-2.56573650e-06
6.04570313e-02	1.36042263e-12	2.57953749e-06
6.08496094e-02	-1.37234918e-12	-2.59345967e-06
6.12421875e-02	1.38434021e-12	2.60750370e-06
6.16347656e-02	-1.39639628e-12	-2.62167023e-06
6.20273438e-02	1.40851795e-12	2.63595995e-06
6.24199219e-02	-1.42070580e-12	-2.65037350e-06
6.28125000e-02	1.43296040e-12	2.66491158e-06
6.32050781e-02	-1.44528233e-12	-2.67957487e-06
6.35976563e-02	1.45767215e-12	2.69436405e-06
6.39902344e-02	-1.47013047e-12	-2.70927982e-06
6.43828125e-02	1.48265785e-12	2.72432288e-06
6.47753906e-02	-1.49525489e-12	-2.73949394e-06
6.51679688e-02	1.50792219e-12	2.75479371e-06
6.55605469e-02	-1.52066033e-12	-2.77022291e-06
6.59531250e-02	1.53346992e-12	2.78578226e-06
6.63457031e-02	-1.54635155e-12	-2.80147249e-06
6.67382813e-02	1.55930584e-12	2.81729435e-06
6.71308594e-02	-1.57233338e-12	-2.83324857e-06
6.75234375e-02	1.58543480e-12	2.84933591e-06
6.79160156e-02	-1.59861071e-12	-2.86555711e-06
6.83085938e-02	1.61186172e-12	2.88191295e-06
6.87011719e-02	-1.62518846e-12	-2.89840419e-06
6.90937500e-02	1.63859156e-12	2.91503161e-06
6.94863281e-02	-1.65207165e-12	-2.93179598e-06
6.98789063e-02	1.66562935e-12	2.94869810e-06
7.02714844e-02	-1.67926531e-12	-2.96573876e-06
7.06640625e-02	1.69298017e-12	2.98291876e-06
7.10566406e-02	-1.70677457e-12	-3.00023890e-06
7.14492188e-02	1.72064916e-12	3.01770000e-06
7.18417969e-02	-1.73460459e-12	-3.03530289e-06
7.22343750e-02	1.74864151e-12	3.05304838e-06
7.26269531e-02	-1.76276059e-12	-3.07093731e-06
7.30195313e-02	1.77696249e-12	3.08897053e-06
7.34121094e-02	-1.79124788e-12	-3.10714888e-06
7.38046875e-02	1.80561743e-12	3.12547320e-06
7.41972656e-02	-1.82007180e-12	-3.14394438e-06
7.45898438e-02	1.83461169e-12	3.16256326e-06
7.49824219e-02	-1.84923778e-12	-3.18133073e-06
7.53750000e-02	1.86395075e-12	3.20024768e-06
7.57675781e-02	-1.87875129e-12	-3.21931497e-06
7.61601563e-02	1.89364010e-12	3.23853352e-06
7.65527344e-02	-1.90861788e-12	-3.25790423e-06
7.69453125e-02	1.92368533e-12	3.27742801e-06
7.73378906e-02	-1.93884317e-12	-3.29710576e-06
7.77304688e-02	1.95409209e-12	3.31693843e-06
7.81230469e-02	-1.96943282e-12	-3.33692693e-06
7.85156250e-02	1.98486609e-12	3.35707222e-06
7.89082031e-02	-2.00039261e-12	-3.37737523e-06
7.93007813e-02	2.01601311e-12	3.39783692e-06
7.96933594e-02	-2.03172833e-12	-3.41845824e-06
8.00859375e-02	2.04753900e-12	3.43924018e-06
8.04785156e-02	-2.06344588e-12	-3.46018371e-06
8.08710938e-02	2.07944970e-12	3.48128980e-06
8.12636719e-02	-2.09555122e-12	-3.50255946e-06
8.16562500e-02	2.11175120e-12	3.52399368e-06
8.20488281e-02	-2.12805039e-12	-3.54559346e-06
8.24414063e-02	2.14444956e-12	3.56735983e-06
8.28339844e-02	-2.16094949e-12	-3.58929380e-06
8.32265625e-02	2.17755094e-12	3.61139641e-06
8.36191406e-02	-2.19425470e-12	-3.63366870e-06
8.40117188e-02	2.21106156e-12	3.65611170e-06
8.44042969e-02	-2.22797229e-12	-3.67872648e-06
8.47968750e-02	2.24498770e-12	3.70151410e-06
8.51894531e-02	-2.26210859e-12	-3.72447562e-06
8.55820313e-02	2.27933576e-12	3.74761213e-06
8.59746094e-02	-2.29667002e-12	-3.77092472e-06
8.63671875e-02	2.31411218e-12	3.79441448e-06
8.67597656e-02	-2.33166306e-12	-3.81808251e-06
8.71523438e-02	2.34932350e-12	3.84192992e-06
8.75449219e-02	-2.36709431e-12	-3.86595784e-06
8.79375000e-02	2.38497633e-12	3.89016739e-06
8.83300781e-02	-2.40297041e-12	-3.91455972e-06
8.87226563e-02	2.42107738e-12	3.93913596e-06
8.91152344e-02	-2.43929811e-12	-3.96389728e-06
8.95078125e-02	2.45763344e-12	3.98884483e-06
8.99003906e-02	-2.47608424e-12	-4.01397979e-06
9.02929688e-02	2.49465137e-12	4.03930334e-06
9.06855469e-02	-2.51333570e-12	-4.06481667e-06
9.10781250e-02	2.53213812e-12	4.09052097e-06
9.14707031e-02	-2.55105951e-12	-4.11641746e-06
9.18632813e-02	2.57010075e-12	4.14250735e-06
9.22558594e-02	-2.58926274e-12	-4.16879187e-06
9.26484375e-02	2.60854639e-12	4.19527225e-06
9.30410156e-02	-2.62795259e-12	-4.22194974e-06
9.34335938e-02	2.64748226e-12	4.24882559e-06
9.38261719e-02	-2.66713631e-12	-4.27590106e-06
9.42187500e-02	2.68691568e-12	4.30317742e-06
9.46113281e-02	-2.70682128e-12	-4.33065596e-06
9.50039063e-02	2.72685406e-12	4.35833797e-06
9.53964844e-02	-2.74701495e-12	-4.38622474e-06
9.57890625e-02	2.76730491e-12	4.41431760e-06
9.61816406e-02	-2.78772488e-12	-4.44261785e-06
9.65742188e-02	2.80827583e-12	4.47112683e-06
9.69667969e-02	-2.82895872e-12	-4.49984587e-06
9.73593750e-02	2.84977452e-12	4.52877633e-06
9.77519531e-02	-2.87072421e-12	-4.55791957e-06
9.81445313e-02	2.89180878e-12	4.58727695e-06
9.85371094e-02	-2.91302921e-12	-4.61684986e-06
9.89296875e-02	2.93438650e-12	4.64663968e-06
9.93222656e-02	-2.95588166e-12	-4.67664781e-06
9.97148438e-02	2.97751570e-12	4.70687567e-06
1.00107422e-01	-2.99928963e-12	-4.73732466e-06
1.00500000e-01	3.02120447e-12	4.76799624e-06
1.00892578e-01	-3.04326126e-12	-4.79889182e-06
1.01285156e-01	3.06546102e-12	4.83001288e-06
1.01677734e-01	-3.08780482e-12	-4.86136086e-06
1.02070313e-01	3.11029368e-12	4.89293724e-06
1.02462891e-01	-3.13292868e-12	-4.92474351e-06
1.02855469e-01	3.15571087e-12	4.95678115e-06
1.03248047e-01	-3.17864133e-12	-4.98905168e-06
1.03640625e-01	3.20172112e-12	5.02155661e-06
1.04033203e-01	-3.22495134e-12	-5.05429747e-06
1.04425781e-01	3.24833308e-12	5.08727580e-06
1.04818359e-01	-3.27186744e-12	-5.12049314e-06
1.05210938e-01	3.29555552e-12	5.15395105e-06
1.05603516e-01	-3.31939843e-12	-5.18765112e-06
1.05996094e-01	3.34339730e-12	5.22159491e-06
1.06388672e-01	-3.36755325e-12	-5.25578403e-06
1.06781250e-01	3.39186741e-12	5.29022009e-06
1.07173828e-01	-3.41634094e-12	-5.32490469e-06
1.07566406e-01	3.44097497e-12	5.35983947e-06
1.07958984e-01	-3.46577067e-12	-5.39502608e-06
1.08351563e-01	3.49072921e-12	5.43046616e-06
1.08744141e-01	-3.51585175e-12	-5.46616138e-06
1.09136719e-01	3.54113947e-12	5.50211341e-06
1.09529297e-01	-3.56659356e-12	-5.53832395e-06
1.09921875e-01	3.59221523e-12	5.57479470e-06
1.10314453e-01	-3.61800566e-12	-5.61152737e-06
1.10707031e-01	3.64396608e-12	5.64852368e-06
1.11099609e-01	-3.67009771e-12	-5.68578538e-06
1.11492188e-01	3.69640177e-12	5.72331421e-06
1.11884766e-01	-3.72287949e-12	-5.76111194e-06
1.12277344e-01	3.74953212e-12	5.79918035e-06
1.12669922e-01	-3.77636092e-12	-5.83752122e-06
1.13062500e-01	3.80336714e-12	5.87613635e-06
1.13455078e-01	-3.83055206e-12	-5.91502756e-06
1.13847656e-01	3.85791695e-12	5.95419668e-06
1.14240234e-01	-3.88546309e-12	-5.99364554e-06
1.14632813e-01	3.91319178e-12	6.03337600e-06
1.15025391e-01	-3.94110432e-12	-6.07338992e-06
1.15417969e-01	3.96920203e-12	6.11368920e-06
1.15810547e-01	-3.99748623e-12	-6.15427571e-06
1.16203125e-01	4.02595823e-12	6.19515136e-06
1.16595703e-01	-4.05461939e-12	-6.23631809e-06
1.16988281e-01	4.08347105e-12	6.27777781e-06
1.17380859e-01	-4.11251455e-12	-6.31953249e-06
1.17773438e-01	4.14175128e-12	6.36158407e-06
1.18166016e-01	-4.17118260e-12	-6.40393454e-06
1.18558594e-01	4.20080989e-12	6.44658588e-06
1.18951172e-01	-4.23063454e-12	-6.48954011e-06
1.19343750e-01	4.26065797e-12	6.53279923e-06
1.19736328e-01	-4.29088157e-12	-6.57636528e-06
1.20128906e-01	4.32130677e-12	6.62024031e-06
1.20521484e-01	-4.35193499e-12	-6.66442638e-06
1.20914063e-01	4.38276769e-12	6.70892556e-06
1.21306641e-01	-4.41380629e-12	-6.75373995e-06
1.21699219e-01	4.44505228e-12	6.79887164e-06
1.22091797e-01	-4.47650710e-12	-6.84432277e-06
1.22484375e-01	4.50817224e-12	6.89009547e-06
1.22876953e-01	-4.54004919e-12	-6.93619188e-06
1.23269531e-01	4.57213944e-12	6.98261417e-06
1.23662109e-01	-4.60444450e-12	-7.02936453e-06
1.24054688e-01	4.63696589e-12	7.07644515e-06
1.24447266e-01	-4.66970515e-12	-7.12385824e-06
1.24839844e-01	4.70266379e-12	7.17160603e-06
1.25232422e-01	-4.73584339e-12	-7.21969076e-06
1.25625000e-01	4.76924548e-12	7.26811470e-06
1.26017578e-01	-4.80287165e-12	-7.31688011e-06
1.26410156e-01	4.83672347e-12	7.36598929e-06
1.26802734e-01	-4.87080253e-12	-7.41544455e-06
1.27195313e-01	4.90511044e-12	7.46524820e-06
1.27587891e-01	-4.93964880e-12	-7.51540260e-06
1.27980469e-01	4.97441924e-12	7.56591009e-06
1.28373047e-01	-5.00942340e-12	-7.61677305e-06
1.28765625e-01	5.04466291e-12	7.66799387e-06
1.29158203e-01	-5.08013943e-12	-7.71957495e-06
1.29550781e-01	5.11585464e-12	7.77151872e-06
1.29943359e-01	-5.15181020e-12	-7.82382762e-06
1.30335938e-01	5.18800780e-12	7.87650411e-06
1.30728516e-01	-5.22444916e-12	-7.92955065e-06
1.31121094e-01	5.26113597e-12	7.98296975e-06
1.31513672e-01	-5.29806997e-12	-8.03676392e-06
1.31906250e-01	5.33525288e-12	8.09093567e-06
1.32298828e-01	-5.37268646e-12	-8.14548756e-06
1.32691406e-01	5.41037247e-12	8.20042215e-06
1.33083984e-01	-5.44831266e-12	-8.25574202e-06
1.33476563e-01	5.48650884e-12	8.31144977e-06
1.33869141e-01	-5.52496279e-12	-8.36754801e-06
1.34261719e-01	5.56367631e-12	8.42403939e-06
1.34654297e-01	-5.60265124e-12	-8.48092655e-06
1.35046875e-01	5.64188939e-12	8.53821217e-06
1.35439453e-01	-5.68139261e-12	-8.59589894e-06
1.35832031e-01	5.72116276e-12	8.65398957e-06
1.36224609e-01	-5.76120171e-12	-8.71248679e-06
1.36617188e-01	5.80151133e-12	8.77139334e-06
1.37009766e-01	-5.84209353e-12	-8.83071201e-06
1.37402344e-01	5.88295020e-12	8.89044556e-06
1.37794922e-01	-5.92408328e-12	-8.95059682e-06
1.38187500e-01	5.96549468e-12	9.01116860e-06
1.38580078e-01	-6.00718636e-12	-9.07216375e-06
1.38972656e-01	6.04916027e-12	9.13358514e-06
1.39365234e-01	-6.09141839e-12	-9.19543565e-06
1.39757813e-01	6.13396270e-12	9.25771819e-06
1.40150391e-01	-6.17679520e-12	-9.32043568e-06
1.40542969e-01	6.21991791e-12	9.38359107e-06
1.40935547e-01	-6.26333284e-12	-9.44718734e-06
1.41328125e-01	6.30704204e-12	9.51122746e-06
1.41720703e-01	-6.35104757e-12	-9.57571444e-06
1.42113281e-01	6.39535149e-12	9.64065132e-06
1.42505859e-01	-6.43995587e-12	-9.70604114e-06
1.42898438e-01	6.48486283e-12	9.77188699e-06
1.43291016e-01	-6.53007446e-12	-9.83819194e-06
1.43683594e-01	6.57559290e-12	9.90495912e-06
1.44076172e-01	-6.62142027e-12	-9.97219167e-06
1.44468750e-01	6.66755874e-12	1.00398927e-05
1.44861328e-01	-6.71401046e-12	-1.01080655e-05
1.45253906e-01	6.76077763e-12	1.01767132e-05
1.45646484e-01	-6.80786244e-12	-1.02458390e-05
1.46039063e-01	6.85526711e-12	1.03154462e-05
1.46431641e-01	-6.90299385e-12	-1.03855380e-05
1.46824219e-01	6.95104492e-12	1.04561178e-05
1.47216797e-01	-6.99942256e-12	-1.05271888e-05
1.47609375e-01	7.04812906e-12	1.05987545e-05
1.48001953e-01	-7.09716670e-12	-1.06708181e-05
1.48394531e-01	7.14653778e-12	1.07433830e-05
1.48787109e-01	-7.19624463e-12	-1.08164527e-05
1.49179688e-01	7.24628958e-12	1.08900306e-05
1.49572266e-01	-7.29667497e-12	-1.09641201e-05
1.49964844e-01	7.34740319e-12	1.10387248e-05
1.50357422e-01	-7.39847661e-12	-1.11138481e-05
1.50750000e-01	7.44989763e-12	1.11894935e-05
1.51142578e-01	-7.50166867e-12	-1.12656647e-05
1.51535156e-01	7.55379215e-12	1.13423651e-05
1.51927734e-01	-7.60627054e-12	-1.14195985e-05
1.52320313e-01	7.65910629e-12	1.14973684e-05
1.52712891e-01	-7.71230188e-12	-1.15756784e-05
1.53105469e-01	7.76585983e-12	1.16545323e-05
1.53498047e-01	-7.81978263e-12	-1.17339338e-05
1.53890625e-01	7.87407283e-12	1.18138866e-05
1.54283203e-01	-7.92873297e-12	-1.18943944e-05
1.54675781e-01	7.98376563e-12	1.19754611e-05
1.55068359e-01	-8.03917339e-12	-1.20570904e-05
1.55460938e-01	8.09495885e-12	1.21392862e-05
1.55853516e-01	-8.15112464e-12	-1.22220523e-05
1.56246094e-01	8.20767339e-12	1.23053926e-05
1.56638672e-01	-8.26460775e-12	-1.23893111e-05
1.57031250e-01	8.32193042e-12	1.24738117e-05
1.57423828e-01	-8.37964407e-12	-1.25588983e-05
1.57816406e-01	8.43775142e-12	1.26445750e-05
1.58208984e-01	-8.49625519e-12	-1.27308458e-05
1.58601563e-01	8.55515815e-12	1.28177147e-05
1.58994141e-01	-8.61446305e-12	-1.29051858e-05
1.59386719e-01	8.67417269e-12	1.29932632e-05
1.59779297e-01	-8.73428986e-12	-1.30819511e-05
1.60171875e-01	8.79481739e-12	1.31712536e-05
1.60564453e-01	-8.85575813e-12	-1.32611749e-05
1.60957031e-01	8.91711493e-12	1.33517193e-05
1.61349609e-01	-8.97889069e-12	-1.34428910e-05
1.61742188e-01	9.04108830e-12	1.35346943e-05
1.62134766e-01	-9.10371069e-12	-1.36271335e-05
1.62527344e-01	9.16676079e-12	1.37202129e-05
1.62919922e-01	-9.23024158e-12	-1.38139369e-05
1.63312500e-01	9.29415602e-12	1.39083100e-05
1.63705078e-01	-9.35850714e-12	-1.40033365e-05
1.64097656e-01	9.42329794e-12	1.40990209e-05
1.64490234e-01	-9.48853147e-12	-1.41953677e-05
1.64882813e-01	9.55421081e-12	1.42923815e-05
1.65275391e-01	-9.62033902e-12	-1.43900668e-05
1.65667969e-01	9.68691923e-12	1.44884281e-05
1.66060547e-01	-9.75395455e-12	-1.45874702e-05
1.66453125e-01	9.82144815e-12	1.46871976e-05
1.66845703e-01	-9.88940318e-12	-1.47876151e-05
1.67238281e-01	9.95782285e-12	1.48887273e-05
1.67630859e-01	-1.00267104e-11	-1.49905391e-05
1.68023438e-01	1.00960690e-11	1.50930551e-05
1.68416016e-01	-1.01659019e-11	-1.51962803e-05
1.68808594e-01	1.02362124e-11	1.53002194e-05
1.69201172e-01	-1.03070039e-11	-1.54048774e-05
1.69593750e-01	1.03782797e-11	1.55102591e-05
1.69986328e-01	-1.04500430e-11	-1.56163696e-05
1.70378906e-01	1.05222973e-11	1.57232137e-05
1.70771484e-01	-1.05950460e-11	-1.58307966e-05
1.71164063e-01	1.06682925e-11	1.59391233e-05
1.71556641e-01	-1.07420401e-11	-1.60481988e-05
1.71949219e-01	1.08162925e-11	1.61580283e-05
1.72341797e-01	-1.08910531e-11	-1.62686170e-05
1.72734375e-01	1.09663253e-11	1.63799700e-05
1.73126953e-01	-1.10421128e-11	-1.64920926e-05
1.73519531e-01	1.11184191e-11	1.66049900e-05
1.73912109e-01	-1.11952477e-11	-1.67186676e-05
1.74304688e-01	1.12726024e-11	1.68331307e-05
1.74697266e-01	-1.13504866e-11	-1.69483846e-05
1.75089844e-01	1.14289041e-11	1.70644349e-05
1.75482422e-01	-1.15078586e-11	-1.71812868e-05
1.75875000e-01	1.15873538e-11	1.72989460e-05
1.76267578e-01	-1.16673933e-11	-1.74174180e-05
1.76660156e-01	1.17479811e-11	1.75367082e-05
1.77052734e-01	-1.18291208e-11	-1.76568224e-05
1.77445313e-01	1.19108162e-11	1.77777662e-05
1.77837891e-01	-1.19930713e-11	-1.78995452e-05
1.78230469e-01	1.20758898e-11	1.80221652e-05
1.78623047e-01	-1.21592757e-11	-1.81456319e-05
1.79015625e-01	1.22432328e-11	1.82699511e-05
1.79408203e-01	-1.23277652e-11	-1.83951288e-05
1.79800781e-01	1.24128768e-11	1.85211706e-05
1.80193359e-01	-1.24985715e-11	-1.86480827e-05
1.80585938e-01	1.25848535e-11	1.87758709e-05
1.80978516e-01	-1.26717268e-11	-1.89045412e-05
1.81371094e-01	1.27591954e-11	1.90340998e-05
1.81763672e-01	-1.28472634e-11	-1.91645526e-05
1.82156250e-01	1.29359351e-11	1.92959058e-05
1.82548828e-01	-1.30252145e-11	-1.94281656e-05
1.82941406e-01	1.31151059e-11	1.95613381e-05
1.83333984e-01	-1.32056135e-11	-1.96954298e-05
1.83726563e-01	1.32967415e-11	1.98304467e-05
1.84119141e-01	-1.33884943e-11	-1.99663954e-05
1.84511719e-01	1.34808760e-11	2.01032821e-05
1.84904297e-01	-1.35738912e-11	-2.02411134e-05
1.85296875e-01	1.36675441e-11	2.03798956e-05
1.85689453e-01	-1.37618391e-11	-2.05196354e-05
1.86082031e-01	1.38567807e-11	2.06603392e-05
1.86474609e-01	-1.39523733e-11	-2.08020137e-05
1.86867188e-01	1.40486214e-11	2.09446655e-05
1.87259766e-01	-1.41455296e-11	-2.10883014e-05
1.87652344e-01	1.42431024e-11	2.12329281e-05
1.88044922e-01	-1.43413443e-11	-2.13785523e-05
1.88437500e-01	1.44402601e-11	2.15251810e-05
1.88830078e-01	-1.45398543e-11	-2.16728210e-05
1.89222656e-01	1.46401316e-11	2.18214792e-05
1.89615234e-01	-1.47410967e-11	-2.19711627e-05
1.90007813e-01	1.48427545e-11	2.21218784e-05
1.90400391e-01	-1.49451096e-11	-2.22736335e-05
1.90792969e-01	1.50481668e-11	2.24264351e-05
1.91185547e-01	-1.51519311e-11	-2.25802903e-05
1.91578125e-01	1.52564072e-11	2.27352064e-05
1.91970703e-01	-1.53616001e-11	-2.28911907e-05
1.92363281e-01	1.54675148e-11	2.30482504e-05
1.92755859e-01	-1.55741561e-11	-2.32063931e-05
1.93148438e-01	1.56815292e-11	2.33656260e-05
1.93541016e-01	-1.57896391e-11	-2.35259568e-05
1.93933594e-01	1.58984907e-11	2.36873928e-05
1.94326172e-01	-1.60080894e-11	-2.38499417e-05
1.94718750e-01	1.61184401e-11	2.40136112e-05
1.95111328e-01	-1.62295482e-11	-2.41784089e-05
1.95503906e-01	1.63414187e-11	2.43443426e-05
1.95896484e-01	-1.64540570e-11	-2.45114201e-05
1.96289063e-01	1.65674684e-11	2.46796491e-05
1.96681641e-01	-1.66816581e-11	-2.48490377e-05
1.97074219e-01	1.67966316e-11	2.50195938e-05
1.97466797e-01	-1.69123943e-11	-2.51913253e-05
1.97859375e-01	1.70289515e-11	2.53642405e-05
1.98251953e-01	-1.71463089e-11	-2.55383473e-05
1.98644531e-01	1.72644718e-11	2.57136539e-05
1.99037109e-01	-1.73834458e-11	-2.58901687e-05
1.99429688e-01	1.75032365e-11	2.60678998e-05
1.99822266e-01	-1.76238496e-11	-2.62468557e-05
2.00214844e-01	1.77452908e-11	2.64270448e-05
2.00607422e-01	-1.78675656e-11	-2.66084755e-05
2.01000000e-01	1.79906799e-11	2.67911563e-05
2.01392578e-01	-1.81146395e-11	-2.69750958e-05
2.01785156e-01	1.82394501e-11	2.71603027e-05
2.02177734e-01	-1.83651177e-11	-2.73467857e-05
2.02570313e-01	1.84916481e-11	2.75345535e-05
2.02962891e-01	-1.86190473e-11	-2.77236149e-05
2.03355469e-01	1.87473213e-11	2.79139789e-05
2.03748047e-01	-1.88764761e-11	-2.81056544e-05
2.04140625e-01	1.90065178e-11	2.82986503e-05
2.04533203e-01	-1.91374524e-11	-2.84929758e-05
2.04925781e-01	1.92692862e-11	2.86886400e-05
2.05318359e-01	-1.94020253e-11	-2.88856521e-05
2.05710938e-01	1.95356760e-11	2.90840213e-05
2.06103516e-01	-1.96702445e-11	-2.92837569e-05
2.06496094e-01	1.98057371e-11	2.94848684e-05
2.06888672e-01	-1.99421603e-11	-2.96873651e-05
2.07281250e-01	2.00795204e-11	2.98912567e-05
2.07673828e-01	-2.02178240e-11	-3.00965526e-05
2.08066406e-01	2.03570774e-11	3.03032625e-05
2.08458984e-01	-2.04972872e-11	-3.05113962e-05
2.08851563e-01	2.06384601e-11	3.07209634e-05
2.09244141e-01	-2.07806026e-11	-3.09319740e-05
2.09636719e-01	2.09237215e-11	3.11444378e-05
2.10029297e-01	-2.10678234e-11	-3.13583649e-05
2.10421875e-01	2.12129151e-11	3.15737652e-05
2.10814453e-01	-2.13590035e-11	-3.17906490e-05
2.11207031e-01	2.15060953e-11	3.20090265e-05
2.11599609e-01	-2.16541976e-11	-3.22289077e-05
2.11992188e-01	2.18033173e-11	3.24503032e-05
2.12384766e-01	-2.19534613e-11	-3.26732234e-05
2.12777344e-01	2.21046368e-11	3.28976785e-05
2.13169922e-01	-2.22568508e-11	-3.31236794e-05
2.13562500e-01	2.24101105e-11	3.33512364e-05
2.13955078e-01	-2.25644231e-11	-3.35803604e-05
2.14347656e-01	2.27197959e-11	3.38110621e-05
2.14740234e-01	-2.28762361e-11	-3.40433523e-05
2.15132813e-01	2.30337510e-11	3.42772420e-05
2.15525391e-01	-2.31923482e-11	-3.45127421e-05
2.15917969e-01	2.33520350e-11	3.47498638e-05
2.16310547e-01	-2.35128189e-11	-3.49886181e-05
2.16703125e-01	2.36747076e-11	3.52290162e-05
2.17095703e-01	-2.38377085e-11	-3.54710695e-05
2.17488281e-01	2.40018294e-11	3.57147893e-05
2.17880859e-01	-2.41670780e-11	-3.59601872e-05
2.18273438e-01	2.43334620e-11	3.62072745e-05
2.18666016e-01	-2.45009893e-11	-3.64560629e-05
2.19058594e-01	2.46696677e-11	3.67065642e-05
2.19451172e-01	-2.48395051e-11	-3.69587900e-05
2.19843750e-01	2.50105096e-11	3.72127523e-05
2.20236328e-01	-2.51826891e-11	-3.74684629e-05
2.20628906e-01	2.53560518e-11	3.77259339e-05
2.21021484e-01	-2.55306058e-11	-3.79851774e-05
2.21414063e-01	2.57063593e-11	3.82462055e-05
2.21806641e-01	-2.58833205e-11	-3.85090305e-05
2.22199219e-01	2.60614978e-11	3.87736648e-05
2.22591797e-01	-2.62408996e-11	-3.90401208e-05
2.22984375e-01	2.64215342e-11	3.93084110e-05
2.23376953e-01	-2.66034102e-11	-3.95785481e-05
2.23769531e-01	2.67865361e-11	3.98505446e-05
2.24162109e-01	-2.69709205e-11	-4.01244134e-05
2.24554688e-01	2.71565720e-11	4.04001674e-05
2.24947266e-01	-2.73434995e-11	-4.06778195e-05
2.25339844e-01	2.75317116e-11	4.09573828e-05
2.25732422e-01	-2.77212173e-11	-4.12388704e-05
2.26125000e-01	2.79120253e-11	4.15222954e-05
2.26517578e-01	-2.81041448e-11	-4.18076714e-05
2.26910156e-01	2.82975846e-11	4.20950115e-05
2.27302734e-01	-2.84923540e-11	-4.23843294e-05
2.27695313e-01	2.86884620e-11	4.26756386e-05
2.28087891e-01	-2.88859179e-11	-4.29689529e-05
2.28480469e-01	2.90847309e-11	4.32642859e-05
2.28873047e-01	-2.92849104e-11	-4.35616517e-05
2.29265625e-01	2.94864658e-11	4.38610641e-05
2.29658203e-01	-2.96894065e-11	-4.41625372e-05
2.30050781e-01	2.98937421e-11	4.44660851e-05
2.30443359e-01	-3.00994823e-11	-4.47717223e-05
2.30835938e-01	3.03066365e-11	4.50794629e-05
2.31228516e-01	-3.05152147e-11	-4.53893215e-05
2.31621094e-01	3.07252266e-11	4.57013126e-05
2.32013672e-01	-3.09366820e-11	-4.60154509e-05
2.32406250e-01	3.11495909e-11	4.63317511e-05
2.32798828e-01	-3.13639633e-11	-4.66502281e-05
2.33191406e-01	3.15798093e-11	4.69708969e-05
2.33583984e-01	-3.17971389e-11	-4.72937725e-05
2.33976563e-01	3.20159625e-11	4.76188700e-05
2.34369141e-01	-3.22362903e-11	-4.79462049e-05
2.34761719e-01	3.24581327e-11	4.82757924e-05
2.35154297e-01	-3.26815000e-11	-4.86076481e-05
2.35546875e-01	3.29064028e-11	4.89417874e-05
2.35939453e-01	-3.31328516e-11	-4.92782262e-05
2.36332031e-01	3.33608571e-11	4.96169802e-05
2.36724609e-01	-3.35904299e-11	-4.99580654e-05
2.37117188e-01	3.38215810e-11	5.03014977e-05
2.37509766e-01	-3.40543211e-11	-5.06472934e-05
2.37902344e-01	3.42886611e-11	5.09954686e-05
2.38294922e-01	-3.45246122e-11	-5.13460397e-05
2.38687500e-01	3.47621852e-11	5.16990231e-05
2.39080078e-01	-3.50013916e-11	-5.20544356e-05
2.39472656e-01	3.52422423e-11	5.24122937e-05
2.39865234e-01	-3.54847489e-11	-5.27726143e-05
2.40257813e-01	3.57289226e-11	5.31354143e-05
2.40650391e-01	-3.59747750e-11	-5.35007108e-05
2.41042969e-01	3.62223176e-11	5.38685208e-05
2.41435547e-01	-3.64715619e-11	-5.42388618e-05
2.41828125e-01	3.67225199e-11	5.46117510e-05
2.42220703e-01	-3.69752031e-11	-5.49872061e-05
2.42613281e-01	3.72296236e-11	5.53652446e-05
2.43005859e-01	-3.74857932e-11	-5.57458844e-05
2.43398438e-01	3.77437240e-11	5.61291432e-05
2.43791016e-01	-3.80034281e-11	-5.65150391e-05
2.44183594e-01	3.82649177e-11	5.69035903e-05
2.44576172e-01	-3.85282051e-11	-5.72948150e-05
2.44968750e-01	3.87933026e-11	5.76887315e-05
2.45361328e-01	-3.90602228e-11	-5.80853584e-05
2.45753906e-01	3.93289781e-11	5.84847143e-05
2.46146484e-01	-3.95995812e-11	-5.88868180e-05
2.46539063e-01	3.98720449e-11	5.92916884e-05
2.46931641e-01	-4.01463818e-11	-5.96993445e-05
2.47324219e-01	4.04226049e-11	6.01098054e-05
2.47716797e-01	-4.07007271e-11	-6.05230904e-05
2.48109375e-01	4.09807616e-11	6.09392190e-05
2.48501953e-01	-4.12627215e-11	-6.13582107e-05
2.48894531e-01	4.15466201e-11	6.17800851e-05
2.49287109e-01	-4.18324706e-11	-6.22048622e-05
2.49679688e-01	4.21202865e-11	6.26325618e-05
2.50072266e-01	-4.24100813e-11	-6.30632041e-05
2.50464844e-01	4.27018687e-11	6.34968092e-05
2.50857422e-01	-4.29956623e-11	-6.39333977e-05
2.51250000e-01	4.32914760e-11	6.43729899e-05
2.51642578e-01	-4.35893237e-11	-6.48156065e-05
2.52035156e-01	4.38892193e-11	6.52612683e-05
2.52427734e-01	-4.41911769e-11	-6.57099963e-05
2.52820313e-01	4.44952108e-11	6.61618115e-05
2.53212891e-01	-4.48013351e-11	-6.66167352e-05
2.53605469e-01	4.51095644e-11	6.70747887e-05
2.53998047e-01	-4.54199130e-11	-6.75359936e-05
2.54390625e-01	4.57323956e-11	6.80003716e-05
2.54783203e-01	-4.60470268e-11	-6.84679444e-05
2.55175781e-01	4.63638215e-11	6.89387340e-05
2.55568359e-01	-4.66827944e-11	-6.94127625e-05
2.55960938e-01	4.70039606e-11	6.98900522e-05
2.56353516e-01	-4.73273352e-11	-7.03706256e-05
2.56746094e-01	4.76529334e-11	7.08545052e-05
2.57138672e-01	-4.79807704e-11	-7.13417137e-05
2.57531250e-01	4.83108617e-11	7.18322740e-05
2.57923828e-01	-4.86432228e-11	-7.23262093e-05
2.58316406e-01	4.89778693e-11	7.28235426e-05
2.58708984e-01	-4.93148169e-11	-7.33242974e-05
2.59101563e-01	4.96540814e-11	7.38284971e-05
2.59494141e-01	-4.99956789e-11	-7.43361656e-05
2.59886719e-01	5.03396252e-11	7.48473265e-05
2.60279297e-01	-5.06859367e-11	-7.53620040e-05
2.60671875e-01	5.10346295e-11	7.58802222e-05
2.61064453e-01	-5.13857201e-11	-7.64020055e-05
2.61457031e-01	5.17392249e-11	7.69273783e-05
2.61849609e-01	-5.20951606e-11	-7.74563655e-05
2.62242188e-01	5.24535438e-11	7.79889917e-05
2.62634766e-01	-5.28143915e-11	-7.85252821e-05
2.63027344e-01	5.31777205e-11	7.90652618e-05
2.63419922e-01	-5.35435480e-11	-7.96089562e-05
2.63812500e-01	5.39118911e-11	8.01563909e-05
2.64205078e-01	-5.42827671e-11	-8.07075915e-05
2.64597656e-01	5.46561935e-11	8.12625841e-05
2.64990234e-01	-5.50321878e-11	-8.18213945e-05
2.65382813e-01	5.54107676e-11	8.23840492e-05
2.65775391e-01	-5.57919508e-11	-8.29505745e-05
2.66167969e-01	5.61757552e-11	8.35209970e-05
2.66560547e-01	-5.65621990e-11	-8.40953436e-05
2.66953125e-01	5.69513002e-11	8.46736412e-05
2.67345703e-01	-5.73430771e-11	-8.52559171e-05
2.67738281e-01	5.77375482e-11	8.58421985e-05
2.68130859e-01	-5.81347319e-11	-8.64325130e-05
2.68523438e-01	5.85346470e-11	8.70268883e-05
2.68916016e-01	-5.89373121e-11	-8.76253524e-05
2.69308594e-01	5.93427464e-11	8.82279334e-05
2.69701172e-01	-5.97509687e-11	-8.88346596e-05
2.70093750e-01	6.01619983e-11	8.94455595e-05
2.70486328e-01	-6.05758544e-11	-9.00606618e-05
2.70878906e-01	6.09925566e-11	9.06799954e-05
2.71271484e-01	-6.14121244e-11	-9.13035894e-05
2.71664063e-01	6.18345774e-11	9.19314731e-05
2.72056641e-01	-6.22599357e-11	-9.25636760e-05
2.72449219e-01	6.26882191e-11	9.32002278e-05
2.72841797e-01	-6.31194477e-11	-9.38411584e-05
2.73234375e-01	6.35536419e-11	9.44864979e-05
2.73626953e-01	-6.39908220e-11	-9.51362766e-05
2.74019531e-01	6.44310086e-11	9.57905252e-05
2.74412109e-01	-6.48742223e-11	-9.64492742e-05
2.74804688e-01	6.53204840e-11	9.71125547e-05
2.75197266e-01	-6.57698147e-11	-9.77803978e-05
2.75589844e-01	6.62222354e-11	9.84528349e-05
2.75982422e-01	-6.66777673e-11	-9.91298976e-05
2.76375000e-01	6.71364320e-11	9.98116177e-05
2.76767578e-01	-6.75982510e-11	-1.00498027e-04
2.77160156e-01	6.80632459e-11	1.01189158e-04
2.77552734e-01	-6.85314386e-11	-1.01885044e-04
2.77945313e-01	6.90028511e-11	1.02585716e-04
2.78337891e-01	-6.94775055e-11	-1.03291208e-04
2.78730469e-01	6.99554242e-11	1.04001553e-04
2.79123047e-01	-7.04366296e-11	-1.04716784e-04
2.79515625e-01	7.09211443e-11	1.05436935e-04
2.79908203e-01	-7.14089911e-11	-1.06162040e-04
2.80300781e-01	7.19001929e-11	1.06892132e-04
2.80693359e-01	-7.23947727e-11	-1.07627247e-04
2.81085938e-01	7.28927538e-11	1.08367418e-04
2.81478516e-01	-7.33941597e-11	-1.09112681e-04
2.81871094e-01	7.38990138e-11	1.09863070e-04
2.82263672e-01	-7.44073399e-11	-1.10618621e-04
2.82656250e-01	7.49191618e-11	1.11379369e-04
2.83048828e-01	-7.54345037e-11	-1.12145350e-04
2.83441406e-01	7.59533897e-11	1.12916599e-04
2.83833984e-01	-7.64758442e-11	-1.13693154e-04
2.84226563e-01	7.70018917e-11	1.14475051e-04
2.84619141e-01	-7.75315570e-11	-1.15262326e-04
2.85011719e-01	7.80648649e-11	1.16055016e-04
2.85404297e-01	-7.86018406e-11	-1.16853159e-04
2.85796875e-01	7.91425091e-11	1.17656792e-04
2.86189453e-01	-7.96868961e-11	-1.18465952e-04
2.86582031e-01	8.02350269e-11	1.19280679e-04
2.86974609e-01	-8.07869274e-11	-1.20101010e-04
2.87367188e-01	8.13426234e-11	1.20926983e-04
2.87759766e-01	-8.19021412e-11	-1.21758638e-04
2.88152344e-01	8.24655070e-11	1.22596014e-04
2.88544922e-01	-8.30327472e-11	-1.23439149e-04
2.88937500e-01	8.36038886e-11	1.24288084e-04
2.89330078e-01	-8.41789578e-11	-1.25142858e-04
2.89722656e-01	8.47579821e-11	1.26003512e-04
2.90115234e-01	-8.53409885e-11	-1.26870086e-04
2.90507813e-01	8.59280045e-11	1.27742621e-04
2.90900391e-01	-8.65190576e-11	-1.28621157e-04
2.91292969e-01	8.71141756e-11	1.29505736e-04
2.91685547e-01	-8.77133864e-11	-1.30396400e-04
2.92078125e-01	8.83167183e-11	1.31293190e-04
2.92470703e-01	-8.89241996e-11	-1.32196149e-04
2.92863281e-01	8.95358587e-11	1.33105318e-04
2.93255859e-01	-9.01517245e-11	-1.34020742e-04
2.93648438e-01	9.07718259e-11	1.34942462e-04
2.94041016e-01	-9.13961920e-11	-1.35870522e-04
2.94433594e-01	9.20248521e-11	1.36804965e-04
2.94826172e-01	-9.26578358e-11	-1.37745836e-04
2.95218750e-01	9.32951729e-11	1.38693179e-04
2.95611328e-01	-9.39368932e-11	-1.39647038e-04
2.96003906e-01	9.45830269e-11	1.40607458e-04
2.96396484e-01	-9.52336044e-11	-1.41574484e-04
2.96789063e-01	9.58886562e-11	1.42548161e-04
2.97181641e-01	-9.65482132e-11	-1.43528536e-04
2.97574219e-01	9.72123062e-11	1.44515654e-04
2.97966797e-01	-9.78809666e-11	-1.45509562e-04
2.98359375e-01	9.85542257e-11	1.46510307e-04
2.98751953e-01	-9.92321151e-11	-1.47517935e-04
2.99144531e-01	9.99146667e-11	1.48532494e-04
2.99537109e-01	-1.00601913e-10	-1.49554031e-04
2.99929688e-01	1.01293885e-10	1.50582594e-04
3.00322266e-01	-1.01990617e-10	-1.51618233e-04
3.00714844e-01	1.02692140e-10	1.52660995e-04
3.01107422e-01	-1.03398488e-10	-1.53710929e-04
3.01500000e-01	1.04109694e-10	1.54768085e-04
3.01892578e-01	-1.04825791e-10	-1.55832513e-04
3.02285156e-01	1.05546814e-10	1.56904262e-04
3.02677734e-01	-1.06272795e-10	-1.57983383e-04
3.03070313e-01	1.07003769e-10	1.59069926e-04
3.03462891e-01	-1.07739771e-10	-1.60163943e-04
3.03855469e-01	1.08480834e-10	1.61265485e-04
3.04248047e-01	-1.09226995e-10	-1.62374603e-04
3.04640625e-01	1.09978287e-10	1.63491350e-04
3.05033203e-01	-1.10734746e-10	-1.64615779e-04
3.05425781e-01	1.11496407e-10	1.65747942e-04
3.05818359e-01	-1.12263308e-10	-1.66887892e-04
3.06210938e-01	1.13035482e-10	1.68035682e-04
3.06603516e-01	-1.13812968e-10	-1.69191368e-04
3.06996094e-01	1.14595800e-10	1.70355003e-04
3.07388672e-01	-1.15384017e-10	-1.71526641e-04
3.07781250e-01	1.16177654e-10	1.72706339e-04
3.08173828e-01	-1.16976750e-10	-1.73894150e-04
3.08566406e-01	1.17781342e-10	1.75090132e-04
3.08958984e-01	-1.18591468e-10	-1.76294339e-04
3.09351563e-01	1.19407165e-10	1.77506830e-04
3.09744141e-01	-1.20228472e-10	-1.78727660e-04
3.10136719e-01	1.21055429e-10	1.79956888e-04
3.10529297e-01	-1.21888072e-10	-1.81194570e-04
3.10921875e-01	1.22726442e-10	1.82440765e-04
3.11314453e-01	-1.23570579e-10	-1.83695532e-04
3.11707031e-01	1.24420521e-10	1.84958930e-04
3.12099609e-01	-1.25276308e-10	-1.86231017e-04
3.12492188e-01	1.26137982e-10	1.87511854e-04
3.12884766e-01	-1.27005581e-10	-1.88801501e-04
3.13277344e-01	1.27879148e-10	1.90100018e-04
3.13669922e-01	-1.28758723e-10	-1.91407467e-04
3.14062500e-01	1.29644347e-10	1.92723908e-04
3.14455078e-01	-1.30536063e-10	-1.94049404e-04
3.14847656e-01	1.31433911e-10	1.95384018e-04
3.15240234e-01	-1.32337934e-10	-1.96727810e-04
3.15632813e-01	1.33248176e-10	1.98080846e-04
3.16025391e-01	-1.34164677e-10	-1.99443188e-04
3.16417969e-01	1.35087482e-10	2.00814901e-04
3.16810547e-01	-1.36016633e-10	-2.02196048e-04
3.17203125e-01	1.36952176e-10	2.03586695e-04
3.17595703e-01	-1.37894152e-10	-2.04986907e-04
3.17988281e-01	1.38842607e-10	2.06396750e-04
3.18380859e-01	-1.39797585e-10	-2.07816290e-04
3.18773438e-01	1.40759132e-10	2.09245594e-04
3.19166016e-01	-1.41727292e-10	-2.10684729e-04
3.19558594e-01	1.42702110e-10	2.12133762e-04
3.19951172e-01	-1.43683633e-10	-2.13592762e-04
3.20343750e-01	1.44671906e-10	2.15061798e-04
3.20736328e-01	-1.45666977e-10	-2.16540937e-04
3.21128906e-01	1.46668892e-10	2.18030250e-04
3.21521484e-01	-1.47677697e-10	-2.19529807e-04
3.21914063e-01	1.48693441e-10	2.21039678e-04
3.22306641e-01	-1.49716171e-10	-2.22559934e-04
3.22699219e-01	1.50745934e-10	2.24090646e-04
3.23091797e-01	-1.51782781e-10	-2.25631887e-04
3.23484375e-01	1.52826758e-10	2.27183728e-04
3.23876953e-01	-1.53877916e-10	-2.28746244e-04
3.24269531e-01	1.54936303e-10	2.30319506e-04
3.24662109e-01	-1.56001970e-10	-2.31903590e-04
3.25054688e-01	1.57074966e-10	2.33498569e-04
3.25447266e-01	-1.58155342e-10	-2.35104518e-04
3.25839844e-01	1.59243148e-10	2.36721514e-04
3.26232422e-01	-1.60338436e-10	-2.38349631e-04
3.26625000e-01	1.61441258e-10	2.39988946e-04
3.27017578e-01	-1.62551664e-10	-2.41639537e-04
3.27410156e-01	1.63669707e-10	2.43301481e-04
3.27802734e-01	-1.64795440e-10	-2.44974855e-04
3.28195313e-01	1.65928916e-10	2.46659740e-04
3.28587891e-01	-1.67070187e-10	-2.48356213e-04
3.28980469e-01	1.68219308e-10	2.50064354e-04
3.29373047e-01	-1.69376332e-10	-2.51784244e-04
3.29765625e-01	1.70541314e-10	2.53515964e-04
3.30158203e-01	-1.71714308e-10	-2.55259595e-04
3.30550781e-01	1.72895371e-10	2.57015218e-04
3.30943359e-01	-1.74084556e-10	-2.58782917e-04
3.31335938e-01	1.75281920e-10	2.60562774e-04
3.31728516e-01	-1.76487519e-10	-2.62354873e-04
3.32121094e-01	1.77701410e-10	2.64159298e-04
3.32513672e-01	-1.78923651e-10	-2.65976134e-04
3.32906250e-01	1.80154297e-10	2.67805467e-04
3.33298828e-01	-1.81393408e-10	-2.69647381e-04
3.33691406e-01	1.82641041e-10	2.71501965e-04
3.34083984e-01	-1.83897255e-10	-2.73369304e-04
3.34476563e-01	1.85162109e-10	2.75249487e-04
3.34869141e-01	-1.86435662e-10	-2.77142602e-04
3.35261719e-01	1.87717975e-10	2.79048738e-04
3.35654297e-01	-1.89009107e-10	-2.80967985e-04
3.36046875e-01	1.90309119e-10	2.82900432e-04
3.36439453e-01	-1.91618073e-10	-2.84846170e-04
3.36832031e-01	1.92936029e-10	2.86805292e-04
3.37224609e-01	-1.94263050e-10	-2.88777888e-04
3.37617188e-01	1.95599198e-10	2.90764052e-04
3.38009766e-01	-1.96944536e-10	-2.92763877e-04
3.38402344e-01	1.98299127e-10	2.94777456e-04
3.38794922e-01	-1.99663034e-10	-2.96804885e-04
3.39187500e-01	2.01036322e-10	2.98846259e-04
3.39580078e-01	-2.02419056e-10	-3.00901674e-04
3.39972656e-01	2.03811299e-10	3.02971225e-04
3.40365234e-01	-2.05213118e-10	-3.05055011e-04
3.40757813e-01	2.06624579e-10	3.07153130e-04
3.41150391e-01	-2.08045748e-10	-3.09265679e-04
3.41542969e-01	2.09476691e-10	3.11392759e-04
3.41935547e-01	-2.10917475e-10	-3.13534468e-04
3.42328125e-01	2.12368170e-10	3.15690909e-04
3.42720703e-01	-2.13828842e-10	-3.17862181e-04
3.43113281e-01	2.15299560e-10	3.20048387e-04
3.43505859e-01	-2.16780394e-10	-3.22249630e-04
3.43898438e-01	2.18271412e-10	3.24466014e-04
3.44291016e-01	-2.19772686e-10	-3.26697641e-04
3.44683594e-01	2.21284285e-10	3.28944618e-04
3.45076172e-01	-2.22806280e-10	-3.31207050e-04
3.45468750e-01	2.24338744e-10	3.33485042e-04
3.45861328e-01	-2.25881748e-10	-3.35778703e-04
3.46253906e-01	2.27435364e-10	3.38088139e-04
3.46646484e-01	-2.28999666e-10	-3.40413460e-04
3.47039063e-01	2.30574727e-10	3.42754774e-04
3.47431641e-01	-2.32160621e-10	-3.45112192e-04
3.47824219e-01	2.33757422e-10	3.47485825e-04
3.48216797e-01	-2.35365206e-10	-3.49875783e-04
3.48609375e-01	2.36984048e-10	3.52282179e-04
3.49001953e-01	-2.38614025e-10	-3.54705126e-04
3.49394531e-01	2.40255212e-10	3.57144739e-04
3.49787109e-01	-2.41907686e-10	-3.59601131e-04
3.50179688e-01	2.43571527e-10	3.62074418e-04
3.50572266e-01	-2.45246811e-10	-3.64564716e-04
3.50964844e-01	2.46933617e-10	3.67072143e-04
3.51357422e-01	-2.48632025e-10	-3.69596816e-04
3.51750000e-01	2.50342115e-10	3.72138853e-04
3.52142578e-01	-2.52063966e-10	-3.74698375e-04
3.52535156e-01	2.53797660e-10	3.77275501e-04
3.52927734e-01	-2.55543278e-10	-3.79870352e-04
3.53320313e-01	2.57300902e-10	3.82483051e-04
3.53712891e-01	-2.59070615e-10	-3.85113719e-04
3.54105469e-01	2.60852499e-10	3.87762482e-04
3.54498047e-01	-2.62646640e-10	-3.90429463e-04
3.54890625e-01	2.64453120e-10	3.93114787e-04
3.55283203e-01	-2.66272025e-10	-3.95818581e-04
3.55675781e-01	2.68103440e-10	3.98540971e-04
3.56068359e-01	-2.69947451e-10	-4.01282086e-04
3.56460938e-01	2.71804145e-10	4.04042054e-04
3.56853516e-01	-2.73673609e-10	-4.06821006e-04
3.57246094e-01	2.75555932e-10	4.09619071e-04
3.57638672e-01	-2.77451200e-10	-4.12436380e-04
3.58031250e-01	2.79359504e-10	4.15273068e-04
3.58423828e-01	-2.81280933e-10	-4.18129266e-04
3.58816406e-01	2.83215578e-10	4.21005109e-04
3.59208984e-01	-2.85163528e-10	-4.23900732e-04
3.59601563e-01	2.87124877e-10	4.26816271e-04
3.59994141e-01	-2.89099715e-10	-4.29751863e-04
3.60386719e-01	2.91088136e-10	4.32707646e-04
3.60779297e-01	-2.93090233e-10	-4.35683758e-04
3.61171875e-01	2.95106101e-10	4.38680341e-04
3.61564453e-01	-2.97135833e-10	-4.41697533e-04
3.61957031e-01	2.99179526e-10	4.44735478e-04
3.62349609e-01	-3.01237274e-10	-4.47794318e-04
3.62742188e-01	3.03309176e-10	4.50874196e-04
3.63134766e-01	-3.05395328e-10	-4.53975258e-04
3.63527344e-01	3.07495829e-10	4.57097649e-04
3.63919922e-01	-3.09610776e-10	-4.60241515e-04
3.64312500e-01	3.11740270e-10	4.63407005e-04
3.64705078e-01	-3.13884410e-10	-4.66594267e-04
3.65097656e-01	3.16043297e-10	4.69803451e-04
3.65490234e-01	-3.18217033e-10	-4.73034708e-04
3.65882813e-01	3.20405720e-10	4.76288189e-04
3.66275391e-01	-3.22609460e-10	-4.79564047e-04
3.66667969e-01	3.24828357e-10	4.82862437e-04
3.67060547e-01	-3.27062516e-10	-4.86183513e-04
3.67453125e-01	3.29312041e-10	4.89527431e-04
3.67845703e-01	-3.31577038e-10	-4.92894349e-04
3.68238281e-01	3.33857613e-10	4.96284424e-04
3.68630859e-01	-3.36153874e-10	-4.99697816e-04
3.69023438e-01	3.38465928e-10	5.03134685e-04
3.69416016e-01	-3.40793884e-10	-5.06595192e-04
3.69808594e-01	3.43137852e-10	5.10079501e-04
3.70201172e-01	-3.45497942e-10	-5.13587775e-04
3.70593750e-01	3.47874263e-10	5.17120179e-04
3.70986328e-01	-3.50266929e-10	-5.20676878e-04
3.71378906e-01	3.52676052e-10	5.24258040e-04
3.71771484e-01	-3.55101744e-10	-5.27863834e-04
3.72164063e-01	3.57544119e-10	5.31494428e-04
3.72556641e-01	-3.60003294e-10	-5.35149993e-04
3.72949219e-01	3.62479382e-10	5.38830700e-04
3.73341797e-01	-3.64972500e-10	-5.42536724e-04
3.73734375e-01	3.67482766e-10	5.46268237e-04
3.74126953e-01	-3.70010297e-10	-5.50025416e-04
3.74519531e-01	3.72555212e-10	5.53808436e-04
3.74912109e-01	-3.75117631e-10	-5.57617476e-04
3.75304688e-01	3.77697674e-10	5.61452714e-04
3.75697266e-01	-3.80295462e-10	-5.65314331e-04
3.76089844e-01	3.82911118e-10	5.69202508e-04
3.76482422e-01	-3.85544764e-10	-5.73117427e-04
3.76875000e-01	3.88196523e-10	5.77059273e-04
3.77267578e-01	-3.90866522e-10	-5.81028231e-04
3.77660156e-01	3.93554884e-10	5.85024488e-04
3.78052734e-01	-3.96261736e-10	-5.89048230e-04
3.78445313e-01	3.98987206e-10	5.93099648e-04
3.78837891e-01	-4.01731422e-10	-5.97178931e-04
3.79230469e-01	4.04494512e-10	6.01286271e-04
3.79623047e-01	-4.07276606e-10	-6.05421861e-04
3.80015625e-01	4.10077836e-10	6.09585895e-04
3.80408203e-01	-4.12898331e-10	-6.13778570e-04
3.80800781e-01	4.15738226e-10	6.18000082e-04
3.81193359e-01	-4.18597654e-10	-6.22250629e-04
3.81585938e-01	4.21476748e-10	6.26530411e-04
3.81978516e-01	-4.24375645e-10	-6.30839629e-04
3.82371094e-01	4.27294479e-10	6.35178485e-04
3.82763672e-01	-4.30233390e-10	-6.39547185e-04
3.83156250e-01	4.33192513e-10	6.43945932e-04
3.83548828e-01	-4.36171990e-10	-6.48374933e-04
3.83941406e-01	4.39171959e-10	6.52834396e-04
3.84333984e-01	-4.42192561e-10	-6.57324532e-04
3.84726563e-01	4.45233939e-10	6.61845551e-04
3.85119141e-01	-4.48296235e-10	-6.66397665e-04
3.85511719e-01	4.51379594e-10	6.70981088e-04
3.85904297e-01	-4.54484159e-10	-6.75596035e-04
3.86296875e-01	4.57610078e-10	6.80242725e-04
3.86689453e-01	-4.60757496e-10	-6.84921373e-04
3.87082031e-01	4.63926562e-10	6.89632201e-04
3.87474609e-01	-4.67117424e-10	-6.94375431e-04
3.87867188e-01	4.70330233e-10	6.99151283e-04
3.88259766e-01	-4.73565139e-10	-7.03959984e-04
3.88652344e-01	4.76822295e-10	7.08801759e-04
3.89044922e-01	-4.80101853e-10	-7.13676835e-04
3.89437500e-01	4.83403967e-10	7.18585442e-04
3.89830078e-01	-4.86728793e-10	-7.23527810e-04
3.90222656e-01	4.90076487e-10	7.28504171e-04
3.90615234e-01	-4.93447207e-10	-7.33514759e-04
3.91007813e-01	4.96841109e-10	7.38559810e-04
3.91400391e-01	-5.00258355e-10	-7.43639561e-04
3.91792969e-01	5.03699104e-10	7.48754250e-04
3.92185547e-01	-5.07163519e-10	-7.53904117e-04
3.92578125e-01	5.10651761e-10	7.59089405e-04
3.92970703e-01	-5.14163995e-10	-7.64310357e-04
3.93363281e-01	5.17700386e-10	7.69567218e-04
3.93755859e-01	-5.21261100e-10	-7.74860236e-04
3.94148438e-01	5.24846304e-10	7.80189658e-04
3.94541016e-01	-5.28456167e-10	-7.85555737e-04
3.94933594e-01	5.32090858e-10	7.90958722e-04
3.95326172e-01	-5.35750549e-10	-7.96398870e-04
3.95718750e-01	5.39435410e-10	8.01876434e-04
3.96111328e-01	-5.43145616e-10	-8.07391673e-04
3.96503906e-01	5.46881340e-10	8.12944845e-04
3.96896484e-01	-5.50642758e-10	-8.18536211e-04
3.97289063e-01	5.54430047e-10	8.24166035e-04
3.97681641e-01	-5.58243384e-10	-8.29834580e-04
3.98074219e-01	5.62082949e-10	8.35542113e-04
3.98466797e-01	-5.65948923e-10	-8.41288903e-04
3.98859375e-01	5.69841486e-10	8.47075218e-04
3.99251953e-01	-5.73760822e-10	-8.52901331e-04
3.99644531e-01	5.77707115e-10	8.58767516e-04
4.00037109e-01	-5.81680550e-10	-8.64674048e-04
4.00429688e-01	5.85681314e-10	8.70621205e-04
4.00822266e-01	-5.89709595e-10	-8.76609266e-04
4.01214844e-01	5.93765582e-10	8.82638513e-04
4.01607422e-01	-5.97849466e-10	-8.88709229e-04
4.02000000e-01	6.01961439e-10	8.94821698e-04
4.02392578e-01	-6.06101693e-10	-9.00976209e-04
4.02785156e-01	6.10270424e-10	9.07173050e-04
4.03177734e-01	-6.14467826e-10	-9.13412512e-04
4.03570313e-01	6.18694099e-10	9.19694889e-04
4.03962891e-01	-6.22949439e-10	-9.26020476e-04
4.04355469e-01	6.27234047e-10	9.32389570e-04
4.04748047e-01	-6.31548124e-10	-9.38802471e-04
4.05140625e-01	6.35891873e-10	9.45259478e-04
4.05533203e-01	-6.40265498e-10	-9.51760897e-04
4.05925781e-01	6.44669205e-10	9.58307032e-04
4.06318359e-01	-6.49103199e-10	-9.64898191e-04
4.06710938e-01	6.53567691e-10	9.71534683e-04
4.07103516e-01	-6.58062889e-10	-9.78216821e-04
4.07496094e-01	6.62589004e-10	9.84944919e-04
4.07888672e-01	-6.67146250e-10	-9.91719291e-04
4.08281250e-01	6.71734840e-10	9.98540258e-04
4.08673828e-01	-6.76354990e-10	-1.00540814e-03
4.09066406e-01	6.81006917e-10	1.01232326e-03
4.09458984e-01	-6.85690840e-10	-1.01928593e-03
4.09851563e-01	6.90406978e-10	1.02629650e-03
4.10244141e-01	-6.95155554e-10	-1.03335529e-03
4.10636719e-01	6.99936789e-10	1.04046262e-03
4.11029297e-01	-7.04750910e-10	-1.04761884e-03
4.11421875e-01	7.09598142e-10	1.05482428e-03
4.11814453e-01	-7.14478713e-10	-1.06207928e-03
4.12207031e-01	7.19392852e-10	1.06938418e-03
4.12599609e-01	-7.24340790e-10	-1.07673932e-03
4.12992188e-01	7.29322759e-10	1.08414505e-03
4.13384766e-01	-7.34338995e-10	-1.09160172e-03
4.13777344e-01	7.39389731e-10	1.09910967e-03
4.14169922e-01	-7.44475206e-10	-1.10666926e-03
4.14562500e-01	7.49595658e-10	1.11428084e-03
4.14955078e-01	-7.54751329e-10	-1.12194478e-03
4.15347656e-01	7.59942460e-10	1.12966143e-03
4.15740234e-01	-7.65169295e-10	-1.13743115e-03
4.16132813e-01	7.70432080e-10	1.14525431e-03
4.16525391e-01	-7.75731061e-10	-1.15313129e-03
4.16917969e-01	7.81066489e-10	1.16106243e-03
4.17310547e-01	-7.86438613e-10	-1.16904813e-03
4.17703125e-01	7.91847687e-10	1.17708875e-03
4.18095703e-01	-7.97293963e-10	-1.18518468e-03
4.18488281e-01	8.02777699e-10	1.19333629e-03
4.18880859e-01	-8.08299152e-10	-1.20154396e-03
4.19273438e-01	8.13858580e-10	1.20980809e-03
4.19666016e-01	-8.19456246e-10	-1.21812906e-03
4.20058594e-01	8.25092412e-10	1.22650725e-03
4.20451172e-01	-8.30767343e-10	-1.23494308e-03
4.20843750e-01	8.36481306e-10	1.24343692e-03
4.21236328e-01	-8.42234569e-10	-1.25198919e-03
4.21628906e-01	8.48027403e-10	1.26060027e-03
4.22021484e-01	-8.53860079e-10	-1.26927058e-03
4.22414063e-01	8.59732872e-10	1.27800053e-03
4.22806641e-01	-8.65646058e-10	-1.28679052e-03
4.23199219e-01	8.71599914e-10	1.29564097e-03
4.23591797e-01	-8.77594720e-10	-1.30455229e-03
4.23984375e-01	8.83630758e-10	1.31352490e-03
4.24376953e-01	-8.89708312e-10	-1.32255922e-03
4.24769531e-01	8.95827666e-10	1.33165569e-03
4.25162109e-01	-9.01989109e-10	-1.34081471e-03
4.25554688e-01	9.08192930e-10	1.35003673e-03
4.25947266e-01	-9.14439420e-10	-1.35932218e-03
4.26339844e-01	9.20728873e-10	1.36867150e-03
4.26732422e-01	-9.27061584e-10	-1.37808512e-03
4.27125000e-01	9.33437852e-10	1.38756348e-03
4.27517578e-01	-9.39857974e-10	-1.39710704e-03
4.27910156e-01	9.46322254e-10	1.40671624e-03
4.28302734e-01	-9.52830995e-10	-1.41639153e-03
4.28695313e-01	9.59384502e-10	1.42613336e-03
4.29087891e-01	-9.65983084e-10	-1.43594220e-03
4.29480469e-01	9.72627050e-10	1.44581850e-03
4.29873047e-01	-9.79316714e-10	-1.45576273e-03
4.30265625e-01	9.86052388e-10	1.46577536e-03
4.30658203e-01	-9.92834389e-10	-1.47585685e-03
4.31050781e-01	9.99663037e-10	1.48600768e-03
4.31443359e-01	-1.00653865e-09	-1.49622833e-03
4.31835938e-01	1.01346156e-09	1.50651928e-03
4.32228516e-01	-1.02043208e-09	-1.51688101e-03
4.32621094e-01	1.02745054e-09	1.52731400e-03
4.33013672e-01	-1.03451727e-09	-1.53781875e-03
4.33406250e-01	1.04163261e-09	1.54839575e-03
4.33798828e-01	-1.04879689e-09	-1.55904550e-03
4.34191406e-01	1.05601044e-09	1.56976850e-03
4.34583984e-01	-1.06327361e-09	-1.58056525e-03
4.34976563e-01	1.07058673e-09	1.59143626e-03
4.35369141e-01	-1.07795016e-09	-1.60238204e-03
4.35761719e-01	1.08536422e-09	1.61340311e-03
4.36154297e-01	-1.09282928e-09	-1.62449997e-03
4.36546875e-01	1.10034569e-09	1.63567316e-03
4.36939453e-01	-1.10791379e-09	-1.64692320e-03
4.37332031e-01	1.11553395e-09	1.65825062e-03
4.37724609e-01	-1.12320651e-09	-1.66965594e-03
4.38117188e-01	1.13093185e-09	1.68113971e-03
4.38509766e-01	-1.13871032e-09	-1.69270247e-03
4.38902344e-01	1.14654229e-09	1.70434475e-03
4.39294922e-01	-1.15442813e-09	-1.71606710e-03
4.39687500e-01	1.16236821e-09	1.72787009e-03
4.40080078e-01	-1.17036290e-09	-1.73975425e-03
4.40472656e-01	1.17841257e-09	1.75172015e-03
4.40865234e-01	-1.18651761e-09	-1.76376835e-03
4.41257813e-01	1.19467840e-09	1.77589942e-03
4.41650391e-01	-1.20289531e-09	-1.78811392e-03
4.42042969e-01	1.21116874e-09	1.80041244e-03
4.42435547e-01	-1.21949908e-09	-1.81279554e-03
4.42828125e-01	1.22788671e-09	1.82526382e-03
4.43220703e-01	-1.23633203e-09	-1.83781785e-03
4.43613281e-01	1.24483543e-09	1.85045822e-03
4.44005859e-01	-1.25339733e-09	-1.86318554e-03
4.44398438e-01	1.26201811e-09	1.87600039e-03
4.44791016e-01	-1.27069818e-09	-1.88890338e-03
4.45183594e-01	1.27943795e-09	1.90189512e-03
4.45576172e-01	-1.28823784e-09	-1.91497622e-03
4.45968750e-01	1.29709825e-09	1.92814728e-03
4.46361328e-01	-1.30601960e-09	-1.94140894e-03
4.46753906e-01	1.31500231e-09	1.95476180e-03
4.47146484e-01	-1.32404681e-09	-1.96820651e-03
4.47539063e-01	1.33315351e-09	1.98174369e-03
4.47931641e-01	-1.34232284e-09	-1.99537398e-03
4.48324219e-01	1.35155525e-09	2.00909801e-03
4.48716797e-01	-1.36085115e-09	-2.02291644e-03
4.49109375e-01	1.37021099e-09	2.03682991e-03
4.49501953e-01	-1.37963520e-09	-2.05083908e-03
4.49894531e-01	1.38912424e-09	2.06494460e-03
4.50287109e-01	-1.39867854e-09	-2.07914714e-03
4.50679688e-01	1.40829855e-09	2.09344736e-03
4.51072266e-01	-1.41798473e-09	-2.10784594e-03
4.51464844e-01	1.42773753e-09	2.12234355e-03
4.51857422e-01	-1.43755741e-09	-2.13694087e-03
4.52250000e-01	1.44744483e-09	2.15163859e-03
4.52642578e-01	-1.45740025e-09	-2.16643741e-03
4.53035156e-01	1.46742415e-09	2.18133801e-03
4.53427734e-01	-1.47751699e-09	-2.19634109e-03
4.53820313e-01	1.48767925e-09	2.21144736e-03
4.54212891e-01	-1.49791140e-09	-2.22665753e-03
4.54605469e-01	1.50821393e-09	2.24197232e-03
4.54998047e-01	-1.51858732e-09	-2.25739244e-03
4.55390625e-01	1.52903205e-09	2.27291862e-03
4.55783203e-01	-1.53954863e-09	-2.28855159e-03
4.56175781e-01	1.55013754e-09	2.30429208e-03
4.56568359e-01	-1.56079927e-09	-2.32014084e-03
4.56960938e-01	1.57153434e-09	2.33609860e-03
4.57353516e-01	-1.58234324e-09	-2.35216611e-03
4.57746094e-01	1.59322649e-09	2.36834414e-03
4.58138672e-01	-1.60418459e-09	-2.38463344e-03
4.58531250e-01	1.61521806e-09	2.40103477e-03
4.58923828e-01	-1.62632741e-09	-2.41754891e-03
4.59316406e-01	1.63751318e-09	2.43417664e-03
4.59708984e-01	-1.64877588e-09	-2.45091873e-03
4.60101563e-01	1.66011604e-09	2.46777597e-03
4.60494141e-01	-1.67153420e-09	-2.48474915e-03
4.60886719e-01	1.68303089e-09	2.50183908e-03
4.61279297e-01	-1.69460666e-09	-2.51904654e-03
4.61671875e-01	1.70626205e-09	2.53637236e-03
4.62064453e-01	-1.71799760e-09	-2.55381735e-03
4.62457031e-01	1.72981386e-09	2.57138232e-03
4.62849609e-01	-1.74171140e-09	-2.58906810e-03
4.63242188e-01	1.75369077e-09	2.60687552e-03
4.63634766e-01	-1.76575253e-09	-2.62480542e-03
4.64027344e-01	1.77789725e-09	2.64285864e-03
4.64419922e-01	-1.79012550e-09	-2.66103603e-03
4.64812500e-01	1.80243786e-09	2.67933844e-03
4.65205078e-01	-1.81483490e-09	-2.69776674e-03
4.65597656e-01	1.82731720e-09	2.71632178e-03
4.65990234e-01	-1.83988536e-09	-2.73500444e-03
4.66382813e-01	1.85253996e-09	2.75381560e-03
4.66775391e-01	-1.86528160e-09	-2.77275615e-03
4.67167969e-01	1.87811087e-09	2.79182696e-03
4.67560547e-01	-1.89102839e-09	-2.81102895e-03
4.67953125e-01	1.90403474e-09	2.83036300e-03
4.68345703e-01	-1.91713056e-09	-2.84983003e-03
4.68738281e-01	1.93031645e-09	2.86943095e-03
4.69130859e-01	-1.94359303e-09	-2.88916669e-03
4.69523438e-01	1.95696092e-09	2.90903817e-03
4.69916016e-01	-1.97042076e-09	-2.92904633e-03
4.70308594e-01	1.98397317e-09	2.94919209e-03
4.70701172e-01	-1.99761880e-09	-2.96947642e-03
4.71093750e-01	2.01135828e-09	2.98990027e-03
4.71486328e-01	-2.02519226e-09	-3.01046458e-03
4.71878906e-01	2.03912139e-09	3.03117034e-03
4.72271484e-01	-2.05314632e-09	-3.05201851e-03
4.72664063e-01	2.06726771e-09	3.07301007e-03
4.73056641e-01	-2.08148623e-09	-3.09414601e-03
4.73449219e-01	2.09580255e-09	3.11542732e-03
4.73841797e-01	-2.11021733e-09	-3.13685501e-03
4.74234375e-01	2.12473125e-09	3.15843007e-03
4.74626953e-01	-2.13934500e-09	-3.18015352e-03
4.75019531e-01	2.15405926e-09	3.20202639e-03
4.75412109e-01	-2.16887473e-09	-3.22404969e-03
4.75804688e-01	2.18379209e-09	3.24622447e-03
4.76197266e-01	-2.19881206e-09	-3.26855177e-03
4.76589844e-01	2.21393533e-09	3.29103263e-03
4.76982422e-01	-2.22916262e-09	-3.31366812e-03
4.77375000e-01	2.24449464e-09	3.33645929e-03
4.77767578e-01	-2.25993212e-09	-3.35940721e-03
4.78160156e-01	2.27547577e-09	3.38251297e-03
4.78552734e-01	-2.29112633e-09	-3.40577765e-03
4.78945313e-01	2.30688453e-09	3.42920234e-03
4.79337891e-01	-2.32275112e-09	-3.45278815e-03
4.79730469e-01	2.33872683e-09	3.47653617e-03
4.80123047e-01	-2.35481243e-09	-3.50044754e-03
4.80515625e-01	2.37100866e-09	3.52452336e-03
4.80908203e-01	-2.38731629e-09	-3.54876478e-03
4.81300781e-01	2.40373608e-09	3.57317293e-03
4.81693359e-01	-2.42026880e-09	-3.59774895e-03
4.82085938e-01	2.43691524e-09	3.62249401e-03
4.82478516e-01	-2.45367617e-09	-3.64740926e-03
4.82871094e-01	2.47055237e-09	3.67249588e-03
4.83263672e-01	-2.48754466e-09	-3.69775504e-03
4.83656250e-01	2.50465381e-09	3.72318793e-03
4.84048828e-01	-2.52188064e-09	-3.74879575e-03
4.84441406e-01	2.53922595e-09	3.77457969e-03
4.84833984e-01	-2.55669057e-09	-3.80054098e-03
4.85226563e-01	2.57427530e-09	3.82668083e-03
4.85619141e-01	-2.59198098e-09	-3.85300046e-03
4.86011719e-01	2.60980844e-09	3.87950112e-03
4.86404297e-01	-2.62775852e-09	-3.90618405e-03
4.86796875e-01	2.64583205e-09	3.93305050e-03
4.87189453e-01	-2.66402989e-09	-3.96010174e-03
4.87582031e-01	2.68235290e-09	3.98733903e-03
4.87974609e-01	-2.70080193e-09	-4.01476366e-03
4.88367188e-01	2.71937785e-09	4.04237691e-03
4.88759766e-01	-2.73808154e-09	-4.07018009e-03
4.89152344e-01	2.75691387e-09	4.09817449e-03
4.89544922e-01	-2.77587572e-09	-4.12636144e-03
4.89937500e-01	2.79496800e-09	4.15474226e-03
4.90330078e-01	-2.81419158e-09	-4.18331827e-03
4.90722656e-01	2.83354739e-09	4.21209084e-03
4.91115234e-01	-2.85303633e-09	-4.24106129e-03
4.91507813e-01	2.87265931e-09	4.27023100e-03
4.91900391e-01	-2.89241725e-09	-4.29960134e-03
4.92292969e-01	2.91231109e-09	4.32917369e-03
4.92685547e-01	-2.93234175e-09	-4.35894944e-03
4.93078125e-01	2.95251019e-09	4.38892998e-03
4.93470703e-01	-2.97281734e-09	-4.41911672e-03
4.93863281e-01	2.99326417e-09	4.44951108e-03
4.94255859e-01	-3.01385162e-09	-4.48011450e-03
4.94648438e-01	3.03458068e-09	4.51092840e-03
4.95041016e-01	-3.05545230e-09	-4.54195424e-03
4.95433594e-01	3.07646748e-09	4.57319348e-03
4.95826172e-01	-3.09762721e-09	-4.60464757e-03
4.96218750e-01	3.11893246e-09	4.63631800e-03
4.96611328e-01	-3.14038425e-09	-4.66820626e-03
4.97003906e-01	3.16198359e-09	4.70031385e-03
4.97396484e-01	-3.18373149e-09	-4.73264227e-03
4.97789063e-01	3.20562896e-09	4.76519304e-03
4.98181641e-01	-3.22767705e-09	-4.79796769e-03
4.98574219e-01	3.24987678e-09	4.83096777e-03
4.98966797e-01	-3.27222920e-09	-4.86419482e-03
4.99359375e-01	3.29473535e-09	4.89765040e-03
4.99751953e-01	-3.31739630e-09	-4.93133608e-03
5.00144531e-01	3.34021312e-09	4.96525346e-03
5.00537109e-01	-3.36318686e-09	-4.99940411e-03
5.00929688e-01	3.38631862e-09	5.03378965e-03
5.01322266e-01	-3.40960947e-09	-5.06841169e-03
5.01714844e-01	3.43306052e-09	5.10327186e-03
5.02107422e-01	-3.45667286e-09	-5.13837180e-03
5.02500000e-01	3.48044761e-09	5.17371315e-03
5.02892578e-01	-3.50438588e-09	-5.20929757e-03
5.03285156e-01	3.52848879e-09	5.24512675e-03
5.03677734e-01	-3.55275748e-09	-5.28120235e-03
5.04070313e-01	3.57719309e-09	5.31752608e-03
5.04462891e-01	-3.60179677e-09	-5.35409964e-03
5.04855469e-01	3.62656967e-09	5.39092475e-03
5.05248047e-01	-3.65151295e-09	-5.42800314e-03
5.05640625e-01	3.67662779e-09	5.46533655e-03
5.06033203e-01	-3.70191537e-09	-5.50292674e-03
5.06425781e-01	3.72737688e-09	5.54077547e-03
5.06818359e-01	-3.75301351e-09	-5.57888453e-03
5.07210938e-01	3.77882646e-09	5.61725569e-03
5.07603516e-01	-3.80481696e-09	-5.65589077e-03
5.07996094e-01	3.83098622e-09	5.69479158e-03
5.08388672e-01	-3.85733546e-09	-5.73395995e-03
5.08781250e-01	3.88386594e-09	5.77339771e-03
5.09173828e-01	-3.91057889e-09	-5.81310672e-03
5.09566406e-01	3.93747556e-09	5.85308885e-03
5.09958984e-01	-3.96455724e-09	-5.89334597e-03
5.10351563e-01	3.99182517e-09	5.93387998e-03
5.10744141e-01	-4.01928066e-09	-5.97469278e-03
5.11136719e-01	4.04692498e-09	6.01578628e-03
5.11529297e-01	-4.07475944e-09	-6.05716243e-03
5.11921875e-01	4.10278534e-09	6.09882315e-03
5.12314453e-01	-4.13100400e-09	-6.14077042e-03
5.12707031e-01	4.15941675e-09	6.18300619e-03
5.13099609e-01	-4.18802491e-09	-6.22553246e-03
5.13492188e-01	4.21682985e-09	6.26835122e-03
5.13884766e-01	-4.24583290e-09	-6.31146449e-03
5.14277344e-01	4.27503543e-09	6.35487429e-03
5.14669922e-01	-4.30443881e-09	-6.39858265e-03
5.15062500e-01	4.33404443e-09	6.44259164e-03
5.15455078e-01	-4.36385367e-09	-6.48690332e-03
5.15847656e-01	4.39386794e-09	6.53151978e-03
5.16240234e-01	-4.42408865e-09	-6.57644310e-03
5.16632813e-01	4.45451721e-09	6.62167540e-03
5.17025391e-01	-4.48515506e-09	-6.66721880e-03
5.17417969e-01	4.51600363e-09	6.71307545e-03
5.17810547e-01	-4.54706438e-09	-6.75924750e-03
5.18203125e-01	4.57833876e-09	6.80573712e-03
5.18595703e-01	-4.60982824e-09	-6.85254648e-03
5.18988281e-01	4.64153430e-09	6.89967780e-03
5.19380859e-01	-4.67345844e-09	-6.94713329e-03
5.19773438e-01	4.70560215e-09	6.99491517e-03
5.20166016e-01	-4.73796694e-09	-7.04302569e-03
5.20558594e-01	4.77055433e-09	7.09146711e-03
5.20951172e-01	-4.80336586e-09	-7.14024171e-03
5.21343750e-01	4.83640306e-09	7.18935178e-03
5.21736328e-01	-4.86966749e-09	-7.23879962e-03
5.22128906e-01	4.90316071e-09	7.28858756e-03
5.22521484e-01	-4.93688429e-09	-7.33871794e-03
5.22914063e-01	4.97083983e-09	7.38919311e-03
5.23306641e-01	-5.00502890e-09	-7.44001545e-03
5.23699219e-01	5.03945313e-09	7.49118733e-03
5.24091797e-01	-5.07411412e-09	-7.54271118e-03
5.24484375e-01	5.10901351e-09	7.59458940e-03
5.24876953e-01	-5.14415294e-09	-7.64682444e-03
5.25269531e-01	5.17953405e-09	7.69941874e-03
5.25662109e-01	-5.21515851e-09	-7.75237479e-03
5.26054688e-01	5.25102799e-09	7.80569506e-03
5.26447266e-01	-5.28714418e-09	-7.85938207e-03
5.26839844e-01	5.32350877e-09	7.91343833e-03
5.27232422e-01	-5.36012348e-09	-7.96786639e-03
5.27625000e-01	5.39699002e-09	8.02266880e-03
5.28017578e-01	-5.43411012e-09	-8.07784813e-03
5.28410156e-01	5.47148554e-09	8.13340699e-03
5.28802734e-01	-5.50911802e-09	-8.18934798e-03
5.29195313e-01	5.54700933e-09	8.24567372e-03
5.29587891e-01	-5.58516126e-09	-8.30238687e-03
5.29980469e-01	5.62357560e-09	8.35949008e-03
5.30373047e-01	-5.66225414e-09	-8.41698605e-03
5.30765625e-01	5.70119871e-09	8.47487747e-03
5.31158203e-01	-5.74041114e-09	-8.53316707e-03
5.31550781e-01	5.77989328e-09	8.59185757e-03
5.31943359e-01	-5.81964696e-09	-8.65095175e-03
5.32335938e-01	5.85967407e-09	8.71045237e-03
5.32728516e-01	-5.89997648e-09	-8.77036223e-03
5.33121094e-01	5.94055609e-09	8.83068415e-03
5.33513672e-01	-5.98141481e-09	-8.89142095e-03
5.33906250e-01	6.02255454e-09	8.95257551e-03
5.34298828e-01	-6.06397724e-09	-9.01415067e-03
5.34691406e-01	6.10568483e-09	9.07614935e-03
5.35083984e-01	-6.14767929e-09	-9.13857445e-03
5.35476563e-01	6.18996258e-09	9.20142890e-03
5.35869141e-01	-6.23253669e-09	-9.26471566e-03
5.36261719e-01	6.27540363e-09	9.32843771e-03
5.36654297e-01	-6.31856540e-09	-9.39259803e-03
5.37046875e-01	6.36202403e-09	9.45719964e-03
5.37439453e-01	-6.40578157e-09	-9.52224557e-03
5.37832031e-01	6.44984007e-09	9.58773889e-03
5.38224609e-01	-6.49420160e-09	-9.65368266e-03
5.38617188e-01	6.53886825e-09	9.72007999e-03
5.39009766e-01	-6.58384211e-09	-9.78693400e-03
5.39402344e-01	6.62912530e-09	9.85424783e-03
5.39794922e-01	-6.67471994e-09	-9.92202463e-03
5.40187500e-01	6.72062818e-09	9.99026760e-03
5.40580078e-01	-6.76685217e-09	-1.00589799e-02
5.40972656e-01	6.81339409e-09	1.01281649e-02
5.41365234e-01	-6.86025612e-09	-1.01978257e-02
5.41757813e-01	6.90744046e-09	1.02679656e-02
5.42150391e-01	-6.95494933e-09	-1.03385879e-02
5.42542969e-01	7.00278497e-09	1.04096959e-02
5.42935547e-01	-7.05094961e-09	-1.04812931e-02
5.43328125e-01	7.09944553e-09	1.05533827e-02
5.43720703e-01	-7.14827500e-09	-1.06259681e-02
5.44113281e-01	7.19744032e-09	1.06990527e-02
5.44505859e-01	-7.24694379e-09	-1.07726400e-02
5.44898438e-01	7.29678774e-09	1.08467334e-02
5.45291016e-01	-7.34697452e-09	-1.09213365e-02
5.45683594e-01	7.39750647e-09	1.09964527e-02
5.46076172e-01	-7.44838598e-09	-1.10720855e-02
5.46468750e-01	7.49961544e-09	1.11482385e-02
5.46861328e-01	-7.55119725e-09	-1.12249152e-02
5.47253906e-01	7.60313384e-09	1.13021194e-02
5.47646484e-01	-7.65542764e-09	-1.13798546e-02
5.48039063e-01	7.70808111e-09	1.14581244e-02
5.48431641e-01	-7.76109673e-09	-1.15369325e-02
5.48824219e-01	7.81447699e-09	1.16162827e-02
5.49216797e-01	-7.86822440e-09	-1.16961787e-02
5.49609375e-01	7.92234147e-09	1.17766241e-02
5.50001953e-01	-7.97683076e-09	-1.18576229e-02
5.50394531e-01	8.03169482e-09	1.19391788e-02
5.50787109e-01	-8.08693623e-09	-1.20212956e-02
5.51179688e-01	8.14255759e-09	1.21039772e-02
5.51572266e-01	-8.19856151e-09	-1.21872275e-02
5.51964844e-01	8.25495062e-09	1.22710503e-02
5.52357422e-01	-8.31172757e-09	-1.23554497e-02
5.52750000e-01	8.36889502e-09	1.24404296e-02
5.53142578e-01	-8.42645568e-09	-1.25259940e-02
5.53535156e-01	8.48441222e-09	1.26121469e-02
5.53927734e-01	-8.54276739e-09	-1.26988923e-02
5.54320313e-01	8.60152393e-09	1.27862344e-02
5.54712891e-01	-8.66068458e-09	-1.28741771e-02
5.55105469e-01	8.72025214e-09	1.29627248e-02
5.55498047e-01	-8.78022940e-09	-1.30518815e-02
5.55890625e-01	8.84061918e-09	1.31416514e-02
5.56283203e-01	-8.90142431e-09	-1.32320387e-02
5.56675781e-01	8.96264766e-09	1.33230477e-02
5.57068359e-01	-9.02429210e-09	-1.34146827e-02
5.57460938e-01	9.08636052e-09	1.35069479e-02
5.57853516e-01	-9.14885585e-09	-1.35998477e-02
5.58246094e-01	9.21178101e-09	1.36933865e-02
5.58638672e-01	-9.27513897e-09	-1.37875686e-02
5.59031250e-01	9.33893270e-09	1.38823985e-02
5.59423828e-01	-9.40316520e-09	-1.39778806e-02
5.59816406e-01	9.46783948e-09	1.40740195e-02
5.60208984e-01	-9.53295859e-09	-1.41708195e-02
5.60601563e-01	9.59852559e-09	1.42682854e-02
5.60994141e-01	-9.66454355e-09	-1.43664216e-02
5.61386719e-01	9.73101557e-09	1.44652328e-02
5.61779297e-01	-9.79794479e-09	-1.45647237e-02
5.62171875e-01	9.86533434e-09	1.46648988e-02
5.62564453e-01	-9.93318739e-09	-1.47657629e-02
5.62957031e-01	1.00015071e-08	1.48673207e-02
5.63349609e-01	-1.00702968e-08	-1.49695771e-02
5.63742188e-01	1.01395595e-08	1.50725368e-02
5.64134766e-01	-1.02092987e-08	-1.51762046e-02
5.64527344e-01	1.02795175e-08	1.52805854e-02
5.64919922e-01	-1.03502193e-08	-1.53856842e-02
5.65312500e-01	1.04214073e-08	1.54915058e-02
5.65705078e-01	-1.04930850e-08	-1.55980552e-02
5.66097656e-01	1.05652557e-08	1.57053375e-02
5.66490234e-01	-1.06379227e-08	-1.58133577e-02
5.66882813e-01	1.07110896e-08	1.59221208e-02
5.67275391e-01	-1.07847597e-08	-1.60316320e-02
5.67667969e-01	1.08589365e-08	1.61418964e-02
5.68060547e-01	-1.09336234e-08	-1.62529192e-02
5.68453125e-01	1.10088241e-08	1.63647056e-02
5.68845703e-01	-1.10845420e-08	-1.64772609e-02
5.69238281e-01	1.11607807e-08	1.65905903e-02
5.69630859e-01	-1.12375437e-08	-1.67046992e-02
5.70023438e-01	1.13148347e-08	1.68195929e-02
5.70416016e-01	-1.13926573e-08	-1.69352768e-02
5.70808594e-01	1.14710152e-08	1.70517564e-02
5.71201172e-01	-1.15499120e-08	-1.71690372e-02
5.71593750e-01	1.16293514e-08	1.72871246e-02
5.71986328e-01	-1.17093373e-08	-1.74060241e-02
5.72378906e-01	1.17898732e-08	1.75257415e-02
5.72771484e-01	-1.18709631e-08	-1.76462823e-02
5.73164063e-01	1.19526107e-08	1.77676521e-02
5.73556641e-01	-1.20348199e-08	-1.78898568e-02
5.73949219e-01	1.21175945e-08	1.80129019e-02
5.74341797e-01	-1.22009385e-08	-1.81367933e-02
5.74734375e-01	1.22848556e-08	1.82615369e-02
5.75126953e-01	-1.23693500e-08	-1.83871384e-02
5.75519531e-01	1.24544255e-08	1.85136038e-02
5.75912109e-01	-1.25400861e-08	-1.86409390e-02
5.76304688e-01	1.26263359e-08	1.87691501e-02
5.76697266e-01	-1.27131789e-08	-1.88982429e-02
5.77089844e-01	1.28006192e-08	1.90282236e-02
5.77482422e-01	-1.28886610e-08	-1.91590984e-02
5.77875000e-01	1.29773082e-08	1.92908733e-02
5.78267578e-01	-1.30665652e-08	-1.94235545e-02
5.78660156e-01	1.31564361e-08	1.95571483e-02
5.79052734e-01	-1.32469251e-08	-1.96916609e-02
5.79445313e-01	1.33380365e-08	1.98270988e-02
5.79837891e-01	-1.34297745e-08	-1.99634681e-02
5.80230469e-01	1.35221435e-08	2.01007754e-02
5.80623047e-01	-1.36151478e-08	-2.02390271e-02
5.81015625e-01	1.37087918e-08	2.03782296e-02
5.81408203e-01	-1.38030799e-08	-2.05183896e-02
5.81800781e-01	1.38980165e-08	2.06595136e-02
5.82193359e-01	-1.39936060e-08	-2.08016082e-02
5.82585938e-01	1.40898530e-08	2.09446802e-02
5.82978516e-01	-1.41867620e-08	-2.10887362e-02
5.83371094e-01	1.42843375e-08	2.12337830e-02
5.83763672e-01	-1.43825841e-08	-2.13798274e-02
5.84156250e-01	1.44815065e-08	2.15268763e-02
5.84548828e-01	-1.45811092e-08	-2.16749366e-02
5.84941406e-01	1.46813971e-08	2.18240152e-02
5.85333984e-01	-1.47823746e-08	-2.19741192e-02
5.85726563e-01	1.48840467e-08	2.21252556e-02
5.86119141e-01	-1.49864181e-08	-2.22774315e-02
5.86511719e-01	1.50894936e-08	2.24306541e-02
5.86904297e-01	-1.51932780e-08	-2.25849305e-02
5.87296875e-01	1.52977763e-08	2.27402680e-02
5.87689453e-01	-1.54029933e-08	-2.28966739e-02
5.88082031e-01	1.55089339e-08	2.30541555e-02
5.88474609e-01	-1.56156033e-08	-2.32127204e-02
5.88867188e-01	1.57230062e-08	2.33723758e-02
5.89259766e-01	-1.58311479e-08	-2.35331293e-02
5.89652344e-01	1.59400334e-08	2.36949884e-02
5.90044922e-01	-1.60496678e-08	-2.38579608e-02
5.90437500e-01	1.61600562e-08	2.40220541e-02
5.90830078e-01	-1.62712039e-08	-2.41872761e-02
5.91222656e-01	1.63831161e-08	2.43536344e-02
5.91615234e-01	-1.64957979e-08	-2.45211369e-02
5.92007813e-01	1.66092548e-08	2.46897915e-02
5.92400391e-01	-1.67234921e-08	-2.48596061e-02
5.92792969e-01	1.68385150e-08	2.50305887e-02
5.93185547e-01	-1.69543291e-08	-2.52027473e-02
5.93578125e-01	1.70709397e-08	2.53760899e-02
5.93970703e-01	-1.71883524e-08	-2.55506248e-02
5.94363281e-01	1.73065726e-08	2.57263602e-02
5.94755859e-01	-1.74256060e-08	-2.59033042e-02
5.95148438e-01	1.75454580e-08	2.60814652e-02
5.95541016e-01	-1.76661344e-08	-2.62608517e-02
5.95933594e-01	1.77876408e-08	2.64414719e-02
5.96326172e-01	-1.79099829e-08	-2.66233344e-02
5.96718750e-01	1.80331664e-08	2.68064478e-02
5.97111328e-01	-1.81571972e-08	-2.69908206e-02
5.97503906e-01	1.82820811e-08	2.71764615e-02
5.97896484e-01	-1.84078239e-08	-2.73633792e-02
5.98289063e-01	1.85344316e-08	2.75515825e-02
5.98681641e-01	-1.86619101e-08	-2.77410803e-02
5.99074219e-01	1.87902653e-08	2.79318814e-02
5.99466797e-01	-1.89195034e-08	-2.81239949e-02
5.99859375e-01	1.90496303e-08	2.83174297e-02
6.00251953e-01	-1.91806523e-08	-2.85121949e-02
6.00644531e-01	1.93125754e-08	2.87082997e-02
6.01037109e-01	-1.94454059e-08	-2.89057533e-02
6.01429688e-01	1.95791500e-08	2.91045650e-02
6.01822266e-01	-1.97138139e-08	-2.93047440e-02
6.02214844e-01	1.98494041e-08	2.95062999e-02
6.02607422e-01	-1.99859269e-08	-2.97092421e-02
6.03000000e-01	2.01233886e-08	2.99135801e-02
6.03392578e-01	-2.02617958e-08	-3.01193235e-02
6.03785156e-01	2.04011550e-08	3.03264821e-02
6.04177734e-01	-2.05414726e-08	-3.05350654e-02
6.04570313e-01	2.06827553e-08	3.07450834e-02
6.04962891e-01	-2.08250098e-08	-3.09565458e-02
6.05355469e-01	2.09682427e-08	3.11694627e-02
6.05748047e-01	-2.11124608e-08	-3.13838440e-02
6.06140625e-01	2.12576707e-08	3.15996998e-02
6.06533203e-01	-2.14038794e-08	-3.18170402e-02
6.06925781e-01	2.15510937e-08	3.20358755e-02
6.07318359e-01	-2.16993206e-08	-3.22562159e-02
6.07710938e-01	2.18485669e-08	3.24780718e-02
6.08103516e-01	-2.19988398e-08	-3.27014536e-02
6.08496094e-01	2.21501462e-08	3.29263718e-02
6.08888672e-01	-2.23024933e-08	-3.31528370e-02
6.09281250e-01	2.24558882e-08	3.33808598e-02
6.09673828e-01	-2.26103381e-08	-3.36104509e-02
6.10066406e-01	2.27658504e-08	3.38416212e-02
6.10458984e-01	-2.29224322e-08	-3.40743814e-02
6.10851563e-01	2.30800910e-08	3.43087425e-02
6.11244141e-01	-2.32388342e-08	-3.45447155e-02
6.11636719e-01	2.33986692e-08	3.47823116e-02
6.12029297e-01	-2.35596036e-08	-3.50215418e-02
6.12421875e-01	2.37216448e-08	3.52624174e-02
6.12814453e-01	-2.38848005e-08	-3.55049497e-02
6.13207031e-01	2.40490784e-08	3.57491502e-02
6.13599609e-01	-2.42144862e-08	-3.59950302e-02
6.13992188e-01	2.43810317e-08	3.62426014e-02
6.14384766e-01	-2.45487226e-08	-3.64918754e-02
6.14777344e-01	2.47175670e-08	3.67428639e-02
6.15169922e-01	-2.48875726e-08	-3.69955786e-02
6.15562500e-01	2.50587475e-08	3.72500315e-02
6.15955078e-01	-2.52310997e-08	-3.75062345e-02
6.16347656e-01	2.54046374e-08	3.77641997e-02
6.16740234e-01	-2.55793686e-08	-3.80239391e-02
6.17132813e-01	2.57553016e-08	3.82854649e-02
6.17525391e-01	-2.59324447e-08	-3.85487896e-02
6.17917969e-01	2.61108062e-08	3.88139253e-02
6.18310547e-01	-2.62903944e-08	-3.90808847e-02
6.18703125e-01	2.64712178e-08	3.93496802e-02
6.19095703e-01	-2.66532849e-08	-3.96203244e-02
6.19488281e-01	2.68366042e-08	3.98928301e-02
6.19880859e-01	-2.70211844e-08	-4.01672101e-02
6.20273438e-01	2.72070341e-08	4.04434772e-02
6.20666016e-01	-2.73941621e-08	-4.07216445e-02
6.21058594e-01	2.75825772e-08	4.10017250e-02
6.21451172e-01	-2.77722881e-08	-4.12837319e-02
6.21843750e-01	2.79633039e-08	4.15676784e-02
6.22236328e-01	-2.81556334e-08	-4.18535779e-02
6.22628906e-01	2.83492858e-08	4.21414437e-02
6.23021484e-01	-2.85442701e-08	-4.24312895e-02
6.23414063e-01	2.87405955e-08	4.27231288e-02
6.23806641e-01	-2.89382712e-08	-4.30169754e-02
6.24199219e-01	2.91373065e-08	4.33128430e-02
6.24591797e-01	-2.93377108e-08	-4.36107456e-02
6.24984375e-01	2.95394934e-08	4.39106971e-02
6.25376953e-01	-2.97426639e-08	-4.42127117e-02
6.25769531e-01	2.99472318e-08	4.45168035e-02
6.26162109e-01	-3.01532066e-08	-4.48229868e-02
6.26554688e-01	3.03605982e-08	4.51312760e-02
6.26947266e-01	-3.05694161e-08	-4.54416857e-02
6.27339844e-01	3.07796703e-08	4.57542303e-02
6.27732422e-01	-3.09913707e-08	-4.60689245e-02
6.28125000e-01	3.12045270e-08	4.63857832e-02
6.28517578e-01	-3.14191495e-08	-4.67048213e-02
6.28910156e-01	3.16352481e-08	4.70260536e-02
6.29302734e-01	-3.18528330e-08	-4.73494954e-02
6.29695313e-01	3.20719145e-08	4.76751618e-02
6.30087891e-01	-3.22925027e-08	-4.80030680e-02
6.30480469e-01	3.25146082e-08	4.83332296e-02
6.30873047e-01	-3.27382413e-08	-4.86656621e-02
6.31265625e-01	3.29634125e-08	4.90003809e-02
6.31658203e-01	-3.31901324e-08	-4.93374020e-02
6.32050781e-01	3.34184117e-08	4.96767410e-02
6.32443359e-01	-3.36482611e-08	-5.00184140e-02
6.32835938e-01	3.38796914e-08	5.03624370e-02
6.33228516e-01	-3.41127134e-08	-5.07088262e-02
6.33621094e-01	3.43473382e-08	5.10575978e-02
6.34013672e-01	-3.45835766e-08	-5.14087682e-02
6.34406250e-01	3.48214400e-08	5.17623540e-02
6.34798828e-01	-3.50609393e-08	-5.21183717e-02
6.35191406e-01	3.53020858e-08	5.24768380e-02
6.35583984e-01	-3.55448910e-08	-5.28377699e-02
6.35976563e-01	3.57893661e-08	5.32011842e-02
6.36369141e-01	-3.60355228e-08	-5.35670981e-02
6.36761719e-01	3.62833725e-08	5.39355287e-02
6.37154297e-01	-3.65329268e-08	-5.43064933e-02
6.37546875e-01	3.67841976e-08	5.46800094e-02
6.37939453e-01	-3.70371966e-08	-5.50560945e-02
6.38332031e-01	3.72919358e-08	5.54347663e-02
6.38724609e-01	-3.75484270e-08	-5.58160426e-02
6.39117188e-01	3.78066823e-08	5.61999413e-02
6.39509766e-01	-3.80667139e-08	-5.65864804e-02
6.39902344e-01	3.83285339e-08	5.69756780e-02
6.40294922e-01	-3.85921548e-08	-5.73675526e-02
6.40687500e-01	3.88575888e-08	5.77621224e-02
6.41080078e-01	-3.91248484e-08	-5.81594061e-02
6.41472656e-01	3.93939463e-08	5.85594222e-02
6.41865234e-01	-3.96648949e-08	-5.89621897e-02
6.42257813e-01	3.99377072e-08	5.93677273e-02
6.42650391e-01	-4.02123958e-08	-5.97760542e-02
6.43042969e-01	4.04889737e-08	6.01871895e-02
6.43435547e-01	-4.07674539e-08	-6.06011526e-02
6.43828125e-01	4.10478495e-08	6.10179629e-02
6.44220703e-01	-4.13301735e-08	-6.14376400e-02
6.44613281e-01	4.16144394e-08	6.18602036e-02
6.45005859e-01	-4.19006605e-08	-6.22856736e-02
6.45398438e-01	4.21888502e-08	6.27140699e-02
6.45791016e-01	-4.24790220e-08	-6.31454127e-02
6.46183594e-01	4.27711896e-08	6.35797222e-02
6.46576172e-01	-4.30653667e-08	-6.40170189e-02
6.46968750e-01	4.33615671e-08	6.44573233e-02
6.47361328e-01	-4.36598048e-08	-6.49006560e-02
6.47753906e-01	4.39600937e-08	6.53470380e-02
6.48146484e-01	-4.42624480e-08	-6.57964902e-02
6.48539063e-01	4.45668819e-08	6.62490336e-02
6.48931641e-01	-4.48734096e-08	-6.67046896e-02
6.49324219e-01	4.51820457e-08	6.71634796e-02
6.49716797e-01	-4.54928044e-08	-6.76254251e-02
6.50109375e-01	4.58057006e-08	6.80905479e-02
6.50501953e-01	-4.61207489e-08	-6.85588697e-02
6.50894531e-01	4.64379640e-08	6.90304126e-02
6.51287109e-01	-4.67573609e-08	-6.95051987e-02
6.51679688e-01	4.70789546e-08	6.99832504e-02
6.52072266e-01	-4.74027602e-08	-7.04645901e-02
6.52464844e-01	4.77287929e-08	7.09492404e-02
6.52857422e-01	-4.80570680e-08	-7.14372240e-02
6.53250000e-01	4.83876010e-08	7.19285640e-02
6.53642578e-01	-4.87204074e-08	-7.24232835e-02
6.54035156e-01	4.90555027e-08	7.29214055e-02
6.54427734e-01	-4.93929029e-08	-7.34229536e-02
6.54820313e-01	4.97326237e-08	7.39279513e-02
6.55212891e-01	-5.00746810e-08	-7.44364224e-02
6.55605469e-01	5.04190910e-08	7.49483906e-02
6.55998047e-01	-5.07658698e-08	-7.54638802e-02
6.56390625e-01	5.11150337e-08	7.59829152e-02
6.56783203e-01	-5.14665991e-08	-7.65055202e-02
6.57175781e-01	5.18205826e-08	7.70317195e-02
6.57568359e-01	-5.21770008e-08	-7.75615381e-02
6.57960938e-01	5.25358704e-08	7.80950007e-02
6.58353516e-01	-5.28972082e-08	-7.86321324e-02
6.58746094e-01	5.32610313e-08	7.91729584e-02
6.59138672e-01	-5.36273568e-08	-7.97175042e-02
6.59531250e-01	5.39962018e-08	8.02657954e-02
6.59923828e-01	-5.43675837e-08	-8.08178577e-02
6.60316406e-01	5.47415200e-08	8.13737170e-02
6.60708984e-01	-5.51180281e-08	-8.19333995e-02
6.61101563e-01	5.54971259e-08	8.24969314e-02
6.61494141e-01	-5.58788310e-08	-8.30643392e-02
6.61886719e-01	5.62631615e-08	8.36356497e-02
6.62279297e-01	-5.66501354e-08	-8.42108896e-02
6.62671875e-01	5.70397709e-08	8.47900859e-02
6.63064453e-01	-5.74320862e-08	-8.53732659e-02
6.63457031e-01	5.78270999e-08	8.59604570e-02
6.63849609e-01	-5.82248304e-08	-8.65516867e-02
6.64242188e-01	5.86252966e-08	8.71469829e-02
6.64634766e-01	-5.90285170e-08	-8.77463735e-02
6.65027344e-01	5.94345108e-08	8.83498866e-02
6.65419922e-01	-5.98432970e-08	-8.89575507e-02
6.65812500e-01	6.02548948e-08	8.95693942e-02
6.66205078e-01	-6.06693236e-08	-9.01854459e-02
6.66597656e-01	6.10866027e-08	9.08057348e-02
6.66990234e-01	-6.15067519e-08	-9.14302900e-02
6.67382813e-01	6.19297908e-08	9.20591409e-02
6.67775391e-01	-6.23557393e-08	-9.26923169e-02
6.68167969e-01	6.27846175e-08	9.33298479e-02
6.68560547e-01	-6.32164455e-08	-9.39717637e-02
6.68953125e-01	6.36512436e-08	9.46180947e-02
6.69345703e-01	-6.40890322e-08	-9.52688710e-02
6.69738281e-01	6.45298318e-08	9.59241233e-02
6.70130859e-01	-6.49736633e-08	-9.65838824e-02
6.70523438e-01	6.54205473e-08	9.72481793e-02
6.70916016e-01	-6.58705051e-08	-9.79170451e-02
6.71308594e-01	6.63235575e-08	9.85905114e-02
6.71701172e-01	-6.67797261e-08	-9.92686097e-02
6.72093750e-01	6.72390321e-08	9.99513720e-02
6.72486328e-01	-6.77014973e-08	-1.00638830e-01
6.72878906e-01	6.81671432e-08	1.01331017e-01
6.73271484e-01	-6.86359918e-08	-1.02027964e-01
6.73664063e-01	6.91080651e-08	1.02729705e-01
6.74056641e-01	-6.95833853e-08	-1.03436272e-01
6.74449219e-01	7.00619747e-08	1.04147699e-01
6.74841797e-01	-7.05438558e-08	-1.04864020e-01
6.75234375e-01	7.10290512e-08	1.05585267e-01
6.75626953e-01	-7.15175838e-08	-1.06311474e-01
6.76019531e-01	7.20094765e-08	1.07042677e-01
6.76412109e-01	-7.25047524e-08	-1.07778909e-01
6.76804688e-01	7.30034348e-08	1.08520204e-01
6.77197266e-01	-7.35055470e-08	-1.09266598e-01
6.77589844e-01	7.40111128e-08	1.10018126e-01
6.77982422e-01	-7.45201557e-08	-1.10774822e-01
6.78375000e-01	7.50326999e-08	1.11536723e-01
6.78767578e-01	-7.55487693e-08	-1.12303865e-01
6.79160156e-01	7.60683882e-08	1.13076283e-01
6.79552734e-01	-7.65915809e-08	-1.13854013e-01
6.79945313e-01	7.71183722e-08	1.14637093e-01
6.80337891e-01	-7.76487867e-08	-1.15425558e-01
6.80730469e-01	7.81828493e-08	1.16219447e-01
6.81123047e-01	-7.87205852e-08	-1.17018796e-01
6.81515625e-01	7.92620196e-08	1.17823642e-01
6.81908203e-01	-7.98071780e-08	-1.18634025e-01
6.82300781e-01	8.03560859e-08	1.19449981e-01
6.82693359e-01	-8.09087691e-08	-1.20271549e-01
6.83085938e-01	8.14652537e-08	1.21098768e-01
6.83478516e-01	-8.20255657e-08	-1.21931676e-01
6.83871094e-01	8.25897315e-08	1.22770313e-01
6.84263672e-01	-8.31577776e-08	-1.23614719e-01
6.84656250e-01	8.37297307e-08	1.24464932e-01
6.85048828e-01	-8.43056176e-08	-1.25320992e-01
6.85441406e-01	8.48854654e-08	1.26182941e-01
6.85833984e-01	-8.54693014e-08	-1.27050818e-01
6.86226563e-01	8.60571530e-08	1.27924664e-01
6.86619141e-01	-8.66490477e-08	-1.28804521e-01
6.87011719e-01	8.72450135e-08	1.29690429e-01
6.87404297e-01	-8.78450783e-08	-1.30582430e-01
6.87796875e-01	8.84492703e-08	1.31480566e-01
6.88189453e-01	-8.90576178e-08	-1.32384880e-01
6.88582031e-01	8.96701496e-08	1.33295414e-01
6.88974609e-01	-9.02868943e-08	-1.34212210e-01
6.89367188e-01	9.09078809e-08	1.35135311e-01
6.89759766e-01	-9.15331386e-08	-1.36064762e-01
6.90152344e-01	9.21626968e-08	1.37000606e-01
6.90544922e-01	-9.27965850e-08	-1.37942886e-01
6.90937500e-01	9.34348331e-08	1.38891647e-01
6.91330078e-01	-9.40774710e-08	-1.39846933e-01
6.91722656e-01	9.47245289e-08	1.40808790e-01
6.92115234e-01	-9.53760373e-08	-1.41777263e-01
6.92507813e-01	9.60320266e-08	1.42752396e-01
6.92900391e-01	-9.66925278e-08	-1.43734237e-01
6.93292969e-01	9.73575719e-08	1.44722830e-01
6.93685547e-01	-9.80271901e-08	-1.45718223e-01
6.94078125e-01	9.87014139e-08	1.46720463e-01
6.94470703e-01	-9.93802750e-08	-1.47729595e-01
6.94863281e-01	1.00063805e-07	1.48745669e-01
6.95255859e-01	-1.00752037e-07	-1.49768730e-01
6.95648438e-01	1.01445002e-07	1.50798829e-01
6.96041016e-01	-1.02142733e-07	-1.51836012e-01
6.96433594e-01	1.02845263e-07	1.52880329e-01
6.96826172e-01	-1.03552625e-07	-1.53931829e-01
6.97218750e-01	1.04264853e-07	1.54990561e-01
6.97611328e-01	-1.04981979e-07	-1.56056574e-01
6.98003906e-01	1.05704037e-07	1.57129920e-01
6.98396484e-01	-1.06431062e-07	-1.58210648e-01
6.98789063e-01	1.07163087e-07	1.59298809e-01
6.99181641e-01	-1.07900146e-07	-1.60394455e-01
6.99574219e-01	1.08642276e-07	1.61497636e-01
6.99966797e-01	-1.09389509e-07	-1.62608405e-01
7.00359375e-01	1.10141882e-07	1.63726814e-01
7.00751953e-01	-1.10899430e-07	-1.64852915e-01
7.01144531e-01	1.11662188e-07	1.65986761e-01
7.01537109e-01	-1.12430192e-07	-1.67128406e-01
7.01929688e-01	1.13203479e-07	1.68277903e-01
7.02322266e-01	-1.13982084e-07	-1.69435306e-01
7.02714844e-01	1.14766045e-07	1.70600669e-01
7.03107422e-01	-1.15555397e-07	-1.71774048e-01
7.03500000e-01	1.16350178e-07	1.72955497e-01
7.03892578e-01	-1.17150426e-07	-1.74145073e-01
7.04285156e-01	1.17956178e-07	1.75342830e-01
7.04677734e-01	-1.18767472e-07	-1.76548825e-01
7.05070313e-01	1.19584346e-07	1.77763115e-01
7.05462891e-01	-1.20406839e-07	-1.78985756e-01
7.05855469e-01	1.21234988e-07	1.80216807e-01
7.06248047e-01	-1.22068833e-07	-1.81456325e-01
7.06640625e-01	1.22908414e-07	1.82704368e-01
7.07033203e-01	-1.23753769e-07	-1.83960996e-01
7.07425781e-01	1.24604938e-07	1.85226266e-01
7.07818359e-01	-1.25461962e-07	-1.86500239e-01
7.08210938e-01	1.26324880e-07	1.87782974e-01
7.08603516e-01	-1.27193733e-07	-1.89074531e-01
7.08996094e-01	1.28068562e-07	1.90374972e-01
7.09388672e-01	-1.28949408e-07	-1.91684357e-01
7.09781250e-01	1.29836313e-07	1.93002748e-01
7.10173828e-01	-1.30729317e-07	-1.94330207e-01
7.10566406e-01	1.31628464e-07	1.95666795e-01
7.10958984e-01	-1.32533795e-07	-1.97012577e-01
7.11351563e-01	1.33445352e-07	1.98367615e-01
7.11744141e-01	-1.34363180e-07	-1.99731973e-01
7.12136719e-01	1.35287320e-07	2.01105715e-01
7.12529297e-01	-1.36217816e-07	-2.02488905e-01
7.12921875e-01	1.37154712e-07	2.03881609e-01
7.13314453e-01	-1.38098052e-07	-2.05283892e-01
7.13707031e-01	1.39047880e-07	2.06695820e-01
7.14099609e-01	-1.40004241e-07	-2.08117458e-01
7.14492188e-01	1.40967180e-07	2.09548875e-01
7.14884766e-01	-1.41936742e-07	-2.10990137e-01
7.15277344e-01	1.42912973e-07	2.12441311e-01
7.15669922e-01	-1.43895917e-07	-2.13902467e-01
7.16062500e-01	1.44885623e-07	2.15373672e-01
7.16455078e-01	-1.45882136e-07	-2.16854997e-01
7.16847656e-01	1.46885502e-07	2.18346509e-01
7.17240234e-01	-1.47895770e-07	-2.19848281e-01
7.17632813e-01	1.48912986e-07	2.21360381e-01
7.18025391e-01	-1.49937199e-07	-2.22882882e-01
7.18417969e-01	1.50968456e-07	2.24415854e-01
7.18810547e-01	-1.52006806e-07	-2.25959369e-01
7.19203125e-01	1.53052297e-07	2.27513501e-01
7.19595703e-01	-1.54104980e-07	-2.29078322e-01
7.19988281e-01	1.55164902e-07	2.30653906e-01
7.20380859e-01	-1.56232115e-07	-2.32240327e-01
7.20773438e-01	1.57306668e-07	2.33837659e-01
7.21166016e-01	-1.58388612e-07	-2.35445977e-01
7.21558594e-01	1.59477997e-07	2.37065357e-01
7.21951172e-01	-1.60574875e-07	-2.38695875e-01
7.22343750e-01	1.61679297e-07	2.40337608e-01
7.22736328e-01	-1.62791315e-07	-2.41990632e-01
7.23128906e-01	1.63910982e-07	2.43655026e-01
7.23521484e-01	-1.65038349e-07	-2.45330868e-01
7.23914063e-01	1.66173471e-07	2.47018235e-01
7.24306641e-01	-1.67316400e-07	-2.48717209e-01
7.24699219e-01	1.68467190e-07	2.50427867e-01
7.25091797e-01	-1.69625895e-07	-2.52150292e-01
7.25484375e-01	1.70792569e-07	2.53884563e-01
7.25876953e-01	-1.71967268e-07	-2.55630762e-01
7.26269531e-01	1.73150046e-07	2.57388972e-01
7.26662109e-01	-1.74340959e-07	-2.59159274e-01
7.27054688e-01	1.75540063e-07	2.60941753e-01
7.27447266e-01	-1.76747415e-07	-2.62736491e-01
7.27839844e-01	1.77963071e-07	2.64543573e-01
7.28232422e-01	-1.79187088e-07	-2.66363084e-01
7.28625000e-01	1.80419523e-07	2.68195110e-01
7.29017578e-01	-1.81660435e-07	-2.70039736e-01
7.29410156e-01	1.82909882e-07	2.71897050e-01
7.29802734e-01	-1.84167923e-07	-2.73767138e-01
7.30195313e-01	1.85434616e-07	2.75650088e-01
7.30587891e-01	-1.86710022e-07	-2.77545989e-01
7.30980469e-01	1.87994200e-07	2.79454930e-01
7.31373047e-01	-1.89287210e-07	-2.81377001e-01
7.31765625e-01	1.90589114e-07	2.83312291e-01
7.32158203e-01	-1.91899971e-07	-2.85260892e-01
7.32550781e-01	1.93219845e-07	2.87222895e-01
7.32943359e-01	-1.94548797e-07	-2.89198393e-01
7.33335938e-01	1.95886889e-07	2.91187479e-01
7.33728516e-01	-1.97234185e-07	-2.93190245e-01
7.34121094e-01	1.98590747e-07	2.95206786e-01
7.34513672e-01	-1.99956640e-07	-2.97237196e-01
7.34906250e-01	2.01331927e-07	2.99281572e-01
7.35298828e-01	-2.02716673e-07	-3.01340008e-01
7.35691406e-01	2.04110943e-07	3.03412603e-01
7.36083984e-01	-2.05514803e-07	-3.05499452e-01
7.36476563e-01	2.06928319e-07	3.07600655e-01
7.36869141e-01	-2.08351556e-07	-3.09716310e-01
7.37261719e-01	2.09784583e-07	3.11846516e-01
7.37654297e-01	-2.11227466e-07	-3.13991373e-01
7.38046875e-01	2.12680273e-07	3.16150983e-01
7.38439453e-01	-2.14143072e-07	-3.18325446e-01
7.38832031e-01	2.15615932e-07	3.20514865e-01
7.39224609e-01	-2.17098923e-07	-3.22719343e-01
7.39617188e-01	2.18592113e-07	3.24938983e-01
7.40009766e-01	-2.20095574e-07	-3.27173889e-01
7.40402344e-01	2.21609375e-07	3.29424167e-01
7.40794922e-01	-2.23133588e-07	-3.31689922e-01
7.41187500e-01	2.24668284e-07	3.33971261e-01
7.41580078e-01	-2.26213536e-07	-3.36268291e-01
7.41972656e-01	2.27769416e-07	3.38581119e-01
7.42365234e-01	-2.29335997e-07	-3.40909856e-01
7.42757813e-01	2.30913353e-07	3.43254608e-01
7.43150391e-01	-2.32501558e-07	-3.45615488e-01
7.43542969e-01	2.34100687e-07	3.47992606e-01
7.43935547e-01	-2.35710814e-07	-3.50386074e-01
7.44328125e-01	2.37332015e-07	3.52796003e-01
7.44720703e-01	-2.38964368e-07	-3.55222508e-01
7.45113281e-01	2.40607947e-07	3.57665703e-01
7.45505859e-01	-2.42262831e-07	-3.60125701e-01
7.45898438e-01	2.43929096e-07	3.62602619e-01
7.46291016e-01	-2.45606823e-07	-3.65096573e-01
7.46683594e-01	2.47296088e-07	3.67607681e-01
7.47076172e-01	-2.48996973e-07	-3.70136059e-01
7.47468750e-01	2.50709555e-07	3.72681828e-01
7.47861328e-01	-2.52433917e-07	-3.75245106e-01
7.48253906e-01	2.54170139e-07	3.77826014e-01
7.48646484e-01	-2.55918302e-07	-3.80424674e-01
7.49039063e-01	2.57678490e-07	3.83041207e-01
7.49431641e-01	-2.59450783e-07	-3.85675736e-01
7.49824219e-01	2.61235267e-07	3.88328385e-01
7.50216797e-01	-2.63032023e-07	-3.90999279e-01
7.50609375e-01	2.64841138e-07	3.93688544e-01
7.51001953e-01	-2.66662696e-07	-3.96396304e-01
7.51394531e-01	2.68496782e-07	3.99122689e-01
7.51787109e-01	-2.70343483e-07	-4.01867825e-01
7.52179688e-01	2.72202886e-07	4.04631843e-01
7.52572266e-01	-2.74075077e-07	-4.07414871e-01
7.52964844e-01	2.75960145e-07	4.10217040e-01
7.53357422e-01	-2.77858179e-07	-4.13038483e-01
7.53750000e-01	2.79769267e-07	4.15879331e-01
7.54142578e-01	-2.81693499e-07	-4.18739719e-01
7.54535156e-01	2.83630966e-07	4.21619780e-01
7.54927734e-01	-2.85581759e-07	-4.24519649e-01
7.55320313e-01	2.87545969e-07	4.27439464e-01
7.55712891e-01	-2.89523689e-07	-4.30379361e-01
7.56105469e-01	2.91515012e-07	4.33339479e-01
7.56498047e-01	-2.93520031e-07	-4.36319956e-01
7.56890625e-01	2.95538840e-07	4.39320933e-01
7.57283203e-01	-2.97571534e-07	-4.42342550e-01
7.57675781e-01	2.99618209e-07	4.45384949e-01
7.58068359e-01	-3.01678961e-07	-4.48448274e-01
7.58460938e-01	3.03753887e-07	4.51532668e-01
7.58853516e-01	-3.05843083e-07	-4.54638277e-01
7.59246094e-01	3.07946649e-07	4.57765245e-01
7.59638672e-01	-3.10064684e-07	-4.60913721e-01
7.60031250e-01	3.12197286e-07	4.64083851e-01
7.60423828e-01	-3.14344556e-07	-4.67275786e-01
7.60816406e-01	3.16506594e-07	4.70489674e-01
7.61208984e-01	-3.18683503e-07	-4.73725668e-01
7.61601563e-01	3.20875385e-07	4.76983918e-01
7.61994141e-01	-3.23082342e-07	-4.80264578e-01
7.62386719e-01	3.25304478e-07	4.83567803e-01
7.62779297e-01	-3.27541899e-07	-4.86893746e-01
7.63171875e-01	3.29794708e-07	4.90242566e-01
7.63564453e-01	-3.32063011e-07	-4.93614418e-01
7.63957031e-01	3.34346916e-07	4.97009462e-01
7.64349609e-01	-3.36646529e-07	-5.00427856e-01
7.64742188e-01	3.38961959e-07	5.03869762e-01
7.65134766e-01	-3.41293315e-07	-5.07335341e-01
7.65527344e-01	3.43640705e-07	5.10824756e-01
7.65919922e-01	-3.46004240e-07	-5.14338171e-01
7.66312500e-01	3.48384032e-07	5.17875751e-01
7.66705078e-01	-3.50780191e-07	-5.21437663e-01
7.67097656e-01	3.53192832e-07	5.25024072e-01
7.67490234e-01	-3.55622066e-07	-5.28635149e-01
7.67882813e-01	3.58068008e-07	5.32271063e-01
7.68275391e-01	-3.60530773e-07	-5.35931984e-01
7.68667969e-01	3.63010478e-07	5.39618085e-01
7.69060547e-01	-3.65507237e-07	-5.43329538e-01
7.69453125e-01	3.68021168e-07	5.47066519e-01
7.69845703e-01	-3.70552391e-07	-5.50829202e-01
7.70238281e-01	3.73101023e-07	5.54617765e-01
7.70630859e-01	-3.75667184e-07	-5.58432385e-01
7.71023438e-01	3.78250995e-07	5.62273242e-01
7.71416016e-01	-3.80852578e-07	-5.66140516e-01
7.71808594e-01	3.83472053e-07	5.70034388e-01
7.72201172e-01	-3.86109546e-07	-5.73955043e-01
7.72593750e-01	3.88765179e-07	5.77902663e-01
7.72986328e-01	-3.91439077e-07	-5.81877435e-01
7.73378906e-01	3.94131366e-07	5.85879545e-01
7.73771484e-01	-3.96842172e-07	-5.89909182e-01
7.74164063e-01	3.99571623e-07	5.93966534e-01
7.74556641e-01	-4.02319848e-07	-5.98051792e-01
7.74949219e-01	4.05086974e-07	6.02165148e-01
7.75341797e-01	-4.07873132e-07	-6.06306795e-01
7.75734375e-01	4.10678453e-07	6.10476929e-01
7.76126953e-01	-4.13503069e-07	-6.14675744e-01
7.76519531e-01	4.16347113e-07	6.18903438e-01
7.76912109e-01	-4.19210717e-07	-6.23160211e-01
7.77304688e-01	4.22094018e-07	6.27446261e-01
7.77697266e-01	-4.24997149e-07	-6.31761790e-01
7.78089844e-01	4.27920248e-07	6.36107001e-01
7.78482422e-01	-4.30863452e-07	-6.40482098e-01
7.78875000e-01	4.33826899e-07	6.44887287e-01
7.79267578e-01	-4.36810728e-07	-6.49322774e-01
7.79660156e-01	4.39815080e-07	6.53788768e-01
7.80052734e-01	-4.42840096e-07	-6.58285479e-01
7.80445313e-01	4.45885917e-07	6.62813118e-01
7.80837891e-01	-4.48952688e-07	-6.67371898e-01
7.81230469e-01	4.52040551e-07	6.71962032e-01
7.81623047e-01	-4.55149652e-07	-6.76583738e-01
7.82015625e-01	4.58280138e-07	6.81237231e-01
7.82408203e-01	-4.61432155e-07	-6.85922730e-01
7.82800781e-01	4.64605851e-07	6.90640456e-01
7.83193359e-01	-4.67801376e-07	-6.95390630e-01
7.83585938e-01	4.71018879e-07	7.00173476e-01
7.83978516e-01	-4.74258512e-07	-7.04989217e-01
7.84371094e-01	4.77520427e-07	7.09838081e-01
7.84763672e-01	-4.80804777e-07	-7.14720295e-01
7.85156250e-01	4.84111717e-07	7.19636089e-01
7.85548828e-01	-4.87441401e-07	-7.24585692e-01
7.85941406e-01	4.90793987e-07	7.29569339e-01
7.86333984e-01	-4.94169632e-07	-7.34587264e-01
7.86726563e-01	4.97568494e-07	7.39639701e-01
7.87119141e-01	-5.00990734e-07	-7.44726888e-01
7.87511719e-01	5.04436511e-07	7.49849064e-01
7.87904297e-01	-5.07905988e-07	-7.55006471e-01
7.88296875e-01	5.11399328e-07	7.60199350e-01
7.88689453e-01	-5.14916694e-07	-7.65427945e-01
7.89082031e-01	5.18458253e-07	7.70692502e-01
7.89474609e-01	-5.22024171e-07	-7.75993268e-01
7.89867188e-01	5.25614614e-07	7.81330493e-01
7.90259766e-01	-5.29229753e-07	-7.86704426e-01
7.90652344e-01	5.32869756e-07	7.92115321e-01
7.91044922e-01	-5.36534795e-07	-7.97563432e-01
7.91437500e-01	5.40225041e-07	8.03049014e-01
7.91830078e-01	-5.43940669e-07	-8.08572326e-01
7.92222656e-01	5.47681853e-07	8.14133627e-01
7.92615234e-01	-5.51448768e-07	-8.19733178e-01
7.93007813e-01	5.55241592e-07	8.25371242e-01
7.93400391e-01	-5.59060502e-07	-8.31048085e-01
7.93792969e-01	5.62905679e-07	8.36763972e-01
7.94185547e-01	-5.66777303e-07	-8.42519173e-01
7.94578125e-01	5.70675555e-07	8.48313958e-01
7.94970703e-01	-5.74600619e-07	-8.54148599e-01
7.95363281e-01	5.78552680e-07	8.60023370e-01
7.95755859e-01	-5.82531922e-07	-8.65938547e-01
7.96148438e-01	5.86538534e-07	8.71894408e-01
7.96541016e-01	-5.90572702e-07	-8.77891234e-01
7.96933594e-01	5.94634618e-07	8.83929305e-01
7.97326172e-01	-5.98724471e-07	-8.90008905e-01
7.97718750e-01	6.02842453e-07	8.96130321e-01
7.98111328e-01	-6.06988759e-07	-9.02293839e-01
7.98503906e-01	6.11163583e-07	9.08499750e-01
7.98896484e-01	-6.15367121e-07	-9.14748344e-01
7.99289063e-01	6.19599570e-07	9.21039915e-01
7.99681641e-01	-6.23861130e-07	-9.27374760e-01
8.00074219e-01	6.28152001e-07	9.33753175e-01
8.00466797e-01	-6.32472384e-07	-9.40175461e-01
8.00859375e-01	6.36822482e-07	9.46641918e-01
8.01251953e-01	-6.41202500e-07	-9.53152851e-01
8.01644531e-01	6.45612643e-07	9.59708566e-01
8.02037109e-01	-6.50053119e-07	-9.66309371e-01
8.02429688e-01	6.54524136e-07	9.72955575e-01
8.02822266e-01	-6.59025905e-07	-9.79647492e-01
8.03214844e-01	6.63558636e-07	9.86385435e-01
8.03607422e-01	-6.68122543e-07	-9.93169721e-01
8.04000000e-01	6.72717841e-07	1.00000067e+00
