0.00000000e+00	0.00000000e+00	1.57442759e+00
2.88085938e-05	4.53570482e-05	1.57442783e+00
5.76171875e-05	9.07141077e-05	1.57442837e+00
8.64257813e-05	1.36071188e-04	1.57442927e+00
1.15234375e-04	1.81428300e-04	1.57443053e+00
1.44042969e-04	2.26785453e-04	1.57443215e+00
1.72851563e-04	2.72142657e-04	1.57443413e+00
2.01660156e-04	3.17499924e-04	1.57443646e+00
2.30468750e-04	3.62857263e-04	1.57443916e+00
2.59277344e-04	4.08214685e-04	1.57444221e+00
2.88085938e-04	4.53572201e-04	1.57444562e+00
3.16894531e-04	4.98929819e-04	1.57444939e+00
3.45703125e-04	5.44287552e-04	1.57445352e+00
3.74511719e-04	5.89645408e-04	1.57445801e+00
4.03320313e-04	6.35003399e-04	1.57446285e+00
4.32128906e-04	6.80361535e-04	1.57446806e+00
4.60937500e-04	7.25719826e-04	1.57447362e+00
4.89746094e-04	7.71078282e-04	1.57447955e+00
5.18554688e-04	8.16436914e-04	1.57448583e+00
5.47363281e-04	8.61795732e-04	1.57449247e+00
5.76171875e-04	9.07154747e-04	1.57449947e+00
6.04980469e-04	9.52513969e-04	1.57450683e+00
6.33789063e-04	9.97873408e-04	1.57451455e+00
6.62597656e-04	1.04323307e-03	1.57452262e+00
6.91406250e-04	1.08859298e-03	1.57453106e+00
7.20214844e-04	1.13395313e-03	1.57453985e+00
7.49023438e-04	1.17931354e-03	1.57454901e+00
7.77832031e-04	1.22467422e-03	1.57455852e+00
8.06640625e-04	1.27003518e-03	1.57456839e+00
8.35449219e-04	1.31539643e-03	1.57457862e+00
8.64257813e-04	1.36075798e-03	1.57458921e+00
8.93066406e-04	1.40611984e-03	1.57460016e+00
9.21875000e-04	1.45148201e-03	1.57461147e+00
9.50683594e-04	1.49684452e-03	1.57462313e+00
9.79492188e-04	1.54220738e-03	1.57463516e+00
1.00830078e-03	1.58757058e-03	1.57464754e+00
1.03710938e-03	1.63293414e-03	1.57466028e+00
1.06591797e-03	1.67829808e-03	1.57467339e+00
1.09472656e-03	1.72366240e-03	1.57468685e+00
1.12353516e-03	1.76902711e-03	1.57470067e+00
1.15234375e-03	1.81439223e-03	1.57471485e+00
1.18115234e-03	1.85975776e-03	1.57472939e+00
1.20996094e-03	1.90512371e-03	1.57474428e+00
1.23876953e-03	1.95049010e-03	1.57475954e+00
1.26757813e-03	1.99585693e-03	1.57477515e+00
1.29638672e-03	2.04122422e-03	1.57479113e+00
1.32519531e-03	2.08659197e-03	1.57480746e+00
1.35400391e-03	2.13196020e-03	1.57482416e+00
1.38281250e-03	2.17732892e-03	1.57484121e+00
1.41162109e-03	2.22269813e-03	1.57485862e+00
1.44042969e-03	2.26806785e-03	1.57487639e+00
1.46923828e-03	2.31343808e-03	1.57489452e+00
1.49804688e-03	2.35880885e-03	1.57491301e+00
1.52685547e-03	2.40418015e-03	1.57493185e+00
1.55566406e-03	2.44955199e-03	1.57495106e+00
1.58447266e-03	2.49492440e-03	1.57497063e+00
1.61328125e-03	2.54029738e-03	1.57499055e+00
1.64208984e-03	2.58567093e-03	1.57501083e+00
1.67089844e-03	2.63104508e-03	1.57503148e+00
1.69970703e-03	2.67641982e-03	1.57505248e+00
1.72851563e-03	2.72179518e-03	1.57507384e+00
1.75732422e-03	2.76717115e-03	1.57509556e+00
1.78613281e-03	2.81254776e-03	1.57511764e+00
1.81494141e-03	2.85792501e-03	1.57514008e+00
1.84375000e-03	2.90330290e-03	1.57516288e+00
1.87255859e-03	2.94868147e-03	1.57518604e+00
1.90136719e-03	2.99406070e-03	1.57520955e+00
1.93017578e-03	3.03944061e-03	1.57523343e+00
1.95898438e-03	3.08482122e-03	1.57525767e+00
1.98779297e-03	3.13020254e-03	1.57528226e+00
2.01660156e-03	3.17558456e-03	1.57530722e+00
2.04541016e-03	3.22096731e-03	1.57533253e+00
2.07421875e-03	3.26635080e-03	1.57535820e+00
2.10302734e-03	3.31173503e-03	1.57538423e+00
2.13183594e-03	3.35712001e-03	1.57541063e+00
2.16064453e-03	3.40250576e-03	1.57543738e+00
2.18945313e-03	3.44789229e-03	1.57546449e+00
2.21826172e-03	3.49327960e-03	1.57549196e+00
2.24707031e-03	3.53866771e-03	1.57551979e+00
2.27587891e-03	3.58405662e-03	1.57554798e+00
2.30468750e-03	3.62944636e-03	1.57557652e+00
2.33349609e-03	3.67483692e-03	1.57560543e+00
2.36230469e-03	3.72022832e-03	1.57563470e+00
2.39111328e-03	3.76562056e-03	1.57566432e+00
2.41992188e-03	3.81101367e-03	1.57569431e+00
2.44873047e-03	3.85640764e-03	1.57572466e+00
2.47753906e-03	3.90180250e-03	1.57575536e+00
2.50634766e-03	3.94719824e-03	1.57578642e+00
2.53515625e-03	3.99259488e-03	1.57581785e+00
2.56396484e-03	4.03799244e-03	1.57584963e+00
2.59277344e-03	4.08339091e-03	1.57588178e+00
2.62158203e-03	4.12879032e-03	1.57591428e+00
2.65039063e-03	4.17419066e-03	1.57594714e+00
2.67919922e-03	4.21959196e-03	1.57598036e+00
2.70800781e-03	4.26499423e-03	1.57601394e+00
2.73681641e-03	4.31039746e-03	1.57604789e+00
2.76562500e-03	4.35580168e-03	1.57608219e+00
2.79443359e-03	4.40120689e-03	1.57611685e+00
2.82324219e-03	4.44661310e-03	1.57615187e+00
2.85205078e-03	4.49202033e-03	1.57618725e+00
2.88085938e-03	4.53742858e-03	1.57622299e+00
2.90966797e-03	4.58283787e-03	1.57625909e+00
2.93847656e-03	4.62824820e-03	1.57629555e+00
2.96728516e-03	4.67365959e-03	1.57633236e+00
2.99609375e-03	4.71907205e-03	1.57636954e+00
3.02490234e-03	4.76448558e-03	1.57640708e+00
3.05371094e-03	4.80990019e-03	1.57644498e+00
3.08251953e-03	4.85531591e-03	1.57648324e+00
3.11132813e-03	4.90073273e-03	1.57652186e+00
3.14013672e-03	4.94615067e-03	1.57656084e+00
3.16894531e-03	4.99156974e-03	1.57660017e+00
3.19775391e-03	5.03698994e-03	1.57663987e+00
3.22656250e-03	5.08241130e-03	1.57667993e+00
3.25537109e-03	5.12783381e-03	1.57672035e+00
3.28417969e-03	5.17325749e-03	1.57676113e+00
3.31298828e-03	5.21868236e-03	1.57680226e+00
3.34179688e-03	5.26410841e-03	1.57684376e+00
3.37060547e-03	5.30953567e-03	1.57688562e+00
3.39941406e-03	5.35496413e-03	1.57692784e+00
3.42822266e-03	5.40039382e-03	1.57697041e+00
3.45703125e-03	5.44582474e-03	1.57701335e+00
3.48583984e-03	5.49125690e-03	1.57705665e+00
3.51464844e-03	5.53669031e-03	1.57710031e+00
3.54345703e-03	5.58212499e-03	1.57714433e+00
3.57226563e-03	5.62756094e-03	1.57718871e+00
3.60107422e-03	5.67299817e-03	1.57723345e+00
3.62988281e-03	5.71843670e-03	1.57727855e+00
3.65869141e-03	5.76387653e-03	1.57732401e+00
3.68750000e-03	5.80931767e-03	1.57736982e+00
3.71630859e-03	5.85476015e-03	1.57741600e+00
3.74511719e-03	5.90020395e-03	1.57746255e+00
3.77392578e-03	5.94564911e-03	1.57750945e+00
3.80273438e-03	5.99109562e-03	1.57755671e+00
3.83154297e-03	6.03654349e-03	1.57760433e+00
3.86035156e-03	6.08199275e-03	1.57765231e+00
3.88916016e-03	6.12744339e-03	1.57770065e+00
3.91796875e-03	6.17289542e-03	1.57774935e+00
3.94677734e-03	6.21834887e-03	1.57779842e+00
3.97558594e-03	6.26380374e-03	1.57784784e+00
4.00439453e-03	6.30926003e-03	1.57789763e+00
4.03320313e-03	6.35471777e-03	1.57794777e+00
4.06201172e-03	6.40017695e-03	1.57799828e+00
4.09082031e-03	6.44563759e-03	1.57804914e+00
4.11962891e-03	6.49109971e-03	1.57810037e+00
4.14843750e-03	6.53656330e-03	1.57815195e+00
4.17724609e-03	6.58202839e-03	1.57820390e+00
4.20605469e-03	6.62749498e-03	1.57825621e+00
4.23486328e-03	6.67296308e-03	1.57830888e+00
4.26367188e-03	6.71843270e-03	1.57836191e+00
4.29248047e-03	6.76390386e-03	1.57841530e+00
4.32128906e-03	6.80937656e-03	1.57846905e+00
4.35009766e-03	6.85485081e-03	1.57852316e+00
4.37890625e-03	6.90032663e-03	1.57857764e+00
4.40771484e-03	6.94580402e-03	1.57863247e+00
4.43652344e-03	6.99128300e-03	1.57868766e+00
4.46533203e-03	7.03676357e-03	1.57874322e+00
4.49414063e-03	7.08224575e-03	1.57879914e+00
4.52294922e-03	7.12772954e-03	1.57885541e+00
4.55175781e-03	7.17321496e-03	1.57891205e+00
4.58056641e-03	7.21870202e-03	1.57896905e+00
4.60937500e-03	7.26419072e-03	1.57902641e+00
4.63818359e-03	7.30968108e-03	1.57908413e+00
4.66699219e-03	7.35517311e-03	1.57914222e+00
4.69580078e-03	7.40066682e-03	1.57920066e+00
4.72460938e-03	7.44616222e-03	1.57925947e+00
4.75341797e-03	7.49165931e-03	1.57931863e+00
4.78222656e-03	7.53715812e-03	1.57937816e+00
4.81103516e-03	7.58265865e-03	1.57943805e+00
4.83984375e-03	7.62816090e-03	1.57949830e+00
4.86865234e-03	7.67366490e-03	1.57955891e+00
4.89746094e-03	7.71917065e-03	1.57961988e+00
4.92626953e-03	7.76467816e-03	1.57968121e+00
4.95507813e-03	7.81018745e-03	1.57974291e+00
4.98388672e-03	7.85569851e-03	1.57980497e+00
5.01269531e-03	7.90121137e-03	1.57986738e+00
5.04150391e-03	7.94672603e-03	1.57993016e+00
5.07031250e-03	7.99224251e-03	1.57999330e+00
5.09912109e-03	8.03776081e-03	1.58005681e+00
5.12792969e-03	8.08328094e-03	1.58012067e+00
5.15673828e-03	8.12880292e-03	1.58018489e+00
5.18554688e-03	8.17432676e-03	1.58024948e+00
5.21435547e-03	8.21985246e-03	1.58031443e+00
5.24316406e-03	8.26538003e-03	1.58037974e+00
5.27197266e-03	8.31090950e-03	1.58044541e+00
5.30078125e-03	8.35644086e-03	1.58051145e+00
5.32958984e-03	8.40197413e-03	1.58057784e+00
5.35839844e-03	8.44750931e-03	1.58064460e+00
5.38720703e-03	8.49304643e-03	1.58071172e+00
5.41601563e-03	8.53858548e-03	1.58077920e+00
5.44482422e-03	8.58412649e-03	1.58084704e+00
5.47363281e-03	8.62966945e-03	1.58091525e+00
5.50244141e-03	8.67521438e-03	1.58098381e+00
5.53125000e-03	8.72076129e-03	1.58105274e+00
5.56005859e-03	8.76631020e-03	1.58112203e+00
5.58886719e-03	8.81186110e-03	1.58119169e+00
5.61767578e-03	8.85741402e-03	1.58126170e+00
5.64648438e-03	8.90296896e-03	1.58133208e+00
5.67529297e-03	8.94852593e-03	1.58140282e+00
5.70410156e-03	8.99408495e-03	1.58147392e+00
5.73291016e-03	9.03964602e-03	1.58154538e+00
5.76171875e-03	9.08520915e-03	1.58161721e+00
5.79052734e-03	9.13077436e-03	1.58168939e+00
5.81933594e-03	9.17634165e-03	1.58176195e+00
5.84814453e-03	9.22191104e-03	1.58183486e+00
5.87695313e-03	9.26748253e-03	1.58190813e+00
5.90576172e-03	9.31305614e-03	1.58198177e+00
5.93457031e-03	9.35863188e-03	1.58205577e+00
5.96337891e-03	9.40420975e-03	1.58213013e+00
5.99218750e-03	9.44978977e-03	1.58220486e+00
6.02099609e-03	9.49537195e-03	1.58227994e+00
6.04980469e-03	9.54095630e-03	1.58235539e+00
6.07861328e-03	9.58654282e-03	1.58243121e+00
6.10742188e-03	9.63213154e-03	1.58250738e+00
6.13623047e-03	9.67772245e-03	1.58258392e+00
6.16503906e-03	9.72331558e-03	1.58266082e+00
6.19384766e-03	9.76891092e-03	1.58273808e+00
6.22265625e-03	9.81450850e-03	1.58281571e+00
6.25146484e-03	9.86010832e-03	1.58289370e+00
6.28027344e-03	9.90571039e-03	1.58297205e+00
6.30908203e-03	9.95131472e-03	1.58305077e+00
6.33789063e-03	9.99692133e-03	1.58312984e+00
6.36669922e-03	1.00425302e-02	1.58320928e+00
6.39550781e-03	1.00881414e-02	1.58328909e+00
6.42431641e-03	1.01337549e-02	1.58336925e+00
6.45312500e-03	1.01793707e-02	1.58344978e+00
6.48193359e-03	1.02249888e-02	1.58353068e+00
6.51074219e-03	1.02706093e-02	1.58361193e+00
6.53955078e-03	1.03162321e-02	1.58369355e+00
6.56835938e-03	1.03618572e-02	1.58377554e+00
6.59716797e-03	1.04074848e-02	1.58385788e+00
6.62597656e-03	1.04531147e-02	1.58394059e+00
6.65478516e-03	1.04987470e-02	1.58402366e+00
6.68359375e-03	1.05443817e-02	1.58410710e+00
6.71240234e-03	1.05900188e-02	1.58419090e+00
6.74121094e-03	1.06356583e-02	1.58427506e+00
6.77001953e-03	1.06813003e-02	1.58435959e+00
6.79882813e-03	1.07269447e-02	1.58444448e+00
6.82763672e-03	1.07725915e-02	1.58452973e+00
6.85644531e-03	1.08182408e-02	1.58461535e+00
6.88525391e-03	1.08638926e-02	1.58470133e+00
6.91406250e-03	1.09095469e-02	1.58478768e+00
6.94287109e-03	1.09552036e-02	1.58487438e+00
6.97167969e-03	1.10008629e-02	1.58496146e+00
7.00048828e-03	1.10465246e-02	1.58504889e+00
7.02929688e-03	1.10921889e-02	1.58513669e+00
7.05810547e-03	1.11378558e-02	1.58522486e+00
7.08691406e-03	1.11835251e-02	1.58531338e+00
7.11572266e-03	1.12291971e-02	1.58540228e+00
7.14453125e-03	1.12748716e-02	1.58549153e+00
7.17333984e-03	1.13205486e-02	1.58558115e+00
7.20214844e-03	1.13662283e-02	1.58567113e+00
7.23095703e-03	1.14119105e-02	1.58576148e+00
7.25976563e-03	1.14575954e-02	1.58585220e+00
7.28857422e-03	1.15032829e-02	1.58594327e+00
7.31738281e-03	1.15489730e-02	1.58603471e+00
7.34619141e-03	1.15946658e-02	1.58612652e+00
7.37500000e-03	1.16403612e-02	1.58621869e+00
7.40380859e-03	1.16860592e-02	1.58631122e+00
7.43261719e-03	1.17317600e-02	1.58640412e+00
7.46142578e-03	1.17774634e-02	1.58649738e+00
7.49023438e-03	1.18231695e-02	1.58659101e+00
7.51904297e-03	1.18688783e-02	1.58668500e+00
7.54785156e-03	1.19145898e-02	1.58677936e+00
7.57666016e-03	1.19603041e-02	1.58687408e+00
7.60546875e-03	1.20060210e-02	1.58696917e+00
7.63427734e-03	1.20517408e-02	1.58706462e+00
7.66308594e-03	1.20974632e-02	1.58716044e+00
7.69189453e-03	1.21431885e-02	1.58725662e+00
7.72070313e-03	1.21889165e-02	1.58735316e+00
7.74951172e-03	1.22346473e-02	1.58745007e+00
7.77832031e-03	1.22803809e-02	1.58754735e+00
7.80712891e-03	1.23261173e-02	1.58764499e+00
7.83593750e-03	1.23718566e-02	1.58774300e+00
7.86474609e-03	1.24175986e-02	1.58784137e+00
7.89355469e-03	1.24633435e-02	1.58794010e+00
7.92236328e-03	1.25090913e-02	1.58803921e+00
7.95117188e-03	1.25548419e-02	1.58813867e+00
7.97998047e-03	1.26005954e-02	1.58823850e+00
8.00878906e-03	1.26463517e-02	1.58833870e+00
8.03759766e-03	1.26921110e-02	1.58843926e+00
8.06640625e-03	1.27378731e-02	1.58854019e+00
8.09521484e-03	1.27836382e-02	1.58864149e+00
8.12402344e-03	1.28294062e-02	1.58874315e+00
8.15283203e-03	1.28751771e-02	1.58884517e+00
8.18164063e-03	1.29209510e-02	1.58894756e+00
8.21044922e-03	1.29667278e-02	1.58905032e+00
8.23925781e-03	1.30125076e-02	1.58915344e+00
8.26806641e-03	1.30582904e-02	1.58925693e+00
8.29687500e-03	1.31040761e-02	1.58936078e+00
8.32568359e-03	1.31498649e-02	1.58946500e+00
8.35449219e-03	1.31956566e-02	1.58956959e+00
8.38330078e-03	1.32414514e-02	1.58967454e+00
8.41210938e-03	1.32872492e-02	1.58977986e+00
8.44091797e-03	1.33330501e-02	1.58988554e+00
8.46972656e-03	1.33788540e-02	1.58999159e+00
8.49853516e-03	1.34246609e-02	1.59009801e+00
8.52734375e-03	1.34704709e-02	1.59020479e+00
8.55615234e-03	1.35162840e-02	1.59031194e+00
8.58496094e-03	1.35621002e-02	1.59041945e+00
8.61376953e-03	1.36079195e-02	1.59052734e+00
8.64257813e-03	1.36537420e-02	1.59063558e+00
8.67138672e-03	1.36995675e-02	1.59074420e+00
8.70019531e-03	1.37453962e-02	1.59085318e+00
8.72900391e-03	1.37912280e-02	1.59096253e+00
8.75781250e-03	1.38370630e-02	1.59107224e+00
8.78662109e-03	1.38829011e-02	1.59118232e+00
8.81542969e-03	1.39287424e-02	1.59129277e+00
8.84423828e-03	1.39745869e-02	1.59140359e+00
8.87304688e-03	1.40204346e-02	1.59151477e+00
8.90185547e-03	1.40662855e-02	1.59162632e+00
8.93066406e-03	1.41121397e-02	1.59173823e+00
8.95947266e-03	1.41579970e-02	1.59185051e+00
8.98828125e-03	1.42038576e-02	1.59196316e+00
9.01708984e-03	1.42497215e-02	1.59207618e+00
9.04589844e-03	1.42955886e-02	1.59218956e+00
9.07470703e-03	1.43414589e-02	1.59230331e+00
9.10351563e-03	1.43873326e-02	1.59241743e+00
9.13232422e-03	1.44332096e-02	1.59253192e+00
9.16113281e-03	1.44790898e-02	1.59264677e+00
9.18994141e-03	1.45249734e-02	1.59276199e+00
9.21875000e-03	1.45708603e-02	1.59287758e+00
9.24755859e-03	1.46167505e-02	1.59299354e+00
9.27636719e-03	1.46626441e-02	1.59310986e+00
9.30517578e-03	1.47085410e-02	1.59322655e+00
9.33398438e-03	1.47544414e-02	1.59334361e+00
9.36279297e-03	1.48003450e-02	1.59346103e+00
9.39160156e-03	1.48462521e-02	1.59357883e+00
9.42041016e-03	1.48921626e-02	1.59369699e+00
9.44921875e-03	1.49380764e-02	1.59381552e+00
9.47802734e-03	1.49839937e-02	1.59393442e+00
9.50683594e-03	1.50299145e-02	1.59405368e+00
9.53564453e-03	1.50758386e-02	1.59417332e+00
9.56445313e-03	1.51217663e-02	1.59429332e+00
9.59326172e-03	1.51676973e-02	1.59441369e+00
9.62207031e-03	1.52136319e-02	1.59453443e+00
9.65087891e-03	1.52595699e-02	1.59465554e+00
9.67968750e-03	1.53055115e-02	1.59477701e+00
9.70849609e-03	1.53514565e-02	1.59489886e+00
9.73730469e-03	1.53974051e-02	1.59502107e+00
9.76611328e-03	1.54433571e-02	1.59514365e+00
9.79492188e-03	1.54893128e-02	1.59526660e+00
9.82373047e-03	1.55352719e-02	1.59538992e+00
9.85253906e-03	1.55812346e-02	1.59551361e+00
9.88134766e-03	1.56272009e-02	1.59563766e+00
9.91015625e-03	1.56731708e-02	1.59576209e+00
9.93896484e-03	1.57191443e-02	1.59588688e+00
9.96777344e-03	1.57651213e-02	1.59601204e+00
9.99658203e-03	1.58111020e-02	1.59613758e+00
1.00253906e-02	1.58570863e-02	1.59626348e+00
1.00541992e-02	1.59030742e-02	1.59638975e+00
1.00830078e-02	1.59490658e-02	1.59651639e+00
1.01118164e-02	1.59950610e-02	1.59664339e+00
1.01406250e-02	1.60410599e-02	1.59677077e+00
1.01694336e-02	1.60870624e-02	1.59689852e+00
1.01982422e-02	1.61330687e-02	1.59702664e+00
1.02270508e-02	1.61790786e-02	1.59715512e+00
1.02558594e-02	1.62250923e-02	1.59728398e+00
1.02846680e-02	1.62711096e-02	1.59741320e+00
1.03134766e-02	1.63171307e-02	1.59754280e+00
1.03422852e-02	1.63631556e-02	1.59767276e+00
1.03710938e-02	1.64091842e-02	1.59780310e+00
1.03999023e-02	1.64552165e-02	1.59793380e+00
1.04287109e-02	1.65012526e-02	1.59806488e+00
1.04575195e-02	1.65472925e-02	1.59819632e+00
1.04863281e-02	1.65933362e-02	1.59832814e+00
1.05151367e-02	1.66393837e-02	1.59846032e+00
1.05439453e-02	1.66854350e-02	1.59859287e+00
1.05727539e-02	1.67314901e-02	1.59872580e+00
1.06015625e-02	1.67775491e-02	1.59885910e+00
1.06303711e-02	1.68236119e-02	1.59899276e+00
1.06591797e-02	1.68696785e-02	1.59912680e+00
1.06879883e-02	1.69157491e-02	1.59926120e+00
1.07167969e-02	1.69618235e-02	1.59939598e+00
1.07456055e-02	1.70079018e-02	1.59953113e+00
1.07744141e-02	1.70539840e-02	1.59966665e+00
1.08032227e-02	1.71000701e-02	1.59980254e+00
1.08320313e-02	1.71461601e-02	1.59993880e+00
1.08608398e-02	1.71922541e-02	1.60007543e+00
1.08896484e-02	1.72383520e-02	1.60021243e+00
1.09184570e-02	1.72844538e-02	1.60034980e+00
1.09472656e-02	1.73305596e-02	1.60048755e+00
1.09760742e-02	1.73766694e-02	1.60062566e+00
1.10048828e-02	1.74227832e-02	1.60076415e+00
1.10336914e-02	1.74689009e-02	1.60090301e+00
1.10625000e-02	1.75150227e-02	1.60104224e+00
1.10913086e-02	1.75611485e-02	1.60118184e+00
1.11201172e-02	1.76072783e-02	1.60132181e+00
1.11489258e-02	1.76534122e-02	1.60146215e+00
1.11777344e-02	1.76995501e-02	1.60160287e+00
1.12065430e-02	1.77456920e-02	1.60174396e+00
1.12353516e-02	1.77918380e-02	1.60188541e+00
1.12641602e-02	1.78379882e-02	1.60202725e+00
1.12929688e-02	1.78841424e-02	1.60216945e+00
1.13217773e-02	1.79303007e-02	1.60231202e+00
1.13505859e-02	1.79764631e-02	1.60245497e+00
1.13793945e-02	1.80226296e-02	1.60259829e+00
1.14082031e-02	1.80688003e-02	1.60274198e+00
1.14370117e-02	1.81149751e-02	1.60288604e+00
1.14658203e-02	1.81611541e-02	1.60303047e+00
1.14946289e-02	1.82073372e-02	1.60317528e+00
1.15234375e-02	1.82535245e-02	1.60332046e+00
1.15522461e-02	1.82997160e-02	1.60346601e+00
1.15810547e-02	1.83459117e-02	1.60361194e+00
1.16098633e-02	1.83921116e-02	1.60375824e+00
1.16386719e-02	1.84383158e-02	1.60390491e+00
1.16674805e-02	1.84845241e-02	1.60405195e+00
1.16962891e-02	1.85307367e-02	1.60419937e+00
1.17250977e-02	1.85769536e-02	1.60434715e+00
1.17539063e-02	1.86231747e-02	1.60449532e+00
1.17827148e-02	1.86694001e-02	1.60464385e+00
1.18115234e-02	1.87156298e-02	1.60479276e+00
1.18403320e-02	1.87618638e-02	1.60494204e+00
1.18691406e-02	1.88081020e-02	1.60509169e+00
1.18979492e-02	1.88543446e-02	1.60524172e+00
1.19267578e-02	1.89005916e-02	1.60539212e+00
1.19555664e-02	1.89468428e-02	1.60554290e+00
1.19843750e-02	1.89930984e-02	1.60569404e+00
1.20131836e-02	1.90393584e-02	1.60584557e+00
1.20419922e-02	1.90856227e-02	1.60599746e+00
1.20708008e-02	1.91318915e-02	1.60614973e+00
1.20996094e-02	1.91781646e-02	1.60630237e+00
1.21284180e-02	1.92244421e-02	1.60645539e+00
1.21572266e-02	1.92707240e-02	1.60660878e+00
1.21860352e-02	1.93170104e-02	1.60676255e+00
1.22148438e-02	1.93633012e-02	1.60691668e+00
1.22436523e-02	1.94095964e-02	1.60707120e+00
1.22724609e-02	1.94558961e-02	1.60722608e+00
1.23012695e-02	1.95022003e-02	1.60738135e+00
1.23300781e-02	1.95485089e-02	1.60753698e+00
1.23588867e-02	1.95948220e-02	1.60769299e+00
1.23876953e-02	1.96411397e-02	1.60784938e+00
1.24165039e-02	1.96874618e-02	1.60800614e+00
1.24453125e-02	1.97337884e-02	1.60816327e+00
1.24741211e-02	1.97801196e-02	1.60832078e+00
1.25029297e-02	1.98264554e-02	1.60847867e+00
1.25317383e-02	1.98727957e-02	1.60863692e+00
1.25605469e-02	1.99191405e-02	1.60879556e+00
1.25893555e-02	1.99654899e-02	1.60895457e+00
1.26181641e-02	2.00118440e-02	1.60911395e+00
1.26469727e-02	2.00582026e-02	1.60927371e+00
1.26757813e-02	2.01045658e-02	1.60943385e+00
1.27045898e-02	2.01509336e-02	1.60959436e+00
1.27333984e-02	2.01973061e-02	1.60975524e+00
1.27622070e-02	2.02436832e-02	1.60991650e+00
1.27910156e-02	2.02900650e-02	1.61007814e+00
1.28198242e-02	2.03364514e-02	1.61024015e+00
1.28486328e-02	2.03828425e-02	1.61040254e+00
1.28774414e-02	2.04292383e-02	1.61056531e+00
1.29062500e-02	2.04756387e-02	1.61072845e+00
1.29350586e-02	2.05220439e-02	1.61089196e+00
1.29638672e-02	2.05684538e-02	1.61105585e+00
1.29926758e-02	2.06148684e-02	1.61122012e+00
1.30214844e-02	2.06612878e-02	1.61138477e+00
1.30502930e-02	2.07077119e-02	1.61154979e+00
1.30791016e-02	2.07541407e-02	1.61171519e+00
1.31079102e-02	2.08005744e-02	1.61188096e+00
1.31367188e-02	2.08470128e-02	1.61204711e+00
1.31655273e-02	2.08934560e-02	1.61221364e+00
1.31943359e-02	2.09399040e-02	1.61238054e+00
1.32231445e-02	2.09863568e-02	1.61254782e+00
1.32519531e-02	2.10328145e-02	1.61271548e+00
1.32807617e-02	2.10792770e-02	1.61288351e+00
1.33095703e-02	2.11257443e-02	1.61305192e+00
1.33383789e-02	2.11722165e-02	1.61322071e+00
1.33671875e-02	2.12186936e-02	1.61338988e+00
1.33959961e-02	2.12651755e-02	1.61355942e+00
1.34248047e-02	2.13116623e-02	1.61372934e+00
1.34536133e-02	2.13581540e-02	1.61389964e+00
1.34824219e-02	2.14046507e-02	1.61407031e+00
1.35112305e-02	2.14511522e-02	1.61424137e+00
1.35400391e-02	2.14976587e-02	1.61441280e+00
1.35688477e-02	2.15441702e-02	1.61458460e+00
1.35976563e-02	2.15906866e-02	1.61475679e+00
1.36264648e-02	2.16372079e-02	1.61492935e+00
1.36552734e-02	2.16837343e-02	1.61510230e+00
1.36840820e-02	2.17302656e-02	1.61527562e+00
1.37128906e-02	2.17768019e-02	1.61544931e+00
1.37416992e-02	2.18233432e-02	1.61562339e+00
1.37705078e-02	2.18698896e-02	1.61579784e+00
1.37993164e-02	2.19164410e-02	1.61597268e+00
1.38281250e-02	2.19629974e-02	1.61614789e+00
1.38569336e-02	2.20095589e-02	1.61632348e+00
1.38857422e-02	2.20561254e-02	1.61649945e+00
1.39145508e-02	2.21026970e-02	1.61667580e+00
1.39433594e-02	2.21492737e-02	1.61685252e+00
1.39721680e-02	2.21958555e-02	1.61702963e+00
1.40009766e-02	2.22424424e-02	1.61720711e+00
1.40297852e-02	2.22890345e-02	1.61738498e+00
1.40585938e-02	2.23356316e-02	1.61756322e+00
1.40874023e-02	2.23822339e-02	1.61774184e+00
1.41162109e-02	2.24288413e-02	1.61792084e+00
1.41450195e-02	2.24754540e-02	1.61810022e+00
1.41738281e-02	2.25220717e-02	1.61827998e+00
1.42026367e-02	2.25686947e-02	1.61846012e+00
1.42314453e-02	2.26153229e-02	1.61864064e+00
1.42602539e-02	2.26619562e-02	1.61882154e+00
1.42890625e-02	2.27085948e-02	1.61900282e+00
1.43178711e-02	2.27552386e-02	1.61918448e+00
1.43466797e-02	2.28018877e-02	1.61936652e+00
1.43754883e-02	2.28485420e-02	1.61954894e+00
1.44042969e-02	2.28952015e-02	1.61973174e+00
1.44331055e-02	2.29418664e-02	1.61991492e+00
1.44619141e-02	2.29885365e-02	1.62009848e+00
1.44907227e-02	2.30352119e-02	1.62028242e+00
1.45195313e-02	2.30818926e-02	1.62046674e+00
1.45483398e-02	2.31285786e-02	1.62065144e+00
1.45771484e-02	2.31752700e-02	1.62083652e+00
1.46059570e-02	2.32219667e-02	1.62102199e+00
1.46347656e-02	2.32686687e-02	1.62120783e+00
1.46635742e-02	2.33153761e-02	1.62139405e+00
1.46923828e-02	2.33620889e-02	1.62158066e+00
1.47211914e-02	2.34088070e-02	1.62176765e+00
1.47500000e-02	2.34555306e-02	1.62195502e+00
1.47788086e-02	2.35022595e-02	1.62214277e+00
1.48076172e-02	2.35489939e-02	1.62233090e+00
1.48364258e-02	2.35957337e-02	1.62251941e+00
1.48652344e-02	2.36424789e-02	1.62270831e+00
1.48940430e-02	2.36892296e-02	1.62289758e+00
1.49228516e-02	2.37359857e-02	1.62308724e+00
1.49516602e-02	2.37827473e-02	1.62327728e+00
1.49804688e-02	2.38295144e-02	1.62346770e+00
1.50092773e-02	2.38762869e-02	1.62365851e+00
1.50380859e-02	2.39230650e-02	1.62384969e+00
1.50668945e-02	2.39698486e-02	1.62404126e+00
1.50957031e-02	2.40166377e-02	1.62423321e+00
1.51245117e-02	2.40634324e-02	1.62442554e+00
1.51533203e-02	2.41102326e-02	1.62461826e+00
1.51821289e-02	2.41570383e-02	1.62481136e+00
1.52109375e-02	2.42038496e-02	1.62500484e+00
1.52397461e-02	2.42506665e-02	1.62519870e+00
1.52685547e-02	2.42974890e-02	1.62539295e+00
1.52973633e-02	2.43443171e-02	1.62558758e+00
1.53261719e-02	2.43911508e-02	1.62578259e+00
1.53549805e-02	2.44379901e-02	1.62597799e+00
1.53837891e-02	2.44848351e-02	1.62617377e+00
1.54125977e-02	2.45316857e-02	1.62636993e+00
1.54414063e-02	2.45785419e-02	1.62656648e+00
1.54702148e-02	2.46254039e-02	1.62676341e+00
1.54990234e-02	2.46722715e-02	1.62696072e+00
1.55278320e-02	2.47191448e-02	1.62715842e+00
1.55566406e-02	2.47660238e-02	1.62735650e+00
1.55854492e-02	2.48129085e-02	1.62755497e+00
1.56142578e-02	2.48597989e-02	1.62775381e+00
1.56430664e-02	2.49066951e-02	1.62795305e+00
1.56718750e-02	2.49535970e-02	1.62815266e+00
1.57006836e-02	2.50005047e-02	1.62835267e+00
1.57294922e-02	2.50474181e-02	1.62855305e+00
1.57583008e-02	2.50943373e-02	1.62875382e+00
1.57871094e-02	2.51412623e-02	1.62895498e+00
1.58159180e-02	2.51881931e-02	1.62915652e+00
1.58447266e-02	2.52351298e-02	1.62935844e+00
1.58735352e-02	2.52820722e-02	1.62956075e+00
1.59023438e-02	2.53290205e-02	1.62976345e+00
1.59311523e-02	2.53759746e-02	1.62996653e+00
1.59599609e-02	2.54229346e-02	1.63016999e+00
1.59887695e-02	2.54699004e-02	1.63037384e+00
1.60175781e-02	2.55168721e-02	1.63057808e+00
1.60463867e-02	2.55638497e-02	1.63078270e+00
1.60751953e-02	2.56108332e-02	1.63098771e+00
1.61040039e-02	2.56578227e-02	1.63119310e+00
1.61328125e-02	2.57048180e-02	1.63139888e+00
1.61616211e-02	2.57518193e-02	1.63160504e+00
1.61904297e-02	2.57988265e-02	1.63181159e+00
1.62192383e-02	2.58458397e-02	1.63201853e+00
1.62480469e-02	2.58928588e-02	1.63222585e+00
1.62768555e-02	2.59398839e-02	1.63243356e+00
1.63056641e-02	2.59869151e-02	1.63264165e+00
1.63344727e-02	2.60339522e-02	1.63285013e+00
1.63632813e-02	2.60809953e-02	1.63305900e+00
1.63920898e-02	2.61280444e-02	1.63326826e+00
1.64208984e-02	2.61750996e-02	1.63347790e+00
1.64497070e-02	2.62221609e-02	1.63368793e+00
1.64785156e-02	2.62692281e-02	1.63389834e+00
1.65073242e-02	2.63163015e-02	1.63410914e+00
1.65361328e-02	2.63633809e-02	1.63432033e+00
1.65649414e-02	2.64104664e-02	1.63453191e+00
1.65937500e-02	2.64575581e-02	1.63474387e+00
1.66225586e-02	2.65046558e-02	1.63495622e+00
1.66513672e-02	2.65517596e-02	1.63516896e+00
1.66801758e-02	2.65988696e-02	1.63538209e+00
1.67089844e-02	2.66459858e-02	1.63559561e+00
1.67377930e-02	2.66931081e-02	1.63580951e+00
1.67666016e-02	2.67402365e-02	1.63602380e+00
1.67954102e-02	2.67873711e-02	1.63623848e+00
1.68242188e-02	2.68345120e-02	1.63645354e+00
1.68530273e-02	2.68816590e-02	1.63666900e+00
1.68818359e-02	2.69288122e-02	1.63688484e+00
1.69106445e-02	2.69759717e-02	1.63710108e+00
1.69394531e-02	2.70231374e-02	1.63731770e+00
1.69682617e-02	2.70703094e-02	1.63753471e+00
1.69970703e-02	2.71174876e-02	1.63775210e+00
1.70258789e-02	2.71646720e-02	1.63796989e+00
1.70546875e-02	2.72118628e-02	1.63818807e+00
1.70834961e-02	2.72590598e-02	1.63840663e+00
1.71123047e-02	2.73062632e-02	1.63862559e+00
1.71411133e-02	2.73534728e-02	1.63884493e+00
1.71699219e-02	2.74006888e-02	1.63906467e+00
1.71987305e-02	2.74479111e-02	1.63928479e+00
1.72275391e-02	2.74951398e-02	1.63950530e+00
1.72563477e-02	2.75423748e-02	1.63972620e+00
1.72851563e-02	2.75896162e-02	1.63994750e+00
1.73139648e-02	2.76368640e-02	1.64016918e+00
1.73427734e-02	2.76841182e-02	1.64039125e+00
1.73715820e-02	2.77313787e-02	1.64061371e+00
1.74003906e-02	2.77786457e-02	1.64083657e+00
1.74291992e-02	2.78259191e-02	1.64105981e+00
1.74580078e-02	2.78731990e-02	1.64128344e+00
1.74868164e-02	2.79204853e-02	1.64150747e+00
1.75156250e-02	2.79677780e-02	1.64173188e+00
1.75444336e-02	2.80150772e-02	1.64195669e+00
1.75732422e-02	2.80623829e-02	1.64218189e+00
1.76020508e-02	2.81096951e-02	1.64240748e+00
1.76308594e-02	2.81570139e-02	1.64263346e+00
1.76596680e-02	2.82043391e-02	1.64285983e+00
1.76884766e-02	2.82516708e-02	1.64308659e+00
1.77172852e-02	2.82990091e-02	1.64331374e+00
1.77460938e-02	2.83463539e-02	1.64354129e+00
1.77749023e-02	2.83937053e-02	1.64376922e+00
1.78037109e-02	2.84410633e-02	1.64399755e+00
1.78325195e-02	2.84884279e-02	1.64422627e+00
1.78613281e-02	2.85357990e-02	1.64445539e+00
1.78901367e-02	2.85831768e-02	1.64468489e+00
1.79189453e-02	2.86305611e-02	1.64491479e+00
1.79477539e-02	2.86779521e-02	1.64514508e+00
1.79765625e-02	2.87253498e-02	1.64537576e+00
1.80053711e-02	2.87727541e-02	1.64560684e+00
1.80341797e-02	2.88201650e-02	1.64583830e+00
1.80629883e-02	2.88675826e-02	1.64607016e+00
1.80917969e-02	2.89150069e-02	1.64630242e+00
1.81206055e-02	2.89624380e-02	1.64653506e+00
1.81494141e-02	2.90098757e-02	1.64676810e+00
1.81782227e-02	2.90573201e-02	1.64700154e+00
1.82070313e-02	2.91047713e-02	1.64723536e+00
1.82358398e-02	2.91522292e-02	1.64746958e+00
1.82646484e-02	2.91996938e-02	1.64770419e+00
1.82934570e-02	2.92471653e-02	1.64793920e+00
1.83222656e-02	2.92946435e-02	1.64817460e+00
1.83510742e-02	2.93421285e-02	1.64841040e+00
1.83798828e-02	2.93896203e-02	1.64864659e+00
1.84086914e-02	2.94371188e-02	1.64888317e+00
1.84375000e-02	2.94846243e-02	1.64912015e+00
1.84663086e-02	2.95321365e-02	1.64935752e+00
1.84951172e-02	2.95796556e-02	1.64959529e+00
1.85239258e-02	2.96271816e-02	1.64983345e+00
1.85527344e-02	2.96747144e-02	1.65007200e+00
1.85815430e-02	2.97222541e-02	1.65031095e+00
1.86103516e-02	2.97698007e-02	1.65055030e+00
1.86391602e-02	2.98173542e-02	1.65079004e+00
1.86679688e-02	2.98649145e-02	1.65103018e+00
1.86967773e-02	2.99124819e-02	1.65127071e+00
1.87255859e-02	2.99600561e-02	1.65151164e+00
1.87543945e-02	3.00076373e-02	1.65175296e+00
1.87832031e-02	3.00552255e-02	1.65199468e+00
1.88120117e-02	3.01028206e-02	1.65223679e+00
1.88408203e-02	3.01504227e-02	1.65247930e+00
1.88696289e-02	3.01980318e-02	1.65272221e+00
1.88984375e-02	3.02456479e-02	1.65296551e+00
1.89272461e-02	3.02932711e-02	1.65320921e+00
1.89560547e-02	3.03409012e-02	1.65345330e+00
1.89848633e-02	3.03885384e-02	1.65369779e+00
1.90136719e-02	3.04361826e-02	1.65394268e+00
1.90424805e-02	3.04838339e-02	1.65418797e+00
1.90712891e-02	3.05314923e-02	1.65443365e+00
1.91000977e-02	3.05791578e-02	1.65467973e+00
1.91289063e-02	3.06268303e-02	1.65492620e+00
1.91577148e-02	3.06745100e-02	1.65517308e+00
1.91865234e-02	3.07221967e-02	1.65542035e+00
1.92153320e-02	3.07698906e-02	1.65566802e+00
1.92441406e-02	3.08175917e-02	1.65591608e+00
1.92729492e-02	3.08652999e-02	1.65616455e+00
1.93017578e-02	3.09130152e-02	1.65641341e+00
1.93305664e-02	3.09607377e-02	1.65666267e+00
1.93593750e-02	3.10084675e-02	1.65691232e+00
1.93881836e-02	3.10562044e-02	1.65716238e+00
1.94169922e-02	3.11039485e-02	1.65741283e+00
1.94458008e-02	3.11516999e-02	1.65766369e+00
1.94746094e-02	3.11994584e-02	1.65791494e+00
1.95034180e-02	3.12472243e-02	1.65816659e+00
1.95322266e-02	3.12949973e-02	1.65841864e+00
1.95610352e-02	3.13427777e-02	1.65867108e+00
1.95898438e-02	3.13905653e-02	1.65892393e+00
1.96186523e-02	3.14383602e-02	1.65917717e+00
1.96474609e-02	3.14861624e-02	1.65943082e+00
1.96762695e-02	3.15339720e-02	1.65968486e+00
1.97050781e-02	3.15817888e-02	1.65993931e+00
1.97338867e-02	3.16296130e-02	1.66019415e+00
1.97626953e-02	3.16774445e-02	1.66044940e+00
1.97915039e-02	3.17252834e-02	1.66070504e+00
1.98203125e-02	3.17731297e-02	1.66096108e+00
1.98491211e-02	3.18209833e-02	1.66121753e+00
1.98779297e-02	3.18688444e-02	1.66147437e+00
1.99067383e-02	3.19167128e-02	1.66173161e+00
1.99355469e-02	3.19645887e-02	1.66198926e+00
1.99643555e-02	3.20124720e-02	1.66224731e+00
1.99931641e-02	3.20603627e-02	1.66250575e+00
2.00219727e-02	3.21082609e-02	1.66276460e+00
2.00507813e-02	3.21561665e-02	1.66302385e+00
2.00795898e-02	3.22040797e-02	1.66328350e+00
2.01083984e-02	3.22520003e-02	1.66354355e+00
2.01372070e-02	3.22999284e-02	1.66380400e+00
2.01660156e-02	3.23478640e-02	1.66406486e+00
2.01948242e-02	3.23958071e-02	1.66432611e+00
2.02236328e-02	3.24437578e-02	1.66458777e+00
2.02524414e-02	3.24917160e-02	1.66484983e+00
2.02812500e-02	3.25396817e-02	1.66511229e+00
2.03100586e-02	3.25876551e-02	1.66537515e+00
2.03388672e-02	3.26356360e-02	1.66563842e+00
2.03676758e-02	3.26836245e-02	1.66590209e+00
2.03964844e-02	3.27316206e-02	1.66616616e+00
2.04252930e-02	3.27796243e-02	1.66643063e+00
2.04541016e-02	3.28276356e-02	1.66669551e+00
2.04829102e-02	3.28756546e-02	1.66696079e+00
2.05117188e-02	3.29236812e-02	1.66722647e+00
2.05405273e-02	3.29717155e-02	1.66749256e+00
2.05693359e-02	3.30197575e-02	1.66775905e+00
2.05981445e-02	3.30678071e-02	1.66802594e+00
2.06269531e-02	3.31158644e-02	1.66829324e+00
2.06557617e-02	3.31639295e-02	1.66856094e+00
2.06845703e-02	3.32120022e-02	1.66882904e+00
2.07133789e-02	3.32600827e-02	1.66909755e+00
2.07421875e-02	3.33081709e-02	1.66936647e+00
2.07709961e-02	3.33562669e-02	1.66963578e+00
2.07998047e-02	3.34043707e-02	1.66990550e+00
2.08286133e-02	3.34524822e-02	1.67017563e+00
2.08574219e-02	3.35006015e-02	1.67044616e+00
2.08862305e-02	3.35487286e-02	1.67071710e+00
2.09150391e-02	3.35968635e-02	1.67098844e+00
2.09438477e-02	3.36450063e-02	1.67126018e+00
2.09726563e-02	3.36931568e-02	1.67153233e+00
2.10014648e-02	3.37413153e-02	1.67180489e+00
2.10302734e-02	3.37894815e-02	1.67207785e+00
2.10590820e-02	3.38376557e-02	1.67235122e+00
2.10878906e-02	3.38858377e-02	1.67262499e+00
2.11166992e-02	3.39340276e-02	1.67289917e+00
2.11455078e-02	3.39822255e-02	1.67317375e+00
2.11743164e-02	3.40304312e-02	1.67344874e+00
2.12031250e-02	3.40786449e-02	1.67372414e+00
2.12319336e-02	3.41268665e-02	1.67399994e+00
2.12607422e-02	3.41750961e-02	1.67427616e+00
2.12895508e-02	3.42233336e-02	1.67455277e+00
2.13183594e-02	3.42715791e-02	1.67482980e+00
2.13471680e-02	3.43198326e-02	1.67510723e+00
2.13759766e-02	3.43680941e-02	1.67538506e+00
2.14047852e-02	3.44163635e-02	1.67566331e+00
2.14335938e-02	3.44646411e-02	1.67594196e+00
2.14624023e-02	3.45129266e-02	1.67622102e+00
2.14912109e-02	3.45612202e-02	1.67650049e+00
2.15200195e-02	3.46095219e-02	1.67678037e+00
2.15488281e-02	3.46578316e-02	1.67706065e+00
2.15776367e-02	3.47061494e-02	1.67734134e+00
2.16064453e-02	3.47544753e-02	1.67762244e+00
2.16352539e-02	3.48028093e-02	1.67790395e+00
2.16640625e-02	3.48511514e-02	1.67818586e+00
2.16928711e-02	3.48995016e-02	1.67846819e+00
2.17216797e-02	3.49478600e-02	1.67875092e+00
2.17504883e-02	3.49962265e-02	1.67903407e+00
2.17792969e-02	3.50446012e-02	1.67931762e+00
2.18081055e-02	3.50929841e-02	1.67960158e+00
2.18369141e-02	3.51413752e-02	1.67988595e+00
2.18657227e-02	3.51897744e-02	1.68017073e+00
2.18945313e-02	3.52381819e-02	1.68045592e+00
2.19233398e-02	3.52865976e-02	1.68074152e+00
2.19521484e-02	3.53350215e-02	1.68102753e+00
2.19809570e-02	3.53834537e-02	1.68131395e+00
2.20097656e-02	3.54318941e-02	1.68160078e+00
2.20385742e-02	3.54803428e-02	1.68188802e+00
2.20673828e-02	3.55287997e-02	1.68217567e+00
2.20961914e-02	3.55772650e-02	1.68246373e+00
2.21250000e-02	3.56257386e-02	1.68275220e+00
2.21538086e-02	3.56742205e-02	1.68304108e+00
2.21826172e-02	3.57227107e-02	1.68333037e+00
2.22114258e-02	3.57712092e-02	1.68362008e+00
2.22402344e-02	3.58197161e-02	1.68391019e+00
2.22690430e-02	3.58682314e-02	1.68420072e+00
2.22978516e-02	3.59167550e-02	1.68449166e+00
2.23266602e-02	3.59652871e-02	1.68478301e+00
2.23554688e-02	3.60138275e-02	1.68507477e+00
2.23842773e-02	3.60623764e-02	1.68536695e+00
2.24130859e-02	3.61109336e-02	1.68565953e+00
2.24418945e-02	3.61594993e-02	1.68595253e+00
2.24707031e-02	3.62080735e-02	1.68624594e+00
2.24995117e-02	3.62566561e-02	1.68653977e+00
2.25283203e-02	3.63052472e-02	1.68683400e+00
2.25571289e-02	3.63538467e-02	1.68712865e+00
2.25859375e-02	3.64024548e-02	1.68742371e+00
2.26147461e-02	3.64510713e-02	1.68771919e+00
2.26435547e-02	3.64996964e-02	1.68801508e+00
2.26723633e-02	3.65483300e-02	1.68831138e+00
2.27011719e-02	3.65969722e-02	1.68860810e+00
2.27299805e-02	3.66456229e-02	1.68890523e+00
2.27587891e-02	3.66942821e-02	1.68920277e+00
2.27875977e-02	3.67429500e-02	1.68950073e+00
2.28164063e-02	3.67916264e-02	1.68979910e+00
2.28452148e-02	3.68403115e-02	1.69009789e+00
2.28740234e-02	3.68890051e-02	1.69039709e+00
2.29028320e-02	3.69377074e-02	1.69069671e+00
2.29316406e-02	3.69864183e-02	1.69099674e+00
2.29604492e-02	3.70351379e-02	1.69129718e+00
2.29892578e-02	3.70838661e-02	1.69159804e+00
2.30180664e-02	3.71326030e-02	1.69189932e+00
2.30468750e-02	3.71813486e-02	1.69220101e+00
2.30756836e-02	3.72301029e-02	1.69250311e+00
2.31044922e-02	3.72788659e-02	1.69280564e+00
2.31333008e-02	3.73276376e-02	1.69310858e+00
2.31621094e-02	3.73764180e-02	1.69341193e+00
2.31909180e-02	3.74252072e-02	1.69371570e+00
2.32197266e-02	3.74740052e-02	1.69401989e+00
2.32485352e-02	3.75228119e-02	1.69432449e+00
2.32773438e-02	3.75716274e-02	1.69462951e+00
2.33061523e-02	3.76204517e-02	1.69493495e+00
2.33349609e-02	3.76692848e-02	1.69524080e+00
2.33637695e-02	3.77181267e-02	1.69554707e+00
2.33925781e-02	3.77669774e-02	1.69585376e+00
2.34213867e-02	3.78158370e-02	1.69616086e+00
2.34501953e-02	3.78647055e-02	1.69646838e+00
2.34790039e-02	3.79135828e-02	1.69677632e+00
2.35078125e-02	3.79624690e-02	1.69708468e+00
2.35366211e-02	3.80113640e-02	1.69739346e+00
2.35654297e-02	3.80602680e-02	1.69770265e+00
2.35942383e-02	3.81091809e-02	1.69801226e+00
2.36230469e-02	3.81581027e-02	1.69832229e+00
2.36518555e-02	3.82070334e-02	1.69863274e+00
2.36806641e-02	3.82559731e-02	1.69894361e+00
2.37094727e-02	3.83049218e-02	1.69925490e+00
2.37382813e-02	3.83538794e-02	1.69956660e+00
2.37670898e-02	3.84028461e-02	1.69987873e+00
2.37958984e-02	3.84518217e-02	1.70019127e+00
2.38247070e-02	3.85008063e-02	1.70050424e+00
2.38535156e-02	3.85497999e-02	1.70081762e+00
2.38823242e-02	3.85988026e-02	1.70113143e+00
2.39111328e-02	3.86478144e-02	1.70144565e+00
2.39399414e-02	3.86968352e-02	1.70176029e+00
2.39687500e-02	3.87458650e-02	1.70207536e+00
2.39975586e-02	3.87949040e-02	1.70239084e+00
2.40263672e-02	3.88439520e-02	1.70270675e+00
2.40551758e-02	3.88930091e-02	1.70302307e+00
2.40839844e-02	3.89420754e-02	1.70333982e+00
2.41127930e-02	3.89911508e-02	1.70365699e+00
2.41416016e-02	3.90402353e-02	1.70397458e+00
2.41704102e-02	3.90893290e-02	1.70429259e+00
2.41992188e-02	3.91384319e-02	1.70461102e+00
2.42280273e-02	3.91875439e-02	1.70492987e+00
2.42568359e-02	3.92366651e-02	1.70524915e+00
2.42856445e-02	3.92857956e-02	1.70556884e+00
2.43144531e-02	3.93349352e-02	1.70588896e+00
2.43432617e-02	3.93840841e-02	1.70620951e+00
2.43720703e-02	3.94332422e-02	1.70653047e+00
2.44008789e-02	3.94824096e-02	1.70685186e+00
2.44296875e-02	3.95315862e-02	1.70717367e+00
2.44584961e-02	3.95807722e-02	1.70749590e+00
2.44873047e-02	3.96299674e-02	1.70781856e+00
2.45161133e-02	3.96791719e-02	1.70814164e+00
2.45449219e-02	3.97283857e-02	1.70846514e+00
2.45737305e-02	3.97776088e-02	1.70878907e+00
2.46025391e-02	3.98268413e-02	1.70911342e+00
2.46313477e-02	3.98760831e-02	1.70943819e+00
2.46601563e-02	3.99253343e-02	1.70976339e+00
2.46889648e-02	3.99745949e-02	1.71008901e+00
2.47177734e-02	4.00238649e-02	1.71041506e+00
2.47465820e-02	4.00731442e-02	1.71074153e+00
2.47753906e-02	4.01224330e-02	1.71106843e+00
2.48041992e-02	4.01717312e-02	1.71139575e+00
2.48330078e-02	4.02210388e-02	1.71172350e+00
2.48618164e-02	4.02703559e-02	1.71205167e+00
2.48906250e-02	4.03196824e-02	1.71238027e+00
2.49194336e-02	4.03690184e-02	1.71270929e+00
2.49482422e-02	4.04183639e-02	1.71303874e+00
2.49770508e-02	4.04677189e-02	1.71336861e+00
2.50058594e-02	4.05170834e-02	1.71369891e+00
2.50346680e-02	4.05664574e-02	1.71402964e+00
2.50634766e-02	4.06158410e-02	1.71436079e+00
2.50922852e-02	4.06652341e-02	1.71469237e+00
2.51210938e-02	4.07146367e-02	1.71502438e+00
2.51499023e-02	4.07640490e-02	1.71535682e+00
2.51787109e-02	4.08134708e-02	1.71568968e+00
2.52075195e-02	4.08629022e-02	1.71602296e+00
2.52363281e-02	4.09123432e-02	1.71635668e+00
2.52651367e-02	4.09617938e-02	1.71669082e+00
2.52939453e-02	4.10112541e-02	1.71702539e+00
2.53227539e-02	4.10607240e-02	1.71736039e+00
2.53515625e-02	4.11102036e-02	1.71769582e+00
2.53803711e-02	4.11596928e-02	1.71803167e+00
2.54091797e-02	4.12091917e-02	1.71836796e+00
2.54379883e-02	4.12587003e-02	1.71870467e+00
2.54667969e-02	4.13082187e-02	1.71904181e+00
2.54956055e-02	4.13577467e-02	1.71937938e+00
2.55244141e-02	4.14072845e-02	1.71971738e+00
2.55532227e-02	4.14568320e-02	1.72005581e+00
2.55820313e-02	4.15063893e-02	1.72039467e+00
2.56108398e-02	4.15559563e-02	1.72073395e+00
2.56396484e-02	4.16055331e-02	1.72107367e+00
2.56684570e-02	4.16551197e-02	1.72141382e+00
2.56972656e-02	4.17047161e-02	1.72175439e+00
2.57260742e-02	4.17543224e-02	1.72209540e+00
2.57548828e-02	4.18039384e-02	1.72243684e+00
2.57836914e-02	4.18535644e-02	1.72277871e+00
2.58125000e-02	4.19032001e-02	1.72312101e+00
2.58413086e-02	4.19528457e-02	1.72346374e+00
2.58701172e-02	4.20025013e-02	1.72380690e+00
2.58989258e-02	4.20521667e-02	1.72415049e+00
2.59277344e-02	4.21018420e-02	1.72449452e+00
2.59565430e-02	4.21515272e-02	1.72483897e+00
2.59853516e-02	4.22012223e-02	1.72518386e+00
2.60141602e-02	4.22509274e-02	1.72552918e+00
2.60429688e-02	4.23006425e-02	1.72587493e+00
2.60717773e-02	4.23503675e-02	1.72622112e+00
2.61005859e-02	4.24001025e-02	1.72656773e+00
2.61293945e-02	4.24498475e-02	1.72691478e+00
2.61582031e-02	4.24996025e-02	1.72726227e+00
2.61870117e-02	4.25493675e-02	1.72761018e+00
2.62158203e-02	4.25991425e-02	1.72795853e+00
2.62446289e-02	4.26489276e-02	1.72830731e+00
2.62734375e-02	4.26987227e-02	1.72865653e+00
2.63022461e-02	4.27485279e-02	1.72900618e+00
2.63310547e-02	4.27983432e-02	1.72935626e+00
2.63598633e-02	4.28481686e-02	1.72970678e+00
2.63886719e-02	4.28980041e-02	1.73005773e+00
2.64174805e-02	4.29478497e-02	1.73040912e+00
2.64462891e-02	4.29977054e-02	1.73076094e+00
2.64750977e-02	4.30475712e-02	1.73111320e+00
2.65039063e-02	4.30974473e-02	1.73146589e+00
2.65327148e-02	4.31473334e-02	1.73181902e+00
2.65615234e-02	4.31972298e-02	1.73217258e+00
2.65903320e-02	4.32471364e-02	1.73252657e+00
2.66191406e-02	4.32970531e-02	1.73288101e+00
2.66479492e-02	4.33469801e-02	1.73323588e+00
2.66767578e-02	4.33969173e-02	1.73359118e+00
2.67055664e-02	4.34468647e-02	1.73394692e+00
2.67343750e-02	4.34968225e-02	1.73430310e+00
2.67631836e-02	4.35467904e-02	1.73465972e+00
2.67919922e-02	4.35967687e-02	1.73501677e+00
2.68208008e-02	4.36467572e-02	1.73537425e+00
2.68496094e-02	4.36967561e-02	1.73573218e+00
2.68784180e-02	4.37467652e-02	1.73609054e+00
2.69072266e-02	4.37967847e-02	1.73644934e+00
2.69360352e-02	4.38468146e-02	1.73680858e+00
2.69648438e-02	4.38968548e-02	1.73716826e+00
2.69936523e-02	4.39469053e-02	1.73752837e+00
2.70224609e-02	4.39969663e-02	1.73788892e+00
2.70512695e-02	4.40470376e-02	1.73824991e+00
2.70800781e-02	4.40971193e-02	1.73861134e+00
2.71088867e-02	4.41472115e-02	1.73897321e+00
2.71376953e-02	4.41973141e-02	1.73933552e+00
2.71665039e-02	4.42474271e-02	1.73969826e+00
2.71953125e-02	4.42975506e-02	1.74006145e+00
2.72241211e-02	4.43476846e-02	1.74042508e+00
2.72529297e-02	4.43978290e-02	1.74078914e+00
2.72817383e-02	4.44479840e-02	1.74115364e+00
2.73105469e-02	4.44981494e-02	1.74151859e+00
2.73393555e-02	4.45483254e-02	1.74188397e+00
2.73681641e-02	4.45985119e-02	1.74224980e+00
2.73969727e-02	4.46487089e-02	1.74261607e+00
2.74257813e-02	4.46989165e-02	1.74298277e+00
2.74545898e-02	4.47491347e-02	1.74334992e+00
2.74833984e-02	4.47993634e-02	1.74371751e+00
2.75122070e-02	4.48496028e-02	1.74408554e+00
2.75410156e-02	4.48998527e-02	1.74445402e+00
2.75698242e-02	4.49501133e-02	1.74482293e+00
2.75986328e-02	4.50003845e-02	1.74519229e+00
2.76274414e-02	4.50506664e-02	1.74556208e+00
2.76562500e-02	4.51009589e-02	1.74593232e+00
2.76850586e-02	4.51512621e-02	1.74630301e+00
2.77138672e-02	4.52015760e-02	1.74667413e+00
2.77426758e-02	4.52519006e-02	1.74704570e+00
2.77714844e-02	4.53022359e-02	1.74741771e+00
2.78002930e-02	4.53525819e-02	1.74779017e+00
2.78291016e-02	4.54029386e-02	1.74816307e+00
2.78579102e-02	4.54533061e-02	1.74853641e+00
2.78867188e-02	4.55036844e-02	1.74891020e+00
2.79155273e-02	4.55540734e-02	1.74928443e+00
2.79443359e-02	4.56044732e-02	1.74965910e+00
2.79731445e-02	4.56548839e-02	1.75003422e+00
2.80019531e-02	4.57053053e-02	1.75040978e+00
2.80307617e-02	4.57557376e-02	1.75078579e+00
2.80595703e-02	4.58061807e-02	1.75116225e+00
2.80883789e-02	4.58566346e-02	1.75153915e+00
2.81171875e-02	4.59070994e-02	1.75191649e+00
2.81459961e-02	4.59575751e-02	1.75229428e+00
2.81748047e-02	4.60080617e-02	1.75267251e+00
2.82036133e-02	4.60585592e-02	1.75305120e+00
2.82324219e-02	4.61090676e-02	1.75343032e+00
2.82612305e-02	4.61595869e-02	1.75380990e+00
2.82900391e-02	4.62101172e-02	1.75418992e+00
2.83188477e-02	4.62606584e-02	1.75457038e+00
2.83476563e-02	4.63112106e-02	1.75495130e+00
2.83764648e-02	4.63617738e-02	1.75533266e+00
2.84052734e-02	4.64123479e-02	1.75571447e+00
2.84340820e-02	4.64629331e-02	1.75609672e+00
2.84628906e-02	4.65135293e-02	1.75647943e+00
2.84916992e-02	4.65641365e-02	1.75686258e+00
2.85205078e-02	4.66147548e-02	1.75724618e+00
2.85493164e-02	4.66653841e-02	1.75763023e+00
2.85781250e-02	4.67160245e-02	1.75801472e+00
2.86069336e-02	4.67666760e-02	1.75839967e+00
2.86357422e-02	4.68173385e-02	1.75878506e+00
2.86645508e-02	4.68680122e-02	1.75917091e+00
2.86933594e-02	4.69186970e-02	1.75955720e+00
2.87221680e-02	4.69693930e-02	1.75994394e+00
2.87509766e-02	4.70201001e-02	1.76033113e+00
2.87797852e-02	4.70708183e-02	1.76071878e+00
2.88085938e-02	4.71215477e-02	1.76110687e+00
2.88374023e-02	4.71722883e-02	1.76149541e+00
2.88662109e-02	4.72230401e-02	1.76188440e+00
2.88950195e-02	4.72738032e-02	1.76227385e+00
2.89238281e-02	4.73245774e-02	1.76266374e+00
2.89526367e-02	4.73753629e-02	1.76305408e+00
2.89814453e-02	4.74261596e-02	1.76344488e+00
2.90102539e-02	4.74769676e-02	1.76383613e+00
2.90390625e-02	4.75277869e-02	1.76422783e+00
2.90678711e-02	4.75786175e-02	1.76461998e+00
2.90966797e-02	4.76294594e-02	1.76501258e+00
2.91254883e-02	4.76803126e-02	1.76540564e+00
2.91542969e-02	4.77311771e-02	1.76579915e+00
2.91831055e-02	4.77820530e-02	1.76619311e+00
2.92119141e-02	4.78329402e-02	1.76658752e+00
2.92407227e-02	4.78838388e-02	1.76698239e+00
2.92695313e-02	4.79347487e-02	1.76737771e+00
2.92983398e-02	4.79856701e-02	1.76777348e+00
2.93271484e-02	4.80366029e-02	1.76816971e+00
2.93559570e-02	4.80875471e-02	1.76856639e+00
2.93847656e-02	4.81385027e-02	1.76896353e+00
2.94135742e-02	4.81894698e-02	1.76936112e+00
2.94423828e-02	4.82404483e-02	1.76975916e+00
2.94711914e-02	4.82914383e-02	1.77015766e+00
2.95000000e-02	4.83424398e-02	1.77055662e+00
2.95288086e-02	4.83934528e-02	1.77095603e+00
2.95576172e-02	4.84444773e-02	1.77135589e+00
2.95864258e-02	4.84955134e-02	1.77175621e+00
2.96152344e-02	4.85465610e-02	1.77215699e+00
2.96440430e-02	4.85976201e-02	1.77255822e+00
2.96728516e-02	4.86486908e-02	1.77295991e+00
2.97016602e-02	4.86997731e-02	1.77336205e+00
2.97304688e-02	4.87508669e-02	1.77376465e+00
2.97592773e-02	4.88019724e-02	1.77416771e+00
2.97880859e-02	4.88530895e-02	1.77457123e+00
2.98168945e-02	4.89042182e-02	1.77497520e+00
2.98457031e-02	4.89553586e-02	1.77537963e+00
2.98745117e-02	4.90065106e-02	1.77578451e+00
2.99033203e-02	4.90576743e-02	1.77618986e+00
2.99321289e-02	4.91088497e-02	1.77659566e+00
2.99609375e-02	4.91600367e-02	1.77700192e+00
2.99897461e-02	4.92112355e-02	1.77740864e+00
3.00185547e-02	4.92624460e-02	1.77781582e+00
3.00473633e-02	4.93136683e-02	1.77822346e+00
3.00761719e-02	4.93649023e-02	1.77863156e+00
3.01049805e-02	4.94161480e-02	1.77904011e+00
3.01337891e-02	4.94674056e-02	1.77944913e+00
3.01625977e-02	4.95186749e-02	1.77985860e+00
3.01914063e-02	4.95699560e-02	1.78026854e+00
3.02202148e-02	4.96212490e-02	1.78067893e+00
3.02490234e-02	4.96725537e-02	1.78108979e+00
3.02778320e-02	4.97238704e-02	1.78150110e+00
3.03066406e-02	4.97751988e-02	1.78191288e+00
3.03354492e-02	4.98265392e-02	1.78232512e+00
3.03642578e-02	4.98778914e-02	1.78273782e+00
3.03930664e-02	4.99292555e-02	1.78315098e+00
3.04218750e-02	4.99806316e-02	1.78356460e+00
3.04506836e-02	5.00320195e-02	1.78397868e+00
3.04794922e-02	5.00834194e-02	1.78439323e+00
3.05083008e-02	5.01348312e-02	1.78480824e+00
3.05371094e-02	5.01862550e-02	1.78522371e+00
3.05659180e-02	5.02376908e-02	1.78563964e+00
3.05947266e-02	5.02891386e-02	1.78605604e+00
3.06235352e-02	5.03405983e-02	1.78647290e+00
3.06523438e-02	5.03920701e-02	1.78689022e+00
3.06811523e-02	5.04435539e-02	1.78730801e+00
3.07099609e-02	5.04950498e-02	1.78772626e+00
3.07387695e-02	5.05465577e-02	1.78814497e+00
3.07675781e-02	5.05980777e-02	1.78856415e+00
3.07963867e-02	5.06496097e-02	1.78898380e+00
3.08251953e-02	5.07011539e-02	1.78940390e+00
3.08540039e-02	5.07527102e-02	1.78982448e+00
3.08828125e-02	5.08042786e-02	1.79024551e+00
3.09116211e-02	5.08558591e-02	1.79066702e+00
3.09404297e-02	5.09074518e-02	1.79108899e+00
3.09692383e-02	5.09590566e-02	1.79151142e+00
3.09980469e-02	5.10106736e-02	1.79193432e+00
3.10268555e-02	5.10623028e-02	1.79235769e+00
3.10556641e-02	5.11139442e-02	1.79278152e+00
3.10844727e-02	5.11655979e-02	1.79320582e+00
3.11132813e-02	5.12172637e-02	1.79363059e+00
3.11420898e-02	5.12689418e-02	1.79405582e+00
3.11708984e-02	5.13206322e-02	1.79448152e+00
3.11997070e-02	5.13723348e-02	1.79490769e+00
3.12285156e-02	5.14240497e-02	1.79533433e+00
3.12573242e-02	5.14757769e-02	1.79576143e+00
3.12861328e-02	5.15275164e-02	1.79618901e+00
3.13149414e-02	5.15792683e-02	1.79661705e+00
3.13437500e-02	5.16310325e-02	1.79704556e+00
3.13725586e-02	5.16828090e-02	1.79747454e+00
3.14013672e-02	5.17345979e-02	1.79790398e+00
3.14301758e-02	5.17863992e-02	1.79833390e+00
3.14589844e-02	5.18382129e-02	1.79876429e+00
3.14877930e-02	5.18900389e-02	1.79919514e+00
3.15166016e-02	5.19418774e-02	1.79962647e+00
3.15454102e-02	5.19937284e-02	1.80005827e+00
3.15742188e-02	5.20455917e-02	1.80049053e+00
3.16030273e-02	5.20974676e-02	1.80092327e+00
3.16318359e-02	5.21493559e-02	1.80135648e+00
3.16606445e-02	5.22012567e-02	1.80179016e+00
3.16894531e-02	5.22531700e-02	1.80222431e+00
3.17182617e-02	5.23050958e-02	1.80265893e+00
3.17470703e-02	5.23570341e-02	1.80309403e+00
3.17758789e-02	5.24089850e-02	1.80352959e+00
3.18046875e-02	5.24609484e-02	1.80396563e+00
3.18334961e-02	5.25129244e-02	1.80440214e+00
3.18623047e-02	5.25649130e-02	1.80483913e+00
3.18911133e-02	5.26169142e-02	1.80527659e+00
3.19199219e-02	5.26689280e-02	1.80571452e+00
3.19487305e-02	5.27209544e-02	1.80615292e+00
3.19775391e-02	5.27729934e-02	1.80659180e+00
3.20063477e-02	5.28250451e-02	1.80703115e+00
3.20351563e-02	5.28771095e-02	1.80747097e+00
3.20639648e-02	5.29291865e-02	1.80791127e+00
3.20927734e-02	5.29812762e-02	1.80835205e+00
3.21215820e-02	5.30333787e-02	1.80879330e+00
3.21503906e-02	5.30854938e-02	1.80923502e+00
3.21791992e-02	5.31376217e-02	1.80967722e+00
3.22080078e-02	5.31897624e-02	1.81011989e+00
3.22368164e-02	5.32419157e-02	1.81056304e+00
3.22656250e-02	5.32940819e-02	1.81100667e+00
3.22944336e-02	5.33462609e-02	1.81145077e+00
3.23232422e-02	5.33984526e-02	1.81189535e+00
3.23520508e-02	5.34506572e-02	1.81234041e+00
3.23808594e-02	5.35028746e-02	1.81278594e+00
3.24096680e-02	5.35551048e-02	1.81323195e+00
3.24384766e-02	5.36073479e-02	1.81367844e+00
3.24672852e-02	5.36596039e-02	1.81412540e+00
3.24960938e-02	5.37118727e-02	1.81457284e+00
3.25249023e-02	5.37641545e-02	1.81502076e+00
3.25537109e-02	5.38164491e-02	1.81546916e+00
3.25825195e-02	5.38687567e-02	1.81591804e+00
3.26113281e-02	5.39210772e-02	1.81636740e+00
3.26401367e-02	5.39734107e-02	1.81681723e+00
3.26689453e-02	5.40257571e-02	1.81726754e+00
3.26977539e-02	5.40781165e-02	1.81771834e+00
3.27265625e-02	5.41304890e-02	1.81816961e+00
3.27553711e-02	5.41828744e-02	1.81862137e+00
3.27841797e-02	5.42352728e-02	1.81907360e+00
3.28129883e-02	5.42876843e-02	1.81952631e+00
3.28417969e-02	5.43401088e-02	1.81997951e+00
3.28706055e-02	5.43925464e-02	1.82043318e+00
3.28994141e-02	5.44449971e-02	1.82088734e+00
3.29282227e-02	5.44974608e-02	1.82134198e+00
3.29570313e-02	5.45499377e-02	1.82179710e+00
3.29858398e-02	5.46024276e-02	1.82225270e+00
3.30146484e-02	5.46549307e-02	1.82270878e+00
3.30434570e-02	5.47074470e-02	1.82316535e+00
3.30722656e-02	5.47599764e-02	1.82362240e+00
3.31010742e-02	5.48125190e-02	1.82407993e+00
3.31298828e-02	5.48650748e-02	1.82453795e+00
3.31586914e-02	5.49176437e-02	1.82499644e+00
3.31875000e-02	5.49702259e-02	1.82545543e+00
3.32163086e-02	5.50228214e-02	1.82591489e+00
3.32451172e-02	5.50754300e-02	1.82637484e+00
3.32739258e-02	5.51280520e-02	1.82683527e+00
3.33027344e-02	5.51806871e-02	1.82729619e+00
3.33315430e-02	5.52333356e-02	1.82775759e+00
3.33603516e-02	5.52859974e-02	1.82821948e+00
3.33891602e-02	5.53386725e-02	1.82868186e+00
3.34179688e-02	5.53913609e-02	1.82914472e+00
3.34467773e-02	5.54440627e-02	1.82960806e+00
3.34755859e-02	5.54967778e-02	1.83007189e+00
3.35043945e-02	5.55495063e-02	1.83053621e+00
3.35332031e-02	5.56022481e-02	1.83100101e+00
3.35620117e-02	5.56550034e-02	1.83146630e+00
3.35908203e-02	5.57077721e-02	1.83193208e+00
3.36196289e-02	5.57605542e-02	1.83239834e+00
3.36484375e-02	5.58133497e-02	1.83286509e+00
3.36772461e-02	5.58661587e-02	1.83333233e+00
3.37060547e-02	5.59189812e-02	1.83380006e+00
3.37348633e-02	5.59718171e-02	1.83426828e+00
3.37636719e-02	5.60246666e-02	1.83473698e+00
3.37924805e-02	5.60775295e-02	1.83520617e+00
3.38212891e-02	5.61304060e-02	1.83567586e+00
3.38500977e-02	5.61832960e-02	1.83614603e+00
3.38789063e-02	5.62361996e-02	1.83661669e+00
3.39077148e-02	5.62891167e-02	1.83708784e+00
3.39365234e-02	5.63420474e-02	1.83755948e+00
3.39653320e-02	5.63949917e-02	1.83803161e+00
3.39941406e-02	5.64479496e-02	1.83850423e+00
3.40229492e-02	5.65009212e-02	1.83897734e+00
3.40517578e-02	5.65539064e-02	1.83945094e+00
3.40805664e-02	5.66069052e-02	1.83992504e+00
3.41093750e-02	5.66599177e-02	1.84039962e+00
3.41381836e-02	5.67129438e-02	1.84087470e+00
3.41669922e-02	5.67659837e-02	1.84135027e+00
3.41958008e-02	5.68190373e-02	1.84182633e+00
3.42246094e-02	5.68721046e-02	1.84230289e+00
3.42534180e-02	5.69251856e-02	1.84277993e+00
3.42822266e-02	5.69782804e-02	1.84325747e+00
3.43110352e-02	5.70313889e-02	1.84373550e+00
3.43398438e-02	5.70845112e-02	1.84421403e+00
3.43686523e-02	5.71376473e-02	1.84469305e+00
3.43974609e-02	5.71907973e-02	1.84517257e+00
3.44262695e-02	5.72439610e-02	1.84565257e+00
3.44550781e-02	5.72971386e-02	1.84613308e+00
3.44838867e-02	5.73503300e-02	1.84661408e+00
3.45126953e-02	5.74035353e-02	1.84709557e+00
3.45415039e-02	5.74567545e-02	1.84757756e+00
3.45703125e-02	5.75099875e-02	1.84806004e+00
3.45991211e-02	5.75632345e-02	1.84854302e+00
3.46279297e-02	5.76164954e-02	1.84902650e+00
3.46567383e-02	5.76697702e-02	1.84951047e+00
3.46855469e-02	5.77230590e-02	1.84999494e+00
3.47143555e-02	5.77763617e-02	1.85047990e+00
3.47431641e-02	5.78296784e-02	1.85096536e+00
3.47719727e-02	5.78830091e-02	1.85145132e+00
3.48007813e-02	5.79363539e-02	1.85193778e+00
3.48295898e-02	5.79897126e-02	1.85242474e+00
3.48583984e-02	5.80430854e-02	1.85291219e+00
3.48872070e-02	5.80964722e-02	1.85340014e+00
3.49160156e-02	5.81498731e-02	1.85388860e+00
3.49448242e-02	5.82032880e-02	1.85437755e+00
3.49736328e-02	5.82567171e-02	1.85486699e+00
3.50024414e-02	5.83101603e-02	1.85535694e+00
3.50312500e-02	5.83636176e-02	1.85584739e+00
3.50600586e-02	5.84170890e-02	1.85633834e+00
3.50888672e-02	5.84705746e-02	1.85682979e+00
3.51176758e-02	5.85240743e-02	1.85732174e+00
3.51464844e-02	5.85775882e-02	1.85781419e+00
3.51752930e-02	5.86311163e-02	1.85830714e+00
3.52041016e-02	5.86846587e-02	1.85880059e+00
3.52329102e-02	5.87382152e-02	1.85929454e+00
3.52617188e-02	5.87917860e-02	1.85978900e+00
3.52905273e-02	5.88453710e-02	1.86028396e+00
3.53193359e-02	5.88989703e-02	1.86077942e+00
3.53481445e-02	5.89525839e-02	1.86127538e+00
3.53769531e-02	5.90062118e-02	1.86177185e+00
3.54057617e-02	5.90598540e-02	1.86226881e+00
3.54345703e-02	5.91135105e-02	1.86276629e+00
3.54633789e-02	5.91671813e-02	1.86326426e+00
3.54921875e-02	5.92208665e-02	1.86376274e+00
3.55209961e-02	5.92745661e-02	1.86426173e+00
3.55498047e-02	5.93282801e-02	1.86476122e+00
3.55786133e-02	5.93820084e-02	1.86526121e+00
3.56074219e-02	5.94357512e-02	1.86576171e+00
3.56362305e-02	5.94895084e-02	1.86626271e+00
3.56650391e-02	5.95432800e-02	1.86676422e+00
3.56938477e-02	5.95970661e-02	1.86726624e+00
3.57226563e-02	5.96508666e-02	1.86776876e+00
3.57514648e-02	5.97046817e-02	1.86827179e+00
3.57802734e-02	5.97585112e-02	1.86877532e+00
3.58090820e-02	5.98123553e-02	1.86927936e+00
3.58378906e-02	5.98662138e-02	1.86978391e+00
3.58666992e-02	5.99200870e-02	1.87028897e+00
3.58955078e-02	5.99739746e-02	1.87079453e+00
3.59243164e-02	6.00278769e-02	1.87130061e+00
3.59531250e-02	6.00817937e-02	1.87180719e+00
3.59819336e-02	6.01357251e-02	1.87231427e+00
3.60107422e-02	6.01896712e-02	1.87282187e+00
3.60395508e-02	6.02436319e-02	1.87332998e+00
3.60683594e-02	6.02976072e-02	1.87383860e+00
3.60971680e-02	6.03515972e-02	1.87434772e+00
3.61259766e-02	6.04056019e-02	1.87485736e+00
3.61547852e-02	6.04596212e-02	1.87536751e+00
3.61835938e-02	6.05136553e-02	1.87587816e+00
3.62124023e-02	6.05677040e-02	1.87638933e+00
3.62412109e-02	6.06217676e-02	1.87690101e+00
3.62700195e-02	6.06758458e-02	1.87741320e+00
3.62988281e-02	6.07299388e-02	1.87792590e+00
3.63276367e-02	6.07840466e-02	1.87843912e+00
3.63564453e-02	6.08381692e-02	1.87895284e+00
3.63852539e-02	6.08923066e-02	1.87946708e+00
3.64140625e-02	6.09464588e-02	1.87998183e+00
3.64428711e-02	6.10006259e-02	1.88049710e+00
3.64716797e-02	6.10548078e-02	1.88101287e+00
3.65004883e-02	6.11090046e-02	1.88152916e+00
3.65292969e-02	6.11632162e-02	1.88204597e+00
3.65581055e-02	6.12174428e-02	1.88256329e+00
3.65869141e-02	6.12716842e-02	1.88308112e+00
3.66157227e-02	6.13259406e-02	1.88359947e+00
3.66445313e-02	6.13802119e-02	1.88411833e+00
3.66733398e-02	6.14344982e-02	1.88463771e+00
3.67021484e-02	6.14887995e-02	1.88515761e+00
3.67309570e-02	6.15431157e-02	1.88567802e+00
3.67597656e-02	6.15974469e-02	1.88619894e+00
3.67885742e-02	6.16517932e-02	1.88672038e+00
3.68173828e-02	6.17061545e-02	1.88724234e+00
3.68461914e-02	6.17605308e-02	1.88776482e+00
3.68750000e-02	6.18149222e-02	1.88828781e+00
3.69038086e-02	6.18693286e-02	1.88881132e+00
3.69326172e-02	6.19237502e-02	1.88933535e+00
3.69614258e-02	6.19781868e-02	1.88985990e+00
3.69902344e-02	6.20326386e-02	1.89038497e+00
3.70190430e-02	6.20871055e-02	1.89091055e+00
3.70478516e-02	6.21415876e-02	1.89143665e+00
3.70766602e-02	6.21960848e-02	1.89196327e+00
3.71054688e-02	6.22505972e-02	1.89249042e+00
3.71342773e-02	6.23051248e-02	1.89301808e+00
3.71630859e-02	6.23596676e-02	1.89354626e+00
3.71918945e-02	6.24142256e-02	1.89407496e+00
3.72207031e-02	6.24687988e-02	1.89460418e+00
3.72495117e-02	6.25233873e-02	1.89513393e+00
3.72783203e-02	6.25779911e-02	1.89566419e+00
3.73071289e-02	6.26326102e-02	1.89619498e+00
3.73359375e-02	6.26872446e-02	1.89672629e+00
3.73647461e-02	6.27418942e-02	1.89725812e+00
3.73935547e-02	6.27965592e-02	1.89779047e+00
3.74223633e-02	6.28512396e-02	1.89832335e+00
3.74511719e-02	6.29059353e-02	1.89885675e+00
3.74799805e-02	6.29606464e-02	1.89939067e+00
3.75087891e-02	6.30153729e-02	1.89992511e+00
3.75375977e-02	6.30701147e-02	1.90046008e+00
3.75664063e-02	6.31248720e-02	1.90099558e+00
3.75952148e-02	6.31796448e-02	1.90153160e+00
3.76240234e-02	6.32344329e-02	1.90206814e+00
3.76528320e-02	6.32892366e-02	1.90260521e+00
3.76816406e-02	6.33440557e-02	1.90314280e+00
3.77104492e-02	6.33988903e-02	1.90368092e+00
3.77392578e-02	6.34537405e-02	1.90421957e+00
3.77680664e-02	6.35086061e-02	1.90475874e+00
3.77968750e-02	6.35634873e-02	1.90529843e+00
3.78256836e-02	6.36183841e-02	1.90583866e+00
3.78544922e-02	6.36732964e-02	1.90637941e+00
3.78833008e-02	6.37282243e-02	1.90692069e+00
3.79121094e-02	6.37831678e-02	1.90746250e+00
3.79409180e-02	6.38381269e-02	1.90800483e+00
3.79697266e-02	6.38931017e-02	1.90854770e+00
3.79985352e-02	6.39480921e-02	1.90909109e+00
3.80273438e-02	6.40030981e-02	1.90963501e+00
3.80561523e-02	6.40581199e-02	1.91017946e+00
3.80849609e-02	6.41131573e-02	1.91072444e+00
3.81137695e-02	6.41682105e-02	1.91126995e+00
3.81425781e-02	6.42232793e-02	1.91181599e+00
3.81713867e-02	6.42783639e-02	1.91236256e+00
3.82001953e-02	6.43334643e-02	1.91290966e+00
3.82290039e-02	6.43885804e-02	1.91345729e+00
3.82578125e-02	6.44437123e-02	1.91400546e+00
3.82866211e-02	6.44988600e-02	1.91455415e+00
3.83154297e-02	6.45540236e-02	1.91510338e+00
3.83442383e-02	6.46092029e-02	1.91565314e+00
3.83730469e-02	6.46643981e-02	1.91620343e+00
3.84018555e-02	6.47196092e-02	1.91675425e+00
3.84306641e-02	6.47748361e-02	1.91730561e+00
3.84594727e-02	6.48300789e-02	1.91785750e+00
3.84882813e-02	6.48853377e-02	1.91840993e+00
3.85170898e-02	6.49406123e-02	1.91896289e+00
3.85458984e-02	6.49959029e-02	1.91951638e+00
3.85747070e-02	6.50512095e-02	1.92007041e+00
3.86035156e-02	6.51065320e-02	1.92062497e+00
3.86323242e-02	6.51618705e-02	1.92118007e+00
3.86611328e-02	6.52172250e-02	1.92173570e+00
3.86899414e-02	6.52725955e-02	1.92229187e+00
3.87187500e-02	6.53279820e-02	1.92284858e+00
3.87475586e-02	6.53833846e-02	1.92340582e+00
3.87763672e-02	6.54388033e-02	1.92396360e+00
3.88051758e-02	6.54942380e-02	1.92452192e+00
3.88339844e-02	6.55496888e-02	1.92508077e+00
3.88627930e-02	6.56051558e-02	1.92564016e+00
3.88916016e-02	6.56606388e-02	1.92620009e+00
3.89204102e-02	6.57161380e-02	1.92676056e+00
3.89492188e-02	6.57716533e-02	1.92732157e+00
3.89780273e-02	6.58271849e-02	1.92788312e+00
3.90068359e-02	6.58827326e-02	1.92844520e+00
3.90356445e-02	6.59382964e-02	1.92900783e+00
3.90644531e-02	6.59938766e-02	1.92957099e+00
3.90932617e-02	6.60494729e-02	1.93013470e+00
3.91220703e-02	6.61050855e-02	1.93069894e+00
3.91508789e-02	6.61607144e-02	1.93126373e+00
3.91796875e-02	6.62163595e-02	1.93182906e+00
3.92084961e-02	6.62720209e-02	1.93239492e+00
3.92373047e-02	6.63276987e-02	1.93296134e+00
3.92661133e-02	6.63833927e-02	1.93352829e+00
3.92949219e-02	6.64391031e-02	1.93409578e+00
3.93237305e-02	6.64948299e-02	1.93466382e+00
3.93525391e-02	6.65505730e-02	1.93523240e+00
3.93813477e-02	6.66063326e-02	1.93580153e+00
3.94101563e-02	6.66621085e-02	1.93637120e+00
3.94389648e-02	6.67179008e-02	1.93694141e+00
3.94677734e-02	6.67737096e-02	1.93751217e+00
3.94965820e-02	6.68295348e-02	1.93808347e+00
3.95253906e-02	6.68853765e-02	1.93865532e+00
3.95541992e-02	6.69412347e-02	1.93922771e+00
3.95830078e-02	6.69971094e-02	1.93980065e+00
3.96118164e-02	6.70530006e-02	1.94037413e+00
3.96406250e-02	6.71089083e-02	1.94094816e+00
3.96694336e-02	6.71648326e-02	1.94152274e+00
3.96982422e-02	6.72207734e-02	1.94209786e+00
3.97270508e-02	6.72767308e-02	1.94267353e+00
3.97558594e-02	6.73327048e-02	1.94324975e+00
3.97846680e-02	6.73886954e-02	1.94382651e+00
3.98134766e-02	6.74447026e-02	1.94440383e+00
3.98422852e-02	6.75007265e-02	1.94498169e+00
3.98710938e-02	6.75567670e-02	1.94556010e+00
3.98999023e-02	6.76128242e-02	1.94613906e+00
3.99287109e-02	6.76688980e-02	1.94671857e+00
3.99575195e-02	6.77249886e-02	1.94729863e+00
3.99863281e-02	6.77810959e-02	1.94787924e+00
4.00151367e-02	6.78372200e-02	1.94846040e+00
4.00439453e-02	6.78933607e-02	1.94904211e+00
4.00727539e-02	6.79495183e-02	1.94962438e+00
4.01015625e-02	6.80056926e-02	1.95020719e+00
4.01303711e-02	6.80618838e-02	1.95079056e+00
4.01591797e-02	6.81180917e-02	1.95137447e+00
4.01879883e-02	6.81743165e-02	1.95195894e+00
4.02167969e-02	6.82305581e-02	1.95254397e+00
4.02456055e-02	6.82868166e-02	1.95312954e+00
4.02744141e-02	6.83430919e-02	1.95371567e+00
4.03032227e-02	6.83993842e-02	1.95430236e+00
4.03320313e-02	6.84556933e-02	1.95488959e+00
4.03608398e-02	6.85120194e-02	1.95547738e+00
4.03896484e-02	6.85683625e-02	1.95606573e+00
4.04184570e-02	6.86247224e-02	1.95665463e+00
4.04472656e-02	6.86810994e-02	1.95724409e+00
4.04760742e-02	6.87374933e-02	1.95783410e+00
4.05048828e-02	6.87939043e-02	1.95842467e+00
4.05336914e-02	6.88503323e-02	1.95901580e+00
4.05625000e-02	6.89067773e-02	1.95960748e+00
4.05913086e-02	6.89632394e-02	1.96019972e+00
4.06201172e-02	6.90197185e-02	1.96079251e+00
4.06489258e-02	6.90762147e-02	1.96138587e+00
4.06777344e-02	6.91327280e-02	1.96197978e+00
4.07065430e-02	6.91892585e-02	1.96257425e+00
4.07353516e-02	6.92458061e-02	1.96316928e+00
4.07641602e-02	6.93023708e-02	1.96376486e+00
4.07929688e-02	6.93589527e-02	1.96436101e+00
4.08217773e-02	6.94155517e-02	1.96495772e+00
4.08505859e-02	6.94721680e-02	1.96555499e+00
4.08793945e-02	6.95288015e-02	1.96615281e+00
4.09082031e-02	6.95854522e-02	1.96675120e+00
4.09370117e-02	6.96421202e-02	1.96735015e+00
4.09658203e-02	6.96988054e-02	1.96794966e+00
4.09946289e-02	6.97555079e-02	1.96854973e+00
4.10234375e-02	6.98122277e-02	1.96915037e+00
4.10522461e-02	6.98689648e-02	1.96975157e+00
4.10810547e-02	6.99257193e-02	1.97035333e+00
4.11098633e-02	6.99824911e-02	1.97095565e+00
4.11386719e-02	7.00392802e-02	1.97155853e+00
4.11674805e-02	7.00960867e-02	1.97216198e+00
4.11962891e-02	7.01529106e-02	1.97276600e+00
4.12250977e-02	7.02097520e-02	1.97337058e+00
4.12539063e-02	7.02666107e-02	1.97397572e+00
4.12827148e-02	7.03234869e-02	1.97458143e+00
4.13115234e-02	7.03803805e-02	1.97518770e+00
4.13403320e-02	7.04372917e-02	1.97579454e+00
4.13691406e-02	7.04942203e-02	1.97640195e+00
4.13979492e-02	7.05511664e-02	1.97700992e+00
4.14267578e-02	7.06081300e-02	1.97761846e+00
4.14555664e-02	7.06651112e-02	1.97822757e+00
4.14843750e-02	7.07221100e-02	1.97883724e+00
4.15131836e-02	7.07791263e-02	1.97944749e+00
4.15419922e-02	7.08361602e-02	1.98005830e+00
4.15708008e-02	7.08932117e-02	1.98066968e+00
4.15996094e-02	7.09502808e-02	1.98128163e+00
4.16284180e-02	7.10073675e-02	1.98189414e+00
4.16572266e-02	7.10644720e-02	1.98250723e+00
4.16860352e-02	7.11215940e-02	1.98312089e+00
4.17148438e-02	7.11787338e-02	1.98373512e+00
4.17436523e-02	7.12358913e-02	1.98434991e+00
4.17724609e-02	7.12930665e-02	1.98496528e+00
4.18012695e-02	7.13502594e-02	1.98558122e+00
4.18300781e-02	7.14074701e-02	1.98619774e+00
4.18588867e-02	7.14646985e-02	1.98681482e+00
4.18876953e-02	7.15219448e-02	1.98743248e+00
4.19165039e-02	7.15792088e-02	1.98805071e+00
4.19453125e-02	7.16364907e-02	1.98866951e+00
4.19741211e-02	7.16937904e-02	1.98928889e+00
4.20029297e-02	7.17511079e-02	1.98990884e+00
4.20317383e-02	7.18084433e-02	1.99052936e+00
4.20605469e-02	7.18657966e-02	1.99115046e+00
4.20893555e-02	7.19231678e-02	1.99177214e+00
4.21181641e-02	7.19805570e-02	1.99239438e+00
4.21469727e-02	7.20379640e-02	1.99301721e+00
4.21757813e-02	7.20953890e-02	1.99364061e+00
4.22045898e-02	7.21528320e-02	1.99426459e+00
4.22333984e-02	7.22102929e-02	1.99488914e+00
4.22622070e-02	7.22677719e-02	1.99551427e+00
4.22910156e-02	7.23252689e-02	1.99613998e+00
4.23198242e-02	7.23827839e-02	1.99676627e+00
4.23486328e-02	7.24403169e-02	1.99739313e+00
4.23774414e-02	7.24978681e-02	1.99802058e+00
4.24062500e-02	7.25554373e-02	1.99864860e+00
4.24350586e-02	7.26130246e-02	1.99927720e+00
4.24638672e-02	7.26706300e-02	1.99990638e+00
4.24926758e-02	7.27282536e-02	2.00053614e+00
4.25214844e-02	7.27858953e-02	2.00116648e+00
4.25502930e-02	7.28435552e-02	2.00179740e+00
4.25791016e-02	7.29012332e-02	2.00242891e+00
4.26079102e-02	7.29589295e-02	2.00306099e+00
4.26367188e-02	7.30166440e-02	2.00369365e+00
4.26655273e-02	7.30743767e-02	2.00432690e+00
4.26943359e-02	7.31321277e-02	2.00496073e+00
4.27231445e-02	7.31898969e-02	2.00559515e+00
4.27519531e-02	7.32476844e-02	2.00623014e+00
4.27807617e-02	7.33054902e-02	2.00686572e+00
4.28095703e-02	7.33633144e-02	2.00750189e+00
4.28383789e-02	7.34211569e-02	2.00813863e+00
4.28671875e-02	7.34790177e-02	2.00877597e+00
4.28959961e-02	7.35368969e-02	2.00941388e+00
4.29248047e-02	7.35947945e-02	2.01005239e+00
4.29536133e-02	7.36527105e-02	2.01069148e+00
4.29824219e-02	7.37106449e-02	2.01133115e+00
4.30112305e-02	7.37685977e-02	2.01197141e+00
4.30400391e-02	7.38265690e-02	2.01261226e+00
4.30688477e-02	7.38845588e-02	2.01325370e+00
4.30976563e-02	7.39425670e-02	2.01389572e+00
4.31264648e-02	7.40005938e-02	2.01453833e+00
4.31552734e-02	7.40586391e-02	2.01518153e+00
4.31840820e-02	7.41167029e-02	2.01582532e+00
4.32128906e-02	7.41747853e-02	2.01646970e+00
4.32416992e-02	7.42328862e-02	2.01711467e+00
4.32705078e-02	7.42910058e-02	2.01776022e+00
4.32993164e-02	7.43491439e-02	2.01840637e+00
4.33281250e-02	7.44073007e-02	2.01905311e+00
4.33569336e-02	7.44654761e-02	2.01970044e+00
4.33857422e-02	7.45236701e-02	2.02034836e+00
4.34145508e-02	7.45818829e-02	2.02099687e+00
4.34433594e-02	7.46401143e-02	2.02164597e+00
4.34721680e-02	7.46983644e-02	2.02229567e+00
4.35009766e-02	7.47566333e-02	2.02294596e+00
4.35297852e-02	7.48149209e-02	2.02359684e+00
4.35585938e-02	7.48732273e-02	2.02424831e+00
4.35874023e-02	7.49315524e-02	2.02490038e+00
4.36162109e-02	7.49898963e-02	2.02555305e+00
4.36450195e-02	7.50482591e-02	2.02620631e+00
4.36738281e-02	7.51066406e-02	2.02686016e+00
4.37026367e-02	7.51650411e-02	2.02751461e+00
4.37314453e-02	7.52234603e-02	2.02816965e+00
4.37602539e-02	7.52818985e-02	2.02882530e+00
4.37890625e-02	7.53403556e-02	2.02948153e+00
4.38178711e-02	7.53988315e-02	2.03013837e+00
4.38466797e-02	7.54573264e-02	2.03079580e+00
4.38754883e-02	7.55158403e-02	2.03145383e+00
4.39042969e-02	7.55743731e-02	2.03211246e+00
4.39331055e-02	7.56329249e-02	2.03277169e+00
4.39619141e-02	7.56914957e-02	2.03343151e+00
4.39907227e-02	7.57500855e-02	2.03409194e+00
4.40195313e-02	7.58086944e-02	2.03475296e+00
4.40483398e-02	7.58673223e-02	2.03541459e+00
4.40771484e-02	7.59259692e-02	2.03607681e+00
4.41059570e-02	7.59846353e-02	2.03673964e+00
4.41347656e-02	7.60433205e-02	2.03740307e+00
4.41635742e-02	7.61020247e-02	2.03806710e+00
4.41923828e-02	7.61607482e-02	2.03873173e+00
4.42211914e-02	7.62194907e-02	2.03939696e+00
4.42500000e-02	7.62782525e-02	2.04006280e+00
4.42788086e-02	7.63370334e-02	2.04072924e+00
4.43076172e-02	7.63958336e-02	2.04139628e+00
4.43364258e-02	7.64546529e-02	2.04206393e+00
4.43652344e-02	7.65134916e-02	2.04273218e+00
4.43940430e-02	7.65723494e-02	2.04340103e+00
4.44228516e-02	7.66312266e-02	2.04407049e+00
4.44516602e-02	7.66901230e-02	2.04474056e+00
4.44804688e-02	7.67490388e-02	2.04541123e+00
4.45092773e-02	7.68079739e-02	2.04608251e+00
4.45380859e-02	7.68669283e-02	2.04675440e+00
4.45668945e-02	7.69259021e-02	2.04742689e+00
4.45957031e-02	7.69848953e-02	2.04809999e+00
4.46245117e-02	7.70439079e-02	2.04877370e+00
4.46533203e-02	7.71029399e-02	2.04944801e+00
4.46821289e-02	7.71619913e-02	2.05012294e+00
4.47109375e-02	7.72210622e-02	2.05079847e+00
4.47397461e-02	7.72801526e-02	2.05147461e+00
4.47685547e-02	7.73392624e-02	2.05215137e+00
4.47973633e-02	7.73983918e-02	2.05282873e+00
4.48261719e-02	7.74575407e-02	2.05350670e+00
4.48549805e-02	7.75167091e-02	2.05418529e+00
4.48837891e-02	7.75758970e-02	2.05486448e+00
4.49125977e-02	7.76351046e-02	2.05554429e+00
4.49414063e-02	7.76943317e-02	2.05622471e+00
4.49702148e-02	7.77535785e-02	2.05690574e+00
4.49990234e-02	7.78128449e-02	2.05758739e+00
4.50278320e-02	7.78721309e-02	2.05826965e+00
4.50566406e-02	7.79314366e-02	2.05895252e+00
4.50854492e-02	7.79907620e-02	2.05963601e+00
4.51142578e-02	7.80501070e-02	2.06032011e+00
4.51430664e-02	7.81094718e-02	2.06100483e+00
4.51718750e-02	7.81688563e-02	2.06169016e+00
4.52006836e-02	7.82282606e-02	2.06237611e+00
4.52294922e-02	7.82876847e-02	2.06306267e+00
4.52583008e-02	7.83471285e-02	2.06374986e+00
4.52871094e-02	7.84065921e-02	2.06443765e+00
4.53159180e-02	7.84660756e-02	2.06512607e+00
4.53447266e-02	7.85255789e-02	2.06581510e+00
4.53735352e-02	7.85851021e-02	2.06650475e+00
4.54023438e-02	7.86446451e-02	2.06719502e+00
4.54311523e-02	7.87042080e-02	2.06788591e+00
4.54599609e-02	7.87637909e-02	2.06857742e+00
4.54887695e-02	7.88233936e-02	2.06926955e+00
4.55175781e-02	7.88830164e-02	2.06996230e+00
4.55463867e-02	7.89426591e-02	2.07065567e+00
4.55751953e-02	7.90023217e-02	2.07134966e+00
4.56040039e-02	7.90620044e-02	2.07204427e+00
4.56328125e-02	7.91217071e-02	2.07273951e+00
4.56616211e-02	7.91814298e-02	2.07343537e+00
4.56904297e-02	7.92411726e-02	2.07413185e+00
4.57192383e-02	7.93009355e-02	2.07482895e+00
4.57480469e-02	7.93607185e-02	2.07552667e+00
4.57768555e-02	7.94205215e-02	2.07622503e+00
4.58056641e-02	7.94803447e-02	2.07692400e+00
4.58344727e-02	7.95401880e-02	2.07762360e+00
4.58632813e-02	7.96000515e-02	2.07832382e+00
4.58920898e-02	7.96599352e-02	2.07902468e+00
4.59208984e-02	7.97198391e-02	2.07972615e+00
4.59497070e-02	7.97797632e-02	2.08042826e+00
4.59785156e-02	7.98397075e-02	2.08113099e+00
4.60073242e-02	7.98996721e-02	2.08183434e+00
4.60361328e-02	7.99596570e-02	2.08253833e+00
4.60649414e-02	8.00196621e-02	2.08324294e+00
4.60937500e-02	8.00796876e-02	2.08394818e+00
4.61225586e-02	8.01397334e-02	2.08465405e+00
4.61513672e-02	8.01997995e-02	2.08536055e+00
4.61801758e-02	8.02598860e-02	2.08606768e+00
4.62089844e-02	8.03199929e-02	2.08677544e+00
4.62377930e-02	8.03801201e-02	2.08748384e+00
4.62666016e-02	8.04402678e-02	2.08819286e+00
4.62954102e-02	8.05004360e-02	2.08890251e+00
4.63242188e-02	8.05606245e-02	2.08961280e+00
4.63530273e-02	8.06208336e-02	2.09032372e+00
4.63818359e-02	8.06810631e-02	2.09103527e+00
4.64106445e-02	8.07413132e-02	2.09174745e+00
4.64394531e-02	8.08015837e-02	2.09246027e+00
4.64682617e-02	8.08618748e-02	2.09317372e+00
4.64970703e-02	8.09221865e-02	2.09388781e+00
4.65258789e-02	8.09825188e-02	2.09460253e+00
4.65546875e-02	8.10428716e-02	2.09531788e+00
4.65834961e-02	8.11032451e-02	2.09603388e+00
4.66123047e-02	8.11636392e-02	2.09675051e+00
4.66411133e-02	8.12240540e-02	2.09746777e+00
4.66699219e-02	8.12844894e-02	2.09818567e+00
4.66987305e-02	8.13449455e-02	2.09890421e+00
4.67275391e-02	8.14054224e-02	2.09962339e+00
4.67563477e-02	8.14659200e-02	2.10034321e+00
4.67851563e-02	8.15264383e-02	2.10106366e+00
4.68139648e-02	8.15869773e-02	2.10178476e+00
4.68427734e-02	8.16475372e-02	2.10250649e+00
4.68715820e-02	8.17081179e-02	2.10322886e+00
4.69003906e-02	8.17687193e-02	2.10395188e+00
4.69291992e-02	8.18293417e-02	2.10467553e+00
4.69580078e-02	8.18899848e-02	2.10539983e+00
4.69868164e-02	8.19506489e-02	2.10612477e+00
4.70156250e-02	8.20113338e-02	2.10685035e+00
4.70444336e-02	8.20720397e-02	2.10757657e+00
4.70732422e-02	8.21327665e-02	2.10830344e+00
4.71020508e-02	8.21935142e-02	2.10903095e+00
4.71308594e-02	8.22542829e-02	2.10975910e+00
4.71596680e-02	8.23150726e-02	2.11048790e+00
4.71884766e-02	8.23758833e-02	2.11121735e+00
4.72172852e-02	8.24367150e-02	2.11194743e+00
4.72460938e-02	8.24975678e-02	2.11267817e+00
4.72749023e-02	8.25584416e-02	2.11340955e+00
4.73037109e-02	8.26193365e-02	2.11414158e+00
4.73325195e-02	8.26802525e-02	2.11487425e+00
4.73613281e-02	8.27411896e-02	2.11560757e+00
4.73901367e-02	8.28021479e-02	2.11634154e+00
4.74189453e-02	8.28631273e-02	2.11707616e+00
4.74477539e-02	8.29241279e-02	2.11781143e+00
4.74765625e-02	8.29851496e-02	2.11854734e+00
4.75053711e-02	8.30461926e-02	2.11928391e+00
4.75341797e-02	8.31072568e-02	2.12002113e+00
4.75629883e-02	8.31683423e-02	2.12075899e+00
4.75917969e-02	8.32294490e-02	2.12149751e+00
4.76206055e-02	8.32905770e-02	2.12223668e+00
4.76494141e-02	8.33517263e-02	2.12297650e+00
4.76782227e-02	8.34128969e-02	2.12371698e+00
4.77070313e-02	8.34740889e-02	2.12445810e+00
4.77358398e-02	8.35353023e-02	2.12519988e+00
4.77646484e-02	8.35965370e-02	2.12594232e+00
4.77934570e-02	8.36577931e-02	2.12668541e+00
4.78222656e-02	8.37190706e-02	2.12742915e+00
4.78510742e-02	8.37803696e-02	2.12817355e+00
4.78798828e-02	8.38416900e-02	2.12891860e+00
4.79086914e-02	8.39030319e-02	2.12966431e+00
4.79375000e-02	8.39643953e-02	2.13041067e+00
4.79663086e-02	8.40257802e-02	2.13115770e+00
4.79951172e-02	8.40871866e-02	2.13190538e+00
4.80239258e-02	8.41486146e-02	2.13265371e+00
4.80527344e-02	8.42100641e-02	2.13340271e+00
4.80815430e-02	8.42715352e-02	2.13415236e+00
4.81103516e-02	8.43330280e-02	2.13490268e+00
4.81391602e-02	8.43945423e-02	2.13565365e+00
4.81679688e-02	8.44560783e-02	2.13640529e+00
4.81967773e-02	8.45176360e-02	2.13715758e+00
4.82255859e-02	8.45792154e-02	2.13791053e+00
4.82543945e-02	8.46408164e-02	2.13866415e+00
4.82832031e-02	8.47024392e-02	2.13941843e+00
4.83120117e-02	8.47640837e-02	2.14017337e+00
4.83408203e-02	8.48257500e-02	2.14092897e+00
4.83696289e-02	8.48874380e-02	2.14168524e+00
4.83984375e-02	8.49491479e-02	2.14244217e+00
4.84272461e-02	8.50108795e-02	2.14319977e+00
4.84560547e-02	8.50726330e-02	2.14395803e+00
4.84848633e-02	8.51344084e-02	2.14471695e+00
4.85136719e-02	8.51962056e-02	2.14547654e+00
4.85424805e-02	8.52580247e-02	2.14623680e+00
4.85712891e-02	8.53198657e-02	2.14699772e+00
4.86000977e-02	8.53817287e-02	2.14775931e+00
4.86289063e-02	8.54436136e-02	2.14852157e+00
4.86577148e-02	8.55055204e-02	2.14928449e+00
4.86865234e-02	8.55674493e-02	2.15004809e+00
4.87153320e-02	8.56294002e-02	2.15081235e+00
4.87441406e-02	8.56913731e-02	2.15157728e+00
4.87729492e-02	8.57533680e-02	2.15234288e+00
4.88017578e-02	8.58153850e-02	2.15310916e+00
4.88305664e-02	8.58774241e-02	2.15387610e+00
4.88593750e-02	8.59394853e-02	2.15464371e+00
4.88881836e-02	8.60015686e-02	2.15541200e+00
4.89169922e-02	8.60636741e-02	2.15618096e+00
4.89458008e-02	8.61258017e-02	2.15695059e+00
4.89746094e-02	8.61879515e-02	2.15772089e+00
4.90034180e-02	8.62501236e-02	2.15849187e+00
4.90322266e-02	8.63123178e-02	2.15926352e+00
4.90610352e-02	8.63745343e-02	2.16003584e+00
4.90898438e-02	8.64367730e-02	2.16080884e+00
4.91186523e-02	8.64990340e-02	2.16158252e+00
4.91474609e-02	8.65613173e-02	2.16235687e+00
4.91762695e-02	8.66236229e-02	2.16313190e+00
4.92050781e-02	8.66859509e-02	2.16390761e+00
4.92338867e-02	8.67483012e-02	2.16468399e+00
4.92626953e-02	8.68106739e-02	2.16546105e+00
4.92915039e-02	8.68730690e-02	2.16623879e+00
4.93203125e-02	8.69354865e-02	2.16701720e+00
4.93491211e-02	8.69979264e-02	2.16779630e+00
4.93779297e-02	8.70603888e-02	2.16857608e+00
4.94067383e-02	8.71228737e-02	2.16935653e+00
4.94355469e-02	8.71853811e-02	2.17013767e+00
4.94643555e-02	8.72479109e-02	2.17091949e+00
4.94931641e-02	8.73104634e-02	2.17170199e+00
4.95219727e-02	8.73730383e-02	2.17248517e+00
4.95507813e-02	8.74356358e-02	2.17326904e+00
4.95795898e-02	8.74982560e-02	2.17405359e+00
4.96083984e-02	8.75608987e-02	2.17483882e+00
4.96372070e-02	8.76235641e-02	2.17562474e+00
4.96660156e-02	8.76862521e-02	2.17641134e+00
4.96948242e-02	8.77489628e-02	2.17719862e+00
4.97236328e-02	8.78116962e-02	2.17798659e+00
4.97524414e-02	8.78744523e-02	2.17877525e+00
4.97812500e-02	8.79372311e-02	2.17956459e+00
4.98100586e-02	8.80000327e-02	2.18035462e+00
4.98388672e-02	8.80628570e-02	2.18114534e+00
4.98676758e-02	8.81257041e-02	2.18193675e+00
4.98964844e-02	8.81885741e-02	2.18272884e+00
4.99252930e-02	8.82514668e-02	2.18352163e+00
4.99541016e-02	8.83143824e-02	2.18431510e+00
4.99829102e-02	8.83773209e-02	2.18510926e+00
5.00117188e-02	8.84402823e-02	2.18590412e+00
5.00405273e-02	8.85032666e-02	2.18669966e+00
5.00693359e-02	8.85662738e-02	2.18749590e+00
5.00981445e-02	8.86293040e-02	2.18829283e+00
5.01269531e-02	8.86923571e-02	2.18909045e+00
5.01557617e-02	8.87554332e-02	2.18988876e+00
5.01845703e-02	8.88185323e-02	2.19068777e+00
5.02133789e-02	8.88816545e-02	2.19148747e+00
5.02421875e-02	8.89447997e-02	2.19228786e+00
5.02709961e-02	8.90079680e-02	2.19308895e+00
5.02998047e-02	8.90711593e-02	2.19389074e+00
5.03286133e-02	8.91343738e-02	2.19469322e+00
5.03574219e-02	8.91976114e-02	2.19549640e+00
5.03862305e-02	8.92608721e-02	2.19630027e+00
5.04150391e-02	8.93241560e-02	2.19710484e+00
5.04438477e-02	8.93874631e-02	2.19791011e+00
5.04726563e-02	8.94507934e-02	2.19871608e+00
5.05014648e-02	8.95141470e-02	2.19952275e+00
5.05302734e-02	8.95775238e-02	2.20033011e+00
5.05590820e-02	8.96409238e-02	2.20113818e+00
5.05878906e-02	8.97043472e-02	2.20194695e+00
5.06166992e-02	8.97677938e-02	2.20275641e+00
5.06455078e-02	8.98312638e-02	2.20356658e+00
5.06743164e-02	8.98947571e-02	2.20437746e+00
5.07031250e-02	8.99582738e-02	2.20518903e+00
5.07319336e-02	9.00218139e-02	2.20600131e+00
5.07607422e-02	9.00853774e-02	2.20681429e+00
5.07895508e-02	9.01489644e-02	2.20762797e+00
5.08183594e-02	9.02125748e-02	2.20844236e+00
5.08471680e-02	9.02762086e-02	2.20925745e+00
5.08759766e-02	9.03398660e-02	2.21007325e+00
5.09047852e-02	9.04035468e-02	2.21088976e+00
5.09335938e-02	9.04672512e-02	2.21170697e+00
5.09624023e-02	9.05309792e-02	2.21252489e+00
5.09912109e-02	9.05947307e-02	2.21334351e+00
5.10200195e-02	9.06585058e-02	2.21416285e+00
5.10488281e-02	9.07223046e-02	2.21498289e+00
5.10776367e-02	9.07861269e-02	2.21580364e+00
5.11064453e-02	9.08499729e-02	2.21662510e+00
5.11352539e-02	9.09138426e-02	2.21744728e+00
5.11640625e-02	9.09777360e-02	2.21827016e+00
5.11928711e-02	9.10416531e-02	2.21909375e+00
5.12216797e-02	9.11055940e-02	2.21991806e+00
5.12504883e-02	9.11695586e-02	2.22074307e+00
5.12792969e-02	9.12335470e-02	2.22156880e+00
5.13081055e-02	9.12975591e-02	2.22239525e+00
5.13369141e-02	9.13615951e-02	2.22322240e+00
5.13657227e-02	9.14256550e-02	2.22405028e+00
5.13945313e-02	9.14897387e-02	2.22487886e+00
5.14233398e-02	9.15538462e-02	2.22570816e+00
5.14521484e-02	9.16179777e-02	2.22653818e+00
5.14809570e-02	9.16821331e-02	2.22736892e+00
5.15097656e-02	9.17463125e-02	2.22820037e+00
5.15385742e-02	9.18105158e-02	2.22903253e+00
5.15673828e-02	9.18747431e-02	2.22986542e+00
5.15961914e-02	9.19389943e-02	2.23069902e+00
5.16250000e-02	9.20032697e-02	2.23153335e+00
5.16538086e-02	9.20675690e-02	2.23236839e+00
5.16826172e-02	9.21318925e-02	2.23320415e+00
5.17114258e-02	9.21962400e-02	2.23404064e+00
5.17402344e-02	9.22606116e-02	2.23487784e+00
5.17690430e-02	9.23250074e-02	2.23571577e+00
5.17978516e-02	9.23894273e-02	2.23655442e+00
5.18266602e-02	9.24538714e-02	2.23739379e+00
5.18554688e-02	9.25183396e-02	2.23823388e+00
5.18842773e-02	9.25828321e-02	2.23907470e+00
5.19130859e-02	9.26473488e-02	2.23991624e+00
5.19418945e-02	9.27118898e-02	2.24075851e+00
5.19707031e-02	9.27764550e-02	2.24160150e+00
5.19995117e-02	9.28410446e-02	2.24244522e+00
5.20283203e-02	9.29056584e-02	2.24328967e+00
5.20571289e-02	9.29702966e-02	2.24413484e+00
5.20859375e-02	9.30349592e-02	2.24498074e+00
5.21147461e-02	9.30996461e-02	2.24582737e+00
5.21435547e-02	9.31643575e-02	2.24667472e+00
5.21723633e-02	9.32290932e-02	2.24752281e+00
5.22011719e-02	9.32938534e-02	2.24837162e+00
5.22299805e-02	9.33586381e-02	2.24922117e+00
5.22587891e-02	9.34234472e-02	2.25007144e+00
5.22875977e-02	9.34882809e-02	2.25092245e+00
5.23164063e-02	9.35531390e-02	2.25177419e+00
5.23452148e-02	9.36180218e-02	2.25262666e+00
5.23740234e-02	9.36829291e-02	2.25347987e+00
5.24028320e-02	9.37478610e-02	2.25433380e+00
5.24316406e-02	9.38128175e-02	2.25518848e+00
5.24604492e-02	9.38777986e-02	2.25604388e+00
5.24892578e-02	9.39428044e-02	2.25690002e+00
5.25180664e-02	9.40078348e-02	2.25775690e+00
5.25468750e-02	9.40728900e-02	2.25861451e+00
5.25756836e-02	9.41379699e-02	2.25947286e+00
5.26044922e-02	9.42030745e-02	2.26033195e+00
5.26333008e-02	9.42682038e-02	2.26119178e+00
5.26621094e-02	9.43333580e-02	2.26205234e+00
5.26909180e-02	9.43985369e-02	2.26291364e+00
5.27197266e-02	9.44637407e-02	2.26377568e+00
5.27485352e-02	9.45289693e-02	2.26463847e+00
5.27773438e-02	9.45942228e-02	2.26550199e+00
5.28061523e-02	9.46595012e-02	2.26636625e+00
5.28349609e-02	9.47248045e-02	2.26723126e+00
5.28637695e-02	9.47901327e-02	2.26809701e+00
5.28925781e-02	9.48554859e-02	2.26896350e+00
5.29213867e-02	9.49208640e-02	2.26983073e+00
5.29501953e-02	9.49862671e-02	2.27069871e+00
5.29790039e-02	9.50516953e-02	2.27156743e+00
5.30078125e-02	9.51171485e-02	2.27243690e+00
5.30366211e-02	9.51826267e-02	2.27330711e+00
5.30654297e-02	9.52481300e-02	2.27417807e+00
5.30942383e-02	9.53136585e-02	2.27504978e+00
5.31230469e-02	9.53792120e-02	2.27592223e+00
5.31518555e-02	9.54447907e-02	2.27679543e+00
5.31806641e-02	9.55103946e-02	2.27766938e+00
5.32094727e-02	9.55760236e-02	2.27854408e+00
5.32382813e-02	9.56416779e-02	2.27941952e+00
5.32670898e-02	9.57073574e-02	2.28029572e+00
5.32958984e-02	9.57730621e-02	2.28117267e+00
5.33247070e-02	9.58387922e-02	2.28205037e+00
5.33535156e-02	9.59045475e-02	2.28292882e+00
5.33823242e-02	9.59703281e-02	2.28380803e+00
5.34111328e-02	9.60361341e-02	2.28468798e+00
5.34399414e-02	9.61019654e-02	2.28556869e+00
5.34687500e-02	9.61678221e-02	2.28645016e+00
5.34975586e-02	9.62337043e-02	2.28733238e+00
5.35263672e-02	9.62996118e-02	2.28821535e+00
5.35551758e-02	9.63655448e-02	2.28909908e+00
5.35839844e-02	9.64315033e-02	2.28998357e+00
5.36127930e-02	9.64974872e-02	2.29086881e+00
5.36416016e-02	9.65634967e-02	2.29175481e+00
5.36704102e-02	9.66295317e-02	2.29264157e+00
5.36992188e-02	9.66955923e-02	2.29352909e+00
5.37280273e-02	9.67616784e-02	2.29441736e+00
5.37568359e-02	9.68277901e-02	2.29530640e+00
5.37856445e-02	9.68939275e-02	2.29619620e+00
5.38144531e-02	9.69600905e-02	2.29708675e+00
5.38432617e-02	9.70262792e-02	2.29797807e+00
5.38720703e-02	9.70924936e-02	2.29887015e+00
5.39008789e-02	9.71587336e-02	2.29976300e+00
5.39296875e-02	9.72249995e-02	2.30065661e+00
5.39584961e-02	9.72912910e-02	2.30155098e+00
5.39873047e-02	9.73576084e-02	2.30244611e+00
5.40161133e-02	9.74239515e-02	2.30334201e+00
5.40449219e-02	9.74903205e-02	2.30423868e+00
5.40737305e-02	9.75567153e-02	2.30513611e+00
5.41025391e-02	9.76231359e-02	2.30603431e+00
5.41313477e-02	9.76895825e-02	2.30693328e+00
5.41601563e-02	9.77560549e-02	2.30783301e+00
5.41889648e-02	9.78225533e-02	2.30873351e+00
5.42177734e-02	9.78890777e-02	2.30963478e+00
5.42465820e-02	9.79556280e-02	2.31053682e+00
5.42753906e-02	9.80222043e-02	2.31143964e+00
5.43041992e-02	9.80888067e-02	2.31234322e+00
5.43330078e-02	9.81554351e-02	2.31324757e+00
5.43618164e-02	9.82220895e-02	2.31415270e+00
5.43906250e-02	9.82887700e-02	2.31505860e+00
5.44194336e-02	9.83554767e-02	2.31596527e+00
5.44482422e-02	9.84222095e-02	2.31687271e+00
5.44770508e-02	9.84889684e-02	2.31778094e+00
5.45058594e-02	9.85557535e-02	2.31868993e+00
5.45346680e-02	9.86225648e-02	2.31959970e+00
5.45634766e-02	9.86894023e-02	2.32051025e+00
5.45922852e-02	9.87562661e-02	2.32142157e+00
5.46210938e-02	9.88231561e-02	2.32233367e+00
5.46499023e-02	9.88900724e-02	2.32324655e+00
5.46787109e-02	9.89570150e-02	2.32416021e+00
5.47075195e-02	9.90239840e-02	2.32507465e+00
5.47363281e-02	9.90909793e-02	2.32598986e+00
5.47651367e-02	9.91580010e-02	2.32690586e+00
5.47939453e-02	9.92250491e-02	2.32782264e+00
5.48227539e-02	9.92921236e-02	2.32874020e+00
5.48515625e-02	9.93592246e-02	2.32965854e+00
5.48803711e-02	9.94263520e-02	2.33057766e+00
5.49091797e-02	9.94935059e-02	2.33149757e+00
5.49379883e-02	9.95606863e-02	2.33241826e+00
5.49667969e-02	9.96278933e-02	2.33333974e+00
5.49956055e-02	9.96951268e-02	2.33426200e+00
5.50244141e-02	9.97623869e-02	2.33518505e+00
5.50532227e-02	9.98296736e-02	2.33610888e+00
5.50820313e-02	9.98969870e-02	2.33703350e+00
5.51108398e-02	9.99643269e-02	2.33795891e+00
5.51396484e-02	1.00031694e-01	2.33888511e+00
5.51684570e-02	1.00099087e-01	2.33981209e+00
5.51972656e-02	1.00166507e-01	2.34073987e+00
5.52260742e-02	1.00233954e-01	2.34166843e+00
5.52548828e-02	1.00301427e-01	2.34259779e+00
5.52836914e-02	1.00368928e-01	2.34352794e+00
5.53125000e-02	1.00436455e-01	2.34445887e+00
5.53413086e-02	1.00504009e-01	2.34539061e+00
5.53701172e-02	1.00571590e-01	2.34632313e+00
5.53989258e-02	1.00639197e-01	2.34725645e+00
5.54277344e-02	1.00706832e-01	2.34819056e+00
5.54565430e-02	1.00774494e-01	2.34912547e+00
5.54853516e-02	1.00842182e-01	2.35006117e+00
5.55141602e-02	1.00909897e-01	2.35099767e+00
5.55429688e-02	1.00977640e-01	2.35193497e+00
5.55717773e-02	1.01045409e-01	2.35287306e+00
5.56005859e-02	1.01113206e-01	2.35381196e+00
5.56293945e-02	1.01181029e-01	2.35475165e+00
5.56582031e-02	1.01248880e-01	2.35569214e+00
5.56870117e-02	1.01316758e-01	2.35663343e+00
5.57158203e-02	1.01384663e-01	2.35757552e+00
5.57446289e-02	1.01452595e-01	2.35851841e+00
5.57734375e-02	1.01520554e-01	2.35946211e+00
5.58022461e-02	1.01588540e-01	2.36040660e+00
5.58310547e-02	1.01656554e-01	2.36135190e+00
5.58598633e-02	1.01724595e-01	2.36229801e+00
5.58886719e-02	1.01792663e-01	2.36324491e+00
5.59174805e-02	1.01860758e-01	2.36419263e+00
5.59462891e-02	1.01928881e-01	2.36514114e+00
5.59750977e-02	1.01997031e-01	2.36609047e+00
5.60039063e-02	1.02065208e-01	2.36704060e+00
5.60327148e-02	1.02133413e-01	2.36799154e+00
5.60615234e-02	1.02201645e-01	2.36894329e+00
5.60903320e-02	1.02269905e-01	2.36989584e+00
5.61191406e-02	1.02338192e-01	2.37084921e+00
5.61479492e-02	1.02406507e-01	2.37180339e+00
5.61767578e-02	1.02474849e-01	2.37275837e+00
5.62055664e-02	1.02543218e-01	2.37371417e+00
5.62343750e-02	1.02611616e-01	2.37467078e+00
5.62631836e-02	1.02680040e-01	2.37562820e+00
5.62919922e-02	1.02748493e-01	2.37658644e+00
5.63208008e-02	1.02816973e-01	2.37754549e+00
5.63496094e-02	1.02885480e-01	2.37850535e+00
5.63784180e-02	1.02954015e-01	2.37946603e+00
5.64072266e-02	1.03022578e-01	2.38042752e+00
5.64360352e-02	1.03091169e-01	2.38138984e+00
5.64648438e-02	1.03159787e-01	2.38235296e+00
5.64936523e-02	1.03228433e-01	2.38331691e+00
5.65224609e-02	1.03297107e-01	2.38428168e+00
5.65512695e-02	1.03365809e-01	2.38524726e+00
5.65800781e-02	1.03434539e-01	2.38621366e+00
5.66088867e-02	1.03503296e-01	2.38718089e+00
5.66376953e-02	1.03572081e-01	2.38814893e+00
5.66665039e-02	1.03640894e-01	2.38911780e+00
5.66953125e-02	1.03709735e-01	2.39008749e+00
5.67241211e-02	1.03778605e-01	2.39105800e+00
5.67529297e-02	1.03847502e-01	2.39202934e+00
5.67817383e-02	1.03916427e-01	2.39300150e+00
5.68105469e-02	1.03985380e-01	2.39397448e+00
5.68393555e-02	1.04054361e-01	2.39494829e+00
5.68681641e-02	1.04123370e-01	2.39592293e+00
5.68969727e-02	1.04192407e-01	2.39689839e+00
5.69257813e-02	1.04261472e-01	2.39787468e+00
5.69545898e-02	1.04330566e-01	2.39885180e+00
5.69833984e-02	1.04399687e-01	2.39982975e+00
5.70122070e-02	1.04468837e-01	2.40080853e+00
5.70410156e-02	1.04538015e-01	2.40178814e+00
5.70698242e-02	1.04607222e-01	2.40276858e+00
5.70986328e-02	1.04676456e-01	2.40374985e+00
5.71274414e-02	1.04745719e-01	2.40473195e+00
5.71562500e-02	1.04815010e-01	2.40571488e+00
5.71850586e-02	1.04884329e-01	2.40669865e+00
5.72138672e-02	1.04953677e-01	2.40768326e+00
5.72426758e-02	1.05023053e-01	2.40866869e+00
5.72714844e-02	1.05092458e-01	2.40965497e+00
5.73002930e-02	1.05161891e-01	2.41064208e+00
5.73291016e-02	1.05231352e-01	2.41163002e+00
5.73579102e-02	1.05300842e-01	2.41261881e+00
5.73867188e-02	1.05370361e-01	2.41360843e+00
5.74155273e-02	1.05439908e-01	2.41459889e+00
5.74443359e-02	1.05509483e-01	2.41559019e+00
5.74731445e-02	1.05579087e-01	2.41658233e+00
5.75019531e-02	1.05648720e-01	2.41757531e+00
5.75307617e-02	1.05718381e-01	2.41856914e+00
5.75595703e-02	1.05788071e-01	2.41956380e+00
5.75883789e-02	1.05857789e-01	2.42055931e+00
5.76171875e-02	1.05927537e-01	2.42155566e+00
5.76459961e-02	1.05997313e-01	2.42255286e+00
5.76748047e-02	1.06067117e-01	2.42355090e+00
5.77036133e-02	1.06136951e-01	2.42454979e+00
5.77324219e-02	1.06206813e-01	2.42554952e+00
5.77612305e-02	1.06276704e-01	2.42655010e+00
5.77900391e-02	1.06346624e-01	2.42755153e+00
5.78188477e-02	1.06416573e-01	2.42855380e+00
5.78476563e-02	1.06486551e-01	2.42955693e+00
5.78764648e-02	1.06556557e-01	2.43056090e+00
5.79052734e-02	1.06626593e-01	2.43156573e+00
5.79340820e-02	1.06696657e-01	2.43257140e+00
5.79628906e-02	1.06766751e-01	2.43357793e+00
5.79916992e-02	1.06836873e-01	2.43458531e+00
5.80205078e-02	1.06907025e-01	2.43559355e+00
5.80493164e-02	1.06977205e-01	2.43660263e+00
5.80781250e-02	1.07047415e-01	2.43761258e+00
5.81069336e-02	1.07117654e-01	2.43862337e+00
5.81357422e-02	1.07187921e-01	2.43963503e+00
5.81645508e-02	1.07258219e-01	2.44064754e+00
5.81933594e-02	1.07328545e-01	2.44166090e+00
5.82221680e-02	1.07398900e-01	2.44267513e+00
5.82509766e-02	1.07469285e-01	2.44369021e+00
5.82797852e-02	1.07539699e-01	2.44470616e+00
5.83085938e-02	1.07610142e-01	2.44572296e+00
5.83374023e-02	1.07680614e-01	2.44674063e+00
5.83662109e-02	1.07751116e-01	2.44775915e+00
5.83950195e-02	1.07821647e-01	2.44877854e+00
5.84238281e-02	1.07892208e-01	2.44979879e+00
5.84526367e-02	1.07962798e-01	2.45081990e+00
5.84814453e-02	1.08033417e-01	2.45184188e+00
5.85102539e-02	1.08104066e-01	2.45286473e+00
5.85390625e-02	1.08174745e-01	2.45388844e+00
5.85678711e-02	1.08245452e-01	2.45491301e+00
5.85966797e-02	1.08316190e-01	2.45593845e+00
5.86254883e-02	1.08386957e-01	2.45696477e+00
5.86542969e-02	1.08457753e-01	2.45799194e+00
5.86831055e-02	1.08528579e-01	2.45901999e+00
5.87119141e-02	1.08599435e-01	2.46004891e+00
5.87407227e-02	1.08670320e-01	2.46107870e+00
5.87695313e-02	1.08741235e-01	2.46210936e+00
5.87983398e-02	1.08812180e-01	2.46314089e+00
5.88271484e-02	1.08883155e-01	2.46417330e+00
5.88559570e-02	1.08954159e-01	2.46520658e+00
5.88847656e-02	1.09025193e-01	2.46624073e+00
5.89135742e-02	1.09096257e-01	2.46727576e+00
5.89423828e-02	1.09167350e-01	2.46831166e+00
5.89711914e-02	1.09238474e-01	2.46934844e+00
5.90000000e-02	1.09309627e-01	2.47038610e+00
