0.00000000e+00	0.00000000e+00	3.36063452e-320
4.88281250e-05	0.00000000e+00	3.36063452e-320
9.76562500e-05	0.00000000e+00	3.36063452e-320
1.46484375e-04	0.00000000e+00	3.36112859e-320
1.95312500e-04	0.00000000e+00	3.36162265e-320
2.44140625e-04	0.00000000e+00	3.36211672e-320
2.92968750e-04	0.00000000e+00	3.36261079e-320
3.41796875e-04	0.00000000e+00	3.36310485e-320
3.90625000e-04	0.00000000e+00	3.36359892e-320
4.39453125e-04	0.00000000e+00	3.36409298e-320
4.88281250e-04	0.00000000e+00	3.36458705e-320
5.37109375e-04	0.00000000e+00	3.36508111e-320
5.85937500e-04	0.00000000e+00	3.36557518e-320
6.34765625e-04	0.00000000e+00	3.36606925e-320
6.83593750e-04	0.00000000e+00	3.36656331e-320
7.32421875e-04	0.00000000e+00	3.36705738e-320
7.81250000e-04	0.00000000e+00	3.36755144e-320
8.30078125e-04	0.00000000e+00	3.36804551e-320
8.78906250e-04	0.00000000e+00	3.36853957e-320
9.27734375e-04	0.00000000e+00	3.36903364e-320
9.76562500e-04	0.00000000e+00	3.36952770e-320
1.02539063e-03	0.00000000e+00	3.37002177e-320
1.07421875e-03	0.00000000e+00	3.37051584e-320
1.12304688e-03	0.00000000e+00	3.37100990e-320
1.17187500e-03	0.00000000e+00	3.37150397e-320
1.22070312e-03	0.00000000e+00	3.37199803e-320
1.26953125e-03	0.00000000e+00	3.37249210e-320
1.31835938e-03	0.00000000e+00	3.37298616e-320
1.36718750e-03	0.00000000e+00	3.37348023e-320
1.41601563e-03	0.00000000e+00	3.37397430e-320
1.46484375e-03	0.00000000e+00	3.37446836e-320
1.51367188e-03	0.00000000e+00	3.37496243e-320
1.56250000e-03	0.00000000e+00	3.37545649e-320
1.61132813e-03	0.00000000e+00	3.37595056e-320
1.66015625e-03	0.00000000e+00	3.37644462e-320
1.70898438e-03	0.00000000e+00	3.37693869e-320
1.75781250e-03	0.00000000e+00	3.37743275e-320
1.80664063e-03	0.00000000e+00	3.37792682e-320
1.85546875e-03	0.00000000e+00	3.37842089e-320
1.90429688e-03	0.00000000e+00	3.37891495e-320
1.95312500e-03	0.00000000e+00	3.37940902e-320
2.00195313e-03	0.00000000e+00	3.37990308e-320
2.05078125e-03	0.00000000e+00	3.38039715e-320
2.09960937e-03	0.00000000e+00	3.38089121e-320
2.14843750e-03	0.00000000e+00	3.38138528e-320
2.19726562e-03	0.00000000e+00	3.38187935e-320
2.24609375e-03	0.00000000e+00	3.38237341e-320
2.29492188e-03	0.00000000e+00	3.38286748e-320
2.34375000e-03	0.00000000e+00	3.38336154e-320
2.39257813e-03	0.00000000e+00	3.38385561e-320
2.44140625e-03	0.00000000e+00	3.38434967e-320
2.49023438e-03	0.00000000e+00	3.38484374e-320
2.53906250e-03	0.00000000e+00	3.38533781e-320
2.58789063e-03	0.00000000e+00	3.38583187e-320
2.63671875e-03	0.00000000e+00	3.38632594e-320
2.68554688e-03	0.00000000e+00	3.38682000e-320
2.73437500e-03	0.00000000e+00	3.38731407e-320
2.78320313e-03	0.00000000e+00	3.38780813e-320
2.83203125e-03	0.00000000e+00	3.38830220e-320
2.88085938e-03	0.00000000e+00	3.38879626e-320
2.92968750e-03	0.00000000e+00	3.38929033e-320
2.97851563e-03	0.00000000e+00	3.38978440e-320
3.02734375e-03	0.00000000e+00	3.39027846e-320
3.07617188e-03	0.00000000e+00	3.39077253e-320
3.12500000e-03	0.00000000e+00	3.39126659e-320
3.17382812e-03	0.00000000e+00	3.39176066e-320
3.22265625e-03	0.00000000e+00	3.39225472e-320
3.27148438e-03	0.00000000e+00	3.39274879e-320
3.32031250e-03	0.00000000e+00	3.39324286e-320
3.36914063e-03	0.00000000e+00	3.39373692e-320
3.41796875e-03	0.00000000e+00	3.39423099e-320
3.46679688e-03	0.00000000e+00	3.39472505e-320
3.51562500e-03	0.00000000e+00	3.39521912e-320
3.56445313e-03	0.00000000e+00	3.39571318e-320
3.61328125e-03	0.00000000e+00	3.39620725e-320
3.66210938e-03	0.00000000e+00	3.39670132e-320
3.71093750e-03	0.00000000e+00	3.39719538e-320
3.75976563e-03	0.00000000e+00	3.39768945e-320
3.80859375e-03	0.00000000e+00	3.39818351e-320
3.85742188e-03	0.00000000e+00	3.39867758e-320
3.90625000e-03	0.00000000e+00	3.39917164e-320
3.95507812e-03	0.00000000e+00	3.39966571e-320
4.00390625e-03	0.00000000e+00	3.40015977e-320
4.05273438e-03	0.00000000e+00	3.40065384e-320
4.10156250e-03	0.00000000e+00	3.40114791e-320
4.15039062e-03	0.00000000e+00	3.40164197e-320
4.19921875e-03	0.00000000e+00	3.40213604e-320
4.24804688e-03	0.00000000e+00	3.40263010e-320
4.29687500e-03	0.00000000e+00	3.40312417e-320
4.34570313e-03	0.00000000e+00	3.40361823e-320
4.39453125e-03	0.00000000e+00	3.40411230e-320
4.44335937e-03	0.00000000e+00	3.40460637e-320
4.49218750e-03	0.00000000e+00	3.40510043e-320
4.54101563e-03	0.00000000e+00	3.40559450e-320
4.58984375e-03	0.00000000e+00	3.40608856e-320
4.63867188e-03	0.00000000e+00	3.40658263e-320
4.68750000e-03	0.00000000e+00	3.40707669e-320
4.73632813e-03	0.00000000e+00	3.40757076e-320
4.78515625e-03	0.00000000e+00	3.40806483e-320
4.83398438e-03	0.00000000e+00	3.40855889e-320
4.88281250e-03	0.00000000e+00	3.40905296e-320
4.93164063e-03	0.00000000e+00	3.40954702e-320
4.98046875e-03	0.00000000e+00	3.41004109e-320
5.02929688e-03	0.00000000e+00	3.41053515e-320
5.07812500e-03	0.00000000e+00	3.41102922e-320
5.12695312e-03	0.00000000e+00	3.41152328e-320
5.17578125e-03	0.00000000e+00	3.41201735e-320
5.22460938e-03	0.00000000e+00	3.41251142e-320
5.27343750e-03	0.00000000e+00	3.41300548e-320
5.32226563e-03	0.00000000e+00	3.41349955e-320
5.37109375e-03	0.00000000e+00	3.41399361e-320
5.41992188e-03	0.00000000e+00	3.41448768e-320
5.46875000e-03	0.00000000e+00	3.41498174e-320
5.51757813e-03	0.00000000e+00	3.41547581e-320
5.56640625e-03	0.00000000e+00	3.41596988e-320
5.61523438e-03	0.00000000e+00	3.41646394e-320
5.66406250e-03	0.00000000e+00	3.41695801e-320
5.71289063e-03	0.00000000e+00	3.41745207e-320
5.76171875e-03	0.00000000e+00	3.41745207e-320
5.81054688e-03	0.00000000e+00	3.41745207e-320
5.85937500e-03	0.00000000e+00	3.41745207e-320
5.90820313e-03	0.00000000e+00	3.41745207e-320
5.95703125e-03	0.00000000e+00	3.41745207e-320
6.00585938e-03	0.00000000e+00	3.41745207e-320
6.05468750e-03	0.00000000e+00	3.41745207e-320
6.10351562e-03	0.00000000e+00	3.41745207e-320
6.15234375e-03	0.00000000e+00	3.41745207e-320
6.20117188e-03	0.00000000e+00	3.41745207e-320
6.25000000e-03	0.00000000e+00	3.41745207e-320
6.29882813e-03	0.00000000e+00	3.41745207e-320
6.34765625e-03	0.00000000e+00	3.41745207e-320
6.39648438e-03	0.00000000e+00	3.41695801e-320
6.44531250e-03	0.00000000e+00	3.41646394e-320
6.49414063e-03	0.00000000e+00	3.41596988e-320
6.54296875e-03	0.00000000e+00	3.41547581e-320
6.59179688e-03	0.00000000e+00	3.41498174e-320
6.64062500e-03	0.00000000e+00	3.41448768e-320
6.68945313e-03	0.00000000e+00	3.41399361e-320
6.73828125e-03	0.00000000e+00	3.41349955e-320
6.78710938e-03	0.00000000e+00	3.41300548e-320
6.83593750e-03	0.00000000e+00	3.41251142e-320
6.88476563e-03	0.00000000e+00	3.41201735e-320
6.93359375e-03	0.00000000e+00	3.41152328e-320
6.98242188e-03	0.00000000e+00	3.41102922e-320
7.03125000e-03	0.00000000e+00	3.41053515e-320
7.08007812e-03	0.00000000e+00	3.41004109e-320
7.12890625e-03	0.00000000e+00	3.40954702e-320
7.17773438e-03	0.00000000e+00	3.40905296e-320
7.22656250e-03	0.00000000e+00	3.40855889e-320
7.27539063e-03	0.00000000e+00	3.40806483e-320
7.32421875e-03	0.00000000e+00	3.40757076e-320
7.37304688e-03	0.00000000e+00	3.40707669e-320
7.42187500e-03	0.00000000e+00	3.40658263e-320
7.47070313e-03	0.00000000e+00	3.40608856e-320
7.51953125e-03	0.00000000e+00	3.40559450e-320
7.56835938e-03	0.00000000e+00	3.40510043e-320
7.61718750e-03	0.00000000e+00	3.40460637e-320
7.66601563e-03	0.00000000e+00	3.40411230e-320
7.71484375e-03	0.00000000e+00	3.40361823e-320
7.76367188e-03	0.00000000e+00	3.40312417e-320
7.81250000e-03	0.00000000e+00	3.40263010e-320
7.86132813e-03	0.00000000e+00	3.40213604e-320
7.91015625e-03	0.00000000e+00	3.40114791e-320
7.95898438e-03	0.00000000e+00	3.39966571e-320
8.00781250e-03	0.00000000e+00	3.39818351e-320
8.05664062e-03	0.00000000e+00	3.39670132e-320
8.10546875e-03	0.00000000e+00	3.39521912e-320
8.15429687e-03	0.00000000e+00	3.39373692e-320
8.20312500e-03	0.00000000e+00	3.39225472e-320
8.25195313e-03	0.00000000e+00	3.39027846e-320
8.30078125e-03	0.00000000e+00	3.38780813e-320
8.34960938e-03	0.00000000e+00	3.38533781e-320
8.39843750e-03	0.00000000e+00	3.38286748e-320
8.44726563e-03	0.00000000e+00	3.38039715e-320
8.49609375e-03	0.00000000e+00	3.37792682e-320
8.54492188e-03	0.00000000e+00	3.37545649e-320
8.59375000e-03	0.00000000e+00	3.37298616e-320
8.64257812e-03	0.00000000e+00	3.37051584e-320
8.69140625e-03	0.00000000e+00	3.36853957e-320
8.74023438e-03	0.00000000e+00	3.36656331e-320
8.78906250e-03	0.00000000e+00	3.36458705e-320
8.83789063e-03	0.00000000e+00	3.36261079e-320
8.88671875e-03	0.00000000e+00	3.36063452e-320
8.93554688e-03	0.00000000e+00	3.35865826e-320
8.98437500e-03	0.00000000e+00	3.35668200e-320
9.03320312e-03	0.00000000e+00	3.35470574e-320
9.08203125e-03	0.00000000e+00	3.35272947e-320
9.13085937e-03	0.00000000e+00	3.35075321e-320
9.17968750e-03	0.00000000e+00	3.34877695e-320
9.22851563e-03	0.00000000e+00	3.34680068e-320
9.27734375e-03	0.00000000e+00	3.34482442e-320
9.32617188e-03	0.00000000e+00	3.34284816e-320
9.37500000e-03	0.00000000e+00	3.34087190e-320
9.42382813e-03	0.00000000e+00	3.33889563e-320
9.47265625e-03	0.00000000e+00	3.33691937e-320
9.52148438e-03	0.00000000e+00	3.33494311e-320
9.57031250e-03	0.00000000e+00	3.33296685e-320
9.61914063e-03	0.00000000e+00	3.33099058e-320
9.66796875e-03	0.00000000e+00	3.32901432e-320
9.71679688e-03	0.00000000e+00	3.32703806e-320
9.76562500e-03	0.00000000e+00	3.32506180e-320
9.81445313e-03	0.00000000e+00	3.32308553e-320
9.86328125e-03	0.00000000e+00	3.32110927e-320
9.91210938e-03	0.00000000e+00	3.31913301e-320
9.96093750e-03	0.00000000e+00	3.31715675e-320
1.00097656e-02	0.00000000e+00	3.31518048e-320
1.00585938e-02	0.00000000e+00	3.31320422e-320
1.01074219e-02	0.00000000e+00	3.31122796e-320
1.01562500e-02	0.00000000e+00	3.30925170e-320
1.02050781e-02	0.00000000e+00	3.30727543e-320
1.02539062e-02	0.00000000e+00	3.30529917e-320
1.03027344e-02	0.00000000e+00	3.30332291e-320
1.03515625e-02	0.00000000e+00	3.30134665e-320
1.04003906e-02	0.00000000e+00	3.29937038e-320
1.04492188e-02	0.00000000e+00	3.29739412e-320
1.04980469e-02	0.00000000e+00	3.29541786e-320
1.05468750e-02	0.00000000e+00	3.29344160e-320
1.05957031e-02	0.00000000e+00	3.29146533e-320
1.06445313e-02	0.00000000e+00	3.28948907e-320
1.06933594e-02	0.00000000e+00	3.28751281e-320
1.07421875e-02	0.00000000e+00	3.28553654e-320
1.07910156e-02	0.00000000e+00	3.28356028e-320
1.08398438e-02	0.00000000e+00	3.28158402e-320
1.08886719e-02	0.00000000e+00	3.27960776e-320
1.09375000e-02	0.00000000e+00	3.27763149e-320
1.09863281e-02	0.00000000e+00	3.27565523e-320
1.10351563e-02	0.00000000e+00	3.27367897e-320
1.10839844e-02	0.00000000e+00	3.27170271e-320
1.11328125e-02	0.00000000e+00	3.26972644e-320
1.11816406e-02	0.00000000e+00	3.26775018e-320
1.12304688e-02	0.00000000e+00	3.26577392e-320
1.12792969e-02	0.00000000e+00	3.26379766e-320
1.13281250e-02	0.00000000e+00	3.26182139e-320
1.13769531e-02	0.00000000e+00	3.25984513e-320
1.14257813e-02	0.00000000e+00	3.25786887e-320
1.14746094e-02	0.00000000e+00	3.25589261e-320
1.15234375e-02	0.00000000e+00	3.25391634e-320
1.15722656e-02	0.00000000e+00	3.25194008e-320
1.16210938e-02	0.00000000e+00	3.24996382e-320
1.16699219e-02	0.00000000e+00	3.24798756e-320
1.17187500e-02	0.00000000e+00	3.24601129e-320
1.17675781e-02	0.00000000e+00	3.24403503e-320
1.18164063e-02	0.00000000e+00	3.24205877e-320
1.18652344e-02	0.00000000e+00	3.24008251e-320
1.19140625e-02	0.00000000e+00	3.23810624e-320
1.19628906e-02	0.00000000e+00	3.23612998e-320
1.20117188e-02	0.00000000e+00	3.23415372e-320
1.20605469e-02	0.00000000e+00	3.23267152e-320
1.21093750e-02	0.00000000e+00	3.23217746e-320
1.21582031e-02	0.00000000e+00	3.23168339e-320
1.22070312e-02	0.00000000e+00	3.23168339e-320
1.22558594e-02	0.00000000e+00	3.23168339e-320
1.23046875e-02	0.00000000e+00	3.23168339e-320
1.23535156e-02	0.00000000e+00	3.23168339e-320
1.24023438e-02	0.00000000e+00	3.23168339e-320
1.24511719e-02	0.00000000e+00	3.23168339e-320
1.25000000e-02	0.00000000e+00	3.23168339e-320
1.25488281e-02	0.00000000e+00	3.23168339e-320
1.25976563e-02	0.00000000e+00	3.23168339e-320
1.26464844e-02	0.00000000e+00	3.23217746e-320
1.26953125e-02	0.00000000e+00	3.23267152e-320
1.27441406e-02	0.00000000e+00	3.23316559e-320
1.27929688e-02	0.00000000e+00	3.23365965e-320
1.28417969e-02	0.00000000e+00	3.23415372e-320
1.28906250e-02	0.00000000e+00	3.23464778e-320
1.29394531e-02	0.00000000e+00	3.23514185e-320
1.29882813e-02	0.00000000e+00	3.23563591e-320
1.30371094e-02	0.00000000e+00	3.23612998e-320
1.30859375e-02	0.00000000e+00	3.23662405e-320
1.31347656e-02	0.00000000e+00	3.23711811e-320
1.31835938e-02	0.00000000e+00	3.23761218e-320
1.32324219e-02	0.00000000e+00	3.23810624e-320
1.32812500e-02	0.00000000e+00	3.23860031e-320
1.33300781e-02	0.00000000e+00	3.23909437e-320
1.33789063e-02	0.00000000e+00	3.23958844e-320
1.34277344e-02	0.00000000e+00	3.24008251e-320
1.34765625e-02	0.00000000e+00	3.24057657e-320
1.35253906e-02	0.00000000e+00	3.24107064e-320
1.35742188e-02	0.00000000e+00	3.24156470e-320
1.36230469e-02	0.00000000e+00	3.24205877e-320
1.36718750e-02	0.00000000e+00	3.24255283e-320
1.37207031e-02	0.00000000e+00	3.24304690e-320
1.37695313e-02	0.00000000e+00	3.24354096e-320
1.38183594e-02	0.00000000e+00	3.24403503e-320
1.38671875e-02	0.00000000e+00	3.24452910e-320
1.39160156e-02	0.00000000e+00	3.24502316e-320
1.39648438e-02	0.00000000e+00	3.24551723e-320
1.40136719e-02	0.00000000e+00	3.24601129e-320
1.40625000e-02	0.00000000e+00	3.24650536e-320
1.41113281e-02	0.00000000e+00	3.24699942e-320
1.41601562e-02	0.00000000e+00	3.24749349e-320
1.42089844e-02	0.00000000e+00	3.24798756e-320
1.42578125e-02	0.00000000e+00	3.24848162e-320
1.43066406e-02	0.00000000e+00	3.24897569e-320
1.43554688e-02	0.00000000e+00	3.24946975e-320
1.44042969e-02	0.00000000e+00	3.24996382e-320
1.44531250e-02	0.00000000e+00	3.25045788e-320
1.45019531e-02	0.00000000e+00	3.25095195e-320
1.45507813e-02	0.00000000e+00	3.25144602e-320
1.45996094e-02	0.00000000e+00	3.25194008e-320
1.46484375e-02	0.00000000e+00	3.25243415e-320
1.46972656e-02	0.00000000e+00	3.25292821e-320
1.47460938e-02	0.00000000e+00	3.25342228e-320
1.47949219e-02	0.00000000e+00	3.25391634e-320
1.48437500e-02	0.00000000e+00	3.25441041e-320
1.48925781e-02	0.00000000e+00	3.25490447e-320
1.49414063e-02	0.00000000e+00	3.25539854e-320
1.49902344e-02	0.00000000e+00	3.25589261e-320
1.50390625e-02	0.00000000e+00	3.25638667e-320
1.50878906e-02	0.00000000e+00	3.25688074e-320
1.51367188e-02	0.00000000e+00	3.25737480e-320
1.51855469e-02	0.00000000e+00	3.25786887e-320
1.52343750e-02	0.00000000e+00	3.25836293e-320
1.52832031e-02	0.00000000e+00	3.25885700e-320
1.53320313e-02	0.00000000e+00	3.25935107e-320
1.53808594e-02	0.00000000e+00	3.25984513e-320
1.54296875e-02	0.00000000e+00	3.26033920e-320
1.54785156e-02	0.00000000e+00	3.26083326e-320
1.55273438e-02	0.00000000e+00	3.26132733e-320
1.55761719e-02	0.00000000e+00	3.26182139e-320
1.56250000e-02	0.00000000e+00	3.26231546e-320
1.56738281e-02	0.00000000e+00	3.26280953e-320
1.57226563e-02	0.00000000e+00	3.26330359e-320
1.57714844e-02	0.00000000e+00	3.26379766e-320
1.58203125e-02	0.00000000e+00	3.26429172e-320
1.58691406e-02	0.00000000e+00	3.26478579e-320
1.59179688e-02	0.00000000e+00	3.26527985e-320
1.59667969e-02	0.00000000e+00	3.26577392e-320
1.60156250e-02	0.00000000e+00	3.26626798e-320
1.60644531e-02	0.00000000e+00	3.26676205e-320
1.61132812e-02	0.00000000e+00	3.26725612e-320
1.61621094e-02	0.00000000e+00	3.26775018e-320
1.62109375e-02	0.00000000e+00	3.26775018e-320
1.62597656e-02	0.00000000e+00	3.26775018e-320
1.63085937e-02	0.00000000e+00	3.26775018e-320
1.63574219e-02	0.00000000e+00	3.26775018e-320
1.64062500e-02	0.00000000e+00	3.26775018e-320
1.64550781e-02	0.00000000e+00	3.26775018e-320
1.65039063e-02	0.00000000e+00	3.26775018e-320
1.65527344e-02	0.00000000e+00	3.26775018e-320
1.66015625e-02	0.00000000e+00	3.26775018e-320
1.66503906e-02	0.00000000e+00	3.26775018e-320
1.66992188e-02	0.00000000e+00	3.26775018e-320
1.67480469e-02	0.00000000e+00	3.26775018e-320
1.67968750e-02	0.00000000e+00	3.26775018e-320
1.68457031e-02	0.00000000e+00	3.26775018e-320
1.68945313e-02	0.00000000e+00	3.26775018e-320
1.69433594e-02	0.00000000e+00	3.26775018e-320
1.69921875e-02	0.00000000e+00	3.26775018e-320
1.70410156e-02	0.00000000e+00	3.26775018e-320
1.70898438e-02	0.00000000e+00	3.26775018e-320
1.71386719e-02	0.00000000e+00	3.26775018e-320
1.71875000e-02	0.00000000e+00	3.26775018e-320
1.72363281e-02	0.00000000e+00	3.26775018e-320
1.72851562e-02	0.00000000e+00	3.26775018e-320
1.73339844e-02	0.00000000e+00	3.26775018e-320
1.73828125e-02	0.00000000e+00	3.26775018e-320
1.74316406e-02	0.00000000e+00	3.26775018e-320
1.74804688e-02	0.00000000e+00	3.26775018e-320
1.75292969e-02	0.00000000e+00	3.26775018e-320
1.75781250e-02	0.00000000e+00	3.26775018e-320
1.76269531e-02	0.00000000e+00	3.26775018e-320
1.76757813e-02	0.00000000e+00	3.26775018e-320
1.77246094e-02	0.00000000e+00	3.26775018e-320
1.77734375e-02	0.00000000e+00	3.26775018e-320
1.78222656e-02	0.00000000e+00	3.26725612e-320
1.78710938e-02	0.00000000e+00	3.26676205e-320
1.79199219e-02	0.00000000e+00	3.26626798e-320
1.79687500e-02	0.00000000e+00	3.26577392e-320
1.80175781e-02	0.00000000e+00	3.26527985e-320
1.80664062e-02	0.00000000e+00	3.26478579e-320
1.81152344e-02	0.00000000e+00	3.26429172e-320
1.81640625e-02	0.00000000e+00	3.26379766e-320
1.82128906e-02	0.00000000e+00	3.26330359e-320
1.82617187e-02	0.00000000e+00	3.26280953e-320
1.83105469e-02	0.00000000e+00	3.26231546e-320
1.83593750e-02	0.00000000e+00	3.26182139e-320
1.84082031e-02	0.00000000e+00	3.26132733e-320
1.84570313e-02	0.00000000e+00	3.26083326e-320
1.85058594e-02	0.00000000e+00	3.26033920e-320
1.85546875e-02	0.00000000e+00	3.25984513e-320
1.86035156e-02	0.00000000e+00	3.25935107e-320
1.86523438e-02	0.00000000e+00	3.25885700e-320
1.87011719e-02	0.00000000e+00	3.25836293e-320
1.87500000e-02	0.00000000e+00	3.25786887e-320
1.87988281e-02	0.00000000e+00	3.25737480e-320
1.88476563e-02	0.00000000e+00	3.25688074e-320
1.88964844e-02	0.00000000e+00	3.25638667e-320
1.89453125e-02	0.00000000e+00	3.25589261e-320
1.89941406e-02	0.00000000e+00	3.25539854e-320
1.90429688e-02	0.00000000e+00	3.25490447e-320
1.90917969e-02	0.00000000e+00	3.25441041e-320
1.91406250e-02	0.00000000e+00	3.25391634e-320
1.91894531e-02	0.00000000e+00	3.25342228e-320
1.92382813e-02	0.00000000e+00	3.25292821e-320
1.92871094e-02	0.00000000e+00	3.25243415e-320
1.93359375e-02	0.00000000e+00	3.25194008e-320
1.93847656e-02	0.00000000e+00	3.25144602e-320
1.94335938e-02	0.00000000e+00	3.25095195e-320
1.94824219e-02	0.00000000e+00	3.25045788e-320
1.95312500e-02	0.00000000e+00	3.24996382e-320
1.95800781e-02	0.00000000e+00	3.24946975e-320
1.96289063e-02	0.00000000e+00	3.24897569e-320
1.96777344e-02	0.00000000e+00	3.24848162e-320
1.97265625e-02	0.00000000e+00	3.24798756e-320
1.97753906e-02	0.00000000e+00	3.24749349e-320
1.98242188e-02	0.00000000e+00	3.24699942e-320
1.98730469e-02	0.00000000e+00	3.24650536e-320
1.99218750e-02	0.00000000e+00	3.24601129e-320
1.99707031e-02	0.00000000e+00	3.24551723e-320
2.00195312e-02	0.00000000e+00	3.24502316e-320
2.00683594e-02	0.00000000e+00	3.24452910e-320
2.01171875e-02	0.00000000e+00	3.24403503e-320
2.01660156e-02	0.00000000e+00	3.24354096e-320
2.02148438e-02	0.00000000e+00	3.24304690e-320
2.02636719e-02	0.00000000e+00	3.24255283e-320
2.03125000e-02	0.00000000e+00	3.24205877e-320
2.03613281e-02	0.00000000e+00	3.24156470e-320
2.04101563e-02	0.00000000e+00	3.24107064e-320
2.04589844e-02	0.00000000e+00	3.24057657e-320
2.05078125e-02	0.00000000e+00	3.24008251e-320
2.05566406e-02	0.00000000e+00	3.23958844e-320
2.06054688e-02	0.00000000e+00	3.23909437e-320
2.06542969e-02	0.00000000e+00	3.23860031e-320
2.07031250e-02	0.00000000e+00	3.23810624e-320
2.07519531e-02	0.00000000e+00	3.23761218e-320
2.08007813e-02	0.00000000e+00	3.23711811e-320
2.08496094e-02	0.00000000e+00	3.23662405e-320
2.08984375e-02	0.00000000e+00	3.23612998e-320
2.09472656e-02	0.00000000e+00	3.23563591e-320
2.09960938e-02	0.00000000e+00	3.23514185e-320
2.10449219e-02	0.00000000e+00	3.23464778e-320
2.10937500e-02	0.00000000e+00	3.23415372e-320
2.11425781e-02	0.00000000e+00	3.23365965e-320
2.11914063e-02	0.00000000e+00	3.23316559e-320
2.12402344e-02	0.00000000e+00	3.23267152e-320
2.12890625e-02	0.00000000e+00	3.23217746e-320
2.13378906e-02	0.00000000e+00	3.23168339e-320
2.13867188e-02	0.00000000e+00	3.23118932e-320
2.14355469e-02	0.00000000e+00	3.23069526e-320
2.14843750e-02	0.00000000e+00	3.23020119e-320
2.15332031e-02	0.00000000e+00	3.22970713e-320
2.15820313e-02	0.00000000e+00	3.22921306e-320
2.16308594e-02	0.00000000e+00	3.22871900e-320
2.16796875e-02	0.00000000e+00	3.22822493e-320
2.17285156e-02	0.00000000e+00	3.22773086e-320
2.17773438e-02	0.00000000e+00	3.22723680e-320
2.18261719e-02	0.00000000e+00	3.22674273e-320
2.18750000e-02	0.00000000e+00	3.22575460e-320
2.19238281e-02	0.00000000e+00	3.22427240e-320
2.19726562e-02	0.00000000e+00	3.22279021e-320
2.20214844e-02	0.00000000e+00	3.22130801e-320
2.20703125e-02	0.00000000e+00	3.21982581e-320
2.21191406e-02	0.00000000e+00	3.21834362e-320
2.21679688e-02	0.00000000e+00	3.21686142e-320
2.22167969e-02	0.00000000e+00	3.21537922e-320
2.22656250e-02	0.00000000e+00	3.21389703e-320
2.23144531e-02	0.00000000e+00	3.21241483e-320
2.23632813e-02	0.00000000e+00	3.21093263e-320
2.24121094e-02	0.00000000e+00	3.20945044e-320
2.24609375e-02	0.00000000e+00	3.20796824e-320
2.25097656e-02	0.00000000e+00	3.20648604e-320
2.25585938e-02	0.00000000e+00	3.20500384e-320
2.26074219e-02	0.00000000e+00	3.20352165e-320
2.26562500e-02	0.00000000e+00	3.20203945e-320
2.27050781e-02	0.00000000e+00	3.20055725e-320
2.27539063e-02	0.00000000e+00	3.19907506e-320
2.28027344e-02	0.00000000e+00	3.19759286e-320
2.28515625e-02	0.00000000e+00	3.19611066e-320
2.29003906e-02	0.00000000e+00	3.19462847e-320
2.29492188e-02	0.00000000e+00	3.19314627e-320
2.29980469e-02	0.00000000e+00	3.19117001e-320
2.30468750e-02	0.00000000e+00	3.18919374e-320
2.30957031e-02	0.00000000e+00	3.18721748e-320
2.31445313e-02	0.00000000e+00	3.18573528e-320
2.31933594e-02	0.00000000e+00	3.18474715e-320
2.32421875e-02	0.00000000e+00	3.18375902e-320
2.32910156e-02	0.00000000e+00	3.18277089e-320
2.33398438e-02	0.00000000e+00	3.18178276e-320
2.33886719e-02	0.00000000e+00	3.18079463e-320
2.34375000e-02	0.00000000e+00	3.17980650e-320
2.34863281e-02	0.00000000e+00	3.17881837e-320
2.35351563e-02	0.00000000e+00	3.17783023e-320
2.35839844e-02	0.00000000e+00	3.17684210e-320
2.36328125e-02	0.00000000e+00	3.17585397e-320
2.36816406e-02	0.00000000e+00	3.17486584e-320
2.37304688e-02	0.00000000e+00	3.17387771e-320
2.37792969e-02	0.00000000e+00	3.17288958e-320
2.38281250e-02	0.00000000e+00	3.17190145e-320
2.38769531e-02	0.00000000e+00	3.17041925e-320
2.39257812e-02	0.00000000e+00	3.16893705e-320
2.39746094e-02	0.00000000e+00	3.16646672e-320
2.40234375e-02	0.00000000e+00	3.16399640e-320
2.40722656e-02	0.00000000e+00	3.16152607e-320
2.41210938e-02	0.00000000e+00	3.15905574e-320
2.41699219e-02	0.00000000e+00	3.15658541e-320
2.42187500e-02	0.00000000e+00	3.15411508e-320
2.42675781e-02	0.00000000e+00	3.15164475e-320
2.43164063e-02	0.00000000e+00	3.14917443e-320
2.43652344e-02	0.00000000e+00	3.14670410e-320
2.44140625e-02	0.00000000e+00	3.14423377e-320
2.44628906e-02	0.00000000e+00	3.14176344e-320
2.45117188e-02	0.00000000e+00	3.13929311e-320
2.45605469e-02	0.00000000e+00	3.13682279e-320
2.46093750e-02	0.00000000e+00	3.13484652e-320
2.46582031e-02	0.00000000e+00	3.13287026e-320
2.47070313e-02	0.00000000e+00	3.13089400e-320
2.47558594e-02	0.00000000e+00	3.12891774e-320
2.48046875e-02	0.00000000e+00	3.12694147e-320
2.48535156e-02	0.00000000e+00	3.12496521e-320
2.49023438e-02	0.00000000e+00	3.12298895e-320
2.49511719e-02	0.00000000e+00	3.12150675e-320
2.50000000e-02	0.00000000e+00	3.12002455e-320
2.50488281e-02	0.00000000e+00	3.11953049e-320
2.50976563e-02	0.00000000e+00	3.11953049e-320
2.51464844e-02	0.00000000e+00	3.12051862e-320
2.51953125e-02	0.00000000e+00	3.12150675e-320
2.52441406e-02	0.00000000e+00	3.12348301e-320
2.52929688e-02	0.00000000e+00	3.12644741e-320
2.53417969e-02	0.00000000e+00	3.12990587e-320
2.53906250e-02	0.00000000e+00	3.13385839e-320
2.54394531e-02	0.00000000e+00	3.13879905e-320
2.54882813e-02	0.00000000e+00	3.14373970e-320
2.55371094e-02	0.00000000e+00	3.14966849e-320
2.55859375e-02	0.00000000e+00	3.15609135e-320
2.56347656e-02	0.00000000e+00	3.16350233e-320
2.56835938e-02	0.00000000e+00	3.17091332e-320
2.57324219e-02	0.00000000e+00	3.17881837e-320
2.57812500e-02	0.00000000e+00	3.18672342e-320
2.58300781e-02	0.00000000e+00	3.19512253e-320
2.58789062e-02	0.00000000e+00	3.20352165e-320
2.59277344e-02	0.00000000e+00	3.21192076e-320
2.59765625e-02	0.00000000e+00	3.22031988e-320
2.60253906e-02	0.00000000e+00	3.22871900e-320
2.60742188e-02	0.00000000e+00	3.23711811e-320
2.61230469e-02	0.00000000e+00	3.24551723e-320
2.61718750e-02	0.00000000e+00	3.25391634e-320
2.62207031e-02	0.00000000e+00	3.26231546e-320
2.62695313e-02	0.00000000e+00	3.27071458e-320
2.63183594e-02	0.00000000e+00	3.27911369e-320
2.63671875e-02	0.00000000e+00	3.28701874e-320
2.64160156e-02	0.00000000e+00	3.29492379e-320
2.64648438e-02	0.00000000e+00	3.30282884e-320
2.65136719e-02	0.00000000e+00	3.31073389e-320
2.65625000e-02	0.00000000e+00	3.31814488e-320
2.66113281e-02	0.00000000e+00	3.32555586e-320
2.66601563e-02	0.00000000e+00	3.33247278e-320
2.67089844e-02	0.00000000e+00	3.33889563e-320
2.67578125e-02	0.00000000e+00	3.34482442e-320
2.68066406e-02	0.00000000e+00	3.35025914e-320
2.68554688e-02	0.00000000e+00	3.35569387e-320
2.69042969e-02	0.00000000e+00	3.36014046e-320
2.69531250e-02	0.00000000e+00	3.36359892e-320
2.70019531e-02	0.00000000e+00	3.36656331e-320
2.70507813e-02	0.00000000e+00	3.36903364e-320
2.70996094e-02	0.00000000e+00	3.37100990e-320
2.71484375e-02	0.00000000e+00	3.37298616e-320
2.71972656e-02	0.00000000e+00	3.37496243e-320
2.72460938e-02	0.00000000e+00	3.37693869e-320
2.72949219e-02	0.00000000e+00	3.37891495e-320
2.73437500e-02	0.00000000e+00	3.38089121e-320
2.73925781e-02	0.00000000e+00	3.38286748e-320
2.74414063e-02	0.00000000e+00	3.38484374e-320
2.74902344e-02	0.00000000e+00	3.38682000e-320
2.75390625e-02	0.00000000e+00	3.38879626e-320
2.75878906e-02	0.00000000e+00	3.39027846e-320
2.76367188e-02	0.00000000e+00	3.39176066e-320
2.76855469e-02	0.00000000e+00	3.39225472e-320
2.77343750e-02	0.00000000e+00	3.39274879e-320
2.77832031e-02	0.00000000e+00	3.39225472e-320
2.78320312e-02	0.00000000e+00	3.39126659e-320
2.78808594e-02	0.00000000e+00	3.38929033e-320
2.79296875e-02	0.00000000e+00	3.38632594e-320
2.79785156e-02	0.00000000e+00	3.38286748e-320
2.80273438e-02	0.00000000e+00	3.37940902e-320
2.80761719e-02	0.00000000e+00	3.37496243e-320
2.81250000e-02	0.00000000e+00	3.37002177e-320
2.81738281e-02	0.00000000e+00	3.36409298e-320
2.82226563e-02	0.00000000e+00	3.35717606e-320
2.82714844e-02	0.00000000e+00	3.34976508e-320
2.83203125e-02	0.00000000e+00	3.34186003e-320
2.83691406e-02	0.00000000e+00	3.33346091e-320
2.84179688e-02	0.00000000e+00	3.32456773e-320
2.84667969e-02	0.00000000e+00	3.31468642e-320
2.85156250e-02	0.00000000e+00	3.30480511e-320
2.85644531e-02	0.00000000e+00	3.29393566e-320
2.86132813e-02	0.00000000e+00	3.28306622e-320
2.86621094e-02	0.00000000e+00	3.27219677e-320
2.87109375e-02	0.00000000e+00	3.26083326e-320
2.87597656e-02	0.00000000e+00	3.24848162e-320
2.88085938e-02	0.00000000e+00	3.23612998e-320
2.88574219e-02	0.00000000e+00	3.22377834e-320
2.89062500e-02	0.00000000e+00	3.21142670e-320
2.89550781e-02	0.00000000e+00	3.19907506e-320
2.90039063e-02	0.00000000e+00	3.18672342e-320
2.90527344e-02	0.00000000e+00	3.17437177e-320
2.91015625e-02	0.00000000e+00	3.16202013e-320
2.91503906e-02	0.00000000e+00	3.15016256e-320
2.91992188e-02	0.00000000e+00	3.13879905e-320
2.92480469e-02	0.00000000e+00	3.12792960e-320
2.92968750e-02	0.00000000e+00	3.11706016e-320
2.93457031e-02	0.00000000e+00	3.10668478e-320
2.93945313e-02	0.00000000e+00	3.09729753e-320
2.94433594e-02	0.00000000e+00	3.08840435e-320
2.94921875e-02	0.00000000e+00	3.08000524e-320
2.95410156e-02	0.00000000e+00	3.07210019e-320
2.95898438e-02	0.00000000e+00	3.06518327e-320
2.96386719e-02	0.00000000e+00	3.05974854e-320
2.96875000e-02	0.00000000e+00	3.05480789e-320
2.97363281e-02	0.00000000e+00	3.05036130e-320
2.97851562e-02	0.00000000e+00	3.04690284e-320
2.98339844e-02	0.00000000e+00	3.04443251e-320
2.98828125e-02	0.00000000e+00	3.04295031e-320
2.99316406e-02	0.00000000e+00	3.04196218e-320
2.99804688e-02	0.00000000e+00	3.04245625e-320
3.00292969e-02	0.00000000e+00	3.04393844e-320
3.00781250e-02	0.00000000e+00	3.04690284e-320
3.01269531e-02	0.00000000e+00	3.05085536e-320
3.01757813e-02	0.00000000e+00	3.05579602e-320
3.02246094e-02	0.00000000e+00	3.06172481e-320
3.02734375e-02	0.00000000e+00	3.06913579e-320
3.03222656e-02	0.00000000e+00	3.07753491e-320
3.03710938e-02	0.00000000e+00	3.08692216e-320
3.04199219e-02	0.00000000e+00	3.09779160e-320
3.04687500e-02	0.00000000e+00	3.11014324e-320
3.05175781e-02	0.00000000e+00	3.12348301e-320
3.05664063e-02	0.00000000e+00	3.13781092e-320
3.06152344e-02	0.00000000e+00	3.15263289e-320
3.06640625e-02	0.00000000e+00	3.16844299e-320
3.07128906e-02	0.00000000e+00	3.18474715e-320
3.07617188e-02	0.00000000e+00	3.20154539e-320
3.08105469e-02	0.00000000e+00	3.21883768e-320
3.08593750e-02	0.00000000e+00	3.23662405e-320
3.09082031e-02	0.00000000e+00	3.25441041e-320
3.09570313e-02	0.00000000e+00	3.27170271e-320
3.10058594e-02	0.00000000e+00	3.28850094e-320
3.10546875e-02	0.00000000e+00	3.30381697e-320
3.11035156e-02	0.00000000e+00	3.31814488e-320
3.11523438e-02	0.00000000e+00	3.33099058e-320
3.12011719e-02	0.00000000e+00	3.34235409e-320
3.12500000e-02	0.00000000e+00	3.35124728e-320
3.12988281e-02	0.00000000e+00	3.35816419e-320
3.13476563e-02	0.00000000e+00	3.36261079e-320
3.13964844e-02	0.00000000e+00	3.36458705e-320
3.14453125e-02	0.00000000e+00	3.36409298e-320
3.14941406e-02	0.00000000e+00	3.36014046e-320
3.15429688e-02	0.00000000e+00	3.35371760e-320
3.15917969e-02	0.00000000e+00	3.34482442e-320
3.16406250e-02	0.00000000e+00	3.33346091e-320
3.16894531e-02	0.00000000e+00	3.31913301e-320
3.17382812e-02	0.00000000e+00	3.30332291e-320
3.17871094e-02	0.00000000e+00	3.28553654e-320
3.18359375e-02	0.00000000e+00	3.26626798e-320
3.18847656e-02	0.00000000e+00	3.24650536e-320
3.19335938e-02	0.00000000e+00	3.22723680e-320
3.19824219e-02	0.00000000e+00	3.20796824e-320
3.20312500e-02	0.00000000e+00	3.19018188e-320
3.20800781e-02	0.00000000e+00	3.17387771e-320
3.21289062e-02	0.00000000e+00	3.15954981e-320
3.21777344e-02	0.00000000e+00	3.14818630e-320
3.22265625e-02	0.00000000e+00	3.13978718e-320
3.22753906e-02	0.00000000e+00	3.13484652e-320
3.23242188e-02	0.00000000e+00	3.13385839e-320
3.23730469e-02	0.00000000e+00	3.13682279e-320
3.24218750e-02	0.00000000e+00	3.14423377e-320
3.24707031e-02	0.00000000e+00	3.15411508e-320
3.25195313e-02	0.00000000e+00	3.16745486e-320
3.25683594e-02	0.00000000e+00	3.18375902e-320
3.26171875e-02	0.00000000e+00	3.20055725e-320
3.26660156e-02	0.00000000e+00	3.21784955e-320
3.27148438e-02	0.00000000e+00	3.23415372e-320
3.27636719e-02	0.00000000e+00	3.24848162e-320
3.28125000e-02	0.00000000e+00	3.25984513e-320
3.28613281e-02	0.00000000e+00	3.26676205e-320
3.29101563e-02	0.00000000e+00	3.26824425e-320
3.29589844e-02	0.00000000e+00	3.26379766e-320
3.30078125e-02	0.00000000e+00	3.25391634e-320
3.30566406e-02	0.00000000e+00	3.23860031e-320
3.31054687e-02	0.00000000e+00	3.21933175e-320
3.31542969e-02	0.00000000e+00	3.19808693e-320
3.32031250e-02	0.00000000e+00	3.17733617e-320
3.32519531e-02	0.00000000e+00	3.16053794e-320
3.33007813e-02	0.00000000e+00	3.15065662e-320
3.33496094e-02	0.00000000e+00	3.15164475e-320
3.33984375e-02	0.00000000e+00	3.16547859e-320
3.34472656e-02	0.00000000e+00	3.19265220e-320
3.34960938e-02	0.00000000e+00	3.23069526e-320
3.35449219e-02	0.00000000e+00	3.27516117e-320
3.35937500e-02	0.00000000e+00	3.31616861e-320
3.36425781e-02	0.00000000e+00	3.34087190e-320
3.36914062e-02	0.00000000e+00	3.33296685e-320
3.37402344e-02	0.00000000e+00	3.27861963e-320
3.37890625e-02	0.00000000e+00	3.16893705e-320
3.38378906e-02	0.00000000e+00	3.00836572e-320
3.38867188e-02	0.00000000e+00	2.82160890e-320
3.39355469e-02	0.00000000e+00	2.65609691e-320
3.39843750e-02	0.00000000e+00	2.57556421e-320
3.40332031e-02	0.00000000e+00	2.63238176e-320
3.40820312e-02	0.00000000e+00	2.81271572e-320
3.41308594e-02	4.94065646e-324	3.19759286e-320
3.41796875e-02	0.00000000e+00	3.54541507e-320
3.42285156e-02	4.94065646e-324	4.61654939e-320
3.42773438e-02	9.88131292e-324	9.50434083e-320
3.43261719e-02	1.97626258e-323	1.65630567e-319
3.43750000e-02	3.45845952e-323	3.22091276e-319
3.44238281e-02	5.92878775e-323	5.88358074e-319
3.44726563e-02	9.88131292e-323	1.05459794e-318
3.45214844e-02	1.67982320e-322	1.83447068e-318
3.45703125e-02	2.91498731e-322	3.15686703e-318
3.46191406e-02	5.03946959e-322	5.45407466e-318
3.46679688e-02	8.69555537e-322	9.43342265e-318
3.47167969e-02	1.49701891e-321	1.63080052e-317
3.47656250e-02	2.58396333e-321	2.81373498e-317
3.48144531e-02	4.45153147e-321	4.85737428e-317
3.48632813e-02	7.67778014e-321	8.37927974e-317
3.49121094e-02	1.32557813e-320	1.44584818e-316
3.49609375e-02	2.28801801e-320	2.49492474e-316
3.50097656e-02	3.94857264e-320	4.30531156e-316
3.50585937e-02	6.81365932e-320	7.42947015e-316
3.51074219e-02	1.17572802e-319	1.28204606e-315
3.51562500e-02	2.02888057e-319	2.21234106e-315
3.52050781e-02	3.50104798e-319	3.81769550e-315
3.52539063e-02	6.04143472e-319	6.58787199e-315
3.53027344e-02	1.04252792e-318	1.13681761e-314
3.53515625e-02	1.79900665e-318	1.96171724e-314
3.54003906e-02	3.10439726e-318	3.38518359e-314
3.54492188e-02	5.35702040e-318	5.84154549e-314
3.54980469e-02	9.24418562e-318	1.00802970e-313
3.55468750e-02	1.59519667e-317	1.73947789e-313
3.55957031e-02	2.75270601e-317	3.00168061e-313
3.56445312e-02	4.75012943e-317	5.17976507e-313
3.56933594e-02	8.19692653e-317	8.93831510e-313
3.57421875e-02	1.41447946e-316	1.54241509e-312
3.57910156e-02	2.44085637e-316	2.66162500e-312
3.58398438e-02	4.21199476e-316	4.59295787e-312
3.58886719e-02	7.26830965e-316	7.92570779e-312
3.59375000e-02	1.25423530e-315	1.36767734e-311
3.59863281e-02	2.16433565e-315	2.36009371e-311
3.60351562e-02	3.73482458e-315	4.07262893e-311
3.60839844e-02	6.44489436e-315	7.02781688e-311
3.61328125e-02	1.11214496e-314	1.21273533e-310
3.61816406e-02	1.91914148e-314	2.09272241e-310
3.62304688e-02	3.31171218e-314	3.61124720e-310
3.62792969e-02	5.71476241e-314	6.23164653e-310
3.63281250e-02	9.86151803e-314	1.07534645e-309
3.63769531e-02	1.70172495e-313	1.85564116e-309
3.64257813e-02	2.93653350e-313	3.20213465e-309
3.64746094e-02	5.06734592e-313	5.52567303e-309
3.65234375e-02	8.74432206e-313	9.53522125e-309
3.65722656e-02	1.50893919e-312	1.64541846e-308
3.66210938e-02	2.60385820e-312	2.83936980e-308
3.66699219e-02	4.49327419e-312	4.89967811e-308
3.67187500e-02	7.75369141e-312	8.45499083e-308
3.67675781e-02	1.33799381e-311	1.45901156e-307
3.68164063e-02	2.30887114e-311	2.51770199e-307
3.68652344e-02	3.98423812e-311	4.34460116e-307
3.69140625e-02	6.87528771e-311	7.49713798e-307
3.69628906e-02	1.18641456e-310	1.29372239e-306
3.70117187e-02	2.04730269e-310	2.23247541e-306
3.70605469e-02	3.53286993e-310	3.85240798e-306
3.71093750e-02	6.09639696e-310	6.64779874e-306
3.71582031e-02	1.05200748e-309	1.14715857e-305
3.72070313e-02	1.81536692e-309	1.97956169e-305
3.72558594e-02	3.13263651e-309	3.41597458e-305
3.73046875e-02	5.40574549e-309	5.89467979e-305
3.73535156e-02	9.32827162e-309	1.01719872e-304
3.74023438e-02	1.60970678e-308	1.75530017e-304
3.74511719e-02	2.77774491e-308	3.02898403e-304
3.75000000e-02	4.79333683e-308	5.22688050e-304
3.75488281e-02	8.27148595e-308	9.01961828e-304
3.75976562e-02	1.42734555e-307	1.55644488e-303
3.76464844e-02	2.46305841e-307	2.68583502e-303
3.76953125e-02	4.25030699e-307	4.63473513e-303
3.77441406e-02	7.33442186e-307	7.99779939e-303
3.77929688e-02	1.26564373e-306	1.38011760e-302
3.78417969e-02	2.18402225e-306	2.38156083e-302
3.78906250e-02	3.76879613e-306	4.10967298e-302
3.79394531e-02	6.50351629e-306	7.09174075e-302
3.79882813e-02	1.12226086e-305	1.22376615e-301
3.80371094e-02	1.93659767e-305	2.11175739e-301
3.80859375e-02	3.34183490e-305	3.64409431e-301
3.81347656e-02	5.76674271e-305	6.28832809e-301
3.81835938e-02	9.95121617e-305	1.08512752e-300
3.82324219e-02	1.71720342e-304	1.87251956e-300
3.82812500e-02	2.96324343e-304	3.23126032e-300
3.83300781e-02	5.11343706e-304	5.57593280e-300
3.83789063e-02	8.82385778e-304	9.62195044e-300
3.84277344e-02	1.52266401e-303	1.66038461e-299
3.84765625e-02	2.62754201e-303	2.86519565e-299
3.85253906e-02	4.53414341e-303	4.94424368e-299
3.85742188e-02	7.82421608e-303	8.53189398e-299
3.86230469e-02	1.35016367e-302	1.47228211e-298
3.86718750e-02	2.32987168e-302	2.54060189e-298
3.87207031e-02	4.02047703e-302	4.38411764e-298
3.87695313e-02	6.93782225e-302	7.56532835e-298
3.88183594e-02	1.19720563e-301	1.30548944e-297
3.88671875e-02	2.06592397e-301	2.25278086e-297
3.89160156e-02	3.56500314e-301	3.88744743e-297
3.89648438e-02	6.15184662e-301	6.70826347e-297
3.90136719e-02	1.06157597e-300	1.15759247e-296
3.90625000e-02	1.83187849e-300	1.99756663e-296
3.91113281e-02	3.16112919e-300	3.44704423e-296
3.91601563e-02	5.45491297e-300	5.94829416e-296
3.92089844e-02	9.41311594e-300	1.02645052e-295
3.92578125e-02	1.62434767e-299	1.77126524e-295
3.93066406e-02	2.80300950e-299	3.05653364e-295
3.93554688e-02	4.83693388e-299	5.27442062e-295
3.94042969e-02	8.34671782e-299	9.10165440e-295
3.94531250e-02	1.44032770e-298	1.57060119e-294
3.95019531e-02	2.48546065e-298	2.71026341e-294
3.95507812e-02	4.28896471e-298	4.67688920e-294
3.95996094e-02	7.40113034e-298	8.07054124e-294
3.96484375e-02	1.27715507e-297	1.39267006e-293
3.96972656e-02	2.20388644e-297	2.40322161e-293
3.97460938e-02	3.80307414e-297	4.14705122e-293
3.97949219e-02	6.56266705e-297	7.15624133e-293
3.98437500e-02	1.13246803e-296	1.23489649e-292
3.98925781e-02	1.95421134e-296	2.13096411e-292
3.99414063e-02	3.37222938e-296	3.67723779e-292
3.99902344e-02	5.81919200e-296	6.34552110e-292
4.00390625e-02	1.00417237e-295	1.09499685e-291
4.00878906e-02	1.73282156e-295	1.88955026e-291
4.01367188e-02	2.99019439e-295	3.26064882e-291
4.01855469e-02	5.15994414e-295	5.62664616e-291
4.02343750e-02	8.90411126e-295	9.70946236e-291
4.02832031e-02	1.53651271e-294	1.67548583e-290
4.03320313e-02	2.65143957e-294	2.89125461e-290
4.03808594e-02	4.57538149e-294	4.98921150e-290
4.04296875e-02	7.89537729e-294	8.60949131e-290
4.04785156e-02	1.36244339e-293	1.48567245e-289
4.05273438e-02	2.35106179e-293	2.56370851e-289
4.05761719e-02	4.05704308e-293	4.42399087e-289
4.06250000e-02	7.00092131e-293	7.63413435e-289
4.06738281e-02	1.20809413e-292	1.31736274e-288
4.07226563e-02	2.08471336e-292	2.27326964e-288
4.07714844e-02	3.59742647e-292	3.92280325e-288
4.08203125e-02	6.20779692e-292	6.76927415e-288
4.08691406e-02	1.07123087e-291	1.16812059e-287
4.09179688e-02	1.84853915e-291	2.01573415e-287
4.09667969e-02	3.18987914e-291	3.47839445e-287
4.10156250e-02	5.50452444e-291	6.00239269e-287
4.10644531e-02	9.49872643e-291	1.03578586e-286
4.11132813e-02	1.63912078e-290	1.78737449e-286
4.11621094e-02	2.82850226e-290	3.08433207e-286
4.12109375e-02	4.88092467e-290	5.32239012e-286
4.12597656e-02	8.42262917e-290	9.18443149e-286
4.13085938e-02	1.45342710e-289	1.58488536e-285
4.13574219e-02	2.50806524e-289	2.73491245e-285
4.14062500e-02	4.32797161e-289	4.71942406e-285
4.14550781e-02	7.46844140e-289	8.14394020e-285
4.15039062e-02	1.28877040e-288	1.40533593e-284
4.15527344e-02	2.22393007e-288	2.42507807e-284
4.16015625e-02	3.83766181e-288	4.18476715e-284
4.16503906e-02	6.62235219e-288	7.22132467e-284
4.16992188e-02	1.14276741e-287	1.24612740e-283
4.17480469e-02	1.97198415e-287	2.15034438e-283
4.17968750e-02	3.40289849e-287	3.71068075e-283
4.18457031e-02	5.87211520e-287	6.40323091e-283
4.18945313e-02	1.01330489e-286	1.10495537e-282
4.19433594e-02	1.74858083e-286	1.90673487e-282
4.19921875e-02	3.01738888e-286	3.29030291e-282
4.20410156e-02	5.20687149e-286	5.67781783e-282
4.20898438e-02	8.98509000e-286	9.79776518e-282
4.21386719e-02	1.55048655e-285	1.69072354e-281
4.21875000e-02	2.67555311e-285	2.91754908e-281
4.22363281e-02	4.61699228e-285	5.03458576e-281
4.22851563e-02	7.96718167e-285	8.68779000e-281
4.23339844e-02	1.37483409e-284	1.49918382e-280
4.23828125e-02	2.37244342e-284	2.58702400e-280
4.24316406e-02	4.09393965e-284	4.46422453e-280
4.24804688e-02	7.06459074e-284	7.70356233e-280
4.25292969e-02	1.21908105e-283	1.32934336e-279
4.25781250e-02	2.10367260e-283	2.29394364e-279
4.26269531e-02	3.63014290e-283	3.95847872e-279
4.26757813e-02	6.26425304e-283	6.83083642e-279
4.27246094e-02	1.08097304e-282	1.17874389e-278
4.27734375e-02	1.86535044e-282	2.03406593e-278
4.28222656e-02	3.21888903e-282	3.51002813e-278
4.28710938e-02	5.55458447e-282	6.05698039e-278
4.29199219e-02	9.58511099e-282	1.04520562e-277
4.29687500e-02	1.65402746e-281	1.80362941e-277
4.30175781e-02	2.85422553e-281	3.11238188e-277
4.30664063e-02	4.92531325e-281	5.37079342e-277
4.31152344e-02	8.49922697e-281	9.26795716e-277
4.31640625e-02	1.46664497e-280	1.59929871e-276
4.32128906e-02	2.53087425e-280	2.75978441e-276
4.32617188e-02	4.36733128e-280	4.76234360e-276
4.33105469e-02	7.53636122e-280	8.21800301e-276
4.33593750e-02	1.30049077e-279	1.41811635e-275
4.34082031e-02	2.24415497e-279	2.44713222e-275
4.34570312e-02	3.87256231e-279	4.22282422e-275
4.35058594e-02	6.68257718e-279	7.28699669e-275
4.35546875e-02	1.15315995e-278	1.25745989e-274
4.36035156e-02	1.98991773e-278	2.16989995e-274
4.36523438e-02	3.43384502e-278	3.74442623e-274
4.37011719e-02	5.92551714e-278	6.46146278e-274
4.37500000e-02	1.02252004e-277	1.11500397e-273
4.37988281e-02	1.76448266e-277	1.92407494e-273
4.38476563e-02	3.04482940e-277	3.32022528e-273
4.38964844e-02	5.25422338e-277	5.72945246e-273
4.39453125e-02	9.06680135e-277	9.88686691e-273
4.39941406e-02	1.56458682e-276	1.70609911e-272
4.40429688e-02	2.69988482e-276	2.94408147e-272
4.40917969e-02	4.65897955e-276	5.08037057e-272
4.41406250e-02	8.03963574e-276	8.76679717e-272
4.41894531e-02	1.38733691e-275	1.51281745e-271
4.42382813e-02	2.39401853e-275	2.61055047e-271
4.42871094e-02	4.13117008e-275	4.50482227e-271
4.43359375e-02	7.12883630e-275	7.77361859e-271
4.43847656e-02	1.23016739e-274	1.34143241e-270
4.44335938e-02	2.12280341e-274	2.31480474e-270
4.44824219e-02	3.66315541e-274	3.99447704e-270
4.45312500e-02	6.32122007e-274	6.89295584e-270
4.45800781e-02	1.09080339e-273	1.18946334e-269
4.46289063e-02	1.88231388e-273	2.05256363e-269
4.46777344e-02	3.24816147e-273	3.54194812e-269
4.47265625e-02	5.60509758e-273	6.11206216e-269
4.47753906e-02	9.67227741e-273	1.05471064e-268
4.48242188e-02	1.66906907e-272	1.82003146e-268
4.48730469e-02	2.88018163e-272	3.14068558e-268
4.49218750e-02	4.97010361e-272	5.41963485e-268
4.49707031e-02	8.57651811e-272	9.35223891e-268
4.50195313e-02	1.47998248e-271	1.61384254e-267
4.50683594e-02	2.55388972e-271	2.78488153e-267
4.51171875e-02	4.40704725e-271	4.80565169e-267
4.51660156e-02	7.60489588e-271	8.29273630e-267
4.52148438e-02	1.31231725e-270	1.43101248e-266
4.52636719e-02	2.26456298e-270	2.46938603e-266
4.53125000e-02	3.90777877e-270	4.26122584e-266
4.53613281e-02	6.74334740e-270	7.35326329e-266
4.54101562e-02	1.16364659e-269	1.26889499e-265
4.54589844e-02	2.00801367e-269	2.18963258e-265
4.55078125e-02	3.46507173e-269	3.77847725e-265
4.55566406e-02	5.97940258e-269	6.52022191e-265
4.56054688e-02	1.03181862e-268	1.12514357e-264
4.56542969e-02	1.78052848e-268	1.94157203e-264
4.57031250e-02	3.07251838e-268	3.35041860e-264
4.57519531e-02	5.30200403e-268	5.78155465e-264
4.58007813e-02	9.14925260e-268	9.97677550e-264
4.58496094e-02	1.57881478e-267	1.72161391e-263
4.58984375e-02	2.72443686e-267	2.97085413e-263
4.59472656e-02	4.70134705e-267	5.12657001e-263
4.59960938e-02	8.11274594e-267	8.84651985e-263
4.60449219e-02	1.39995295e-266	1.52657456e-262
4.60937500e-02	2.41578902e-266	2.63429001e-262
4.61425781e-02	4.16873768e-266	4.54578769e-262
4.61914063e-02	7.19366371e-266	7.84430934e-262
4.62402344e-02	1.24135414e-265	1.35363095e-261
4.62890625e-02	2.14210749e-265	2.33585478e-261
4.63378906e-02	3.69646691e-265	4.03080142e-261
4.63867188e-02	6.37870308e-265	6.95563791e-261
4.64355469e-02	1.10072277e-264	1.20027989e-260
4.64843750e-02	1.89943096e-264	2.07122888e-260
4.65332031e-02	3.27769906e-264	3.57415725e-260
4.65820313e-02	5.65606823e-264	6.16764288e-260
4.66308594e-02	9.76023340e-264	1.06430176e-259
4.66796875e-02	1.68424694e-263	1.83658209e-259
4.67285156e-02	2.90637286e-263	3.16924569e-259
4.67773438e-02	5.01529972e-263	5.46891874e-259
4.68261719e-02	8.65450942e-263	9.43728419e-259
4.68750000e-02	1.49344082e-262	1.62851812e-258
4.69238281e-02	2.57711370e-262	2.81020601e-258
4.69726563e-02	4.44712302e-262	4.84935213e-258
4.70214844e-02	7.67405143e-262	8.36814667e-258
4.70703125e-02	1.32425087e-261	1.44402544e-257
4.71191406e-02	2.28515588e-261	2.49184146e-257
4.71679688e-02	3.94331429e-261	4.29997539e-257
4.72167969e-02	6.80466822e-261	7.42013031e-257
4.72656250e-02	1.17422823e-260	1.28043370e-256
4.73144531e-02	2.02627357e-260	2.20954401e-256
4.73632812e-02	3.49658139e-260	3.81283681e-256
4.74121094e-02	6.03377628e-260	6.57951346e-256
4.74609375e-02	1.04120145e-259	1.13537504e-255
4.75097656e-02	1.79671969e-259	1.95922766e-255
4.75585938e-02	3.10045826e-259	3.38088552e-255
4.76074219e-02	5.35021766e-259	5.83412898e-255
4.76562500e-02	9.23245101e-259	1.00674988e-254
4.77050781e-02	1.59317166e-258	1.73726932e-254
4.77539063e-02	2.74921139e-258	2.99786941e-254
4.78027344e-02	4.74409849e-258	5.17318813e-254
4.78515625e-02	8.18651869e-258	8.92696502e-254
4.79003906e-02	1.41268332e-257	1.54045634e-253
4.79492188e-02	2.43775682e-257	2.65824469e-253
4.79980469e-02	4.20664575e-257	4.58712438e-253
4.80468750e-02	7.25907865e-257	7.91564078e-253
4.80957031e-02	1.25264227e-256	1.36594005e-252
4.81445313e-02	2.16158652e-256	2.35709561e-252
4.81933594e-02	3.73008033e-256	4.06745503e-252
4.82421875e-02	6.43670708e-256	7.01888813e-252
4.82910156e-02	1.11073206e-255	1.21119447e-251
4.83398438e-02	1.91670320e-255	2.09006331e-251
4.83886719e-02	3.30750438e-255	3.60665833e-251
4.84375000e-02	5.70750089e-255	6.22372740e-251
4.84863281e-02	9.84898664e-255	1.07397982e-250
4.85351563e-02	1.69956238e-254	1.85328275e-250
4.85839844e-02	2.93280150e-254	3.19806468e-250
4.86328125e-02	5.06090552e-254	5.51864939e-250
4.86816406e-02	8.73320771e-254	9.52310041e-250
4.87304688e-02	1.50702116e-253	1.64332674e-249
4.87792969e-02	2.60054821e-253	2.83576007e-249
4.88281250e-02	4.48756208e-253	4.89344874e-249
4.88769531e-02	7.74383391e-253	8.44424068e-249
4.89257813e-02	1.33629268e-252	1.45715638e-248
4.89746094e-02	2.30593547e-252	2.51450048e-248
4.90234375e-02	3.97917197e-252	4.33907625e-248
4.90722656e-02	6.86654497e-252	7.48760355e-248
4.91210938e-02	1.18490581e-251	1.29207702e-247
4.91699219e-02	2.04469902e-251	2.22963596e-247
4.92187500e-02	3.52837672e-251	3.84750790e-247
4.92675781e-02	6.08864295e-251	6.63934260e-247
4.93164062e-02	1.05066936e-250	1.14569928e-246
4.93652344e-02	1.81305770e-250	1.97704338e-246
4.94140625e-02	3.12865147e-250	3.41162868e-246
4.94628906e-02	5.39886843e-250	5.88718002e-246
4.95117188e-02	9.31640379e-250	1.01590448e-245
4.95605469e-02	1.60765873e-249	1.75306668e-245
4.96093750e-02	2.77421057e-249	3.02512966e-245
4.96582031e-02	4.78723757e-249	5.22022897e-245
4.97070313e-02	8.26096038e-249	9.00813966e-245
4.97558594e-02	1.42552914e-248	1.55446400e-244
4.98046875e-02	2.45992382e-248	2.68241660e-244
4.98535156e-02	4.24489758e-248	4.62883593e-244
4.99023438e-02	7.32508679e-248	7.98761908e-244
4.99511719e-02	1.26403277e-247	1.37836077e-243
5.00000000e-02	2.18124220e-247	2.37852906e-243
5.00488281e-02	3.76399857e-247	4.10444104e-243
5.00976563e-02	6.49523710e-247	7.08271195e-243
5.01464844e-02	1.12083212e-246	1.22220804e-242
5.01953125e-02	1.93413207e-246	2.10906855e-242
5.02441406e-02	3.33758000e-246	3.63945417e-242
5.02929688e-02	5.75940000e-246	6.28032057e-242
5.03417969e-02	9.93854481e-246	1.08374566e-241
5.03906250e-02	1.71501672e-245	1.87013487e-241
5.04394531e-02	2.95946983e-245	3.22714505e-241
5.04882813e-02	5.10692494e-245	5.56883108e-241
5.05371094e-02	8.81261978e-245	9.60969497e-241
5.05859375e-02	1.52072467e-244	1.65826968e-240
5.06347656e-02	2.62419527e-244	2.86154591e-240
5.06835938e-02	4.52836793e-244	4.93794531e-240
5.07324219e-02	7.81424933e-244	8.52102489e-240
5.07812500e-02	1.34844371e-243	1.47040642e-239
5.08300781e-02	2.32690354e-243	2.53736502e-239
5.08789063e-02	4.01535490e-243	4.37853178e-239
5.09277344e-02	6.92898298e-243	7.55568883e-239
5.09765625e-02	1.19568024e-242	1.30382595e-238
5.10253906e-02	2.06329160e-242	2.24991017e-238
5.10742188e-02	3.56046046e-242	3.88249349e-238
5.11230469e-02	6.14400732e-242	6.69971446e-238
5.11718750e-02	1.06022315e-241	1.15611717e-237
5.12207031e-02	1.82954392e-241	1.99502071e-237
5.12695312e-02	3.15710042e-241	3.44265074e-237
5.13183594e-02	5.44796055e-241	5.94071232e-237
5.13671875e-02	9.40111815e-241	1.02514212e-236
5.14160156e-02	1.62227721e-240	1.76900735e-236
5.14648438e-02	2.79943653e-240	3.05263721e-236
5.15136719e-02	4.83076801e-240	5.26769656e-236
5.15625000e-02	8.33607741e-240	9.09005073e-236
5.16113281e-02	1.43849149e-239	1.56859875e-235
5.16601563e-02	2.48229192e-239	2.70680781e-235
5.17089844e-02	4.28349643e-239	4.67092590e-235
5.17578125e-02	7.39169377e-239	8.06025041e-235
5.18066406e-02	1.27552661e-238	1.39089418e-234
5.18554688e-02	2.20107621e-238	2.40015698e-234
5.19042969e-02	3.79822455e-238	4.14176262e-234
5.19531250e-02	6.55429815e-238	7.14711484e-234
5.20019531e-02	1.13102382e-237	1.23332154e-233
5.20507813e-02	1.95171907e-237	2.12824623e-233
5.20996094e-02	3.36792850e-237	3.67254757e-233
5.21484375e-02	5.81177000e-237	6.33742724e-233
5.21972656e-02	1.00289156e-236	1.09360010e-232
5.22460938e-02	1.73061129e-236	1.88713991e-232
5.22949219e-02	2.98638013e-236	3.25648930e-232
5.23437500e-02	5.15336192e-236	5.61946811e-232
5.23925781e-02	8.89275240e-236	9.69707528e-232
5.24414063e-02	1.53455252e-235	1.67334821e-231
5.24902344e-02	2.64805690e-235	2.88756573e-231
5.25390625e-02	4.56954406e-235	4.98284566e-231
5.25878906e-02	7.88530370e-235	8.59850585e-231
5.26367188e-02	1.36070500e-234	1.48377670e-230
5.26855469e-02	2.34806187e-234	2.56043705e-230
5.27343750e-02	4.05186617e-234	4.41834535e-230
5.27832031e-02	6.99198759e-234	7.62439196e-230
5.28320313e-02	1.20655245e-233	1.31568151e-229
5.28808594e-02	2.08205290e-233	2.27036836e-229
5.29296875e-02	3.59283536e-233	3.91779657e-229
5.29785156e-02	6.19987412e-233	6.76063419e-229
5.30273438e-02	1.06986364e-232	1.16662960e-228
5.30761719e-02	1.84617975e-232	2.01316119e-228
5.31250000e-02	3.18580756e-232	3.47395433e-228
5.31738281e-02	5.49749818e-232	5.99473044e-228
5.32226562e-02	9.48660132e-232	1.03446360e-227
5.32714844e-02	1.63702837e-231	1.78509269e-227
5.33203125e-02	2.82489143e-231	3.08039440e-227
5.33691406e-02	4.87469352e-231	5.31559496e-227
5.34179688e-02	8.41187618e-231	9.17270521e-227
5.34667969e-02	1.45157148e-230	1.58286178e-226
5.35156250e-02	2.50486302e-230	2.73142039e-226
5.35644531e-02	4.32244561e-230	4.71339788e-226
5.36132813e-02	7.45890528e-230	8.13354094e-226
5.36621094e-02	1.28712477e-229	1.40354135e-225
5.37109375e-02	2.22109023e-229	2.42198120e-225
5.37597656e-02	3.83276117e-229	4.17942294e-225
5.38085938e-02	6.61389526e-229	7.21210228e-225
5.38574219e-02	1.14130802e-228	1.24453591e-224
5.39062500e-02	1.96946571e-228	2.14759798e-224
5.39550781e-02	3.39855246e-228	3.70594135e-224
5.40039063e-02	5.86461535e-228	6.39505225e-224
5.40527344e-02	1.01201066e-227	1.10354399e-223
5.41015625e-02	1.74634740e-227	1.90429929e-223
5.41503906e-02	3.01353470e-227	3.28609989e-223
5.41992188e-02	5.20022041e-227	5.67056478e-223
5.42480469e-02	8.97361239e-227	9.78524876e-223
5.42968750e-02	1.54850589e-226	1.68856361e-222
5.43457031e-02	2.67213513e-226	2.91382175e-222
5.43945313e-02	4.61109395e-226	5.02815358e-222
5.44433594e-02	7.95700306e-226	8.67669016e-222
5.44921875e-02	1.37307759e-225	1.49726835e-221
5.45410156e-02	2.36941228e-225	2.58371852e-221
5.45898438e-02	4.08870887e-225	4.45852034e-221
5.46386719e-02	7.05556412e-225	7.69371876e-221
5.46875000e-02	1.21752335e-224	1.32764469e-220
5.47363281e-02	2.10098452e-224	2.29101227e-220
5.47851563e-02	3.62550415e-224	3.95342014e-220
5.48339844e-02	6.25624807e-224	6.82210696e-220
5.48828125e-02	1.07959165e-223	1.17723747e-219
5.49316406e-02	1.86296660e-223	2.03146635e-219
5.49804688e-02	3.21477531e-223	3.50554210e-219
5.50292969e-02	5.54748553e-223	6.04923897e-219
5.50781250e-02	9.57286054e-223	1.04386971e-218
5.51269531e-02	1.65191344e-222	1.80132406e-218
5.51757812e-02	2.85057742e-222	3.10840360e-218
5.52246094e-02	4.91901780e-222	5.36392822e-218
5.52734375e-02	8.48836309e-222	9.25611009e-218
5.53222656e-02	1.46477022e-221	1.59725430e-217
5.53710938e-02	2.52763905e-221	2.75625642e-217
5.54199219e-02	4.36174840e-221	4.75625546e-217
5.54687500e-02	7.52672700e-221	8.20749689e-217
5.55175781e-02	1.29882823e-220	1.41630334e-216
5.55664063e-02	2.24128597e-220	2.44400356e-216
5.56152344e-02	3.86761135e-220	4.21742520e-216
5.56640625e-02	6.67403346e-220	7.27767977e-216
5.57128906e-02	1.15168559e-219	1.25585210e-215
5.57617188e-02	1.98737347e-219	2.16712544e-215
5.58105469e-02	3.42945446e-219	3.73963834e-215
5.58593750e-02	5.91794050e-219	6.45320047e-215
5.59082031e-02	1.02121256e-218	1.11357817e-214
5.59570313e-02	1.76222639e-218	1.92161449e-214
5.60058594e-02	3.04093583e-218	3.31597935e-214
5.60546875e-02	5.24750437e-218	5.72212540e-214
5.61035156e-02	9.05520658e-218	9.87422285e-214
5.61523438e-02	1.56258595e-217	1.70391716e-213
5.62011719e-02	2.69643198e-217	2.94031616e-213
5.62500000e-02	4.65302111e-217	5.07387291e-213
5.62988281e-02	8.02935346e-217	8.75558439e-213
5.63476563e-02	1.38556253e-216	1.51088250e-212
5.63964844e-02	2.39095655e-216	2.60721139e-212
5.64453125e-02	4.12588612e-216	4.49906014e-212
5.64941406e-02	7.11971796e-216	7.76367508e-212
5.65429688e-02	1.22859387e-215	1.33971650e-211
5.65917969e-02	2.12008804e-215	2.31184364e-211
5.66406250e-02	3.65846959e-215	3.98936719e-211
5.66894531e-02	6.31313393e-215	6.88413795e-211
5.67382813e-02	1.08940799e-214	1.18794167e-210
5.67871094e-02	1.87990589e-214	2.04993774e-210
5.68359375e-02	3.24400610e-214	3.53741671e-210
5.68847656e-02	5.59792680e-214	6.10424248e-210
5.69335938e-02	9.65990307e-214	1.05336123e-209
5.69824219e-02	1.66693368e-213	1.81770283e-209
5.70312500e-02	2.87649666e-213	3.13666715e-209
5.70800781e-02	4.96374460e-213	5.41270040e-209
5.71289062e-02	8.56554459e-213	9.34027239e-209
5.71777344e-02	1.47808882e-212	1.61177752e-208
5.72265625e-02	2.55062191e-212	2.78131801e-208
5.72753906e-02	4.40140811e-212	4.79950226e-208
5.73242188e-02	7.59516463e-212	8.28212447e-208
5.73730469e-02	1.31063797e-211	1.42918124e-207
5.74218750e-02	2.26166511e-211	2.46622592e-207
5.74707031e-02	3.90277802e-211	4.25577257e-207
5.75195313e-02	6.73471781e-211	7.34385282e-207
5.75683594e-02	1.16215741e-210	1.26727106e-206
5.76171875e-02	2.00544386e-210	2.18683023e-206
5.76660156e-02	3.46063712e-210	3.77364135e-206
5.77148438e-02	5.97174995e-210	6.51187679e-206
5.77636719e-02	1.03049803e-209	1.12370348e-205
5.78125000e-02	1.77824960e-209	1.93908693e-205
5.78613281e-02	3.06858581e-209	3.34613018e-205
5.79101563e-02	5.29521776e-209	5.77415430e-205
5.79589844e-02	9.13754182e-209	9.96400502e-205
5.80078125e-02	1.57679390e-208	1.71941017e-204
5.80566406e-02	2.72094951e-208	2.96705122e-204
5.81054688e-02	4.69532907e-208	5.12000748e-204
5.81542969e-02	8.10236097e-208	8.83519517e-204
5.82031250e-02	1.39816086e-207	1.52462031e-203
5.82519531e-02	2.41269649e-207	2.63091764e-203
5.83007813e-02	4.16340103e-207	4.53996814e-203
5.83496094e-02	7.18445448e-207	7.83426680e-203
5.83984375e-02	1.23976494e-206	1.35189795e-202
5.84472656e-02	2.13936508e-206	2.33286422e-202
5.84960938e-02	3.69173445e-206	4.02564074e-202
5.85449219e-02	6.37053647e-206	6.94673235e-202
5.85937500e-02	1.09931349e-205	1.19874310e-201
5.86425781e-02	1.89699904e-205	2.06857690e-201
5.86914063e-02	3.27350240e-205	3.56958085e-201
5.87402344e-02	5.64882624e-205	6.15974559e-201
5.87890625e-02	9.74773621e-205	1.06293896e-200
5.88378906e-02	1.68209035e-204	1.83423037e-200
5.88867188e-02	2.90265134e-204	3.16518743e-200
5.89355469e-02	5.00887766e-204	5.46191559e-200
5.89843750e-02	8.64342716e-204	9.42519917e-200
5.90332031e-02	1.49152841e-203	1.62643267e-199
5.90820312e-02	2.57381354e-203	2.80660723e-199
5.91308594e-02	4.44142807e-203	4.84314188e-199
5.91796875e-02	7.66422392e-203	8.35742993e-199
5.92285156e-02	1.32255499e-202	1.44217611e-198
5.92773438e-02	2.28222936e-202	2.48865015e-198
5.93261719e-02	3.93826414e-202	4.29446829e-198
5.93750000e-02	6.79595341e-202	7.41062696e-198
5.94238281e-02	1.17272436e-201	1.27879375e-197
5.94726563e-02	2.02367840e-201	2.20671403e-197
5.95214844e-02	3.49210303e-201	3.80795325e-197
5.95703125e-02	6.02604819e-201	6.57108613e-197
5.96191406e-02	1.03986785e-200	1.13392077e-196
5.96679688e-02	1.79441836e-200	1.95671810e-196
5.97167969e-02	3.09648696e-200	3.37655490e-196
5.97656250e-02	5.34336459e-200	5.82665584e-196
5.98144531e-02	9.22062500e-200	1.00546028e-195
5.98632813e-02	1.59113091e-199	1.73504391e-195
5.99121094e-02	2.74568976e-199	2.99402914e-195
5.99609375e-02	4.73802137e-199	5.16656115e-195
6.00097656e-02	8.17603170e-199	8.91552918e-195
6.00585938e-02	1.41087364e-198	1.53848291e-194
6.01074219e-02	2.43463393e-198	2.65483925e-194
6.01562500e-02	4.20125674e-198	4.58124777e-194
6.02050781e-02	7.24977909e-198	7.90549980e-194
6.02539063e-02	1.25103749e-197	1.36419007e-193
6.03027344e-02	2.15881724e-197	2.35407576e-193
6.03515625e-02	3.72530151e-197	4.06224382e-193
6.04003906e-02	6.42846050e-197	7.00989542e-193
6.04492188e-02	1.10930899e-196	1.20964265e-192
6.04980469e-02	1.91424748e-196	2.08738540e-192
6.05468750e-02	3.30326666e-196	3.60203720e-192
6.05957031e-02	5.70018809e-196	6.21575295e-192
6.06445313e-02	9.83636731e-196	1.07260371e-191
6.06933594e-02	1.69738472e-195	1.85090806e-191
6.07421875e-02	2.92904363e-195	3.19396681e-191
6.07910156e-02	5.05442076e-195	5.51157791e-191
6.08398438e-02	8.72201730e-195	9.51089752e-191
6.08886719e-02	1.50509009e-194	1.64122096e-190
6.09375000e-02	2.59721586e-194	2.83212622e-190
6.09863281e-02	4.48181162e-194	4.88717799e-190
6.10351562e-02	7.73391063e-194	8.43341957e-190
6.10839844e-02	1.33458027e-193	1.45528904e-189
6.11328125e-02	2.30298045e-193	2.51127811e-189
6.11816406e-02	3.97407266e-193	4.33351557e-189
6.12304688e-02	6.85774535e-193	7.47800778e-189
6.12792969e-02	1.18338730e-192	1.29042113e-188
6.13281250e-02	2.04207861e-192	2.22677848e-188
6.13769531e-02	3.52385483e-192	3.84257689e-188
6.14257813e-02	6.08083977e-192	6.63083342e-188
6.14746094e-02	1.04932280e-191	1.14423089e-187
6.15234375e-02	1.81073402e-191	1.97450947e-187
6.15722656e-02	3.12464162e-191	3.40725605e-187
6.16210938e-02	5.39194886e-191	5.87963441e-187
6.16699219e-02	9.30446306e-191	1.01460237e-186
6.17187500e-02	1.60559818e-190	1.75081970e-186
6.17675781e-02	2.77065479e-190	3.02125218e-186
6.18164063e-02	4.78110156e-190	5.21353781e-186
6.18652344e-02	8.25037180e-190	8.99659310e-186
6.19140625e-02	1.42370192e-189	1.55247148e-185
6.19628906e-02	2.45677069e-189	2.67897821e-185
6.20117188e-02	4.23945641e-189	4.62290248e-185
6.20605469e-02	7.31569726e-189	7.97738005e-185
6.21093750e-02	1.26241247e-188	1.37659388e-184
6.21582031e-02	2.17844614e-188	2.37548004e-184
6.22070313e-02	3.75917357e-188	4.09917950e-184
6.22558594e-02	6.48691085e-188	7.07363240e-184
6.23046875e-02	1.11939530e-187	1.22064124e-183
6.23535156e-02	1.93165264e-187	2.10636480e-183
6.24023438e-02	3.33330138e-187	3.63478845e-183
6.24511719e-02	5.75201663e-187	6.27226922e-183
6.25000000e-02	9.92580375e-187	1.08235628e-182
6.25488281e-02	1.71281807e-186	1.86773730e-182
6.25976563e-02	2.95567573e-186	3.22300770e-182
6.26464844e-02	5.10037768e-186	5.56169149e-182
6.26953125e-02	8.80132155e-186	9.59737458e-182
6.27441406e-02	1.51877500e-185	1.65614362e-181
6.27929687e-02	2.62083083e-185	2.85787709e-181
6.28417969e-02	4.52256212e-185	4.93161424e-181
6.28906250e-02	7.80423056e-185	8.51009972e-181
6.29394531e-02	1.34671483e-184	1.46852113e-180
6.29882812e-02	2.32392010e-184	2.53411168e-180
6.30371094e-02	4.01020657e-184	4.37291768e-180
6.30859375e-02	6.92009880e-184	7.54600089e-180
6.31347656e-02	1.19414715e-183	1.30215416e-179
6.31835938e-02	2.06064603e-183	2.24702526e-179
6.32324219e-02	3.55589515e-183	3.87751516e-179
6.32812500e-02	6.13612924e-183	6.69112365e-179
6.33300781e-02	1.05886367e-182	1.15463470e-178
6.33789063e-02	1.82719795e-182	1.99246250e-178
6.34277344e-02	3.15305212e-182	3.43823619e-178
6.34765625e-02	5.44097463e-182	5.93309440e-178
6.35253906e-02	9.38906297e-182	1.02382754e-177
6.35742188e-02	1.62019692e-181	1.76673885e-177
6.36230469e-02	2.79584669e-181	3.04872260e-177
6.36718750e-02	4.82457324e-181	5.26094136e-177
6.37207031e-02	8.32538746e-181	9.07839368e-177
6.37695312e-02	1.43664678e-180	1.56658716e-176
6.38183594e-02	2.47910862e-180	2.70333653e-176
6.38671875e-02	4.27800321e-180	4.66493572e-176
6.39160156e-02	7.38221445e-180	8.04991351e-176
6.39648438e-02	1.27389082e-179	1.38911041e-175
6.40136719e-02	2.19825342e-179	2.39707882e-175
6.40625000e-02	3.79335344e-179	4.13645083e-175
6.41113281e-02	6.54589236e-179	7.13794860e-175
6.41601563e-02	1.12957328e-178	1.23173978e-174
6.42089844e-02	1.94921597e-178	2.12551668e-174
6.42578125e-02	3.36360904e-178	3.66783735e-174
6.43066406e-02	5.80431618e-178	6.32929909e-174
6.43554688e-02	1.00160530e-177	1.09219748e-173
6.44042969e-02	1.72839166e-177	1.88471948e-173
6.44531250e-02	2.98254987e-177	3.25231252e-173
6.45019531e-02	5.14675226e-177	5.61226050e-173
6.45507813e-02	8.88134651e-177	9.68463754e-173
6.45996094e-02	1.53258427e-176	1.67120190e-172
6.46484375e-02	2.64466042e-176	2.88386199e-172
6.46972656e-02	4.56368296e-176	4.97645433e-172
6.47460937e-02	7.87518957e-176	8.58747673e-172
6.47949219e-02	1.35895967e-175	1.48187347e-171
6.48437500e-02	2.34505006e-175	2.55715277e-171
6.48925781e-02	4.04666887e-175	4.41267787e-171
6.49414062e-02	6.98301891e-175	7.61461193e-171
6.49902344e-02	1.20500478e-174	1.31399383e-170
6.50390625e-02	2.07938219e-174	2.26745604e-170
6.50878906e-02	3.58822667e-174	3.91277096e-170
6.51367188e-02	6.19192119e-174	6.75196180e-170
6.51855469e-02	1.06849125e-173	1.16513306e-169
6.52343750e-02	1.84381151e-173	2.01057870e-169
6.52832031e-02	3.18172083e-173	3.46949789e-169
6.53320313e-02	5.49044596e-173	5.98704026e-169
6.53808594e-02	9.47443176e-173	1.03313656e-168
6.54296875e-02	1.63492834e-172	1.78280268e-168
6.54785156e-02	2.82126754e-172	3.07644269e-168
6.55273438e-02	4.86844001e-172	5.30877574e-168
6.55761719e-02	8.40108490e-172	9.16093771e-168
6.56250000e-02	1.44970930e-171	1.58083113e-167
6.56738281e-02	2.50164957e-171	2.72791624e-167
6.57226562e-02	4.31690036e-171	4.70735098e-167
6.57714844e-02	7.44933619e-171	8.12310620e-167
6.58203125e-02	1.28547349e-170	1.40174069e-166
6.58691406e-02	2.21824073e-170	2.41887392e-166
6.59179688e-02	3.82784396e-170	4.17406091e-166
6.59667969e-02	6.60540994e-170	7.20284936e-166
6.60156250e-02	1.13984376e-169	1.24293919e-165
6.60644531e-02	1.96693893e-169	2.14484263e-165
6.61132813e-02	3.39419217e-169	3.70118662e-165
6.61621094e-02	5.85709107e-169	6.38684731e-165
6.62109375e-02	1.01071224e-168	1.10212812e-164
6.62597656e-02	1.74410681e-168	1.90185601e-164
6.63085938e-02	3.00966826e-168	3.28188368e-164
6.63574219e-02	5.19354834e-168	5.66328913e-164
6.64062500e-02	8.96209882e-168	9.77269364e-164
6.64550781e-02	1.54651907e-167	1.68639705e-163
6.65039063e-02	2.66870659e-167	2.91008306e-163
6.65527344e-02	4.60517755e-167	5.02170198e-163
6.66015625e-02	7.94679352e-167	8.66555704e-163
6.66503906e-02	1.37131580e-166	1.49534718e-162
6.66992187e-02	2.36637206e-166	2.58040328e-162
6.67480469e-02	4.08346257e-166	4.45279945e-162
6.67968750e-02	7.04651093e-166	7.68384660e-162
6.68457031e-02	1.21596110e-165	1.32594111e-161
6.68945312e-02	2.09828864e-165	2.28807253e-161
6.69433594e-02	3.62085205e-165	3.94834721e-161
6.69921875e-02	6.24822025e-165	6.81335294e-161
6.70410156e-02	1.07820634e-164	1.17572685e-160
6.70898438e-02	1.86057607e-164	2.02885956e-160
6.71386719e-02	3.21065012e-164	3.50104374e-160
6.71875000e-02	5.54036696e-164	6.04147645e-160
6.72363281e-02	9.56057650e-164	1.04253018e-159
6.72851563e-02	1.64979366e-163	1.79901253e-159
6.73339844e-02	2.84691946e-163	3.10441474e-159
6.73828125e-02	4.91270551e-163	5.35704491e-159
6.74316406e-02	8.47747039e-163	9.24423203e-159
6.74804688e-02	1.46289054e-162	1.59520458e-158
6.75292969e-02	2.52439541e-162	2.75271936e-158
6.75781250e-02	4.35615106e-162	4.75015179e-158
6.76269531e-02	7.51706805e-162	8.19696419e-158
6.76757812e-02	1.29716144e-161	1.41448579e-157
6.77246094e-02	2.23840971e-161	2.44086712e-157
6.77734375e-02	3.86264799e-161	4.21201285e-157
6.78222656e-02	6.66546853e-161	7.26834006e-157
6.78710938e-02	1.15020760e-160	1.25424041e-156
6.79199219e-02	1.98482299e-160	2.16434425e-156
6.79687500e-02	3.42505328e-160	3.73483903e-156
6.80175781e-02	5.91034568e-160	6.44491862e-156
6.80664063e-02	1.01990197e-159	1.11214903e-155
6.81152344e-02	1.75996480e-159	1.91914831e-155
6.81640625e-02	3.03703315e-159	3.31172364e-155
6.82128906e-02	5.24076978e-159	5.71478161e-155
6.82617188e-02	9.04358516e-159	9.86155016e-155
6.83105469e-02	1.56058052e-158	1.70173033e-154
6.83593750e-02	2.69297135e-158	2.93654248e-154
6.84082031e-02	4.64704933e-158	5.06736093e-154
6.84570313e-02	8.01904836e-158	8.74434710e-154
6.85058594e-02	1.38378425e-157	1.50894336e-153
6.85546875e-02	2.38788789e-157	2.60386514e-153
6.86035156e-02	4.12059074e-157	4.49328575e-153
6.86523437e-02	7.11058009e-157	7.75371062e-153
6.87011719e-02	1.22701701e-156	1.33799700e-152
6.87500000e-02	2.11736696e-156	2.30887642e-152
6.87988281e-02	3.65377401e-156	3.98424685e-152
6.88476562e-02	6.30503109e-156	6.87530214e-152
6.88964844e-02	1.08800974e-155	1.18641694e-151
6.89453125e-02	1.87749302e-155	2.04730661e-151
6.89941406e-02	3.23984238e-155	3.53287635e-151
6.90429688e-02	5.59074176e-155	6.09640749e-151
6.90917969e-02	9.64750433e-155	1.05200920e-150
6.91406250e-02	1.66479411e-154	1.81536972e-150
6.91894531e-02	2.87280456e-154	3.13264107e-150
6.92382813e-02	4.95737340e-154	5.40575287e-150
6.92871094e-02	8.55455025e-154	9.32828352e-150
6.93359375e-02	1.47619161e-153	1.60970869e-149
6.93847656e-02	2.54734801e-153	2.77774796e-149
6.94335938e-02	4.39575857e-153	4.79334168e-149
6.94824219e-02	7.58541562e-153	8.27149359e-149
6.95312500e-02	1.30895565e-152	1.42734674e-148
6.95800781e-02	2.25876204e-152	2.46306026e-148
6.96289062e-02	3.89776841e-152	4.25030981e-148
6.96777344e-02	6.72607307e-152	7.33442610e-148
6.97265625e-02	1.16066565e-151	1.26564436e-147
6.97753906e-02	2.00286963e-151	2.18402315e-147
6.98242188e-02	3.45619495e-151	3.76879736e-147
6.98730469e-02	5.96408440e-151	6.50351785e-147
6.99218750e-02	1.02917524e-150	1.12226104e-146
6.99707031e-02	1.77596695e-150	1.93659781e-146
7.00195313e-02	3.06464681e-150	3.34183487e-146
7.00683594e-02	5.28842050e-150	5.76674219e-146
7.01171875e-02	9.12581226e-150	9.95121446e-146
7.01660156e-02	1.57476981e-149	1.71720299e-145
7.02148438e-02	2.71745668e-149	2.96324244e-145
7.02636719e-02	4.68930175e-149	5.11343495e-145
7.03125000e-02	8.09196005e-149	8.82385343e-145
7.03613281e-02	1.39636605e-148	1.52266314e-144
7.04101563e-02	2.40959931e-148	2.62754030e-144
7.04589844e-02	4.15805643e-148	4.53414010e-144
7.05078125e-02	7.17523169e-148	7.82420976e-144
7.05566406e-02	1.23817343e-147	1.35016248e-143
7.06054687e-02	2.13661872e-147	2.32986944e-143
7.06542969e-02	3.68699526e-147	4.02047286e-143
7.07031250e-02	6.36235838e-147	6.93781451e-143
7.07519531e-02	1.09790226e-146	1.19720421e-142
7.08007812e-02	1.89456377e-146	2.06592135e-142
7.08496094e-02	3.26930003e-146	3.56499836e-142
7.08984375e-02	5.64157451e-146	6.15183791e-142
7.09472656e-02	9.73522242e-146	1.06157439e-141
7.09960938e-02	1.67993094e-145	1.83187562e-141
7.10449219e-02	2.89892499e-145	3.16112401e-141
7.10937500e-02	5.00244736e-145	5.45490364e-141
7.11425781e-02	8.63233086e-145	9.41309915e-141
7.11914063e-02	1.48961360e-144	1.62434465e-140
7.12402344e-02	2.57050929e-144	2.80300410e-140
7.12890625e-02	4.43572616e-144	4.83692421e-140
7.13378906e-02	7.65438455e-144	8.34670054e-140
7.13867188e-02	1.32085707e-143	1.44032461e-139
7.14355469e-02	2.27929940e-143	2.48545516e-139
7.14843750e-02	3.93320811e-143	4.28895492e-139
7.15332031e-02	6.78722859e-143	7.40111295e-139
7.15820312e-02	1.17121878e-142	1.27715198e-138
7.16308594e-02	2.02108033e-142	2.20388095e-138
7.16796875e-02	3.48761973e-142	3.80306441e-138
7.17285156e-02	6.01831168e-142	6.56264982e-138
7.17773438e-02	1.03853282e-141	1.13246498e-137
7.18261719e-02	1.79211459e-141	1.95420595e-137
7.18750000e-02	3.09251151e-141	3.37221985e-137
7.19238281e-02	5.33650444e-141	5.81917517e-137
7.19726563e-02	9.20878693e-141	1.00416939e-136
7.20214844e-02	1.58908810e-140	1.73281632e-136
7.20703125e-02	2.74216463e-140	2.99018515e-136
7.21191406e-02	4.73193831e-140	5.15992786e-136
7.21679688e-02	8.16553461e-140	8.90408259e-136
7.22167969e-02	1.40906223e-139	1.53650766e-135
7.22656250e-02	2.43150812e-139	2.65143069e-135
7.23144531e-02	4.19586275e-139	4.57536588e-135
7.23632813e-02	7.24047108e-139	7.89534985e-135
7.24121094e-02	1.24943128e-138	1.36243857e-134
7.24609375e-02	2.15604551e-138	2.35105332e-134
7.25097656e-02	3.72051854e-138	4.05702822e-134
7.25585937e-02	6.42020688e-138	7.00089523e-134
7.26074219e-02	1.10788472e-137	1.20808955e-133
7.26562500e-02	1.91178972e-137	2.08470534e-133
7.27050781e-02	3.29902550e-137	3.59741240e-133
7.27539062e-02	5.69286941e-137	6.20777228e-133
7.28027344e-02	9.82373801e-137	1.07122655e-132
7.28515625e-02	1.69520538e-136	1.84853159e-132
7.29003906e-02	2.92528289e-136	3.18986591e-132
7.29492188e-02	5.04793113e-136	5.50450128e-132
7.29980469e-02	8.71081862e-136	9.49868590e-132
7.30468750e-02	1.50315761e-135	1.63911369e-131
7.30957031e-02	2.59388114e-135	2.82848986e-131
7.31445313e-02	4.47605712e-135	4.88090299e-131
7.31933594e-02	7.72398053e-135	8.42259127e-131
7.32421875e-02	1.33286671e-134	1.45342048e-130
7.32910156e-02	2.30002348e-134	2.50805367e-130
7.33398438e-02	3.96897003e-134	4.32795140e-130
7.33886719e-02	6.84894013e-134	7.46840610e-130
7.34375000e-02	1.18186785e-133	1.28876423e-129
7.34863281e-02	2.03945661e-133	2.22391931e-129
7.35351562e-02	3.51933022e-133	3.83764303e-129
7.35839844e-02	6.07303199e-133	6.62231942e-129
7.36328125e-02	1.04797547e-132	1.14276169e-128
7.36816406e-02	1.80840904e-132	1.97197418e-128
7.37304688e-02	3.12062956e-132	3.40288109e-128
7.37792969e-02	5.38502555e-132	5.87208487e-128
7.38281250e-02	9.29251601e-132	1.01329961e-127
7.38769531e-02	1.60353657e-131	1.74857161e-127
7.39257813e-02	2.76709722e-131	3.01737282e-127
7.39746094e-02	4.77496252e-131	5.20684348e-127
7.40234375e-02	8.23977812e-131	8.98504120e-127
7.40722656e-02	1.42187385e-130	1.55047805e-126
7.41210938e-02	2.45361612e-130	2.67553830e-126
7.41699219e-02	4.23401280e-130	4.61696649e-126
7.42187500e-02	7.30630363e-130	7.96713676e-126
7.42675781e-02	1.26079148e-129	1.37482627e-125
7.43164063e-02	2.17564892e-129	2.37242981e-125
7.43652344e-02	3.75434662e-129	4.09391595e-125
7.44140625e-02	6.47858134e-129	7.06454949e-125
7.44628906e-02	1.11795794e-128	1.21907387e-124
7.45117187e-02	1.92917229e-128	2.10366011e-124
7.45605469e-02	3.32902124e-128	3.63012117e-124
7.46093750e-02	5.74463071e-128	6.26421523e-124
7.46582031e-02	9.91305841e-128	1.08096646e-123
7.47070312e-02	1.71061870e-127	1.86533900e-123
7.47558594e-02	2.95188045e-127	3.21886913e-123
7.48046875e-02	5.09382845e-127	5.55454987e-123
7.48535156e-02	8.79002003e-127	9.58505083e-123
7.49023438e-02	1.51682478e-126	1.65401700e-122
7.49511719e-02	2.61746549e-126	2.85420735e-122
7.50000000e-02	4.51675479e-126	4.92528164e-122
7.50488281e-02	7.79420930e-126	8.49917203e-122
7.50976563e-02	1.34498554e-125	1.46663542e-121
7.51464844e-02	2.32093599e-125	2.53085765e-121
7.51953125e-02	4.00505711e-125	4.36730245e-121
7.52441406e-02	6.91121277e-125	7.53631112e-121
7.52929688e-02	1.19261375e-124	1.30048207e-120
7.53417969e-02	2.05799997e-124	2.24413986e-120
7.53906250e-02	3.55132904e-124	3.87253604e-120
7.54394531e-02	6.12824984e-124	6.68253156e-120
7.54882813e-02	1.05750399e-123	1.15315203e-119
7.55371094e-02	1.82485164e-123	1.98990397e-119
7.55859375e-02	3.14900328e-123	3.43382112e-119
7.56347656e-02	5.43398784e-123	5.92547565e-119
7.56835938e-02	9.37700639e-123	1.02251283e-118
7.57324219e-02	1.61811641e-122	1.76447016e-118
7.57812500e-02	2.79225651e-122	3.04480769e-118
7.58300781e-02	4.81837794e-122	5.25418569e-118
7.58789063e-02	8.31469670e-122	9.06673594e-118
7.59277344e-02	1.43480196e-121	1.56457547e-117
7.59765625e-02	2.47592515e-121	2.69986511e-117
7.60253906e-02	4.27250974e-121	4.65894536e-117
7.60742188e-02	7.37273478e-121	8.03957640e-117
7.61230469e-02	1.27225498e-120	1.38732661e-116
7.61718750e-02	2.19543059e-120	2.39400066e-116
7.62207031e-02	3.78848228e-120	4.13113908e-116
7.62695313e-02	6.53748658e-120	7.12878253e-116
7.63183594e-02	1.12812276e-119	1.23015806e-115
7.63671875e-02	1.94671292e-119	2.12278723e-115
7.64160156e-02	3.35928972e-119	3.66312734e-115
7.64648438e-02	5.79686265e-119	6.32117139e-115
7.65136719e-02	1.00031910e-118	1.09079494e-114
7.65625000e-02	1.72617217e-118	1.88229924e-114
7.66113281e-02	2.97871985e-118	3.24813608e-114
7.66601562e-02	5.14014310e-118	5.60505354e-114
7.67089844e-02	8.86994159e-118	9.67220106e-114
7.67578125e-02	1.53061621e-117	1.66905584e-113
7.68066406e-02	2.64126429e-117	2.88015868e-113
7.68554688e-02	4.55782252e-117	4.97006382e-113
7.69042969e-02	7.86507665e-117	8.57644912e-113
7.69531250e-02	1.35721456e-116	1.47997052e-112
7.70019531e-02	2.34203866e-116	2.55386899e-112
7.70507813e-02	4.04147233e-116	4.40701131e-112
7.70996094e-02	6.97405165e-116	7.60483359e-112
7.71484375e-02	1.20345737e-115	1.31230645e-111
7.71972656e-02	2.07671194e-115	2.26454427e-111
7.72460938e-02	3.58361882e-115	3.90774634e-111
7.72949219e-02	6.18396979e-115	6.74329120e-111
7.73437500e-02	1.06711914e-114	1.16363685e-110
7.73925781e-02	1.84144376e-114	2.00799679e-110
7.74414063e-02	3.17763499e-114	3.46504249e-110
7.74902344e-02	5.48339534e-114	5.97935192e-110
7.75390625e-02	9.46226504e-114	1.03180984e-109
7.75878906e-02	1.63282883e-113	1.78051327e-109
7.76367188e-02	2.81764457e-113	3.07249203e-109
7.76855469e-02	4.86218813e-113	5.30195838e-109
7.77343750e-02	8.39029650e-113	9.14917352e-109
7.77832031e-02	1.44784763e-112	1.57880108e-108
7.78320313e-02	2.49843703e-112	2.72441313e-108
7.78808594e-02	4.31135673e-112	4.70130594e-108
7.79296875e-02	7.43976998e-112	8.11267474e-108
7.79785156e-02	1.28382272e-111	1.39994062e-107
7.80273438e-02	2.21539213e-111	2.41576767e-107
7.80761719e-02	3.82292835e-111	4.16870069e-107
7.81250000e-02	6.59692746e-111	7.19359965e-107
7.81738281e-02	1.13838000e-110	1.24134304e-106
7.82226563e-02	1.96441304e-110	2.14208828e-106
7.82714844e-02	3.38983343e-110	3.69643364e-106
7.83203125e-02	5.84956954e-110	6.37864547e-106
7.83691406e-02	1.00941431e-109	1.10071279e-105
7.84179688e-02	1.74186707e-109	1.89941369e-105
7.84667969e-02	3.00580331e-109	3.27766916e-105
7.85156250e-02	5.18687890e-109	5.65601646e-105
7.85644531e-02	8.95058989e-109	9.76014376e-105
7.86132812e-02	1.54453306e-108	1.68423142e-104
7.86621094e-02	2.66527950e-108	2.90634599e-104
7.87109375e-02	4.59926368e-108	5.01525321e-104
7.87597656e-02	7.93658841e-108	8.65442890e-104
7.88085938e-02	1.36955478e-107	1.49342688e-103
7.88574219e-02	2.36333321e-107	2.57708958e-103
7.89062500e-02	4.07821867e-107	4.44708125e-103
7.89550781e-02	7.03746193e-107	7.67397915e-103
7.90039063e-02	1.21439958e-106	1.32423836e-102
7.90527344e-02	2.09559406e-106	2.28513422e-102
7.91015625e-02	3.61620222e-106	3.94327681e-102
7.91503906e-02	6.24019641e-106	6.80460336e-102
7.91992188e-02	1.07682173e-105	1.17421700e-101
7.92480469e-02	1.85818675e-105	2.02625414e-101
7.92968750e-02	3.20652706e-105	3.49654776e-101
7.93457031e-02	5.53325212e-105	6.03371809e-101
7.93945313e-02	9.54829898e-105	1.04119138e-100
7.94433594e-02	1.64767503e-104	1.79670227e-100
7.94921875e-02	2.84326350e-104	3.10042811e-100
7.95410156e-02	4.90639670e-104	5.35016549e-100
7.95898438e-02	8.46658377e-104	9.23236074e-100
7.96386719e-02	1.46101192e-103	1.59315605e-99
7.96875000e-02	2.52115362e-103	2.74918437e-99
7.97363281e-02	4.35055697e-103	4.74405173e-99
7.97851563e-02	7.50741476e-103	8.18643779e-99
7.98339844e-02	1.29549565e-102	1.41266933e-98
7.98828125e-02	2.23553519e-102	2.43773261e-98
7.99316406e-02	3.85768765e-102	4.20660386e-98
7.99804688e-02	6.65690885e-102	7.25900619e-98
8.00292969e-02	1.14873052e-101	1.25262973e-97
8.00781250e-02	1.98227412e-101	2.16156484e-97
8.01269531e-02	3.42065489e-101	3.73004282e-97
8.01757813e-02	5.90275572e-101	6.43664218e-97
8.02246094e-02	1.01859224e-100	1.11072083e-96
8.02734375e-02	1.75770469e-100	1.91668378e-96
8.03222656e-02	3.03313305e-100	3.30747079e-96
8.03710938e-02	5.23403969e-100	5.70744280e-96
8.04199219e-02	9.03197157e-100	9.84888617e-96
8.04687500e-02	1.55857646e-99	1.69954500e-95
8.05175781e-02	2.68951309e-99	2.93277144e-95
8.05664062e-02	4.64108169e-99	5.06085353e-95
8.06152344e-02	8.00875047e-99	8.73311781e-95
8.06640625e-02	1.38200722e-98	1.50700561e-94
8.07128906e-02	2.38482141e-98	2.60052132e-94
8.07617188e-02	4.11529917e-98	4.48751558e-94
8.08105469e-02	7.10144885e-98	7.74375349e-94
8.08593750e-02	1.22544130e-97	1.33627877e-93
8.09082031e-02	2.11464789e-97	2.30591142e-93
8.09570313e-02	3.64908193e-97	3.97913039e-93
8.10058594e-02	6.29693433e-97	6.86647306e-93
8.10546875e-02	1.08661254e-96	1.18489337e-92
8.11035156e-02	1.87508200e-96	2.04467751e-92
8.11523438e-02	3.23568186e-96	3.52833953e-92
8.12011719e-02	5.58356228e-96	6.08857866e-92
8.12500000e-02	9.63511528e-96	1.05065824e-91
8.12988281e-02	1.66265624e-95	1.81303848e-91
8.13476563e-02	2.86911539e-95	3.12861823e-91
8.13964844e-02	4.95100729e-95	5.39881098e-91
8.14453125e-02	8.54356477e-95	9.31630445e-91
8.14941406e-02	1.47429593e-94	1.60764155e-90
8.15429688e-02	2.54407679e-94	2.77418087e-90
8.15917969e-02	4.39011369e-94	4.78718624e-90
8.16406250e-02	7.57567469e-94	8.26087163e-90
8.16894531e-02	1.30727473e-93	1.42551379e-89
8.17382813e-02	2.25586142e-93	2.45989729e-89
8.17871094e-02	3.89276304e-93	4.24485172e-89
8.18359375e-02	6.71743570e-93	7.32500751e-89
8.18847656e-02	1.15917517e-92	1.26401907e-88
8.19335938e-02	2.00029762e-92	2.18121851e-88
8.19824219e-02	3.45175664e-92	3.76395763e-88
8.20312500e-02	5.95642557e-92	6.49516631e-88
8.20800781e-02	1.02785362e-91	1.12081988e-87
8.21289063e-02	1.77368633e-91	1.93411092e-87
8.21777344e-02	3.06071132e-91	3.33754344e-87
8.22265625e-02	5.28162935e-91	5.75933681e-87
8.22753906e-02	9.11409332e-91	9.93843559e-87
8.23242188e-02	1.57274756e-90	1.71499784e-86
8.23730469e-02	2.71396706e-90	2.95943720e-86
8.24218750e-02	4.68327998e-90	5.10686854e-86
8.24707031e-02	8.08156876e-90	8.81252230e-86
8.25195312e-02	1.39457290e-89	1.52070782e-85
8.25683594e-02	2.40650503e-89	2.62416615e-85
8.26171875e-02	4.15271688e-89	4.52831761e-85
8.26660156e-02	7.16601765e-89	7.81416235e-85
8.27148438e-02	1.23658343e-88	1.34842868e-84
8.27636719e-02	2.13387500e-88	2.32687756e-84
8.28125000e-02	3.68226063e-88	4.01531001e-84
8.28613281e-02	6.35418822e-88	6.92890540e-84
8.29101563e-02	1.09649240e-87	1.19566683e-83
8.29589844e-02	1.89213089e-87	2.06326843e-83
8.30078125e-02	3.26510180e-87	3.56042042e-83
8.30566406e-02	5.63432996e-87	6.14393812e-83
8.31054688e-02	9.72272108e-87	1.06021119e-82
8.31542969e-02	1.67777368e-86	1.82952325e-82
8.32031250e-02	2.89520239e-86	3.15706472e-82
8.32519531e-02	4.99602357e-86	5.44789884e-82
8.33007813e-02	8.62124583e-86	9.40101153e-82
8.33496094e-02	1.48770074e-85	1.62225879e-81
8.33984375e-02	2.56720843e-85	2.79940469e-81
8.34472656e-02	4.43003013e-85	4.83071301e-81
8.34960938e-02	7.64455537e-85	8.33598237e-81
8.35449219e-02	1.31916093e-84	1.43847506e-80
8.35937500e-02	2.27637251e-84	2.48226354e-80
8.36425781e-02	3.92815740e-84	4.28344740e-80
8.36914063e-02	6.77851299e-84	7.39160906e-80
8.37402344e-02	1.16971479e-83	1.27551197e-79
8.37890625e-02	2.01848503e-83	2.20105092e-79
8.38378906e-02	3.48314123e-83	3.79818086e-79
8.38867188e-02	6.01058349e-83	6.55422266e-79
8.39355469e-02	1.03719923e-82	1.13101077e-78
8.39843750e-02	1.78981332e-82	1.95169654e-78
8.40332031e-02	3.08854039e-82	3.36788957e-78
8.40820313e-02	5.32965180e-82	5.81170274e-78
8.41308594e-02	9.19696189e-82	1.00287994e-77
8.41796875e-02	1.58704754e-81	1.73059121e-77
8.42285156e-02	2.73864341e-81	2.98634545e-77
8.42773438e-02	4.72586203e-81	5.15330201e-77
8.43261719e-02	8.15504926e-81	8.89264890e-77
8.43750000e-02	1.40725286e-80	1.53453464e-76
8.44238281e-02	2.42838583e-80	2.64802601e-76
8.44726562e-02	4.19047487e-80	4.56949070e-76
8.45214844e-02	7.23117365e-80	7.88521152e-76
8.45703125e-02	1.24782689e-79	1.36068908e-75
8.46191406e-02	2.15327695e-79	2.34803437e-75
8.46679688e-02	3.71574107e-79	4.05181865e-75
8.47167969e-02	6.41196279e-79	6.99190550e-75
8.47656250e-02	1.10646210e-78	1.20653827e-74
8.48144531e-02	1.90933483e-78	2.08202841e-74
8.48632813e-02	3.29478929e-78	3.59279305e-74
8.49121094e-02	5.68555933e-78	6.19980104e-74
8.49609375e-02	9.81112358e-78	1.06985102e-73
8.50097656e-02	1.69302861e-77	1.84615795e-73
8.50585938e-02	2.92152662e-77	3.18576990e-73
8.51074219e-02	5.04144923e-77	5.49743313e-73
8.51562500e-02	8.69963333e-77	9.48648896e-73
8.52050781e-02	1.50122746e-76	1.63700896e-72
8.52539063e-02	2.59055042e-76	2.82485791e-72
8.53027344e-02	4.47030958e-76	4.87463562e-72
8.53515625e-02	7.71406246e-76	8.41177618e-72
8.54003906e-02	1.33115523e-75	1.45155421e-71
8.54492188e-02	2.29707012e-75	2.50483319e-71
8.54980469e-02	3.96387365e-75	4.32239409e-71
8.55468750e-02	6.84014572e-75	7.45881630e-71
8.55957031e-02	1.18035027e-74	1.28710940e-70
8.56445313e-02	2.03683784e-74	2.22106369e-70
8.56933594e-02	3.51481123e-74	3.83271532e-70
8.57421875e-02	6.06523394e-74	6.61381608e-70
8.57910156e-02	1.04662983e-73	1.14129434e-69
8.58398438e-02	1.80608696e-73	1.96944209e-69
8.58886719e-02	3.11662255e-73	3.39851167e-69
8.59375000e-02	5.37811097e-73	5.86454491e-69
8.59863281e-02	9.28058409e-73	1.01199850e-68
8.60351563e-02	1.60147757e-72	1.74632639e-68
8.60839844e-02	2.76354418e-72	3.01349842e-68
8.61328125e-02	4.76883133e-72	5.20015776e-68
8.61816406e-02	8.22919802e-72	8.97350420e-68
8.62304688e-02	1.42004813e-71	1.54848720e-67
8.62792969e-02	2.45046562e-71	2.67210286e-67
8.63281250e-02	4.22857624e-71	4.61103823e-67
8.63769531e-02	7.29692220e-71	7.95690684e-67
8.64257812e-02	1.25917261e-70	1.37306098e-66
8.64746094e-02	2.17285536e-70	2.36938358e-66
8.65234375e-02	3.74952599e-70	4.08865932e-66
8.65722656e-02	6.47026278e-70	7.05547856e-66
8.66210938e-02	1.11652248e-69	1.21750857e-65
8.66699219e-02	1.92669522e-69	2.10095900e-65
8.67187500e-02	3.32474676e-69	3.62546009e-65
8.67675781e-02	5.73725459e-69	6.25617199e-65
8.68164063e-02	9.90033006e-69	1.07957851e-64
8.68652344e-02	1.70842227e-68	1.86294392e-64
8.69140625e-02	2.94809025e-68	3.21473614e-64
8.69628906e-02	5.08728801e-68	5.54741789e-64
8.70117188e-02	8.77873373e-68	9.57274376e-64
8.70605469e-02	1.51487719e-67	1.65189327e-63
8.71093750e-02	2.61410470e-67	2.85054260e-63
8.71582031e-02	4.51095536e-67	4.91895768e-63
8.72070313e-02	7.78420169e-67	8.48825929e-63
8.72558594e-02	1.34325860e-66	1.46475230e-62
8.73046875e-02	2.31795597e-66	2.52760810e-62
8.73535156e-02	3.99991473e-66	4.36169497e-62
8.74023438e-02	6.90233897e-66	7.52663475e-62
8.74511719e-02	1.19108247e-65	1.29881230e-61
8.75000000e-02	2.05535756e-65	2.24125846e-61
8.75488281e-02	3.54676926e-65	3.86756386e-61
8.75976563e-02	6.12038141e-65	6.67395148e-61
8.76464844e-02	1.05614619e-64	1.15167144e-60
8.76953125e-02	1.82250861e-64	1.98734903e-60
8.77441406e-02	3.14496010e-64	3.42941227e-60
8.77929688e-02	5.42701086e-64	5.91786765e-60
8.78417969e-02	9.36496679e-64	1.02119998e-59
8.78906250e-02	1.61603883e-63	1.76220468e-59
8.79394531e-02	2.78867141e-63	3.04089834e-59
8.79882813e-02	4.81219142e-63	5.24743965e-59
8.80371094e-02	8.30402113e-63	9.05509484e-59
8.80859375e-02	1.43295977e-62	1.56256666e-58
8.81347656e-02	2.47274623e-62	2.69639868e-58
8.81835938e-02	4.26702413e-62	4.65296361e-58
8.82324219e-02	7.36326871e-62	8.02925419e-58
8.82812500e-02	1.27062150e-61	1.38554539e-57
8.83300781e-02	2.19261182e-61	2.39092696e-57
8.83789062e-02	3.78361817e-61	4.12583504e-57
8.84277344e-02	6.52909298e-61	7.11962979e-57
8.84765625e-02	1.12667434e-60	1.22857865e-56
8.85253906e-02	1.94421351e-60	2.12006176e-56
8.85742188e-02	3.35497669e-60	3.65842423e-56
8.86230469e-02	5.78942001e-60	6.31305562e-56
8.86718750e-02	9.99034782e-60	1.08939447e-55
8.87207031e-02	1.72395593e-59	1.87988255e-55
8.87695313e-02	2.97489547e-59	3.24396581e-55
8.88183594e-02	5.13354368e-59	5.59785725e-55
8.88671875e-02	8.85855351e-59	9.65978301e-55
8.89160156e-02	1.52865107e-58	1.66691296e-54
8.89648438e-02	2.63787320e-58	2.87646089e-54
8.90136719e-02	4.55197079e-58	4.96368284e-54
8.90625000e-02	7.85497880e-58	8.56543799e-54
8.91113281e-02	1.35547206e-57	1.47807042e-53
8.91601563e-02	2.33903176e-57	2.55059015e-53
8.92089844e-02	4.03628358e-57	4.40135327e-53
8.92578125e-02	6.96509785e-57	7.59506998e-53
8.93066406e-02	1.20191228e-56	1.31062163e-52
8.93554688e-02	2.07404571e-56	2.26163690e-52
8.94042969e-02	3.57901794e-56	3.90272934e-52
8.94531250e-02	6.17603042e-56	6.73463378e-52
8.95019531e-02	1.06574911e-55	1.16214291e-51
8.95507813e-02	1.83907961e-55	2.00541882e-51
8.95996094e-02	3.17355537e-55	3.46059390e-51
8.96484375e-02	5.47635548e-55	5.97167535e-51
8.96972656e-02	9.45011693e-55	1.03048516e-50
8.97460938e-02	1.63073253e-54	1.77822737e-50
8.97949219e-02	2.81402716e-54	3.06854745e-50
8.98437500e-02	4.85594586e-54	5.29515154e-50
8.98925781e-02	8.37952473e-54	9.13742752e-50
8.99414063e-02	1.44598883e-53	1.57677417e-49
8.99902344e-02	2.49522946e-53	2.72091546e-49
9.00390625e-02	4.30582169e-53	4.69527030e-49
9.00878906e-02	7.43021862e-53	8.10225953e-49
9.01367188e-02	1.28217452e-52	1.39814335e-48
9.01855469e-02	2.21254797e-52	2.41266627e-48
9.02343750e-02	3.81802041e-52	4.16334886e-48
9.02832031e-02	6.58845823e-52	7.18436445e-48
9.03320312e-02	1.13691854e-51	1.23974940e-47
9.03808594e-02	1.96189111e-51	2.13933826e-47
9.04296875e-02	3.38548155e-51	3.69168816e-47
9.04785156e-02	5.84205985e-51	6.37045658e-47
9.05273438e-02	1.00811843e-50	1.09929971e-46
9.05761719e-02	1.73963087e-50	1.89697524e-46
9.06250000e-02	3.00194448e-50	3.27346132e-46
9.06738281e-02	5.18022004e-50	5.64875535e-46
9.07226563e-02	8.93909924e-50	9.74761386e-46
9.07714844e-02	1.54255021e-49	1.68206924e-45
9.08203125e-02	2.66185786e-49	2.90261489e-45
9.08691406e-02	4.59335924e-49	5.00881476e-45
9.09179688e-02	7.92639962e-49	8.64331861e-45
9.09667969e-02	1.36779659e-48	1.49150967e-44
9.10156250e-02	2.36029924e-48	2.57378120e-44
9.10644531e-02	4.07298319e-48	4.44137227e-44
9.11132813e-02	7.02842750e-48	7.66412762e-44
9.11621094e-02	1.21284058e-47	1.32253836e-43
9.12109375e-02	2.09290383e-47	2.28220068e-43
9.12597656e-02	3.61155991e-47	3.93821464e-43
9.13085938e-02	6.23218555e-47	6.79586798e-43
9.13574219e-02	1.07543936e-46	1.17270961e-42
9.14062500e-02	1.85580131e-46	2.02365296e-42
9.14550781e-02	3.20241071e-46	3.49205912e-42
9.15039063e-02	5.52614887e-46	6.02597241e-42
9.15527344e-02	9.53604149e-46	1.03985478e-41
9.16015625e-02	1.64555985e-45	1.79439579e-41
9.16503906e-02	2.83961352e-45	3.09644802e-41
9.16992188e-02	4.90009823e-45	5.34329737e-41
9.17480469e-02	8.45571502e-45	9.22050901e-41
9.17968750e-02	1.45913639e-44	1.59111089e-40
9.18457031e-02	2.51791718e-44	2.74565521e-40
9.18945313e-02	4.34497210e-44	4.73796176e-40
9.19433594e-02	7.49777742e-44	8.17592883e-40
9.19921875e-02	1.29383262e-43	1.41085588e-39
9.20410156e-02	2.23266542e-43	2.43460329e-39
9.20898438e-02	3.85273553e-43	4.20120387e-39
9.21386719e-02	6.64836340e-43	7.24968786e-39
9.21875000e-02	1.14725590e-42	1.25102175e-38
9.22363281e-02	1.97972949e-42	2.15879007e-38
9.22851562e-02	3.41626384e-42	3.72525463e-38
9.23339844e-02	5.89517845e-42	6.42837960e-38
9.23828125e-02	1.01728469e-41	1.10929503e-37
9.24316406e-02	1.75544836e-41	1.91422339e-37
9.24804688e-02	3.02923950e-41	3.30322509e-37
9.25292969e-02	5.22732090e-41	5.70011635e-37
9.25781250e-02	9.02037751e-41	9.83624352e-37
9.26269531e-02	1.55657577e-40	1.69736336e-36
9.26757813e-02	2.68606066e-40	2.92900677e-36
9.27246094e-02	4.63512412e-40	5.05435716e-36
9.27734375e-02	7.99847000e-40	8.72190755e-36
9.28222656e-02	1.38023321e-39	1.50507115e-35
9.28710938e-02	2.38176014e-39	2.59718318e-35
9.29199219e-02	4.11001659e-39	4.48175523e-35
9.29687500e-02	7.09233313e-39	7.73381333e-35
9.30175781e-02	1.22386828e-38	1.33456348e-34
9.30664063e-02	2.11193345e-38	2.30295148e-34
9.31152344e-02	3.64439785e-38	3.97402267e-34
9.31640625e-02	6.28885140e-38	6.85765910e-34
9.32128906e-02	1.08521774e-37	1.18337242e-33
9.32617188e-02	1.87267510e-37	2.04205293e-33
9.33105469e-02	3.23152848e-37	3.52381051e-33
9.33593750e-02	5.57639514e-37	6.08076330e-33
9.34082031e-02	9.62274753e-37	1.04930961e-32
9.34570313e-02	1.66052204e-36	1.81071126e-32
9.35058594e-02	2.86543258e-36	3.12460234e-32
9.35546875e-02	4.94465217e-36	5.39188109e-32
9.36035156e-02	8.53259826e-36	9.30434611e-32
9.36523438e-02	1.47240353e-35	1.60557800e-31
9.37011719e-02	2.54081124e-35	2.77061997e-31
9.37500000e-02	4.38447859e-35	4.78104149e-31
9.37988281e-02	7.56595067e-35	8.25026815e-31
9.38476563e-02	1.30559674e-34	1.42368404e-30
9.38964844e-02	2.25296585e-34	2.45673984e-30
9.39453125e-02	3.88776639e-34	4.23940316e-30
9.39941406e-02	6.70881340e-34	7.31560539e-30
9.40429688e-02	1.15768729e-33	1.26239662e-29
9.40917969e-02	1.99773011e-33	2.17841879e-29
9.41406250e-02	3.44732610e-33	3.75912638e-29
9.41894531e-02	5.94878016e-33	6.48682943e-29
9.42382812e-02	1.02653431e-32	1.11938126e-28
9.42871094e-02	1.77140972e-32	1.93162840e-28
9.43359375e-02	3.05678276e-32	3.33325957e-28
9.43847656e-02	5.27485015e-32	5.75194449e-28
9.44335938e-02	9.10239502e-32	9.92567927e-28
9.44824219e-02	1.57072889e-31	1.71279659e-27
9.45312500e-02	2.71048359e-31	2.95563868e-27
9.45800781e-02	4.67726885e-31	5.10031376e-27
9.46289063e-02	8.07119586e-31	8.80121125e-27
9.46777344e-02	1.39278294e-30	1.51875597e-26
9.47265625e-02	2.40341623e-30	2.62079800e-26
9.47753906e-02	4.14738681e-30	4.52250547e-26
9.48242188e-02	7.15681999e-30	7.80413283e-26
9.48730469e-02	1.23499627e-29	1.34669797e-25
9.49218750e-02	2.13113616e-29	2.32389101e-25
9.49707031e-02	3.67753445e-29	4.01015638e-25
9.50195313e-02	6.34603264e-29	6.92001221e-25
9.50683594e-02	1.09508506e-28	1.19413221e-24
9.51171875e-02	1.88970236e-28	2.06062026e-24
9.51660156e-02	3.26091109e-28	3.55585069e-24
9.52148438e-02	5.62709839e-28	6.13605252e-24
9.52636719e-02	9.71024217e-28	1.05885044e-23
9.53125000e-02	1.67562030e-27	1.82717512e-23
9.53613281e-02	2.89148647e-27	3.15301273e-23
9.54101563e-02	4.98961133e-27	5.44090667e-23
9.54589844e-02	8.61018076e-27	9.38894572e-23
9.55078125e-02	1.48579133e-26	1.62017669e-22
9.55566406e-02	2.56391352e-26	2.79581179e-22
9.56054688e-02	4.42434439e-26	4.82451304e-22
9.56542969e-02	7.63474396e-26	8.32528360e-22
9.57031250e-02	1.31746786e-25	1.43662887e-21
9.57519531e-02	2.27345091e-25	2.47907771e-21
9.58007813e-02	3.92311585e-25	4.27794988e-21
9.58496094e-02	6.76981320e-25	7.38212245e-21
9.58984375e-02	1.16821354e-24	1.27387495e-20
9.59472656e-02	2.01589445e-24	2.19822604e-20
9.59960938e-02	3.47867088e-24	3.79330620e-20
9.60449219e-02	6.00286938e-24	6.54581087e-20
9.60937500e-02	1.03586807e-23	1.12955922e-19
9.61425781e-02	1.78751625e-23	1.94919172e-19
9.61914062e-02	3.08457653e-23	3.36356720e-19
9.62402344e-02	5.32281169e-23	5.80424400e-19
9.62890625e-02	9.18515848e-23	1.00159285e-18
9.63378906e-02	1.58501073e-22	1.72837018e-18
9.63867188e-02	2.73512865e-22	2.98251281e-18
9.64355469e-02	4.71979690e-22	5.14668834e-18
9.64843750e-02	8.14458317e-22	8.88123623e-18
9.65332031e-02	1.40544681e-21	1.53256525e-17
9.65820313e-02	2.42526929e-21	2.64462760e-17
9.66308594e-02	4.18509691e-21	4.56362634e-17
9.66796875e-02	7.22041962e-21	7.86905547e-17
9.67285156e-02	1.24559108e-20	1.35755165e-16
9.67773438e-02	2.14875679e-20	2.34181510e-16
9.68261719e-02	3.70682146e-20	4.04001779e-16
9.68750000e-02	6.39474534e-20	6.96971841e-16
9.69238281e-02	1.10317939e-19	1.20236326e-15
9.69726563e-02	1.90313683e-19	2.07426240e-15
9.70214844e-02	3.28319733e-19	3.57846541e-15
9.70703125e-02	5.66402349e-19	6.17339853e-15
9.71191406e-02	9.77131200e-19	1.06500552e-14
9.71679688e-02	1.68570155e-18	1.83729864e-14
9.72167969e-02	2.90809617e-18	3.16962971e-14
9.72656250e-02	5.01691787e-18	5.46810400e-14
9.73144531e-02	8.65496522e-18	9.43333794e-14
9.73632813e-02	1.49311664e-17	1.62739820e-13
9.74121094e-02	2.57585969e-17	2.80751734e-13
9.74609375e-02	4.44376133e-17	4.84340779e-13
9.75097656e-02	7.66618524e-17	8.35564054e-13
9.75585938e-02	1.32253738e-16	1.44147957e-12
9.76074219e-02	2.28158503e-16	2.48677961e-12
9.76562500e-02	3.93609363e-16	4.29008759e-12
9.77050781e-02	6.79038249e-16	7.40107960e-12
9.77539063e-02	1.17144826e-15	1.27680346e-11
9.78027344e-02	2.02093361e-15	2.20268851e-11
9.78515625e-02	3.48643070e-15	3.79998760e-11
9.79003906e-02	6.01464622e-15	6.55558314e-11
9.79492188e-02	1.03762206e-14	1.13094254e-10
9.79980469e-02	1.79006318e-14	1.95105632e-10
9.80468750e-02	3.08814428e-14	3.36588388e-10
9.80957031e-02	5.32754178e-14	5.80668827e-10
9.81445312e-02	9.19086112e-14	1.00174677e-09
9.81933594e-02	1.58557066e-13	1.72817393e-09
9.82421875e-02	2.73536355e-13	2.98137774e-09
9.82910156e-02	4.71894121e-13	5.14335638e-09
9.83398438e-02	8.14093218e-13	8.87311862e-09
9.83886719e-02	1.40444185e-12	1.53075616e-08
9.84375000e-02	2.42288861e-12	2.64080176e-08
9.84863281e-02	4.17987400e-12	4.55581041e-08
9.85351563e-02	7.21095840e-12	7.85951129e-08
9.85839844e-02	1.24400707e-11	1.35589325e-07
9.86328125e-02	2.14611387e-11	2.33913621e-07
9.86816406e-02	3.70239484e-11	4.03539065e-07
9.87304688e-02	6.38723302e-11	6.96170653e-07
9.87792969e-02	1.10190168e-10	1.20100799e-06
9.88281250e-02	1.90096004e-10	2.07193506e-06
9.88769531e-02	3.27946642e-10	3.57442705e-06
9.89257813e-02	5.65761570e-10	6.16647242e-06
9.89746094e-02	9.76031327e-10	1.06381768e-05
9.90234375e-02	1.68381404e-09	1.83526032e-05
9.90722656e-02	2.90485564e-09	3.16612605e-05
9.91210938e-02	5.01135348e-09	5.46208913e-05
9.91699219e-02	8.64540967e-09	9.42300500e-05
9.92187500e-02	1.49147567e-08	1.62562405e-04
9.92675781e-02	2.57304171e-08	2.80447045e-04
9.93164063e-02	4.43892223e-08	4.83817615e-04
9.93652344e-02	7.65787552e-08	8.34665650e-04
9.94140625e-02	1.32111044e-07	1.43993690e-03
9.94628906e-02	2.27913475e-07	2.48413068e-03
9.95117188e-02	3.93188619e-07	4.28553920e-03
9.95605469e-02	6.78315794e-07	7.39326990e-03
9.96093750e-02	1.17020777e-06	1.27546253e-02
9.96582031e-02	2.01880364e-06	2.20038617e-02
9.97070313e-02	3.48277356e-06	3.79603461e-02
9.97558594e-02	6.00836703e-06	6.54879622e-02
9.98046875e-02	1.03654396e-05	1.12977730e-01
9.98535156e-02	1.78821219e-05	1.94905579e-01
9.99023438e-02	3.08496638e-05	3.36244935e-01
9.99511719e-02	5.32208583e-05	5.80079192e-01
1.00000000e-01	9.18149430e-05	1.00073452e+00
