0.00000000e+00	0.00000000e+00	3.36162265e-320
4.88281250e-05	0.00000000e+00	3.36162265e-320
9.76562500e-05	0.00000000e+00	3.36162265e-320
1.46484375e-04	0.00000000e+00	3.36211672e-320
1.95312500e-04	0.00000000e+00	3.36261079e-320
2.44140625e-04	0.00000000e+00	3.36310485e-320
2.92968750e-04	0.00000000e+00	3.36359892e-320
3.41796875e-04	0.00000000e+00	3.36409298e-320
3.90625000e-04	0.00000000e+00	3.36458705e-320
4.39453125e-04	0.00000000e+00	3.36508111e-320
4.88281250e-04	0.00000000e+00	3.36557518e-320
5.37109375e-04	0.00000000e+00	3.36606925e-320
5.85937500e-04	0.00000000e+00	3.36656331e-320
6.34765625e-04	0.00000000e+00	3.36705738e-320
6.83593750e-04	0.00000000e+00	3.36755144e-320
7.32421875e-04	0.00000000e+00	3.36804551e-320
7.81250000e-04	0.00000000e+00	3.36853957e-320
8.30078125e-04	0.00000000e+00	3.36903364e-320
8.78906250e-04	0.00000000e+00	3.36952770e-320
9.27734375e-04	0.00000000e+00	3.37002177e-320
9.76562500e-04	0.00000000e+00	3.37051584e-320
1.02539063e-03	0.00000000e+00	3.37100990e-320
1.07421875e-03	0.00000000e+00	3.37150397e-320
1.12304688e-03	0.00000000e+00	3.37199803e-320
1.17187500e-03	0.00000000e+00	3.37249210e-320
1.22070312e-03	0.00000000e+00	3.37298616e-320
1.26953125e-03	0.00000000e+00	3.37348023e-320
1.31835938e-03	0.00000000e+00	3.37397430e-320
1.36718750e-03	0.00000000e+00	3.37446836e-320
1.41601563e-03	0.00000000e+00	3.37496243e-320
1.46484375e-03	0.00000000e+00	3.37545649e-320
1.51367188e-03	0.00000000e+00	3.37595056e-320
1.56250000e-03	0.00000000e+00	3.37644462e-320
1.61132813e-03	0.00000000e+00	3.37693869e-320
1.66015625e-03	0.00000000e+00	3.37743275e-320
1.70898438e-03	0.00000000e+00	3.37792682e-320
1.75781250e-03	0.00000000e+00	3.37842089e-320
1.80664063e-03	0.00000000e+00	3.37891495e-320
1.85546875e-03	0.00000000e+00	3.37940902e-320
1.90429688e-03	0.00000000e+00	3.37990308e-320
1.95312500e-03	0.00000000e+00	3.38039715e-320
2.00195313e-03	0.00000000e+00	3.38089121e-320
2.05078125e-03	0.00000000e+00	3.38138528e-320
2.09960937e-03	0.00000000e+00	3.38187935e-320
2.14843750e-03	0.00000000e+00	3.38237341e-320
2.19726562e-03	0.00000000e+00	3.38286748e-320
2.24609375e-03	0.00000000e+00	3.38336154e-320
2.29492188e-03	0.00000000e+00	3.38385561e-320
2.34375000e-03	0.00000000e+00	3.38434967e-320
2.39257813e-03	0.00000000e+00	3.38484374e-320
2.44140625e-03	0.00000000e+00	3.38533781e-320
2.49023438e-03	0.00000000e+00	3.38583187e-320
2.53906250e-03	0.00000000e+00	3.38632594e-320
2.58789063e-03	0.00000000e+00	3.38682000e-320
2.63671875e-03	0.00000000e+00	3.38731407e-320
2.68554688e-03	0.00000000e+00	3.38780813e-320
2.73437500e-03	0.00000000e+00	3.38830220e-320
2.78320313e-03	0.00000000e+00	3.38879626e-320
2.83203125e-03	0.00000000e+00	3.38929033e-320
2.88085938e-03	0.00000000e+00	3.38978440e-320
2.92968750e-03	0.00000000e+00	3.39027846e-320
2.97851563e-03	0.00000000e+00	3.39077253e-320
3.02734375e-03	0.00000000e+00	3.39126659e-320
3.07617188e-03	0.00000000e+00	3.39176066e-320
3.12500000e-03	0.00000000e+00	3.39225472e-320
3.17382812e-03	0.00000000e+00	3.39274879e-320
3.22265625e-03	0.00000000e+00	3.39324286e-320
3.27148438e-03	0.00000000e+00	3.39373692e-320
3.32031250e-03	0.00000000e+00	3.39423099e-320
3.36914063e-03	0.00000000e+00	3.39472505e-320
3.41796875e-03	0.00000000e+00	3.39521912e-320
3.46679688e-03	0.00000000e+00	3.39571318e-320
3.51562500e-03	0.00000000e+00	3.39620725e-320
3.56445313e-03	0.00000000e+00	3.39670132e-320
3.61328125e-03	0.00000000e+00	3.39719538e-320
3.66210938e-03	0.00000000e+00	3.39768945e-320
3.71093750e-03	0.00000000e+00	3.39818351e-320
3.75976563e-03	0.00000000e+00	3.39867758e-320
3.80859375e-03	0.00000000e+00	3.39917164e-320
3.85742188e-03	0.00000000e+00	3.39966571e-320
3.90625000e-03	0.00000000e+00	3.40015977e-320
3.95507812e-03	0.00000000e+00	3.40065384e-320
4.00390625e-03	0.00000000e+00	3.40114791e-320
4.05273438e-03	0.00000000e+00	3.40164197e-320
4.10156250e-03	0.00000000e+00	3.40213604e-320
4.15039062e-03	0.00000000e+00	3.40263010e-320
4.19921875e-03	0.00000000e+00	3.40312417e-320
4.24804688e-03	0.00000000e+00	3.40361823e-320
4.29687500e-03	0.00000000e+00	3.40411230e-320
4.34570313e-03	0.00000000e+00	3.40460637e-320
4.39453125e-03	0.00000000e+00	3.40510043e-320
4.44335937e-03	0.00000000e+00	3.40559450e-320
4.49218750e-03	0.00000000e+00	3.40608856e-320
4.54101563e-03	0.00000000e+00	3.40658263e-320
4.58984375e-03	0.00000000e+00	3.40707669e-320
4.63867188e-03	0.00000000e+00	3.40757076e-320
4.68750000e-03	0.00000000e+00	3.40806483e-320
4.73632813e-03	0.00000000e+00	3.40855889e-320
4.78515625e-03	0.00000000e+00	3.40905296e-320
4.83398438e-03	0.00000000e+00	3.40954702e-320
4.88281250e-03	0.00000000e+00	3.41004109e-320
4.93164063e-03	0.00000000e+00	3.41053515e-320
4.98046875e-03	0.00000000e+00	3.41102922e-320
5.02929688e-03	0.00000000e+00	3.41152328e-320
5.07812500e-03	0.00000000e+00	3.41201735e-320
5.12695312e-03	0.00000000e+00	3.41251142e-320
5.17578125e-03	0.00000000e+00	3.41300548e-320
5.22460938e-03	0.00000000e+00	3.41349955e-320
5.27343750e-03	0.00000000e+00	3.41399361e-320
5.32226563e-03	0.00000000e+00	3.41448768e-320
5.37109375e-03	0.00000000e+00	3.41498174e-320
5.41992188e-03	0.00000000e+00	3.41547581e-320
5.46875000e-03	0.00000000e+00	3.41596988e-320
5.51757813e-03	0.00000000e+00	3.41646394e-320
5.56640625e-03	0.00000000e+00	3.41695801e-320
5.61523438e-03	0.00000000e+00	3.41695801e-320
5.66406250e-03	0.00000000e+00	3.41695801e-320
5.71289063e-03	0.00000000e+00	3.41695801e-320
5.76171875e-03	0.00000000e+00	3.41695801e-320
5.81054688e-03	0.00000000e+00	3.41695801e-320
5.85937500e-03	0.00000000e+00	3.41695801e-320
5.90820313e-03	0.00000000e+00	3.41695801e-320
5.95703125e-03	0.00000000e+00	3.41695801e-320
6.00585938e-03	0.00000000e+00	3.41695801e-320
6.05468750e-03	0.00000000e+00	3.41695801e-320
6.10351562e-03	0.00000000e+00	3.41695801e-320
6.15234375e-03	0.00000000e+00	3.41695801e-320
6.20117188e-03	0.00000000e+00	3.41695801e-320
6.25000000e-03	0.00000000e+00	3.41695801e-320
6.29882813e-03	0.00000000e+00	3.41646394e-320
6.34765625e-03	0.00000000e+00	3.41596988e-320
6.39648438e-03	0.00000000e+00	3.41547581e-320
6.44531250e-03	0.00000000e+00	3.41498174e-320
6.49414063e-03	0.00000000e+00	3.41448768e-320
6.54296875e-03	0.00000000e+00	3.41399361e-320
6.59179688e-03	0.00000000e+00	3.41349955e-320
6.64062500e-03	0.00000000e+00	3.41300548e-320
6.68945313e-03	0.00000000e+00	3.41251142e-320
6.73828125e-03	0.00000000e+00	3.41201735e-320
6.78710938e-03	0.00000000e+00	3.41152328e-320
6.83593750e-03	0.00000000e+00	3.41102922e-320
6.88476563e-03	0.00000000e+00	3.41053515e-320
6.93359375e-03	0.00000000e+00	3.41004109e-320
6.98242188e-03	0.00000000e+00	3.40954702e-320
7.03125000e-03	0.00000000e+00	3.40905296e-320
7.08007812e-03	0.00000000e+00	3.40855889e-320
7.12890625e-03	0.00000000e+00	3.40806483e-320
7.17773438e-03	0.00000000e+00	3.40757076e-320
7.22656250e-03	0.00000000e+00	3.40707669e-320
7.27539063e-03	0.00000000e+00	3.40658263e-320
7.32421875e-03	0.00000000e+00	3.40608856e-320
7.37304688e-03	0.00000000e+00	3.40559450e-320
7.42187500e-03	0.00000000e+00	3.40510043e-320
7.47070313e-03	0.00000000e+00	3.40460637e-320
7.51953125e-03	0.00000000e+00	3.40411230e-320
7.56835938e-03	0.00000000e+00	3.40361823e-320
7.61718750e-03	0.00000000e+00	3.40312417e-320
7.66601563e-03	0.00000000e+00	3.40263010e-320
7.71484375e-03	0.00000000e+00	3.40213604e-320
7.76367188e-03	0.00000000e+00	3.40164197e-320
7.81250000e-03	0.00000000e+00	3.40114791e-320
7.86132813e-03	0.00000000e+00	3.40015977e-320
7.91015625e-03	0.00000000e+00	3.39867758e-320
7.95898438e-03	0.00000000e+00	3.39719538e-320
8.00781250e-03	0.00000000e+00	3.39571318e-320
8.05664062e-03	0.00000000e+00	3.39423099e-320
8.10546875e-03	0.00000000e+00	3.39274879e-320
8.15429687e-03	0.00000000e+00	3.39126659e-320
8.20312500e-03	0.00000000e+00	3.38978440e-320
8.25195313e-03	0.00000000e+00	3.38731407e-320
8.30078125e-03	0.00000000e+00	3.38484374e-320
8.34960938e-03	0.00000000e+00	3.38237341e-320
8.39843750e-03	0.00000000e+00	3.37990308e-320
8.44726563e-03	0.00000000e+00	3.37743275e-320
8.49609375e-03	0.00000000e+00	3.37496243e-320
8.54492188e-03	0.00000000e+00	3.37249210e-320
8.59375000e-03	0.00000000e+00	3.37051584e-320
8.64257812e-03	0.00000000e+00	3.36853957e-320
8.69140625e-03	0.00000000e+00	3.36656331e-320
8.74023438e-03	0.00000000e+00	3.36458705e-320
8.78906250e-03	0.00000000e+00	3.36261079e-320
8.83789063e-03	0.00000000e+00	3.36063452e-320
8.88671875e-03	0.00000000e+00	3.35865826e-320
8.93554688e-03	0.00000000e+00	3.35668200e-320
8.98437500e-03	0.00000000e+00	3.35470574e-320
9.03320312e-03	0.00000000e+00	3.35272947e-320
9.08203125e-03	0.00000000e+00	3.35075321e-320
9.13085937e-03	0.00000000e+00	3.34877695e-320
9.17968750e-03	0.00000000e+00	3.34680068e-320
9.22851563e-03	0.00000000e+00	3.34482442e-320
9.27734375e-03	0.00000000e+00	3.34284816e-320
9.32617188e-03	0.00000000e+00	3.34087190e-320
9.37500000e-03	0.00000000e+00	3.33889563e-320
9.42382813e-03	0.00000000e+00	3.33691937e-320
9.47265625e-03	0.00000000e+00	3.33494311e-320
9.52148438e-03	0.00000000e+00	3.33296685e-320
9.57031250e-03	0.00000000e+00	3.33099058e-320
9.61914063e-03	0.00000000e+00	3.32901432e-320
9.66796875e-03	0.00000000e+00	3.32703806e-320
9.71679688e-03	0.00000000e+00	3.32506180e-320
9.76562500e-03	0.00000000e+00	3.32308553e-320
9.81445313e-03	0.00000000e+00	3.32110927e-320
9.86328125e-03	0.00000000e+00	3.31913301e-320
9.91210938e-03	0.00000000e+00	3.31715675e-320
9.96093750e-03	0.00000000e+00	3.31518048e-320
1.00097656e-02	0.00000000e+00	3.31320422e-320
1.00585938e-02	0.00000000e+00	3.31122796e-320
1.01074219e-02	0.00000000e+00	3.30925170e-320
1.01562500e-02	0.00000000e+00	3.30727543e-320
1.02050781e-02	0.00000000e+00	3.30529917e-320
1.02539062e-02	0.00000000e+00	3.30332291e-320
1.03027344e-02	0.00000000e+00	3.30134665e-320
1.03515625e-02	0.00000000e+00	3.29937038e-320
1.04003906e-02	0.00000000e+00	3.29739412e-320
1.04492188e-02	0.00000000e+00	3.29541786e-320
1.04980469e-02	0.00000000e+00	3.29344160e-320
1.05468750e-02	0.00000000e+00	3.29146533e-320
1.05957031e-02	0.00000000e+00	3.28948907e-320
1.06445313e-02	0.00000000e+00	3.28751281e-320
1.06933594e-02	0.00000000e+00	3.28553654e-320
1.07421875e-02	0.00000000e+00	3.28356028e-320
1.07910156e-02	0.00000000e+00	3.28158402e-320
1.08398438e-02	0.00000000e+00	3.27960776e-320
1.08886719e-02	0.00000000e+00	3.27763149e-320
1.09375000e-02	0.00000000e+00	3.27565523e-320
1.09863281e-02	0.00000000e+00	3.27367897e-320
1.10351563e-02	0.00000000e+00	3.27170271e-320
1.10839844e-02	0.00000000e+00	3.26972644e-320
1.11328125e-02	0.00000000e+00	3.26775018e-320
1.11816406e-02	0.00000000e+00	3.26577392e-320
1.12304688e-02	0.00000000e+00	3.26379766e-320
1.12792969e-02	0.00000000e+00	3.26182139e-320
1.13281250e-02	0.00000000e+00	3.25984513e-320
1.13769531e-02	0.00000000e+00	3.25786887e-320
1.14257813e-02	0.00000000e+00	3.25589261e-320
1.14746094e-02	0.00000000e+00	3.25391634e-320
1.15234375e-02	0.00000000e+00	3.25194008e-320
1.15722656e-02	0.00000000e+00	3.24996382e-320
1.16210938e-02	0.00000000e+00	3.24798756e-320
1.16699219e-02	0.00000000e+00	3.24601129e-320
1.17187500e-02	0.00000000e+00	3.24403503e-320
1.17675781e-02	0.00000000e+00	3.24205877e-320
1.18164063e-02	0.00000000e+00	3.24008251e-320
1.18652344e-02	0.00000000e+00	3.23810624e-320
1.19140625e-02	0.00000000e+00	3.23612998e-320
1.19628906e-02	0.00000000e+00	3.23415372e-320
1.20117188e-02	0.00000000e+00	3.23267152e-320
1.20605469e-02	0.00000000e+00	3.23217746e-320
1.21093750e-02	0.00000000e+00	3.23217746e-320
1.21582031e-02	0.00000000e+00	3.23217746e-320
1.22070312e-02	0.00000000e+00	3.23217746e-320
1.22558594e-02	0.00000000e+00	3.23217746e-320
1.23046875e-02	0.00000000e+00	3.23217746e-320
1.23535156e-02	0.00000000e+00	3.23217746e-320
1.24023438e-02	0.00000000e+00	3.23217746e-320
1.24511719e-02	0.00000000e+00	3.23217746e-320
1.25000000e-02	0.00000000e+00	3.23217746e-320
1.25488281e-02	0.00000000e+00	3.23217746e-320
1.25976563e-02	0.00000000e+00	3.23267152e-320
1.26464844e-02	0.00000000e+00	3.23316559e-320
1.26953125e-02	0.00000000e+00	3.23365965e-320
1.27441406e-02	0.00000000e+00	3.23415372e-320
1.27929688e-02	0.00000000e+00	3.23464778e-320
1.28417969e-02	0.00000000e+00	3.23514185e-320
1.28906250e-02	0.00000000e+00	3.23563591e-320
1.29394531e-02	0.00000000e+00	3.23612998e-320
1.29882813e-02	0.00000000e+00	3.23662405e-320
1.30371094e-02	0.00000000e+00	3.23711811e-320
1.30859375e-02	0.00000000e+00	3.23761218e-320
1.31347656e-02	0.00000000e+00	3.23810624e-320
1.31835938e-02	0.00000000e+00	3.23860031e-320
1.32324219e-02	0.00000000e+00	3.23909437e-320
1.32812500e-02	0.00000000e+00	3.23958844e-320
1.33300781e-02	0.00000000e+00	3.24008251e-320
1.33789063e-02	0.00000000e+00	3.24057657e-320
1.34277344e-02	0.00000000e+00	3.24107064e-320
1.34765625e-02	0.00000000e+00	3.24156470e-320
1.35253906e-02	0.00000000e+00	3.24205877e-320
1.35742188e-02	0.00000000e+00	3.24255283e-320
1.36230469e-02	0.00000000e+00	3.24304690e-320
1.36718750e-02	0.00000000e+00	3.24354096e-320
1.37207031e-02	0.00000000e+00	3.24403503e-320
1.37695313e-02	0.00000000e+00	3.24452910e-320
1.38183594e-02	0.00000000e+00	3.24502316e-320
1.38671875e-02	0.00000000e+00	3.24551723e-320
1.39160156e-02	0.00000000e+00	3.24601129e-320
1.39648438e-02	0.00000000e+00	3.24650536e-320
1.40136719e-02	0.00000000e+00	3.24699942e-320
1.40625000e-02	0.00000000e+00	3.24749349e-320
1.41113281e-02	0.00000000e+00	3.24798756e-320
1.41601562e-02	0.00000000e+00	3.24848162e-320
1.42089844e-02	0.00000000e+00	3.24897569e-320
1.42578125e-02	0.00000000e+00	3.24946975e-320
1.43066406e-02	0.00000000e+00	3.24996382e-320
1.43554688e-02	0.00000000e+00	3.25045788e-320
1.44042969e-02	0.00000000e+00	3.25095195e-320
1.44531250e-02	0.00000000e+00	3.25144602e-320
1.45019531e-02	0.00000000e+00	3.25194008e-320
1.45507813e-02	0.00000000e+00	3.25243415e-320
1.45996094e-02	0.00000000e+00	3.25292821e-320
1.46484375e-02	0.00000000e+00	3.25342228e-320
1.46972656e-02	0.00000000e+00	3.25391634e-320
1.47460938e-02	0.00000000e+00	3.25441041e-320
1.47949219e-02	0.00000000e+00	3.25490447e-320
1.48437500e-02	0.00000000e+00	3.25539854e-320
1.48925781e-02	0.00000000e+00	3.25589261e-320
1.49414063e-02	0.00000000e+00	3.25638667e-320
1.49902344e-02	0.00000000e+00	3.25688074e-320
1.50390625e-02	0.00000000e+00	3.25737480e-320
1.50878906e-02	0.00000000e+00	3.25786887e-320
1.51367188e-02	0.00000000e+00	3.25836293e-320
1.51855469e-02	0.00000000e+00	3.25885700e-320
1.52343750e-02	0.00000000e+00	3.25935107e-320
1.52832031e-02	0.00000000e+00	3.25984513e-320
1.53320313e-02	0.00000000e+00	3.26033920e-320
1.53808594e-02	0.00000000e+00	3.26083326e-320
1.54296875e-02	0.00000000e+00	3.26132733e-320
1.54785156e-02	0.00000000e+00	3.26182139e-320
1.55273438e-02	0.00000000e+00	3.26231546e-320
1.55761719e-02	0.00000000e+00	3.26280953e-320
1.56250000e-02	0.00000000e+00	3.26330359e-320
1.56738281e-02	0.00000000e+00	3.26379766e-320
1.57226563e-02	0.00000000e+00	3.26429172e-320
1.57714844e-02	0.00000000e+00	3.26478579e-320
1.58203125e-02	0.00000000e+00	3.26527985e-320
1.58691406e-02	0.00000000e+00	3.26577392e-320
1.59179688e-02	0.00000000e+00	3.26626798e-320
1.59667969e-02	0.00000000e+00	3.26676205e-320
1.60156250e-02	0.00000000e+00	3.26725612e-320
1.60644531e-02	0.00000000e+00	3.26725612e-320
1.61132812e-02	0.00000000e+00	3.26725612e-320
1.61621094e-02	0.00000000e+00	3.26725612e-320
1.62109375e-02	0.00000000e+00	3.26725612e-320
1.62597656e-02	0.00000000e+00	3.26725612e-320
1.63085937e-02	0.00000000e+00	3.26725612e-320
1.63574219e-02	0.00000000e+00	3.26725612e-320
1.64062500e-02	0.00000000e+00	3.26725612e-320
1.64550781e-02	0.00000000e+00	3.26725612e-320
1.65039063e-02	0.00000000e+00	3.26725612e-320
1.65527344e-02	0.00000000e+00	3.26725612e-320
1.66015625e-02	0.00000000e+00	3.26725612e-320
1.66503906e-02	0.00000000e+00	3.26725612e-320
1.66992188e-02	0.00000000e+00	3.26725612e-320
1.67480469e-02	0.00000000e+00	3.26725612e-320
1.67968750e-02	0.00000000e+00	3.26725612e-320
1.68457031e-02	0.00000000e+00	3.26725612e-320
1.68945313e-02	0.00000000e+00	3.26725612e-320
1.69433594e-02	0.00000000e+00	3.26725612e-320
1.69921875e-02	0.00000000e+00	3.26725612e-320
1.70410156e-02	0.00000000e+00	3.26725612e-320
1.70898438e-02	0.00000000e+00	3.26725612e-320
1.71386719e-02	0.00000000e+00	3.26725612e-320
1.71875000e-02	0.00000000e+00	3.26725612e-320
1.72363281e-02	0.00000000e+00	3.26725612e-320
1.72851562e-02	0.00000000e+00	3.26725612e-320
1.73339844e-02	0.00000000e+00	3.26725612e-320
1.73828125e-02	0.00000000e+00	3.26725612e-320
1.74316406e-02	0.00000000e+00	3.26725612e-320
1.74804688e-02	0.00000000e+00	3.26725612e-320
1.75292969e-02	0.00000000e+00	3.26725612e-320
1.75781250e-02	0.00000000e+00	3.26725612e-320
1.76269531e-02	0.00000000e+00	3.26725612e-320
1.76757813e-02	0.00000000e+00	3.26725612e-320
1.77246094e-02	0.00000000e+00	3.26676205e-320
1.77734375e-02	0.00000000e+00	3.26626798e-320
1.78222656e-02	0.00000000e+00	3.26577392e-320
1.78710938e-02	0.00000000e+00	3.26527985e-320
1.79199219e-02	0.00000000e+00	3.26478579e-320
1.79687500e-02	0.00000000e+00	3.26429172e-320
1.80175781e-02	0.00000000e+00	3.26379766e-320
1.80664062e-02	0.00000000e+00	3.26330359e-320
1.81152344e-02	0.00000000e+00	3.26280953e-320
1.81640625e-02	0.00000000e+00	3.26231546e-320
1.82128906e-02	0.00000000e+00	3.26182139e-320
1.82617187e-02	0.00000000e+00	3.26132733e-320
1.83105469e-02	0.00000000e+00	3.26083326e-320
1.83593750e-02	0.00000000e+00	3.26033920e-320
1.84082031e-02	0.00000000e+00	3.25984513e-320
1.84570313e-02	0.00000000e+00	3.25935107e-320
1.85058594e-02	0.00000000e+00	3.25885700e-320
1.85546875e-02	0.00000000e+00	3.25836293e-320
1.86035156e-02	0.00000000e+00	3.25786887e-320
1.86523438e-02	0.00000000e+00	3.25737480e-320
1.87011719e-02	0.00000000e+00	3.25688074e-320
1.87500000e-02	0.00000000e+00	3.25638667e-320
1.87988281e-02	0.00000000e+00	3.25589261e-320
1.88476563e-02	0.00000000e+00	3.25539854e-320
1.88964844e-02	0.00000000e+00	3.25490447e-320
1.89453125e-02	0.00000000e+00	3.25441041e-320
1.89941406e-02	0.00000000e+00	3.25391634e-320
1.90429688e-02	0.00000000e+00	3.25342228e-320
1.90917969e-02	0.00000000e+00	3.25292821e-320
1.91406250e-02	0.00000000e+00	3.25243415e-320
1.91894531e-02	0.00000000e+00	3.25194008e-320
1.92382813e-02	0.00000000e+00	3.25144602e-320
1.92871094e-02	0.00000000e+00	3.25095195e-320
1.93359375e-02	0.00000000e+00	3.25045788e-320
1.93847656e-02	0.00000000e+00	3.24996382e-320
1.94335938e-02	0.00000000e+00	3.24946975e-320
1.94824219e-02	0.00000000e+00	3.24897569e-320
1.95312500e-02	0.00000000e+00	3.24848162e-320
1.95800781e-02	0.00000000e+00	3.24798756e-320
1.96289063e-02	0.00000000e+00	3.24749349e-320
1.96777344e-02	0.00000000e+00	3.24699942e-320
1.97265625e-02	0.00000000e+00	3.24650536e-320
1.97753906e-02	0.00000000e+00	3.24601129e-320
1.98242188e-02	0.00000000e+00	3.24551723e-320
1.98730469e-02	0.00000000e+00	3.24502316e-320
1.99218750e-02	0.00000000e+00	3.24452910e-320
1.99707031e-02	0.00000000e+00	3.24403503e-320
2.00195312e-02	0.00000000e+00	3.24354096e-320
2.00683594e-02	0.00000000e+00	3.24304690e-320
2.01171875e-02	0.00000000e+00	3.24255283e-320
2.01660156e-02	0.00000000e+00	3.24205877e-320
2.02148438e-02	0.00000000e+00	3.24156470e-320
2.02636719e-02	0.00000000e+00	3.24107064e-320
2.03125000e-02	0.00000000e+00	3.24057657e-320
2.03613281e-02	0.00000000e+00	3.24008251e-320
2.04101563e-02	0.00000000e+00	3.23958844e-320
2.04589844e-02	0.00000000e+00	3.23909437e-320
2.05078125e-02	0.00000000e+00	3.23860031e-320
2.05566406e-02	0.00000000e+00	3.23810624e-320
2.06054688e-02	0.00000000e+00	3.23761218e-320
2.06542969e-02	0.00000000e+00	3.23711811e-320
2.07031250e-02	0.00000000e+00	3.23662405e-320
2.07519531e-02	0.00000000e+00	3.23612998e-320
2.08007813e-02	0.00000000e+00	3.23563591e-320
2.08496094e-02	0.00000000e+00	3.23514185e-320
2.08984375e-02	0.00000000e+00	3.23464778e-320
2.09472656e-02	0.00000000e+00	3.23415372e-320
2.09960938e-02	0.00000000e+00	3.23365965e-320
2.10449219e-02	0.00000000e+00	3.23316559e-320
2.10937500e-02	0.00000000e+00	3.23267152e-320
2.11425781e-02	0.00000000e+00	3.23217746e-320
2.11914063e-02	0.00000000e+00	3.23168339e-320
2.12402344e-02	0.00000000e+00	3.23118932e-320
2.12890625e-02	0.00000000e+00	3.23069526e-320
2.13378906e-02	0.00000000e+00	3.23020119e-320
2.13867188e-02	0.00000000e+00	3.22970713e-320
2.14355469e-02	0.00000000e+00	3.22921306e-320
2.14843750e-02	0.00000000e+00	3.22871900e-320
2.15332031e-02	0.00000000e+00	3.22822493e-320
2.15820313e-02	0.00000000e+00	3.22773086e-320
2.16308594e-02	0.00000000e+00	3.22723680e-320
2.16796875e-02	0.00000000e+00	3.22674273e-320
2.17285156e-02	0.00000000e+00	3.22624867e-320
2.17773438e-02	0.00000000e+00	3.22575460e-320
2.18261719e-02	0.00000000e+00	3.22526054e-320
2.18750000e-02	0.00000000e+00	3.22377834e-320
2.19238281e-02	0.00000000e+00	3.22229614e-320
2.19726562e-02	0.00000000e+00	3.22081395e-320
2.20214844e-02	0.00000000e+00	3.21933175e-320
2.20703125e-02	0.00000000e+00	3.21784955e-320
2.21191406e-02	0.00000000e+00	3.21636735e-320
2.21679688e-02	0.00000000e+00	3.21488516e-320
2.22167969e-02	0.00000000e+00	3.21340296e-320
2.22656250e-02	0.00000000e+00	3.21192076e-320
2.23144531e-02	0.00000000e+00	3.21043857e-320
2.23632813e-02	0.00000000e+00	3.20895637e-320
2.24121094e-02	0.00000000e+00	3.20747417e-320
2.24609375e-02	0.00000000e+00	3.20599198e-320
2.25097656e-02	0.00000000e+00	3.20450978e-320
2.25585938e-02	0.00000000e+00	3.20302758e-320
2.26074219e-02	0.00000000e+00	3.20154539e-320
2.26562500e-02	0.00000000e+00	3.20006319e-320
2.27050781e-02	0.00000000e+00	3.19858099e-320
2.27539063e-02	0.00000000e+00	3.19709879e-320
2.28027344e-02	0.00000000e+00	3.19561660e-320
2.28515625e-02	0.00000000e+00	3.19413440e-320
2.29003906e-02	0.00000000e+00	3.19265220e-320
2.29492188e-02	0.00000000e+00	3.19117001e-320
2.29980469e-02	0.00000000e+00	3.18919374e-320
2.30468750e-02	0.00000000e+00	3.18721748e-320
2.30957031e-02	0.00000000e+00	3.18524122e-320
2.31445313e-02	0.00000000e+00	3.18425309e-320
2.31933594e-02	0.00000000e+00	3.18326496e-320
2.32421875e-02	0.00000000e+00	3.18227682e-320
2.32910156e-02	0.00000000e+00	3.18128869e-320
2.33398438e-02	0.00000000e+00	3.18030056e-320
2.33886719e-02	0.00000000e+00	3.17931243e-320
2.34375000e-02	0.00000000e+00	3.17832430e-320
2.34863281e-02	0.00000000e+00	3.17733617e-320
2.35351563e-02	0.00000000e+00	3.17634804e-320
2.35839844e-02	0.00000000e+00	3.17535991e-320
2.36328125e-02	0.00000000e+00	3.17437177e-320
2.36816406e-02	0.00000000e+00	3.17338364e-320
2.37304688e-02	0.00000000e+00	3.17239551e-320
2.37792969e-02	0.00000000e+00	3.17091332e-320
2.38281250e-02	0.00000000e+00	3.16943112e-320
2.38769531e-02	0.00000000e+00	3.16794892e-320
2.39257812e-02	0.00000000e+00	3.16597266e-320
2.39746094e-02	0.00000000e+00	3.16350233e-320
2.40234375e-02	0.00000000e+00	3.16103200e-320
2.40722656e-02	0.00000000e+00	3.15856167e-320
2.41210938e-02	0.00000000e+00	3.15609135e-320
2.41699219e-02	0.00000000e+00	3.15362102e-320
2.42187500e-02	0.00000000e+00	3.15115069e-320
2.42675781e-02	0.00000000e+00	3.14868036e-320
2.43164063e-02	0.00000000e+00	3.14621003e-320
2.43652344e-02	0.00000000e+00	3.14373970e-320
2.44140625e-02	0.00000000e+00	3.14126938e-320
2.44628906e-02	0.00000000e+00	3.13879905e-320
2.45117188e-02	0.00000000e+00	3.13682279e-320
2.45605469e-02	0.00000000e+00	3.13484652e-320
2.46093750e-02	0.00000000e+00	3.13287026e-320
2.46582031e-02	0.00000000e+00	3.13089400e-320
2.47070313e-02	0.00000000e+00	3.12891774e-320
2.47558594e-02	0.00000000e+00	3.12694147e-320
2.48046875e-02	0.00000000e+00	3.12496521e-320
2.48535156e-02	0.00000000e+00	3.12298895e-320
2.49023438e-02	0.00000000e+00	3.12150675e-320
2.49511719e-02	0.00000000e+00	3.12051862e-320
2.50000000e-02	0.00000000e+00	3.12002455e-320
2.50488281e-02	0.00000000e+00	3.12051862e-320
2.50976563e-02	0.00000000e+00	3.12150675e-320
2.51464844e-02	0.00000000e+00	3.12348301e-320
2.51953125e-02	0.00000000e+00	3.12545928e-320
2.52441406e-02	0.00000000e+00	3.12891774e-320
2.52929688e-02	0.00000000e+00	3.13237619e-320
2.53417969e-02	0.00000000e+00	3.13682279e-320
2.53906250e-02	0.00000000e+00	3.14176344e-320
2.54394531e-02	0.00000000e+00	3.14719816e-320
2.54882813e-02	0.00000000e+00	3.15312695e-320
2.55371094e-02	0.00000000e+00	3.16004387e-320
2.55859375e-02	0.00000000e+00	3.16745486e-320
2.56347656e-02	0.00000000e+00	3.17535991e-320
2.56835938e-02	0.00000000e+00	3.18326496e-320
2.57324219e-02	0.00000000e+00	3.19117001e-320
2.57812500e-02	0.00000000e+00	3.19956912e-320
2.58300781e-02	0.00000000e+00	3.20796824e-320
2.58789062e-02	0.00000000e+00	3.21636735e-320
2.59277344e-02	0.00000000e+00	3.22476647e-320
2.59765625e-02	0.00000000e+00	3.23316559e-320
2.60253906e-02	0.00000000e+00	3.24156470e-320
2.60742188e-02	0.00000000e+00	3.24996382e-320
2.61230469e-02	0.00000000e+00	3.25836293e-320
2.61718750e-02	0.00000000e+00	3.26676205e-320
2.62207031e-02	0.00000000e+00	3.27466710e-320
2.62695313e-02	0.00000000e+00	3.28257215e-320
2.63183594e-02	0.00000000e+00	3.29047720e-320
2.63671875e-02	0.00000000e+00	3.29838225e-320
2.64160156e-02	0.00000000e+00	3.30628730e-320
2.64648438e-02	0.00000000e+00	3.31369829e-320
2.65136719e-02	0.00000000e+00	3.32110927e-320
2.65625000e-02	0.00000000e+00	3.32802619e-320
2.66113281e-02	0.00000000e+00	3.33494311e-320
2.66601563e-02	0.00000000e+00	3.34087190e-320
2.67089844e-02	0.00000000e+00	3.34680068e-320
2.67578125e-02	0.00000000e+00	3.35223541e-320
2.68066406e-02	0.00000000e+00	3.35668200e-320
2.68554688e-02	0.00000000e+00	3.36112859e-320
2.69042969e-02	0.00000000e+00	3.36409298e-320
2.69531250e-02	0.00000000e+00	3.36705738e-320
2.70019531e-02	0.00000000e+00	3.36903364e-320
2.70507813e-02	0.00000000e+00	3.37100990e-320
2.70996094e-02	0.00000000e+00	3.37298616e-320
2.71484375e-02	0.00000000e+00	3.37496243e-320
2.71972656e-02	0.00000000e+00	3.37693869e-320
2.72460938e-02	0.00000000e+00	3.37891495e-320
2.72949219e-02	0.00000000e+00	3.38089121e-320
2.73437500e-02	0.00000000e+00	3.38286748e-320
2.73925781e-02	0.00000000e+00	3.38484374e-320
2.74414063e-02	0.00000000e+00	3.38682000e-320
2.74902344e-02	0.00000000e+00	3.38879626e-320
2.75390625e-02	0.00000000e+00	3.39027846e-320
2.75878906e-02	0.00000000e+00	3.39126659e-320
2.76367188e-02	0.00000000e+00	3.39176066e-320
2.76855469e-02	0.00000000e+00	3.39176066e-320
2.77343750e-02	0.00000000e+00	3.39077253e-320
2.77832031e-02	0.00000000e+00	3.38929033e-320
2.78320312e-02	0.00000000e+00	3.38731407e-320
2.78808594e-02	0.00000000e+00	3.38385561e-320
2.79296875e-02	0.00000000e+00	3.38039715e-320
2.79785156e-02	0.00000000e+00	3.37644462e-320
2.80273438e-02	0.00000000e+00	3.37150397e-320
2.80761719e-02	0.00000000e+00	3.36606925e-320
2.81250000e-02	0.00000000e+00	3.36014046e-320
2.81738281e-02	0.00000000e+00	3.35272947e-320
2.82226563e-02	0.00000000e+00	3.34531849e-320
2.82714844e-02	0.00000000e+00	3.33691937e-320
2.83203125e-02	0.00000000e+00	3.32802619e-320
2.83691406e-02	0.00000000e+00	3.31913301e-320
2.84179688e-02	0.00000000e+00	3.30925170e-320
2.84667969e-02	0.00000000e+00	3.29887632e-320
2.85156250e-02	0.00000000e+00	3.28800687e-320
2.85644531e-02	0.00000000e+00	3.27713743e-320
2.86132813e-02	0.00000000e+00	3.26626798e-320
2.86621094e-02	0.00000000e+00	3.25490447e-320
2.87109375e-02	0.00000000e+00	3.24255283e-320
2.87597656e-02	0.00000000e+00	3.23020119e-320
2.88085938e-02	0.00000000e+00	3.21784955e-320
2.88574219e-02	0.00000000e+00	3.20549791e-320
2.89062500e-02	0.00000000e+00	3.19314627e-320
2.89550781e-02	0.00000000e+00	3.18079463e-320
2.90039063e-02	0.00000000e+00	3.16844299e-320
2.90527344e-02	0.00000000e+00	3.15658541e-320
2.91015625e-02	0.00000000e+00	3.14522190e-320
2.91503906e-02	0.00000000e+00	3.13435246e-320
2.91992188e-02	0.00000000e+00	3.12348301e-320
2.92480469e-02	0.00000000e+00	3.11310763e-320
2.92968750e-02	0.00000000e+00	3.10322632e-320
2.93457031e-02	0.00000000e+00	3.09383907e-320
2.93945313e-02	0.00000000e+00	3.08543996e-320
2.94433594e-02	0.00000000e+00	3.07704084e-320
2.94921875e-02	0.00000000e+00	3.07012392e-320
2.95410156e-02	0.00000000e+00	3.06370107e-320
2.95898438e-02	0.00000000e+00	3.05876041e-320
2.96386719e-02	0.00000000e+00	3.05431382e-320
2.96875000e-02	0.00000000e+00	3.05036130e-320
2.97363281e-02	0.00000000e+00	3.04739690e-320
2.97851562e-02	0.00000000e+00	3.04542064e-320
2.98339844e-02	0.00000000e+00	3.04443251e-320
2.98828125e-02	0.00000000e+00	3.04443251e-320
2.99316406e-02	0.00000000e+00	3.04542064e-320
2.99804688e-02	0.00000000e+00	3.04739690e-320
3.00292969e-02	0.00000000e+00	3.05036130e-320
3.00781250e-02	0.00000000e+00	3.05480789e-320
3.01269531e-02	0.00000000e+00	3.06024261e-320
3.01757813e-02	0.00000000e+00	3.06715953e-320
3.02246094e-02	0.00000000e+00	3.07506458e-320
3.02734375e-02	0.00000000e+00	3.08445183e-320
3.03222656e-02	0.00000000e+00	3.09433314e-320
3.03710938e-02	0.00000000e+00	3.10569665e-320
3.04199219e-02	0.00000000e+00	3.11854236e-320
3.04687500e-02	0.00000000e+00	3.13188213e-320
3.05175781e-02	0.00000000e+00	3.14621003e-320
3.05664063e-02	0.00000000e+00	3.16152607e-320
3.06152344e-02	0.00000000e+00	3.17733617e-320
3.06640625e-02	0.00000000e+00	3.19364033e-320
3.07128906e-02	0.00000000e+00	3.20994450e-320
3.07617188e-02	0.00000000e+00	3.22723680e-320
3.08105469e-02	0.00000000e+00	3.24403503e-320
3.08593750e-02	0.00000000e+00	3.26132733e-320
3.09082031e-02	0.00000000e+00	3.27812556e-320
3.09570313e-02	0.00000000e+00	3.29344160e-320
3.10058594e-02	0.00000000e+00	3.30776950e-320
3.10546875e-02	0.00000000e+00	3.32110927e-320
3.11035156e-02	0.00000000e+00	3.33296685e-320
3.11523438e-02	0.00000000e+00	3.34284816e-320
3.12011719e-02	0.00000000e+00	3.35075321e-320
3.12500000e-02	0.00000000e+00	3.35668200e-320
3.12988281e-02	0.00000000e+00	3.35964639e-320
3.13476563e-02	0.00000000e+00	3.35964639e-320
3.13964844e-02	0.00000000e+00	3.35816419e-320
3.14453125e-02	0.00000000e+00	3.35371760e-320
3.14941406e-02	0.00000000e+00	3.34630662e-320
3.15429688e-02	0.00000000e+00	3.33642531e-320
3.15917969e-02	0.00000000e+00	3.32407367e-320
3.16406250e-02	0.00000000e+00	3.30974576e-320
3.16894531e-02	0.00000000e+00	3.29393566e-320
3.17382812e-02	0.00000000e+00	3.27664336e-320
3.17871094e-02	0.00000000e+00	3.25786887e-320
3.18359375e-02	0.00000000e+00	3.23860031e-320
3.18847656e-02	0.00000000e+00	3.22031988e-320
3.19335938e-02	0.00000000e+00	3.20253352e-320
3.19824219e-02	0.00000000e+00	3.18622935e-320
3.20312500e-02	0.00000000e+00	3.17140738e-320
3.20800781e-02	0.00000000e+00	3.15905574e-320
3.21289062e-02	0.00000000e+00	3.14966849e-320
3.21777344e-02	0.00000000e+00	3.14324564e-320
3.22265625e-02	0.00000000e+00	3.14028124e-320
3.22753906e-02	0.00000000e+00	3.14077531e-320
3.23242188e-02	0.00000000e+00	3.14472784e-320
3.23730469e-02	0.00000000e+00	3.15213882e-320
3.24218750e-02	0.00000000e+00	3.16300826e-320
3.24707031e-02	0.00000000e+00	3.17634804e-320
3.25195313e-02	0.00000000e+00	3.19117001e-320
3.25683594e-02	0.00000000e+00	3.20648604e-320
3.26171875e-02	0.00000000e+00	3.22180208e-320
3.26660156e-02	0.00000000e+00	3.23563591e-320
3.27148438e-02	0.00000000e+00	3.24699942e-320
3.27636719e-02	0.00000000e+00	3.25539854e-320
3.28125000e-02	0.00000000e+00	3.25984513e-320
3.28613281e-02	0.00000000e+00	3.25935107e-320
3.29101563e-02	0.00000000e+00	3.25391634e-320
3.29589844e-02	0.00000000e+00	3.24403503e-320
3.30078125e-02	0.00000000e+00	3.22970713e-320
3.30566406e-02	0.00000000e+00	3.21340296e-320
3.31054687e-02	0.00000000e+00	3.19611066e-320
3.31542969e-02	0.00000000e+00	3.18079463e-320
3.32031250e-02	0.00000000e+00	3.16992518e-320
3.32519531e-02	0.00000000e+00	3.16597266e-320
3.33007813e-02	0.00000000e+00	3.17041925e-320
3.33496094e-02	0.00000000e+00	3.18474715e-320
3.33984375e-02	0.00000000e+00	3.20796824e-320
3.34472656e-02	0.00000000e+00	3.23711811e-320
3.34960938e-02	0.00000000e+00	3.26626798e-320
3.35449219e-02	0.00000000e+00	3.28850094e-320
3.35937500e-02	0.00000000e+00	3.29492379e-320
3.36425781e-02	0.00000000e+00	3.27812556e-320
3.36914062e-02	0.00000000e+00	3.23316559e-320
3.37402344e-02	0.00000000e+00	3.16547859e-320
3.37890625e-02	0.00000000e+00	3.09136875e-320
3.38378906e-02	0.00000000e+00	3.04739690e-320
3.38867188e-02	0.00000000e+00	3.08988655e-320
3.39355469e-02	0.00000000e+00	3.29640599e-320
3.39843750e-02	0.00000000e+00	3.76626242e-320
3.40332031e-02	0.00000000e+00	4.62396038e-320
3.40820312e-02	4.94065646e-324	6.05230416e-320
3.41308594e-02	4.94065646e-324	6.82798723e-320
3.41796875e-02	4.94065646e-324	7.88874617e-320
3.42285156e-02	4.94065646e-324	9.41096242e-320
3.42773438e-02	9.88131292e-324	1.55996287e-319
3.43261719e-02	1.48219694e-323	2.41094154e-319
3.43750000e-02	2.96439388e-323	3.91922514e-319
3.44238281e-02	5.43472210e-323	6.53787188e-319
3.44726563e-02	9.88131292e-323	1.09790280e-318
3.45214844e-02	1.67982320e-322	1.87252856e-318
3.45703125e-02	2.91498731e-322	3.18856628e-318
3.46191406e-02	4.99006302e-322	5.47534912e-318
3.46679688e-02	8.64614880e-322	9.44780984e-318
3.47167969e-02	1.49207825e-321	1.63126840e-317
3.47656250e-02	2.57902267e-321	2.81337283e-317
3.48144531e-02	4.44659081e-321	4.85389161e-317
3.48632813e-02	7.67778014e-321	8.37555695e-317
3.49121094e-02	1.32557813e-320	1.44512877e-316
3.49609375e-02	2.28702987e-320	2.49379170e-316
3.50097656e-02	3.94659638e-320	4.30347180e-316
3.50585937e-02	6.81020086e-320	7.42628931e-316
3.51074219e-02	1.17518455e-319	1.28148657e-315
3.51562500e-02	2.02789244e-319	2.21133894e-315
3.52050781e-02	3.49936816e-319	3.81594470e-315
3.52539063e-02	6.03866795e-319	6.58486158e-315
3.53027344e-02	1.04204373e-318	1.13629812e-314
3.53515625e-02	1.79817662e-318	1.96081967e-314
3.54003906e-02	3.10297435e-318	3.38363441e-314
3.54492188e-02	5.35456489e-318	5.83887466e-314
3.54980469e-02	9.23995642e-318	1.00756919e-313
3.55468750e-02	1.59446743e-317	1.73868419e-313
3.55957031e-02	2.75144911e-317	3.00031234e-313
3.56445312e-02	4.74796246e-317	5.17740680e-313
3.56933594e-02	8.19319139e-317	8.93424981e-313
3.57421875e-02	1.41383554e-316	1.54171431e-312
3.57910156e-02	2.43974646e-316	2.66041696e-312
3.58398438e-02	4.21008149e-316	4.59087547e-312
3.58886719e-02	7.26501161e-316	7.92211817e-312
3.59375000e-02	1.25366678e-315	1.36705857e-311
3.59863281e-02	2.16335565e-315	2.35902708e-311
3.60351562e-02	3.73313530e-315	4.07079031e-311
3.60839844e-02	6.44198242e-315	7.02464751e-311
3.61328125e-02	1.11164301e-314	1.21218901e-310
3.61816406e-02	1.91827623e-314	2.09178067e-310
3.62304688e-02	3.31022069e-314	3.60962386e-310
3.62792969e-02	5.71219143e-314	6.22884827e-310
3.63281250e-02	9.85708625e-314	1.07486409e-309
3.63769531e-02	1.70096101e-313	1.85480970e-309
3.64257813e-02	2.93521665e-313	3.20070140e-309
3.64746094e-02	5.06507599e-313	5.52320244e-309
3.65234375e-02	8.74040924e-313	9.53096255e-309
3.65722656e-02	1.50826471e-312	1.64468437e-308
3.66210938e-02	2.60269556e-312	2.83810439e-308
3.66699219e-02	4.49127008e-312	4.89749686e-308
3.67187500e-02	7.75023681e-312	8.45123088e-308
3.67675781e-02	1.33739832e-311	1.45836343e-307
3.68164063e-02	2.30784466e-311	2.51658478e-307
3.68652344e-02	3.98246872e-311	4.34267537e-307
3.69140625e-02	6.87223770e-311	7.49381839e-307
3.69628906e-02	1.18588881e-310	1.29315017e-306
3.70117187e-02	2.04639644e-310	2.23148905e-306
3.70605469e-02	3.53130777e-310	3.85070775e-306
3.71093750e-02	6.09370418e-310	6.64486798e-306
3.71582031e-02	1.05154331e-309	1.14665338e-305
3.72070313e-02	1.81456681e-309	1.97869087e-305
3.72558594e-02	3.13125733e-309	3.41447351e-305
3.73046875e-02	5.40336814e-309	5.89209233e-305
3.73535156e-02	9.32417367e-309	1.01675271e-304
3.74023438e-02	1.60900039e-308	1.75453136e-304
3.74511719e-02	2.77652729e-308	3.02765880e-304
3.75000000e-02	4.79123797e-308	5.22459615e-304
3.75488281e-02	8.26786806e-308	9.01568067e-304
3.75976562e-02	1.42672192e-307	1.55576614e-303
3.76464844e-02	2.46198344e-307	2.68466505e-303
3.76953125e-02	4.24845401e-307	4.63271841e-303
3.77441406e-02	7.33122782e-307	7.99432310e-303
3.77929688e-02	1.26509316e-306	1.37951838e-302
3.78417969e-02	2.18307322e-306	2.38052794e-302
3.78906250e-02	3.76716026e-306	4.10789255e-302
3.79394531e-02	6.50069647e-306	7.08867178e-302
3.79882813e-02	1.12177480e-305	1.22323714e-301
3.80371094e-02	1.93575983e-305	2.11084552e-301
3.80859375e-02	3.34039069e-305	3.64252250e-301
3.81347656e-02	5.76425330e-305	6.28561873e-301
3.81835938e-02	9.94692510e-305	1.08466050e-300
3.82324219e-02	1.71646376e-304	1.87171454e-300
3.82812500e-02	2.96196846e-304	3.22987270e-300
3.83300781e-02	5.11123936e-304	5.57354093e-300
3.83789063e-02	8.82006955e-304	9.61782752e-300
3.84277344e-02	1.52201103e-303	1.65967394e-299
3.84765625e-02	2.62641645e-303	2.86397065e-299
3.85253906e-02	4.53220325e-303	4.94213212e-299
3.85742188e-02	7.82087180e-303	8.52825426e-299
3.86230469e-02	1.34958722e-302	1.47165472e-298
3.86718750e-02	2.32887803e-302	2.53952046e-298
3.87207031e-02	4.01876427e-302	4.38225356e-298
3.87695313e-02	6.93486992e-302	7.56211522e-298
3.88183594e-02	1.19669674e-301	1.30493559e-297
3.88671875e-02	2.06504678e-301	2.25182618e-297
3.89160156e-02	3.56349112e-301	3.88580184e-297
3.89648438e-02	6.14924034e-301	6.70542695e-297
3.90136719e-02	1.06112673e-300	1.15710354e-296
3.90625000e-02	1.83110412e-300	1.99672386e-296
3.91113281e-02	3.15979440e-300	3.44559153e-296
3.91601563e-02	5.45261219e-300	5.94579014e-296
3.92089844e-02	9.40915007e-300	1.02601890e-295
3.92578125e-02	1.62366407e-299	1.77052126e-295
3.93066406e-02	2.80183118e-299	3.05525124e-295
3.93554688e-02	4.83490281e-299	5.27221015e-295
3.94042969e-02	8.34321687e-299	9.09784422e-295
3.94531250e-02	1.43972424e-298	1.56994443e-294
3.95019531e-02	2.48442047e-298	2.70913135e-294
3.95507812e-02	4.28717175e-298	4.67493788e-294
3.95996094e-02	7.39803983e-298	8.06717777e-294
3.96484375e-02	1.27662236e-297	1.39209031e-293
3.96972656e-02	2.20296821e-297	2.40222228e-293
3.97460938e-02	3.80149139e-297	4.14532869e-293
3.97949219e-02	6.55993888e-297	7.15327223e-293
3.98437500e-02	1.13199778e-296	1.23438471e-292
3.98925781e-02	1.95340077e-296	2.13008196e-292
3.99414063e-02	3.37083222e-296	3.67571724e-292
3.99902344e-02	5.81678373e-296	6.34290015e-292
4.00390625e-02	1.00375725e-295	1.09454508e-291
4.00878906e-02	1.73210604e-295	1.88877156e-291
4.01367188e-02	2.98896106e-295	3.25930658e-291
4.01855469e-02	5.15781827e-295	5.62433256e-291
4.02343750e-02	8.90044694e-295	9.70547446e-291
4.02832031e-02	1.53588109e-294	1.67479845e-290
4.03320313e-02	2.65035087e-294	2.89006977e-290
4.03808594e-02	4.57350493e-294	4.98716923e-290
4.04296875e-02	7.89214270e-294	8.60597109e-290
4.04785156e-02	1.36188585e-293	1.48506567e-289
4.05273438e-02	2.35010077e-293	2.56266264e-289
4.05761719e-02	4.05538660e-293	4.42218812e-289
4.06250000e-02	6.99806607e-293	7.63102701e-289
4.06738281e-02	1.20760198e-292	1.31682713e-288
4.07226563e-02	2.08386505e-292	2.27234643e-288
4.07714844e-02	3.59596427e-292	3.92121196e-288
4.08203125e-02	6.20527659e-292	6.76653128e-288
4.08691406e-02	1.07079644e-291	1.16764781e-287
4.09179688e-02	1.84779035e-291	2.01491924e-287
4.09667969e-02	3.18858846e-291	3.47698982e-287
4.10156250e-02	5.50229974e-291	5.99997158e-287
4.10644531e-02	9.49489179e-291	1.03536855e-286
4.11132813e-02	1.63845981e-290	1.78665517e-286
4.11621094e-02	2.82736298e-290	3.08309222e-286
4.12109375e-02	4.87896095e-290	5.32025303e-286
4.12597656e-02	8.41924437e-290	9.18074788e-286
4.13085938e-02	1.45284368e-289	1.58425043e-285
4.13574219e-02	2.50705962e-289	2.73381805e-285
4.14062500e-02	4.32623827e-289	4.71753769e-285
4.14550781e-02	7.46545371e-289	8.14068876e-285
4.15039062e-02	1.28825542e-288	1.40477550e-284
4.15527344e-02	2.22304243e-288	2.42411207e-284
4.16015625e-02	3.83613183e-288	4.18310211e-284
4.16503906e-02	6.61971504e-288	7.21845473e-284
4.16992188e-02	1.14231286e-287	1.24563272e-283
4.17480469e-02	1.97120066e-287	2.14949173e-283
4.17968750e-02	3.40154803e-287	3.70921108e-283
4.18457031e-02	5.86978749e-287	6.40069774e-283
4.18945313e-02	1.01290368e-286	1.10451874e-282
4.19433594e-02	1.74788928e-286	1.90598228e-282
4.19921875e-02	3.01619689e-286	3.28900571e-282
4.20410156e-02	5.20481692e-286	5.67558192e-282
4.20898438e-02	8.98154866e-286	9.79391128e-282
4.21386719e-02	1.54987615e-285	1.69005926e-281
4.21875000e-02	2.67450100e-285	2.91640411e-281
4.22363281e-02	4.61517882e-285	5.03261225e-281
4.22851563e-02	7.96405594e-285	8.68438840e-281
4.23339844e-02	1.37429533e-284	1.49859751e-280
4.23828125e-02	2.37151479e-284	2.58601341e-280
4.24316406e-02	4.09233902e-284	4.46248265e-280
4.24804688e-02	7.06183185e-284	7.70055997e-280
4.25292969e-02	1.21860552e-283	1.32882587e-279
4.25781250e-02	2.10285296e-283	2.29305167e-279
4.26269531e-02	3.62873015e-283	3.95694129e-279
4.26757813e-02	6.26181798e-283	6.82818647e-279
4.27246094e-02	1.08055333e-282	1.17828714e-278
4.27734375e-02	1.86462701e-282	2.03327867e-278
4.28222656e-02	3.21764211e-282	3.50867118e-278
4.28710938e-02	5.55243525e-282	6.05464151e-278
4.29199219e-02	9.58140654e-282	1.04480249e-277
4.29687500e-02	1.65338896e-281	1.80293456e-277
4.30175781e-02	2.85312499e-281	3.11118422e-277
4.30664063e-02	4.92341633e-281	5.36872911e-277
4.31152344e-02	8.49595740e-281	9.26439910e-277
4.31640625e-02	1.46608142e-280	1.59868544e-276
4.32128906e-02	2.52990290e-280	2.75872736e-276
4.32617188e-02	4.36565706e-280	4.76052166e-276
4.33105469e-02	7.53347551e-280	8.21486269e-276
4.33593750e-02	1.29999339e-279	1.41757508e-275
4.34082031e-02	2.24329768e-279	2.44619928e-275
4.34570312e-02	3.87108466e-279	4.22121620e-275
4.35058594e-02	6.68003029e-279	7.28422510e-275
4.35546875e-02	1.15272097e-278	1.25698218e-274
4.36035156e-02	1.98916109e-278	2.16907656e-274
4.36523438e-02	3.43254087e-278	3.74300703e-274
4.37011719e-02	5.92326931e-278	6.45901664e-274
4.37500000e-02	1.02213260e-277	1.11458236e-273
4.37988281e-02	1.76381488e-277	1.92334824e-273
4.38476563e-02	3.04367840e-277	3.31897274e-273
4.38964844e-02	5.25223951e-277	5.72729358e-273
4.39453125e-02	9.06338196e-277	9.88314588e-273
4.39941406e-02	1.56399746e-276	1.70545775e-272
4.40429688e-02	2.69886899e-276	2.94297603e-272
4.40917969e-02	4.65722867e-276	5.07846524e-272
4.41406250e-02	8.03661793e-276	8.76351316e-272
4.41894531e-02	1.38681676e-275	1.51225142e-271
4.42382813e-02	2.39312201e-275	2.60957487e-271
4.42871094e-02	4.12962484e-275	4.50314073e-271
4.43359375e-02	7.12617294e-275	7.77072030e-271
4.43847656e-02	1.22970833e-274	1.34093287e-270
4.44335938e-02	2.12201219e-274	2.31394373e-270
4.44824219e-02	3.66179167e-274	3.99299302e-270
4.45312500e-02	6.31886955e-274	6.89039800e-270
4.45800781e-02	1.09039825e-273	1.18902248e-269
4.46289063e-02	1.88161560e-273	2.05180376e-269
4.46777344e-02	3.24695793e-273	3.54063843e-269
4.47265625e-02	5.60302317e-273	6.10980480e-269
4.47753906e-02	9.66870200e-273	1.05432157e-268
4.48242188e-02	1.66845282e-272	1.81936086e-268
4.48730469e-02	2.87911948e-272	3.13952975e-268
4.49218750e-02	4.96827291e-272	5.41764269e-268
4.49707031e-02	8.57336275e-272	9.34880528e-268
4.50195313e-02	1.47943863e-271	1.61325073e-267
4.50683594e-02	2.55295236e-271	2.78386150e-267
4.51171875e-02	4.40543163e-271	4.80389360e-267
4.51660156e-02	7.60211124e-271	8.28970611e-267
4.52148438e-02	1.31183730e-270	1.43049020e-266
4.52636719e-02	2.26373575e-270	2.46848585e-266
4.53125000e-02	3.90635298e-270	4.25967433e-266
4.53613281e-02	6.74088997e-270	7.35058917e-266
4.54101562e-02	1.16322303e-269	1.26843408e-265
4.54589844e-02	2.00728364e-269	2.18883819e-265
4.55078125e-02	3.46381349e-269	3.77710806e-265
4.55566406e-02	5.97723392e-269	6.51786203e-265
4.56054688e-02	1.03144484e-268	1.12473683e-264
4.56542969e-02	1.77988424e-268	1.94087099e-264
4.57031250e-02	3.07140800e-268	3.34921032e-264
4.57519531e-02	5.30009024e-268	5.77947212e-264
4.58007813e-02	9.14595407e-268	9.97318614e-264
4.58496094e-02	1.57824626e-267	1.72099527e-263
4.58984375e-02	2.72345698e-267	2.96978786e-263
4.59472656e-02	4.69965818e-267	5.12473224e-263
4.59960938e-02	8.10983509e-267	8.84335237e-263
4.60449219e-02	1.39945125e-266	1.52602863e-262
4.60937500e-02	2.41492432e-266	2.63334907e-262
4.61425781e-02	4.16724732e-266	4.54416594e-262
4.61914063e-02	7.19109501e-266	7.84151419e-262
4.62402344e-02	1.24091141e-265	1.35314919e-261
4.62890625e-02	2.14134443e-265	2.33502445e-261
4.63378906e-02	3.69515174e-265	4.02937031e-261
4.63867188e-02	6.37643633e-265	6.95317135e-261
4.64355469e-02	1.10033208e-264	1.19985477e-260
4.64843750e-02	1.89875761e-264	2.07049616e-260
4.65332031e-02	3.27653850e-264	3.57289439e-260
4.65820313e-02	5.65406797e-264	6.16546629e-260
4.66308594e-02	9.75678587e-264	1.06392662e-259
4.66796875e-02	1.68365274e-263	1.83593552e-259
4.67285156e-02	2.90534875e-263	3.16813130e-259
4.67773438e-02	5.01353463e-263	5.46699807e-259
4.68261719e-02	8.65146723e-263	9.43397386e-259
4.68750000e-02	1.49291649e-262	1.62794758e-258
4.69238281e-02	2.57621001e-262	2.80922266e-258
4.69726563e-02	4.44556547e-262	4.84765730e-258
4.70214844e-02	7.67136696e-262	8.36522560e-258
4.70703125e-02	1.32378820e-261	1.44352199e-257
4.71191406e-02	2.28435845e-261	2.49097375e-257
4.71679688e-02	3.94193990e-261	4.29847987e-257
4.72167969e-02	6.80229943e-261	7.41755275e-257
4.72656250e-02	1.17381996e-260	1.27998945e-256
4.73144531e-02	2.02556991e-260	2.20877834e-256
4.73632812e-02	3.49536862e-260	3.81151718e-256
4.74121094e-02	6.03168606e-260	6.57723905e-256
4.74609375e-02	1.04084120e-259	1.13498304e-255
4.75097656e-02	1.79609879e-259	1.95855205e-255
4.75585938e-02	3.09938813e-259	3.37972109e-255
4.76074219e-02	5.34837328e-259	5.83212209e-255
4.76562500e-02	9.22927222e-259	1.00640399e-254
4.77050781e-02	1.59262380e-258	1.73667317e-254
4.77539063e-02	2.74826714e-258	2.99684195e-254
4.78027344e-02	4.74247106e-258	5.17141730e-254
4.78515625e-02	8.18371381e-258	8.92391300e-254
4.79003906e-02	1.41219990e-257	1.53993033e-253
4.79492188e-02	2.43692364e-257	2.65733810e-253
4.79980469e-02	4.20520977e-257	4.58556188e-253
4.80468750e-02	7.25660374e-257	7.91294781e-253
4.80957031e-02	1.25221572e-256	1.36547591e-252
4.81445313e-02	2.16085136e-256	2.35629568e-252
4.81933594e-02	3.72881328e-256	4.06607635e-252
4.82421875e-02	6.43452333e-256	7.01651199e-252
4.82910156e-02	1.11035569e-255	1.21078495e-251
4.83398438e-02	1.91605453e-255	2.08935750e-251
4.83886719e-02	3.30638641e-255	3.60544187e-251
4.84375000e-02	5.70557408e-255	6.22163085e-251
4.84863281e-02	9.84566581e-255	1.07361849e-250
4.85351563e-02	1.69899004e-254	1.85265999e-250
4.85839844e-02	2.93181508e-254	3.19699137e-250
4.86328125e-02	5.05920544e-254	5.51679955e-250
4.86816406e-02	8.73027765e-254	9.51991225e-250
4.87304688e-02	1.50651617e-253	1.64277727e-249
4.87792969e-02	2.59967787e-253	2.83481307e-249
4.88281250e-02	4.48606207e-253	4.89181660e-249
4.88769531e-02	7.74124867e-253	8.44142773e-249
4.89257813e-02	1.33584712e-252	1.45667158e-248
4.89746094e-02	2.30516756e-252	2.51366493e-248
4.90234375e-02	3.97784850e-252	4.33763621e-248
4.90722656e-02	6.86426400e-252	7.48512169e-248
4.91210938e-02	1.18451269e-251	1.29164927e-247
4.91699219e-02	2.04402149e-251	2.22889876e-247
4.92187500e-02	3.52720902e-251	3.84623736e-247
4.92675781e-02	6.08663046e-251	6.63715287e-247
4.93164062e-02	1.05032251e-250	1.14532189e-246
4.93652344e-02	1.81245993e-250	1.97639296e-246
4.94140625e-02	3.12762122e-250	3.41050771e-246
4.94628906e-02	5.39709285e-250	5.88524808e-246
4.95117188e-02	9.31334364e-250	1.01557152e-245
4.95605469e-02	1.60713132e-249	1.75249283e-245
4.96093750e-02	2.77330161e-249	3.02414066e-245
4.96582031e-02	4.78567103e-249	5.21852447e-245
4.97070313e-02	8.25826051e-249	9.00520205e-245
4.97558594e-02	1.42506383e-248	1.55395772e-244
4.98046875e-02	2.45912188e-248	2.68154405e-244
4.98535156e-02	4.24351547e-248	4.62733213e-244
4.99023438e-02	7.32270480e-248	7.98502736e-244
4.99511719e-02	1.26362225e-247	1.37791410e-243
5.00000000e-02	2.18053469e-247	2.37775926e-243
5.00488281e-02	3.76277921e-247	4.10311432e-243
5.00976563e-02	6.49313560e-247	7.08042543e-243
5.01464844e-02	1.12046994e-246	1.22181398e-242
5.01953125e-02	1.93350787e-246	2.10838940e-242
5.02441406e-02	3.33650423e-246	3.63828369e-242
5.02929688e-02	5.75754598e-246	6.27830334e-242
5.03417969e-02	9.93534954e-246	1.08339800e-241
5.03906250e-02	1.71446603e-245	1.86953571e-241
5.04394531e-02	2.95852076e-245	3.22611244e-241
5.04882813e-02	5.10528928e-245	5.56705144e-241
5.05371094e-02	8.80980083e-245	9.60662788e-241
5.05859375e-02	1.52023884e-244	1.65774109e-240
5.06347656e-02	2.62335799e-244	2.86063493e-240
5.06835938e-02	4.52692494e-244	4.93637530e-240
5.07324219e-02	7.81176243e-244	8.51831909e-240
5.07812500e-02	1.34801511e-243	1.46994010e-239
5.08300781e-02	2.32616488e-243	2.53656135e-239
5.08789063e-02	4.01408189e-243	4.37714672e-239
5.09277344e-02	6.92678905e-243	7.55330180e-239
5.09765625e-02	1.19530213e-242	1.30341457e-238
5.10253906e-02	2.06263996e-242	2.24920118e-238
5.10742188e-02	3.55933743e-242	3.88127161e-238
5.11230469e-02	6.14207187e-242	6.69760867e-238
5.11718750e-02	1.05988959e-241	1.15575425e-237
5.12207031e-02	1.82896906e-241	1.99439526e-237
5.12695312e-02	3.15610971e-241	3.44157284e-237
5.13183594e-02	5.44625314e-241	5.93885466e-237
5.13671875e-02	9.39817560e-241	1.02482197e-236
5.14160156e-02	1.62177009e-240	1.76845560e-236
5.14648438e-02	2.79856255e-240	3.05168633e-236
5.15136719e-02	4.82926181e-240	5.26605782e-236
5.15625000e-02	8.33348162e-240	9.08722652e-236
5.16113281e-02	1.43804413e-239	1.56811202e-235
5.16601563e-02	2.48152094e-239	2.70596899e-235
5.17089844e-02	4.28216773e-239	4.66948029e-235
5.17578125e-02	7.38940390e-239	8.05775905e-235
5.18066406e-02	1.27513197e-238	1.39046483e-234
5.18554688e-02	2.20039610e-238	2.39941703e-234
5.19042969e-02	3.79705246e-238	4.14048740e-234
5.19531250e-02	6.55227818e-238	7.14491715e-234
5.20019531e-02	1.13067570e-237	1.23294279e-233
5.20507813e-02	1.95111913e-237	2.12759351e-233
5.20996094e-02	3.36689456e-237	3.67142268e-233
5.21484375e-02	5.80998814e-237	6.33548862e-233
5.21972656e-02	1.00258448e-236	1.09326601e-232
5.22460938e-02	1.73008207e-236	1.88656413e-232
5.22949219e-02	2.98546809e-236	3.25549702e-232
5.23437500e-02	5.15179013e-236	5.61775805e-232
5.23925781e-02	8.89004361e-236	9.69412821e-232
5.24414063e-02	1.53408569e-235	1.67284032e-231
5.24902344e-02	2.64725239e-235	2.88669045e-231
5.25390625e-02	4.56815758e-235	4.98133723e-231
5.25878906e-02	7.88291430e-235	8.59590628e-231
5.26367188e-02	1.36029322e-234	1.48332870e-230
5.26855469e-02	2.34735222e-234	2.55966498e-230
5.27343750e-02	4.05064319e-234	4.41701480e-230
5.27832031e-02	6.98987994e-234	7.62209895e-230
5.28320313e-02	1.20618922e-233	1.31528634e-229
5.28808594e-02	2.08142694e-233	2.26968735e-229
5.29296875e-02	3.59175660e-233	3.91662294e-229
5.29785156e-02	6.19801504e-233	6.75861161e-229
5.30273438e-02	1.06954325e-232	1.16628104e-228
5.30761719e-02	1.84562761e-232	2.01256049e-228
5.31250000e-02	3.18485604e-232	3.47291912e-228
5.31738281e-02	5.49585837e-232	5.99294643e-228
5.32226562e-02	9.48377536e-232	1.03415616e-227
5.32714844e-02	1.63654136e-231	1.78456285e-227
5.33203125e-02	2.82405214e-231	3.07948132e-227
5.33691406e-02	4.87324714e-231	5.31402140e-227
5.34179688e-02	8.40938358e-231	9.16999344e-227
5.34667969e-02	1.45114192e-230	1.58239445e-226
5.35156250e-02	2.50412275e-230	2.73061502e-226
5.35644531e-02	4.32116987e-230	4.71200997e-226
5.36132813e-02	7.45670675e-230	8.13114911e-226
5.36621094e-02	1.28674589e-229	1.40312916e-225
5.37109375e-02	2.22043730e-229	2.42127086e-225
5.37597656e-02	3.83163594e-229	4.17819879e-225
5.38085938e-02	6.61195613e-229	7.20999268e-225
5.38574219e-02	1.14097384e-228	1.24417236e-224
5.39062500e-02	1.96888981e-228	2.14697146e-224
5.39550781e-02	3.39756001e-228	3.70486166e-224
5.40039063e-02	5.86290504e-228	6.39319160e-224
5.40527344e-02	1.01171592e-227	1.10322335e-223
5.41015625e-02	1.74583947e-227	1.90374672e-223
5.41503906e-02	3.01265938e-227	3.28514763e-223
5.41992188e-02	5.19871196e-227	5.66892373e-223
5.42480469e-02	8.97101285e-227	9.78242072e-223
5.42968750e-02	1.54805791e-226	1.68807625e-222
5.43457031e-02	2.67136311e-226	2.91298188e-222
5.43945313e-02	4.60976353e-226	5.02670624e-222
5.44433594e-02	7.95471036e-226	8.67419594e-222
5.44921875e-02	1.37268249e-225	1.49683852e-221
5.45410156e-02	2.36873139e-225	2.58297780e-221
5.45898438e-02	4.08753551e-225	4.45724386e-221
5.46386719e-02	7.05354207e-225	7.69151900e-221
5.46875000e-02	1.21717489e-224	1.32726560e-220
5.47363281e-02	2.10038402e-224	2.29035900e-220
5.47851563e-02	3.62446931e-224	3.95229436e-220
5.48339844e-02	6.25446474e-224	6.82016693e-220
5.48828125e-02	1.07928433e-223	1.17690315e-219
5.49316406e-02	1.86243700e-223	2.03089021e-219
5.49804688e-02	3.21386266e-223	3.50454925e-219
5.50292969e-02	5.54591277e-223	6.04752802e-219
5.50781250e-02	9.57015024e-223	1.04357486e-218
5.51269531e-02	1.65144638e-222	1.80081596e-218
5.51757812e-02	2.84977254e-222	3.10752801e-218
5.52246094e-02	4.91763078e-222	5.36241933e-218
5.52734375e-02	8.48597287e-222	9.25350986e-218
5.53222656e-02	1.46435832e-221	1.59680621e-217
5.53710938e-02	2.52692923e-221	2.75548425e-217
5.54199219e-02	4.36052519e-221	4.75492480e-217
5.54687500e-02	7.52461909e-221	8.20520380e-217
5.55175781e-02	1.29846498e-220	1.41590818e-216
5.55664063e-02	2.24065999e-220	2.44332260e-216
5.56152344e-02	3.86653263e-220	4.21625172e-216
5.56640625e-02	6.67217454e-220	7.27565757e-216
5.57128906e-02	1.15136525e-219	1.25550362e-215
5.57617188e-02	1.98682144e-219	2.16652492e-215
5.58105469e-02	3.42850318e-219	3.73860350e-215
5.58593750e-02	5.91630120e-219	6.45141718e-215
5.59082031e-02	1.02093007e-218	1.11327087e-214
5.59570313e-02	1.76173959e-218	1.92108492e-214
5.60058594e-02	3.04009694e-218	3.31506679e-214
5.60546875e-02	5.24605876e-218	5.72055283e-214
5.61035156e-02	9.05271544e-218	9.87151293e-214
5.61523438e-02	1.56215667e-217	1.70345018e-213
5.62011719e-02	2.69569222e-217	2.93951144e-213
5.62500000e-02	4.65174633e-217	5.07248618e-213
5.62988281e-02	8.02715671e-217	8.75319473e-213
5.63476563e-02	1.38518398e-216	1.51047071e-212
5.63964844e-02	2.39030421e-216	2.60650178e-212
5.64453125e-02	4.12476200e-216	4.49783731e-212
5.64941406e-02	7.11778084e-216	7.76156787e-212
5.65429688e-02	1.22826006e-215	1.33935338e-211
5.65917969e-02	2.11951281e-215	2.31121791e-211
5.66406250e-02	3.65747834e-215	3.98828891e-211
5.66894531e-02	6.31142579e-215	6.88227984e-211
5.67382813e-02	1.08911364e-214	1.18762148e-210
5.67871094e-02	1.87939866e-214	2.04938598e-210
5.68359375e-02	3.24313204e-214	3.53646592e-210
5.68847656e-02	5.59642060e-214	6.10260405e-210
5.69335938e-02	9.65730756e-214	1.05307889e-209
5.69824219e-02	1.66648642e-213	1.81721631e-209
5.70312500e-02	2.87572594e-213	3.13582877e-209
5.70800781e-02	4.96241649e-213	5.41125570e-209
5.71289062e-02	8.56325599e-213	9.33778289e-209
5.71777344e-02	1.47769445e-212	1.61134853e-208
5.72265625e-02	2.54994233e-212	2.78057877e-208
5.72753906e-02	4.40023705e-212	4.79822841e-208
5.73242188e-02	7.59314667e-212	8.27992939e-208
5.73730469e-02	1.31029023e-211	1.42880298e-207
5.74218750e-02	2.26106590e-211	2.46557412e-207
5.74707031e-02	3.90174547e-211	4.25464940e-207
5.75195313e-02	6.73293853e-211	7.34191738e-207
5.75683594e-02	1.16185081e-210	1.26693755e-206
5.76171875e-02	2.00491552e-210	2.18625553e-206
5.76660156e-02	3.45972670e-210	3.77265104e-206
5.77148438e-02	5.97018113e-210	6.51017031e-206
5.77636719e-02	1.03022770e-209	1.12340943e-205
5.78125000e-02	1.77778377e-209	1.93858022e-205
5.78613281e-02	3.06778310e-209	3.34525703e-205
5.79101563e-02	5.29383455e-209	5.77264972e-205
5.79589844e-02	9.13515830e-209	9.96141238e-205
5.80078125e-02	1.57638318e-208	1.71896341e-204
5.80566406e-02	2.72024177e-208	2.96628138e-204
5.81054688e-02	4.69410952e-208	5.11868094e-204
5.81542969e-02	8.10025949e-208	8.83290934e-204
5.82031250e-02	1.39779874e-207	1.52422642e-203
5.82519531e-02	2.41207250e-207	2.63023891e-203
5.83007813e-02	4.16232580e-207	4.53879859e-203
5.83496094e-02	7.18260170e-207	7.83225149e-203
5.83984375e-02	1.23944568e-206	1.35155068e-202
5.84472656e-02	2.13881494e-206	2.33226583e-202
5.84960938e-02	3.69078649e-206	4.02460963e-202
5.85449219e-02	6.36890300e-206	6.94495560e-202
5.85937500e-02	1.09903202e-205	1.19843694e-201
5.86425781e-02	1.89651403e-205	2.06804935e-201
5.86914063e-02	3.27266665e-205	3.56867181e-201
5.87402344e-02	5.64738613e-205	6.15817919e-201
5.87890625e-02	9.74525472e-205	1.06266905e-200
5.88378906e-02	1.68166276e-204	1.83376528e-200
5.88867188e-02	2.90191454e-204	3.16438601e-200
5.89355469e-02	5.00760806e-204	5.46053465e-200
5.89843750e-02	8.64123948e-204	9.42281965e-200
5.90332031e-02	1.49115144e-203	1.62602265e-199
5.90820312e-02	2.57316398e-203	2.80590072e-199
5.91308594e-02	4.44030881e-203	4.84192448e-199
5.91796875e-02	7.66229531e-203	8.35533222e-199
5.92285156e-02	1.32222266e-202	1.44181465e-198
5.92773438e-02	2.28165674e-202	2.48802731e-198
5.93261719e-02	3.93727744e-202	4.29339508e-198
5.93750000e-02	6.79425322e-202	7.40877771e-198
5.94238281e-02	1.17243139e-201	1.27847510e-197
5.94726563e-02	2.02317360e-201	2.20616497e-197
5.95214844e-02	3.49123321e-201	3.80700717e-197
5.95703125e-02	6.02454940e-201	6.56945595e-197
5.96191406e-02	1.03960960e-200	1.13363988e-196
5.96679688e-02	1.79397336e-200	1.95623410e-196
5.97167969e-02	3.09572019e-200	3.37572091e-196
5.97656250e-02	5.34204336e-200	5.82521881e-196
5.98144531e-02	9.21834842e-200	1.00521267e-195
5.98632813e-02	1.59073863e-199	1.73461725e-195
5.99121094e-02	2.74501383e-199	2.99329397e-195
5.99609375e-02	4.73685670e-199	5.16529441e-195
6.00097656e-02	8.17402489e-199	8.91334649e-195
6.00585938e-02	1.41052785e-198	1.53810682e-194
6.01074219e-02	2.43403811e-198	2.65419121e-194
6.01562500e-02	4.20023010e-198	4.58013117e-194
6.02050781e-02	7.24801012e-198	7.90357582e-194
6.02539063e-02	1.25073269e-197	1.36385856e-193
6.03027344e-02	2.15829204e-197	2.35350454e-193
6.03515625e-02	3.72439656e-197	4.06125958e-193
6.04003906e-02	6.42690122e-197	7.00819951e-193
6.04492188e-02	1.10904031e-196	1.20935043e-192
6.04980469e-02	1.91378454e-196	2.08688190e-192
6.05468750e-02	3.30246900e-196	3.60116965e-192
6.05957031e-02	5.69881367e-196	6.21425812e-192
6.06445313e-02	9.83399911e-196	1.07234615e-191
6.06933594e-02	1.69697667e-195	1.85046427e-191
6.07421875e-02	2.92834054e-195	3.19320213e-191
6.07910156e-02	5.05320931e-195	5.51026034e-191
6.08398438e-02	8.71992992e-195	9.50862730e-191
6.08886719e-02	1.50473042e-194	1.64082979e-190
6.09375000e-02	2.59659615e-194	2.83145223e-190
6.09863281e-02	4.48074384e-194	4.88601669e-190
6.10351562e-02	7.73207082e-194	8.43141863e-190
6.10839844e-02	1.33426327e-193	1.45494427e-189
6.11328125e-02	2.30243425e-193	2.51068406e-189
6.11816406e-02	3.97313154e-193	4.33249203e-189
6.12304688e-02	6.85612378e-193	7.47624421e-189
6.12792969e-02	1.18310791e-192	1.29011726e-188
6.13281250e-02	2.04159721e-192	2.22625492e-188
6.13769531e-02	3.52302536e-192	3.84167479e-188
6.14257813e-02	6.07941058e-192	6.62927909e-188
6.14746094e-02	1.04907655e-191	1.14396308e-187
6.15234375e-02	1.81030974e-191	1.97404803e-187
6.15722656e-02	3.12391057e-191	3.40646100e-187
6.16210938e-02	5.39068926e-191	5.87826453e-187
6.16699219e-02	9.30229278e-191	1.01436634e-186
6.17187500e-02	1.60522424e-190	1.75041303e-186
6.17675781e-02	2.77001050e-190	3.02055148e-186
6.18164063e-02	4.77999146e-190	5.21233052e-186
6.18652344e-02	8.24845911e-190	8.99451297e-186
6.19140625e-02	1.42337237e-189	1.55211307e-185
6.19628906e-02	2.45620288e-189	2.67836069e-185
6.20117188e-02	4.23847807e-189	4.62183851e-185
6.20605469e-02	7.31401161e-189	7.97554687e-185
6.21093750e-02	1.26212204e-188	1.37627803e-184
6.21582031e-02	2.17794574e-188	2.37493584e-184
6.22070313e-02	3.75831138e-188	4.09824186e-184
6.22558594e-02	6.48542534e-188	7.07201689e-184
6.23046875e-02	1.11913936e-187	1.22036289e-183
6.23535156e-02	1.93121165e-187	2.10588522e-183
6.24023438e-02	3.33254158e-187	3.63396217e-183
6.24511719e-02	5.75070753e-187	6.27084556e-183
6.25000000e-02	9.92354822e-187	1.08211099e-182
6.25488281e-02	1.71242945e-186	1.86731469e-182
6.25976563e-02	2.95500617e-186	3.22227956e-182
6.26464844e-02	5.09922407e-186	5.56043694e-182
6.26953125e-02	8.79933393e-186	9.59521307e-182
6.27441406e-02	1.51843254e-185	1.65577121e-181
6.27929687e-02	2.62024081e-185	2.85723545e-181
6.28417969e-02	4.52154554e-185	4.93050874e-181
6.28906250e-02	7.80247908e-185	8.50819502e-181
6.29394531e-02	1.34641306e-184	1.46819296e-180
6.29882812e-02	2.32340018e-184	2.53354628e-180
6.30371094e-02	4.00931078e-184	4.37194354e-180
6.30859375e-02	6.91855543e-184	7.54432253e-180
6.31347656e-02	1.19388124e-183	1.30186499e-179
6.31835938e-02	2.06018789e-183	2.24652705e-179
6.32324219e-02	3.55510582e-183	3.87665680e-179
6.32812500e-02	6.13476929e-183	6.68964477e-179
6.33300781e-02	1.05862937e-182	1.15437991e-178
6.33789063e-02	1.82679426e-182	1.99202352e-178
6.34277344e-02	3.15235661e-182	3.43747986e-178
6.34765625e-02	5.43977634e-182	5.93179133e-178
6.35253906e-02	9.38699844e-182	1.02360304e-177
6.35742188e-02	1.61984122e-181	1.76635206e-177
6.36230469e-02	2.79523386e-181	3.04805620e-177
6.36718750e-02	4.82351741e-181	5.25979323e-177
6.37207031e-02	8.32356839e-181	9.07641558e-177
6.37695312e-02	1.43633338e-180	1.56624636e-176
6.38183594e-02	2.47856867e-180	2.70274937e-176
6.38671875e-02	4.27707294e-180	4.66392413e-176
6.39160156e-02	7.38061171e-180	8.04817067e-176
6.39648438e-02	1.27361469e-179	1.38881014e-175
6.40136719e-02	2.19777769e-179	2.39656151e-175
6.40625000e-02	3.79253381e-179	4.13555956e-175
6.41113281e-02	6.54448026e-179	7.13641309e-175
6.41601563e-02	1.12932999e-178	1.23147523e-174
6.42089844e-02	1.94879682e-178	2.12506091e-174
6.42578125e-02	3.36288692e-178	3.66705212e-174
6.43066406e-02	5.80307207e-178	6.32794627e-174
6.43554688e-02	1.00139096e-177	1.09196441e-173
6.44042969e-02	1.72802239e-177	1.88431794e-173
6.44531250e-02	2.98191367e-177	3.25162073e-173
6.45019531e-02	5.14565619e-177	5.61106866e-173
6.45507813e-02	8.87945817e-177	9.68258422e-173
6.45996094e-02	1.53225895e-176	1.67084815e-172
6.46484375e-02	2.64409993e-176	2.88325254e-172
6.46972656e-02	4.56271734e-176	4.97540436e-172
6.47460937e-02	7.87352598e-176	8.58566783e-172
6.47949219e-02	1.35867306e-175	1.48156183e-171
6.48437500e-02	2.34455629e-175	2.55661587e-171
6.48925781e-02	4.04581820e-175	4.41175290e-171
6.49414062e-02	6.98155338e-175	7.61301839e-171
6.49902344e-02	1.20475229e-174	1.31371929e-170
6.50390625e-02	2.07894721e-174	2.26698307e-170
6.50878906e-02	3.58747729e-174	3.91195613e-170
6.51367188e-02	6.19063016e-174	6.75055803e-170
6.51855469e-02	1.06826883e-173	1.16489122e-169
6.52343750e-02	1.84342833e-173	2.01016206e-169
6.52832031e-02	3.18106070e-173	3.46878012e-169
6.53320313e-02	5.48930869e-173	5.98580369e-169
6.53808594e-02	9.47247249e-173	1.03292352e-168
6.54296875e-02	1.63459080e-172	1.78243568e-168
6.54785156e-02	2.82068604e-172	3.07581042e-168
6.55273438e-02	4.86743822e-172	5.30768649e-168
6.55761719e-02	8.39935904e-172	9.15906119e-168
6.56250000e-02	1.44941197e-171	1.58050786e-167
6.56738281e-02	2.50113735e-171	2.72735931e-167
6.57226562e-02	4.31601793e-171	4.70639154e-167
6.57714844e-02	7.44781599e-171	8.12145331e-167
6.58203125e-02	1.28521160e-170	1.40145594e-166
6.58691406e-02	2.21778955e-170	2.41838337e-166
6.59179688e-02	3.82706670e-170	4.17321582e-166
6.59667969e-02	6.60407093e-170	7.20139350e-166
6.60156250e-02	1.13961308e-169	1.24268839e-165
6.60644531e-02	1.96654154e-169	2.14441056e-165
6.61132813e-02	3.39350756e-169	3.70044227e-165
6.61621094e-02	5.85591168e-169	6.38556501e-165
6.62109375e-02	1.01050907e-168	1.10190722e-164
6.62597656e-02	1.74375679e-168	1.90147546e-164
6.63085938e-02	3.00906528e-168	3.28122809e-164
6.63574219e-02	5.19250957e-168	5.66215975e-164
6.64062500e-02	8.96030933e-168	9.77074805e-164
6.64550781e-02	1.54621079e-167	1.68606189e-163
6.65039063e-02	2.66817552e-167	2.90950567e-163
6.65527344e-02	4.60426268e-167	5.02070731e-163
6.66015625e-02	7.94521747e-167	8.66384353e-163
6.66503906e-02	1.37104429e-166	1.49505199e-162
6.66992187e-02	2.36590434e-166	2.57989477e-162
6.67480469e-02	4.08265684e-166	4.45192346e-162
6.67968750e-02	7.04512291e-166	7.68233754e-162
6.68457031e-02	1.21572198e-165	1.32568115e-161
6.68945312e-02	2.09787673e-165	2.28762470e-161
6.69433594e-02	3.62014247e-165	3.94757575e-161
6.69921875e-02	6.24699787e-165	6.81202398e-161
6.70410156e-02	1.07799576e-164	1.17549792e-160
6.70898438e-02	1.86021332e-164	2.02846519e-160
6.71386719e-02	3.21002522e-164	3.50036437e-160
6.71875000e-02	5.53929048e-164	6.04030613e-160
6.72363281e-02	9.55872210e-164	1.04232858e-159
6.72851563e-02	1.64947421e-163	1.79866523e-159
6.73339844e-02	2.84636916e-163	3.10381648e-159
6.73828125e-02	4.91175755e-163	5.35601433e-159
6.74316406e-02	8.47583739e-163	9.24245671e-159
6.74804688e-02	1.46260923e-162	1.59489876e-158
6.75292969e-02	2.52391082e-162	2.75219255e-158
6.75781250e-02	4.35531630e-162	4.74924429e-158
6.76269531e-02	7.51563007e-162	8.19540092e-158
6.76757812e-02	1.29691374e-161	1.41421650e-157
6.77246094e-02	2.23798301e-161	2.44040324e-157
6.77734375e-02	3.86191294e-161	4.21121377e-157
6.78222656e-02	6.66420232e-161	7.26696355e-157
6.78710938e-02	1.14998948e-160	1.25400329e-156
6.79199219e-02	1.98444726e-160	2.16393579e-156
6.79687500e-02	3.42440606e-160	3.73413542e-156
6.80175781e-02	5.90923077e-160	6.44370661e-156
6.80664063e-02	1.01970992e-159	1.11194025e-155
6.81152344e-02	1.75963397e-159	1.91878867e-155
6.81640625e-02	3.03646327e-159	3.31110413e-155
6.82128906e-02	5.23978813e-159	5.71371446e-155
6.82617188e-02	9.04189418e-159	9.85971194e-155
6.83105469e-02	1.56028924e-158	1.70141368e-154
6.83593750e-02	2.69246959e-158	2.93599704e-154
6.84082031e-02	4.64618503e-158	5.06642137e-154
6.84570313e-02	8.01755955e-158	8.74272867e-154
6.85058594e-02	1.38352779e-157	1.50866458e-153
6.85546875e-02	2.38744613e-157	2.60338493e-153
6.86035156e-02	4.11982979e-157	4.49245856e-153
6.86523437e-02	7.10926932e-157	7.75228575e-153
6.87011719e-02	1.22679122e-156	1.33775156e-152
6.87500000e-02	2.11697804e-156	2.30845365e-152
6.87988281e-02	3.65310408e-156	3.98351862e-152
6.88476562e-02	6.30387712e-156	6.87404774e-152
6.88964844e-02	1.08781096e-155	1.18620087e-151
6.89453125e-02	1.87715063e-155	2.04693442e-151
6.89941406e-02	3.23925261e-155	3.53223526e-151
6.90429688e-02	5.58972586e-155	6.09530320e-151
6.90917969e-02	9.64575444e-155	1.05181899e-150
6.91406250e-02	1.66449270e-154	1.81504208e-150
6.91894531e-02	2.87228537e-154	3.13207671e-150
6.92382813e-02	4.95647909e-154	5.40478077e-150
6.92871094e-02	8.55300982e-154	9.32660909e-150
6.93359375e-02	1.47592627e-153	1.60942027e-149
6.93847656e-02	2.54689098e-153	2.77725117e-149
6.94335938e-02	4.39497133e-153	4.79248597e-149
6.94824219e-02	7.58405962e-153	8.27001965e-149
6.95312500e-02	1.30872208e-152	1.42709286e-148
6.95800781e-02	2.25835973e-152	2.46262296e-148
6.96289062e-02	3.89707544e-152	4.24955658e-148
6.96777344e-02	6.72487947e-152	7.33312871e-148
6.97265625e-02	1.16046006e-151	1.26542089e-147
6.97753906e-02	2.00251551e-151	2.18363824e-147
6.98242188e-02	3.45558499e-151	3.76813437e-147
6.98730469e-02	5.96303379e-151	6.50237590e-147
6.99218750e-02	1.02899428e-150	1.12206435e-146
6.99707031e-02	1.77565526e-150	1.93625902e-146
7.00195313e-02	3.06410994e-150	3.34125134e-146
7.00683594e-02	5.28749579e-150	5.76573710e-146
7.01171875e-02	9.12421952e-150	9.94948329e-146
7.01660156e-02	1.57449547e-149	1.71690481e-145
7.02148438e-02	2.71698416e-149	2.96272886e-145
7.02636719e-02	4.68848788e-149	5.11255036e-145
7.03125000e-02	8.09055823e-149	8.82232981e-145
7.03613281e-02	1.39612460e-148	1.52240072e-144
7.04101563e-02	2.40918344e-148	2.62708830e-144
7.04589844e-02	4.15734015e-148	4.53336159e-144
7.05078125e-02	7.17399797e-148	7.82286887e-144
7.05566406e-02	1.23796093e-147	1.34993153e-143
7.06054687e-02	2.13625273e-147	2.32947166e-143
7.06542969e-02	3.68636488e-147	4.01978773e-143
7.07031250e-02	6.36127265e-147	6.93663448e-143
7.07519531e-02	1.09771526e-146	1.19700096e-142
7.08007812e-02	1.89424169e-146	2.06557130e-142
7.08496094e-02	3.26874529e-146	3.56439544e-142
7.08984375e-02	5.64061905e-146	6.15079948e-142
7.09472656e-02	9.73357678e-146	1.06139554e-141
7.09960938e-02	1.67964750e-145	1.83156758e-141
7.10449219e-02	2.89843682e-145	3.16059346e-141
7.10937500e-02	5.00160658e-145	5.45398987e-141
7.11425781e-02	8.63088276e-145	9.41152535e-141
7.11914063e-02	1.48936419e-144	1.62407359e-140
7.12402344e-02	2.57007973e-144	2.80253725e-140
7.12890625e-02	4.43498632e-144	4.83612017e-140
7.13378906e-02	7.65311032e-144	8.34531574e-140
7.13867188e-02	1.32063762e-143	1.44008611e-139
7.14355469e-02	2.27892143e-143	2.48504439e-139
7.14843750e-02	3.93255713e-143	4.28824746e-139
7.15332031e-02	6.78610741e-143	7.39989449e-139
7.15820312e-02	1.17102568e-142	1.27694213e-138
7.16308594e-02	2.02074776e-142	2.20351953e-138
7.16796875e-02	3.48704696e-142	3.80244196e-138
7.17285156e-02	6.01732522e-142	6.56157779e-138
7.17773438e-02	1.03836292e-141	1.13228035e-137
7.18261719e-02	1.79182199e-141	1.95388797e-137
7.18750000e-02	3.09200758e-141	3.37167221e-137
7.19238281e-02	5.33563654e-141	5.81823200e-137
7.19726563e-02	9.20729220e-141	1.00400696e-136
7.20214844e-02	1.58883067e-140	1.73253657e-136
7.20703125e-02	2.74172128e-140	2.98970336e-136
7.21191406e-02	4.73117476e-140	5.15909811e-136
7.21679688e-02	8.16421960e-140	8.90265358e-136
7.22167969e-02	1.40883576e-139	1.53626155e-135
7.22656250e-02	2.43111808e-139	2.65100685e-135
7.23144531e-02	4.19519103e-139	4.57463594e-135
7.23632813e-02	7.23931425e-139	7.89409276e-135
7.24121094e-02	1.24923205e-138	1.36222207e-134
7.24609375e-02	2.15570240e-138	2.35068048e-134
7.25097656e-02	3.71992764e-138	4.05638611e-134
7.25585937e-02	6.41918924e-138	6.99978942e-134
7.26074219e-02	1.10770946e-137	1.20789911e-133
7.26562500e-02	1.91148790e-137	2.08437737e-133
7.27050781e-02	3.29850572e-137	3.59684759e-133
7.27539062e-02	5.69197427e-137	6.20679960e-133
7.28027344e-02	9.82219643e-137	1.07105904e-132
7.28515625e-02	1.69493989e-136	1.84824311e-132
7.29003906e-02	2.92482569e-136	3.18936911e-132
7.29492188e-02	5.04714377e-136	5.50364573e-132
7.29980469e-02	8.70946268e-136	9.49721254e-132
7.30468750e-02	1.50292410e-135	1.63885996e-131
7.30957031e-02	2.59347900e-135	2.82805291e-131
7.31445313e-02	4.47536460e-135	4.88015052e-131
7.31933594e-02	7.72278793e-135	8.42129543e-131
7.32421875e-02	1.33266133e-134	1.45319733e-130
7.32910156e-02	2.29966980e-134	2.50766937e-130
7.33398438e-02	3.96836096e-134	4.32728961e-130
7.33886719e-02	6.84789125e-134	7.46726645e-130
7.34375000e-02	1.18168723e-133	1.28856798e-129
7.34863281e-02	2.03914556e-133	2.22358134e-129
7.35351562e-02	3.51879457e-133	3.83706103e-129
7.35839844e-02	6.07210956e-133	6.62131718e-129
7.36328125e-02	1.04781663e-132	1.14258910e-128
7.36816406e-02	1.80813549e-132	1.97167697e-128
7.37304688e-02	3.12015851e-132	3.40236929e-128
7.37792969e-02	5.38421437e-132	5.87120353e-128
7.38281250e-02	9.29111913e-132	1.01314784e-127
7.38769531e-02	1.60329602e-131	1.74831026e-127
7.39257813e-02	2.76668299e-131	3.01692276e-127
7.39746094e-02	4.77424921e-131	5.20606849e-127
7.40234375e-02	8.23854979e-131	8.98370666e-127
7.40722656e-02	1.42166233e-130	1.55024824e-126
7.41210938e-02	2.45325189e-130	2.67514258e-126
7.41699219e-02	4.23338558e-130	4.61628505e-126
7.42187500e-02	7.30522357e-130	7.96596334e-126
7.42675781e-02	1.26060550e-129	1.37462421e-125
7.43164063e-02	2.17532866e-129	2.37208187e-125
7.43652344e-02	3.75379513e-129	4.09331681e-125
7.44140625e-02	6.47763171e-129	7.06351779e-125
7.44628906e-02	1.11779442e-128	1.21889621e-124
7.45117187e-02	1.92889071e-128	2.10335420e-124
7.45605469e-02	3.32853637e-128	3.62959441e-124
7.46093750e-02	5.74379579e-128	6.26330819e-124
7.46582031e-02	9.91162074e-128	1.08081028e-123
7.47070312e-02	1.71037114e-127	1.86507006e-123
7.47558594e-02	2.95145418e-127	3.21840605e-123
7.48046875e-02	5.09309444e-127	5.55375248e-123
7.48535156e-02	8.78875613e-127	9.58367779e-123
7.49023438e-02	1.51660715e-126	1.65378058e-122
7.49511719e-02	2.61709075e-126	2.85380026e-122
7.50000000e-02	4.51610953e-126	4.92458068e-122
7.50488281e-02	7.79309823e-126	8.49796505e-122
7.50976563e-02	1.34479422e-125	1.46642760e-121
7.51464844e-02	2.32060658e-125	2.53049981e-121
7.51953125e-02	4.00448990e-125	4.36668629e-121
7.52441406e-02	6.91023611e-125	7.53525018e-121
7.52929688e-02	1.19244559e-124	1.30029939e-120
7.53417969e-02	2.05771041e-124	2.24382532e-120
7.53906250e-02	3.55083047e-124	3.87199446e-120
7.54394531e-02	6.12739139e-124	6.68159905e-120
7.54882813e-02	1.05735617e-123	1.15299147e-119
7.55371094e-02	1.82459714e-123	1.98962751e-119
7.55859375e-02	3.14856506e-123	3.43334512e-119
7.56347656e-02	5.43323332e-123	5.92465607e-119
7.56835938e-02	9.37570726e-123	1.02237172e-118
7.57324219e-02	1.61789273e-122	1.76422719e-118
7.57812500e-02	2.79187137e-122	3.04438935e-118
7.58300781e-02	4.81771482e-122	5.25346541e-118
7.58789063e-02	8.31355495e-122	9.06549578e-118
7.59277344e-02	1.43460538e-121	1.56436195e-117
7.59765625e-02	2.47558668e-121	2.69949748e-117
7.60253906e-02	4.27192698e-121	4.65831238e-117
7.60742188e-02	7.37173142e-121	8.03848659e-117
7.61230469e-02	1.27208223e-120	1.38713897e-116
7.61718750e-02	2.19513316e-120	2.39367761e-116
7.62207031e-02	3.78797019e-120	4.13058287e-116
7.62695313e-02	6.53660489e-120	7.12782489e-116
7.63183594e-02	1.12797096e-119	1.22999318e-115
7.63671875e-02	1.94645156e-119	2.12250336e-115
7.64160156e-02	3.35883974e-119	3.66263861e-115
7.64648438e-02	5.79608792e-119	6.32032996e-115
7.65136719e-02	1.00018571e-118	1.09065008e-114
7.65625000e-02	1.72594253e-118	1.88204982e-114
7.66113281e-02	2.97832448e-118	3.24770668e-114
7.66601562e-02	5.13946241e-118	5.60431426e-114
7.67089844e-02	8.86876967e-118	9.67092828e-114
7.67578125e-02	1.53041445e-117	1.66883671e-113
7.68066406e-02	2.64091693e-117	2.87978143e-113
7.68554688e-02	4.55722448e-117	4.96941433e-113
7.69042969e-02	7.86404706e-117	8.57533095e-113
7.69531250e-02	1.35703730e-116	1.47977802e-112
7.70019531e-02	2.34173349e-116	2.55353758e-112
7.70507813e-02	4.04094695e-116	4.40644075e-112
7.70996094e-02	6.97314717e-116	7.60385132e-112
7.71484375e-02	1.20330165e-115	1.31213735e-111
7.71972656e-02	2.07644386e-115	2.26425314e-111
7.72460938e-02	3.58315731e-115	3.90724515e-111
7.72949219e-02	6.18317527e-115	6.74242838e-111
7.73437500e-02	1.06698236e-114	1.16348831e-110
7.73925781e-02	1.84120828e-114	2.00774108e-110
7.74414063e-02	3.17722961e-114	3.46460227e-110
7.74902344e-02	5.48269747e-114	5.97859407e-110
7.75390625e-02	9.46106363e-114	1.03167937e-109
7.75878906e-02	1.63262200e-113	1.78028867e-109
7.76367188e-02	2.81728852e-113	3.07210539e-109
7.76855469e-02	4.86157518e-113	5.30129279e-109
7.77343750e-02	8.38924132e-113	9.14802772e-109
7.77832031e-02	1.44766598e-112	1.57860383e-108
7.78320313e-02	2.49812433e-112	2.72407357e-108
7.78808594e-02	4.31081842e-112	4.70072142e-108
7.79296875e-02	7.43884330e-112	8.11166851e-108
7.79785156e-02	1.28366320e-111	1.39976740e-107
7.80273438e-02	2.21511752e-111	2.41546949e-107
7.80761719e-02	3.82245563e-111	4.16818740e-107
7.81250000e-02	6.59611370e-111	7.19271606e-107
7.81738281e-02	1.13823992e-110	1.24119094e-106
7.82226563e-02	1.96417190e-110	2.14182645e-106
7.82714844e-02	3.38941833e-110	3.69598294e-106
7.83203125e-02	5.84885499e-110	6.37786963e-106
7.83691406e-02	1.00929131e-109	1.10057924e-105
7.84179688e-02	1.74165534e-109	1.89918380e-105
7.84667969e-02	3.00543884e-109	3.27727344e-105
7.85156250e-02	5.18625152e-109	5.65533528e-105
7.85644531e-02	8.94950994e-109	9.75897123e-105
7.86132812e-02	1.54434716e-108	1.68402959e-104
7.86621094e-02	2.66495951e-108	2.90599858e-104
7.87109375e-02	4.59871287e-108	5.01465520e-104
7.87597656e-02	7.93564030e-108	8.65339955e-104
7.88085938e-02	1.36939158e-107	1.49324970e-103
7.88574219e-02	2.36305230e-107	2.57678460e-103
7.89062500e-02	4.07773514e-107	4.44655630e-103
7.89550781e-02	7.03662963e-107	7.67307556e-103
7.90039063e-02	1.21425632e-106	1.32408283e-102
7.90527344e-02	2.09534747e-106	2.28486652e-102
7.91015625e-02	3.61577778e-106	3.94281602e-102
7.91503906e-02	6.23946583e-106	6.80381024e-102
7.91992188e-02	1.07669598e-105	1.17408049e-101
7.92480469e-02	1.85797031e-105	2.02601917e-101
7.92968750e-02	3.20615451e-105	3.49614334e-101
7.93457031e-02	5.53261089e-105	6.03302200e-101
7.93945313e-02	9.54719530e-105	1.04107157e-100
7.94433594e-02	1.64748506e-104	1.79649605e-100
7.94921875e-02	2.84293653e-104	3.10007318e-100
7.95410156e-02	4.90583394e-104	5.34955460e-100
7.95898438e-02	8.46561517e-104	9.23130932e-100
7.96386719e-02	1.46084521e-103	1.59297508e-99
7.96875000e-02	2.52086669e-103	2.74887291e-99
7.97363281e-02	4.35006312e-103	4.74351567e-99
7.97851563e-02	7.50656479e-103	8.18551517e-99
7.98339844e-02	1.29534936e-102	1.41251054e-98
7.98828125e-02	2.23528341e-102	2.43745931e-98
7.99316406e-02	3.85725431e-102	4.20613350e-98
7.99804688e-02	6.65616304e-102	7.25819667e-98
8.00292969e-02	1.14860216e-101	1.25249041e-97
8.00781250e-02	1.98205321e-101	2.16132506e-97
8.01269531e-02	3.42027469e-101	3.72963014e-97
8.01757813e-02	5.90210138e-101	6.43593197e-97
8.02246094e-02	1.01847962e-100	1.11059860e-96
8.02734375e-02	1.75751088e-100	1.91647342e-96
8.03222656e-02	3.03279950e-100	3.30710877e-96
8.03710938e-02	5.23346564e-100	5.70681976e-96
8.04199219e-02	9.03098364e-100	9.84781394e-96
8.04687500e-02	1.55840644e-99	1.69936047e-95
8.05175781e-02	2.68922049e-99	2.93245388e-95
8.05664062e-02	4.64057813e-99	5.06030703e-95
8.06152344e-02	8.00788388e-99	8.73217731e-95
8.06640625e-02	1.38185809e-98	1.50684376e-94
8.07128906e-02	2.38456476e-98	2.60024279e-94
8.07617188e-02	4.11485750e-98	4.48703625e-94
8.08105469e-02	7.10068877e-98	7.74292863e-94
8.08593750e-02	1.22531050e-97	1.33613682e-93
8.09082031e-02	2.11442280e-97	2.30566714e-93
8.09570313e-02	3.64869457e-97	3.97871003e-93
8.10058594e-02	6.29626774e-97	6.86574968e-93
8.10546875e-02	1.08649783e-96	1.18476889e-92
8.11035156e-02	1.87488460e-96	2.04446330e-92
8.11523438e-02	3.23534218e-96	3.52797092e-92
8.12011719e-02	5.58297774e-96	6.08794435e-92
8.12500000e-02	9.63410940e-96	1.05054909e-91
8.12988281e-02	1.66248314e-95	1.81285066e-91
8.13476563e-02	2.86881754e-95	3.12829503e-91
8.13964844e-02	4.95049475e-95	5.39825483e-91
8.14453125e-02	8.54268282e-95	9.31534747e-91
8.14941406e-02	1.47414417e-94	1.60747688e-90
8.15429688e-02	2.54381565e-94	2.77389752e-90
8.15917969e-02	4.38966433e-94	4.78669867e-90
8.16406250e-02	7.57490148e-94	8.26003269e-90
8.16894531e-02	1.30714169e-93	1.42536944e-89
8.17382813e-02	2.25563249e-93	2.45964890e-89
8.17871094e-02	3.89236912e-93	4.24442433e-89
8.18359375e-02	6.71675791e-93	7.32427213e-89
8.18847656e-02	1.15905854e-92	1.26389253e-88
8.19335938e-02	2.00009695e-92	2.18100080e-88
8.19824219e-02	3.45141136e-92	3.76358303e-88
8.20312500e-02	5.95583148e-92	6.49452178e-88
8.20800781e-02	1.02775140e-91	1.12070898e-87
8.21289063e-02	1.77351046e-91	1.93392011e-87
8.21777344e-02	3.06040871e-91	3.33721515e-87
8.22265625e-02	5.28110869e-91	5.75877197e-87
8.22753906e-02	9.11319749e-91	9.93746376e-87
8.23242188e-02	1.57259343e-90	1.71483064e-86
8.23730469e-02	2.71370187e-90	2.95914952e-86
8.24218750e-02	4.68282373e-90	5.10637360e-86
8.24707031e-02	8.08078377e-90	8.81167076e-86
8.25195312e-02	1.39443785e-89	1.52056132e-85
8.25683594e-02	2.40627267e-89	2.62391410e-85
8.26171875e-02	4.15231712e-89	4.52788397e-85
8.26660156e-02	7.16532988e-89	7.81341630e-85
8.27148438e-02	1.23646511e-88	1.34830033e-84
8.27636719e-02	2.13367142e-88	2.32665674e-84
8.28125000e-02	3.68191040e-88	4.01493012e-84
8.28613281e-02	6.35358569e-88	6.92825185e-84
8.29101563e-02	1.09638874e-87	1.19555440e-83
8.29589844e-02	1.89195256e-87	2.06307500e-83
8.30078125e-02	3.26479501e-87	3.56008767e-83
8.30566406e-02	5.63380218e-87	6.14336569e-83
8.31054688e-02	9.72181312e-87	1.06011271e-82
8.31542969e-02	1.67761748e-86	1.82935385e-82
8.32031250e-02	2.89493368e-86	3.15677329e-82
8.32519531e-02	4.99556132e-86	5.44739752e-82
8.33007813e-02	8.62045064e-86	9.40014913e-82
8.33496094e-02	1.48756395e-85	1.62211044e-81
8.33984375e-02	2.56697311e-85	2.79914949e-81
8.34472656e-02	4.42962533e-85	4.83027401e-81
8.34960938e-02	7.64385903e-85	8.33522722e-81
8.35449219e-02	1.31904115e-84	1.43834517e-80
8.35937500e-02	2.27616646e-84	2.48204009e-80
8.36425781e-02	3.92780297e-84	4.28306305e-80
8.36914063e-02	6.77790330e-84	7.39094792e-80
8.37402344e-02	1.16960992e-83	1.27539825e-79
8.37890625e-02	2.01830464e-83	2.20085531e-79
8.38378906e-02	3.48283093e-83	3.79784439e-79
8.38867188e-02	6.01004975e-83	6.55364391e-79
8.39355469e-02	1.03710742e-82	1.13091122e-78
8.39843750e-02	1.78965540e-82	1.95152531e-78
8.40332031e-02	3.08826878e-82	3.36759506e-78
8.40820313e-02	5.32918461e-82	5.81119619e-78
8.41308594e-02	9.19615831e-82	1.00279281e-77
8.41796875e-02	1.58690933e-81	1.73044136e-77
8.42285156e-02	2.73840568e-81	2.98608771e-77
8.42773438e-02	4.72545315e-81	5.15285871e-77
8.43261719e-02	8.15434601e-81	8.89188646e-77
8.43750000e-02	1.40713190e-80	1.53440351e-76
8.44238281e-02	2.42817780e-80	2.64780048e-76
8.44726562e-02	4.19011708e-80	4.56910281e-76
8.45214844e-02	7.23055830e-80	7.88454442e-76
8.45703125e-02	1.24772106e-79	1.36057435e-75
8.46191406e-02	2.15309494e-79	2.34783705e-75
8.46679688e-02	3.71542803e-79	4.05147931e-75
8.47167969e-02	6.41142443e-79	6.99132191e-75
8.47656250e-02	1.10636952e-78	1.20643790e-74
8.48144531e-02	1.90917560e-78	2.08185581e-74
8.48632813e-02	3.29451545e-78	3.59249622e-74
8.49121094e-02	5.68508840e-78	6.19929058e-74
8.49609375e-02	9.81031372e-78	1.06976323e-73
8.50097656e-02	1.69288934e-77	1.84600699e-73
8.50585938e-02	2.92128711e-77	3.18551030e-73
8.51074219e-02	5.04103736e-77	5.49698672e-73
8.51562500e-02	8.69892506e-77	9.48572131e-73
8.52050781e-02	1.50110566e-76	1.63687695e-72
8.52539063e-02	2.59034098e-76	2.82463091e-72
8.53027344e-02	4.46994943e-76	4.87424529e-72
8.53515625e-02	7.71344314e-76	8.41110498e-72
8.54003906e-02	1.33104873e-75	1.45143879e-71
8.54492188e-02	2.29688700e-75	2.50463474e-71
8.54980469e-02	3.96355877e-75	4.32205285e-71
8.55468750e-02	6.83960428e-75	7.45822955e-71
8.55957031e-02	1.18025717e-74	1.28700851e-70
8.56445313e-02	2.03667776e-74	2.22089022e-70
8.56933594e-02	3.51453598e-74	3.83241706e-70
8.57421875e-02	6.06476066e-74	6.61330324e-70
8.57910156e-02	1.04654845e-73	1.14120617e-69
8.58398438e-02	1.80594705e-73	1.96929049e-69
8.58886719e-02	3.11638199e-73	3.39825101e-69
8.59375000e-02	5.37769736e-73	5.86409676e-69
8.59863281e-02	9.27987295e-73	1.01192145e-68
8.60351563e-02	1.60135531e-72	1.74619392e-68
8.60839844e-02	2.76333397e-72	3.01327068e-68
8.61328125e-02	4.76846993e-72	5.19976621e-68
8.61816406e-02	8.22857668e-72	8.97283105e-68
8.62304688e-02	1.41994131e-71	1.54837148e-67
8.62792969e-02	2.45028198e-71	2.67190391e-67
8.63281250e-02	4.22826052e-71	4.61069620e-67
8.63769531e-02	7.29637943e-71	7.95631885e-67
8.64257812e-02	1.25907930e-70	1.37295990e-66
8.64746094e-02	2.17269495e-70	2.36920982e-66
8.65234375e-02	3.74925023e-70	4.08836061e-66
8.65722656e-02	6.46978873e-70	7.05496507e-66
8.66210938e-02	1.11644098e-69	1.21742030e-65
8.66699219e-02	1.92655514e-69	2.10080727e-65
8.67187500e-02	3.32450595e-69	3.62519927e-65
8.67675781e-02	5.73684065e-69	6.25572366e-65
8.68164063e-02	9.89961851e-69	1.07950144e-64
8.68652344e-02	1.70829996e-68	1.86281145e-64
8.69140625e-02	2.94788001e-68	3.21450845e-64
8.69628906e-02	5.08692664e-68	5.54702653e-64
8.70117188e-02	8.77811258e-68	9.57207107e-64
8.70605469e-02	1.51477043e-67	1.65177765e-63
8.71093750e-02	2.61392119e-67	2.85034387e-63
8.71582031e-02	4.51063994e-67	4.91861613e-63
8.72070313e-02	7.78365956e-67	8.48767225e-63
8.72558594e-02	1.34316543e-66	1.46465140e-62
8.73046875e-02	2.31779582e-66	2.52743470e-62
8.73535156e-02	3.99963949e-66	4.36139695e-62
8.74023438e-02	6.90186593e-66	7.52612256e-62
8.74511719e-02	1.19100118e-65	1.29872427e-61
8.75000000e-02	2.05521784e-65	2.24110719e-61
8.75488281e-02	3.54652914e-65	3.86730389e-61
8.75976563e-02	6.11996874e-65	6.67350471e-61
8.76464844e-02	1.05607528e-64	1.15159466e-60
8.76953125e-02	1.82238674e-64	1.98721709e-60
8.77441406e-02	3.14475066e-64	3.42918555e-60
8.77929688e-02	5.42665096e-64	5.91747805e-60
8.78417969e-02	9.36434833e-64	1.02113304e-59
8.78906250e-02	1.61593256e-63	1.76208964e-59
8.79394531e-02	2.78848878e-63	3.04070066e-59
8.79882813e-02	4.81187761e-63	5.24709998e-59
8.80371094e-02	8.30348191e-63	9.05451120e-59
8.80859375e-02	1.43286711e-62	1.56246638e-58
8.81347656e-02	2.47258702e-62	2.69622637e-58
8.81835938e-02	4.26675058e-62	4.65266756e-58
8.82324219e-02	7.36279870e-62	8.02874553e-58
8.82812500e-02	1.27054075e-61	1.38545800e-57
8.83300781e-02	2.19247307e-61	2.39077681e-57
8.83789062e-02	3.78337978e-61	4.12557708e-57
8.84277344e-02	6.52868341e-61	7.11918659e-57
8.84765625e-02	1.12660398e-60	1.22850250e-56
8.85253906e-02	1.94409261e-60	2.11993096e-56
8.85742188e-02	3.35476900e-60	3.65819951e-56
8.86230469e-02	5.78906321e-60	6.31266957e-56
8.86718750e-02	9.98973486e-60	1.08932815e-55
8.87207031e-02	1.72385063e-59	1.87976863e-55
8.87695313e-02	2.97471458e-59	3.24377011e-55
8.88183594e-02	5.13323294e-59	5.59752109e-55
8.88671875e-02	8.85801972e-59	9.65920556e-55
8.89160156e-02	1.52855937e-58	1.66681377e-54
8.89648438e-02	2.63771569e-58	2.87629051e-54
8.90136719e-02	4.55170024e-58	4.96339020e-54
8.90625000e-02	7.85451409e-58	8.56493534e-54
8.91113281e-02	1.35539223e-57	1.47798409e-53
8.91601563e-02	2.33889466e-57	2.55044186e-53
8.92089844e-02	4.03604810e-57	4.40109860e-53
8.92578125e-02	6.96469341e-57	7.59463258e-53
8.93066406e-02	1.20184282e-56	1.31054651e-52
8.93554688e-02	2.07392641e-56	2.26150789e-52
8.94042969e-02	3.57881305e-56	3.90250778e-52
8.94531250e-02	6.17567855e-56	6.73425329e-52
8.95019531e-02	1.06568868e-55	1.16207756e-51
8.95507813e-02	1.83897583e-55	2.00530661e-51
8.95996094e-02	3.17337716e-55	3.46040122e-51
8.96484375e-02	5.47604944e-55	5.97134447e-51
8.96972656e-02	9.44959141e-55	1.03042834e-50
8.97460938e-02	1.63064228e-54	1.77812982e-50
8.97949219e-02	2.81387220e-54	3.06837993e-50
8.98437500e-02	4.85567979e-54	5.29486392e-50
8.98925781e-02	8.37906787e-54	9.13693368e-50
8.99414063e-02	1.44591039e-53	1.57668938e-49
8.99902344e-02	2.49509478e-53	2.72076988e-49
9.00390625e-02	4.30559044e-53	4.69502036e-49
9.00878906e-02	7.42982159e-53	8.10183043e-49
9.01367188e-02	1.28210636e-52	1.39806968e-48
9.01855469e-02	2.21243094e-52	2.41253981e-48
9.02343750e-02	3.81781951e-52	4.16313177e-48
9.02832031e-02	6.58811334e-52	7.18399176e-48
9.03320312e-02	1.13685933e-51	1.23968542e-47
9.03808594e-02	1.96178947e-51	2.13922844e-47
9.04296875e-02	3.38530708e-51	3.69149966e-47
9.04785156e-02	5.84176037e-51	6.37013302e-47
9.05273438e-02	1.00806702e-50	1.09924417e-46
9.05761719e-02	1.73954263e-50	1.89687992e-46
9.06250000e-02	3.00179303e-50	3.27329772e-46
9.06738281e-02	5.17996009e-50	5.64847455e-46
9.07226563e-02	8.93865308e-50	9.74713195e-46
9.07714844e-02	1.54247364e-49	1.68198653e-45
9.08203125e-02	2.66172645e-49	2.90247296e-45
9.08691406e-02	4.59313371e-49	5.00857119e-45
9.09179688e-02	7.92601257e-49	8.64290063e-45
9.09667969e-02	1.36773017e-48	1.49143795e-44
9.10156250e-02	2.36018526e-48	2.57365813e-44
9.10644531e-02	4.07278761e-48	4.44116108e-44
9.11132813e-02	7.02809189e-48	7.66376525e-44
9.11621094e-02	1.21278300e-47	1.32247619e-43
9.12109375e-02	2.09280502e-47	2.28209401e-43
9.12597656e-02	3.61139037e-47	3.93803162e-43
9.13085938e-02	6.23189467e-47	6.79555398e-43
9.13574219e-02	1.07538945e-46	1.17265574e-42
9.14062500e-02	1.85571570e-46	2.02356055e-42
9.14550781e-02	3.20226382e-46	3.49190059e-42
9.15039063e-02	5.52589689e-46	6.02570047e-42
9.15527344e-02	9.53560923e-46	1.03980813e-41
9.16015625e-02	1.64548570e-45	1.79431578e-41
9.16503906e-02	2.83948633e-45	3.09631077e-41
9.16992188e-02	4.89988006e-45	5.34306197e-41
9.17480469e-02	8.45534081e-45	9.22010527e-41
9.17968750e-02	1.45907221e-44	1.59104164e-40
9.18457031e-02	2.51780710e-44	2.74553646e-40
9.18945313e-02	4.34478331e-44	4.73775810e-40
9.19433594e-02	7.49745364e-44	8.17557959e-40
9.19921875e-02	1.29377709e-43	1.41079600e-39
9.20410156e-02	2.23257021e-43	2.43450060e-39
9.20898438e-02	3.85257225e-43	4.20102778e-39
9.21386719e-02	6.64808342e-43	7.24938594e-39
9.21875000e-02	1.14720790e-42	1.25096998e-38
9.22363281e-02	1.97964718e-42	2.15870132e-38
9.22851562e-02	3.41612271e-42	3.72510247e-38
9.23339844e-02	5.89493649e-42	6.42811876e-38
9.23828125e-02	1.01724321e-41	1.10925031e-37
9.24316406e-02	1.75537725e-41	1.91414673e-37
9.24804688e-02	3.02911759e-41	3.30309370e-37
9.25292969e-02	5.22711194e-41	5.69989114e-37
9.25781250e-02	9.02001932e-41	9.83585751e-37
9.26269531e-02	1.55651437e-40	1.69729720e-36
9.26757813e-02	2.68595543e-40	2.92889338e-36
9.27246094e-02	4.63494377e-40	5.05416284e-36
9.27734375e-02	7.99816091e-40	8.72157455e-36
9.28222656e-02	1.38018024e-39	1.50501409e-35
9.28710938e-02	2.38166937e-39	2.59708541e-35
9.29199219e-02	4.10986104e-39	4.48158769e-35
9.29687500e-02	7.09206660e-39	7.73352628e-35
9.30175781e-02	1.22382261e-38	1.33451430e-34
9.30664063e-02	2.11185521e-38	2.30286723e-34
9.31152344e-02	3.64426380e-38	3.97387834e-34
9.31640625e-02	6.28862175e-38	6.85741185e-34
9.32128906e-02	1.08517840e-37	1.18333007e-33
9.32617188e-02	1.87260771e-37	2.04198039e-33
9.33105469e-02	3.23141305e-37	3.52368627e-33
9.33593750e-02	5.57619742e-37	6.08055052e-33
9.34082031e-02	9.62240889e-37	1.04927317e-32
9.34570313e-02	1.66046404e-36	1.81064885e-32
9.35058594e-02	2.86533326e-36	3.12449548e-32
9.35546875e-02	4.94448209e-36	5.39169811e-32
9.36035156e-02	8.53230702e-36	9.30403283e-32
9.36523438e-02	1.47235366e-35	1.60552436e-31
9.37011719e-02	2.54072586e-35	2.77052815e-31
9.37500000e-02	4.38433241e-35	4.78088430e-31
9.37988281e-02	7.56570043e-35	8.24999908e-31
9.38476563e-02	1.30555390e-34	1.42363798e-30
9.38964844e-02	2.25289252e-34	2.45666101e-30
9.39453125e-02	3.88764088e-34	4.23926826e-30
9.39941406e-02	6.70859859e-34	7.31537452e-30
9.40429688e-02	1.15765052e-33	1.26235711e-29
9.40917969e-02	1.99766720e-33	2.17835119e-29
9.41406250e-02	3.44721845e-33	3.75901072e-29
9.41894531e-02	5.94859596e-33	6.48663155e-29
9.42382812e-02	1.02650280e-32	1.11934740e-28
9.42871094e-02	1.77135580e-32	1.93157049e-28
9.43359375e-02	3.05669052e-32	3.33316052e-28
9.43847656e-02	5.27469238e-32	5.75177508e-28
9.44335938e-02	9.10212514e-32	9.92538955e-28
9.44824219e-02	1.57068273e-31	1.71274704e-27
9.45312500e-02	2.71040465e-31	2.95555396e-27
9.45800781e-02	4.67713387e-31	5.10016890e-27
9.46289063e-02	8.07096504e-31	8.80096359e-27
9.46777344e-02	1.39274347e-30	1.51871363e-26
9.47265625e-02	2.40334876e-30	2.62072563e-26
9.47753906e-02	4.14727147e-30	4.52238177e-26
9.48242188e-02	7.15662283e-30	7.80392142e-26
9.48730469e-02	1.23496257e-29	1.34666184e-25
9.49218750e-02	2.13107857e-29	2.32382928e-25
9.49707031e-02	3.67743603e-29	4.01005089e-25
9.50195313e-02	6.34586447e-29	6.91983199e-25
9.50683594e-02	1.09505633e-28	1.19410142e-24
9.51171875e-02	1.88965327e-28	2.06056767e-24
9.51660156e-02	3.26082723e-28	3.55576087e-24
9.52148438e-02	5.62695517e-28	6.13589914e-24
9.52636719e-02	9.70999755e-28	1.05882425e-23
9.53125000e-02	1.67557853e-27	1.82713040e-23
9.53613281e-02	2.89141514e-27	3.15293639e-23
9.54101563e-02	4.98948954e-27	5.44077635e-23
9.54589844e-02	8.60997285e-27	9.38872328e-23
9.55078125e-02	1.48575584e-26	1.62013873e-22
9.55566406e-02	2.56385295e-26	2.79574701e-22
9.56054688e-02	4.42424102e-26	4.82440251e-22
9.56542969e-02	7.63456757e-26	8.32509504e-22
9.57031250e-02	1.31743776e-25	1.43659670e-21
9.57519531e-02	2.27339957e-25	2.47902285e-21
9.58007813e-02	3.92302828e-25	4.27785634e-21
9.58496094e-02	6.76966384e-25	7.38196294e-21
9.58984375e-02	1.16818808e-24	1.27384775e-20
9.59472656e-02	2.01585103e-24	2.19817969e-20
9.59960938e-02	3.47859685e-24	3.79322719e-20
9.60449219e-02	6.00274319e-24	6.54567624e-20
9.60937500e-02	1.03584656e-23	1.12953628e-19
9.61425781e-02	1.78747960e-23	1.94915264e-19
9.61914062e-02	3.08451409e-23	3.36350064e-19
9.62402344e-02	5.32270532e-23	5.80413065e-19
9.62890625e-02	9.18497732e-23	1.00157354e-18
9.63378906e-02	1.58497988e-22	1.72833733e-18
9.63867188e-02	2.73507612e-22	2.98245688e-18
9.64355469e-02	4.71970748e-22	5.14659316e-18
9.64843750e-02	8.14443098e-22	8.88107430e-18
9.65332031e-02	1.40542091e-21	1.53253770e-17
9.65820313e-02	2.42522522e-21	2.64458075e-17
9.66308594e-02	4.18502196e-21	4.56354668e-17
9.66796875e-02	7.22029215e-21	7.86892003e-17
9.67285156e-02	1.24556941e-20	1.35752863e-16
9.67773438e-02	2.14871995e-20	2.34177598e-16
9.68261719e-02	3.70675884e-20	4.03995133e-16
9.68750000e-02	6.39463893e-20	6.96960552e-16
9.69238281e-02	1.10316132e-19	1.20234409e-15
9.69726563e-02	1.90310613e-19	2.07422986e-15
9.70214844e-02	3.28314520e-19	3.57841017e-15
9.70703125e-02	5.66393499e-19	6.17330481e-15
9.71191406e-02	9.77116181e-19	1.06498962e-14
9.71679688e-02	1.68567607e-18	1.83727168e-14
9.72167969e-02	2.90805294e-18	3.16958401e-14
9.72656250e-02	5.01684458e-18	5.46802654e-14
9.73144531e-02	8.65484098e-18	9.43320670e-14
9.73632813e-02	1.49309558e-17	1.62737598e-13
9.74121094e-02	2.57582402e-17	2.80747971e-13
9.74609375e-02	4.44370093e-17	4.84334409e-13
9.75097656e-02	7.66608297e-17	8.35553278e-13
9.75585938e-02	1.32252007e-16	1.44146135e-12
9.76074219e-02	2.28155575e-16	2.48674880e-12
9.76562500e-02	3.93604411e-16	4.29003553e-12
9.77050781e-02	6.79029880e-16	7.40099166e-12
9.77539063e-02	1.17143412e-15	1.27678861e-11
9.78027344e-02	2.02090972e-15	2.20266344e-11
9.78515625e-02	3.48639038e-15	3.79994532e-11
9.79003906e-02	6.01457817e-15	6.55551187e-11
9.79492188e-02	1.03761058e-14	1.13093053e-10
9.79980469e-02	1.79004383e-14	1.95103609e-10
9.80468750e-02	3.08811169e-14	3.36584984e-10
9.80957031e-02	5.32748690e-14	5.80663101e-10
9.81445312e-02	9.19076875e-14	1.00173715e-09
9.81933594e-02	1.58555512e-13	1.72815776e-09
9.82421875e-02	2.73533744e-13	2.98135060e-09
9.82910156e-02	4.71889737e-13	5.14331086e-09
9.83398438e-02	8.14085860e-13	8.87304234e-09
9.83886719e-02	1.40442952e-12	1.53074338e-08
9.84375000e-02	2.42286794e-12	2.64078039e-08
9.84863281e-02	4.17983939e-12	4.55577470e-08
9.85351563e-02	7.21090052e-12	7.85945167e-08
9.85839844e-02	1.24399739e-11	1.35588331e-07
9.86328125e-02	2.14609773e-11	2.33911965e-07
9.86816406e-02	3.70236793e-11	4.03536310e-07
9.87304688e-02	6.38718821e-11	6.96166076e-07
9.87792969e-02	1.10189423e-10	1.20100040e-06
9.88281250e-02	1.90094767e-10	2.07192248e-06
9.88769531e-02	3.27944590e-10	3.57440626e-06
9.89257813e-02	5.65758173e-10	6.16643811e-06
9.89746094e-02	9.76025714e-10	1.06381204e-05
9.90234375e-02	1.68380478e-09	1.83525104e-05
9.90722656e-02	2.90484040e-09	3.16611083e-05
9.91210938e-02	5.01132846e-09	5.46206427e-05
9.91699219e-02	8.64536869e-09	9.42296449e-05
9.92187500e-02	1.49146898e-08	1.62561748e-04
9.92675781e-02	2.57303082e-08	2.80445981e-04
9.93164063e-02	4.43890456e-08	4.83815903e-04
9.93652344e-02	7.65784697e-08	8.34662907e-04
9.94140625e-02	1.32110585e-07	1.43993253e-03
9.94628906e-02	2.27912741e-07	2.48412377e-03
9.95117188e-02	3.93187451e-07	4.28552836e-03
9.95605469e-02	6.78313951e-07	7.39325307e-03
9.96093750e-02	1.17020488e-06	1.27545995e-02
9.96582031e-02	2.01879918e-06	2.20038228e-02
9.97070313e-02	3.48276674e-06	3.79602885e-02
9.97558594e-02	6.00835678e-06	6.54878794e-02
9.98046875e-02	1.03654245e-05	1.12977616e-01
9.98535156e-02	1.78821005e-05	1.94905431e-01
9.99023438e-02	3.08496345e-05	3.36244764e-01
9.99511719e-02	5.32208213e-05	5.80079045e-01
1.00000000e-01	9.18149025e-05	1.00073452e+00
