0.00000000e+00	0.00000000e+00	1.24620128e-01
4.88281250e-05	6.08497149e-06	1.24620305e-01
9.76562500e-05	1.21699571e-05	1.24620706e-01
1.46484375e-04	1.82549688e-05	1.24621373e-01
1.95312500e-04	2.43400195e-05	1.24622304e-01
2.44140625e-04	3.04251222e-05	1.24623500e-01
2.92968750e-04	3.65102897e-05	1.24624961e-01
3.41796875e-04	4.25955350e-05	1.24626687e-01
3.90625000e-04	4.86808710e-05	1.24628677e-01
4.39453125e-04	5.47663107e-05	1.24630933e-01
4.88281250e-04	6.08518671e-05	1.24633454e-01
5.37109375e-04	6.69375529e-05	1.24636240e-01
5.85937500e-04	7.30233813e-05	1.24639291e-01
6.34765625e-04	7.91093652e-05	1.24642608e-01
6.83593750e-04	8.51955175e-05	1.24646189e-01
7.32421875e-04	9.12818511e-05	1.24650036e-01
7.81250000e-04	9.73683790e-05	1.24654148e-01
8.30078125e-04	1.03455114e-04	1.24658525e-01
8.78906250e-04	1.09542070e-04	1.24663168e-01
9.27734375e-04	1.15629258e-04	1.24668076e-01
9.76562500e-04	1.21716693e-04	1.24673249e-01
1.02539063e-03	1.27804387e-04	1.24678688e-01
1.07421875e-03	1.33892352e-04	1.24684392e-01
1.12304688e-03	1.39980603e-04	1.24690361e-01
1.17187500e-03	1.46069152e-04	1.24696596e-01
1.22070312e-03	1.52158012e-04	1.24703096e-01
1.26953125e-03	1.58247195e-04	1.24709861e-01
1.31835938e-03	1.64336716e-04	1.24716892e-01
1.36718750e-03	1.70426586e-04	1.24724188e-01
1.41601563e-03	1.76516819e-04	1.24731750e-01
1.46484375e-03	1.82607427e-04	1.24739577e-01
1.51367188e-03	1.88698424e-04	1.24747670e-01
1.56250000e-03	1.94789823e-04	1.24756028e-01
1.61132813e-03	2.00881637e-04	1.24764652e-01
1.66015625e-03	2.06973878e-04	1.24773541e-01
1.70898438e-03	2.13066559e-04	1.24782696e-01
1.75781250e-03	2.19159694e-04	1.24792117e-01
1.80664063e-03	2.25253296e-04	1.24801803e-01
1.85546875e-03	2.31347377e-04	1.24811755e-01
1.90429688e-03	2.37441950e-04	1.24821972e-01
1.95312500e-03	2.43537029e-04	1.24832455e-01
2.00195313e-03	2.49632626e-04	1.24843204e-01
2.05078125e-03	2.55728755e-04	1.24854219e-01
2.09960937e-03	2.61825428e-04	1.24865499e-01
2.14843750e-03	2.67922658e-04	1.24877045e-01
2.19726562e-03	2.74020458e-04	1.24888857e-01
2.24609375e-03	2.80118842e-04	1.24900935e-01
2.29492188e-03	2.86217821e-04	1.24913279e-01
2.34375000e-03	2.92317410e-04	1.24925889e-01
2.39257813e-03	2.98417622e-04	1.24938764e-01
2.44140625e-03	3.04518468e-04	1.24951906e-01
2.49023438e-03	3.10619963e-04	1.24965313e-01
2.53906250e-03	3.16722119e-04	1.24978987e-01
2.58789063e-03	3.22824948e-04	1.24992927e-01
2.63671875e-03	3.28928466e-04	1.25007133e-01
2.68554688e-03	3.35032683e-04	1.25021605e-01
2.73437500e-03	3.41137613e-04	1.25036343e-01
2.78320313e-03	3.47243270e-04	1.25051347e-01
2.83203125e-03	3.53349665e-04	1.25066618e-01
2.88085938e-03	3.59456813e-04	1.25082154e-01
2.92968750e-03	3.65564726e-04	1.25097958e-01
2.97851563e-03	3.71673417e-04	1.25114027e-01
3.02734375e-03	3.77782899e-04	1.25130363e-01
3.07617188e-03	3.83893185e-04	1.25146965e-01
3.12500000e-03	3.90004289e-04	1.25163834e-01
3.17382812e-03	3.96116223e-04	1.25180970e-01
3.22265625e-03	4.02229000e-04	1.25198372e-01
3.27148438e-03	4.08342633e-04	1.25216040e-01
3.32031250e-03	4.14457135e-04	1.25233975e-01
3.36914063e-03	4.20572520e-04	1.25252177e-01
3.41796875e-03	4.26688799e-04	1.25270646e-01
3.46679688e-03	4.32805988e-04	1.25289381e-01
3.51562500e-03	4.38924097e-04	1.25308383e-01
3.56445313e-03	4.45043141e-04	1.25327652e-01
3.61328125e-03	4.51163132e-04	1.25347188e-01
3.66210938e-03	4.57284084e-04	1.25366991e-01
3.71093750e-03	4.63406009e-04	1.25387060e-01
3.75976563e-03	4.69528920e-04	1.25407397e-01
3.80859375e-03	4.75652831e-04	1.25428001e-01
3.85742188e-03	4.81777755e-04	1.25448872e-01
3.90625000e-03	4.87903704e-04	1.25470010e-01
3.95507812e-03	4.94030692e-04	1.25491416e-01
4.00390625e-03	5.00158732e-04	1.25513089e-01
4.05273438e-03	5.06287836e-04	1.25535029e-01
4.10156250e-03	5.12418019e-04	1.25557236e-01
4.15039062e-03	5.18549292e-04	1.25579711e-01
4.19921875e-03	5.24681669e-04	1.25602454e-01
4.24804688e-03	5.30815163e-04	1.25625464e-01
4.29687500e-03	5.36949787e-04	1.25648741e-01
4.34570313e-03	5.43085554e-04	1.25672286e-01
4.39453125e-03	5.49222478e-04	1.25696099e-01
4.44335937e-03	5.55360570e-04	1.25720180e-01
4.49218750e-03	5.61499846e-04	1.25744529e-01
4.54101563e-03	5.67640316e-04	1.25769145e-01
4.58984375e-03	5.73781995e-04	1.25794030e-01
4.63867188e-03	5.79924896e-04	1.25819182e-01
4.68750000e-03	5.86069031e-04	1.25844603e-01
4.73632813e-03	5.92214414e-04	1.25870291e-01
4.78515625e-03	5.98361058e-04	1.25896248e-01
4.83398438e-03	6.04508976e-04	1.25922473e-01
4.88281250e-03	6.10658182e-04	1.25948966e-01
4.93164063e-03	6.16808687e-04	1.25975728e-01
4.98046875e-03	6.22960505e-04	1.26002758e-01
5.02929688e-03	6.29113650e-04	1.26030057e-01
5.07812500e-03	6.35268135e-04	1.26057624e-01
5.12695312e-03	6.41423972e-04	1.26085460e-01
5.17578125e-03	6.47581174e-04	1.26113565e-01
5.22460938e-03	6.53739756e-04	1.26141938e-01
5.27343750e-03	6.59899730e-04	1.26170580e-01
5.32226563e-03	6.66061108e-04	1.26199491e-01
5.37109375e-03	6.72223905e-04	1.26228671e-01
5.41992188e-03	6.78388134e-04	1.26258120e-01
5.46875000e-03	6.84553806e-04	1.26287839e-01
5.51757813e-03	6.90720937e-04	1.26317826e-01
5.56640625e-03	6.96889538e-04	1.26348083e-01
5.61523438e-03	7.03059623e-04	1.26378608e-01
5.66406250e-03	7.09231206e-04	1.26409404e-01
5.71289063e-03	7.15404298e-04	1.26440469e-01
5.76171875e-03	7.21578914e-04	1.26471803e-01
5.81054688e-03	7.27755067e-04	1.26503407e-01
5.85937500e-03	7.33932769e-04	1.26535280e-01
5.90820313e-03	7.40112034e-04	1.26567424e-01
5.95703125e-03	7.46292876e-04	1.26599837e-01
6.00585938e-03	7.52475306e-04	1.26632520e-01
6.05468750e-03	7.58659339e-04	1.26665473e-01
6.10351562e-03	7.64844988e-04	1.26698696e-01
6.15234375e-03	7.71032266e-04	1.26732190e-01
6.20117188e-03	7.77221185e-04	1.26765953e-01
6.25000000e-03	7.83411760e-04	1.26799987e-01
6.29882813e-03	7.89604003e-04	1.26834292e-01
6.34765625e-03	7.95797928e-04	1.26868866e-01
6.39648438e-03	8.01993547e-04	1.26903712e-01
6.44531250e-03	8.08190875e-04	1.26938828e-01
6.49414063e-03	8.14389924e-04	1.26974214e-01
6.54296875e-03	8.20590707e-04	1.27009872e-01
6.59179688e-03	8.26793238e-04	1.27045800e-01
6.64062500e-03	8.32997530e-04	1.27081999e-01
6.68945313e-03	8.39203596e-04	1.27118470e-01
6.73828125e-03	8.45411450e-04	1.27155211e-01
6.78710938e-03	8.51621104e-04	1.27192224e-01
6.83593750e-03	8.57832572e-04	1.27229508e-01
6.88476563e-03	8.64045867e-04	1.27267064e-01
6.93359375e-03	8.70261003e-04	1.27304891e-01
6.98242188e-03	8.76477992e-04	1.27342989e-01
7.03125000e-03	8.82696848e-04	1.27381359e-01
7.08007812e-03	8.88917585e-04	1.27420001e-01
7.12890625e-03	8.95140214e-04	1.27458915e-01
7.17773438e-03	9.01364751e-04	1.27498101e-01
7.22656250e-03	9.07591208e-04	1.27537559e-01
7.27539063e-03	9.13819597e-04	1.27577289e-01
7.32421875e-03	9.20049934e-04	1.27617291e-01
7.37304688e-03	9.26282230e-04	1.27657566e-01
7.42187500e-03	9.32516500e-04	1.27698113e-01
7.47070313e-03	9.38752756e-04	1.27738932e-01
7.51953125e-03	9.44991011e-04	1.27780025e-01
7.56835938e-03	9.51231280e-04	1.27821389e-01
7.61718750e-03	9.57473576e-04	1.27863027e-01
7.66601563e-03	9.63717911e-04	1.27904938e-01
7.71484375e-03	9.69964299e-04	1.27947121e-01
7.76367188e-03	9.76212753e-04	1.27989578e-01
7.81250000e-03	9.82463288e-04	1.28032308e-01
7.86132813e-03	9.88715915e-04	1.28075311e-01
7.91015625e-03	9.94970649e-04	1.28118588e-01
7.95898438e-03	1.00122750e-03	1.28162138e-01
8.00781250e-03	1.00748649e-03	1.28205962e-01
8.05664062e-03	1.01374762e-03	1.28250059e-01
8.10546875e-03	1.02001092e-03	1.28294431e-01
8.15429687e-03	1.02627638e-03	1.28339076e-01
8.20312500e-03	1.03254404e-03	1.28383995e-01
8.25195313e-03	1.03881389e-03	1.28429189e-01
8.30078125e-03	1.04508596e-03	1.28474656e-01
8.34960938e-03	1.05136025e-03	1.28520398e-01
8.39843750e-03	1.05763678e-03	1.28566415e-01
8.44726563e-03	1.06391557e-03	1.28612706e-01
8.49609375e-03	1.07019662e-03	1.28659272e-01
8.54492188e-03	1.07647996e-03	1.28706112e-01
8.59375000e-03	1.08276559e-03	1.28753228e-01
8.64257812e-03	1.08905352e-03	1.28800618e-01
8.69140625e-03	1.09534378e-03	1.28848284e-01
8.74023438e-03	1.10163637e-03	1.28896225e-01
8.78906250e-03	1.10793131e-03	1.28944441e-01
8.83789063e-03	1.11422861e-03	1.28992933e-01
8.88671875e-03	1.12052828e-03	1.29041700e-01
8.93554688e-03	1.12683034e-03	1.29090743e-01
8.98437500e-03	1.13313480e-03	1.29140062e-01
9.03320312e-03	1.13944168e-03	1.29189657e-01
9.08203125e-03	1.14575099e-03	1.29239528e-01
9.13085937e-03	1.15206274e-03	1.29289675e-01
9.17968750e-03	1.15837694e-03	1.29340098e-01
9.22851563e-03	1.16469361e-03	1.29390798e-01
9.27734375e-03	1.17101277e-03	1.29441774e-01
9.32617188e-03	1.17733442e-03	1.29493027e-01
9.37500000e-03	1.18365858e-03	1.29544557e-01
9.42382813e-03	1.18998526e-03	1.29596363e-01
9.47265625e-03	1.19631448e-03	1.29648447e-01
9.52148438e-03	1.20264625e-03	1.29700808e-01
9.57031250e-03	1.20898058e-03	1.29753446e-01
9.61914063e-03	1.21531749e-03	1.29806361e-01
9.66796875e-03	1.22165699e-03	1.29859554e-01
9.71679688e-03	1.22799909e-03	1.29913025e-01
9.76562500e-03	1.23434382e-03	1.29966773e-01
9.81445313e-03	1.24069117e-03	1.30020800e-01
9.86328125e-03	1.24704117e-03	1.30075104e-01
9.91210938e-03	1.25339382e-03	1.30129686e-01
9.96093750e-03	1.25974915e-03	1.30184547e-01
1.00097656e-02	1.26610716e-03	1.30239686e-01
1.00585938e-02	1.27246788e-03	1.30295104e-01
1.01074219e-02	1.27883130e-03	1.30350800e-01
1.01562500e-02	1.28519745e-03	1.30406775e-01
1.02050781e-02	1.29156634e-03	1.30463030e-01
1.02539062e-02	1.29793799e-03	1.30519563e-01
1.03027344e-02	1.30431240e-03	1.30576375e-01
1.03515625e-02	1.31068960e-03	1.30633467e-01
1.04003906e-02	1.31706958e-03	1.30690838e-01
1.04492188e-02	1.32345238e-03	1.30748489e-01
1.04980469e-02	1.32983800e-03	1.30806420e-01
1.05468750e-02	1.33622645e-03	1.30864630e-01
1.05957031e-02	1.34261775e-03	1.30923121e-01
1.06445313e-02	1.34901192e-03	1.30981891e-01
1.06933594e-02	1.35540896e-03	1.31040942e-01
1.07421875e-02	1.36180889e-03	1.31100274e-01
1.07910156e-02	1.36821173e-03	1.31159886e-01
1.08398438e-02	1.37461748e-03	1.31219779e-01
1.08886719e-02	1.38102617e-03	1.31279952e-01
1.09375000e-02	1.38743780e-03	1.31340407e-01
1.09863281e-02	1.39385239e-03	1.31401143e-01
1.10351563e-02	1.40026995e-03	1.31462160e-01
1.10839844e-02	1.40669049e-03	1.31523458e-01
1.11328125e-02	1.41311404e-03	1.31585039e-01
1.11816406e-02	1.41954060e-03	1.31646900e-01
1.12304688e-02	1.42597019e-03	1.31709044e-01
1.12792969e-02	1.43240282e-03	1.31771470e-01
1.13281250e-02	1.43883851e-03	1.31834178e-01
1.13769531e-02	1.44527726e-03	1.31897168e-01
1.14257813e-02	1.45171910e-03	1.31960441e-01
1.14746094e-02	1.45816403e-03	1.32023996e-01
1.15234375e-02	1.46461207e-03	1.32087835e-01
1.15722656e-02	1.47106324e-03	1.32151956e-01
1.16210938e-02	1.47751754e-03	1.32216360e-01
1.16699219e-02	1.48397500e-03	1.32281047e-01
1.17187500e-02	1.49043562e-03	1.32346018e-01
1.17675781e-02	1.49689942e-03	1.32411273e-01
1.18164063e-02	1.50336642e-03	1.32476811e-01
1.18652344e-02	1.50983662e-03	1.32542633e-01
1.19140625e-02	1.51631004e-03	1.32608739e-01
1.19628906e-02	1.52278670e-03	1.32675129e-01
1.20117188e-02	1.52926660e-03	1.32741803e-01
1.20605469e-02	1.53574977e-03	1.32808762e-01
1.21093750e-02	1.54223621e-03	1.32876006e-01
1.21582031e-02	1.54872595e-03	1.32943534e-01
1.22070312e-02	1.55521899e-03	1.33011347e-01
1.22558594e-02	1.56171534e-03	1.33079446e-01
1.23046875e-02	1.56821503e-03	1.33147830e-01
1.23535156e-02	1.57471807e-03	1.33216499e-01
1.24023438e-02	1.58122446e-03	1.33285453e-01
1.24511719e-02	1.58773423e-03	1.33354694e-01
1.25000000e-02	1.59424739e-03	1.33424220e-01
1.25488281e-02	1.60076395e-03	1.33494033e-01
1.25976563e-02	1.60728392e-03	1.33564132e-01
1.26464844e-02	1.61380733e-03	1.33634517e-01
1.26953125e-02	1.62033418e-03	1.33705189e-01
1.27441406e-02	1.62686448e-03	1.33776148e-01
1.27929688e-02	1.63339826e-03	1.33847393e-01
1.28417969e-02	1.63993553e-03	1.33918926e-01
1.28906250e-02	1.64647629e-03	1.33990746e-01
1.29394531e-02	1.65302057e-03	1.34062853e-01
1.29882813e-02	1.65956837e-03	1.34135249e-01
1.30371094e-02	1.66611972e-03	1.34207931e-01
1.30859375e-02	1.67267462e-03	1.34280902e-01
1.31347656e-02	1.67923309e-03	1.34354161e-01
1.31835938e-02	1.68579515e-03	1.34427708e-01
1.32324219e-02	1.69236081e-03	1.34501544e-01
1.32812500e-02	1.69893008e-03	1.34575668e-01
1.33300781e-02	1.70550297e-03	1.34650082e-01
1.33789063e-02	1.71207950e-03	1.34724784e-01
1.34277344e-02	1.71865969e-03	1.34799775e-01
1.34765625e-02	1.72524355e-03	1.34875056e-01
1.35253906e-02	1.73183109e-03	1.34950626e-01
1.35742188e-02	1.73842233e-03	1.35026486e-01
1.36230469e-02	1.74501728e-03	1.35102636e-01
1.36718750e-02	1.75161596e-03	1.35179076e-01
1.37207031e-02	1.75821837e-03	1.35255807e-01
1.37695313e-02	1.76482454e-03	1.35332827e-01
1.38183594e-02	1.77143447e-03	1.35410139e-01
1.38671875e-02	1.77804819e-03	1.35487741e-01
1.39160156e-02	1.78466570e-03	1.35565634e-01
1.39648438e-02	1.79128703e-03	1.35643818e-01
1.40136719e-02	1.79791218e-03	1.35722294e-01
1.40625000e-02	1.80454117e-03	1.35801062e-01
1.41113281e-02	1.81117401e-03	1.35880121e-01
1.41601562e-02	1.81781072e-03	1.35959472e-01
1.42089844e-02	1.82445131e-03	1.36039115e-01
1.42578125e-02	1.83109579e-03	1.36119050e-01
1.43066406e-02	1.83774419e-03	1.36199278e-01
1.43554688e-02	1.84439651e-03	1.36279799e-01
1.44042969e-02	1.85105277e-03	1.36360612e-01
1.44531250e-02	1.85771298e-03	1.36441719e-01
1.45019531e-02	1.86437717e-03	1.36523118e-01
1.45507813e-02	1.87104533e-03	1.36604812e-01
1.45996094e-02	1.87771749e-03	1.36686799e-01
1.46484375e-02	1.88439366e-03	1.36769079e-01
1.46972656e-02	1.89107385e-03	1.36851654e-01
1.47460938e-02	1.89775808e-03	1.36934523e-01
1.47949219e-02	1.90444637e-03	1.37017687e-01
1.48437500e-02	1.91113872e-03	1.37101145e-01
1.48925781e-02	1.91783516e-03	1.37184898e-01
1.49414063e-02	1.92453569e-03	1.37268946e-01
1.49902344e-02	1.93124034e-03	1.37353289e-01
1.50390625e-02	1.93794911e-03	1.37437927e-01
1.50878906e-02	1.94466202e-03	1.37522862e-01
1.51367188e-02	1.95137908e-03	1.37608092e-01
1.51855469e-02	1.95810031e-03	1.37693618e-01
1.52343750e-02	1.96482573e-03	1.37779440e-01
1.52832031e-02	1.97155534e-03	1.37865559e-01
1.53320313e-02	1.97828917e-03	1.37951974e-01
1.53808594e-02	1.98502722e-03	1.38038687e-01
1.54296875e-02	1.99176952e-03	1.38125696e-01
1.54785156e-02	1.99851607e-03	1.38213003e-01
1.55273438e-02	2.00526689e-03	1.38300607e-01
1.55761719e-02	2.01202199e-03	1.38388508e-01
1.56250000e-02	2.01878140e-03	1.38476708e-01
1.56738281e-02	2.02554512e-03	1.38565206e-01
1.57226563e-02	2.03231317e-03	1.38654002e-01
1.57714844e-02	2.03908556e-03	1.38743096e-01
1.58203125e-02	2.04586230e-03	1.38832490e-01
1.58691406e-02	2.05264342e-03	1.38922182e-01
1.59179688e-02	2.05942893e-03	1.39012173e-01
1.59667969e-02	2.06621884e-03	1.39102464e-01
1.60156250e-02	2.07301316e-03	1.39193054e-01
1.60644531e-02	2.07981192e-03	1.39283945e-01
1.61132812e-02	2.08661512e-03	1.39375135e-01
1.61621094e-02	2.09342278e-03	1.39466625e-01
1.62109375e-02	2.10023491e-03	1.39558416e-01
1.62597656e-02	2.10705154e-03	1.39650507e-01
1.63085937e-02	2.11387266e-03	1.39742900e-01
1.63574219e-02	2.12069831e-03	1.39835593e-01
1.64062500e-02	2.12752849e-03	1.39928588e-01
1.64550781e-02	2.13436322e-03	1.40021884e-01
1.65039063e-02	2.14120251e-03	1.40115482e-01
1.65527344e-02	2.14804638e-03	1.40209383e-01
1.66015625e-02	2.15489484e-03	1.40303585e-01
1.66503906e-02	2.16174791e-03	1.40398090e-01
1.66992188e-02	2.16860560e-03	1.40492897e-01
1.67480469e-02	2.17546793e-03	1.40588007e-01
1.67968750e-02	2.18233490e-03	1.40683421e-01
1.68457031e-02	2.18920655e-03	1.40779137e-01
1.68945313e-02	2.19608287e-03	1.40875158e-01
1.69433594e-02	2.20296390e-03	1.40971482e-01
1.69921875e-02	2.20984963e-03	1.41068110e-01
1.70410156e-02	2.21674009e-03	1.41165042e-01
1.70898438e-02	2.22363528e-03	1.41262279e-01
1.71386719e-02	2.23053524e-03	1.41359821e-01
1.71875000e-02	2.23743996e-03	1.41457667e-01
1.72363281e-02	2.24434947e-03	1.41555819e-01
1.72851562e-02	2.25126378e-03	1.41654276e-01
1.73339844e-02	2.25818290e-03	1.41753039e-01
1.73828125e-02	2.26510686e-03	1.41852108e-01
1.74316406e-02	2.27203566e-03	1.41951482e-01
1.74804688e-02	2.27896931e-03	1.42051163e-01
1.75292969e-02	2.28590785e-03	1.42151151e-01
1.75781250e-02	2.29285127e-03	1.42251446e-01
1.76269531e-02	2.29979960e-03	1.42352047e-01
1.76757813e-02	2.30675284e-03	1.42452956e-01
1.77246094e-02	2.31371103e-03	1.42554173e-01
1.77734375e-02	2.32067416e-03	1.42655697e-01
1.78222656e-02	2.32764225e-03	1.42757529e-01
1.78710938e-02	2.33461533e-03	1.42859669e-01
1.79199219e-02	2.34159340e-03	1.42962118e-01
1.79687500e-02	2.34857648e-03	1.43064876e-01
1.80175781e-02	2.35556459e-03	1.43167943e-01
1.80664062e-02	2.36255773e-03	1.43271319e-01
1.81152344e-02	2.36955594e-03	1.43375005e-01
1.81640625e-02	2.37655921e-03	1.43479000e-01
1.82128906e-02	2.38356756e-03	1.43583305e-01
1.82617187e-02	2.39058102e-03	1.43687920e-01
1.83105469e-02	2.39759959e-03	1.43792846e-01
1.83593750e-02	2.40462330e-03	1.43898083e-01
1.84082031e-02	2.41165215e-03	1.44003631e-01
1.84570313e-02	2.41868616e-03	1.44109489e-01
1.85058594e-02	2.42572535e-03	1.44215660e-01
1.85546875e-02	2.43276973e-03	1.44322142e-01
1.86035156e-02	2.43981932e-03	1.44428936e-01
1.86523438e-02	2.44687413e-03	1.44536042e-01
1.87011719e-02	2.45393417e-03	1.44643461e-01
1.87500000e-02	2.46099947e-03	1.44751193e-01
1.87988281e-02	2.46807004e-03	1.44859237e-01
1.88476563e-02	2.47514589e-03	1.44967595e-01
1.88964844e-02	2.48222704e-03	1.45076266e-01
1.89453125e-02	2.48931350e-03	1.45185251e-01
1.89941406e-02	2.49640529e-03	1.45294550e-01
1.90429688e-02	2.50350243e-03	1.45404164e-01
1.90917969e-02	2.51060493e-03	1.45514092e-01
1.91406250e-02	2.51771280e-03	1.45624335e-01
1.91894531e-02	2.52482606e-03	1.45734893e-01
1.92382813e-02	2.53194473e-03	1.45845766e-01
1.92871094e-02	2.53906882e-03	1.45956955e-01
1.93359375e-02	2.54619834e-03	1.46068460e-01
1.93847656e-02	2.55333332e-03	1.46180280e-01
1.94335938e-02	2.56047377e-03	1.46292418e-01
1.94824219e-02	2.56761970e-03	1.46404872e-01
1.95312500e-02	2.57477113e-03	1.46517643e-01
1.95800781e-02	2.58192807e-03	1.46630731e-01
1.96289063e-02	2.58909054e-03	1.46744136e-01
1.96777344e-02	2.59625856e-03	1.46857859e-01
1.97265625e-02	2.60343214e-03	1.46971901e-01
1.97753906e-02	2.61061129e-03	1.47086260e-01
1.98242188e-02	2.61779604e-03	1.47200939e-01
1.98730469e-02	2.62498639e-03	1.47315936e-01
1.99218750e-02	2.63218237e-03	1.47431252e-01
1.99707031e-02	2.63938398e-03	1.47546887e-01
2.00195312e-02	2.64659125e-03	1.47662842e-01
2.00683594e-02	2.65380419e-03	1.47779117e-01
2.01171875e-02	2.66102282e-03	1.47895713e-01
2.01660156e-02	2.66824714e-03	1.48012629e-01
2.02148438e-02	2.67547718e-03	1.48129865e-01
2.02636719e-02	2.68271295e-03	1.48247423e-01
2.03125000e-02	2.68995448e-03	1.48365302e-01
2.03613281e-02	2.69720176e-03	1.48483502e-01
2.04101563e-02	2.70445483e-03	1.48602024e-01
2.04589844e-02	2.71171369e-03	1.48720869e-01
2.05078125e-02	2.71897836e-03	1.48840036e-01
2.05566406e-02	2.72624885e-03	1.48959526e-01
2.06054688e-02	2.73352519e-03	1.49079338e-01
2.06542969e-02	2.74080739e-03	1.49199474e-01
2.07031250e-02	2.74809546e-03	1.49319934e-01
2.07519531e-02	2.75538942e-03	1.49440718e-01
2.08007813e-02	2.76268929e-03	1.49561825e-01
2.08496094e-02	2.76999508e-03	1.49683257e-01
2.08984375e-02	2.77730680e-03	1.49805014e-01
2.09472656e-02	2.78462448e-03	1.49927096e-01
2.09960938e-02	2.79194813e-03	1.50049503e-01
2.10449219e-02	2.79927776e-03	1.50172236e-01
2.10937500e-02	2.80661340e-03	1.50295295e-01
2.11425781e-02	2.81395504e-03	1.50418680e-01
2.11914063e-02	2.82130273e-03	1.50542391e-01
2.12402344e-02	2.82865646e-03	1.50666429e-01
2.12890625e-02	2.83601625e-03	1.50790794e-01
2.13378906e-02	2.84338213e-03	1.50915487e-01
2.13867188e-02	2.85075410e-03	1.51040507e-01
2.14355469e-02	2.85813219e-03	1.51165855e-01
2.14843750e-02	2.86551640e-03	1.51291532e-01
2.15332031e-02	2.87290676e-03	1.51417537e-01
2.15820313e-02	2.88030328e-03	1.51543871e-01
2.16308594e-02	2.88770597e-03	1.51670534e-01
2.16796875e-02	2.89511486e-03	1.51797527e-01
2.17285156e-02	2.90252996e-03	1.51924849e-01
2.17773438e-02	2.90995128e-03	1.52052501e-01
2.18261719e-02	2.91737884e-03	1.52180484e-01
2.18750000e-02	2.92481266e-03	1.52308798e-01
2.19238281e-02	2.93225276e-03	1.52437442e-01
2.19726562e-02	2.93969914e-03	1.52566418e-01
2.20214844e-02	2.94715183e-03	1.52695725e-01
2.20703125e-02	2.95461084e-03	1.52825364e-01
2.21191406e-02	2.96207619e-03	1.52955336e-01
2.21679688e-02	2.96954789e-03	1.53085640e-01
2.22167969e-02	2.97702597e-03	1.53216277e-01
2.22656250e-02	2.98451043e-03	1.53347247e-01
2.23144531e-02	2.99200129e-03	1.53478550e-01
2.23632813e-02	2.99949858e-03	1.53610187e-01
2.24121094e-02	3.00700230e-03	1.53742158e-01
2.24609375e-02	3.01451247e-03	1.53874464e-01
2.25097656e-02	3.02202911e-03	1.54007104e-01
2.25585938e-02	3.02955223e-03	1.54140080e-01
2.26074219e-02	3.03708186e-03	1.54273391e-01
2.26562500e-02	3.04461800e-03	1.54407037e-01
2.27050781e-02	3.05216068e-03	1.54541019e-01
2.27539063e-02	3.05970991e-03	1.54675338e-01
2.28027344e-02	3.06726570e-03	1.54809993e-01
2.28515625e-02	3.07482808e-03	1.54944986e-01
2.29003906e-02	3.08239705e-03	1.55080315e-01
2.29492188e-02	3.08997265e-03	1.55215982e-01
2.29980469e-02	3.09755487e-03	1.55351987e-01
2.30468750e-02	3.10514375e-03	1.55488331e-01
2.30957031e-02	3.11273929e-03	1.55625012e-01
2.31445313e-02	3.12034151e-03	1.55762033e-01
2.31933594e-02	3.12795043e-03	1.55899393e-01
2.32421875e-02	3.13556607e-03	1.56037092e-01
2.32910156e-02	3.14318844e-03	1.56175132e-01
2.33398438e-02	3.15081756e-03	1.56313511e-01
2.33886719e-02	3.15845344e-03	1.56452231e-01
2.34375000e-02	3.16609610e-03	1.56591292e-01
2.34863281e-02	3.17374556e-03	1.56730694e-01
2.35351563e-02	3.18140184e-03	1.56870438e-01
2.35839844e-02	3.18906495e-03	1.57010523e-01
2.36328125e-02	3.19673491e-03	1.57150951e-01
2.36816406e-02	3.20441173e-03	1.57291721e-01
2.37304688e-02	3.21209544e-03	1.57432834e-01
2.37792969e-02	3.21978604e-03	1.57574290e-01
2.38281250e-02	3.22748356e-03	1.57716089e-01
2.38769531e-02	3.23518801e-03	1.57858233e-01
2.39257812e-02	3.24289941e-03	1.58000721e-01
2.39746094e-02	3.25061778e-03	1.58143553e-01
2.40234375e-02	3.25834313e-03	1.58286730e-01
2.40722656e-02	3.26607547e-03	1.58430253e-01
2.41210938e-02	3.27381484e-03	1.58574120e-01
2.41699219e-02	3.28156124e-03	1.58718334e-01
2.42187500e-02	3.28931469e-03	1.58862894e-01
2.42675781e-02	3.29707520e-03	1.59007801e-01
2.43164063e-02	3.30484280e-03	1.59153055e-01
2.43652344e-02	3.31261750e-03	1.59298656e-01
2.44140625e-02	3.32039932e-03	1.59444604e-01
2.44628906e-02	3.32818827e-03	1.59590901e-01
2.45117188e-02	3.33598437e-03	1.59737546e-01
2.45605469e-02	3.34378765e-03	1.59884539e-01
2.46093750e-02	3.35159811e-03	1.60031882e-01
2.46582031e-02	3.35941577e-03	1.60179574e-01
2.47070313e-02	3.36724065e-03	1.60327615e-01
2.47558594e-02	3.37507277e-03	1.60476007e-01
2.48046875e-02	3.38291215e-03	1.60624749e-01
2.48535156e-02	3.39075879e-03	1.60773842e-01
2.49023438e-02	3.39861273e-03	1.60923286e-01
2.49511719e-02	3.40647396e-03	1.61073082e-01
2.50000000e-02	3.41434253e-03	1.61223230e-01
2.50488281e-02	3.42221843e-03	1.61373729e-01
2.50976563e-02	3.43010169e-03	1.61524582e-01
2.51464844e-02	3.43799232e-03	1.61675787e-01
2.51953125e-02	3.44589035e-03	1.61827345e-01
2.52441406e-02	3.45379578e-03	1.61979258e-01
2.52929688e-02	3.46170864e-03	1.62131524e-01
2.53417969e-02	3.46962895e-03	1.62284145e-01
2.53906250e-02	3.47755671e-03	1.62437120e-01
2.54394531e-02	3.48549196e-03	1.62590450e-01
2.54882813e-02	3.49343470e-03	1.62744136e-01
2.55371094e-02	3.50138495e-03	1.62898178e-01
2.55859375e-02	3.50934273e-03	1.63052576e-01
2.56347656e-02	3.51730806e-03	1.63207331e-01
2.56835938e-02	3.52528095e-03	1.63362442e-01
2.57324219e-02	3.53326143e-03	1.63517911e-01
2.57812500e-02	3.54124951e-03	1.63673738e-01
2.58300781e-02	3.54924520e-03	1.63829922e-01
2.58789062e-02	3.55724853e-03	1.63986465e-01
2.59277344e-02	3.56525952e-03	1.64143367e-01
2.59765625e-02	3.57327817e-03	1.64300628e-01
2.60253906e-02	3.58130451e-03	1.64458249e-01
2.60742188e-02	3.58933855e-03	1.64616230e-01
2.61230469e-02	3.59738032e-03	1.64774570e-01
2.61718750e-02	3.60542983e-03	1.64933272e-01
2.62207031e-02	3.61348709e-03	1.65092335e-01
2.62695313e-02	3.62155214e-03	1.65251759e-01
2.63183594e-02	3.62962497e-03	1.65411545e-01
2.63671875e-02	3.63770562e-03	1.65571693e-01
2.64160156e-02	3.64579409e-03	1.65732203e-01
2.64648438e-02	3.65389041e-03	1.65893077e-01
2.65136719e-02	3.66199459e-03	1.66054314e-01
2.65625000e-02	3.67010666e-03	1.66215915e-01
2.66113281e-02	3.67822663e-03	1.66377880e-01
2.66601563e-02	3.68635451e-03	1.66540209e-01
2.67089844e-02	3.69449033e-03	1.66702903e-01
2.67578125e-02	3.70263410e-03	1.66865963e-01
2.68066406e-02	3.71078584e-03	1.67029388e-01
2.68554688e-02	3.71894557e-03	1.67193179e-01
2.69042969e-02	3.72711331e-03	1.67357337e-01
2.69531250e-02	3.73528907e-03	1.67521862e-01
2.70019531e-02	3.74347287e-03	1.67686754e-01
2.70507813e-02	3.75166474e-03	1.67852013e-01
2.70996094e-02	3.75986468e-03	1.68017641e-01
2.71484375e-02	3.76807272e-03	1.68183637e-01
2.71972656e-02	3.77628887e-03	1.68350001e-01
2.72460938e-02	3.78451316e-03	1.68516735e-01
2.72949219e-02	3.79274560e-03	1.68683839e-01
2.73437500e-02	3.80098620e-03	1.68851313e-01
2.73925781e-02	3.80923499e-03	1.69019157e-01
2.74414063e-02	3.81749199e-03	1.69187372e-01
2.74902344e-02	3.82575720e-03	1.69355958e-01
2.75390625e-02	3.83403066e-03	1.69524915e-01
2.75878906e-02	3.84231238e-03	1.69694245e-01
2.76367188e-02	3.85060237e-03	1.69863947e-01
2.76855469e-02	3.85890067e-03	1.70034022e-01
2.77343750e-02	3.86720727e-03	1.70204470e-01
2.77832031e-02	3.87552220e-03	1.70375292e-01
2.78320312e-02	3.88384549e-03	1.70546488e-01
2.78808594e-02	3.89217714e-03	1.70718058e-01
2.79296875e-02	3.90051718e-03	1.70890004e-01
2.79785156e-02	3.90886563e-03	1.71062324e-01
2.80273438e-02	3.91722250e-03	1.71235020e-01
2.80761719e-02	3.92558781e-03	1.71408093e-01
2.81250000e-02	3.93396158e-03	1.71581542e-01
2.81738281e-02	3.94234383e-03	1.71755367e-01
2.82226563e-02	3.95073457e-03	1.71929570e-01
2.82714844e-02	3.95913383e-03	1.72104151e-01
2.83203125e-02	3.96754163e-03	1.72279110e-01
2.83691406e-02	3.97595798e-03	1.72454448e-01
2.84179688e-02	3.98438289e-03	1.72630165e-01
2.84667969e-02	3.99281640e-03	1.72806261e-01
2.85156250e-02	4.00125851e-03	1.72982737e-01
2.85644531e-02	4.00970925e-03	1.73159593e-01
2.86132813e-02	4.01816864e-03	1.73336830e-01
2.86621094e-02	4.02663669e-03	1.73514448e-01
2.87109375e-02	4.03511342e-03	1.73692447e-01
2.87597656e-02	4.04359885e-03	1.73870829e-01
2.88085938e-02	4.05209300e-03	1.74049593e-01
2.88574219e-02	4.06059589e-03	1.74228740e-01
2.89062500e-02	4.06910754e-03	1.74408270e-01
2.89550781e-02	4.07762796e-03	1.74588183e-01
2.90039063e-02	4.08615717e-03	1.74768481e-01
2.90527344e-02	4.09469520e-03	1.74949164e-01
2.91015625e-02	4.10324206e-03	1.75130231e-01
2.91503906e-02	4.11179777e-03	1.75311684e-01
2.91992188e-02	4.12036235e-03	1.75493522e-01
2.92480469e-02	4.12893582e-03	1.75675747e-01
2.92968750e-02	4.13751820e-03	1.75858359e-01
2.93457031e-02	4.14610950e-03	1.76041357e-01
2.93945313e-02	4.15470975e-03	1.76224744e-01
2.94433594e-02	4.16331896e-03	1.76408518e-01
2.94921875e-02	4.17193715e-03	1.76592681e-01
2.95410156e-02	4.18056434e-03	1.76777232e-01
2.95898438e-02	4.18920056e-03	1.76962173e-01
2.96386719e-02	4.19784582e-03	1.77147504e-01
2.96875000e-02	4.20650013e-03	1.77333225e-01
2.97363281e-02	4.21516352e-03	1.77519337e-01
2.97851562e-02	4.22383601e-03	1.77705840e-01
2.98339844e-02	4.23251762e-03	1.77892734e-01
2.98828125e-02	4.24120836e-03	1.78080020e-01
2.99316406e-02	4.24990826e-03	1.78267699e-01
2.99804688e-02	4.25861732e-03	1.78455771e-01
3.00292969e-02	4.26733559e-03	1.78644236e-01
3.00781250e-02	4.27606306e-03	1.78833095e-01
3.01269531e-02	4.28479977e-03	1.79022348e-01
3.01757813e-02	4.29354572e-03	1.79211996e-01
3.02246094e-02	4.30230095e-03	1.79402039e-01
3.02734375e-02	4.31106546e-03	1.79592477e-01
3.03222656e-02	4.31983928e-03	1.79783312e-01
3.03710938e-02	4.32862243e-03	1.79974543e-01
3.04199219e-02	4.33741493e-03	1.80166171e-01
3.04687500e-02	4.34621680e-03	1.80358197e-01
3.05175781e-02	4.35502805e-03	1.80550621e-01
3.05664063e-02	4.36384870e-03	1.80743442e-01
3.06152344e-02	4.37267878e-03	1.80936663e-01
3.06640625e-02	4.38151831e-03	1.81130283e-01
3.07128906e-02	4.39036730e-03	1.81324303e-01
3.07617188e-02	4.39922577e-03	1.81518723e-01
3.08105469e-02	4.40809375e-03	1.81713543e-01
3.08593750e-02	4.41697124e-03	1.81908765e-01
3.09082031e-02	4.42585828e-03	1.82104388e-01
3.09570313e-02	4.43475489e-03	1.82300414e-01
3.10058594e-02	4.44366107e-03	1.82496842e-01
3.10546875e-02	4.45257685e-03	1.82693673e-01
3.11035156e-02	4.46150226e-03	1.82890907e-01
3.11523438e-02	4.47043730e-03	1.83088546e-01
3.12011719e-02	4.47938201e-03	1.83286588e-01
3.12500000e-02	4.48833639e-03	1.83485036e-01
3.12988281e-02	4.49730048e-03	1.83683889e-01
3.13476563e-02	4.50627428e-03	1.83883148e-01
3.13964844e-02	4.51525783e-03	1.84082814e-01
3.14453125e-02	4.52425113e-03	1.84282886e-01
3.14941406e-02	4.53325421e-03	1.84483365e-01
3.15429688e-02	4.54226709e-03	1.84684252e-01
3.15917969e-02	4.55128979e-03	1.84885548e-01
3.16406250e-02	4.56032233e-03	1.85087252e-01
3.16894531e-02	4.56936473e-03	1.85289365e-01
3.17382812e-02	4.57841701e-03	1.85491888e-01
3.17871094e-02	4.58747918e-03	1.85694821e-01
3.18359375e-02	4.59655128e-03	1.85898165e-01
3.18847656e-02	4.60563331e-03	1.86101920e-01
3.19335938e-02	4.61472530e-03	1.86306087e-01
3.19824219e-02	4.62382727e-03	1.86510665e-01
3.20312500e-02	4.63293924e-03	1.86715657e-01
3.20800781e-02	4.64206124e-03	1.86921061e-01
3.21289062e-02	4.65119326e-03	1.87126879e-01
3.21777344e-02	4.66033535e-03	1.87333111e-01
3.22265625e-02	4.66948752e-03	1.87539758e-01
3.22753906e-02	4.67864979e-03	1.87746820e-01
3.23242188e-02	4.68782218e-03	1.87954297e-01
3.23730469e-02	4.69700472e-03	1.88162191e-01
3.24218750e-02	4.70619741e-03	1.88370501e-01
3.24707031e-02	4.71540028e-03	1.88579228e-01
3.25195313e-02	4.72461336e-03	1.88788372e-01
3.25683594e-02	4.73383666e-03	1.88997935e-01
3.26171875e-02	4.74307020e-03	1.89207916e-01
3.26660156e-02	4.75231400e-03	1.89418316e-01
3.27148438e-02	4.76156809e-03	1.89629136e-01
3.27636719e-02	4.77083248e-03	1.89840376e-01
3.28125000e-02	4.78010720e-03	1.90052037e-01
3.28613281e-02	4.78939226e-03	1.90264119e-01
3.29101563e-02	4.79868769e-03	1.90476622e-01
3.29589844e-02	4.80799351e-03	1.90689547e-01
3.30078125e-02	4.81730973e-03	1.90902895e-01
3.30566406e-02	4.82663638e-03	1.91116666e-01
3.31054687e-02	4.83597348e-03	1.91330861e-01
3.31542969e-02	4.84532104e-03	1.91545480e-01
3.32031250e-02	4.85467910e-03	1.91760523e-01
3.32519531e-02	4.86404767e-03	1.91975992e-01
3.33007813e-02	4.87342676e-03	1.92191886e-01
3.33496094e-02	4.88281642e-03	1.92408207e-01
3.33984375e-02	4.89221664e-03	1.92624954e-01
3.34472656e-02	4.90162746e-03	1.92842129e-01
3.34960938e-02	4.91104889e-03	1.93059731e-01
3.35449219e-02	4.92048096e-03	1.93277762e-01
3.35937500e-02	4.92992368e-03	1.93496221e-01
3.36425781e-02	4.93937708e-03	1.93715110e-01
3.36914062e-02	4.94884118e-03	1.93934429e-01
3.37402344e-02	4.95831600e-03	1.94154178e-01
3.37890625e-02	4.96780156e-03	1.94374358e-01
3.38378906e-02	4.97729788e-03	1.94594969e-01
3.38867188e-02	4.98680499e-03	1.94816012e-01
3.39355469e-02	4.99632290e-03	1.95037488e-01
3.39843750e-02	5.00585163e-03	1.95259397e-01
3.40332031e-02	5.01539121e-03	1.95481739e-01
3.40820312e-02	5.02494165e-03	1.95704516e-01
3.41308594e-02	5.03450299e-03	1.95927727e-01
3.41796875e-02	5.04407523e-03	1.96151373e-01
3.42285156e-02	5.05365840e-03	1.96375455e-01
3.42773438e-02	5.06325253e-03	1.96599973e-01
3.43261719e-02	5.07285763e-03	1.96824928e-01
3.43750000e-02	5.08247373e-03	1.97050321e-01
3.44238281e-02	5.09210084e-03	1.97276151e-01
3.44726563e-02	5.10173899e-03	1.97502419e-01
3.45214844e-02	5.11138819e-03	1.97729127e-01
3.45703125e-02	5.12104848e-03	1.97956274e-01
3.46191406e-02	5.13071987e-03	1.98183861e-01
3.46679688e-02	5.14040238e-03	1.98411888e-01
3.47167969e-02	5.15009604e-03	1.98640357e-01
3.47656250e-02	5.15980087e-03	1.98869267e-01
3.48144531e-02	5.16951688e-03	1.99098620e-01
3.48632813e-02	5.17924410e-03	1.99328415e-01
3.49121094e-02	5.18898256e-03	1.99558654e-01
3.49609375e-02	5.19873226e-03	1.99789336e-01
3.50097656e-02	5.20849325e-03	2.00020463e-01
3.50585937e-02	5.21826552e-03	2.00252035e-01
3.51074219e-02	5.22804912e-03	2.00484052e-01
3.51562500e-02	5.23784405e-03	2.00716515e-01
3.52050781e-02	5.24765035e-03	2.00949425e-01
3.52539063e-02	5.25746803e-03	2.01182783e-01
3.53027344e-02	5.26729712e-03	2.01416588e-01
3.53515625e-02	5.27713763e-03	2.01650841e-01
3.54003906e-02	5.28698960e-03	2.01885543e-01
3.54492188e-02	5.29685303e-03	2.02120695e-01
3.54980469e-02	5.30672796e-03	2.02356296e-01
3.55468750e-02	5.31661440e-03	2.02592349e-01
3.55957031e-02	5.32651238e-03	2.02828852e-01
3.56445312e-02	5.33642191e-03	2.03065807e-01
3.56933594e-02	5.34634303e-03	2.03303214e-01
3.57421875e-02	5.35627575e-03	2.03541074e-01
3.57910156e-02	5.36622010e-03	2.03779388e-01
3.58398438e-02	5.37617610e-03	2.04018155e-01
3.58886719e-02	5.38614376e-03	2.04257377e-01
3.59375000e-02	5.39612312e-03	2.04497055e-01
3.59863281e-02	5.40611419e-03	2.04737187e-01
3.60351562e-02	5.41611699e-03	2.04977777e-01
3.60839844e-02	5.42613156e-03	2.05218823e-01
3.61328125e-02	5.43615790e-03	2.05460326e-01
3.61816406e-02	5.44619605e-03	2.05702288e-01
3.62304688e-02	5.45624603e-03	2.05944708e-01
3.62792969e-02	5.46630785e-03	2.06187587e-01
3.63281250e-02	5.47638155e-03	2.06430926e-01
3.63769531e-02	5.48646714e-03	2.06674725e-01
3.64257813e-02	5.49656464e-03	2.06918986e-01
3.64746094e-02	5.50667408e-03	2.07163707e-01
3.65234375e-02	5.51679548e-03	2.07408891e-01
3.65722656e-02	5.52692886e-03	2.07654538e-01
3.66210938e-02	5.53707425e-03	2.07900648e-01
3.66699219e-02	5.54723167e-03	2.08147221e-01
3.67187500e-02	5.55740114e-03	2.08394259e-01
3.67675781e-02	5.56758269e-03	2.08641763e-01
3.68164063e-02	5.57777633e-03	2.08889731e-01
3.68652344e-02	5.58798209e-03	2.09138167e-01
3.69140625e-02	5.59819999e-03	2.09387068e-01
3.69628906e-02	5.60843005e-03	2.09636438e-01
3.70117187e-02	5.61867231e-03	2.09886275e-01
3.70605469e-02	5.62892677e-03	2.10136581e-01
3.71093750e-02	5.63919347e-03	2.10387357e-01
3.71582031e-02	5.64947242e-03	2.10638602e-01
3.72070313e-02	5.65976366e-03	2.10890317e-01
3.72558594e-02	5.67006719e-03	2.11142504e-01
3.73046875e-02	5.68038305e-03	2.11395162e-01
3.73535156e-02	5.69071126e-03	2.11648292e-01
3.74023438e-02	5.70105184e-03	2.11901896e-01
3.74511719e-02	5.71140482e-03	2.12155973e-01
3.75000000e-02	5.72177021e-03	2.12410523e-01
3.75488281e-02	5.73214804e-03	2.12665549e-01
3.75976562e-02	5.74253834e-03	2.12921050e-01
3.76464844e-02	5.75294113e-03	2.13177027e-01
3.76953125e-02	5.76335642e-03	2.13433480e-01
3.77441406e-02	5.77378425e-03	2.13690411e-01
3.77929688e-02	5.78422464e-03	2.13947819e-01
3.78417969e-02	5.79467761e-03	2.14205706e-01
3.78906250e-02	5.80514318e-03	2.14464071e-01
3.79394531e-02	5.81562137e-03	2.14722916e-01
3.79882813e-02	5.82611222e-03	2.14982242e-01
3.80371094e-02	5.83661575e-03	2.15242048e-01
3.80859375e-02	5.84713197e-03	2.15502336e-01
3.81347656e-02	5.85766091e-03	2.15763106e-01
3.81835938e-02	5.86820259e-03	2.16024359e-01
3.82324219e-02	5.87875705e-03	2.16286095e-01
3.82812500e-02	5.88932429e-03	2.16548315e-01
3.83300781e-02	5.89990436e-03	2.16811020e-01
3.83789063e-02	5.91049726e-03	2.17074210e-01
3.84277344e-02	5.92110302e-03	2.17337886e-01
3.84765625e-02	5.93172167e-03	2.17602048e-01
3.85253906e-02	5.94235323e-03	2.17866698e-01
3.85742188e-02	5.95299773e-03	2.18131835e-01
3.86230469e-02	5.96365518e-03	2.18397461e-01
3.86718750e-02	5.97432562e-03	2.18663576e-01
3.87207031e-02	5.98500906e-03	2.18930180e-01
3.87695313e-02	5.99570553e-03	2.19197275e-01
3.88183594e-02	6.00641506e-03	2.19464861e-01
3.88671875e-02	6.01713766e-03	2.19732939e-01
3.89160156e-02	6.02787336e-03	2.20001509e-01
3.89648438e-02	6.03862219e-03	2.20270572e-01
3.90136719e-02	6.04938417e-03	2.20540128e-01
3.90625000e-02	6.06015933e-03	2.20810179e-01
3.91113281e-02	6.07094768e-03	2.21080724e-01
3.91601563e-02	6.08174925e-03	2.21351765e-01
3.92089844e-02	6.09256407e-03	2.21623302e-01
3.92578125e-02	6.10339217e-03	2.21895336e-01
3.93066406e-02	6.11423355e-03	2.22167868e-01
3.93554688e-02	6.12508826e-03	2.22440897e-01
3.94042969e-02	6.13595631e-03	2.22714426e-01
3.94531250e-02	6.14683773e-03	2.22988454e-01
3.95019531e-02	6.15773254e-03	2.23262982e-01
3.95507812e-02	6.16864076e-03	2.23538010e-01
3.95996094e-02	6.17956243e-03	2.23813540e-01
3.96484375e-02	6.19049757e-03	2.24089573e-01
3.96972656e-02	6.20144619e-03	2.24366108e-01
3.97460938e-02	6.21240833e-03	2.24643146e-01
3.97949219e-02	6.22338401e-03	2.24920689e-01
3.98437500e-02	6.23437326e-03	2.25198736e-01
3.98925781e-02	6.24537609e-03	2.25477289e-01
3.99414063e-02	6.25639253e-03	2.25756347e-01
3.99902344e-02	6.26742262e-03	2.26035913e-01
4.00390625e-02	6.27846637e-03	2.26315986e-01
4.00878906e-02	6.28952380e-03	2.26596567e-01
4.01367188e-02	6.30059495e-03	2.26877657e-01
4.01855469e-02	6.31167984e-03	2.27159256e-01
4.02343750e-02	6.32277848e-03	2.27441366e-01
4.02832031e-02	6.33389092e-03	2.27723986e-01
4.03320313e-02	6.34501717e-03	2.28007118e-01
4.03808594e-02	6.35615725e-03	2.28290762e-01
4.04296875e-02	6.36731120e-03	2.28574919e-01
4.04785156e-02	6.37847903e-03	2.28859589e-01
4.05273438e-02	6.38966078e-03	2.29144774e-01
4.05761719e-02	6.40085647e-03	2.29430473e-01
4.06250000e-02	6.41206611e-03	2.29716689e-01
4.06738281e-02	6.42328975e-03	2.30003420e-01
4.07226563e-02	6.43452740e-03	2.30290668e-01
4.07714844e-02	6.44577908e-03	2.30578435e-01
4.08203125e-02	6.45704484e-03	2.30866719e-01
4.08691406e-02	6.46832468e-03	2.31155523e-01
4.09179688e-02	6.47961863e-03	2.31444846e-01
4.09667969e-02	6.49092672e-03	2.31734690e-01
4.10156250e-02	6.50224898e-03	2.32025054e-01
4.10644531e-02	6.51358543e-03	2.32315941e-01
4.11132813e-02	6.52493610e-03	2.32607351e-01
4.11621094e-02	6.53630101e-03	2.32899283e-01
4.12109375e-02	6.54768018e-03	2.33191740e-01
4.12597656e-02	6.55907365e-03	2.33484721e-01
4.13085938e-02	6.57048144e-03	2.33778227e-01
4.13574219e-02	6.58190357e-03	2.34072260e-01
4.14062500e-02	6.59334007e-03	2.34366819e-01
4.14550781e-02	6.60479097e-03	2.34661906e-01
4.15039062e-02	6.61625628e-03	2.34957521e-01
4.15527344e-02	6.62773605e-03	2.35253665e-01
4.16015625e-02	6.63923029e-03	2.35550339e-01
4.16503906e-02	6.65073903e-03	2.35847543e-01
4.16992188e-02	6.66226229e-03	2.36145278e-01
4.17480469e-02	6.67380010e-03	2.36443544e-01
4.17968750e-02	6.68535249e-03	2.36742344e-01
4.18457031e-02	6.69691948e-03	2.37041676e-01
4.18945313e-02	6.70850110e-03	2.37341542e-01
4.19433594e-02	6.72009738e-03	2.37641943e-01
4.19921875e-02	6.73170834e-03	2.37942880e-01
4.20410156e-02	6.74333400e-03	2.38244352e-01
4.20898438e-02	6.75497440e-03	2.38546362e-01
4.21386719e-02	6.76662956e-03	2.38848908e-01
4.21875000e-02	6.77829950e-03	2.39151994e-01
4.22363281e-02	6.78998426e-03	2.39455618e-01
4.22851563e-02	6.80168385e-03	2.39759782e-01
4.23339844e-02	6.81339831e-03	2.40064486e-01
4.23828125e-02	6.82512767e-03	2.40369732e-01
4.24316406e-02	6.83687193e-03	2.40675519e-01
4.24804688e-02	6.84863115e-03	2.40981850e-01
4.25292969e-02	6.86040533e-03	2.41288723e-01
4.25781250e-02	6.87219451e-03	2.41596141e-01
4.26269531e-02	6.88399872e-03	2.41904104e-01
4.26757813e-02	6.89581797e-03	2.42212612e-01
4.27246094e-02	6.90765231e-03	2.42521667e-01
4.27734375e-02	6.91950174e-03	2.42831269e-01
4.28222656e-02	6.93136631e-03	2.43141419e-01
4.28710938e-02	6.94324604e-03	2.43452117e-01
4.29199219e-02	6.95514094e-03	2.43763365e-01
4.29687500e-02	6.96705107e-03	2.44075163e-01
4.30175781e-02	6.97897642e-03	2.44387511e-01
4.30664063e-02	6.99091705e-03	2.44700412e-01
4.31152344e-02	7.00287296e-03	2.45013865e-01
4.31640625e-02	7.01484420e-03	2.45327871e-01
4.32128906e-02	7.02683077e-03	2.45642430e-01
4.32617188e-02	7.03883273e-03	2.45957545e-01
4.33105469e-02	7.05085008e-03	2.46273215e-01
4.33593750e-02	7.06288286e-03	2.46589441e-01
4.34082031e-02	7.07493109e-03	2.46906224e-01
4.34570312e-02	7.08699481e-03	2.47223565e-01
4.35058594e-02	7.09907403e-03	2.47541464e-01
4.35546875e-02	7.11116879e-03	2.47859922e-01
4.36035156e-02	7.12327912e-03	2.48178941e-01
4.36523438e-02	7.13540503e-03	2.48498520e-01
4.37011719e-02	7.14754657e-03	2.48818661e-01
4.37500000e-02	7.15970374e-03	2.49139364e-01
4.37988281e-02	7.17187659e-03	2.49460630e-01
4.38476563e-02	7.18406515e-03	2.49782460e-01
4.38964844e-02	7.19626943e-03	2.50104855e-01
4.39453125e-02	7.20848946e-03	2.50427815e-01
4.39941406e-02	7.22072528e-03	2.50751341e-01
4.40429688e-02	7.23297691e-03	2.51075435e-01
4.40917969e-02	7.24524438e-03	2.51400096e-01
4.41406250e-02	7.25752772e-03	2.51725325e-01
4.41894531e-02	7.26982695e-03	2.52051124e-01
4.42382813e-02	7.28214210e-03	2.52377493e-01
4.42871094e-02	7.29447320e-03	2.52704433e-01
4.43359375e-02	7.30682028e-03	2.53031945e-01
4.43847656e-02	7.31918336e-03	2.53360029e-01
4.44335938e-02	7.33156248e-03	2.53688686e-01
4.44824219e-02	7.34395766e-03	2.54017918e-01
4.45312500e-02	7.35636894e-03	2.54347724e-01
4.45800781e-02	7.36879632e-03	2.54678106e-01
4.46289063e-02	7.38123986e-03	2.55009065e-01
4.46777344e-02	7.39369957e-03	2.55340600e-01
4.47265625e-02	7.40617548e-03	2.55672714e-01
4.47753906e-02	7.41866762e-03	2.56005407e-01
4.48242188e-02	7.43117602e-03	2.56338679e-01
4.48730469e-02	7.44370071e-03	2.56672532e-01
4.49218750e-02	7.45624171e-03	2.57006966e-01
4.49707031e-02	7.46879906e-03	2.57341982e-01
4.50195313e-02	7.48137278e-03	2.57677581e-01
4.50683594e-02	7.49396290e-03	2.58013763e-01
4.51171875e-02	7.50656945e-03	2.58350531e-01
4.51660156e-02	7.51919246e-03	2.58687883e-01
4.52148438e-02	7.53183195e-03	2.59025822e-01
4.52636719e-02	7.54448796e-03	2.59364347e-01
4.53125000e-02	7.55716052e-03	2.59703461e-01
4.53613281e-02	7.56984964e-03	2.60043163e-01
4.54101562e-02	7.58255537e-03	2.60383454e-01
4.54589844e-02	7.59527773e-03	2.60724336e-01
4.55078125e-02	7.60801675e-03	2.61065809e-01
4.55566406e-02	7.62077245e-03	2.61407873e-01
4.56054688e-02	7.63354487e-03	2.61750530e-01
4.56542969e-02	7.64633404e-03	2.62093781e-01
4.57031250e-02	7.65913998e-03	2.62437626e-01
4.57519531e-02	7.67196273e-03	2.62782067e-01
4.58007813e-02	7.68480231e-03	2.63127103e-01
4.58496094e-02	7.69765875e-03	2.63472736e-01
4.58984375e-02	7.71053208e-03	2.63818967e-01
4.59472656e-02	7.72342234e-03	2.64165797e-01
4.59960938e-02	7.73632954e-03	2.64513226e-01
4.60449219e-02	7.74925372e-03	2.64861255e-01
4.60937500e-02	7.76219491e-03	2.65209885e-01
4.61425781e-02	7.77515314e-03	2.65559117e-01
4.61914063e-02	7.78812843e-03	2.65908952e-01
4.62402344e-02	7.80112082e-03	2.66259390e-01
4.62890625e-02	7.81413034e-03	2.66610433e-01
4.63378906e-02	7.82715701e-03	2.66962081e-01
4.63867188e-02	7.84020087e-03	2.67314335e-01
4.64355469e-02	7.85326194e-03	2.67667197e-01
4.64843750e-02	7.86634026e-03	2.68020666e-01
4.65332031e-02	7.87943585e-03	2.68374743e-01
4.65820313e-02	7.89254875e-03	2.68729431e-01
4.66308594e-02	7.90567898e-03	2.69084728e-01
4.66796875e-02	7.91882657e-03	2.69440637e-01
4.67285156e-02	7.93199155e-03	2.69797158e-01
4.67773438e-02	7.94517396e-03	2.70154292e-01
4.68261719e-02	7.95837382e-03	2.70512040e-01
4.68750000e-02	7.97159117e-03	2.70870403e-01
4.69238281e-02	7.98482603e-03	2.71229381e-01
4.69726563e-02	7.99807843e-03	2.71588976e-01
4.70214844e-02	8.01134840e-03	2.71949188e-01
4.70703125e-02	8.02463598e-03	2.72310018e-01
4.71191406e-02	8.03794119e-03	2.72671467e-01
4.71679688e-02	8.05126407e-03	2.73033536e-01
4.72167969e-02	8.06460464e-03	2.73396226e-01
4.72656250e-02	8.07796293e-03	2.73759538e-01
4.73144531e-02	8.09133898e-03	2.74123472e-01
4.73632812e-02	8.10473282e-03	2.74488030e-01
4.74121094e-02	8.11814447e-03	2.74853212e-01
4.74609375e-02	8.13157397e-03	2.75219019e-01
4.75097656e-02	8.14502134e-03	2.75585453e-01
4.75585938e-02	8.15848662e-03	2.75952513e-01
4.76074219e-02	8.17196985e-03	2.76320201e-01
4.76562500e-02	8.18547103e-03	2.76688518e-01
4.77050781e-02	8.19899022e-03	2.77057465e-01
4.77539063e-02	8.21252744e-03	2.77427042e-01
4.78027344e-02	8.22608272e-03	2.77797251e-01
4.78515625e-02	8.23965610e-03	2.78168092e-01
4.79003906e-02	8.25324759e-03	2.78539566e-01
4.79492188e-02	8.26685724e-03	2.78911674e-01
4.79980469e-02	8.28048508e-03	2.79284418e-01
4.80468750e-02	8.29413113e-03	2.79657797e-01
4.80957031e-02	8.30779542e-03	2.80031813e-01
4.81445313e-02	8.32147800e-03	2.80406467e-01
4.81933594e-02	8.33517888e-03	2.80781760e-01
4.82421875e-02	8.34889811e-03	2.81157692e-01
4.82910156e-02	8.36263570e-03	2.81534265e-01
4.83398438e-02	8.37639170e-03	2.81911479e-01
4.83886719e-02	8.39016614e-03	2.82289335e-01
4.84375000e-02	8.40395904e-03	2.82667835e-01
4.84863281e-02	8.41777043e-03	2.83046979e-01
4.85351563e-02	8.43160036e-03	2.83426767e-01
4.85839844e-02	8.44544885e-03	2.83807202e-01
4.86328125e-02	8.45931592e-03	2.84188284e-01
4.86816406e-02	8.47320162e-03	2.84570013e-01
4.87304688e-02	8.48710598e-03	2.84952391e-01
4.87792969e-02	8.50102902e-03	2.85335419e-01
4.88281250e-02	8.51497078e-03	2.85719098e-01
4.88769531e-02	8.52893129e-03	2.86103428e-01
4.89257813e-02	8.54291059e-03	2.86488410e-01
4.89746094e-02	8.55690869e-03	2.86874046e-01
4.90234375e-02	8.57092565e-03	2.87260336e-01
4.90722656e-02	8.58496148e-03	2.87647282e-01
4.91210938e-02	8.59901622e-03	2.88034883e-01
4.91699219e-02	8.61308990e-03	2.88423142e-01
4.92187500e-02	8.62718255e-03	2.88812059e-01
4.92675781e-02	8.64129422e-03	2.89201635e-01
4.93164062e-02	8.65542492e-03	2.89591871e-01
4.93652344e-02	8.66957469e-03	2.89982768e-01
4.94140625e-02	8.68374356e-03	2.90374326e-01
4.94628906e-02	8.69793157e-03	2.90766548e-01
4.95117188e-02	8.71213875e-03	2.91159433e-01
4.95605469e-02	8.72636513e-03	2.91552983e-01
4.96093750e-02	8.74061074e-03	2.91947198e-01
4.96582031e-02	8.75487561e-03	2.92342080e-01
4.97070313e-02	8.76915979e-03	2.92737630e-01
4.97558594e-02	8.78346329e-03	2.93133849e-01
4.98046875e-02	8.79778615e-03	2.93530736e-01
4.98535156e-02	8.81212842e-03	2.93928295e-01
4.99023438e-02	8.82649011e-03	2.94326524e-01
4.99511719e-02	8.84087126e-03	2.94725426e-01
5.00000000e-02	8.85527190e-03	2.95125002e-01
5.00488281e-02	8.86969207e-03	2.95525252e-01
5.00976563e-02	8.88413181e-03	2.95926177e-01
5.01464844e-02	8.89859113e-03	2.96327778e-01
5.01953125e-02	8.91307008e-03	2.96730057e-01
5.02441406e-02	8.92756869e-03	2.97133014e-01
5.02929688e-02	8.94208699e-03	2.97536650e-01
5.03417969e-02	8.95662502e-03	2.97940966e-01
5.03906250e-02	8.97118281e-03	2.98345963e-01
5.04394531e-02	8.98576039e-03	2.98751643e-01
5.04882813e-02	9.00035779e-03	2.99158005e-01
5.05371094e-02	9.01497505e-03	2.99565052e-01
5.05859375e-02	9.02961221e-03	2.99972784e-01
5.06347656e-02	9.04426929e-03	3.00381202e-01
5.06835938e-02	9.05894633e-03	3.00790307e-01
5.07324219e-02	9.07364336e-03	3.01200100e-01
5.07812500e-02	9.08836041e-03	3.01610582e-01
5.08300781e-02	9.10309753e-03	3.02021754e-01
5.08789063e-02	9.11785474e-03	3.02433617e-01
5.09277344e-02	9.13263208e-03	3.02846173e-01
5.09765625e-02	9.14742958e-03	3.03259421e-01
5.10253906e-02	9.16224728e-03	3.03673364e-01
5.10742188e-02	9.17708520e-03	3.04088001e-01
5.11230469e-02	9.19194339e-03	3.04503335e-01
5.11718750e-02	9.20682187e-03	3.04919366e-01
5.12207031e-02	9.22172069e-03	3.05336094e-01
5.12695312e-02	9.23663987e-03	3.05753522e-01
5.13183594e-02	9.25157945e-03	3.06171650e-01
5.13671875e-02	9.26653946e-03	3.06590479e-01
5.14160156e-02	9.28151994e-03	3.07010011e-01
5.14648438e-02	9.29652092e-03	3.07430245e-01
5.15136719e-02	9.31154244e-03	3.07851184e-01
5.15625000e-02	9.32658453e-03	3.08272828e-01
5.16113281e-02	9.34164723e-03	3.08695178e-01
5.16601563e-02	9.35673056e-03	3.09118235e-01
5.17089844e-02	9.37183457e-03	3.09542001e-01
5.17578125e-02	9.38695929e-03	3.09966476e-01
5.18066406e-02	9.40210475e-03	3.10391662e-01
5.18554688e-02	9.41727099e-03	3.10817558e-01
5.19042969e-02	9.43245805e-03	3.11244168e-01
5.19531250e-02	9.44766595e-03	3.11671490e-01
5.20019531e-02	9.46289473e-03	3.12099527e-01
5.20507813e-02	9.47814444e-03	3.12528280e-01
5.20996094e-02	9.49341509e-03	3.12957749e-01
5.21484375e-02	9.50870673e-03	3.13387936e-01
5.21972656e-02	9.52401940e-03	3.13818842e-01
5.22460938e-02	9.53935312e-03	3.14250467e-01
5.22949219e-02	9.55470794e-03	3.14682813e-01
5.23437500e-02	9.57008388e-03	3.15115881e-01
5.23925781e-02	9.58548099e-03	3.15549672e-01
5.24414063e-02	9.60089930e-03	3.15984187e-01
5.24902344e-02	9.61633884e-03	3.16419426e-01
5.25390625e-02	9.63179965e-03	3.16855392e-01
5.25878906e-02	9.64728177e-03	3.17292085e-01
5.26367188e-02	9.66278522e-03	3.17729506e-01
5.26855469e-02	9.67831006e-03	3.18167656e-01
5.27343750e-02	9.69385630e-03	3.18606536e-01
5.27832031e-02	9.70942400e-03	3.19046148e-01
5.28320313e-02	9.72501317e-03	3.19486492e-01
5.28808594e-02	9.74062387e-03	3.19927570e-01
5.29296875e-02	9.75625612e-03	3.20369382e-01
5.29785156e-02	9.77190996e-03	3.20811930e-01
5.30273438e-02	9.78758542e-03	3.21255215e-01
5.30761719e-02	9.80328255e-03	3.21699238e-01
5.31250000e-02	9.81900138e-03	3.22143999e-01
5.31738281e-02	9.83474195e-03	3.22589500e-01
5.32226562e-02	9.85050428e-03	3.23035743e-01
5.32714844e-02	9.86628842e-03	3.23482727e-01
5.33203125e-02	9.88209441e-03	3.23930455e-01
5.33691406e-02	9.89792228e-03	3.24378927e-01
5.34179688e-02	9.91377206e-03	3.24828144e-01
5.34667969e-02	9.92964379e-03	3.25278108e-01
5.35156250e-02	9.94553752e-03	3.25728820e-01
5.35644531e-02	9.96145327e-03	3.26180280e-01
5.36132813e-02	9.97739108e-03	3.26632490e-01
5.36621094e-02	9.99335099e-03	3.27085450e-01
5.37109375e-02	1.00093330e-02	3.27539163e-01
5.37597656e-02	1.00253373e-02	3.27993629e-01
5.38085938e-02	1.00413637e-02	3.28448849e-01
5.38574219e-02	1.00574124e-02	3.28904825e-01
5.39062500e-02	1.00734833e-02	3.29361557e-01
5.39550781e-02	1.00895766e-02	3.29819046e-01
5.40039063e-02	1.01056922e-02	3.30277294e-01
5.40527344e-02	1.01218302e-02	3.30736302e-01
5.41015625e-02	1.01379907e-02	3.31196070e-01
5.41503906e-02	1.01541736e-02	3.31656601e-01
5.41992188e-02	1.01703791e-02	3.32117895e-01
5.42480469e-02	1.01866070e-02	3.32579952e-01
5.42968750e-02	1.02028576e-02	3.33042776e-01
5.43457031e-02	1.02191308e-02	3.33506366e-01
5.43945313e-02	1.02354266e-02	3.33970723e-01
5.44433594e-02	1.02517451e-02	3.34435849e-01
5.44921875e-02	1.02680864e-02	3.34901745e-01
5.45410156e-02	1.02844504e-02	3.35368412e-01
5.45898438e-02	1.03008372e-02	3.35835852e-01
5.46386719e-02	1.03172469e-02	3.36304064e-01
5.46875000e-02	1.03336794e-02	3.36773051e-01
5.47363281e-02	1.03501349e-02	3.37242814e-01
5.47851563e-02	1.03666133e-02	3.37713353e-01
5.48339844e-02	1.03831147e-02	3.38184670e-01
5.48828125e-02	1.03996392e-02	3.38656766e-01
5.49316406e-02	1.04161867e-02	3.39129643e-01
5.49804688e-02	1.04327573e-02	3.39603300e-01
5.50292969e-02	1.04493511e-02	3.40077740e-01
5.50781250e-02	1.04659681e-02	3.40552964e-01
5.51269531e-02	1.04826082e-02	3.41028973e-01
5.51757812e-02	1.04992717e-02	3.41505767e-01
5.52246094e-02	1.05159584e-02	3.41983349e-01
5.52734375e-02	1.05326685e-02	3.42461719e-01
5.53222656e-02	1.05494020e-02	3.42940878e-01
5.53710938e-02	1.05661589e-02	3.43420828e-01
5.54199219e-02	1.05829392e-02	3.43901570e-01
5.54687500e-02	1.05997430e-02	3.44383104e-01
5.55175781e-02	1.06165704e-02	3.44865433e-01
5.55664063e-02	1.06334213e-02	3.45348557e-01
5.56152344e-02	1.06502958e-02	3.45832478e-01
5.56640625e-02	1.06671940e-02	3.46317196e-01
5.57128906e-02	1.06841159e-02	3.46802713e-01
5.57617188e-02	1.07010615e-02	3.47289030e-01
5.58105469e-02	1.07180309e-02	3.47776148e-01
5.58593750e-02	1.07350240e-02	3.48264069e-01
5.59082031e-02	1.07520410e-02	3.48752794e-01
5.59570313e-02	1.07690819e-02	3.49242323e-01
5.60058594e-02	1.07861468e-02	3.49732658e-01
5.60546875e-02	1.08032355e-02	3.50223800e-01
5.61035156e-02	1.08203483e-02	3.50715751e-01
5.61523438e-02	1.08374851e-02	3.51208511e-01
5.62011719e-02	1.08546460e-02	3.51702082e-01
5.62500000e-02	1.08718311e-02	3.52196465e-01
5.62988281e-02	1.08890402e-02	3.52691661e-01
5.63476563e-02	1.09062736e-02	3.53187672e-01
5.63964844e-02	1.09235313e-02	3.53684498e-01
5.64453125e-02	1.09408132e-02	3.54182141e-01
5.64941406e-02	1.09581194e-02	3.54680602e-01
5.65429688e-02	1.09754499e-02	3.55179882e-01
5.65917969e-02	1.09928049e-02	3.55679983e-01
5.66406250e-02	1.10101843e-02	3.56180906e-01
5.66894531e-02	1.10275882e-02	3.56682651e-01
5.67382813e-02	1.10450167e-02	3.57185221e-01
5.67871094e-02	1.10624696e-02	3.57688615e-01
5.68359375e-02	1.10799472e-02	3.58192837e-01
5.68847656e-02	1.10974494e-02	3.58697886e-01
5.69335938e-02	1.11149763e-02	3.59203765e-01
5.69824219e-02	1.11325279e-02	3.59710473e-01
5.70312500e-02	1.11501043e-02	3.60218014e-01
5.70800781e-02	1.11677055e-02	3.60726387e-01
5.71289062e-02	1.11853315e-02	3.61235594e-01
5.71777344e-02	1.12029824e-02	3.61745636e-01
5.72265625e-02	1.12206583e-02	3.62256515e-01
5.72753906e-02	1.12383591e-02	3.62768231e-01
5.73242188e-02	1.12560849e-02	3.63280787e-01
5.73730469e-02	1.12738357e-02	3.63794183e-01
5.74218750e-02	1.12916117e-02	3.64308420e-01
5.74707031e-02	1.13094127e-02	3.64823500e-01
5.75195313e-02	1.13272390e-02	3.65339424e-01
5.75683594e-02	1.13450904e-02	3.65856194e-01
5.76171875e-02	1.13629671e-02	3.66373810e-01
5.76660156e-02	1.13808691e-02	3.66892273e-01
5.77148438e-02	1.13987965e-02	3.67411586e-01
5.77636719e-02	1.14167492e-02	3.67931750e-01
5.78125000e-02	1.14347273e-02	3.68452764e-01
5.78613281e-02	1.14527309e-02	3.68974632e-01
5.79101563e-02	1.14707600e-02	3.69497354e-01
5.79589844e-02	1.14888147e-02	3.70020932e-01
5.80078125e-02	1.15068949e-02	3.70545366e-01
5.80566406e-02	1.15250008e-02	3.71070658e-01
5.81054688e-02	1.15431323e-02	3.71596809e-01
5.81542969e-02	1.15612895e-02	3.72123821e-01
5.82031250e-02	1.15794725e-02	3.72651695e-01
5.82519531e-02	1.15976813e-02	3.73180432e-01
5.83007813e-02	1.16159160e-02	3.73710034e-01
5.83496094e-02	1.16341765e-02	3.74240501e-01
5.83984375e-02	1.16524629e-02	3.74771836e-01
5.84472656e-02	1.16707753e-02	3.75304038e-01
5.84960938e-02	1.16891137e-02	3.75837111e-01
5.85449219e-02	1.17074782e-02	3.76371054e-01
5.85937500e-02	1.17258687e-02	3.76905870e-01
5.86425781e-02	1.17442854e-02	3.77441559e-01
5.86914063e-02	1.17627283e-02	3.77978123e-01
5.87402344e-02	1.17811974e-02	3.78515563e-01
5.87890625e-02	1.17996927e-02	3.79053881e-01
5.88378906e-02	1.18182144e-02	3.79593078e-01
5.88867188e-02	1.18367624e-02	3.80133154e-01
5.89355469e-02	1.18553368e-02	3.80674113e-01
5.89843750e-02	1.18739376e-02	3.81215954e-01
5.90332031e-02	1.18925649e-02	3.81758679e-01
5.90820312e-02	1.19112187e-02	3.82302289e-01
5.91308594e-02	1.19298991e-02	3.82846787e-01
5.91796875e-02	1.19486061e-02	3.83392172e-01
5.92285156e-02	1.19673398e-02	3.83938447e-01
5.92773438e-02	1.19861001e-02	3.84485613e-01
5.93261719e-02	1.20048872e-02	3.85033671e-01
5.93750000e-02	1.20237011e-02	3.85582622e-01
5.94238281e-02	1.20425418e-02	3.86132469e-01
5.94726563e-02	1.20614094e-02	3.86683211e-01
5.95214844e-02	1.20803039e-02	3.87234851e-01
5.95703125e-02	1.20992253e-02	3.87787390e-01
5.96191406e-02	1.21181738e-02	3.88340829e-01
5.96679688e-02	1.21371492e-02	3.88895169e-01
5.97167969e-02	1.21561518e-02	3.89450413e-01
5.97656250e-02	1.21751815e-02	3.90006560e-01
5.98144531e-02	1.21942384e-02	3.90563614e-01
5.98632813e-02	1.22133225e-02	3.91121574e-01
5.99121094e-02	1.22324339e-02	3.91680443e-01
5.99609375e-02	1.22515726e-02	3.92240222e-01
6.00097656e-02	1.22707386e-02	3.92800912e-01
6.00585938e-02	1.22899321e-02	3.93362514e-01
6.01074219e-02	1.23091530e-02	3.93925030e-01
6.01562500e-02	1.23284013e-02	3.94488461e-01
6.02050781e-02	1.23476773e-02	3.95052809e-01
6.02539063e-02	1.23669807e-02	3.95618075e-01
6.03027344e-02	1.23863119e-02	3.96184261e-01
6.03515625e-02	1.24056706e-02	3.96751367e-01
6.04003906e-02	1.24250571e-02	3.97319396e-01
6.04492188e-02	1.24444714e-02	3.97888348e-01
6.04980469e-02	1.24639134e-02	3.98458225e-01
6.05468750e-02	1.24833833e-02	3.99029028e-01
6.05957031e-02	1.25028811e-02	3.99600759e-01
6.06445313e-02	1.25224069e-02	4.00173420e-01
6.06933594e-02	1.25419606e-02	4.00747010e-01
6.07421875e-02	1.25615423e-02	4.01321533e-01
6.07910156e-02	1.25811522e-02	4.01896990e-01
6.08398438e-02	1.26007901e-02	4.02473381e-01
6.08886719e-02	1.26204562e-02	4.03050708e-01
6.09375000e-02	1.26401506e-02	4.03628973e-01
6.09863281e-02	1.26598732e-02	4.04208177e-01
6.10351562e-02	1.26796240e-02	4.04788322e-01
6.10839844e-02	1.26994033e-02	4.05369408e-01
6.11328125e-02	1.27192109e-02	4.05951438e-01
6.11816406e-02	1.27390470e-02	4.06534413e-01
6.12304688e-02	1.27589116e-02	4.07118333e-01
6.12792969e-02	1.27788047e-02	4.07703202e-01
6.13281250e-02	1.27987264e-02	4.08289019e-01
6.13769531e-02	1.28186767e-02	4.08875787e-01
6.14257813e-02	1.28386557e-02	4.09463507e-01
6.14746094e-02	1.28586634e-02	4.10052180e-01
6.15234375e-02	1.28786998e-02	4.10641808e-01
6.15722656e-02	1.28987651e-02	4.11232393e-01
6.16210938e-02	1.29188593e-02	4.11823935e-01
6.16699219e-02	1.29389823e-02	4.12416436e-01
6.17187500e-02	1.29591343e-02	4.13009898e-01
6.17675781e-02	1.29793154e-02	4.13604322e-01
6.18164063e-02	1.29995254e-02	4.14199709e-01
6.18652344e-02	1.30197646e-02	4.14796062e-01
6.19140625e-02	1.30400329e-02	4.15393381e-01
6.19628906e-02	1.30603304e-02	4.15991668e-01
6.20117188e-02	1.30806571e-02	4.16590924e-01
6.20605469e-02	1.31010131e-02	4.17191151e-01
6.21093750e-02	1.31213984e-02	4.17792351e-01
6.21582031e-02	1.31418131e-02	4.18394524e-01
6.22070313e-02	1.31622573e-02	4.18997673e-01
6.22558594e-02	1.31827309e-02	4.19601799e-01
6.23046875e-02	1.32032341e-02	4.20206903e-01
6.23535156e-02	1.32237668e-02	4.20812986e-01
6.24023438e-02	1.32443291e-02	4.21420051e-01
6.24511719e-02	1.32649211e-02	4.22028099e-01
6.25000000e-02	1.32855428e-02	4.22637131e-01
6.25488281e-02	1.33061943e-02	4.23247149e-01
6.25976563e-02	1.33268756e-02	4.23858154e-01
6.26464844e-02	1.33475867e-02	4.24470147e-01
6.26953125e-02	1.33683277e-02	4.25083131e-01
6.27441406e-02	1.33890987e-02	4.25697107e-01
6.27929687e-02	1.34098997e-02	4.26312076e-01
6.28417969e-02	1.34307308e-02	4.26928040e-01
6.28906250e-02	1.34515920e-02	4.27545000e-01
6.29394531e-02	1.34724833e-02	4.28162958e-01
6.29882812e-02	1.34934048e-02	4.28781915e-01
6.30371094e-02	1.35143565e-02	4.29401873e-01
6.30859375e-02	1.35353386e-02	4.30022833e-01
6.31347656e-02	1.35563510e-02	4.30644798e-01
6.31835938e-02	1.35773938e-02	4.31267768e-01
6.32324219e-02	1.35984670e-02	4.31891744e-01
6.32812500e-02	1.36195707e-02	4.32516730e-01
6.33300781e-02	1.36407050e-02	4.33142725e-01
6.33789063e-02	1.36618698e-02	4.33769732e-01
6.34277344e-02	1.36830653e-02	4.34397752e-01
6.34765625e-02	1.37042915e-02	4.35026787e-01
6.35253906e-02	1.37255484e-02	4.35656838e-01
6.35742188e-02	1.37468361e-02	4.36287907e-01
6.36230469e-02	1.37681547e-02	4.36919995e-01
6.36718750e-02	1.37895041e-02	4.37553104e-01
6.37207031e-02	1.38108845e-02	4.38187236e-01
6.37695312e-02	1.38322959e-02	4.38822391e-01
6.38183594e-02	1.38537383e-02	4.39458572e-01
6.38671875e-02	1.38752118e-02	4.40095780e-01
6.39160156e-02	1.38967164e-02	4.40734017e-01
6.39648438e-02	1.39182522e-02	4.41373285e-01
6.40136719e-02	1.39398193e-02	4.42013584e-01
6.40625000e-02	1.39614177e-02	4.42654916e-01
6.41113281e-02	1.39830474e-02	4.43297284e-01
6.41601563e-02	1.40047084e-02	4.43940688e-01
6.42089844e-02	1.40264010e-02	4.44585130e-01
6.42578125e-02	1.40481250e-02	4.45230612e-01
6.43066406e-02	1.40698805e-02	4.45877136e-01
6.43554688e-02	1.40916677e-02	4.46524702e-01
6.44042969e-02	1.41134865e-02	4.47173313e-01
6.44531250e-02	1.41353370e-02	4.47822970e-01
6.45019531e-02	1.41572192e-02	4.48473675e-01
6.45507813e-02	1.41791333e-02	4.49125429e-01
6.45996094e-02	1.42010792e-02	4.49778234e-01
6.46484375e-02	1.42230570e-02	4.50432092e-01
6.46972656e-02	1.42450667e-02	4.51087004e-01
6.47460937e-02	1.42671084e-02	4.51742972e-01
6.47949219e-02	1.42891822e-02	4.52399997e-01
6.48437500e-02	1.43112882e-02	4.53058081e-01
6.48925781e-02	1.43334262e-02	4.53717226e-01
6.49414062e-02	1.43555965e-02	4.54377433e-01
6.49902344e-02	1.43777990e-02	4.55038704e-01
6.50390625e-02	1.44000339e-02	4.55701041e-01
6.50878906e-02	1.44223011e-02	4.56364445e-01
6.51367188e-02	1.44446008e-02	4.57028917e-01
6.51855469e-02	1.44669329e-02	4.57694460e-01
6.52343750e-02	1.44892975e-02	4.58361075e-01
6.52832031e-02	1.45116947e-02	4.59028764e-01
6.53320313e-02	1.45341246e-02	4.59697529e-01
6.53808594e-02	1.45565871e-02	4.60367370e-01
6.54296875e-02	1.45790824e-02	4.61038290e-01
6.54785156e-02	1.46016104e-02	4.61710290e-01
6.55273438e-02	1.46241713e-02	4.62383373e-01
6.55761719e-02	1.46467650e-02	4.63057539e-01
6.56250000e-02	1.46693918e-02	4.63732790e-01
6.56738281e-02	1.46920515e-02	4.64409128e-01
6.57226562e-02	1.47147442e-02	4.65086555e-01
6.57714844e-02	1.47374701e-02	4.65765073e-01
6.58203125e-02	1.47602291e-02	4.66444682e-01
6.58691406e-02	1.47830214e-02	4.67125385e-01
6.59179688e-02	1.48058469e-02	4.67807184e-01
6.59667969e-02	1.48287057e-02	4.68490079e-01
6.60156250e-02	1.48515979e-02	4.69174074e-01
6.60644531e-02	1.48745235e-02	4.69859168e-01
6.61132813e-02	1.48974826e-02	4.70545365e-01
6.61621094e-02	1.49204752e-02	4.71232666e-01
6.62109375e-02	1.49435014e-02	4.71921072e-01
6.62597656e-02	1.49665613e-02	4.72610586e-01
6.63085938e-02	1.49896548e-02	4.73301208e-01
6.63574219e-02	1.50127821e-02	4.73992941e-01
6.64062500e-02	1.50359432e-02	4.74685786e-01
6.64550781e-02	1.50591382e-02	4.75379746e-01
6.65039063e-02	1.50823671e-02	4.76074821e-01
6.65527344e-02	1.51056299e-02	4.76771013e-01
6.66015625e-02	1.51289268e-02	4.77468325e-01
6.66503906e-02	1.51522577e-02	4.78166758e-01
6.66992187e-02	1.51756228e-02	4.78866314e-01
6.67480469e-02	1.51990220e-02	4.79566993e-01
6.67968750e-02	1.52224555e-02	4.80268799e-01
6.68457031e-02	1.52459233e-02	4.80971733e-01
6.68945312e-02	1.52694254e-02	4.81675797e-01
6.69433594e-02	1.52929620e-02	4.82380992e-01
6.69921875e-02	1.53165330e-02	4.83087319e-01
6.70410156e-02	1.53401385e-02	4.83794782e-01
6.70898438e-02	1.53637786e-02	4.84503381e-01
6.71386719e-02	1.53874533e-02	4.85213119e-01
6.71875000e-02	1.54111627e-02	4.85923997e-01
6.72363281e-02	1.54349069e-02	4.86636016e-01
6.72851563e-02	1.54586858e-02	4.87349179e-01
6.73339844e-02	1.54824996e-02	4.88063488e-01
6.73828125e-02	1.55063483e-02	4.88778944e-01
6.74316406e-02	1.55302319e-02	4.89495548e-01
6.74804688e-02	1.55541506e-02	4.90213304e-01
6.75292969e-02	1.55781044e-02	4.90932211e-01
6.75781250e-02	1.56020932e-02	4.91652273e-01
6.76269531e-02	1.56261173e-02	4.92373491e-01
6.76757812e-02	1.56501766e-02	4.93095867e-01
6.77246094e-02	1.56742712e-02	4.93819403e-01
6.77734375e-02	1.56984012e-02	4.94544100e-01
6.78222656e-02	1.57225666e-02	4.95269960e-01
6.78710938e-02	1.57467674e-02	4.95996985e-01
6.79199219e-02	1.57710038e-02	4.96725176e-01
6.79687500e-02	1.57952758e-02	4.97454537e-01
6.80175781e-02	1.58195834e-02	4.98185068e-01
6.80664063e-02	1.58439267e-02	4.98916771e-01
6.81152344e-02	1.58683057e-02	4.99649648e-01
6.81640625e-02	1.58927206e-02	5.00383700e-01
6.82128906e-02	1.59171714e-02	5.01118931e-01
6.82617188e-02	1.59416580e-02	5.01855341e-01
6.83105469e-02	1.59661807e-02	5.02592932e-01
6.83593750e-02	1.59907394e-02	5.03331707e-01
6.84082031e-02	1.60153342e-02	5.04071666e-01
6.84570313e-02	1.60399652e-02	5.04812812e-01
6.85058594e-02	1.60646324e-02	5.05555147e-01
6.85546875e-02	1.60893358e-02	5.06298672e-01
6.86035156e-02	1.61140756e-02	5.07043390e-01
6.86523437e-02	1.61388518e-02	5.07789302e-01
6.87011719e-02	1.61636645e-02	5.08536409e-01
6.87500000e-02	1.61885136e-02	5.09284715e-01
6.87988281e-02	1.62133993e-02	5.10034220e-01
6.88476562e-02	1.62383217e-02	5.10784927e-01
6.88964844e-02	1.62632807e-02	5.11536838e-01
6.89453125e-02	1.62882765e-02	5.12289953e-01
6.89941406e-02	1.63133090e-02	5.13044276e-01
6.90429688e-02	1.63383785e-02	5.13799808e-01
6.90917969e-02	1.63634848e-02	5.14556551e-01
6.91406250e-02	1.63886282e-02	5.15314507e-01
6.91894531e-02	1.64138086e-02	5.16073677e-01
6.92382813e-02	1.64390260e-02	5.16834064e-01
6.92871094e-02	1.64642807e-02	5.17595669e-01
6.93359375e-02	1.64895725e-02	5.18358495e-01
6.93847656e-02	1.65149016e-02	5.19122543e-01
6.94335938e-02	1.65402681e-02	5.19887815e-01
6.94824219e-02	1.65656720e-02	5.20654313e-01
6.95312500e-02	1.65911133e-02	5.21422039e-01
6.95800781e-02	1.66165921e-02	5.22190995e-01
6.96289062e-02	1.66421085e-02	5.22961182e-01
6.96777344e-02	1.66676626e-02	5.23732604e-01
6.97265625e-02	1.66932543e-02	5.24505260e-01
6.97753906e-02	1.67188838e-02	5.25279155e-01
6.98242188e-02	1.67445511e-02	5.26054289e-01
6.98730469e-02	1.67702563e-02	5.26830664e-01
6.99218750e-02	1.67959995e-02	5.27608282e-01
6.99707031e-02	1.68217806e-02	5.28387146e-01
7.00195313e-02	1.68475998e-02	5.29167256e-01
7.00683594e-02	1.68734571e-02	5.29948616e-01
7.01171875e-02	1.68993526e-02	5.30731227e-01
7.01660156e-02	1.69252864e-02	5.31515091e-01
7.02148438e-02	1.69512584e-02	5.32300210e-01
7.02636719e-02	1.69772689e-02	5.33086585e-01
7.03125000e-02	1.70033177e-02	5.33874220e-01
7.03613281e-02	1.70294050e-02	5.34663115e-01
7.04101563e-02	1.70555309e-02	5.35453273e-01
7.04589844e-02	1.70816954e-02	5.36244696e-01
7.05078125e-02	1.71078986e-02	5.37037385e-01
7.05566406e-02	1.71341405e-02	5.37831343e-01
7.06054687e-02	1.71604212e-02	5.38626572e-01
7.06542969e-02	1.71867408e-02	5.39423073e-01
7.07031250e-02	1.72130993e-02	5.40220849e-01
7.07519531e-02	1.72394968e-02	5.41019901e-01
7.08007812e-02	1.72659333e-02	5.41820232e-01
7.08496094e-02	1.72924089e-02	5.42621843e-01
7.08984375e-02	1.73189237e-02	5.43424737e-01
7.09472656e-02	1.73454778e-02	5.44228916e-01
7.09960938e-02	1.73720711e-02	5.45034381e-01
7.10449219e-02	1.73987038e-02	5.45841135e-01
7.10937500e-02	1.74253760e-02	5.46649179e-01
7.11425781e-02	1.74520876e-02	5.47458516e-01
7.11914063e-02	1.74788387e-02	5.48269147e-01
7.12402344e-02	1.75056295e-02	5.49081075e-01
7.12890625e-02	1.75324600e-02	5.49894301e-01
7.13378906e-02	1.75593302e-02	5.50708829e-01
7.13867188e-02	1.75862402e-02	5.51524659e-01
7.14355469e-02	1.76131900e-02	5.52341793e-01
7.14843750e-02	1.76401798e-02	5.53160234e-01
7.15332031e-02	1.76672096e-02	5.53979985e-01
7.15820312e-02	1.76942795e-02	5.54801045e-01
7.16308594e-02	1.77213894e-02	5.55623419e-01
7.16796875e-02	1.77485396e-02	5.56447108e-01
7.17285156e-02	1.77757300e-02	5.57272114e-01
7.17773438e-02	1.78029607e-02	5.58098438e-01
7.18261719e-02	1.78302318e-02	5.58926084e-01
7.18750000e-02	1.78575434e-02	5.59755053e-01
7.19238281e-02	1.78848954e-02	5.60585347e-01
7.19726563e-02	1.79122881e-02	5.61416969e-01
7.20214844e-02	1.79397214e-02	5.62249919e-01
7.20703125e-02	1.79671953e-02	5.63084202e-01
7.21191406e-02	1.79947101e-02	5.63919817e-01
7.21679688e-02	1.80222657e-02	5.64756769e-01
7.22167969e-02	1.80498621e-02	5.65595058e-01
7.22656250e-02	1.80774996e-02	5.66434686e-01
7.23144531e-02	1.81051781e-02	5.67275657e-01
7.23632813e-02	1.81328976e-02	5.68117972e-01
7.24121094e-02	1.81606584e-02	5.68961632e-01
7.24609375e-02	1.81884603e-02	5.69806641e-01
7.25097656e-02	1.82163036e-02	5.70653000e-01
7.25585937e-02	1.82441882e-02	5.71500712e-01
7.26074219e-02	1.82721142e-02	5.72349778e-01
7.26562500e-02	1.83000818e-02	5.73200200e-01
7.27050781e-02	1.83280908e-02	5.74051982e-01
7.27539062e-02	1.83561416e-02	5.74905124e-01
7.28027344e-02	1.83842340e-02	5.75759629e-01
7.28515625e-02	1.84123681e-02	5.76615500e-01
7.29003906e-02	1.84405441e-02	5.77472737e-01
7.29492188e-02	1.84687620e-02	5.78331345e-01
7.29980469e-02	1.84970218e-02	5.79191323e-01
7.30468750e-02	1.85253237e-02	5.80052676e-01
7.30957031e-02	1.85536676e-02	5.80915404e-01
7.31445313e-02	1.85820537e-02	5.81779510e-01
7.31933594e-02	1.86104820e-02	5.82644997e-01
7.32421875e-02	1.86389527e-02	5.83511865e-01
7.32910156e-02	1.86674657e-02	5.84380119e-01
7.33398438e-02	1.86960211e-02	5.85249759e-01
7.33886719e-02	1.87246190e-02	5.86120787e-01
7.34375000e-02	1.87532595e-02	5.86993207e-01
7.34863281e-02	1.87819426e-02	5.87867020e-01
7.35351562e-02	1.88106684e-02	5.88742229e-01
7.35839844e-02	1.88394370e-02	5.89618834e-01
7.36328125e-02	1.88682484e-02	5.90496840e-01
7.36816406e-02	1.88971027e-02	5.91376248e-01
7.37304688e-02	1.89260000e-02	5.92257060e-01
7.37792969e-02	1.89549403e-02	5.93139278e-01
7.38281250e-02	1.89839238e-02	5.94022905e-01
7.38769531e-02	1.90129504e-02	5.94907942e-01
7.39257813e-02	1.90420203e-02	5.95794393e-01
7.39746094e-02	1.90711335e-02	5.96682259e-01
7.40234375e-02	1.91002901e-02	5.97571542e-01
7.40722656e-02	1.91294901e-02	5.98462245e-01
7.41210938e-02	1.91587337e-02	5.99354369e-01
7.41699219e-02	1.91880209e-02	6.00247918e-01
7.42187500e-02	1.92173517e-02	6.01142893e-01
7.42675781e-02	1.92467263e-02	6.02039297e-01
7.43164063e-02	1.92761446e-02	6.02937132e-01
7.43652344e-02	1.93056069e-02	6.03836399e-01
7.44140625e-02	1.93351131e-02	6.04737102e-01
7.44628906e-02	1.93646633e-02	6.05639243e-01
7.45117187e-02	1.93942576e-02	6.06542824e-01
7.45605469e-02	1.94238960e-02	6.07447846e-01
7.46093750e-02	1.94535787e-02	6.08354313e-01
7.46582031e-02	1.94833056e-02	6.09262227e-01
7.47070312e-02	1.95130770e-02	6.10171589e-01
7.47558594e-02	1.95428928e-02	6.11082403e-01
7.48046875e-02	1.95727530e-02	6.11994670e-01
7.48535156e-02	1.96026579e-02	6.12908393e-01
7.49023438e-02	1.96326074e-02	6.13823574e-01
7.49511719e-02	1.96626016e-02	6.14740216e-01
7.50000000e-02	1.96926407e-02	6.15658320e-01
7.50488281e-02	1.97227246e-02	6.16577889e-01
7.50976563e-02	1.97528534e-02	6.17498925e-01
7.51464844e-02	1.97830272e-02	6.18421431e-01
7.51953125e-02	1.98132461e-02	6.19345408e-01
7.52441406e-02	1.98435102e-02	6.20270860e-01
7.52929688e-02	1.98738195e-02	6.21197789e-01
7.53417969e-02	1.99041741e-02	6.22126196e-01
7.53906250e-02	1.99345740e-02	6.23056084e-01
7.54394531e-02	1.99650194e-02	6.23987456e-01
7.54882813e-02	1.99955104e-02	6.24920314e-01
7.55371094e-02	2.00260469e-02	6.25854660e-01
7.55859375e-02	2.00566290e-02	6.26790496e-01
7.56347656e-02	2.00872569e-02	6.27727826e-01
7.56835938e-02	2.01179306e-02	6.28666650e-01
7.57324219e-02	2.01486502e-02	6.29606972e-01
7.57812500e-02	2.01794157e-02	6.30548795e-01
7.58300781e-02	2.02102272e-02	6.31492119e-01
7.58789063e-02	2.02410849e-02	6.32436948e-01
7.59277344e-02	2.02719887e-02	6.33383284e-01
7.59765625e-02	2.03029388e-02	6.34331130e-01
7.60253906e-02	2.03339351e-02	6.35280487e-01
7.60742188e-02	2.03649779e-02	6.36231358e-01
7.61230469e-02	2.03960671e-02	6.37183746e-01
7.61718750e-02	2.04272029e-02	6.38137653e-01
7.62207031e-02	2.04583853e-02	6.39093082e-01
7.62695313e-02	2.04896144e-02	6.40050034e-01
7.63183594e-02	2.05208902e-02	6.41008512e-01
7.63671875e-02	2.05522129e-02	6.41968519e-01
7.64160156e-02	2.05835825e-02	6.42930057e-01
7.64648438e-02	2.06149991e-02	6.43893128e-01
7.65136719e-02	2.06464627e-02	6.44857735e-01
7.65625000e-02	2.06779735e-02	6.45823881e-01
7.66113281e-02	2.07095315e-02	6.46791567e-01
7.66601562e-02	2.07411368e-02	6.47760796e-01
7.67089844e-02	2.07727894e-02	6.48731571e-01
7.67578125e-02	2.08044895e-02	6.49703893e-01
7.68066406e-02	2.08362371e-02	6.50677766e-01
7.68554688e-02	2.08680323e-02	6.51653192e-01
7.69042969e-02	2.08998752e-02	6.52630174e-01
7.69531250e-02	2.09317658e-02	6.53608713e-01
7.70019531e-02	2.09637042e-02	6.54588812e-01
7.70507813e-02	2.09956905e-02	6.55570474e-01
7.70996094e-02	2.10277248e-02	6.56553702e-01
7.71484375e-02	2.10598071e-02	6.57538497e-01
7.71972656e-02	2.10919375e-02	6.58524862e-01
7.72460938e-02	2.11241162e-02	6.59512800e-01
7.72949219e-02	2.11563431e-02	6.60502313e-01
7.73437500e-02	2.11886184e-02	6.61493403e-01
7.73925781e-02	2.12209421e-02	6.62486074e-01
7.74414063e-02	2.12533144e-02	6.63480327e-01
7.74902344e-02	2.12857352e-02	6.64476165e-01
7.75390625e-02	2.13182047e-02	6.65473591e-01
7.75878906e-02	2.13507229e-02	6.66472607e-01
7.76367188e-02	2.13832899e-02	6.67473216e-01
7.76855469e-02	2.14159058e-02	6.68475420e-01
7.77343750e-02	2.14485707e-02	6.69479221e-01
7.77832031e-02	2.14812847e-02	6.70484623e-01
7.78320313e-02	2.15140478e-02	6.71491628e-01
7.78808594e-02	2.15468601e-02	6.72500238e-01
7.79296875e-02	2.15797217e-02	6.73510455e-01
7.79785156e-02	2.16126326e-02	6.74522283e-01
7.80273438e-02	2.16455930e-02	6.75535724e-01
7.80761719e-02	2.16786030e-02	6.76550781e-01
7.81250000e-02	2.17116625e-02	6.77567455e-01
7.81738281e-02	2.17447717e-02	6.78585751e-01
7.82226563e-02	2.17779307e-02	6.79605669e-01
7.82714844e-02	2.18111395e-02	6.80627213e-01
7.83203125e-02	2.18443982e-02	6.81650385e-01
7.83691406e-02	2.18777070e-02	6.82675189e-01
7.84179688e-02	2.19110658e-02	6.83701626e-01
7.84667969e-02	2.19444747e-02	6.84729699e-01
7.85156250e-02	2.19779339e-02	6.85759410e-01
7.85644531e-02	2.20114435e-02	6.86790763e-01
7.86132812e-02	2.20450034e-02	6.87823760e-01
7.86621094e-02	2.20786138e-02	6.88858403e-01
7.87109375e-02	2.21122748e-02	6.89894696e-01
7.87597656e-02	2.21459864e-02	6.90932640e-01
7.88085938e-02	2.21797487e-02	6.91972238e-01
7.88574219e-02	2.22135618e-02	6.93013494e-01
7.89062500e-02	2.22474258e-02	6.94056409e-01
7.89550781e-02	2.22813408e-02	6.95100986e-01
7.90039063e-02	2.23153068e-02	6.96147228e-01
7.90527344e-02	2.23493240e-02	6.97195138e-01
7.91015625e-02	2.23833923e-02	6.98244718e-01
7.91503906e-02	2.24175120e-02	6.99295971e-01
7.91992188e-02	2.24516830e-02	7.00348899e-01
7.92480469e-02	2.24859055e-02	7.01403505e-01
7.92968750e-02	2.25201795e-02	7.02459792e-01
7.93457031e-02	2.25545051e-02	7.03517763e-01
7.93945313e-02	2.25888824e-02	7.04577420e-01
7.94433594e-02	2.26233115e-02	7.05638765e-01
7.94921875e-02	2.26577925e-02	7.06701802e-01
7.95410156e-02	2.26923254e-02	7.07766534e-01
7.95898438e-02	2.27269104e-02	7.08832962e-01
7.96386719e-02	2.27615474e-02	7.09901090e-01
7.96875000e-02	2.27962367e-02	7.10970920e-01
7.97363281e-02	2.28309782e-02	7.12042455e-01
7.97851563e-02	2.28657721e-02	7.13115698e-01
7.98339844e-02	2.29006185e-02	7.14190651e-01
7.98828125e-02	2.29355173e-02	7.15267318e-01
7.99316406e-02	2.29704688e-02	7.16345700e-01
7.99804688e-02	2.30054730e-02	7.17425801e-01
8.00292969e-02	2.30405300e-02	7.18507623e-01
8.00781250e-02	2.30756398e-02	7.19591170e-01
8.01269531e-02	2.31108026e-02	7.20676443e-01
8.01757813e-02	2.31460184e-02	7.21763446e-01
8.02246094e-02	2.31812874e-02	7.22852181e-01
8.02734375e-02	2.32166095e-02	7.23942651e-01
8.03222656e-02	2.32519849e-02	7.25034859e-01
8.03710938e-02	2.32874137e-02	7.26128808e-01
8.04199219e-02	2.33228960e-02	7.27224500e-01
8.04687500e-02	2.33584318e-02	7.28321938e-01
8.05175781e-02	2.33940212e-02	7.29421126e-01
8.05664062e-02	2.34296644e-02	7.30522065e-01
8.06152344e-02	2.34653613e-02	7.31624758e-01
8.06640625e-02	2.35011121e-02	7.32729209e-01
8.07128906e-02	2.35369169e-02	7.33835420e-01
8.07617188e-02	2.35727758e-02	7.34943394e-01
8.08105469e-02	2.36086888e-02	7.36053134e-01
8.08593750e-02	2.36446560e-02	7.37164642e-01
8.09082031e-02	2.36806776e-02	7.38277922e-01
8.09570313e-02	2.37167535e-02	7.39392976e-01
8.10058594e-02	2.37528840e-02	7.40509806e-01
8.10546875e-02	2.37890690e-02	7.41628417e-01
8.11035156e-02	2.38253086e-02	7.42748811e-01
8.11523438e-02	2.38616031e-02	7.43870990e-01
8.12011719e-02	2.38979523e-02	7.44994957e-01
8.12500000e-02	2.39343565e-02	7.46120716e-01
8.12988281e-02	2.39708157e-02	7.47248269e-01
8.13476563e-02	2.40073300e-02	7.48377619e-01
8.13964844e-02	2.40438995e-02	7.49508769e-01
8.14453125e-02	2.40805243e-02	7.50641721e-01
8.14941406e-02	2.41172044e-02	7.51776479e-01
8.15429688e-02	2.41539400e-02	7.52913046e-01
8.15917969e-02	2.41907311e-02	7.54051424e-01
8.16406250e-02	2.42275779e-02	7.55191616e-01
8.16894531e-02	2.42644804e-02	7.56333625e-01
8.17382813e-02	2.43014386e-02	7.57477455e-01
8.17871094e-02	2.43384528e-02	7.58623107e-01
8.18359375e-02	2.43755230e-02	7.59770585e-01
8.18847656e-02	2.44126492e-02	7.60919893e-01
8.19335938e-02	2.44498316e-02	7.62071032e-01
8.19824219e-02	2.44870703e-02	7.63224005e-01
8.20312500e-02	2.45243652e-02	7.64378816e-01
8.20800781e-02	2.45617167e-02	7.65535468e-01
8.21289063e-02	2.45991246e-02	7.66693963e-01
8.21777344e-02	2.46365892e-02	7.67854305e-01
8.22265625e-02	2.46741104e-02	7.69016496e-01
8.22753906e-02	2.47116885e-02	7.70180539e-01
8.23242188e-02	2.47493234e-02	7.71346438e-01
8.23730469e-02	2.47870153e-02	7.72514195e-01
8.24218750e-02	2.48247643e-02	7.73683813e-01
8.24707031e-02	2.48625704e-02	7.74855296e-01
8.25195312e-02	2.49004338e-02	7.76028645e-01
8.25683594e-02	2.49383545e-02	7.77203865e-01
8.26171875e-02	2.49763327e-02	7.78380958e-01
8.26660156e-02	2.50143683e-02	7.79559927e-01
8.27148438e-02	2.50524616e-02	7.80740776e-01
8.27636719e-02	2.50906126e-02	7.81923507e-01
8.28125000e-02	2.51288214e-02	7.83108122e-01
8.28613281e-02	2.51670880e-02	7.84294627e-01
8.29101563e-02	2.52054127e-02	7.85483022e-01
8.29589844e-02	2.52437954e-02	7.86673312e-01
8.30078125e-02	2.52822363e-02	7.87865499e-01
8.30566406e-02	2.53207355e-02	7.89059586e-01
8.31054688e-02	2.53592930e-02	7.90255577e-01
8.31542969e-02	2.53979089e-02	7.91453474e-01
8.32031250e-02	2.54365834e-02	7.92653281e-01
8.32519531e-02	2.54753165e-02	7.93855001e-01
8.33007813e-02	2.55141083e-02	7.95058636e-01
8.33496094e-02	2.55529590e-02	7.96264190e-01
8.33984375e-02	2.55918686e-02	7.97471665e-01
8.34472656e-02	2.56308371e-02	7.98681066e-01
8.34960938e-02	2.56698648e-02	7.99892394e-01
8.35449219e-02	2.57089517e-02	8.01105654e-01
8.35937500e-02	2.57480978e-02	8.02320848e-01
8.36425781e-02	2.57873034e-02	8.03537979e-01
8.36914063e-02	2.58265684e-02	8.04757050e-01
8.37402344e-02	2.58658930e-02	8.05978065e-01
8.37890625e-02	2.59052772e-02	8.07201027e-01
8.38378906e-02	2.59447212e-02	8.08425938e-01
8.38867188e-02	2.59842251e-02	8.09652802e-01
8.39355469e-02	2.60237889e-02	8.10881623e-01
8.39843750e-02	2.60634128e-02	8.12112402e-01
8.40332031e-02	2.61030968e-02	8.13345144e-01
8.40820313e-02	2.61428411e-02	8.14579851e-01
8.41308594e-02	2.61826457e-02	8.15816527e-01
8.41796875e-02	2.62225107e-02	8.17055174e-01
8.42285156e-02	2.62624363e-02	8.18295797e-01
8.42773438e-02	2.63024225e-02	8.19538397e-01
8.43261719e-02	2.63424694e-02	8.20782979e-01
8.43750000e-02	2.63825771e-02	8.22029545e-01
8.44238281e-02	2.64227458e-02	8.23278100e-01
8.44726562e-02	2.64629754e-02	8.24528645e-01
8.45214844e-02	2.65032662e-02	8.25781184e-01
8.45703125e-02	2.65436182e-02	8.27035720e-01
8.46191406e-02	2.65840314e-02	8.28292257e-01
8.46679688e-02	2.66245061e-02	8.29550797e-01
8.47167969e-02	2.66650423e-02	8.30811345e-01
8.47656250e-02	2.67056401e-02	8.32073902e-01
8.48144531e-02	2.67462996e-02	8.33338473e-01
8.48632813e-02	2.67870209e-02	8.34605061e-01
8.49121094e-02	2.68278040e-02	8.35873669e-01
8.49609375e-02	2.68686492e-02	8.37144299e-01
8.50097656e-02	2.69095564e-02	8.38416956e-01
8.50585938e-02	2.69505259e-02	8.39691643e-01
8.51074219e-02	2.69915576e-02	8.40968363e-01
8.51562500e-02	2.70326518e-02	8.42247119e-01
8.52050781e-02	2.70738084e-02	8.43527914e-01
8.52539063e-02	2.71150276e-02	8.44810752e-01
8.53027344e-02	2.71563095e-02	8.46095637e-01
8.53515625e-02	2.71976542e-02	8.47382570e-01
8.54003906e-02	2.72390617e-02	8.48671557e-01
8.54492188e-02	2.72805323e-02	8.49962599e-01
8.54980469e-02	2.73220659e-02	8.51255700e-01
8.55468750e-02	2.73636628e-02	8.52550864e-01
8.55957031e-02	2.74053229e-02	8.53848095e-01
8.56445313e-02	2.74470464e-02	8.55147394e-01
8.56933594e-02	2.74888335e-02	8.56448766e-01
8.57421875e-02	2.75306841e-02	8.57752214e-01
8.57910156e-02	2.75725984e-02	8.59057741e-01
8.58398438e-02	2.76145765e-02	8.60365351e-01
8.58886719e-02	2.76566185e-02	8.61675047e-01
8.59375000e-02	2.76987245e-02	8.62986832e-01
8.59863281e-02	2.77408946e-02	8.64300710e-01
8.60351563e-02	2.77831289e-02	8.65616684e-01
8.60839844e-02	2.78254275e-02	8.66934758e-01
8.61328125e-02	2.78677905e-02	8.68254934e-01
8.61816406e-02	2.79102181e-02	8.69577217e-01
8.62304688e-02	2.79527102e-02	8.70901610e-01
8.62792969e-02	2.79952671e-02	8.72228115e-01
8.63281250e-02	2.80378888e-02	8.73556737e-01
8.63769531e-02	2.80805754e-02	8.74887479e-01
8.64257812e-02	2.81233271e-02	8.76220345e-01
8.64746094e-02	2.81661439e-02	8.77555337e-01
8.65234375e-02	2.82090259e-02	8.78892460e-01
8.65722656e-02	2.82519733e-02	8.80231716e-01
8.66210938e-02	2.82949861e-02	8.81573109e-01
8.66699219e-02	2.83380645e-02	8.82916643e-01
8.67187500e-02	2.83812085e-02	8.84262321e-01
8.67675781e-02	2.84244183e-02	8.85610146e-01
8.68164063e-02	2.84676939e-02	8.86960123e-01
8.68652344e-02	2.85110355e-02	8.88312254e-01
8.69140625e-02	2.85544432e-02	8.89666542e-01
8.69628906e-02	2.85979171e-02	8.91022993e-01
8.70117188e-02	2.86414572e-02	8.92381608e-01
8.70605469e-02	2.86850638e-02	8.93742392e-01
8.71093750e-02	2.87287368e-02	8.95105347e-01
8.71582031e-02	2.87724764e-02	8.96470478e-01
8.72070313e-02	2.88162828e-02	8.97837788e-01
8.72558594e-02	2.88601560e-02	8.99207281e-01
8.73046875e-02	2.89040961e-02	9.00578959e-01
8.73535156e-02	2.89481032e-02	9.01952828e-01
8.74023438e-02	2.89921774e-02	9.03328889e-01
8.74511719e-02	2.90363189e-02	9.04707147e-01
8.75000000e-02	2.90805278e-02	9.06087605e-01
8.75488281e-02	2.91248041e-02	9.07470267e-01
8.75976563e-02	2.91691480e-02	9.08855137e-01
8.76464844e-02	2.92135596e-02	9.10242217e-01
8.76953125e-02	2.92580389e-02	9.11631512e-01
8.77441406e-02	2.93025861e-02	9.13023025e-01
8.77929688e-02	2.93472014e-02	9.14416760e-01
8.78417969e-02	2.93918847e-02	9.15812720e-01
8.78906250e-02	2.94366362e-02	9.17210909e-01
8.79394531e-02	2.94814561e-02	9.18611331e-01
8.79882813e-02	2.95263444e-02	9.20013989e-01
8.80371094e-02	2.95713013e-02	9.21418887e-01
8.80859375e-02	2.96163268e-02	9.22826028e-01
8.81347656e-02	2.96614211e-02	9.24235416e-01
8.81835938e-02	2.97065842e-02	9.25647055e-01
8.82324219e-02	2.97518164e-02	9.27060948e-01
8.82812500e-02	2.97971176e-02	9.28477099e-01
8.83300781e-02	2.98424880e-02	9.29895513e-01
8.83789062e-02	2.98879277e-02	9.31316191e-01
8.84277344e-02	2.99334369e-02	9.32739138e-01
8.84765625e-02	2.99790156e-02	9.34164359e-01
8.85253906e-02	3.00246639e-02	9.35591855e-01
8.85742188e-02	3.00703820e-02	9.37021632e-01
8.86230469e-02	3.01161700e-02	9.38453693e-01
8.86718750e-02	3.01620280e-02	9.39888041e-01
8.87207031e-02	3.02079560e-02	9.41324681e-01
8.87695313e-02	3.02539543e-02	9.42763615e-01
8.88183594e-02	3.03000228e-02	9.44204848e-01
8.88671875e-02	3.03461618e-02	9.45648384e-01
8.89160156e-02	3.03923714e-02	9.47094226e-01
8.89648438e-02	3.04386516e-02	9.48542378e-01
8.90136719e-02	3.04850025e-02	9.49992843e-01
8.90625000e-02	3.05314244e-02	9.51445626e-01
8.91113281e-02	3.05779172e-02	9.52900731e-01
8.91601563e-02	3.06244811e-02	9.54358160e-01
8.92089844e-02	3.06711163e-02	9.55817918e-01
8.92578125e-02	3.07178228e-02	9.57280009e-01
8.93066406e-02	3.07646007e-02	9.58744436e-01
8.93554688e-02	3.08114502e-02	9.60211203e-01
8.94042969e-02	3.08583714e-02	9.61680315e-01
8.94531250e-02	3.09053644e-02	9.63151774e-01
8.95019531e-02	3.09524292e-02	9.64625585e-01
8.95507813e-02	3.09995661e-02	9.66101751e-01
8.95996094e-02	3.10467752e-02	9.67580277e-01
8.96484375e-02	3.10940565e-02	9.69061165e-01
8.96972656e-02	3.11414101e-02	9.70544421e-01
8.97460938e-02	3.11888362e-02	9.72030048e-01
8.97949219e-02	3.12363350e-02	9.73518049e-01
8.98437500e-02	3.12839064e-02	9.75008429e-01
8.98925781e-02	3.13315507e-02	9.76501192e-01
8.99414063e-02	3.13792679e-02	9.77996341e-01
8.99902344e-02	3.14270582e-02	9.79493880e-01
9.00390625e-02	3.14749217e-02	9.80993813e-01
9.00878906e-02	3.15228585e-02	9.82496144e-01
9.01367188e-02	3.15708686e-02	9.84000878e-01
9.01855469e-02	3.16189523e-02	9.85508017e-01
9.02343750e-02	3.16671097e-02	9.87017566e-01
9.02832031e-02	3.17153408e-02	9.88529529e-01
9.03320312e-02	3.17636459e-02	9.90043909e-01
9.03808594e-02	3.18120249e-02	9.91560711e-01
9.04296875e-02	3.18604780e-02	9.93079939e-01
9.04785156e-02	3.19090054e-02	9.94601596e-01
9.05273438e-02	3.19576071e-02	9.96125687e-01
9.05761719e-02	3.20062834e-02	9.97652215e-01
9.06250000e-02	3.20550342e-02	9.99181185e-01
9.06738281e-02	3.21038597e-02	1.00071260e+00
9.07226563e-02	3.21527601e-02	1.00224647e+00
9.07714844e-02	3.22017354e-02	1.00378278e+00
9.08203125e-02	3.22507858e-02	1.00532156e+00
9.08691406e-02	3.22999114e-02	1.00686280e+00
9.09179688e-02	3.23491123e-02	1.00840650e+00
9.09667969e-02	3.23983886e-02	1.00995267e+00
9.10156250e-02	3.24477405e-02	1.01150132e+00
9.10644531e-02	3.24971681e-02	1.01305244e+00
9.11132813e-02	3.25466715e-02	1.01460605e+00
9.11621094e-02	3.25962508e-02	1.01616214e+00
9.12109375e-02	3.26459062e-02	1.01772072e+00
9.12597656e-02	3.26956377e-02	1.01928179e+00
9.13085938e-02	3.27454455e-02	1.02084536e+00
9.13574219e-02	3.27953297e-02	1.02241144e+00
9.14062500e-02	3.28452904e-02	1.02398002e+00
9.14550781e-02	3.28953278e-02	1.02555111e+00
9.15039063e-02	3.29454419e-02	1.02712472e+00
9.15527344e-02	3.29956330e-02	1.02870084e+00
9.16015625e-02	3.30459010e-02	1.03027949e+00
9.16503906e-02	3.30962463e-02	1.03186066e+00
9.16992188e-02	3.31466688e-02	1.03344436e+00
9.17480469e-02	3.31971686e-02	1.03503060e+00
9.17968750e-02	3.32477460e-02	1.03661938e+00
9.18457031e-02	3.32984011e-02	1.03821070e+00
9.18945313e-02	3.33491338e-02	1.03980457e+00
9.19433594e-02	3.33999445e-02	1.04140099e+00
9.19921875e-02	3.34508332e-02	1.04299997e+00
9.20410156e-02	3.35018001e-02	1.04460151e+00
9.20898438e-02	3.35528452e-02	1.04620561e+00
9.21386719e-02	3.36039686e-02	1.04781228e+00
9.21875000e-02	3.36551706e-02	1.04942152e+00
9.22363281e-02	3.37064513e-02	1.05103334e+00
9.22851562e-02	3.37578107e-02	1.05264774e+00
9.23339844e-02	3.38092490e-02	1.05426473e+00
9.23828125e-02	3.38607663e-02	1.05588430e+00
9.24316406e-02	3.39123627e-02	1.05750647e+00
9.24804688e-02	3.39640385e-02	1.05913124e+00
9.25292969e-02	3.40157936e-02	1.06075861e+00
9.25781250e-02	3.40676282e-02	1.06238858e+00
9.26269531e-02	3.41195425e-02	1.06402117e+00
9.26757813e-02	3.41715366e-02	1.06565637e+00
9.27246094e-02	3.42236106e-02	1.06729420e+00
9.27734375e-02	3.42757646e-02	1.06893464e+00
9.28222656e-02	3.43279988e-02	1.07057772e+00
9.28710938e-02	3.43803133e-02	1.07222342e+00
9.29199219e-02	3.44327082e-02	1.07387177e+00
9.29687500e-02	3.44851836e-02	1.07552275e+00
9.30175781e-02	3.45377398e-02	1.07717638e+00
9.30664063e-02	3.45903767e-02	1.07883266e+00
9.31152344e-02	3.46430946e-02	1.08049160e+00
9.31640625e-02	3.46958935e-02	1.08215319e+00
9.32128906e-02	3.47487737e-02	1.08381745e+00
9.32617188e-02	3.48017351e-02	1.08548437e+00
9.33105469e-02	3.48547781e-02	1.08715396e+00
9.33593750e-02	3.49079026e-02	1.08882623e+00
9.34082031e-02	3.49611088e-02	1.09050119e+00
9.34570313e-02	3.50143969e-02	1.09217882e+00
9.35058594e-02	3.50677670e-02	1.09385915e+00
9.35546875e-02	3.51212192e-02	1.09554217e+00
9.36035156e-02	3.51747536e-02	1.09722789e+00
9.36523438e-02	3.52283704e-02	1.09891631e+00
9.37011719e-02	3.52820697e-02	1.10060743e+00
9.37500000e-02	3.53358517e-02	1.10230127e+00
9.37988281e-02	3.53897164e-02	1.10399783e+00
9.38476563e-02	3.54436640e-02	1.10569711e+00
9.38964844e-02	3.54976947e-02	1.10739911e+00
9.39453125e-02	3.55518085e-02	1.10910384e+00
9.39941406e-02	3.56060057e-02	1.11081130e+00
9.40429688e-02	3.56602862e-02	1.11252150e+00
9.40917969e-02	3.57146504e-02	1.11423445e+00
9.41406250e-02	3.57690983e-02	1.11595014e+00
9.41894531e-02	3.58236300e-02	1.11766859e+00
9.42382812e-02	3.58782457e-02	1.11938979e+00
9.42871094e-02	3.59329455e-02	1.12111376e+00
9.43359375e-02	3.59877295e-02	1.12284049e+00
9.43847656e-02	3.60425979e-02	1.12456999e+00
9.44335938e-02	3.60975509e-02	1.12630226e+00
9.44824219e-02	3.61525884e-02	1.12803732e+00
9.45312500e-02	3.62077108e-02	1.12977515e+00
9.45800781e-02	3.62629181e-02	1.13151578e+00
9.46289063e-02	3.63182105e-02	1.13325920e+00
9.46777344e-02	3.63735880e-02	1.13500542e+00
9.47265625e-02	3.64290509e-02	1.13675444e+00
9.47753906e-02	3.64845993e-02	1.13850627e+00
9.48242188e-02	3.65402332e-02	1.14026091e+00
9.48730469e-02	3.65959529e-02	1.14201837e+00
9.49218750e-02	3.66517585e-02	1.14377864e+00
9.49707031e-02	3.67076501e-02	1.14554175e+00
9.50195313e-02	3.67636279e-02	1.14730768e+00
9.50683594e-02	3.68196920e-02	1.14907645e+00
9.51171875e-02	3.68758425e-02	1.15084806e+00
9.51660156e-02	3.69320796e-02	1.15262251e+00
9.52148438e-02	3.69884033e-02	1.15439982e+00
9.52636719e-02	3.70448140e-02	1.15617997e+00
9.53125000e-02	3.71013116e-02	1.15796299e+00
9.53613281e-02	3.71578964e-02	1.15974887e+00
9.54101563e-02	3.72145684e-02	1.16153761e+00
9.54589844e-02	3.72713279e-02	1.16332924e+00
9.55078125e-02	3.73281749e-02	1.16512373e+00
9.55566406e-02	3.73851095e-02	1.16692111e+00
9.56054688e-02	3.74421321e-02	1.16872138e+00
9.56542969e-02	3.74992426e-02	1.17052454e+00
9.57031250e-02	3.75564412e-02	1.17233060e+00
9.57519531e-02	3.76137280e-02	1.17413956e+00
9.58007813e-02	3.76711033e-02	1.17595142e+00
9.58496094e-02	3.77285671e-02	1.17776620e+00
9.58984375e-02	3.77861196e-02	1.17958389e+00
9.59472656e-02	3.78437609e-02	1.18140450e+00
9.59960938e-02	3.79014912e-02	1.18322804e+00
9.60449219e-02	3.79593106e-02	1.18505451e+00
9.60937500e-02	3.80172193e-02	1.18688392e+00
9.61425781e-02	3.80752173e-02	1.18871626e+00
9.61914062e-02	3.81333049e-02	1.19055155e+00
9.62402344e-02	3.81914822e-02	1.19238979e+00
9.62890625e-02	3.82497493e-02	1.19423099e+00
9.63378906e-02	3.83081064e-02	1.19607515e+00
9.63867188e-02	3.83665536e-02	1.19792227e+00
9.64355469e-02	3.84250910e-02	1.19977236e+00
9.64843750e-02	3.84837189e-02	1.20162542e+00
9.65332031e-02	3.85424374e-02	1.20348147e+00
9.65820313e-02	3.86012465e-02	1.20534050e+00
9.66308594e-02	3.86601465e-02	1.20720252e+00
9.66796875e-02	3.87191374e-02	1.20906753e+00
9.67285156e-02	3.87782195e-02	1.21093555e+00
9.67773438e-02	3.88373929e-02	1.21280657e+00
9.68261719e-02	3.88966577e-02	1.21468060e+00
9.68750000e-02	3.89560142e-02	1.21655764e+00
9.69238281e-02	3.90154623e-02	1.21843770e+00
9.69726563e-02	3.90750023e-02	1.22032079e+00
9.70214844e-02	3.91346343e-02	1.22220691e+00
9.70703125e-02	3.91943585e-02	1.22409606e+00
9.71191406e-02	3.92541750e-02	1.22598825e+00
9.71679688e-02	3.93140840e-02	1.22788349e+00
9.72167969e-02	3.93740856e-02	1.22978177e+00
9.72656250e-02	3.94341799e-02	1.23168312e+00
9.73144531e-02	3.94943672e-02	1.23358752e+00
9.73632813e-02	3.95546475e-02	1.23549498e+00
9.74121094e-02	3.96150211e-02	1.23740552e+00
9.74609375e-02	3.96754880e-02	1.23931913e+00
9.75097656e-02	3.97360484e-02	1.24123583e+00
9.75585938e-02	3.97967025e-02	1.24315561e+00
9.76074219e-02	3.98574504e-02	1.24507848e+00
9.76562500e-02	3.99182923e-02	1.24700444e+00
9.77050781e-02	3.99792283e-02	1.24893351e+00
9.77539063e-02	4.00402585e-02	1.25086569e+00
9.78027344e-02	4.01013832e-02	1.25280097e+00
9.78515625e-02	4.01626024e-02	1.25473937e+00
9.79003906e-02	4.02239164e-02	1.25668090e+00
9.79492188e-02	4.02853253e-02	1.25862555e+00
9.79980469e-02	4.03468291e-02	1.26057333e+00
9.80468750e-02	4.04084282e-02	1.26252426e+00
9.80957031e-02	4.04701226e-02	1.26447832e+00
9.81445312e-02	4.05319125e-02	1.26643553e+00
9.81933594e-02	4.05937980e-02	1.26839590e+00
9.82421875e-02	4.06557794e-02	1.27035943e+00
9.82910156e-02	4.07178566e-02	1.27232611e+00
9.83398438e-02	4.07800300e-02	1.27429597e+00
9.83886719e-02	4.08422997e-02	1.27626901e+00
9.84375000e-02	4.09046658e-02	1.27824522e+00
9.84863281e-02	4.09671284e-02	1.28022462e+00
9.85351563e-02	4.10296878e-02	1.28220721e+00
9.85839844e-02	4.10923440e-02	1.28419299e+00
9.86328125e-02	4.11550973e-02	1.28618198e+00
9.86816406e-02	4.12179478e-02	1.28817417e+00
9.87304688e-02	4.12808957e-02	1.29016958e+00
9.87792969e-02	4.13439410e-02	1.29216820e+00
9.88281250e-02	4.14070840e-02	1.29417004e+00
9.88769531e-02	4.14703249e-02	1.29617512e+00
9.89257813e-02	4.15336637e-02	1.29818342e+00
9.89746094e-02	4.15971007e-02	1.30019497e+00
9.90234375e-02	4.16606360e-02	1.30220976e+00
9.90722656e-02	4.17242697e-02	1.30422780e+00
9.91210938e-02	4.17880020e-02	1.30624910e+00
9.91699219e-02	4.18518332e-02	1.30827365e+00
9.92187500e-02	4.19157632e-02	1.31030148e+00
9.92675781e-02	4.19797924e-02	1.31233257e+00
9.93164063e-02	4.20439208e-02	1.31436694e+00
9.93652344e-02	4.21081486e-02	1.31640460e+00
9.94140625e-02	4.21724760e-02	1.31844554e+00
9.94628906e-02	4.22369031e-02	1.32048978e+00
9.95117188e-02	4.23014301e-02	1.32253732e+00
9.95605469e-02	4.23660572e-02	1.32458816e+00
9.96093750e-02	4.24307845e-02	1.32664231e+00
9.96582031e-02	4.24956122e-02	1.32869978e+00
9.97070313e-02	4.25605405e-02	1.33076057e+00
9.97558594e-02	4.26255694e-02	1.33282468e+00
9.98046875e-02	4.26906992e-02	1.33489213e+00
9.98535156e-02	4.27559300e-02	1.33696292e+00
9.99023438e-02	4.28212621e-02	1.33903705e+00
9.99511719e-02	4.28866955e-02	1.34111454e+00
1.00000000e-01	4.29522304e-02	1.34319537e+00
