0.00000000e+00	0.00000000e+00	8.17800268e-15
4.88281250e-05	3.99344840e-19	8.17916198e-15
9.76562500e-05	7.98753961e-19	8.18063560e-15
1.46484375e-04	1.19839521e-18	8.18866992e-15
1.95312500e-04	1.59781727e-18	8.17165758e-15
2.44140625e-04	1.99664924e-18	8.16450017e-15
2.92968750e-04	2.39574822e-18	8.18259402e-15
3.41796875e-04	2.79573117e-18	8.20070744e-15
3.90625000e-04	3.19662692e-18	8.21998259e-15
4.39453125e-04	3.59850494e-18	8.24094112e-15
4.88281250e-04	4.00145394e-18	8.26384969e-15
5.37109375e-04	4.40531460e-18	8.27828313e-15
5.85937500e-04	4.80995585e-18	8.29582242e-15
6.34765625e-04	5.21552711e-18	8.31637627e-15
6.83593750e-04	5.62217371e-18	8.33986856e-15
7.32421875e-04	6.03003761e-18	8.36623668e-15
7.81250000e-04	6.43925797e-18	8.39542951e-15
8.30078125e-04	6.84980744e-18	8.42067656e-15
8.78906250e-04	7.26166615e-18	8.44905628e-15
9.27734375e-04	7.67498537e-18	8.48049889e-15
9.76562500e-04	8.08991324e-18	8.51494688e-15
1.02539063e-03	8.50659537e-18	8.55235293e-15
1.07421875e-03	8.92517523e-18	8.59267821e-15
1.12304688e-03	9.34567412e-18	8.63095646e-15
1.17187500e-03	9.76811704e-18	8.67230547e-15
1.22070312e-03	1.01926530e-17	8.71668662e-15
1.26953125e-03	1.06193229e-17	8.75971385e-15
1.31835938e-03	1.10481704e-17	8.80587824e-15
1.36718750e-03	1.14793477e-17	8.85514564e-15
1.41601563e-03	1.19130058e-17	8.90748770e-15
1.46484375e-03	1.23492941e-17	8.96288123e-15
1.51367188e-03	1.27882723e-17	9.01766726e-15
1.56250000e-03	1.32300021e-17	9.07558614e-15
1.61132813e-03	1.36745526e-17	9.13320264e-15
1.66015625e-03	1.41219946e-17	9.19401920e-15
1.70898438e-03	1.45724837e-17	9.25801774e-15
1.75781250e-03	1.50260988e-17	9.32205645e-15
1.80664063e-03	1.54829200e-17	9.38933709e-15
1.85546875e-03	1.59430328e-17	9.45688604e-15
1.90429688e-03	1.64065245e-17	9.52773075e-15
1.95312500e-03	1.68735555e-17	9.60186024e-15
2.00195313e-03	1.73442192e-17	9.67652530e-15
2.05078125e-03	1.78185456e-17	9.75188363e-15
2.09960937e-03	1.82966351e-17	9.83066355e-15
2.14843750e-03	1.87786539e-17	9.91282571e-15
2.19726562e-03	1.92647061e-17	9.99587199e-15
2.24609375e-03	1.97548971e-17	1.00823511e-14
2.29492188e-03	2.02493362e-17	1.01698745e-14
2.34375000e-03	2.07481339e-17	1.02608809e-14
2.39257813e-03	2.12514045e-17	1.03530825e-14
2.44140625e-03	2.17592086e-17	1.04465747e-14
2.49023438e-03	2.22716116e-17	1.05414494e-14
2.53906250e-03	2.27887882e-17	1.06421069e-14
2.58789063e-03	2.33109158e-17	1.07442396e-14
2.63671875e-03	2.38380685e-17	1.08479342e-14
2.68554688e-03	2.43703743e-17	1.09553120e-14
2.73437500e-03	2.49079645e-17	1.10643811e-14
2.78320313e-03	2.54509236e-17	1.11752225e-14
2.83203125e-03	2.59993872e-17	1.12898461e-14
2.88085938e-03	2.65534939e-17	1.14063657e-14
2.92968750e-03	2.71133382e-17	1.15248581e-14
2.97851563e-03	2.76790631e-17	1.16472339e-14
3.02734375e-03	2.82508145e-17	1.17717024e-14
3.07617188e-03	2.88286530e-17	1.18965613e-14
3.12500000e-03	2.94126861e-17	1.20254356e-14
3.17382812e-03	3.00030683e-17	1.21566208e-14
3.22265625e-03	3.05999142e-17	1.22901876e-14
3.27148438e-03	3.12033826e-17	1.24278756e-14
3.32031250e-03	3.18135948e-17	1.25664150e-14
3.36914063e-03	3.24306744e-17	1.27091651e-14
3.41796875e-03	3.30547885e-17	1.28545502e-14
3.46679688e-03	3.36860675e-17	1.30026388e-14
3.51562500e-03	3.43246451e-17	1.31534994e-14
3.56445313e-03	3.49706583e-17	1.33072000e-14
3.61328125e-03	3.56242474e-17	1.34638084e-14
3.66210938e-03	3.62855560e-17	1.36233921e-14
3.71093750e-03	3.69547310e-17	1.37860188e-14
3.75976563e-03	3.76319228e-17	1.39517560e-14
3.80859375e-03	3.83172848e-17	1.41206713e-14
3.85742188e-03	3.90109739e-17	1.42928324e-14
3.90625000e-03	3.97131160e-17	1.44669106e-14
3.95507812e-03	4.04238748e-17	1.46457668e-14
4.00390625e-03	4.11434177e-17	1.48267105e-14
4.05273438e-03	4.18719149e-17	1.50125346e-14
4.10156250e-03	4.26095406e-17	1.52006163e-14
4.15039062e-03	4.33564397e-17	1.53923701e-14
4.19921875e-03	4.41127614e-17	1.55865667e-14
4.24804688e-03	4.48786901e-17	1.57858728e-14
4.29687500e-03	4.56544143e-17	1.59877913e-14
4.34570313e-03	4.64400947e-17	1.61936762e-14
4.39453125e-03	4.72359266e-17	1.64035983e-14
4.44335937e-03	4.80420789e-17	1.66164028e-14
4.49218750e-03	4.88587246e-17	1.68334019e-14
4.54101563e-03	4.96860407e-17	1.70534682e-14
4.58984375e-03	5.05242086e-17	1.72778878e-14
4.63867188e-03	5.13734139e-17	1.75055598e-14
4.68750000e-03	5.22338461e-17	1.77377458e-14
4.73632813e-03	5.31057276e-17	1.79745208e-14
4.78515625e-03	5.39892565e-17	1.82148224e-14
4.83398438e-03	5.48846349e-17	1.84598777e-14
4.88281250e-03	5.57920969e-17	1.87097645e-14
4.93164063e-03	5.67118263e-17	1.89623520e-14
4.98046875e-03	5.76440114e-17	1.92199509e-14
5.02929688e-03	5.85888989e-17	1.94826415e-14
5.07812500e-03	5.95466871e-17	1.97483595e-14
5.12695312e-03	6.05175785e-17	2.00193531e-14
5.17578125e-03	6.15018071e-17	2.02946529e-14
5.22460938e-03	6.24995858e-17	2.05743625e-14
5.27343750e-03	6.35111324e-17	2.08585863e-14
5.32226563e-03	6.45366949e-17	2.11484526e-14
5.37109375e-03	6.55765261e-17	2.14430345e-14
5.41992188e-03	6.66308590e-17	2.17424386e-14
5.46875000e-03	6.76999315e-17	2.20467725e-14
5.51757813e-03	6.87839871e-17	2.23561443e-14
5.56640625e-03	6.98832744e-17	2.26706632e-14
5.61523438e-03	7.09980237e-17	2.29894693e-14
5.66406250e-03	7.21284710e-17	2.33136516e-14
5.71289063e-03	7.32749048e-17	2.36442745e-14
5.76171875e-03	7.44376187e-17	2.39804897e-14
5.81054688e-03	7.56168659e-17	2.43214744e-14
5.85937500e-03	7.68129050e-17	2.46682882e-14
5.90820313e-03	7.80260236e-17	2.50210473e-14
5.95703125e-03	7.92564924e-17	2.53789550e-14
6.00585938e-03	8.05045882e-17	2.57430511e-14
6.05468750e-03	8.17705942e-17	2.61125559e-14
6.10351562e-03	8.30547996e-17	2.64884964e-14
6.15234375e-03	8.43575216e-17	2.68709946e-14
6.20117188e-03	8.56790619e-17	2.72592964e-14
6.25000000e-03	8.70197286e-17	2.76544110e-14
6.29882813e-03	8.83798363e-17	2.80556008e-14
6.34765625e-03	8.97596851e-17	2.84630067e-14
6.39648438e-03	9.11596028e-17	2.88776217e-14
6.44531250e-03	9.25799239e-17	2.92987320e-14
6.49414063e-03	9.40209692e-17	2.97264827e-14
6.54296875e-03	9.54830664e-17	3.01610200e-14
6.59179688e-03	9.69665506e-17	3.06024914e-14
6.64062500e-03	9.84717639e-17	3.10510460e-14
6.68945313e-03	9.99990559e-17	3.15068343e-14
6.73828125e-03	1.01548784e-16	3.19700084e-14
6.78710938e-03	1.03121311e-16	3.24407219e-14
6.83593750e-03	1.04717011e-16	3.29191302e-14
6.88476563e-03	1.06336262e-16	3.34053903e-14
6.93359375e-03	1.07979451e-16	3.38996609e-14
6.98242188e-03	1.09646956e-16	3.44013235e-14
7.03125000e-03	1.11339159e-16	3.49113252e-14
7.08007812e-03	1.13056454e-16	3.54290615e-14
7.12890625e-03	1.14799240e-16	3.59554722e-14
7.17773438e-03	1.16567946e-16	3.64907252e-14
7.22656250e-03	1.18362989e-16	3.70342379e-14
7.27539063e-03	1.20184777e-16	3.75861923e-14
7.32421875e-03	1.22033726e-16	3.81467727e-14
7.37304688e-03	1.23910281e-16	3.87169025e-14
7.42187500e-03	1.25814894e-16	3.92960274e-14
7.47070313e-03	1.27747990e-16	3.98836093e-14
7.51953125e-03	1.29710024e-16	4.04812966e-14
7.56835938e-03	1.31701475e-16	4.10885556e-14
7.61718750e-03	1.33722799e-16	4.17048689e-14
7.66601563e-03	1.35774477e-16	4.23318634e-14
7.71484375e-03	1.37857001e-16	4.29683215e-14
7.76367188e-03	1.39970856e-16	4.36151561e-14
7.81250000e-03	1.42116535e-16	4.42718771e-14
7.86132813e-03	1.44294545e-16	4.49393934e-14
7.91015625e-03	1.46505400e-16	4.56172285e-14
7.95898438e-03	1.48749626e-16	4.63062877e-14
8.00781250e-03	1.51027761e-16	4.70061082e-14
8.05664062e-03	1.53340335e-16	4.77169171e-14
8.10546875e-03	1.55687890e-16	4.84389442e-14
8.15429687e-03	1.58070980e-16	4.91724220e-14
8.20312500e-03	1.60490170e-16	4.99175858e-14
8.25195313e-03	1.62946035e-16	5.06746735e-14
8.30078125e-03	1.65439165e-16	5.14439260e-14
8.34960938e-03	1.67970143e-16	5.22249362e-14
8.39843750e-03	1.70539566e-16	5.30186058e-14
8.44726563e-03	1.73148057e-16	5.38251848e-14
8.49609375e-03	1.75796222e-16	5.46436482e-14
8.54492188e-03	1.78484678e-16	5.54755393e-14
8.59375000e-03	1.81214089e-16	5.63211156e-14
8.64257812e-03	1.83985113e-16	5.71800111e-14
8.69140625e-03	1.86798406e-16	5.80524989e-14
8.74023438e-03	1.89654640e-16	5.89388560e-14
8.78906250e-03	1.92554484e-16	5.98387438e-14
8.83789063e-03	1.95498620e-16	6.07530678e-14
8.88671875e-03	1.98487760e-16	6.16821152e-14
8.93554688e-03	2.01522616e-16	6.26255684e-14
8.98437500e-03	2.04603912e-16	6.35843335e-14
9.03320312e-03	2.07732390e-16	6.45581070e-14
9.08203125e-03	2.10908789e-16	6.55471977e-14
9.13085937e-03	2.14133865e-16	6.65519178e-14
9.17968750e-03	2.17408389e-16	6.75725839e-14
9.22851563e-03	2.20733147e-16	6.86095163e-14
9.27734375e-03	2.24108942e-16	6.96630394e-14
9.32617188e-03	2.27536592e-16	7.07334821e-14
9.37500000e-03	2.31016916e-16	7.18205977e-14
9.42382813e-03	2.34550737e-16	7.29247293e-14
9.47265625e-03	2.38138895e-16	7.40462248e-14
9.52148438e-03	2.41782260e-16	7.51860069e-14
9.57031250e-03	2.45481720e-16	7.63438585e-14
9.61914063e-03	2.49238151e-16	7.75195760e-14
9.66796875e-03	2.53052450e-16	7.87140931e-14
9.71679688e-03	2.56925543e-16	7.99277806e-14
9.76562500e-03	2.60858361e-16	8.11604574e-14
9.81445313e-03	2.64851842e-16	8.24125098e-14
9.86328125e-03	2.68906940e-16	8.36843288e-14
9.91210938e-03	2.73024632e-16	8.49763106e-14
9.96093750e-03	2.77205910e-16	8.62888563e-14
1.00097656e-02	2.81451790e-16	8.76223728e-14
1.00585938e-02	2.85763304e-16	8.89772720e-14
1.01074219e-02	2.90141482e-16	9.03528962e-14
1.01562500e-02	2.94587372e-16	9.17507491e-14
1.02050781e-02	2.99102057e-16	9.31707269e-14
1.02539062e-02	3.03686614e-16	9.46127394e-14
1.03027344e-02	3.08342144e-16	9.60777644e-14
1.03515625e-02	3.13069781e-16	9.75662534e-14
1.04003906e-02	3.17870670e-16	9.90781415e-14
1.04492188e-02	3.22745976e-16	1.00614417e-13
1.04980469e-02	3.27696890e-16	1.02175033e-13
1.05468750e-02	3.32724613e-16	1.03760470e-13
1.05957031e-02	3.37830354e-16	1.05370704e-13
1.06445313e-02	3.43015351e-16	1.07006744e-13
1.06933594e-02	3.48280861e-16	1.08668582e-13
1.07421875e-02	3.53628159e-16	1.10356732e-13
1.07910156e-02	3.59058529e-16	1.12071209e-13
1.08398438e-02	3.64573281e-16	1.13813046e-13
1.08886719e-02	3.70173765e-16	1.15582775e-13
1.09375000e-02	3.75861344e-16	1.17380442e-13
1.09863281e-02	3.81637394e-16	1.19206597e-13
1.10351563e-02	3.87503322e-16	1.21061801e-13
1.10839844e-02	3.93460547e-16	1.22946133e-13
1.11328125e-02	3.99510506e-16	1.24860173e-13
1.11816406e-02	4.05654675e-16	1.26804993e-13
1.12304688e-02	4.11894560e-16	1.28780703e-13
1.12792969e-02	4.18231672e-16	1.30787425e-13
1.13281250e-02	4.24667553e-16	1.32826254e-13
1.13769531e-02	4.31203774e-16	1.34897334e-13
1.14257813e-02	4.37841912e-16	1.37000823e-13
1.14746094e-02	4.44583579e-16	1.39137840e-13
1.15234375e-02	4.51430426e-16	1.41309037e-13
1.15722656e-02	4.58384129e-16	1.43514605e-13
1.16210938e-02	4.65446380e-16	1.45755215e-13
1.16699219e-02	4.72618909e-16	1.48031552e-13
1.17187500e-02	4.79903464e-16	1.50343843e-13
1.17675781e-02	4.87301819e-16	1.52692794e-13
1.18164063e-02	4.94815782e-16	1.55079121e-13
1.18652344e-02	5.02447184e-16	1.57503091e-13
1.19140625e-02	5.10197892e-16	1.59965899e-13
1.19628906e-02	5.18069809e-16	1.62467837e-13
1.20117188e-02	5.26064854e-16	1.65009213e-13
1.20605469e-02	5.34184983e-16	1.67591251e-13
1.21093750e-02	5.42432188e-16	1.70214285e-13
1.21582031e-02	5.50808492e-16	1.72879110e-13
1.22070312e-02	5.59315943e-16	1.75586089e-13
1.22558594e-02	5.67956620e-16	1.78336043e-13
1.23046875e-02	5.76732642e-16	1.81129808e-13
1.23535156e-02	5.85646168e-16	1.83968228e-13
1.24023438e-02	5.94699379e-16	1.86851285e-13
1.24511719e-02	6.03894486e-16	1.89780292e-13
1.25000000e-02	6.13233743e-16	1.92755700e-13
1.25488281e-02	6.22719439e-16	1.95778410e-13
1.25976563e-02	6.32353916e-16	1.98849766e-13
1.26464844e-02	6.42139551e-16	2.01969835e-13
1.26953125e-02	6.52078745e-16	2.05139560e-13
1.27441406e-02	6.62173937e-16	2.08359471e-13
1.27929688e-02	6.72427609e-16	2.11630967e-13
1.28417969e-02	6.82842286e-16	2.14954187e-13
1.28906250e-02	6.93420527e-16	2.18330557e-13
1.29394531e-02	7.04164931e-16	2.21760254e-13
1.29882813e-02	7.15078139e-16	2.25244733e-13
1.30371094e-02	7.26162840e-16	2.28784625e-13
1.30859375e-02	7.37421766e-16	2.32380998e-13
1.31347656e-02	7.48857692e-16	2.36034521e-13
1.31835938e-02	7.60473435e-16	2.39746293e-13
1.32324219e-02	7.72271866e-16	2.43517432e-13
1.32812500e-02	7.84255891e-16	2.47348251e-13
1.33300781e-02	7.96428463e-16	2.51240314e-13
1.33789063e-02	8.08792582e-16	2.55193977e-13
1.34277344e-02	8.21351293e-16	2.59210835e-13
1.34765625e-02	8.34107702e-16	2.63291691e-13
1.35253906e-02	8.47064965e-16	2.67437771e-13
1.35742188e-02	8.60226275e-16	2.71649516e-13
1.36230469e-02	8.73594882e-16	2.75928595e-13
1.36718750e-02	8.87174093e-16	2.80275890e-13
1.37207031e-02	9.00967271e-16	2.84692708e-13
1.37695313e-02	9.14977835e-16	2.89179974e-13
1.38183594e-02	9.29209246e-16	2.93738641e-13
1.38671875e-02	9.43665016e-16	2.98369686e-13
1.39160156e-02	9.58348721e-16	3.03074888e-13
1.39648438e-02	9.73264008e-16	3.07855266e-13
1.40136719e-02	9.88414573e-16	3.12711861e-13
1.40625000e-02	1.00380416e-15	3.17645743e-13
1.41113281e-02	1.01943659e-15	3.22658388e-13
1.41601562e-02	1.03531573e-15	3.27751297e-13
1.42089844e-02	1.05144554e-15	3.32925607e-13
1.42578125e-02	1.06783001e-15	3.38182484e-13
1.43066406e-02	1.08447322e-15	3.43523119e-13
1.43554688e-02	1.10137927e-15	3.48948732e-13
1.44042969e-02	1.11855235e-15	3.54460944e-13
1.44531250e-02	1.13599675e-15	3.60061403e-13
1.45019531e-02	1.15371678e-15	3.65751029e-13
1.45507813e-02	1.17171685e-15	3.71531895e-13
1.45996094e-02	1.19000144e-15	3.77404981e-13
1.46484375e-02	1.20857510e-15	3.83372039e-13
1.46972656e-02	1.22744245e-15	3.89434478e-13
1.47460938e-02	1.24660817e-15	3.95593736e-13
1.47949219e-02	1.26607705e-15	4.01851283e-13
1.48437500e-02	1.28585391e-15	4.08208985e-13
1.48925781e-02	1.30594368e-15	4.14668005e-13
1.49414063e-02	1.32635135e-15	4.21230268e-13
1.49902344e-02	1.34708201e-15	4.27897729e-13
1.50390625e-02	1.36814083e-15	4.34671288e-13
1.50878906e-02	1.38953303e-15	4.41553323e-13
1.51367188e-02	1.41126396e-15	4.48545522e-13
1.51855469e-02	1.43333904e-15	4.55649607e-13
1.52343750e-02	1.45576376e-15	4.62866977e-13
1.52832031e-02	1.47854372e-15	4.70200135e-13
1.53320313e-02	1.50168460e-15	4.77650552e-13
1.53808594e-02	1.52519220e-15	4.85220440e-13
1.54296875e-02	1.54907237e-15	4.92911345e-13
1.54785156e-02	1.57333107e-15	5.00725199e-13
1.55273438e-02	1.59797436e-15	5.08663974e-13
1.55761719e-02	1.62300839e-15	5.16730029e-13
1.56250000e-02	1.64843943e-15	5.24925061e-13
1.56738281e-02	1.67427381e-15	5.33251157e-13
1.57226563e-02	1.70051799e-15	5.41710787e-13
1.57714844e-02	1.72717856e-15	5.50305771e-13
1.58203125e-02	1.75426216e-15	5.59038658e-13
1.58691406e-02	1.78177559e-15	5.67911353e-13
1.59179688e-02	1.80972572e-15	5.76926143e-13
1.59667969e-02	1.83811955e-15	5.86085022e-13
1.60156250e-02	1.86696417e-15	5.95390704e-13
1.60644531e-02	1.89626682e-15	6.04845946e-13
1.61132812e-02	1.92603485e-15	6.14452534e-13
1.61621094e-02	1.95627571e-15	6.24212978e-13
1.62109375e-02	1.98699697e-15	6.34129832e-13
1.62597656e-02	2.01820633e-15	6.44205698e-13
1.63085937e-02	2.04991162e-15	6.54442891e-13
1.63574219e-02	2.08212078e-15	6.64844111e-13
1.64062500e-02	2.11484188e-15	6.75412433e-13
1.64550781e-02	2.14808315e-15	6.86149992e-13
1.65039063e-02	2.18185293e-15	6.97059963e-13
1.65527344e-02	2.21615969e-15	7.08144913e-13
1.66015625e-02	2.25101205e-15	7.19407793e-13
1.66503906e-02	2.28641876e-15	7.30851277e-13
1.66992188e-02	2.32238873e-15	7.42478423e-13
1.67480469e-02	2.35893097e-15	7.54292015e-13
1.67968750e-02	2.39605469e-15	7.66295220e-13
1.68457031e-02	2.43376919e-15	7.78490937e-13
1.68945313e-02	2.47208397e-15	7.90882446e-13
1.69433594e-02	2.51100866e-15	8.03472763e-13
1.69921875e-02	2.55055304e-15	8.16264965e-13
1.70410156e-02	2.59072706e-15	8.29262827e-13
1.70898438e-02	2.63154083e-15	8.42469229e-13
1.71386719e-02	2.67300462e-15	8.55887750e-13
1.71875000e-02	2.71512888e-15	8.69521715e-13
1.72363281e-02	2.75792420e-15	8.83374829e-13
1.72851562e-02	2.80140138e-15	8.97450545e-13
1.73339844e-02	2.84557137e-15	9.11752073e-13
1.73828125e-02	2.89044528e-15	9.26283315e-13
1.74316406e-02	2.93603442e-15	9.41047931e-13
1.74804688e-02	2.98235029e-15	9.56049959e-13
1.75292969e-02	3.02940456e-15	9.71293196e-13
1.75781250e-02	3.07720912e-15	9.86781515e-13
1.76269531e-02	3.12577602e-15	1.00251855e-12
1.76757813e-02	3.17511750e-15	1.01850862e-12
1.77246094e-02	3.22524602e-15	1.03475553e-12
1.77734375e-02	3.27617423e-15	1.05126374e-12
1.78222656e-02	3.32791498e-15	1.06803750e-12
1.78710938e-02	3.38048135e-15	1.08508084e-12
1.79199219e-02	3.43388659e-15	1.10239816e-12
1.79687500e-02	3.48814421e-15	1.11999394e-12
1.80175781e-02	3.54326791e-15	1.13787277e-12
1.80664062e-02	3.59927163e-15	1.15603930e-12
1.81152344e-02	3.65616951e-15	1.17449797e-12
1.81640625e-02	3.71397595e-15	1.19325389e-12
1.82128906e-02	3.77270557e-15	1.21231140e-12
1.82617187e-02	3.83237322e-15	1.23167549e-12
1.83105469e-02	3.89299399e-15	1.25135126e-12
1.83593750e-02	3.95458323e-15	1.27134390e-12
1.84082031e-02	4.01715652e-15	1.29165809e-12
1.84570313e-02	4.08072970e-15	1.31229952e-12
1.85058594e-02	4.14531888e-15	1.33327306e-12
1.85546875e-02	4.21094039e-15	1.35458428e-12
1.86035156e-02	4.27761087e-15	1.37623857e-12
1.86523438e-02	4.34534721e-15	1.39824170e-12
1.87011719e-02	4.41416656e-15	1.42059895e-12
1.87500000e-02	4.48408637e-15	1.44331632e-12
1.87988281e-02	4.55512435e-15	1.46639959e-12
1.88476563e-02	4.62729853e-15	1.48985467e-12
1.88964844e-02	4.70062720e-15	1.51368758e-12
1.89453125e-02	4.77512895e-15	1.53790444e-12
1.89941406e-02	4.85082270e-15	1.56251150e-12
1.90429688e-02	4.92772766e-15	1.58751540e-12
1.90917969e-02	5.00586334e-15	1.61292203e-12
1.91406250e-02	5.08524957e-15	1.63873801e-12
1.91894531e-02	5.16590650e-15	1.66497003e-12
1.92382813e-02	5.24785462e-15	1.69162494e-12
1.92871094e-02	5.33111474e-15	1.71870942e-12
1.93359375e-02	5.41570800e-15	1.74623056e-12
1.93847656e-02	5.50165590e-15	1.77419557e-12
1.94335938e-02	5.58898029e-15	1.80261125e-12
1.94824219e-02	5.67770335e-15	1.83148536e-12
1.95312500e-02	5.76784764e-15	1.86082496e-12
1.95800781e-02	5.85943610e-15	1.89063808e-12
1.96289063e-02	5.95249200e-15	1.92093178e-12
1.96777344e-02	6.04703903e-15	1.95171438e-12
1.97265625e-02	6.14310123e-15	1.98299350e-12
1.97753906e-02	6.24070306e-15	2.01477747e-12
1.98242188e-02	6.33986936e-15	2.04707421e-12
1.98730469e-02	6.44062537e-15	2.07989208e-12
1.99218750e-02	6.54299675e-15	2.11323959e-12
1.99707031e-02	6.64700956e-15	2.14712511e-12
2.00195312e-02	6.75269029e-15	2.18155748e-12
2.00683594e-02	6.86006586e-15	2.21654594e-12
2.01171875e-02	6.96916364e-15	2.25209910e-12
2.01660156e-02	7.08001142e-15	2.28822600e-12
2.02148438e-02	7.19263746e-15	2.32493640e-12
2.02636719e-02	7.30707046e-15	2.36223940e-12
2.03125000e-02	7.42333961e-15	2.40014484e-12
2.03613281e-02	7.54147455e-15	2.43866245e-12
2.04101563e-02	7.66150542e-15	2.47780215e-12
2.04589844e-02	7.78346285e-15	2.51757405e-12
2.05078125e-02	7.90737795e-15	2.55798842e-12
2.05566406e-02	8.03328234e-15	2.59905549e-12
2.06054688e-02	8.16120817e-15	2.64078619e-12
2.06542969e-02	8.29118808e-15	2.68319111e-12
2.07031250e-02	8.42325527e-15	2.72628107e-12
2.07519531e-02	8.55744347e-15	2.77006758e-12
2.08007813e-02	8.69378695e-15	2.81456133e-12
2.08496094e-02	8.83232053e-15	2.85977427e-12
2.08984375e-02	8.97307963e-15	2.90571828e-12
2.09472656e-02	9.11610021e-15	2.95240468e-12
2.09960938e-02	9.26141882e-15	2.99984580e-12
2.10449219e-02	9.40907263e-15	3.04805393e-12
2.10937500e-02	9.55909937e-15	3.09704132e-12
2.11425781e-02	9.71153741e-15	3.14682097e-12
2.11914063e-02	9.86642575e-15	3.19740558e-12
2.12402344e-02	1.00238040e-14	3.24880813e-12
2.12890625e-02	1.01837125e-14	3.30104205e-12
2.13378906e-02	1.03461920e-14	3.35412079e-12
2.13867188e-02	1.05112843e-14	3.40805804e-12
2.14355469e-02	1.06790315e-14	3.46286773e-12
2.14843750e-02	1.08494766e-14	3.51856407e-12
2.15332031e-02	1.10226633e-14	3.57516177e-12
2.15820313e-02	1.11986359e-14	3.63267504e-12
2.16308594e-02	1.13774394e-14	3.69111913e-12
2.16796875e-02	1.15591198e-14	3.75050880e-12
2.17285156e-02	1.17437235e-14	3.81085960e-12
2.17773438e-02	1.19312979e-14	3.87218735e-12
2.18261719e-02	1.21218910e-14	3.93450767e-12
2.18750000e-02	1.23155518e-14	3.99783670e-12
2.19238281e-02	1.25123298e-14	4.06219090e-12
2.19726562e-02	1.27122756e-14	4.12758702e-12
2.20214844e-02	1.29154403e-14	4.19404187e-12
2.20703125e-02	1.31218762e-14	4.26157258e-12
2.21191406e-02	1.33316362e-14	4.33019682e-12
2.21679688e-02	1.35447741e-14	4.39993235e-12
2.22167969e-02	1.37613447e-14	4.47079727e-12
2.22656250e-02	1.39814035e-14	4.54280998e-12
2.23144531e-02	1.42050070e-14	4.61598900e-12
2.23632813e-02	1.44322126e-14	4.69035342e-12
2.24121094e-02	1.46630787e-14	4.76592268e-12
2.24609375e-02	1.48976646e-14	4.84271633e-12
2.25097656e-02	1.51360306e-14	4.92075382e-12
2.25585938e-02	1.53782378e-14	5.00005588e-12
2.26074219e-02	1.56243487e-14	5.08064318e-12
2.26562500e-02	1.58744263e-14	5.16253626e-12
2.27050781e-02	1.61285350e-14	5.24575652e-12
2.27539063e-02	1.63867401e-14	5.33032577e-12
2.28027344e-02	1.66491081e-14	5.41626570e-12
2.28515625e-02	1.69157063e-14	5.50359845e-12
2.29003906e-02	1.71866034e-14	5.59234701e-12
2.29492188e-02	1.74618691e-14	5.68253432e-12
2.29980469e-02	1.77415741e-14	5.77418398e-12
2.30468750e-02	1.80257905e-14	5.86731955e-12
2.30957031e-02	1.83145914e-14	5.96196547e-12
2.31445313e-02	1.86080512e-14	6.05814596e-12
2.31933594e-02	1.89062453e-14	6.15588636e-12
2.32421875e-02	1.92092507e-14	6.25521178e-12
2.32910156e-02	1.95171452e-14	6.35614826e-12
2.33398438e-02	1.98300082e-14	6.45872206e-12
2.33886719e-02	2.01479204e-14	6.56295995e-12
2.34375000e-02	2.04709636e-14	6.66888870e-12
2.34863281e-02	2.07992210e-14	6.77653604e-12
2.35351563e-02	2.11327773e-14	6.88592999e-12
2.35839844e-02	2.14717184e-14	6.99709883e-12
2.36328125e-02	2.18161318e-14	7.11007182e-12
2.36816406e-02	2.21661062e-14	7.22487808e-12
2.37304688e-02	2.25217318e-14	7.34154770e-12
2.37792969e-02	2.28831004e-14	7.46011064e-12
2.38281250e-02	2.32503052e-14	7.58059810e-12
2.38769531e-02	2.36234409e-14	7.70304138e-12
2.39257812e-02	2.40026039e-14	7.82747236e-12
2.39746094e-02	2.43878918e-14	7.95392327e-12
2.40234375e-02	2.47794043e-14	8.08242738e-12
2.40722656e-02	2.51772423e-14	8.21301789e-12
2.41210938e-02	2.55815086e-14	8.34572883e-12
2.41699219e-02	2.59923075e-14	8.48059484e-12
2.42187500e-02	2.64097452e-14	8.61765077e-12
2.42675781e-02	2.68339293e-14	8.75693275e-12
2.43164063e-02	2.72649696e-14	8.89847691e-12
2.43652344e-02	2.77029773e-14	9.04232003e-12
2.44140625e-02	2.81480657e-14	9.18849979e-12
2.44628906e-02	2.86003497e-14	9.33705410e-12
2.45117188e-02	2.90599463e-14	9.48802179e-12
2.45605469e-02	2.95269743e-14	9.64144240e-12
2.46093750e-02	3.00015543e-14	9.79735552e-12
2.46582031e-02	3.04838091e-14	9.95580212e-12
2.47070313e-02	3.09738634e-14	1.01168235e-11
2.47558594e-02	3.14718440e-14	1.02804614e-11
2.48046875e-02	3.19778797e-14	1.04467587e-11
2.48535156e-02	3.24921013e-14	1.06157589e-11
2.49023438e-02	3.30146420e-14	1.07875060e-11
2.49511719e-02	3.35456368e-14	1.09620448e-11
2.50000000e-02	3.40852234e-14	1.11394208e-11
2.50488281e-02	3.46335413e-14	1.13196802e-11
2.50976563e-02	3.51907325e-14	1.15028703e-11
2.51464844e-02	3.57569412e-14	1.16890389e-11
2.51953125e-02	3.63323141e-14	1.18782343e-11
2.52441406e-02	3.69170001e-14	1.20705061e-11
2.52929688e-02	3.75111508e-14	1.22659047e-11
2.53417969e-02	3.81149200e-14	1.24644810e-11
2.53906250e-02	3.87284641e-14	1.26662868e-11
2.54394531e-02	3.93519422e-14	1.28713750e-11
2.54882813e-02	3.99855157e-14	1.30797989e-11
2.55371094e-02	4.06293490e-14	1.32916131e-11
2.55859375e-02	4.12836090e-14	1.35068729e-11
2.56347656e-02	4.19484651e-14	1.37256347e-11
2.56835938e-02	4.26240899e-14	1.39479555e-11
2.57324219e-02	4.33106584e-14	1.41738935e-11
2.57812500e-02	4.40083489e-14	1.44035079e-11
2.58300781e-02	4.47173422e-14	1.46368585e-11
2.58789062e-02	4.54378223e-14	1.48740065e-11
2.59277344e-02	4.61699761e-14	1.51150137e-11
2.59765625e-02	4.69139936e-14	1.53599433e-11
2.60253906e-02	4.76700679e-14	1.56088595e-11
2.60742188e-02	4.84383952e-14	1.58618274e-11
2.61230469e-02	4.92191750e-14	1.61189129e-11
2.61718750e-02	5.00126100e-14	1.63801834e-11
2.62207031e-02	5.08189062e-14	1.66457073e-11
2.62695313e-02	5.16382729e-14	1.69155540e-11
2.63183594e-02	5.24709230e-14	1.71897941e-11
2.63671875e-02	5.33170727e-14	1.74684996e-11
2.64160156e-02	5.41769419e-14	1.77517431e-11
2.64648438e-02	5.50507540e-14	1.80395991e-11
2.65136719e-02	5.59387360e-14	1.83321428e-11
2.65625000e-02	5.68411186e-14	1.86294509e-11
2.66113281e-02	5.77581365e-14	1.89316012e-11
2.66601563e-02	5.86900280e-14	1.92386728e-11
2.67089844e-02	5.96370353e-14	1.95507462e-11
2.67578125e-02	6.05994047e-14	1.98679032e-11
2.68066406e-02	6.15773863e-14	2.01902269e-11
2.68554688e-02	6.25712347e-14	2.05178015e-11
2.69042969e-02	6.35812082e-14	2.08507133e-11
2.69531250e-02	6.46075696e-14	2.11890492e-11
2.70019531e-02	6.56505859e-14	2.15328978e-11
2.70507813e-02	6.67105284e-14	2.18823496e-11
2.70996094e-02	6.77876731e-14	2.22374960e-11
2.71484375e-02	6.88823002e-14	2.25984301e-11
2.71972656e-02	6.99946947e-14	2.29652465e-11
2.72460938e-02	7.11251460e-14	2.33380416e-11
2.72949219e-02	7.22739486e-14	2.37169130e-11
2.73437500e-02	7.34414016e-14	2.41019601e-11
2.73925781e-02	7.46278089e-14	2.44932839e-11
2.74414063e-02	7.58334796e-14	2.48909870e-11
2.74902344e-02	7.70587277e-14	2.52951739e-11
2.75390625e-02	7.83038723e-14	2.57059505e-11
2.75878906e-02	7.95692379e-14	2.61234246e-11
2.76367188e-02	8.08551542e-14	2.65477057e-11
2.76855469e-02	8.21619562e-14	2.69789055e-11
2.77343750e-02	8.34899846e-14	2.74171369e-11
2.77832031e-02	8.48395855e-14	2.78625150e-11
2.78320312e-02	8.62111106e-14	2.83151567e-11
2.78808594e-02	8.76049177e-14	2.87751808e-11
2.79296875e-02	8.90213701e-14	2.92427084e-11
2.79785156e-02	9.04608371e-14	2.97178618e-11
2.80273438e-02	9.19236943e-14	3.02007660e-11
2.80761719e-02	9.34103230e-14	3.06915479e-11
2.81250000e-02	9.49211112e-14	3.11903364e-11
2.81738281e-02	9.64564530e-14	3.16972625e-11
2.82226563e-02	9.80167489e-14	3.22124595e-11
2.82714844e-02	9.96024062e-14	3.27360628e-11
2.83203125e-02	1.01213839e-13	3.32682098e-11
2.83691406e-02	1.02851467e-13	3.38090404e-11
2.84179688e-02	1.04515718e-13	3.43586968e-11
2.84667969e-02	1.06207027e-13	3.49173236e-11
2.85156250e-02	1.07925836e-13	3.54850676e-11
2.85644531e-02	1.09672592e-13	3.60620778e-11
2.86132813e-02	1.11447753e-13	3.66485062e-11
2.86621094e-02	1.13251782e-13	3.72445070e-11
2.87109375e-02	1.15085149e-13	3.78502366e-11
2.87597656e-02	1.16948335e-13	3.84658548e-11
2.88085938e-02	1.18841826e-13	3.90915233e-11
2.88574219e-02	1.20766116e-13	3.97274067e-11
2.89062500e-02	1.22721709e-13	4.03736723e-11
2.89550781e-02	1.24709115e-13	4.10304899e-11
2.90039063e-02	1.26728854e-13	4.16980326e-11
2.90527344e-02	1.28781455e-13	4.23764760e-11
2.91015625e-02	1.30867453e-13	4.30659986e-11
2.91503906e-02	1.32987394e-13	4.37667821e-11
2.91992188e-02	1.35141832e-13	4.44790106e-11
2.92480469e-02	1.37331331e-13	4.52028718e-11
2.92968750e-02	1.39556464e-13	4.59385561e-11
2.93457031e-02	1.41817812e-13	4.66862576e-11
2.93945313e-02	1.44115967e-13	4.74461728e-11
2.94433594e-02	1.46451530e-13	4.82185021e-11
2.94921875e-02	1.48825113e-13	4.90034486e-11
2.95410156e-02	1.51237336e-13	4.98012191e-11
2.95898438e-02	1.53688831e-13	5.06120238e-11
2.96386719e-02	1.56180240e-13	5.14360763e-11
2.96875000e-02	1.58712214e-13	5.22735938e-11
2.97363281e-02	1.61285417e-13	5.31247969e-11
2.97851562e-02	1.63900522e-13	5.39899098e-11
2.98339844e-02	1.66558214e-13	5.48691604e-11
2.98828125e-02	1.69259190e-13	5.57627808e-11
2.99316406e-02	1.72004155e-13	5.66710061e-11
2.99804688e-02	1.74793830e-13	5.75940761e-11
3.00292969e-02	1.77628945e-13	5.85322339e-11
3.00781250e-02	1.80510243e-13	5.94857269e-11
3.01269531e-02	1.83438478e-13	6.04548064e-11
3.01757813e-02	1.86414419e-13	6.14397281e-11
3.02246094e-02	1.89438845e-13	6.24407515e-11
3.02734375e-02	1.92512548e-13	6.34581408e-11
3.03222656e-02	1.95636335e-13	6.44921642e-11
3.03710938e-02	1.98811024e-13	6.55430944e-11
3.04199219e-02	2.02037448e-13	6.66112088e-11
3.04687500e-02	2.05316451e-13	6.76967891e-11
3.05175781e-02	2.08648896e-13	6.88001218e-11
3.05664063e-02	2.12035654e-13	6.99214978e-11
3.06152344e-02	2.15477615e-13	7.10612132e-11
3.06640625e-02	2.18975681e-13	7.22195690e-11
3.07128906e-02	2.22530769e-13	7.33968705e-11
3.07617188e-02	2.26143814e-13	7.45934286e-11
3.08105469e-02	2.29815762e-13	7.58095593e-11
3.08593750e-02	2.33547577e-13	7.70455836e-11
3.09082031e-02	2.37340238e-13	7.83018276e-11
3.09570313e-02	2.41194741e-13	7.95786232e-11
3.10058594e-02	2.45112098e-13	8.08763075e-11
3.10546875e-02	2.49093337e-13	8.21952232e-11
3.11035156e-02	2.53139502e-13	8.35357185e-11
3.11523438e-02	2.57251657e-13	8.48981477e-11
3.12011719e-02	2.61430881e-13	8.62828706e-11
3.12500000e-02	2.65678272e-13	8.76902530e-11
3.12988281e-02	2.69994945e-13	8.91206665e-11
3.13476563e-02	2.74382033e-13	9.05744894e-11
3.13964844e-02	2.78840691e-13	9.20521056e-11
3.14453125e-02	2.83372087e-13	9.35539057e-11
3.14941406e-02	2.87977414e-13	9.50802864e-11
3.15429688e-02	2.92657882e-13	9.66316511e-11
3.15917969e-02	2.97414719e-13	9.82084099e-11
3.16406250e-02	3.02249177e-13	9.98109800e-11
3.16894531e-02	3.07162525e-13	1.01439785e-10
3.17382812e-02	3.12156057e-13	1.03095254e-10
3.17871094e-02	3.17231083e-13	1.04777827e-10
3.18359375e-02	3.22388939e-13	1.06487948e-10
3.18847656e-02	3.27630980e-13	1.08226069e-10
3.19335938e-02	3.32958586e-13	1.09992649e-10
3.19824219e-02	3.38373156e-13	1.11788157e-10
3.20312500e-02	3.43876116e-13	1.13613066e-10
3.20800781e-02	3.49468912e-13	1.15467861e-10
3.21289062e-02	3.55153016e-13	1.17353030e-10
3.21777344e-02	3.60929922e-13	1.19269074e-10
3.22265625e-02	3.66801152e-13	1.21216498e-10
3.22753906e-02	3.72768250e-13	1.23195820e-10
3.23242188e-02	3.78832786e-13	1.25207561e-10
3.23730469e-02	3.84996355e-13	1.27252255e-10
3.24218750e-02	3.91260581e-13	1.29330442e-10
3.24707031e-02	3.97627112e-13	1.31442674e-10
3.25195313e-02	4.04097625e-13	1.33589508e-10
3.25683594e-02	4.10673822e-13	1.35771514e-10
3.26171875e-02	4.17357434e-13	1.37989269e-10
3.26660156e-02	4.24150223e-13	1.40243360e-10
3.27148438e-02	4.31053977e-13	1.42534383e-10
3.27636719e-02	4.38070513e-13	1.44862947e-10
3.28125000e-02	4.45201680e-13	1.47229667e-10
3.28613281e-02	4.52449357e-13	1.49635170e-10
3.29101563e-02	4.59815452e-13	1.52080094e-10
3.29589844e-02	4.67301907e-13	1.54565086e-10
3.30078125e-02	4.74910693e-13	1.57090805e-10
3.30566406e-02	4.82643816e-13	1.59657918e-10
3.31054687e-02	4.90503314e-13	1.62267108e-10
3.31542969e-02	4.98491258e-13	1.64919065e-10
3.32031250e-02	5.06609753e-13	1.67614491e-10
3.32519531e-02	5.14860939e-13	1.70354101e-10
3.33007813e-02	5.23246992e-13	1.73138622e-10
3.33496094e-02	5.31770122e-13	1.75968791e-10
3.33984375e-02	5.40432577e-13	1.78845358e-10
3.34472656e-02	5.49236641e-13	1.81769087e-10
3.34960938e-02	5.58184635e-13	1.84740751e-10
3.35449219e-02	5.67278919e-13	1.87761140e-10
3.35937500e-02	5.76521893e-13	1.90831054e-10
3.36425781e-02	5.85915993e-13	1.93951306e-10
3.36914062e-02	5.95463699e-13	1.97122725e-10
3.37402344e-02	6.05167529e-13	2.00346151e-10
3.37890625e-02	6.15030043e-13	2.03622439e-10
3.38378906e-02	6.25053845e-13	2.06952459e-10
3.38867188e-02	6.35241578e-13	2.10337094e-10
3.39355469e-02	6.45595932e-13	2.13777242e-10
3.39843750e-02	6.56119639e-13	2.17273815e-10
3.40332031e-02	6.66815478e-13	2.20827741e-10
3.40820312e-02	6.77686272e-13	2.24439963e-10
3.41308594e-02	6.88734890e-13	2.28111440e-10
3.41796875e-02	6.99964250e-13	2.31843145e-10
3.42285156e-02	7.11377317e-13	2.35636070e-10
3.42773438e-02	7.22977104e-13	2.39491221e-10
3.43261719e-02	7.34766675e-13	2.43409622e-10
3.43750000e-02	7.46749144e-13	2.47392312e-10
3.44238281e-02	7.58927676e-13	2.51440349e-10
3.44726563e-02	7.71305488e-13	2.55554807e-10
3.45214844e-02	7.83885849e-13	2.59736780e-10
3.45703125e-02	7.96672083e-13	2.63987377e-10
3.46191406e-02	8.09667569e-13	2.68307728e-10
3.46679688e-02	8.22875740e-13	2.72698978e-10
3.47167969e-02	8.36300088e-13	2.77162296e-10
3.47656250e-02	8.49944159e-13	2.81698866e-10
3.48144531e-02	8.63811561e-13	2.86309894e-10
3.48632813e-02	8.77905958e-13	2.90996604e-10
3.49121094e-02	8.92231076e-13	2.95760241e-10
3.49609375e-02	9.06790703e-13	3.00602071e-10
3.50097656e-02	9.21588687e-13	3.05523380e-10
3.50585937e-02	9.36628943e-13	3.10525477e-10
3.51074219e-02	9.51915446e-13	3.15609690e-10
3.51562500e-02	9.67452239e-13	3.20777370e-10
3.52050781e-02	9.83243432e-13	3.26029891e-10
3.52539063e-02	9.99293201e-13	3.31368649e-10
3.53027344e-02	1.01560579e-12	3.36795063e-10
3.53515625e-02	1.03218552e-12	3.42310576e-10
3.54003906e-02	1.04903677e-12	3.47916654e-10
3.54492188e-02	1.06616400e-12	3.53614786e-10
3.54980469e-02	1.08357175e-12	3.59406489e-10
3.55468750e-02	1.10126461e-12	3.65293303e-10
3.55957031e-02	1.11924728e-12	3.71276792e-10
3.56445312e-02	1.13752451e-12	3.77358547e-10
3.56933594e-02	1.15610114e-12	3.83540188e-10
3.57421875e-02	1.17498209e-12	3.89823356e-10
3.57910156e-02	1.19417235e-12	3.96209725e-10
3.58398438e-02	1.21367700e-12	4.02700992e-10
3.58886719e-02	1.23350122e-12	4.09298884e-10
3.59375000e-02	1.25365024e-12	4.16005157e-10
3.59863281e-02	1.27412941e-12	4.22821595e-10
3.60351562e-02	1.29494415e-12	4.29750012e-10
3.60839844e-02	1.31609997e-12	4.36792251e-10
3.61328125e-02	1.33760247e-12	4.43950186e-10
3.61816406e-02	1.35945735e-12	4.51225722e-10
3.62304688e-02	1.38167040e-12	4.58620796e-10
3.62792969e-02	1.40424750e-12	4.66137375e-10
3.63281250e-02	1.42719464e-12	4.73777462e-10
3.63769531e-02	1.45051790e-12	4.81543088e-10
3.64257813e-02	1.47422345e-12	4.89436323e-10
3.64746094e-02	1.49831758e-12	4.97459266e-10
3.65234375e-02	1.52280667e-12	5.05614055e-10
3.65722656e-02	1.54769722e-12	5.13902861e-10
3.66210938e-02	1.57299583e-12	5.22327890e-10
3.66699219e-02	1.59870919e-12	5.30891387e-10
3.67187500e-02	1.62484413e-12	5.39595632e-10
3.67675781e-02	1.65140757e-12	5.48442944e-10
3.68164063e-02	1.67840656e-12	5.57435678e-10
3.68652344e-02	1.70584825e-12	5.66576230e-10
3.69140625e-02	1.73373993e-12	5.75867036e-10
3.69628906e-02	1.76208900e-12	5.85310570e-10
3.70117187e-02	1.79090296e-12	5.94909348e-10
3.70605469e-02	1.82018947e-12	6.04665928e-10
3.71093750e-02	1.84995628e-12	6.14582910e-10
3.71582031e-02	1.88021131e-12	6.24662935e-10
3.72070313e-02	1.91096257e-12	6.34908691e-10
3.72558594e-02	1.94221822e-12	6.45322908e-10
3.73046875e-02	1.97398657e-12	6.55908361e-10
3.73535156e-02	2.00627602e-12	6.66667872e-10
3.74023438e-02	2.03909517e-12	6.77604309e-10
3.74511719e-02	2.07245271e-12	6.88720587e-10
3.75000000e-02	2.10635750e-12	7.00019670e-10
3.75488281e-02	2.14081854e-12	7.11504570e-10
3.75976562e-02	2.17584498e-12	7.23178350e-10
3.76464844e-02	2.21144612e-12	7.35044121e-10
3.76953125e-02	2.24763140e-12	7.47105049e-10
3.77441406e-02	2.28441044e-12	7.59364349e-10
3.77929688e-02	2.32179300e-12	7.71825291e-10
3.78417969e-02	2.35978900e-12	7.84491198e-10
3.78906250e-02	2.39840855e-12	7.97365448e-10
3.79394531e-02	2.43766189e-12	8.10451476e-10
3.79882813e-02	2.47755946e-12	8.23752773e-10
3.80371094e-02	2.51811184e-12	8.37272885e-10
3.80859375e-02	2.55932982e-12	8.51015422e-10
3.81347656e-02	2.60122434e-12	8.64984049e-10
3.81835938e-02	2.64380653e-12	8.79182493e-10
3.82324219e-02	2.68708771e-12	8.93614543e-10
3.82812500e-02	2.73107937e-12	9.08284051e-10
3.83300781e-02	2.77579321e-12	9.23194930e-10
3.83789063e-02	2.82124112e-12	9.38351161e-10
3.84277344e-02	2.86743516e-12	9.53756788e-10
3.84765625e-02	2.91438762e-12	9.69415924e-10
3.85253906e-02	2.96211097e-12	9.85332749e-10
3.85742188e-02	3.01061791e-12	1.00151151e-09
3.86230469e-02	3.05992133e-12	1.01795653e-09
3.86718750e-02	3.11003434e-12	1.03467220e-09
3.87207031e-02	3.16097025e-12	1.05166297e-09
3.87695313e-02	3.21274263e-12	1.06893340e-09
3.88183594e-02	3.26536522e-12	1.08648808e-09
3.88671875e-02	3.31885203e-12	1.10433171e-09
3.89160156e-02	3.37321729e-12	1.12246905e-09
3.89648438e-02	3.42847544e-12	1.14090494e-09
3.90136719e-02	3.48464119e-12	1.15964432e-09
3.90625000e-02	3.54172949e-12	1.17869218e-09
3.91113281e-02	3.59975551e-12	1.19805361e-09
3.91601563e-02	3.65873469e-12	1.21773379e-09
3.92089844e-02	3.71868273e-12	1.23773797e-09
3.92578125e-02	3.77961558e-12	1.25807150e-09
3.93066406e-02	3.84154945e-12	1.27873982e-09
3.93554688e-02	3.90450082e-12	1.29974843e-09
3.94042969e-02	3.96848645e-12	1.32110296e-09
3.94531250e-02	4.03352337e-12	1.34280911e-09
3.95019531e-02	4.09962888e-12	1.36487269e-09
3.95507812e-02	4.16682059e-12	1.38729959e-09
3.95996094e-02	4.23511637e-12	1.41009580e-09
3.96484375e-02	4.30453442e-12	1.43326742e-09
3.96972656e-02	4.37509321e-12	1.45682064e-09
3.97460938e-02	4.44681153e-12	1.48076177e-09
3.97949219e-02	4.51970848e-12	1.50509719e-09
3.98437500e-02	4.59380347e-12	1.52983341e-09
3.98925781e-02	4.66911622e-12	1.55497706e-09
3.99414063e-02	4.74566680e-12	1.58053484e-09
3.99902344e-02	4.82347560e-12	1.60651360e-09
4.00390625e-02	4.90256335e-12	1.63292029e-09
4.00878906e-02	4.98295110e-12	1.65976196e-09
4.01367188e-02	5.06466027e-12	1.68704579e-09
4.01855469e-02	5.14771263e-12	1.71477908e-09
4.02343750e-02	5.23213032e-12	1.74296925e-09
4.02832031e-02	5.31793581e-12	1.77162384e-09
4.03320313e-02	5.40515198e-12	1.80075052e-09
4.03808594e-02	5.49380207e-12	1.83035707e-09
4.04296875e-02	5.58390970e-12	1.86045141e-09
4.04785156e-02	5.67549889e-12	1.89104161e-09
4.05273438e-02	5.76859404e-12	1.92213584e-09
4.05761719e-02	5.86321997e-12	1.95374242e-09
4.06250000e-02	5.95940191e-12	1.98586981e-09
4.06738281e-02	6.05716550e-12	2.01852661e-09
4.07226563e-02	6.15653679e-12	2.05172156e-09
4.07714844e-02	6.25754229e-12	2.08546354e-09
4.08203125e-02	6.36020891e-12	2.11976159e-09
4.08691406e-02	6.46456405e-12	2.15462488e-09
4.09179688e-02	6.57063553e-12	2.19006274e-09
4.09667969e-02	6.67845163e-12	2.22608467e-09
4.10156250e-02	6.78804110e-12	2.26270030e-09
4.10644531e-02	6.89943319e-12	2.29991944e-09
4.11132813e-02	7.01265759e-12	2.33775206e-09
4.11621094e-02	7.12774451e-12	2.37620828e-09
4.12109375e-02	7.24472465e-12	2.41529840e-09
4.12597656e-02	7.36362923e-12	2.45503289e-09
4.13085938e-02	7.48448995e-12	2.49542238e-09
4.13574219e-02	7.60733907e-12	2.53647771e-09
4.14062500e-02	7.73220938e-12	2.57820985e-09
4.14550781e-02	7.85913418e-12	2.62063000e-09
4.15039062e-02	7.98814735e-12	2.66374950e-09
4.15527344e-02	8.11928332e-12	2.70757992e-09
4.16015625e-02	8.25257709e-12	2.75213299e-09
4.16503906e-02	8.38806424e-12	2.79742065e-09
4.16992188e-02	8.52578093e-12	2.84345503e-09
4.17480469e-02	8.66576393e-12	2.89024846e-09
4.17968750e-02	8.80805060e-12	2.93781349e-09
4.18457031e-02	8.95267893e-12	2.98616286e-09
4.18945313e-02	9.09968753e-12	3.03530952e-09
4.19433594e-02	9.24911566e-12	3.08526665e-09
4.19921875e-02	9.40100321e-12	3.13604763e-09
4.20410156e-02	9.55539076e-12	3.18766607e-09
4.20898438e-02	9.71231951e-12	3.24013581e-09
4.21386719e-02	9.87183140e-12	3.29347091e-09
4.21875000e-02	1.00339690e-11	3.34768567e-09
4.22363281e-02	1.01987757e-11	3.40279462e-09
4.22851563e-02	1.03662954e-11	3.45881253e-09
4.23339844e-02	1.05365729e-11	3.51575443e-09
4.23828125e-02	1.07096537e-11	3.57363558e-09
4.24316406e-02	1.08855840e-11	3.63247149e-09
4.24804688e-02	1.10644109e-11	3.69227795e-09
4.25292969e-02	1.12461821e-11	3.75307099e-09
4.25781250e-02	1.14309462e-11	3.81486691e-09
4.26269531e-02	1.16187526e-11	3.87768229e-09
4.26757813e-02	1.18096515e-11	3.94153397e-09
4.27246094e-02	1.20036938e-11	4.00643908e-09
4.27734375e-02	1.22009314e-11	4.07241502e-09
4.28222656e-02	1.24014171e-11	4.13947950e-09
4.28710938e-02	1.26052045e-11	4.20765050e-09
4.29199219e-02	1.28123480e-11	4.27694630e-09
4.29687500e-02	1.30229029e-11	4.34738551e-09
4.30175781e-02	1.32369257e-11	4.41898701e-09
4.30664063e-02	1.34544735e-11	4.49177002e-09
4.31152344e-02	1.36756044e-11	4.56575407e-09
4.31640625e-02	1.39003777e-11	4.64095900e-09
4.32128906e-02	1.41288534e-11	4.71740501e-09
4.32617188e-02	1.43610926e-11	4.79511259e-09
4.33105469e-02	1.45971574e-11	4.87410261e-09
4.33593750e-02	1.48371110e-11	4.95439627e-09
4.34082031e-02	1.50810175e-11	5.03601511e-09
4.34570312e-02	1.53289422e-11	5.11898105e-09
4.35058594e-02	1.55809515e-11	5.20331635e-09
4.35546875e-02	1.58371126e-11	5.28904365e-09
4.36035156e-02	1.60974942e-11	5.37618596e-09
4.36523438e-02	1.63621659e-11	5.46476668e-09
4.37011719e-02	1.66311985e-11	5.55480959e-09
4.37500000e-02	1.69046640e-11	5.64633887e-09
4.37988281e-02	1.71826357e-11	5.73937908e-09
4.38476563e-02	1.74651878e-11	5.83395522e-09
4.38964844e-02	1.77523960e-11	5.93009267e-09
4.39453125e-02	1.80443371e-11	6.02781726e-09
4.39941406e-02	1.83410894e-11	6.12715522e-09
4.40429688e-02	1.86427322e-11	6.22813325e-09
4.40917969e-02	1.89493462e-11	6.33077845e-09
4.41406250e-02	1.92610136e-11	6.43511839e-09
4.41894531e-02	1.95778178e-11	6.54118111e-09
4.42382813e-02	1.98998436e-11	6.64899509e-09
4.42871094e-02	2.02271772e-11	6.75858930e-09
4.43359375e-02	2.05599063e-11	6.86999317e-09
4.43847656e-02	2.08981199e-11	6.98323664e-09
4.44335938e-02	2.12419086e-11	7.09835012e-09
4.44824219e-02	2.15913645e-11	7.21536456e-09
4.45312500e-02	2.19465812e-11	7.33431138e-09
4.45800781e-02	2.23076538e-11	7.45522255e-09
4.46289063e-02	2.26746791e-11	7.57813057e-09
4.46777344e-02	2.30477552e-11	7.70306846e-09
4.47265625e-02	2.34269822e-11	7.83006979e-09
4.47753906e-02	2.38124617e-11	7.95916870e-09
4.48242188e-02	2.42042969e-11	8.09039990e-09
4.48730469e-02	2.46025927e-11	8.22379864e-09
4.49218750e-02	2.50074560e-11	8.35940079e-09
4.49707031e-02	2.54189951e-11	8.49724279e-09
4.50195313e-02	2.58373204e-11	8.63736171e-09
4.50683594e-02	2.62625440e-11	8.77979521e-09
4.51171875e-02	2.66947798e-11	8.92458158e-09
4.51660156e-02	2.71341436e-11	9.07175975e-09
4.52148438e-02	2.75807532e-11	9.22136930e-09
4.52636719e-02	2.80347282e-11	9.37345044e-09
4.53125000e-02	2.84961905e-11	9.52804408e-09
4.53613281e-02	2.89652637e-11	9.68519178e-09
4.54101562e-02	2.94420734e-11	9.84493580e-09
4.54589844e-02	2.99267476e-11	1.00073191e-08
4.55078125e-02	3.04194162e-11	1.01723854e-08
4.55566406e-02	3.09202112e-11	1.03401790e-08
4.56054688e-02	3.14292670e-11	1.05107451e-08
4.56542969e-02	3.19467200e-11	1.06841296e-08
4.57031250e-02	3.24727089e-11	1.08603790e-08
4.57519531e-02	3.30073750e-11	1.10395409e-08
4.58007813e-02	3.35508614e-11	1.12216634e-08
4.58496094e-02	3.41033140e-11	1.14067955e-08
4.58984375e-02	3.46648810e-11	1.15949871e-08
4.59472656e-02	3.52357129e-11	1.17862886e-08
4.59960938e-02	3.58159629e-11	1.19807517e-08
4.60449219e-02	3.64057866e-11	1.21784287e-08
4.60937500e-02	3.70053423e-11	1.23793727e-08
4.61425781e-02	3.76147908e-11	1.25836378e-08
4.61914063e-02	3.82342956e-11	1.27912790e-08
4.62402344e-02	3.88640230e-11	1.30023522e-08
4.62890625e-02	3.95041418e-11	1.32169142e-08
4.63378906e-02	4.01548238e-11	1.34350227e-08
4.63867188e-02	4.08162437e-11	1.36567364e-08
4.64355469e-02	4.14885790e-11	1.38821150e-08
4.64843750e-02	4.21720100e-11	1.41112193e-08
4.65332031e-02	4.28667202e-11	1.43441108e-08
4.65820313e-02	4.35728960e-11	1.45808522e-08
4.66308594e-02	4.42907271e-11	1.48215074e-08
4.66796875e-02	4.50204060e-11	1.50661410e-08
4.67285156e-02	4.57621287e-11	1.53148190e-08
4.67773438e-02	4.65160942e-11	1.55676084e-08
4.68261719e-02	4.72825049e-11	1.58245771e-08
4.68750000e-02	4.80615668e-11	1.60857943e-08
4.69238281e-02	4.88534887e-11	1.63513306e-08
4.69726563e-02	4.96584836e-11	1.66212572e-08
4.70214844e-02	5.04767674e-11	1.68956470e-08
4.70703125e-02	5.13085599e-11	1.71745738e-08
4.71191406e-02	5.21540844e-11	1.74581128e-08
4.71679688e-02	5.30135681e-11	1.77463403e-08
4.72167969e-02	5.38872418e-11	1.80393340e-08
4.72656250e-02	5.47753401e-11	1.83371728e-08
4.73144531e-02	5.56781016e-11	1.86399369e-08
4.73632812e-02	5.65957687e-11	1.89477080e-08
4.74121094e-02	5.75285880e-11	1.92605688e-08
4.74609375e-02	5.84768100e-11	1.95786038e-08
4.75097656e-02	5.94406894e-11	1.99018985e-08
4.75585938e-02	6.04204853e-11	2.02305402e-08
4.76074219e-02	6.14164608e-11	2.05646173e-08
4.76562500e-02	6.24288836e-11	2.09042200e-08
4.77050781e-02	6.34580257e-11	2.12494396e-08
4.77539063e-02	6.45041636e-11	2.16003693e-08
4.78027344e-02	6.55675785e-11	2.19571036e-08
4.78515625e-02	6.66485560e-11	2.23197386e-08
4.79003906e-02	6.77473869e-11	2.26883722e-08
4.79492188e-02	6.88643663e-11	2.30631037e-08
4.79980469e-02	6.99997944e-11	2.34440340e-08
4.80468750e-02	7.11539766e-11	2.38312659e-08
4.80957031e-02	7.23272229e-11	2.42249037e-08
4.81445313e-02	7.35198488e-11	2.46250536e-08
4.81933594e-02	7.47321749e-11	2.50318234e-08
4.82421875e-02	7.59645271e-11	2.54453229e-08
4.82910156e-02	7.72172367e-11	2.58656635e-08
4.83398438e-02	7.84906406e-11	2.62929585e-08
4.83886719e-02	7.97850810e-11	2.67273231e-08
4.84375000e-02	8.11009062e-11	2.71688746e-08
4.84863281e-02	8.24384698e-11	2.76177319e-08
4.85351563e-02	8.37981316e-11	2.80740161e-08
4.85839844e-02	8.51802573e-11	2.85378503e-08
4.86328125e-02	8.65852185e-11	2.90093595e-08
4.86816406e-02	8.80133930e-11	2.94886709e-08
4.87304688e-02	8.94651651e-11	2.99759139e-08
4.87792969e-02	9.09409252e-11	3.04712197e-08
4.88281250e-02	9.24410703e-11	3.09747221e-08
4.88769531e-02	9.39660038e-11	3.14865569e-08
4.89257813e-02	9.55161361e-11	3.20068620e-08
4.89746094e-02	9.70918842e-11	3.25357780e-08
4.90234375e-02	9.86936719e-11	3.30734475e-08
4.90722656e-02	1.00321930e-10	3.36200155e-08
4.91210938e-02	1.01977097e-10	3.41756295e-08
4.91699219e-02	1.03659619e-10	3.47404394e-08
4.92187500e-02	1.05369947e-10	3.53145977e-08
4.92675781e-02	1.07108542e-10	3.58982593e-08
4.93164062e-02	1.08875872e-10	3.64915816e-08
4.93652344e-02	1.10672413e-10	3.70947249e-08
4.94140625e-02	1.12498647e-10	3.77078518e-08
4.94628906e-02	1.14355068e-10	3.83311278e-08
4.95117188e-02	1.16242173e-10	3.89647212e-08
4.95605469e-02	1.18160472e-10	3.96088029e-08
4.96093750e-02	1.20110481e-10	4.02635469e-08
4.96582031e-02	1.22092724e-10	4.09291298e-08
4.97070313e-02	1.24107735e-10	4.16057313e-08
4.97558594e-02	1.26156057e-10	4.22935341e-08
4.98046875e-02	1.28238241e-10	4.29927238e-08
4.98535156e-02	1.30354848e-10	4.37034893e-08
4.99023438e-02	1.32506447e-10	4.44260223e-08
4.99511719e-02	1.34693619e-10	4.51605181e-08
5.00000000e-02	1.36916951e-10	4.59071748e-08
5.00488281e-02	1.39177043e-10	4.66661941e-08
5.00976563e-02	1.41474503e-10	4.74377810e-08
5.01464844e-02	1.43809951e-10	4.82221438e-08
5.01953125e-02	1.46184014e-10	4.90194944e-08
5.02441406e-02	1.48597333e-10	4.98300480e-08
5.02929688e-02	1.51050558e-10	5.06540236e-08
5.03417969e-02	1.53544348e-10	5.14916437e-08
5.03906250e-02	1.56079377e-10	5.23431345e-08
5.04394531e-02	1.58656327e-10	5.32087260e-08
5.04882813e-02	1.61275892e-10	5.40886521e-08
5.05371094e-02	1.63938777e-10	5.49831504e-08
5.05859375e-02	1.66645702e-10	5.58924625e-08
5.06347656e-02	1.69397393e-10	5.68168341e-08
5.06835938e-02	1.72194594e-10	5.77565150e-08
5.07324219e-02	1.75038058e-10	5.87117589e-08
5.07812500e-02	1.77928551e-10	5.96828240e-08
5.08300781e-02	1.80866852e-10	6.06699725e-08
5.08789063e-02	1.83853752e-10	6.16734714e-08
5.09277344e-02	1.86890057e-10	6.26935916e-08
5.09765625e-02	1.89976586e-10	6.37306089e-08
5.10253906e-02	1.93114169e-10	6.47848035e-08
5.10742188e-02	1.96303653e-10	6.58564602e-08
5.11230469e-02	1.99545897e-10	6.69458687e-08
5.11718750e-02	2.02841776e-10	6.80533234e-08
5.12207031e-02	2.06192177e-10	6.91791235e-08
5.12695312e-02	2.09598005e-10	7.03235735e-08
5.13183594e-02	2.13060177e-10	7.14869825e-08
5.13671875e-02	2.16579626e-10	7.26696651e-08
5.14160156e-02	2.20157302e-10	7.38719409e-08
5.14648438e-02	2.23794169e-10	7.50941350e-08
5.15136719e-02	2.27491208e-10	7.63365778e-08
5.15625000e-02	2.31249416e-10	7.75996051e-08
5.16113281e-02	2.35069805e-10	7.88835583e-08
5.16601563e-02	2.38953408e-10	8.01887847e-08
5.17089844e-02	2.42901269e-10	8.15156370e-08
5.17578125e-02	2.46914456e-10	8.28644741e-08
5.18066406e-02	2.50994049e-10	8.42356607e-08
5.18554688e-02	2.55141149e-10	8.56295675e-08
5.19042969e-02	2.59356875e-10	8.70465714e-08
5.19531250e-02	2.63642364e-10	8.84870557e-08
5.20019531e-02	2.67998772e-10	8.99514099e-08
5.20507813e-02	2.72427274e-10	9.14400299e-08
5.20996094e-02	2.76929065e-10	9.29533185e-08
5.21484375e-02	2.81505359e-10	9.44916849e-08
5.21972656e-02	2.86157391e-10	9.60555451e-08
5.22460938e-02	2.90886416e-10	9.76453221e-08
5.22949219e-02	2.95693710e-10	9.92614461e-08
5.23437500e-02	3.00580570e-10	1.00904354e-07
5.23925781e-02	3.05548315e-10	1.02574490e-07
5.24414063e-02	3.10598286e-10	1.04272307e-07
5.24902344e-02	3.15731845e-10	1.05998263e-07
5.25390625e-02	3.20950377e-10	1.07752826e-07
5.25878906e-02	3.26255292e-10	1.09536470e-07
5.26367188e-02	3.31648020e-10	1.11349678e-07
5.26855469e-02	3.37130018e-10	1.13192940e-07
5.27343750e-02	3.42702764e-10	1.15066755e-07
5.27832031e-02	3.48367764e-10	1.16971630e-07
5.28320313e-02	3.54126546e-10	1.18908081e-07
5.28808594e-02	3.59980665e-10	1.20876632e-07
5.29296875e-02	3.65931701e-10	1.22877815e-07
5.29785156e-02	3.71981261e-10	1.24912171e-07
5.30273438e-02	3.78130979e-10	1.26980253e-07
5.30761719e-02	3.84382513e-10	1.29082618e-07
5.31250000e-02	3.90737554e-10	1.31219837e-07
5.31738281e-02	3.97197816e-10	1.33392487e-07
5.32226562e-02	4.03765043e-10	1.35601157e-07
5.32714844e-02	4.10441010e-10	1.37846445e-07
5.33203125e-02	4.17227519e-10	1.40128958e-07
5.33691406e-02	4.24126403e-10	1.42449315e-07
5.34179688e-02	4.31139524e-10	1.44808143e-07
5.34667969e-02	4.38268778e-10	1.47206081e-07
5.35156250e-02	4.45516089e-10	1.49643778e-07
5.35644531e-02	4.52883415e-10	1.52121894e-07
5.36132813e-02	4.60372746e-10	1.54641101e-07
5.36621094e-02	4.67986105e-10	1.57202080e-07
5.37109375e-02	4.75725548e-10	1.59805525e-07
5.37597656e-02	4.83593167e-10	1.62452140e-07
5.38085938e-02	4.91591086e-10	1.65142643e-07
5.38574219e-02	4.99721467e-10	1.67877761e-07
5.39062500e-02	5.07986506e-10	1.70658237e-07
5.39550781e-02	5.16388436e-10	1.73484822e-07
5.40039063e-02	5.24929528e-10	1.76358282e-07
5.40527344e-02	5.33612088e-10	1.79279395e-07
5.41015625e-02	5.42438464e-10	1.82248953e-07
5.41503906e-02	5.51411040e-10	1.85267760e-07
5.41992188e-02	5.60532241e-10	1.88336634e-07
5.42480469e-02	5.69804532e-10	1.91456406e-07
5.42968750e-02	5.79230419e-10	1.94627920e-07
5.43457031e-02	5.88812449e-10	1.97852037e-07
5.43945313e-02	5.98553212e-10	2.01129629e-07
5.44433594e-02	6.08455342e-10	2.04461585e-07
5.44921875e-02	6.18521513e-10	2.07848807e-07
5.45410156e-02	6.28754448e-10	2.11292213e-07
5.45898438e-02	6.39156913e-10	2.14792735e-07
5.46386719e-02	6.49731719e-10	2.18351323e-07
5.46875000e-02	6.60481725e-10	2.21968941e-07
5.47363281e-02	6.71409838e-10	2.25646568e-07
5.47851563e-02	6.82519013e-10	2.29385202e-07
5.48339844e-02	6.93812251e-10	2.33185855e-07
5.48828125e-02	7.05292608e-10	2.37049558e-07
5.49316406e-02	7.16963187e-10	2.40977357e-07
5.49804688e-02	7.28827144e-10	2.44970317e-07
5.50292969e-02	7.40887687e-10	2.49029521e-07
5.50781250e-02	7.53148077e-10	2.53156067e-07
5.51269531e-02	7.65611630e-10	2.57351076e-07
5.51757812e-02	7.78281717e-10	2.61615683e-07
5.52246094e-02	7.91161764e-10	2.65951046e-07
5.52734375e-02	8.04255255e-10	2.70358338e-07
5.53222656e-02	8.17565731e-10	2.74838756e-07
5.53710938e-02	8.31096792e-10	2.79393512e-07
5.54199219e-02	8.44852099e-10	2.84023843e-07
5.54687500e-02	8.58835372e-10	2.88731003e-07
5.55175781e-02	8.73050393e-10	2.93516269e-07
5.55664063e-02	8.87501008e-10	2.98380938e-07
5.56152344e-02	9.02191127e-10	3.03326329e-07
5.56640625e-02	9.17124723e-10	3.08353782e-07
5.57128906e-02	9.32305838e-10	3.13464662e-07
5.57617188e-02	9.47738577e-10	3.18660354e-07
5.58105469e-02	9.63427118e-10	3.23942266e-07
5.58593750e-02	9.79375704e-10	3.29311832e-07
5.59082031e-02	9.95588652e-10	3.34770507e-07
5.59570313e-02	1.01207035e-09	3.40319772e-07
5.60058594e-02	1.02882525e-09	3.45961132e-07
5.60546875e-02	1.04585790e-09	3.51696116e-07
5.61035156e-02	1.06317290e-09	3.57526280e-07
5.61523438e-02	1.08077494e-09	3.63453206e-07
5.62011719e-02	1.09866878e-09	3.69478501e-07
5.62500000e-02	1.11685927e-09	3.75603799e-07
5.62988281e-02	1.13535132e-09	3.81830763e-07
5.63476563e-02	1.15414995e-09	3.88161080e-07
5.63964844e-02	1.17326024e-09	3.94596469e-07
5.64453125e-02	1.19268737e-09	4.01138675e-07
5.64941406e-02	1.21243659e-09	4.07789473e-07
5.65429688e-02	1.23251325e-09	4.14550668e-07
5.65917969e-02	1.25292279e-09	4.21424093e-07
5.66406250e-02	1.27367074e-09	4.28411614e-07
5.66894531e-02	1.29476270e-09	4.35515127e-07
5.67382813e-02	1.31620439e-09	4.42736559e-07
5.67871094e-02	1.33800162e-09	4.50077869e-07
5.68359375e-02	1.36016028e-09	4.57541050e-07
5.68847656e-02	1.38268638e-09	4.65128127e-07
5.69335938e-02	1.40558603e-09	4.72841158e-07
5.69824219e-02	1.42886541e-09	4.80682238e-07
5.70312500e-02	1.45253083e-09	4.88653493e-07
5.70800781e-02	1.47658870e-09	4.96757087e-07
5.71289062e-02	1.50104555e-09	5.04995221e-07
5.71777344e-02	1.52590798e-09	5.13370128e-07
5.72265625e-02	1.55118274e-09	5.21884084e-07
5.72753906e-02	1.57687668e-09	5.30539398e-07
5.73242188e-02	1.60299674e-09	5.39338420e-07
5.73730469e-02	1.62955001e-09	5.48283539e-07
5.74218750e-02	1.65654368e-09	5.57377183e-07
5.74707031e-02	1.68398506e-09	5.66621820e-07
5.75195313e-02	1.71188159e-09	5.76019960e-07
5.75683594e-02	1.74024082e-09	5.85574154e-07
5.76171875e-02	1.76907044e-09	5.95286997e-07
5.76660156e-02	1.79837826e-09	6.05161125e-07
5.77148438e-02	1.82817221e-09	6.15199220e-07
5.77636719e-02	1.85846037e-09	6.25404006e-07
5.78125000e-02	1.88925096e-09	6.35778255e-07
5.78613281e-02	1.92055230e-09	6.46324783e-07
5.79101563e-02	1.95237289e-09	6.57046455e-07
5.79589844e-02	1.98472134e-09	6.67946182e-07
5.80078125e-02	2.01760643e-09	6.79026924e-07
5.80566406e-02	2.05103706e-09	6.90291690e-07
5.81054688e-02	2.08502229e-09	7.01743539e-07
5.81542969e-02	2.11957134e-09	7.13385581e-07
5.82031250e-02	2.15469357e-09	7.25220978e-07
5.82519531e-02	2.19039850e-09	7.37252945e-07
5.83007813e-02	2.22669581e-09	7.49484750e-07
5.83496094e-02	2.26359533e-09	7.61919715e-07
5.83984375e-02	2.30110707e-09	7.74561218e-07
5.84472656e-02	2.33924120e-09	7.87412692e-07
5.84960938e-02	2.37800806e-09	8.00477629e-07
5.85449219e-02	2.41741814e-09	8.13759578e-07
5.85937500e-02	2.45748215e-09	8.27262147e-07
5.86425781e-02	2.49821094e-09	8.40989003e-07
5.86914063e-02	2.53961555e-09	8.54943877e-07
5.87402344e-02	2.58170721e-09	8.69130559e-07
5.87890625e-02	2.62449733e-09	8.83552905e-07
5.88378906e-02	2.66799752e-09	8.98214832e-07
5.88867188e-02	2.71221957e-09	9.13120324e-07
5.89355469e-02	2.75717548e-09	9.28273432e-07
5.89843750e-02	2.80287742e-09	9.43678272e-07
5.90332031e-02	2.84933780e-09	9.59339031e-07
5.90820312e-02	2.89656923e-09	9.75259965e-07
5.91308594e-02	2.94458449e-09	9.91445400e-07
5.91796875e-02	2.99339663e-09	1.00789973e-06
5.92285156e-02	3.04301888e-09	1.02462744e-06
5.92773438e-02	3.09346469e-09	1.04163306e-06
5.93261719e-02	3.14474775e-09	1.05892122e-06
5.93750000e-02	3.19688198e-09	1.07649662e-06
5.94238281e-02	3.24988151e-09	1.09436404e-06
5.94726563e-02	3.30376071e-09	1.11252833e-06
5.95214844e-02	3.35853422e-09	1.13099442e-06
5.95703125e-02	3.41421688e-09	1.14976734e-06
5.96191406e-02	3.47082380e-09	1.16885220e-06
5.96679688e-02	3.52837034e-09	1.18825417e-06
5.97167969e-02	3.58687212e-09	1.20797854e-06
5.97656250e-02	3.64634500e-09	1.22803066e-06
5.98144531e-02	3.70680512e-09	1.24841599e-06
5.98632813e-02	3.76826889e-09	1.26914007e-06
5.99121094e-02	3.83075299e-09	1.29020853e-06
5.99609375e-02	3.89427437e-09	1.31162710e-06
6.00097656e-02	3.95885026e-09	1.33340161e-06
6.00585938e-02	4.02449820e-09	1.35553797e-06
6.01074219e-02	4.09123600e-09	1.37804221e-06
6.01562500e-02	4.15908177e-09	1.40092045e-06
6.02050781e-02	4.22805392e-09	1.42417890e-06
6.02539063e-02	4.29817117e-09	1.44782389e-06
6.03027344e-02	4.36945256e-09	1.47186185e-06
6.03515625e-02	4.44191744e-09	1.49629931e-06
6.04003906e-02	4.51558546e-09	1.52114293e-06
6.04492188e-02	4.59047663e-09	1.54639946e-06
6.04980469e-02	4.66661128e-09	1.57207577e-06
6.05468750e-02	4.74401008e-09	1.59817884e-06
6.05957031e-02	4.82269403e-09	1.62471577e-06
6.06445313e-02	4.90268449e-09	1.65169379e-06
6.06933594e-02	4.98400319e-09	1.67912022e-06
6.07421875e-02	5.06667221e-09	1.70700253e-06
6.07910156e-02	5.15071398e-09	1.73534830e-06
6.08398438e-02	5.23615132e-09	1.76416525e-06
6.08886719e-02	5.32300743e-09	1.79346121e-06
6.09375000e-02	5.41130590e-09	1.82324415e-06
6.09863281e-02	5.50107071e-09	1.85352217e-06
6.10351562e-02	5.59232622e-09	1.88430352e-06
6.10839844e-02	5.68509721e-09	1.91559657e-06
6.11328125e-02	5.77940889e-09	1.94740983e-06
6.11816406e-02	5.87528687e-09	1.97975195e-06
6.12304688e-02	5.97275717e-09	2.01263174e-06
6.12792969e-02	6.07184628e-09	2.04605815e-06
6.13281250e-02	6.17258111e-09	2.08004026e-06
6.13769531e-02	6.27498901e-09	2.11458733e-06
6.14257813e-02	6.37909780e-09	2.14970876e-06
6.14746094e-02	6.48493576e-09	2.18541410e-06
6.15234375e-02	6.59253164e-09	2.22171307e-06
6.15722656e-02	6.70191466e-09	2.25861555e-06
6.16210938e-02	6.81311454e-09	2.29613158e-06
6.16699219e-02	6.92616149e-09	2.33427137e-06
6.17187500e-02	7.04108621e-09	2.37304531e-06
6.17675781e-02	7.15791993e-09	2.41246394e-06
6.18164063e-02	7.27669439e-09	2.45253800e-06
6.18652344e-02	7.39744186e-09	2.49327839e-06
6.19140625e-02	7.52019515e-09	2.53469621e-06
6.19628906e-02	7.64498760e-09	2.57680271e-06
6.20117188e-02	7.77185313e-09	2.61960938e-06
6.20605469e-02	7.90082621e-09	2.66312786e-06
6.21093750e-02	8.03194188e-09	2.70736999e-06
6.21582031e-02	8.16523577e-09	2.75234783e-06
6.22070313e-02	8.30074411e-09	2.79807361e-06
6.22558594e-02	8.43850371e-09	2.84455979e-06
6.23046875e-02	8.57855202e-09	2.89181902e-06
6.23535156e-02	8.72092710e-09	2.93986417e-06
6.24023438e-02	8.86566764e-09	2.98870832e-06
6.24511719e-02	9.01281298e-09	3.03836476e-06
6.25000000e-02	9.16240311e-09	3.08884703e-06
6.25488281e-02	9.31447869e-09	3.14016886e-06
6.25976563e-02	9.46908107e-09	3.19234423e-06
6.26464844e-02	9.62625225e-09	3.24538735e-06
6.26953125e-02	9.78603496e-09	3.29931266e-06
6.27441406e-02	9.94847264e-09	3.35413484e-06
6.27929687e-02	1.01136095e-08	3.40986884e-06
6.28417969e-02	1.02814903e-08	3.46652982e-06
6.28906250e-02	1.04521608e-08	3.52413322e-06
6.29394531e-02	1.06256673e-08	3.58269472e-06
6.29882812e-02	1.08020571e-08	3.64223028e-06
6.30371094e-02	1.09813780e-08	3.70275611e-06
6.30859375e-02	1.11636789e-08	3.76428869e-06
6.31347656e-02	1.13490093e-08	3.82684479e-06
6.31835938e-02	1.15374196e-08	3.89044145e-06
6.32324219e-02	1.17289611e-08	3.95509598e-06
6.32812500e-02	1.19236857e-08	4.02082601e-06
6.33300781e-02	1.21216466e-08	4.08764944e-06
6.33789063e-02	1.23228974e-08	4.15558446e-06
6.34277344e-02	1.25274930e-08	4.22464959e-06
6.34765625e-02	1.27354889e-08	4.29486365e-06
6.35253906e-02	1.29469418e-08	4.36624576e-06
6.35742188e-02	1.31619091e-08	4.43881537e-06
6.36230469e-02	1.33804493e-08	4.51259225e-06
6.36718750e-02	1.36026219e-08	4.58759650e-06
6.37207031e-02	1.38284872e-08	4.66384856e-06
6.37695312e-02	1.40581068e-08	4.74136921e-06
6.38183594e-02	1.42915430e-08	4.82017957e-06
6.38671875e-02	1.45288595e-08	4.90030111e-06
6.39160156e-02	1.47701206e-08	4.98175568e-06
6.39648438e-02	1.50153921e-08	5.06456545e-06
6.40136719e-02	1.52647407e-08	5.14875300e-06
6.40625000e-02	1.55182342e-08	5.23434128e-06
6.41113281e-02	1.57759416e-08	5.32135361e-06
6.41601563e-02	1.60379330e-08	5.40981369e-06
6.42089844e-02	1.63042797e-08	5.49974565e-06
6.42578125e-02	1.65750541e-08	5.59117399e-06
6.43066406e-02	1.68503299e-08	5.68412362e-06
6.43554688e-02	1.71301821e-08	5.77861990e-06
6.44042969e-02	1.74146867e-08	5.87468856e-06
6.44531250e-02	1.77039211e-08	5.97235580e-06
6.45019531e-02	1.79979642e-08	6.07164824e-06
6.45507813e-02	1.82968959e-08	6.17259294e-06
6.45996094e-02	1.86007975e-08	6.27521743e-06
6.46484375e-02	1.89097518e-08	6.37954967e-06
6.46972656e-02	1.92238428e-08	6.48561811e-06
6.47460937e-02	1.95431560e-08	6.59345167e-06
6.47949219e-02	1.98677784e-08	6.70307975e-06
6.48437500e-02	2.01977982e-08	6.81453222e-06
6.48925781e-02	2.05333053e-08	6.92783948e-06
6.49414062e-02	2.08743910e-08	7.04303243e-06
6.49902344e-02	2.12211482e-08	7.16014246e-06
6.50390625e-02	2.15736713e-08	7.27920151e-06
6.50878906e-02	2.19320561e-08	7.40024204e-06
6.51367188e-02	2.22964004e-08	7.52329706e-06
6.51855469e-02	2.26668031e-08	7.64840012e-06
6.52343750e-02	2.30433653e-08	7.77558533e-06
6.52832031e-02	2.34261893e-08	7.90488739e-06
6.53320313e-02	2.38153795e-08	8.03634154e-06
6.53808594e-02	2.42110417e-08	8.16998364e-06
6.54296875e-02	2.46132837e-08	8.30585013e-06
6.54785156e-02	2.50222151e-08	8.44397806e-06
6.55273438e-02	2.54379471e-08	8.58440512e-06
6.55761719e-02	2.58605930e-08	8.72716959e-06
6.56250000e-02	2.62902678e-08	8.87231041e-06
6.56738281e-02	2.67270885e-08	9.01986718e-06
6.57226562e-02	2.71711741e-08	9.16988013e-06
6.57714844e-02	2.76226456e-08	9.32239019e-06
6.58203125e-02	2.80816258e-08	9.47743896e-06
6.58691406e-02	2.85482397e-08	9.63506872e-06
6.59179688e-02	2.90226145e-08	9.79532249e-06
6.59667969e-02	2.95048793e-08	9.95824396e-06
6.60156250e-02	2.99951655e-08	1.01238776e-05
6.60644531e-02	3.04936066e-08	1.02922686e-05
6.61132813e-02	3.10003383e-08	1.04634628e-05
6.61621094e-02	3.15154987e-08	1.06375071e-05
6.62109375e-02	3.20392281e-08	1.08144488e-05
6.62597656e-02	3.25716691e-08	1.09943362e-05
6.63085938e-02	3.31129669e-08	1.11772185e-05
6.63574219e-02	3.36632687e-08	1.13631455e-05
6.64062500e-02	3.42227246e-08	1.15521680e-05
6.64550781e-02	3.47914869e-08	1.17443375e-05
6.65039063e-02	3.53697107e-08	1.19397064e-05
6.65527344e-02	3.59575533e-08	1.21383281e-05
6.66015625e-02	3.65551750e-08	1.23402568e-05
6.66503906e-02	3.71627386e-08	1.25455476e-05
6.66992187e-02	3.77804096e-08	1.27542564e-05
6.67480469e-02	3.84083563e-08	1.29664403e-05
6.67968750e-02	3.90467498e-08	1.31821572e-05
6.68457031e-02	3.96957640e-08	1.34014659e-05
6.68945312e-02	4.03555758e-08	1.36244263e-05
6.69433594e-02	4.10263650e-08	1.38510992e-05
6.69921875e-02	4.17083144e-08	1.40815465e-05
6.70410156e-02	4.24016098e-08	1.43158312e-05
6.70898438e-02	4.31064400e-08	1.45540170e-05
6.71386719e-02	4.38229973e-08	1.47961691e-05
6.71875000e-02	4.45514769e-08	1.50423536e-05
6.72363281e-02	4.52920772e-08	1.52926376e-05
6.72851563e-02	4.60450003e-08	1.55470895e-05
6.73339844e-02	4.68104512e-08	1.58057787e-05
6.73828125e-02	4.75886385e-08	1.60687759e-05
6.74316406e-02	4.83797745e-08	1.63361528e-05
6.74804688e-02	4.91840747e-08	1.66079824e-05
6.75292969e-02	5.00017583e-08	1.68843390e-05
6.75781250e-02	5.08330482e-08	1.71652980e-05
6.76269531e-02	5.16781711e-08	1.74509361e-05
6.76757812e-02	5.25373574e-08	1.77413312e-05
6.77246094e-02	5.34108411e-08	1.80365628e-05
6.77734375e-02	5.42988605e-08	1.83367113e-05
6.78222656e-02	5.52016576e-08	1.86418587e-05
6.78710938e-02	5.61194786e-08	1.89520884e-05
6.79199219e-02	5.70525736e-08	1.92674850e-05
6.79687500e-02	5.80011972e-08	1.95881348e-05
6.80175781e-02	5.89656078e-08	1.99141251e-05
6.80664063e-02	5.99460685e-08	2.02455451e-05
6.81152344e-02	6.09428466e-08	2.05824853e-05
6.81640625e-02	6.19562139e-08	2.09250377e-05
6.82128906e-02	6.29864466e-08	2.12732958e-05
6.82617188e-02	6.40338258e-08	2.16273547e-05
6.83105469e-02	6.50986369e-08	2.19873111e-05
6.83593750e-02	6.61811705e-08	2.23532634e-05
6.84082031e-02	6.72817216e-08	2.27253115e-05
6.84570313e-02	6.84005905e-08	2.31035569e-05
6.85058594e-02	6.95380822e-08	2.34881031e-05
6.85546875e-02	7.06945070e-08	2.38790550e-05
6.86035156e-02	7.18701802e-08	2.42765194e-05
6.86523437e-02	7.30654225e-08	2.46806049e-05
6.87011719e-02	7.42805598e-08	2.50914219e-05
6.87500000e-02	7.55159237e-08	2.55090826e-05
6.87988281e-02	7.67718510e-08	2.59337011e-05
6.88476562e-02	7.80486844e-08	2.63653934e-05
6.88964844e-02	7.93467721e-08	2.68042773e-05
6.89453125e-02	8.06664681e-08	2.72504729e-05
6.89941406e-02	8.20081326e-08	2.77041020e-05
6.90429688e-02	8.33721313e-08	2.81652885e-05
6.90917969e-02	8.47588366e-08	2.86341585e-05
6.91406250e-02	8.61686266e-08	2.91108399e-05
6.91894531e-02	8.76018859e-08	2.95954632e-05
6.92382813e-02	8.90590057e-08	3.00881606e-05
6.92871094e-02	9.05403833e-08	3.05890669e-05
6.93359375e-02	9.20464230e-08	3.10983188e-05
6.93847656e-02	9.35775356e-08	3.16160555e-05
6.94335938e-02	9.51341390e-08	3.21424185e-05
6.94824219e-02	9.67166578e-08	3.26775516e-05
6.95312500e-02	9.83255238e-08	3.32216011e-05
6.95800781e-02	9.99611761e-08	3.37747157e-05
6.96289062e-02	1.01624061e-07	3.43370464e-05
6.96777344e-02	1.03314632e-07	3.49087469e-05
6.97265625e-02	1.05033351e-07	3.54899735e-05
6.97753906e-02	1.06780686e-07	3.60808851e-05
6.98242188e-02	1.08557115e-07	3.66816431e-05
6.98730469e-02	1.10363122e-07	3.72924117e-05
6.99218750e-02	1.12199201e-07	3.79133579e-05
6.99707031e-02	1.14065851e-07	3.85446513e-05
7.00195313e-02	1.15963584e-07	3.91864646e-05
7.00683594e-02	1.17892916e-07	3.98389731e-05
7.01171875e-02	1.19854374e-07	4.05023551e-05
7.01660156e-02	1.21848494e-07	4.11767921e-05
7.02148438e-02	1.23875819e-07	4.18624684e-05
7.02636719e-02	1.25936904e-07	4.25595714e-05
7.03125000e-02	1.28032311e-07	4.32682917e-05
7.03613281e-02	1.30162612e-07	4.39888229e-05
7.04101563e-02	1.32328388e-07	4.47213622e-05
7.04589844e-02	1.34530230e-07	4.54661097e-05
7.05078125e-02	1.36768741e-07	4.62232690e-05
7.05566406e-02	1.39044530e-07	4.69930472e-05
7.06054687e-02	1.41358219e-07	4.77756547e-05
7.06542969e-02	1.43710439e-07	4.85713055e-05
7.07031250e-02	1.46101834e-07	4.93802170e-05
7.07519531e-02	1.48533055e-07	5.02026106e-05
7.08007812e-02	1.51004767e-07	5.10387110e-05
7.08496094e-02	1.53517645e-07	5.18887468e-05
7.08984375e-02	1.56072373e-07	5.27529505e-05
7.09472656e-02	1.58669652e-07	5.36315583e-05
7.09960938e-02	1.61310188e-07	5.45248107e-05
7.10449219e-02	1.63994704e-07	5.54329516e-05
7.10937500e-02	1.66723932e-07	5.63562297e-05
7.11425781e-02	1.69498617e-07	5.72948972e-05
7.11914063e-02	1.72319518e-07	5.82492109e-05
7.12402344e-02	1.75187405e-07	5.92194318e-05
7.12890625e-02	1.78103061e-07	6.02058253e-05
7.13378906e-02	1.81067282e-07	6.12086610e-05
7.13867188e-02	1.84080877e-07	6.22282133e-05
7.14355469e-02	1.87144671e-07	6.32647610e-05
7.14843750e-02	1.90259498e-07	6.43185876e-05
7.15332031e-02	1.93426212e-07	6.53899813e-05
7.15820312e-02	1.96645675e-07	6.64792351e-05
7.16308594e-02	1.99918768e-07	6.75866471e-05
7.16796875e-02	2.03246384e-07	6.87125201e-05
7.17285156e-02	2.06629433e-07	6.98571621e-05
7.17773438e-02	2.10068838e-07	7.10208862e-05
7.18261719e-02	2.13565540e-07	7.22040107e-05
7.18750000e-02	2.17120493e-07	7.34068593e-05
7.19238281e-02	2.20734668e-07	7.46297609e-05
7.19726563e-02	2.24409053e-07	7.58730502e-05
7.20214844e-02	2.28144652e-07	7.71370673e-05
7.20703125e-02	2.31942484e-07	7.84221580e-05
7.21191406e-02	2.35803589e-07	7.97286738e-05
7.21679688e-02	2.39729020e-07	8.10569722e-05
7.22167969e-02	2.43719849e-07	8.24074166e-05
7.22656250e-02	2.47777169e-07	8.37803765e-05
7.23144531e-02	2.51902086e-07	8.51762275e-05
7.23632813e-02	2.56095728e-07	8.65953516e-05
7.24121094e-02	2.60359241e-07	8.80381370e-05
7.24609375e-02	2.64693789e-07	8.95049786e-05
7.25097656e-02	2.69100558e-07	9.09962776e-05
7.25585937e-02	2.73580752e-07	9.25124422e-05
7.26074219e-02	2.78135594e-07	9.40538872e-05
7.26562500e-02	2.82766329e-07	9.56210345e-05
7.27050781e-02	2.87474223e-07	9.72143129e-05
7.27539062e-02	2.92260563e-07	9.88341583e-05
7.28027344e-02	2.97126656e-07	1.00481014e-04
7.28515625e-02	3.02073832e-07	1.02155331e-04
7.29003906e-02	3.07103444e-07	1.03857567e-04
7.29492188e-02	3.12216866e-07	1.05588189e-04
7.29980469e-02	3.17415495e-07	1.07347669e-04
7.30468750e-02	3.22700753e-07	1.09136489e-04
7.30957031e-02	3.28074084e-07	1.10955140e-04
7.31445313e-02	3.33536956e-07	1.12804118e-04
7.31933594e-02	3.39090864e-07	1.14683930e-04
7.32421875e-02	3.44737324e-07	1.16595090e-04
7.32910156e-02	3.50477881e-07	1.18538122e-04
7.33398438e-02	3.56314104e-07	1.20513557e-04
7.33886719e-02	3.62247588e-07	1.22521936e-04
7.34375000e-02	3.68279954e-07	1.24563809e-04
7.34863281e-02	3.74412853e-07	1.26639735e-04
7.35351562e-02	3.80647961e-07	1.28750281e-04
7.35839844e-02	3.86986982e-07	1.30896026e-04
7.36328125e-02	3.93431650e-07	1.33077558e-04
7.36816406e-02	3.99983726e-07	1.35295473e-04
7.37304688e-02	4.06645002e-07	1.37550378e-04
7.37792969e-02	4.13417298e-07	1.39842892e-04
7.38281250e-02	4.20302467e-07	1.42173641e-04
7.38769531e-02	4.27302392e-07	1.44543264e-04
7.39257813e-02	4.34418985e-07	1.46952409e-04
7.39746094e-02	4.41654194e-07	1.49401736e-04
7.40234375e-02	4.49009996e-07	1.51891917e-04
7.40722656e-02	4.56488403e-07	1.54423631e-04
7.41210938e-02	4.64091460e-07	1.56997574e-04
7.41699219e-02	4.71821246e-07	1.59614449e-04
7.42187500e-02	4.79679874e-07	1.62274973e-04
7.42675781e-02	4.87669494e-07	1.64979875e-04
7.43164063e-02	4.95792291e-07	1.67729895e-04
7.43652344e-02	5.04050487e-07	1.70525787e-04
7.44140625e-02	5.12446339e-07	1.73368316e-04
7.44628906e-02	5.20982144e-07	1.76258260e-04
7.45117187e-02	5.29660237e-07	1.79196411e-04
7.45605469e-02	5.38482990e-07	1.82183574e-04
7.46093750e-02	5.47452818e-07	1.85220567e-04
7.46582031e-02	5.56572173e-07	1.88308221e-04
7.47070312e-02	5.65843550e-07	1.91447382e-04
7.47558594e-02	5.75269485e-07	1.94638910e-04
7.48046875e-02	5.84852556e-07	1.97883679e-04
7.48535156e-02	5.94595384e-07	2.01182578e-04
7.49023438e-02	6.04500636e-07	2.04536510e-04
7.49511719e-02	6.14571019e-07	2.07946394e-04
7.50000000e-02	6.24809289e-07	2.11413164e-04
7.50488281e-02	6.35218248e-07	2.14937769e-04
7.50976563e-02	6.45800742e-07	2.18521176e-04
7.51464844e-02	6.56559666e-07	2.22164365e-04
7.51953125e-02	6.67497964e-07	2.25868335e-04
7.52441406e-02	6.78618629e-07	2.29634100e-04
7.52929688e-02	6.89924703e-07	2.33462692e-04
7.53417969e-02	7.01419280e-07	2.37355160e-04
7.53906250e-02	7.13105503e-07	2.41312570e-04
7.54394531e-02	7.24986572e-07	2.45336006e-04
7.54882813e-02	7.37065737e-07	2.49426571e-04
7.55371094e-02	7.49346302e-07	2.53585385e-04
7.55859375e-02	7.61831629e-07	2.57813588e-04
7.56347656e-02	7.74525133e-07	2.62112338e-04
7.56835938e-02	7.87430288e-07	2.66482813e-04
7.57324219e-02	8.00550625e-07	2.70926211e-04
7.57812500e-02	8.13889736e-07	2.75443748e-04
7.58300781e-02	8.27451269e-07	2.80036663e-04
7.58789063e-02	8.41238937e-07	2.84706215e-04
7.59277344e-02	8.55256513e-07	2.89453682e-04
7.59765625e-02	8.69507832e-07	2.94280366e-04
7.60253906e-02	8.83996796e-07	2.99187589e-04
7.60742188e-02	8.98727369e-07	3.04176696e-04
7.61230469e-02	9.13703584e-07	3.09249055e-04
7.61718750e-02	9.28929539e-07	3.14406055e-04
7.62207031e-02	9.44409401e-07	3.19649109e-04
7.62695313e-02	9.60147408e-07	3.24979655e-04
7.63183594e-02	9.76147867e-07	3.30399153e-04
7.63671875e-02	9.92415158e-07	3.35909088e-04
7.64160156e-02	1.00895373e-06	3.41510972e-04
7.64648438e-02	1.02576812e-06	3.47206338e-04
7.65136719e-02	1.04286292e-06	3.52996748e-04
7.65625000e-02	1.06024282e-06	3.58883789e-04
7.66113281e-02	1.07791257e-06	3.64869075e-04
7.66601562e-02	1.09587700e-06	3.70954246e-04
7.67089844e-02	1.11414105e-06	3.77140970e-04
7.67578125e-02	1.13270970e-06	3.83430942e-04
7.68066406e-02	1.15158804e-06	3.89825888e-04
7.68554688e-02	1.17078124e-06	3.96327560e-04
7.69042969e-02	1.19029455e-06	4.02937740e-04
7.69531250e-02	1.21013332e-06	4.09658240e-04
7.70019531e-02	1.23030298e-06	4.16490902e-04
7.70507813e-02	1.25080904e-06	4.23437601e-04
7.70996094e-02	1.27165713e-06	4.30500239e-04
7.71484375e-02	1.29285296e-06	4.37680753e-04
7.71972656e-02	1.31440232e-06	4.44981112e-04
7.72460938e-02	1.33631112e-06	4.52403317e-04
7.72949219e-02	1.35858536e-06	4.59949403e-04
7.73437500e-02	1.38123113e-06	4.67621439e-04
7.73925781e-02	1.40425464e-06	4.75421528e-04
7.74414063e-02	1.42766219e-06	4.83351810e-04
7.74902344e-02	1.45146020e-06	4.91414457e-04
7.75390625e-02	1.47565517e-06	4.99611682e-04
7.75878906e-02	1.50025374e-06	5.07945731e-04
7.76367188e-02	1.52526264e-06	5.16418890e-04
7.76855469e-02	1.55068873e-06	5.25033482e-04
7.77343750e-02	1.57653895e-06	5.33791870e-04
7.77832031e-02	1.60282041e-06	5.42696454e-04
7.78320313e-02	1.62954028e-06	5.51749677e-04
7.78808594e-02	1.65670590e-06	5.60954022e-04
7.79296875e-02	1.68432470e-06	5.70312012e-04
7.79785156e-02	1.71240425e-06	5.79826214e-04
7.80273438e-02	1.74095223e-06	5.89499236e-04
7.80761719e-02	1.76997647e-06	5.99333733e-04
7.81250000e-02	1.79948492e-06	6.09332400e-04
7.81738281e-02	1.82948567e-06	6.19497980e-04
7.82226563e-02	1.85998692e-06	6.29833261e-04
7.82714844e-02	1.89099703e-06	6.40341077e-04
7.83203125e-02	1.92252451e-06	6.51024311e-04
7.83691406e-02	1.95457798e-06	6.61885893e-04
7.84179688e-02	1.98716623e-06	6.72928801e-04
7.84667969e-02	2.02029818e-06	6.84156065e-04
7.85156250e-02	2.05398292e-06	6.95570764e-04
7.85644531e-02	2.08822967e-06	7.07176030e-04
7.86132812e-02	2.12304781e-06	7.18975044e-04
7.86621094e-02	2.15844689e-06	7.30971045e-04
7.87109375e-02	2.19443659e-06	7.43167322e-04
7.87597656e-02	2.23102679e-06	7.55567222e-04
7.88085938e-02	2.26822751e-06	7.68174145e-04
7.88574219e-02	2.30604894e-06	7.80991550e-04
7.89062500e-02	2.34450144e-06	7.94022953e-04
7.89550781e-02	2.38359555e-06	8.07271930e-04
7.90039063e-02	2.42334199e-06	8.20742114e-04
7.90527344e-02	2.46375164e-06	8.34437202e-04
7.91015625e-02	2.50483558e-06	8.48360951e-04
7.91503906e-02	2.54660506e-06	8.62517180e-04
7.91992188e-02	2.58907154e-06	8.76909774e-04
7.92480469e-02	2.63224665e-06	8.91542681e-04
7.92968750e-02	2.67614222e-06	9.06419916e-04
7.93457031e-02	2.72077029e-06	9.21545561e-04
7.93945313e-02	2.76614307e-06	9.36923767e-04
7.94433594e-02	2.81227302e-06	9.52558752e-04
7.94921875e-02	2.85917276e-06	9.68454807e-04
7.95410156e-02	2.90685516e-06	9.84616294e-04
7.95898438e-02	2.95533328e-06	1.00104765e-03
7.96386719e-02	3.00462042e-06	1.01775338e-03
7.96875000e-02	3.05473007e-06	1.03473806e-03
7.97363281e-02	3.10567598e-06	1.05200637e-03
7.97851563e-02	3.15747211e-06	1.06956304e-03
7.98339844e-02	3.21013266e-06	1.08741288e-03
7.98828125e-02	3.26367205e-06	1.10556080e-03
7.99316406e-02	3.31810498e-06	1.12401177e-03
7.99804688e-02	3.37344635e-06	1.14277086e-03
8.00292969e-02	3.42971134e-06	1.16184323e-03
8.00781250e-02	3.48691538e-06	1.18123409e-03
8.01269531e-02	3.54507414e-06	1.20094877e-03
8.01757813e-02	3.60420357e-06	1.22099270e-03
8.02246094e-02	3.66431988e-06	1.24137135e-03
8.02734375e-02	3.72543955e-06	1.26209034e-03
8.03222656e-02	3.78757934e-06	1.28315534e-03
8.03710938e-02	3.85075628e-06	1.30457214e-03
8.04199219e-02	3.91498769e-06	1.32634662e-03
8.04687500e-02	3.98029119e-06	1.34848475e-03
8.05175781e-02	4.04668468e-06	1.37099260e-03
8.05664062e-02	4.11418636e-06	1.39387637e-03
8.06152344e-02	4.18281475e-06	1.41714233e-03
8.06640625e-02	4.25258866e-06	1.44079686e-03
8.07128906e-02	4.32352721e-06	1.46484646e-03
8.07617188e-02	4.39564988e-06	1.48929774e-03
8.08105469e-02	4.46897642e-06	1.51415739e-03
8.08593750e-02	4.54352695e-06	1.53943226e-03
8.09082031e-02	4.61932191e-06	1.56512927e-03
8.09570313e-02	4.69638208e-06	1.59125549e-03
8.10058594e-02	4.77472860e-06	1.61781808e-03
8.10546875e-02	4.85438296e-06	1.64482434e-03
8.11035156e-02	4.93536699e-06	1.67228168e-03
8.11523438e-02	5.01770291e-06	1.70019764e-03
8.12011719e-02	5.10141330e-06	1.72857988e-03
8.12500000e-02	5.18652112e-06	1.75743620e-03
8.12988281e-02	5.27304970e-06	1.78677452e-03
8.13476563e-02	5.36102278e-06	1.81660290e-03
8.13964844e-02	5.45046449e-06	1.84692952e-03
8.14453125e-02	5.54139936e-06	1.87776272e-03
8.14941406e-02	5.63385233e-06	1.90911096e-03
8.15429688e-02	5.72784876e-06	1.94098284e-03
8.15917969e-02	5.82341443e-06	1.97338712e-03
8.16406250e-02	5.92057556e-06	2.00633270e-03
8.16894531e-02	6.01935880e-06	2.03982863e-03
8.17382813e-02	6.11979124e-06	2.07388410e-03
8.17871094e-02	6.22190043e-06	2.10850846e-03
8.18359375e-02	6.32571439e-06	2.14371122e-03
8.18847656e-02	6.43126159e-06	2.17950206e-03
8.19335938e-02	6.53857098e-06	2.21589080e-03
8.19824219e-02	6.64767201e-06	2.25288743e-03
8.20312500e-02	6.75859461e-06	2.29050211e-03
8.20800781e-02	6.87136920e-06	2.32874518e-03
8.21289063e-02	6.98602673e-06	2.36762714e-03
8.21777344e-02	7.10259865e-06	2.40715866e-03
8.22265625e-02	7.22111694e-06	2.44735061e-03
8.22753906e-02	7.34161412e-06	2.48821403e-03
8.23242188e-02	7.46412326e-06	2.52976013e-03
8.23730469e-02	7.58867796e-06	2.57200033e-03
8.24218750e-02	7.71531240e-06	2.61494623e-03
8.24707031e-02	7.84406132e-06	2.65860963e-03
8.25195312e-02	7.97496005e-06	2.70300252e-03
8.25683594e-02	8.10804451e-06	2.74813709e-03
8.26171875e-02	8.24335122e-06	2.79402575e-03
8.26660156e-02	8.38091731e-06	2.84068110e-03
8.27148438e-02	8.52078052e-06	2.88811595e-03
8.27636719e-02	8.66297923e-06	2.93634334e-03
8.28125000e-02	8.80755247e-06	2.98537652e-03
8.28613281e-02	8.95453991e-06	3.03522895e-03
8.29101563e-02	9.10398188e-06	3.08591433e-03
8.29589844e-02	9.25591941e-06	3.13744658e-03
8.30078125e-02	9.41039417e-06	3.18983987e-03
8.30566406e-02	9.56744858e-06	3.24310858e-03
8.31054688e-02	9.72712573e-06	3.29726736e-03
8.31542969e-02	9.88946944e-06	3.35233108e-03
8.32031250e-02	1.00545243e-05	3.40831486e-03
8.32519531e-02	1.02223355e-05	3.46523410e-03
8.33007813e-02	1.03929493e-05	3.52310443e-03
8.33496094e-02	1.05664123e-05	3.58194175e-03
8.33984375e-02	1.07427723e-05	3.64176223e-03
8.34472656e-02	1.09220775e-05	3.70258230e-03
8.34960938e-02	1.11043774e-05	3.76441868e-03
8.35449219e-02	1.12897218e-05	3.82728835e-03
8.35937500e-02	1.14781617e-05	3.89120860e-03
8.36425781e-02	1.16697487e-05	3.95619699e-03
8.36914063e-02	1.18645355e-05	4.02227137e-03
8.37402344e-02	1.20625756e-05	4.08944991e-03
8.37890625e-02	1.22639233e-05	4.15775106e-03
8.38378906e-02	1.24686338e-05	4.22719359e-03
8.38867188e-02	1.26767635e-05	4.29779659e-03
8.39355469e-02	1.28883693e-05	4.36957946e-03
8.39843750e-02	1.31035095e-05	4.44256193e-03
8.40332031e-02	1.33222431e-05	4.51676405e-03
8.40820313e-02	1.35446300e-05	4.59220622e-03
8.41308594e-02	1.37707315e-05	4.66890917e-03
8.41796875e-02	1.40006095e-05	4.74689398e-03
8.42285156e-02	1.42343272e-05	4.82618209e-03
8.42773438e-02	1.44719487e-05	4.90679529e-03
8.43261719e-02	1.47135393e-05	4.98875573e-03
8.43750000e-02	1.49591653e-05	5.07208594e-03
8.44238281e-02	1.52088942e-05	5.15680883e-03
8.44726562e-02	1.54627945e-05	5.24294768e-03
8.45214844e-02	1.57209359e-05	5.33052618e-03
8.45703125e-02	1.59833894e-05	5.41956838e-03
8.46191406e-02	1.62502270e-05	5.51009877e-03
8.46679688e-02	1.65215219e-05	5.60214224e-03
8.47167969e-02	1.67973488e-05	5.69572409e-03
8.47656250e-02	1.70777832e-05	5.79087003e-03
8.48144531e-02	1.73629022e-05	5.88760623e-03
8.48632813e-02	1.76527842e-05	5.98595927e-03
8.49121094e-02	1.79475087e-05	6.08595621e-03
8.49609375e-02	1.82471567e-05	6.18762451e-03
8.50097656e-02	1.85518104e-05	6.29099215e-03
8.50585938e-02	1.88615535e-05	6.39608752e-03
8.51074219e-02	1.91764712e-05	6.50293953e-03
8.51562500e-02	1.94966498e-05	6.61157756e-03
8.52050781e-02	1.98221774e-05	6.72203146e-03
8.52539063e-02	2.01531433e-05	6.83433162e-03
8.53027344e-02	2.04896384e-05	6.94850889e-03
8.53515625e-02	2.08317552e-05	7.06459468e-03
8.54003906e-02	2.11795876e-05	7.18262091e-03
8.54492188e-02	2.15332312e-05	7.30262002e-03
8.54980469e-02	2.18927831e-05	7.42462501e-03
8.55468750e-02	2.22583420e-05	7.54866942e-03
8.55957031e-02	2.26300085e-05	7.67478737e-03
8.56445313e-02	2.30078845e-05	7.80301353e-03
8.56933594e-02	2.33920738e-05	7.93338316e-03
8.57421875e-02	2.37826821e-05	8.06593211e-03
8.57910156e-02	2.41798166e-05	8.20069683e-03
8.58398438e-02	2.45835864e-05	8.33771438e-03
8.58886719e-02	2.49941024e-05	8.47702243e-03
8.59375000e-02	2.54114775e-05	8.61865930e-03
8.59863281e-02	2.58358262e-05	8.76266393e-03
8.60351563e-02	2.62672652e-05	8.90907592e-03
8.60839844e-02	2.67059129e-05	9.05793555e-03
8.61328125e-02	2.71518899e-05	9.20928374e-03
8.61816406e-02	2.76053188e-05	9.36316213e-03
8.62304688e-02	2.80663240e-05	9.51961303e-03
8.62792969e-02	2.85350324e-05	9.67867947e-03
8.63281250e-02	2.90115725e-05	9.84040519e-03
8.63769531e-02	2.94960754e-05	1.00048347e-02
8.64257812e-02	2.99886743e-05	1.01720132e-02
8.64746094e-02	3.04895043e-05	1.03419866e-02
8.65234375e-02	3.09987033e-05	1.05148018e-02
8.65722656e-02	3.15164110e-05	1.06905062e-02
8.66210938e-02	3.20427697e-05	1.08691483e-02
8.66699219e-02	3.25779242e-05	1.10507770e-02
8.67187500e-02	3.31220213e-05	1.12354424e-02
8.67675781e-02	3.36752107e-05	1.14231953e-02
8.68164063e-02	3.42376444e-05	1.16140874e-02
8.68652344e-02	3.48094769e-05	1.18081710e-02
8.69140625e-02	3.53908653e-05	1.20054997e-02
8.69628906e-02	3.59819695e-05	1.22061277e-02
8.70117188e-02	3.65829519e-05	1.24101101e-02
8.70605469e-02	3.71939776e-05	1.26175032e-02
8.71093750e-02	3.78152146e-05	1.28283639e-02
8.71582031e-02	3.84468336e-05	1.30427503e-02
8.72070313e-02	3.90890082e-05	1.32607214e-02
8.72558594e-02	3.97419149e-05	1.34823371e-02
8.73046875e-02	4.04057331e-05	1.37076583e-02
8.73535156e-02	4.10806454e-05	1.39367471e-02
8.74023438e-02	4.17668371e-05	1.41696665e-02
8.74511719e-02	4.24644969e-05	1.44064806e-02
8.75000000e-02	4.31738166e-05	1.46472546e-02
8.75488281e-02	4.38949912e-05	1.48920546e-02
8.75976563e-02	4.46282188e-05	1.51409480e-02
8.76464844e-02	4.53737010e-05	1.53940034e-02
8.76953125e-02	4.61316427e-05	1.56512903e-02
8.77441406e-02	4.69022524e-05	1.59128795e-02
8.77929688e-02	4.76857417e-05	1.61788431e-02
8.78417969e-02	4.84823261e-05	1.64492541e-02
8.78906250e-02	4.92922245e-05	1.67241871e-02
8.79394531e-02	5.01156597e-05	1.70037176e-02
8.79882813e-02	5.09528580e-05	1.72879226e-02
8.80371094e-02	5.18040494e-05	1.75768802e-02
8.80859375e-02	5.26694681e-05	1.78706701e-02
8.81347656e-02	5.35493520e-05	1.81693730e-02
8.81835938e-02	5.44439429e-05	1.84730712e-02
8.82324219e-02	5.53534869e-05	1.87818481e-02
8.82812500e-02	5.62782339e-05	1.90957889e-02
8.83300781e-02	5.72184382e-05	1.94149798e-02
8.83789062e-02	5.81743583e-05	1.97395088e-02
8.84277344e-02	5.91462571e-05	2.00694651e-02
8.84765625e-02	6.01344017e-05	2.04049396e-02
8.85253906e-02	6.11390639e-05	2.07460245e-02
8.85742188e-02	6.21605200e-05	2.10928138e-02
8.86230469e-02	6.31990506e-05	2.14454029e-02
8.86718750e-02	6.42549415e-05	2.18038889e-02
8.87207031e-02	6.53284830e-05	2.21683703e-02
8.87695313e-02	6.64199703e-05	2.25389476e-02
8.88183594e-02	6.75297034e-05	2.29157227e-02
8.88671875e-02	6.86579877e-05	2.32987993e-02
8.89160156e-02	6.98051332e-05	2.36882829e-02
8.89648438e-02	7.09714556e-05	2.40842807e-02
8.90136719e-02	7.21572755e-05	2.44869016e-02
8.90625000e-02	7.33629190e-05	2.48962566e-02
8.91113281e-02	7.45887177e-05	2.53124583e-02
8.91601563e-02	7.58350087e-05	2.57356212e-02
8.92089844e-02	7.71021347e-05	2.61658618e-02
8.92578125e-02	7.83904443e-05	2.66032986e-02
8.93066406e-02	7.97002917e-05	2.70480520e-02
8.93554688e-02	8.10320373e-05	2.75002445e-02
8.94042969e-02	8.23860471e-05	2.79600004e-02
8.94531250e-02	8.37626938e-05	2.84274464e-02
8.95019531e-02	8.51623559e-05	2.89027112e-02
8.95507813e-02	8.65854183e-05	2.93859256e-02
8.95996094e-02	8.80322725e-05	2.98772227e-02
8.96484375e-02	8.95033164e-05	3.03767376e-02
8.96972656e-02	9.09989548e-05	3.08846079e-02
8.97460938e-02	9.25195988e-05	3.14009735e-02
8.97949219e-02	9.40656670e-05	3.19259765e-02
8.98437500e-02	9.56375844e-05	3.24597615e-02
8.98925781e-02	9.72357835e-05	3.30024754e-02
8.99414063e-02	9.88607040e-05	3.35542676e-02
8.99902344e-02	1.00512793e-04	3.41152901e-02
9.00390625e-02	1.02192504e-04	3.46856974e-02
9.00878906e-02	1.03900301e-04	3.52656465e-02
9.01367188e-02	1.05636652e-04	3.58552971e-02
9.01855469e-02	1.07402036e-04	3.64548115e-02
9.02343750e-02	1.09196937e-04	3.70643549e-02
9.02832031e-02	1.11021850e-04	3.76840950e-02
9.03320312e-02	1.12877278e-04	3.83142026e-02
9.03808594e-02	1.14763729e-04	3.89548512e-02
9.04296875e-02	1.16681724e-04	3.96062171e-02
9.04785156e-02	1.18631790e-04	4.02684798e-02
9.05273438e-02	1.20614463e-04	4.09418215e-02
9.05761719e-02	1.22630290e-04	4.16264279e-02
9.06250000e-02	1.24679824e-04	4.23224872e-02
9.06738281e-02	1.26763629e-04	4.30301914e-02
9.07226563e-02	1.28882280e-04	4.37497352e-02
9.07714844e-02	1.31036358e-04	4.44813168e-02
9.08203125e-02	1.33226457e-04	4.52251378e-02
9.08691406e-02	1.35453179e-04	4.59814029e-02
9.09179688e-02	1.37717138e-04	4.67503204e-02
9.09667969e-02	1.40018954e-04	4.75321022e-02
9.10156250e-02	1.42359264e-04	4.83269635e-02
9.10644531e-02	1.44738709e-04	4.91351232e-02
9.11132813e-02	1.47157946e-04	4.99568040e-02
9.11621094e-02	1.49617639e-04	5.07922321e-02
9.12109375e-02	1.52118466e-04	5.16416378e-02
9.12597656e-02	1.54661115e-04	5.25052548e-02
9.13085938e-02	1.57246285e-04	5.33833211e-02
9.13574219e-02	1.59874688e-04	5.42760786e-02
9.14062500e-02	1.62547048e-04	5.51837732e-02
9.14550781e-02	1.65264099e-04	5.61066549e-02
9.15039063e-02	1.68026590e-04	5.70449779e-02
9.15527344e-02	1.70835281e-04	5.79990006e-02
9.16015625e-02	1.73690945e-04	5.89689860e-02
9.16503906e-02	1.76594368e-04	5.99552012e-02
9.16992188e-02	1.79546348e-04	6.09579178e-02
9.17480469e-02	1.82547699e-04	6.19774121e-02
9.17968750e-02	1.85599246e-04	6.30139650e-02
9.18457031e-02	1.88701830e-04	6.40678619e-02
9.18945313e-02	1.91856304e-04	6.51393933e-02
9.19433594e-02	1.95063536e-04	6.62288543e-02
9.19921875e-02	1.98324410e-04	6.73365451e-02
9.20410156e-02	2.01639823e-04	6.84627708e-02
9.20898438e-02	2.05010688e-04	6.96078418e-02
9.21386719e-02	2.08437932e-04	7.07720734e-02
9.21875000e-02	2.11922499e-04	7.19557865e-02
9.22363281e-02	2.15465348e-04	7.31593072e-02
9.22851562e-02	2.19067454e-04	7.43829671e-02
9.23339844e-02	2.22729809e-04	7.56271033e-02
9.23828125e-02	2.26453422e-04	7.68920587e-02
9.24316406e-02	2.30239316e-04	7.81781816e-02
9.24804688e-02	2.34088535e-04	7.94858266e-02
9.25292969e-02	2.38002138e-04	8.08153540e-02
9.25781250e-02	2.41981203e-04	8.21671300e-02
9.26269531e-02	2.46026824e-04	8.35415271e-02
9.26757813e-02	2.50140117e-04	8.49389242e-02
9.27246094e-02	2.54322212e-04	8.63597061e-02
9.27734375e-02	2.58574262e-04	8.78042644e-02
9.28222656e-02	2.62897437e-04	8.92729973e-02
9.28710938e-02	2.67292928e-04	9.07663093e-02
9.29199219e-02	2.71761945e-04	9.22846121e-02
9.29687500e-02	2.76305718e-04	9.38283240e-02
9.30175781e-02	2.80925498e-04	9.53978705e-02
9.30664063e-02	2.85622557e-04	9.69936840e-02
9.31152344e-02	2.90398189e-04	9.86162044e-02
9.31640625e-02	2.95253709e-04	1.00265879e-01
9.32128906e-02	3.00190453e-04	1.01943162e-01
9.32617188e-02	3.05209781e-04	1.03648516e-01
9.33105469e-02	3.10313075e-04	1.05382410e-01
9.33593750e-02	3.15501741e-04	1.07145324e-01
9.34082031e-02	3.20777206e-04	1.08937742e-01
9.34570313e-02	3.26140924e-04	1.10760159e-01
9.35058594e-02	3.31594373e-04	1.12613076e-01
9.35546875e-02	3.37139052e-04	1.14497005e-01
9.36035156e-02	3.42776491e-04	1.16412465e-01
9.36523438e-02	3.48508240e-04	1.18359984e-01
9.37011719e-02	3.54335879e-04	1.20340099e-01
9.37500000e-02	3.60261012e-04	1.22353354e-01
9.37988281e-02	3.66285271e-04	1.24400306e-01
9.38476563e-02	3.72410316e-04	1.26481519e-01
9.38964844e-02	3.78637832e-04	1.28597565e-01
9.39453125e-02	3.84969536e-04	1.30749030e-01
9.39941406e-02	3.91407171e-04	1.32936504e-01
9.40429688e-02	3.97952511e-04	1.35160592e-01
9.40917969e-02	4.04607357e-04	1.37421907e-01
9.41406250e-02	4.11373543e-04	1.39721072e-01
9.41894531e-02	4.18252932e-04	1.42058720e-01
9.42382812e-02	4.25247420e-04	1.44435496e-01
9.42871094e-02	4.32358932e-04	1.46852056e-01
9.43359375e-02	4.39589429e-04	1.49309066e-01
9.43847656e-02	4.46940900e-04	1.51807202e-01
9.44335938e-02	4.54415372e-04	1.54347154e-01
9.44824219e-02	4.62014902e-04	1.56929621e-01
9.45312500e-02	4.69741585e-04	1.59555317e-01
9.45800781e-02	4.77597549e-04	1.62224964e-01
9.46289063e-02	4.85584958e-04	1.64939299e-01
9.46777344e-02	4.93706012e-04	1.67699069e-01
9.47265625e-02	5.01962948e-04	1.70505037e-01
9.47753906e-02	5.10358041e-04	1.73357975e-01
9.48242188e-02	5.18893604e-04	1.76258671e-01
9.48730469e-02	5.27571987e-04	1.79207923e-01
9.49218750e-02	5.36395583e-04	1.82206545e-01
9.49707031e-02	5.45366821e-04	1.85255364e-01
9.50195313e-02	5.54488173e-04	1.88355221e-01
9.50683594e-02	5.63762152e-04	1.91506970e-01
9.51171875e-02	5.73191314e-04	1.94711480e-01
9.51660156e-02	5.82778255e-04	1.97969635e-01
9.52148438e-02	5.92525617e-04	2.01282333e-01
9.52636719e-02	6.02436087e-04	2.04650488e-01
9.53125000e-02	6.12512393e-04	2.08075029e-01
9.53613281e-02	6.22757313e-04	2.11556899e-01
9.54101563e-02	6.33173670e-04	2.15097059e-01
9.54589844e-02	6.43764332e-04	2.18696486e-01
9.55078125e-02	6.54532220e-04	2.22356171e-01
9.55566406e-02	6.65480298e-04	2.26077125e-01
9.56054688e-02	6.76611585e-04	2.29860372e-01
9.56542969e-02	6.87929146e-04	2.33706957e-01
9.57031250e-02	6.99436102e-04	2.37617940e-01
9.57519531e-02	7.11135622e-04	2.41594400e-01
9.58007813e-02	7.23030930e-04	2.45637434e-01
9.58496094e-02	7.35125305e-04	2.49748156e-01
9.58984375e-02	7.47422079e-04	2.53927700e-01
9.59472656e-02	7.59924640e-04	2.58177219e-01
9.59960938e-02	7.72636435e-04	2.62497886e-01
9.60449219e-02	7.85560966e-04	2.66890891e-01
9.60937500e-02	7.98701794e-04	2.71357446e-01
9.61425781e-02	8.12062542e-04	2.75898783e-01
9.61914062e-02	8.25646891e-04	2.80516155e-01
9.62402344e-02	8.39458585e-04	2.85210835e-01
9.62890625e-02	8.53501431e-04	2.89984118e-01
9.63378906e-02	8.67779298e-04	2.94837321e-01
9.63867188e-02	8.82296122e-04	2.99771783e-01
9.64355469e-02	8.97055903e-04	3.04788864e-01
9.64843750e-02	9.12062710e-04	3.09889948e-01
9.65332031e-02	9.27320679e-04	3.15076443e-01
9.65820313e-02	9.42834014e-04	3.20349779e-01
9.66308594e-02	9.58606992e-04	3.25711411e-01
9.66796875e-02	9.74643961e-04	3.31162818e-01
9.67285156e-02	9.90949340e-04	3.36705503e-01
9.67773438e-02	1.00752762e-03	3.42340996e-01
9.68261719e-02	1.02438338e-03	3.48070851e-01
9.68750000e-02	1.04152126e-03	3.53896649e-01
9.69238281e-02	1.05894598e-03	3.59819996e-01
9.69726563e-02	1.07666235e-03	3.65842528e-01
9.70214844e-02	1.09467525e-03	3.71965906e-01
9.70703125e-02	1.11298965e-03	3.78191818e-01
9.71191406e-02	1.13161059e-03	3.84521983e-01
9.71679688e-02	1.15054321e-03	3.90958147e-01
9.72167969e-02	1.16979273e-03	3.97502086e-01
9.72656250e-02	1.18936445e-03	4.04155605e-01
9.73144531e-02	1.20926377e-03	4.10920539e-01
9.73632813e-02	1.22949618e-03	4.17798756e-01
9.74121094e-02	1.25006724e-03	4.24792153e-01
9.74609375e-02	1.27098265e-03	4.31902659e-01
9.75097656e-02	1.29224815e-03	4.39132237e-01
9.75585938e-02	1.31386961e-03	4.46482881e-01
9.76074219e-02	1.33585299e-03	4.53956619e-01
9.76562500e-02	1.35820437e-03	4.61555514e-01
9.77050781e-02	1.38092988e-03	4.69281662e-01
9.77539063e-02	1.40403581e-03	4.77137196e-01
9.78027344e-02	1.42752852e-03	4.85124282e-01
9.78515625e-02	1.45141449e-03	4.93245125e-01
9.79003906e-02	1.47570031e-03	5.01501966e-01
9.79492188e-02	1.50039267e-03	5.09897083e-01
9.79980469e-02	1.52549838e-03	5.18432793e-01
9.80468750e-02	1.55102436e-03	5.27111451e-01
9.80957031e-02	1.57697766e-03	5.35935453e-01
9.81445312e-02	1.60336542e-03	5.44907233e-01
9.81933594e-02	1.63019492e-03	5.54029267e-01
9.82421875e-02	1.65747357e-03	5.63304073e-01
9.82910156e-02	1.68520888e-03	5.72734210e-01
9.83398438e-02	1.71340850e-03	5.82322282e-01
9.83886719e-02	1.74208021e-03	5.92070933e-01
9.84375000e-02	1.77123191e-03	6.01982854e-01
9.84863281e-02	1.80087165e-03	6.12060782e-01
9.85351563e-02	1.83100760e-03	6.22307498e-01
9.85839844e-02	1.86164806e-03	6.32725829e-01
9.86328125e-02	1.89280149e-03	6.43318651e-01
9.86816406e-02	1.92447648e-03	6.54088888e-01
9.87304688e-02	1.95668176e-03	6.65039512e-01
9.87792969e-02	1.98942622e-03	6.76173547e-01
9.88281250e-02	2.02271888e-03	6.87494065e-01
9.88769531e-02	2.05656894e-03	6.99004191e-01
9.89257813e-02	2.09098572e-03	7.10707102e-01
9.89746094e-02	2.12597872e-03	7.22606029e-01
9.90234375e-02	2.16155758e-03	7.34704256e-01
9.90722656e-02	2.19773213e-03	7.47005122e-01
9.91210938e-02	2.23451233e-03	7.59512024e-01
9.91699219e-02	2.27190834e-03	7.72228413e-01
9.92187500e-02	2.30993046e-03	7.85157801e-01
9.92675781e-02	2.34858919e-03	7.98303756e-01
9.93164063e-02	2.38789519e-03	8.11669908e-01
9.93652344e-02	2.42785930e-03	8.25259946e-01
9.94140625e-02	2.46849254e-03	8.39077622e-01
9.94628906e-02	2.50980612e-03	8.53126752e-01
9.95117188e-02	2.55181144e-03	8.67411213e-01
9.95605469e-02	2.59452009e-03	8.81934950e-01
9.96093750e-02	2.63794384e-03	8.96701972e-01
9.96582031e-02	2.68209468e-03	9.11716356e-01
9.97070313e-02	2.72698478e-03	9.26982248e-01
9.97558594e-02	2.77262653e-03	9.42503863e-01
9.98046875e-02	2.81903252e-03	9.58285487e-01
9.98535156e-02	2.86621555e-03	9.74331476e-01
9.99023438e-02	2.91418864e-03	9.90646263e-01
9.99511719e-02	2.96296503e-03	1.00723435e+00
1.00000000e-01	3.01255816e-03	1.02410032e+00
