0.00000000e+00	0.00000000e+00	-3.09779160e-321
4.88281250e-05	0.00000000e+00	-3.12249488e-321
9.76562500e-05	0.00000000e+00	-3.17684210e-321
1.46484375e-04	0.00000000e+00	-3.23612998e-321
1.95312500e-04	0.00000000e+00	-3.31023983e-321
2.44140625e-04	0.00000000e+00	-3.38434967e-321
2.92968750e-04	0.00000000e+00	-3.45845952e-321
3.41796875e-04	0.00000000e+00	-3.53256937e-321
3.90625000e-04	0.00000000e+00	-3.60667921e-321
4.39453125e-04	0.00000000e+00	-3.68078906e-321
4.88281250e-04	0.00000000e+00	-3.75489891e-321
5.37109375e-04	0.00000000e+00	-3.82900876e-321
5.85937500e-04	0.00000000e+00	-3.90311860e-321
6.34765625e-04	0.00000000e+00	-3.97722845e-321
6.83593750e-04	0.00000000e+00	-4.05133830e-321
7.32421875e-04	0.00000000e+00	-4.12544814e-321
7.81250000e-04	0.00000000e+00	-4.19955799e-321
8.30078125e-04	0.00000000e+00	-4.27366784e-321
8.78906250e-04	0.00000000e+00	-4.34777768e-321
9.27734375e-04	0.00000000e+00	-4.42188753e-321
9.76562500e-04	0.00000000e+00	-4.49599738e-321
1.02539063e-03	0.00000000e+00	-4.57010722e-321
1.07421875e-03	0.00000000e+00	-4.62939510e-321
1.12304688e-03	0.00000000e+00	-4.68374232e-321
1.17187500e-03	0.00000000e+00	-4.73808954e-321
1.22070312e-03	0.00000000e+00	-4.79243676e-321
1.26953125e-03	0.00000000e+00	-4.84678399e-321
1.31835938e-03	0.00000000e+00	-4.90113121e-321
1.36718750e-03	0.00000000e+00	-4.95547843e-321
1.41601563e-03	0.00000000e+00	-5.00982565e-321
1.46484375e-03	0.00000000e+00	-5.06417287e-321
1.51367188e-03	0.00000000e+00	-5.11852009e-321
1.56250000e-03	0.00000000e+00	-5.17286731e-321
1.61132813e-03	0.00000000e+00	-5.21733322e-321
1.66015625e-03	0.00000000e+00	-5.25685847e-321
1.70898438e-03	0.00000000e+00	-5.29638372e-321
1.75781250e-03	0.00000000e+00	-5.33590898e-321
1.80664063e-03	0.00000000e+00	-5.36555291e-321
1.85546875e-03	0.00000000e+00	-5.39025620e-321
1.90429688e-03	0.00000000e+00	-5.41001882e-321
1.95312500e-03	0.00000000e+00	-5.41001882e-321
2.00195313e-03	0.00000000e+00	-5.36555291e-321
2.05078125e-03	0.00000000e+00	-5.29638372e-321
2.09960937e-03	0.00000000e+00	-5.21239256e-321
2.14843750e-03	0.00000000e+00	-5.11852009e-321
2.19726562e-03	0.00000000e+00	-5.02464762e-321
2.24609375e-03	0.00000000e+00	-4.93077515e-321
2.29492188e-03	0.00000000e+00	-4.83690267e-321
2.34375000e-03	0.00000000e+00	-4.74303020e-321
2.39257813e-03	0.00000000e+00	-4.64915773e-321
2.44140625e-03	0.00000000e+00	-4.55528525e-321
2.49023438e-03	0.00000000e+00	-4.46141278e-321
2.53906250e-03	0.00000000e+00	-4.36754031e-321
2.58789063e-03	0.00000000e+00	-4.27366784e-321
2.63671875e-03	0.00000000e+00	-4.17979536e-321
2.68554688e-03	0.00000000e+00	-4.08592289e-321
2.73437500e-03	0.00000000e+00	-3.99205042e-321
2.78320313e-03	0.00000000e+00	-3.89817795e-321
2.83203125e-03	0.00000000e+00	-3.80430547e-321
2.88085938e-03	0.00000000e+00	-3.71043300e-321
2.92968750e-03	0.00000000e+00	-3.61656053e-321
2.97851563e-03	0.00000000e+00	-3.52268805e-321
3.02734375e-03	0.00000000e+00	-3.42881558e-321
3.07617188e-03	0.00000000e+00	-3.33494311e-321
3.12500000e-03	0.00000000e+00	-3.24107064e-321
3.17382812e-03	0.00000000e+00	-3.14719816e-321
3.22265625e-03	0.00000000e+00	-3.05332569e-321
3.27148438e-03	0.00000000e+00	-2.95945322e-321
3.32031250e-03	0.00000000e+00	-2.86558075e-321
3.36914063e-03	0.00000000e+00	-2.77170827e-321
3.41796875e-03	0.00000000e+00	-2.67783580e-321
3.46679688e-03	0.00000000e+00	-2.57902267e-321
3.51562500e-03	0.00000000e+00	-2.46044692e-321
3.56445313e-03	0.00000000e+00	-2.31716788e-321
3.61328125e-03	0.00000000e+00	-2.17388884e-321
3.66210938e-03	0.00000000e+00	-2.03060980e-321
3.71093750e-03	0.00000000e+00	-1.88733077e-321
3.75976563e-03	0.00000000e+00	-1.74405173e-321
3.80859375e-03	0.00000000e+00	-1.60077269e-321
3.85742188e-03	0.00000000e+00	-1.45749366e-321
3.90625000e-03	0.00000000e+00	-1.31421462e-321
3.95507812e-03	0.00000000e+00	-1.17093558e-321
4.00390625e-03	0.00000000e+00	-1.02765654e-321
4.05273438e-03	0.00000000e+00	-8.84377506e-322
4.10156250e-03	0.00000000e+00	-7.41098469e-322
4.15039062e-03	0.00000000e+00	-5.97819431e-322
4.19921875e-03	0.00000000e+00	-4.54540394e-322
4.24804688e-03	0.00000000e+00	-3.11261357e-322
4.29687500e-03	0.00000000e+00	-1.67982320e-322
4.34570313e-03	0.00000000e+00	-1.97626258e-323
4.39453125e-03	0.00000000e+00	1.53160350e-322
4.44335937e-03	0.00000000e+00	3.31023983e-322
4.49218750e-03	0.00000000e+00	5.08887615e-322
4.54101563e-03	0.00000000e+00	6.86751248e-322
4.58984375e-03	0.00000000e+00	8.64614880e-322
4.63867188e-03	0.00000000e+00	1.04247851e-321
4.68750000e-03	0.00000000e+00	1.22034215e-321
4.73632813e-03	0.00000000e+00	1.39820578e-321
4.78515625e-03	0.00000000e+00	1.57606941e-321
4.83398438e-03	0.00000000e+00	1.75393304e-321
4.88281250e-03	0.00000000e+00	1.93179668e-321
4.93164063e-03	0.00000000e+00	2.10966031e-321
4.98046875e-03	0.00000000e+00	2.28752394e-321
5.02929688e-03	0.00000000e+00	2.46538757e-321
5.07812500e-03	0.00000000e+00	2.64325121e-321
5.12695312e-03	0.00000000e+00	2.82111484e-321
5.17578125e-03	0.00000000e+00	2.99897847e-321
5.22460938e-03	0.00000000e+00	3.17684210e-321
5.27343750e-03	0.00000000e+00	3.35470574e-321
5.32226563e-03	0.00000000e+00	3.53256937e-321
5.37109375e-03	0.00000000e+00	3.71043300e-321
5.41992188e-03	0.00000000e+00	3.88829663e-321
5.46875000e-03	0.00000000e+00	4.06616027e-321
5.51757813e-03	0.00000000e+00	4.24402390e-321
5.56640625e-03	0.00000000e+00	4.42188753e-321
5.61523438e-03	0.00000000e+00	4.59975116e-321
5.66406250e-03	0.00000000e+00	4.77761480e-321
5.71289063e-03	0.00000000e+00	4.95547843e-321
5.76171875e-03	0.00000000e+00	5.13334206e-321
5.81054688e-03	0.00000000e+00	5.33096832e-321
5.85937500e-03	0.00000000e+00	5.52859458e-321
5.90820313e-03	0.00000000e+00	5.72622084e-321
5.95703125e-03	0.00000000e+00	5.92384709e-321
6.00585938e-03	0.00000000e+00	6.12147335e-321
6.05468750e-03	0.00000000e+00	6.31909961e-321
6.10351562e-03	0.00000000e+00	6.51672587e-321
6.15234375e-03	0.00000000e+00	6.71435213e-321
6.20117188e-03	0.00000000e+00	6.91197839e-321
6.25000000e-03	0.00000000e+00	7.10960464e-321
6.29882813e-03	0.00000000e+00	7.30723090e-321
6.34765625e-03	0.00000000e+00	7.50485716e-321
6.39648438e-03	0.00000000e+00	7.70248342e-321
6.44531250e-03	0.00000000e+00	7.90010968e-321
6.49414063e-03	0.00000000e+00	8.09773594e-321
6.54296875e-03	0.00000000e+00	8.29536219e-321
6.59179688e-03	0.00000000e+00	8.49298845e-321
6.64062500e-03	0.00000000e+00	8.69061471e-321
6.68945313e-03	0.00000000e+00	8.89812228e-321
6.73828125e-03	0.00000000e+00	9.10562985e-321
6.78710938e-03	0.00000000e+00	9.31313742e-321
6.83593750e-03	0.00000000e+00	9.52064500e-321
6.88476563e-03	0.00000000e+00	9.72815257e-321
6.93359375e-03	0.00000000e+00	9.93566014e-321
6.98242188e-03	0.00000000e+00	1.01431677e-320
7.03125000e-03	0.00000000e+00	1.03506753e-320
7.08007812e-03	0.00000000e+00	1.05581829e-320
7.12890625e-03	0.00000000e+00	1.07656904e-320
7.17773438e-03	0.00000000e+00	1.09731980e-320
7.22656250e-03	0.00000000e+00	1.11807056e-320
7.27539063e-03	0.00000000e+00	1.13882131e-320
7.32421875e-03	0.00000000e+00	1.15957207e-320
7.37304688e-03	0.00000000e+00	1.18032283e-320
7.42187500e-03	0.00000000e+00	1.19959139e-320
7.47070313e-03	0.00000000e+00	1.21638962e-320
7.51953125e-03	0.00000000e+00	1.22972939e-320
7.56835938e-03	0.00000000e+00	1.24010477e-320
7.61718750e-03	0.00000000e+00	1.24899795e-320
7.66601563e-03	0.00000000e+00	1.25789113e-320
7.71484375e-03	0.00000000e+00	1.26678432e-320
7.76367188e-03	0.00000000e+00	1.27567750e-320
7.81250000e-03	0.00000000e+00	1.28457068e-320
7.86132813e-03	0.00000000e+00	1.29346386e-320
7.91015625e-03	0.00000000e+00	1.30136891e-320
7.95898438e-03	0.00000000e+00	1.30877990e-320
8.00781250e-03	0.00000000e+00	1.31619088e-320
8.05664062e-03	0.00000000e+00	1.32162560e-320
8.10546875e-03	0.00000000e+00	1.32508406e-320
8.15429687e-03	0.00000000e+00	1.32508406e-320
8.20312500e-03	0.00000000e+00	1.32063747e-320
8.25195313e-03	0.00000000e+00	1.31372055e-320
8.30078125e-03	0.00000000e+00	1.30482737e-320
8.34960938e-03	0.00000000e+00	1.29544012e-320
8.39843750e-03	0.00000000e+00	1.28407661e-320
8.44726563e-03	0.00000000e+00	1.27073684e-320
8.49609375e-03	0.00000000e+00	1.25393861e-320
8.54492188e-03	0.00000000e+00	1.23269379e-320
8.59375000e-03	0.00000000e+00	1.20799050e-320
8.64257812e-03	0.00000000e+00	1.18180502e-320
8.69140625e-03	0.00000000e+00	1.15561955e-320
8.74023438e-03	0.00000000e+00	1.12943407e-320
8.78906250e-03	0.00000000e+00	1.10324859e-320
8.83789063e-03	0.00000000e+00	1.07706311e-320
8.88671875e-03	0.00000000e+00	1.05087763e-320
8.93554688e-03	0.00000000e+00	1.02419808e-320
8.98437500e-03	0.00000000e+00	9.96530408e-321
9.03320312e-03	0.00000000e+00	9.68862731e-321
9.08203125e-03	0.00000000e+00	9.41195055e-321
9.13085937e-03	0.00000000e+00	9.13527379e-321
9.17968750e-03	0.00000000e+00	8.83883440e-321
9.22851563e-03	0.00000000e+00	8.52757305e-321
9.27734375e-03	0.00000000e+00	8.21631169e-321
9.32617188e-03	0.00000000e+00	7.90505033e-321
9.37500000e-03	0.00000000e+00	7.59378898e-321
9.42382813e-03	0.00000000e+00	7.28252762e-321
9.47265625e-03	0.00000000e+00	6.97126626e-321
9.52148438e-03	0.00000000e+00	6.66000491e-321
9.57031250e-03	0.00000000e+00	6.34874355e-321
9.61914063e-03	0.00000000e+00	6.02266022e-321
9.66796875e-03	0.00000000e+00	5.69163624e-321
9.71679688e-03	0.00000000e+00	5.36061226e-321
9.76562500e-03	0.00000000e+00	5.02958827e-321
9.81445313e-03	0.00000000e+00	4.69856429e-321
9.86328125e-03	0.00000000e+00	4.36754031e-321
9.91210938e-03	0.00000000e+00	4.03651633e-321
9.96093750e-03	0.00000000e+00	3.70549234e-321
1.00097656e-02	0.00000000e+00	3.37446836e-321
1.00585938e-02	0.00000000e+00	3.04344438e-321
1.01074219e-02	0.00000000e+00	2.71242040e-321
1.01562500e-02	0.00000000e+00	2.38139641e-321
1.02050781e-02	0.00000000e+00	2.05037243e-321
1.02539062e-02	0.00000000e+00	1.71934845e-321
1.03027344e-02	0.00000000e+00	1.38832446e-321
1.03515625e-02	0.00000000e+00	1.06718180e-321
1.04003906e-02	0.00000000e+00	7.80623720e-322
1.04492188e-02	0.00000000e+00	5.08887615e-322
1.04980469e-02	0.00000000e+00	2.37151510e-322
1.05468750e-02	0.00000000e+00	-3.45845952e-323
1.05957031e-02	0.00000000e+00	-3.06320700e-322
1.06445313e-02	0.00000000e+00	-5.78056806e-322
1.06933594e-02	0.00000000e+00	-8.49792911e-322
1.07421875e-02	0.00000000e+00	-1.12152902e-321
1.07910156e-02	0.00000000e+00	-1.39326512e-321
1.08398438e-02	0.00000000e+00	-1.66500123e-321
1.08886719e-02	0.00000000e+00	-1.93673733e-321
1.09375000e-02	0.00000000e+00	-2.20847344e-321
1.09863281e-02	0.00000000e+00	-2.48020954e-321
1.10351563e-02	0.00000000e+00	-2.75194565e-321
1.10839844e-02	0.00000000e+00	-3.02368175e-321
1.11328125e-02	0.00000000e+00	-3.29541786e-321
1.11816406e-02	0.00000000e+00	-3.56715396e-321
1.12304688e-02	0.00000000e+00	-3.83889007e-321
1.12792969e-02	0.00000000e+00	-4.11062617e-321
1.13281250e-02	0.00000000e+00	-4.38236228e-321
1.13769531e-02	0.00000000e+00	-4.65409838e-321
1.14257813e-02	0.00000000e+00	-4.92583449e-321
1.14746094e-02	0.00000000e+00	-5.19757059e-321
1.15234375e-02	0.00000000e+00	-5.46930670e-321
1.15722656e-02	0.00000000e+00	-5.74104280e-321
1.16210938e-02	0.00000000e+00	-6.01277891e-321
1.16699219e-02	0.00000000e+00	-6.28451502e-321
1.17187500e-02	0.00000000e+00	-6.55625112e-321
1.17675781e-02	0.00000000e+00	-6.82798723e-321
1.18164063e-02	0.00000000e+00	-7.09972333e-321
1.18652344e-02	0.00000000e+00	-7.35663747e-321
1.19140625e-02	0.00000000e+00	-7.59872963e-321
1.19628906e-02	0.00000000e+00	-7.84082180e-321
1.20117188e-02	0.00000000e+00	-8.08291397e-321
1.20605469e-02	0.00000000e+00	-8.31018416e-321
1.21093750e-02	0.00000000e+00	-8.51275108e-321
1.21582031e-02	0.00000000e+00	-8.70543668e-321
1.22070312e-02	0.00000000e+00	-8.89812228e-321
1.22558594e-02	0.00000000e+00	-9.09080788e-321
1.23046875e-02	0.00000000e+00	-9.27855283e-321
1.23535156e-02	0.00000000e+00	-9.44653515e-321
1.24023438e-02	0.00000000e+00	-9.60463616e-321
1.24511719e-02	0.00000000e+00	-9.76273716e-321
1.25000000e-02	0.00000000e+00	-9.92083817e-321
1.25488281e-02	0.00000000e+00	-1.00789392e-320
1.25976563e-02	0.00000000e+00	-1.02370402e-320
1.26464844e-02	0.00000000e+00	-1.03951412e-320
1.26953125e-02	0.00000000e+00	-1.05532422e-320
1.27441406e-02	0.00000000e+00	-1.07113432e-320
1.27929688e-02	0.00000000e+00	-1.08694442e-320
1.28417969e-02	0.00000000e+00	-1.10275452e-320
1.28906250e-02	0.00000000e+00	-1.11856462e-320
1.29394531e-02	0.00000000e+00	-1.13437472e-320
1.29882813e-02	0.00000000e+00	-1.15018482e-320
1.30371094e-02	0.00000000e+00	-1.16599492e-320
1.30859375e-02	0.00000000e+00	-1.18180502e-320
1.31347656e-02	0.00000000e+00	-1.19761513e-320
1.31835938e-02	0.00000000e+00	-1.21342523e-320
1.32324219e-02	0.00000000e+00	-1.22923533e-320
1.32812500e-02	0.00000000e+00	-1.24504543e-320
1.33300781e-02	0.00000000e+00	-1.26085553e-320
1.33789063e-02	0.00000000e+00	-1.27666563e-320
1.34277344e-02	0.00000000e+00	-1.29247573e-320
1.34765625e-02	0.00000000e+00	-1.30828583e-320
1.35253906e-02	0.00000000e+00	-1.32409593e-320
1.35742188e-02	0.00000000e+00	-1.33990603e-320
1.36230469e-02	0.00000000e+00	-1.35571613e-320
1.36718750e-02	0.00000000e+00	-1.37152623e-320
1.37207031e-02	0.00000000e+00	-1.38733633e-320
1.37695313e-02	0.00000000e+00	-1.40314643e-320
1.38183594e-02	0.00000000e+00	-1.41895653e-320
1.38671875e-02	0.00000000e+00	-1.43476664e-320
1.39160156e-02	0.00000000e+00	-1.45057674e-320
1.39648438e-02	0.00000000e+00	-1.46638684e-320
1.40136719e-02	0.00000000e+00	-1.48219694e-320
1.40625000e-02	0.00000000e+00	-1.49800704e-320
1.41113281e-02	0.00000000e+00	-1.51381714e-320
1.41601562e-02	0.00000000e+00	-1.52962724e-320
1.42089844e-02	0.00000000e+00	-1.54543734e-320
1.42578125e-02	0.00000000e+00	-1.56124744e-320
1.43066406e-02	0.00000000e+00	-1.57705754e-320
1.43554688e-02	0.00000000e+00	-1.59286764e-320
1.44042969e-02	0.00000000e+00	-1.60867774e-320
1.44531250e-02	0.00000000e+00	-1.62448784e-320
1.45019531e-02	0.00000000e+00	-1.64029794e-320
1.45507813e-02	0.00000000e+00	-1.65610804e-320
1.45996094e-02	0.00000000e+00	-1.67191815e-320
1.46484375e-02	0.00000000e+00	-1.68772825e-320
1.46972656e-02	0.00000000e+00	-1.70353835e-320
1.47460938e-02	0.00000000e+00	-1.71934845e-320
1.47949219e-02	0.00000000e+00	-1.73515855e-320
1.48437500e-02	0.00000000e+00	-1.75096865e-320
1.48925781e-02	0.00000000e+00	-1.76677875e-320
1.49414063e-02	0.00000000e+00	-1.78258885e-320
1.49902344e-02	0.00000000e+00	-1.79839895e-320
1.50390625e-02	0.00000000e+00	-1.81371499e-320
1.50878906e-02	0.00000000e+00	-1.82754882e-320
1.51367188e-02	0.00000000e+00	-1.84138266e-320
1.51855469e-02	0.00000000e+00	-1.85521650e-320
1.52343750e-02	0.00000000e+00	-1.86905034e-320
1.52832031e-02	0.00000000e+00	-1.88288418e-320
1.53320313e-02	0.00000000e+00	-1.89671801e-320
1.53808594e-02	0.00000000e+00	-1.91055185e-320
1.54296875e-02	0.00000000e+00	-1.92438569e-320
1.54785156e-02	0.00000000e+00	-1.93821953e-320
1.55273438e-02	0.00000000e+00	-1.95205337e-320
1.55761719e-02	0.00000000e+00	-1.96588720e-320
1.56250000e-02	0.00000000e+00	-1.97972104e-320
1.56738281e-02	0.00000000e+00	-1.99355488e-320
1.57226563e-02	0.00000000e+00	-2.00738872e-320
1.57714844e-02	0.00000000e+00	-2.02122256e-320
1.58203125e-02	0.00000000e+00	-2.03505640e-320
1.58691406e-02	0.00000000e+00	-2.04889023e-320
1.59179688e-02	0.00000000e+00	-2.06272407e-320
1.59667969e-02	0.00000000e+00	-2.07655791e-320
1.60156250e-02	0.00000000e+00	-2.09039175e-320
1.60644531e-02	0.00000000e+00	-2.10422559e-320
1.61132812e-02	0.00000000e+00	-2.11805942e-320
1.61621094e-02	0.00000000e+00	-2.13189326e-320
1.62109375e-02	0.00000000e+00	-2.14572710e-320
1.62597656e-02	0.00000000e+00	-2.15956094e-320
1.63085937e-02	0.00000000e+00	-2.17339478e-320
1.63574219e-02	0.00000000e+00	-2.18722861e-320
1.64062500e-02	0.00000000e+00	-2.20106245e-320
1.64550781e-02	0.00000000e+00	-2.21489629e-320
1.65039063e-02	0.00000000e+00	-2.22873013e-320
1.65527344e-02	0.00000000e+00	-2.24256397e-320
1.66015625e-02	0.00000000e+00	-2.25639780e-320
1.66503906e-02	0.00000000e+00	-2.27023164e-320
1.66992188e-02	0.00000000e+00	-2.28406548e-320
1.67480469e-02	0.00000000e+00	-2.29641712e-320
1.67968750e-02	0.00000000e+00	-2.30629843e-320
1.68457031e-02	0.00000000e+00	-2.31519162e-320
1.68945313e-02	0.00000000e+00	-2.32408480e-320
1.69433594e-02	0.00000000e+00	-2.33297798e-320
1.69921875e-02	0.00000000e+00	-2.34187116e-320
1.70410156e-02	0.00000000e+00	-2.35076434e-320
1.70898438e-02	0.00000000e+00	-2.35965752e-320
1.71386719e-02	0.00000000e+00	-2.36855071e-320
1.71875000e-02	0.00000000e+00	-2.37744389e-320
1.72363281e-02	0.00000000e+00	-2.38633707e-320
1.72851562e-02	0.00000000e+00	-2.39523025e-320
1.73339844e-02	0.00000000e+00	-2.40412343e-320
1.73828125e-02	0.00000000e+00	-2.41301661e-320
1.74316406e-02	0.00000000e+00	-2.42190980e-320
1.74804688e-02	0.00000000e+00	-2.43080298e-320
1.75292969e-02	0.00000000e+00	-2.43969616e-320
1.75781250e-02	0.00000000e+00	-2.44858934e-320
1.76269531e-02	0.00000000e+00	-2.45748252e-320
1.76757813e-02	0.00000000e+00	-2.46637570e-320
1.77246094e-02	0.00000000e+00	-2.47526889e-320
1.77734375e-02	0.00000000e+00	-2.48416207e-320
1.78222656e-02	0.00000000e+00	-2.49305525e-320
1.78710938e-02	0.00000000e+00	-2.50194843e-320
1.79199219e-02	0.00000000e+00	-2.51084161e-320
1.79687500e-02	0.00000000e+00	-2.51973479e-320
1.80175781e-02	0.00000000e+00	-2.52862798e-320
1.80664062e-02	0.00000000e+00	-2.53752116e-320
1.81152344e-02	0.00000000e+00	-2.54641434e-320
1.81640625e-02	0.00000000e+00	-2.55530752e-320
1.82128906e-02	0.00000000e+00	-2.56420070e-320
1.82617187e-02	0.00000000e+00	-2.57309388e-320
1.83105469e-02	0.00000000e+00	-2.58149300e-320
1.83593750e-02	0.00000000e+00	-2.58890398e-320
1.84082031e-02	0.00000000e+00	-2.59631497e-320
1.84570313e-02	0.00000000e+00	-2.60273782e-320
1.85058594e-02	0.00000000e+00	-2.60669035e-320
1.85546875e-02	0.00000000e+00	-2.60817254e-320
1.86035156e-02	0.00000000e+00	-2.60471408e-320
1.86523438e-02	0.00000000e+00	-2.59829123e-320
1.87011719e-02	0.00000000e+00	-2.58989212e-320
1.87500000e-02	0.00000000e+00	-2.58050487e-320
1.87988281e-02	0.00000000e+00	-2.57111762e-320
1.88476563e-02	0.00000000e+00	-2.56173037e-320
1.88964844e-02	0.00000000e+00	-2.55234313e-320
1.89453125e-02	0.00000000e+00	-2.54295588e-320
1.89941406e-02	0.00000000e+00	-2.53356863e-320
1.90429688e-02	0.00000000e+00	-2.52418138e-320
1.90917969e-02	0.00000000e+00	-2.51479414e-320
1.91406250e-02	0.00000000e+00	-2.50540689e-320
1.91894531e-02	0.00000000e+00	-2.49601964e-320
1.92382813e-02	0.00000000e+00	-2.48663240e-320
1.92871094e-02	0.00000000e+00	-2.47724515e-320
1.93359375e-02	0.00000000e+00	-2.46538757e-320
1.93847656e-02	0.00000000e+00	-2.45155373e-320
1.94335938e-02	0.00000000e+00	-2.43475550e-320
1.94824219e-02	0.00000000e+00	-2.41548694e-320
1.95312500e-02	0.00000000e+00	-2.39374805e-320
1.95800781e-02	0.00000000e+00	-2.36953884e-320
1.96289063e-02	0.00000000e+00	-2.34335336e-320
1.96777344e-02	0.00000000e+00	-2.31716788e-320
1.97265625e-02	0.00000000e+00	-2.29098240e-320
1.97753906e-02	0.00000000e+00	-2.26479692e-320
1.98242188e-02	0.00000000e+00	-2.23861144e-320
1.98730469e-02	0.00000000e+00	-2.21242596e-320
1.99218750e-02	0.00000000e+00	-2.18624048e-320
1.99707031e-02	0.00000000e+00	-2.16005500e-320
2.00195312e-02	0.00000000e+00	-2.13386952e-320
2.00683594e-02	0.00000000e+00	-2.10768405e-320
2.01171875e-02	0.00000000e+00	-2.08149857e-320
2.01660156e-02	0.00000000e+00	-2.05531309e-320
2.02148438e-02	0.00000000e+00	-2.02912761e-320
2.02636719e-02	0.00000000e+00	-2.00294213e-320
2.03125000e-02	0.00000000e+00	-1.97626258e-320
2.03613281e-02	0.00000000e+00	-1.94908897e-320
2.04101563e-02	0.00000000e+00	-1.92191536e-320
2.04589844e-02	0.00000000e+00	-1.89474175e-320
2.05078125e-02	0.00000000e+00	-1.86756814e-320
2.05566406e-02	0.00000000e+00	-1.84039453e-320
2.06054688e-02	0.00000000e+00	-1.81322092e-320
2.06542969e-02	0.00000000e+00	-1.78604731e-320
2.07031250e-02	0.00000000e+00	-1.75887370e-320
2.07519531e-02	0.00000000e+00	-1.73170009e-320
2.08007813e-02	0.00000000e+00	-1.70452648e-320
2.08496094e-02	0.00000000e+00	-1.67735287e-320
2.08984375e-02	0.00000000e+00	-1.65017926e-320
2.09472656e-02	0.00000000e+00	-1.62300565e-320
2.09960938e-02	0.00000000e+00	-1.59583204e-320
2.10449219e-02	0.00000000e+00	-1.56865843e-320
2.10937500e-02	0.00000000e+00	-1.54148482e-320
2.11425781e-02	0.00000000e+00	-1.51431120e-320
2.11914063e-02	0.00000000e+00	-1.48713759e-320
2.12402344e-02	0.00000000e+00	-1.45996398e-320
2.12890625e-02	0.00000000e+00	-1.43279037e-320
2.13378906e-02	0.00000000e+00	-1.40561676e-320
2.13867188e-02	0.00000000e+00	-1.37844315e-320
2.14355469e-02	0.00000000e+00	-1.35126954e-320
2.14843750e-02	0.00000000e+00	-1.32409593e-320
2.15332031e-02	0.00000000e+00	-1.29692232e-320
2.15820313e-02	0.00000000e+00	-1.27073684e-320
2.16308594e-02	0.00000000e+00	-1.24702169e-320
2.16796875e-02	0.00000000e+00	-1.22528280e-320
2.17285156e-02	0.00000000e+00	-1.20601424e-320
2.17773438e-02	0.00000000e+00	-1.18971008e-320
2.18261719e-02	0.00000000e+00	-1.17834657e-320
2.18750000e-02	0.00000000e+00	-1.16895932e-320
2.19238281e-02	0.00000000e+00	-1.16154833e-320
2.19726562e-02	0.00000000e+00	-1.15413735e-320
2.20214844e-02	0.00000000e+00	-1.14672636e-320
2.20703125e-02	0.00000000e+00	-1.13931538e-320
2.21191406e-02	0.00000000e+00	-1.13190439e-320
2.21679688e-02	0.00000000e+00	-1.12498748e-320
2.22167969e-02	0.00000000e+00	-1.12004682e-320
2.22656250e-02	0.00000000e+00	-1.11708243e-320
2.23144531e-02	0.00000000e+00	-1.11461210e-320
2.23632813e-02	0.00000000e+00	-1.11411803e-320
2.24121094e-02	0.00000000e+00	-1.11609429e-320
2.24609375e-02	0.00000000e+00	-1.12004682e-320
2.25097656e-02	0.00000000e+00	-1.12597561e-320
2.25585938e-02	0.00000000e+00	-1.13190439e-320
2.26074219e-02	0.00000000e+00	-1.13783318e-320
2.26562500e-02	0.00000000e+00	-1.14376197e-320
2.27050781e-02	0.00000000e+00	-1.14969076e-320
2.27539063e-02	0.00000000e+00	-1.15561955e-320
2.28027344e-02	0.00000000e+00	-1.16105427e-320
2.28515625e-02	0.00000000e+00	-1.16648899e-320
2.29003906e-02	0.00000000e+00	-1.17192371e-320
2.29492188e-02	0.00000000e+00	-1.17735843e-320
2.29980469e-02	0.00000000e+00	-1.18279316e-320
2.30468750e-02	0.00000000e+00	-1.18822788e-320
2.30957031e-02	0.00000000e+00	-1.19366260e-320
2.31445313e-02	0.00000000e+00	-1.19909732e-320
2.31933594e-02	0.00000000e+00	-1.20453204e-320
2.32421875e-02	0.00000000e+00	-1.20996677e-320
2.32910156e-02	0.00000000e+00	-1.21540149e-320
2.33398438e-02	0.00000000e+00	-1.22083621e-320
2.33886719e-02	0.00000000e+00	-1.22627093e-320
2.34375000e-02	0.00000000e+00	-1.23170566e-320
2.34863281e-02	0.00000000e+00	-1.23714038e-320
2.35351563e-02	0.00000000e+00	-1.24257510e-320
2.35839844e-02	0.00000000e+00	-1.24800982e-320
2.36328125e-02	0.00000000e+00	-1.25344454e-320
2.36816406e-02	0.00000000e+00	-1.25887927e-320
2.37304688e-02	0.00000000e+00	-1.26431399e-320
2.37792969e-02	0.00000000e+00	-1.26974871e-320
2.38281250e-02	0.00000000e+00	-1.27419530e-320
2.38769531e-02	0.00000000e+00	-1.27666563e-320
2.39257812e-02	0.00000000e+00	-1.27617156e-320
2.39746094e-02	0.00000000e+00	-1.27073684e-320
2.40234375e-02	0.00000000e+00	-1.26332586e-320
2.40722656e-02	0.00000000e+00	-1.25393861e-320
2.41210938e-02	0.00000000e+00	-1.24455136e-320
2.41699219e-02	0.00000000e+00	-1.23516411e-320
2.42187500e-02	0.00000000e+00	-1.22577687e-320
2.42675781e-02	0.00000000e+00	-1.21638962e-320
2.43164063e-02	0.00000000e+00	-1.20700237e-320
2.43652344e-02	0.00000000e+00	-1.19761513e-320
2.44140625e-02	0.00000000e+00	-1.18822788e-320
2.44628906e-02	0.00000000e+00	-1.17884063e-320
2.45117188e-02	0.00000000e+00	-1.16945338e-320
2.45605469e-02	0.00000000e+00	-1.16006614e-320
2.46093750e-02	0.00000000e+00	-1.15067889e-320
2.46582031e-02	0.00000000e+00	-1.14129164e-320
2.47070313e-02	0.00000000e+00	-1.13190439e-320
2.47558594e-02	0.00000000e+00	-1.12251715e-320
2.48046875e-02	0.00000000e+00	-1.11312990e-320
2.48535156e-02	0.00000000e+00	-1.10374265e-320
2.49023438e-02	0.00000000e+00	-1.09435541e-320
2.49511719e-02	0.00000000e+00	-1.08496816e-320
2.50000000e-02	0.00000000e+00	-1.07558091e-320
2.50488281e-02	0.00000000e+00	-1.06619366e-320
2.50976563e-02	0.00000000e+00	-1.05680642e-320
2.51464844e-02	0.00000000e+00	-1.04741917e-320
2.51953125e-02	0.00000000e+00	-1.03803192e-320
2.52441406e-02	0.00000000e+00	-1.02864467e-320
2.52929688e-02	0.00000000e+00	-1.01925743e-320
2.53417969e-02	0.00000000e+00	-1.00987018e-320
2.53906250e-02	0.00000000e+00	-1.00048293e-320
2.54394531e-02	0.00000000e+00	-9.91095686e-321
2.54882813e-02	0.00000000e+00	-9.81708438e-321
2.55371094e-02	0.00000000e+00	-9.72321191e-321
2.55859375e-02	0.00000000e+00	-9.62933944e-321
2.56347656e-02	0.00000000e+00	-9.53546696e-321
2.56835938e-02	0.00000000e+00	-9.44159449e-321
2.57324219e-02	0.00000000e+00	-9.34772202e-321
2.57812500e-02	0.00000000e+00	-9.25384955e-321
2.58300781e-02	0.00000000e+00	-9.15997707e-321
2.58789062e-02	0.00000000e+00	-9.06610460e-321
2.59277344e-02	0.00000000e+00	-8.97223213e-321
2.59765625e-02	0.00000000e+00	-8.87835966e-321
2.60253906e-02	0.00000000e+00	-8.78448718e-321
2.60742188e-02	0.00000000e+00	-8.69061471e-321
2.61230469e-02	0.00000000e+00	-8.59674224e-321
2.61718750e-02	0.00000000e+00	-8.50286976e-321
2.62207031e-02	0.00000000e+00	-8.40899729e-321
2.62695313e-02	0.00000000e+00	-8.31512482e-321
2.63183594e-02	0.00000000e+00	-8.22125235e-321
2.63671875e-02	0.00000000e+00	-8.12737987e-321
2.64160156e-02	0.00000000e+00	-8.03350740e-321
2.64648438e-02	0.00000000e+00	-7.93963493e-321
2.65136719e-02	0.00000000e+00	-7.84576246e-321
2.65625000e-02	0.00000000e+00	-7.75188998e-321
2.66113281e-02	0.00000000e+00	-7.65801751e-321
2.66601563e-02	0.00000000e+00	-7.56414504e-321
2.67089844e-02	0.00000000e+00	-7.47027257e-321
2.67578125e-02	0.00000000e+00	-7.37640009e-321
2.68066406e-02	0.00000000e+00	-7.28252762e-321
2.68554688e-02	0.00000000e+00	-7.18865515e-321
2.69042969e-02	0.00000000e+00	-7.09478267e-321
2.69531250e-02	0.00000000e+00	-7.00091020e-321
2.70019531e-02	0.00000000e+00	-6.90703773e-321
2.70507813e-02	0.00000000e+00	-6.81316526e-321
2.70996094e-02	0.00000000e+00	-6.71929278e-321
2.71484375e-02	0.00000000e+00	-6.62542031e-321
2.71972656e-02	0.00000000e+00	-6.53154784e-321
2.72460938e-02	0.00000000e+00	-6.43767537e-321
2.72949219e-02	0.00000000e+00	-6.34380289e-321
2.73437500e-02	0.00000000e+00	-6.24993042e-321
2.73925781e-02	0.00000000e+00	-6.15605795e-321
2.74414063e-02	0.00000000e+00	-6.06218547e-321
2.74902344e-02	0.00000000e+00	-5.96831300e-321
2.75390625e-02	0.00000000e+00	-5.87444053e-321
2.75878906e-02	0.00000000e+00	-5.78056806e-321
2.76367188e-02	0.00000000e+00	-5.68669558e-321
2.76855469e-02	0.00000000e+00	-5.59282311e-321
2.77343750e-02	0.00000000e+00	-5.49895064e-321
2.77832031e-02	0.00000000e+00	-5.40507817e-321
2.78320312e-02	0.00000000e+00	-5.31120569e-321
2.78808594e-02	0.00000000e+00	-5.21733322e-321
2.79296875e-02	0.00000000e+00	-5.12346075e-321
2.79785156e-02	0.00000000e+00	-5.02958827e-321
2.80273438e-02	0.00000000e+00	-4.93571580e-321
2.80761719e-02	0.00000000e+00	-4.84184333e-321
2.81250000e-02	0.00000000e+00	-4.74797086e-321
2.81738281e-02	0.00000000e+00	-4.65409838e-321
2.82226563e-02	0.00000000e+00	-4.56022591e-321
2.82714844e-02	0.00000000e+00	-4.46635344e-321
2.83203125e-02	0.00000000e+00	-4.37248097e-321
2.83691406e-02	0.00000000e+00	-4.27860849e-321
2.84179688e-02	0.00000000e+00	-4.18473602e-321
2.84667969e-02	0.00000000e+00	-4.09086355e-321
2.85156250e-02	0.00000000e+00	-3.99699107e-321
2.85644531e-02	0.00000000e+00	-3.90311860e-321
2.86132813e-02	0.00000000e+00	-3.80924613e-321
2.86621094e-02	0.00000000e+00	-3.71537366e-321
2.87109375e-02	0.00000000e+00	-3.62150118e-321
2.87597656e-02	0.00000000e+00	-3.51774740e-321
2.88085938e-02	0.00000000e+00	-3.40411230e-321
2.88574219e-02	0.00000000e+00	-3.29047720e-321
2.89062500e-02	0.00000000e+00	-3.17684210e-321
2.89550781e-02	0.00000000e+00	-3.06320700e-321
2.90039063e-02	0.00000000e+00	-2.94957191e-321
2.90527344e-02	0.00000000e+00	-2.83593681e-321
2.91015625e-02	0.00000000e+00	-2.72230171e-321
2.91503906e-02	0.00000000e+00	-2.60866661e-321
2.91992188e-02	0.00000000e+00	-2.48515020e-321
2.92480469e-02	0.00000000e+00	-2.35669313e-321
2.92968750e-02	0.00000000e+00	-2.22823606e-321
2.93457031e-02	0.00000000e+00	-2.09977899e-321
2.93945313e-02	0.00000000e+00	-1.97132193e-321
2.94433594e-02	0.00000000e+00	-1.84286486e-321
2.94921875e-02	0.00000000e+00	-1.71440779e-321
2.95410156e-02	0.00000000e+00	-1.58595072e-321
2.95898438e-02	0.00000000e+00	-1.45749366e-321
2.96386719e-02	0.00000000e+00	-1.32903659e-321
2.96875000e-02	0.00000000e+00	-1.20057952e-321
2.97363281e-02	0.00000000e+00	-1.06224114e-321
2.97851562e-02	0.00000000e+00	-9.18962101e-322
2.98339844e-02	0.00000000e+00	-7.75683064e-322
2.98828125e-02	0.00000000e+00	-6.32404027e-322
2.99316406e-02	0.00000000e+00	-4.89124989e-322
2.99804688e-02	0.00000000e+00	-3.45845952e-322
3.00292969e-02	0.00000000e+00	-2.02566915e-322
3.00781250e-02	0.00000000e+00	-5.92878775e-323
3.01269531e-02	0.00000000e+00	8.39911598e-323
3.01757813e-02	0.00000000e+00	2.27270197e-322
3.02246094e-02	0.00000000e+00	3.70549234e-322
3.02734375e-02	0.00000000e+00	5.13828272e-322
3.03222656e-02	0.00000000e+00	6.57107309e-322
3.03710938e-02	0.00000000e+00	8.00386346e-322
3.04199219e-02	0.00000000e+00	9.43665384e-322
3.04687500e-02	0.00000000e+00	1.10670705e-321
3.05175781e-02	0.00000000e+00	1.28457068e-321
3.05664063e-02	0.00000000e+00	1.46243431e-321
3.06152344e-02	0.00000000e+00	1.64029794e-321
3.06640625e-02	0.00000000e+00	1.81816158e-321
3.07128906e-02	0.00000000e+00	1.99602521e-321
3.07617188e-02	0.00000000e+00	2.17388884e-321
3.08105469e-02	0.00000000e+00	2.35175247e-321
3.08593750e-02	0.00000000e+00	2.52961611e-321
3.09082031e-02	0.00000000e+00	2.70747974e-321
3.09570313e-02	0.00000000e+00	2.88534337e-321
3.10058594e-02	0.00000000e+00	3.06320700e-321
3.10546875e-02	0.00000000e+00	3.24107064e-321
3.11035156e-02	0.00000000e+00	3.41893427e-321
3.11523438e-02	0.00000000e+00	3.59679790e-321
3.12011719e-02	0.00000000e+00	3.77466153e-321
3.12500000e-02	0.00000000e+00	3.95252517e-321
3.12988281e-02	0.00000000e+00	4.14521077e-321
3.13476563e-02	0.00000000e+00	4.33789637e-321
3.13964844e-02	0.00000000e+00	4.53058197e-321
3.14453125e-02	0.00000000e+00	4.72326757e-321
3.14941406e-02	0.00000000e+00	4.91595318e-321
3.15429688e-02	0.00000000e+00	5.10863878e-321
3.15917969e-02	0.00000000e+00	5.30132438e-321
3.16406250e-02	0.00000000e+00	5.49400998e-321
3.16894531e-02	0.00000000e+00	5.68669558e-321
3.17382812e-02	0.00000000e+00	5.87938119e-321
3.17871094e-02	0.00000000e+00	6.07206679e-321
3.18359375e-02	0.00000000e+00	6.26475239e-321
3.18847656e-02	0.00000000e+00	6.45743799e-321
3.19335938e-02	0.00000000e+00	6.63036097e-321
3.19824219e-02	0.00000000e+00	6.77858066e-321
3.20312500e-02	0.00000000e+00	6.88233445e-321
3.20800781e-02	0.00000000e+00	6.97126626e-321
3.21289062e-02	0.00000000e+00	7.06019808e-321
3.21777344e-02	0.00000000e+00	7.14912990e-321
3.22265625e-02	0.00000000e+00	7.23806171e-321
3.22753906e-02	0.00000000e+00	7.32699353e-321
3.23242188e-02	0.00000000e+00	7.41592534e-321
3.23730469e-02	0.00000000e+00	7.50485716e-321
3.24218750e-02	0.00000000e+00	7.59378898e-321
3.24707031e-02	0.00000000e+00	7.68272079e-321
3.25195313e-02	0.00000000e+00	7.77165261e-321
3.25683594e-02	0.00000000e+00	7.86058443e-321
3.26171875e-02	0.00000000e+00	7.94951624e-321
3.26660156e-02	0.00000000e+00	8.03844806e-321
3.27148438e-02	0.00000000e+00	8.12737987e-321
3.27636719e-02	0.00000000e+00	8.20643038e-321
3.28125000e-02	0.00000000e+00	8.28054022e-321
3.28613281e-02	0.00000000e+00	8.35465007e-321
3.29101563e-02	0.00000000e+00	8.42875992e-321
3.29589844e-02	0.00000000e+00	8.50286976e-321
3.30078125e-02	0.00000000e+00	8.57697961e-321
3.30566406e-02	0.00000000e+00	8.65108946e-321
3.31054687e-02	0.00000000e+00	8.72519931e-321
3.31542969e-02	0.00000000e+00	8.78942784e-321
3.32031250e-02	0.00000000e+00	8.82895309e-321
3.32519531e-02	0.00000000e+00	8.85365637e-321
3.33007813e-02	0.00000000e+00	8.86847834e-321
3.33496094e-02	0.00000000e+00	8.85859703e-321
3.33984375e-02	0.00000000e+00	8.82401243e-321
3.34472656e-02	0.00000000e+00	8.76966521e-321
3.34960938e-02	0.00000000e+00	8.71037734e-321
3.35449219e-02	0.00000000e+00	8.65108946e-321
3.35937500e-02	0.00000000e+00	8.59180158e-321
3.36425781e-02	0.00000000e+00	8.53251370e-321
3.36914062e-02	0.00000000e+00	8.47322583e-321
3.37402344e-02	0.00000000e+00	8.41393795e-321
3.37890625e-02	0.00000000e+00	8.35465007e-321
3.38378906e-02	0.00000000e+00	8.27559957e-321
3.38867188e-02	0.00000000e+00	8.19654906e-321
3.39355469e-02	0.00000000e+00	8.11749856e-321
3.39843750e-02	0.00000000e+00	8.03844806e-321
3.40332031e-02	0.00000000e+00	7.95939755e-321
3.40820312e-02	0.00000000e+00	7.88034705e-321
3.41308594e-02	0.00000000e+00	7.80129655e-321
3.41796875e-02	0.00000000e+00	7.72224604e-321
3.42285156e-02	0.00000000e+00	7.64319554e-321
3.42773438e-02	0.00000000e+00	7.56414504e-321
3.43261719e-02	0.00000000e+00	7.48509453e-321
3.43750000e-02	0.00000000e+00	7.40604403e-321
3.44238281e-02	0.00000000e+00	7.32699353e-321
3.44726563e-02	0.00000000e+00	7.24794302e-321
3.45214844e-02	0.00000000e+00	7.16889252e-321
3.45703125e-02	0.00000000e+00	7.08984202e-321
3.46191406e-02	0.00000000e+00	7.01079151e-321
3.46679688e-02	0.00000000e+00	6.93174101e-321
3.47167969e-02	0.00000000e+00	6.85269051e-321
3.47656250e-02	0.00000000e+00	6.77364000e-321
3.48144531e-02	0.00000000e+00	6.69458950e-321
3.48632813e-02	0.00000000e+00	6.61553900e-321
3.49121094e-02	0.00000000e+00	6.53648849e-321
3.49609375e-02	0.00000000e+00	6.45743799e-321
3.50097656e-02	0.00000000e+00	6.37838749e-321
3.50585937e-02	0.00000000e+00	6.29933698e-321
3.51074219e-02	0.00000000e+00	6.22028648e-321
3.51562500e-02	0.00000000e+00	6.14123598e-321
3.52050781e-02	0.00000000e+00	6.06218547e-321
3.52539063e-02	0.00000000e+00	5.98313497e-321
3.53027344e-02	0.00000000e+00	5.90408447e-321
3.53515625e-02	0.00000000e+00	5.82503396e-321
3.54003906e-02	0.00000000e+00	5.74598346e-321
3.54492188e-02	0.00000000e+00	5.66693296e-321
3.54980469e-02	0.00000000e+00	5.58788245e-321
3.55468750e-02	0.00000000e+00	5.50883195e-321
3.55957031e-02	0.00000000e+00	5.42978145e-321
3.56445312e-02	0.00000000e+00	5.35073094e-321
3.56933594e-02	0.00000000e+00	5.27168044e-321
3.57421875e-02	0.00000000e+00	5.19262994e-321
3.57910156e-02	0.00000000e+00	5.11357943e-321
3.58398438e-02	0.00000000e+00	5.03452893e-321
3.58886719e-02	0.00000000e+00	4.95547843e-321
3.59375000e-02	0.00000000e+00	4.87642792e-321
3.59863281e-02	0.00000000e+00	4.79737742e-321
3.60351562e-02	0.00000000e+00	4.71832692e-321
3.60839844e-02	0.00000000e+00	4.63927641e-321
3.61328125e-02	0.00000000e+00	4.55034460e-321
3.61816406e-02	0.00000000e+00	4.46141278e-321
3.62304688e-02	0.00000000e+00	4.37248097e-321
3.62792969e-02	0.00000000e+00	4.28354915e-321
3.63281250e-02	0.00000000e+00	4.19461733e-321
3.63769531e-02	0.00000000e+00	4.10568552e-321
3.64257813e-02	0.00000000e+00	4.01675370e-321
3.64746094e-02	0.00000000e+00	3.92782188e-321
3.65234375e-02	0.00000000e+00	3.83889007e-321
3.65722656e-02	0.00000000e+00	3.74995825e-321
3.66210938e-02	0.00000000e+00	3.66102644e-321
3.66699219e-02	0.00000000e+00	3.57209462e-321
3.67187500e-02	0.00000000e+00	3.48316280e-321
3.67675781e-02	0.00000000e+00	3.39423099e-321
3.68164063e-02	0.00000000e+00	3.31023983e-321
3.68652344e-02	0.00000000e+00	3.23612998e-321
3.69140625e-02	0.00000000e+00	3.16202013e-321
3.69628906e-02	0.00000000e+00	3.08791029e-321
3.70117187e-02	0.00000000e+00	3.01380044e-321
3.70605469e-02	0.00000000e+00	2.93969059e-321
3.71093750e-02	0.00000000e+00	2.86558075e-321
3.71582031e-02	0.00000000e+00	2.79147090e-321
3.72070313e-02	0.00000000e+00	2.71736105e-321
3.72558594e-02	0.00000000e+00	2.64325121e-321
3.73046875e-02	0.00000000e+00	2.56914136e-321
3.73535156e-02	0.00000000e+00	2.49503151e-321
3.74023438e-02	0.00000000e+00	2.42092166e-321
3.74511719e-02	0.00000000e+00	2.34681182e-321
3.75000000e-02	0.00000000e+00	2.27270197e-321
3.75488281e-02	0.00000000e+00	2.19859212e-321
3.75976562e-02	0.00000000e+00	2.12448228e-321
3.76464844e-02	0.00000000e+00	2.05037243e-321
3.76953125e-02	0.00000000e+00	1.97626258e-321
3.77441406e-02	0.00000000e+00	1.90215274e-321
3.77929688e-02	0.00000000e+00	1.82804289e-321
3.78417969e-02	0.00000000e+00	1.75393304e-321
3.78906250e-02	0.00000000e+00	1.67982320e-321
3.79394531e-02	0.00000000e+00	1.60571335e-321
3.79882813e-02	0.00000000e+00	1.53160350e-321
3.80371094e-02	0.00000000e+00	1.45749366e-321
3.80859375e-02	0.00000000e+00	1.38338381e-321
3.81347656e-02	0.00000000e+00	1.30927396e-321
3.81835938e-02	0.00000000e+00	1.23516411e-321
3.82324219e-02	0.00000000e+00	1.16105427e-321
3.82812500e-02	0.00000000e+00	1.08694442e-321
3.83300781e-02	0.00000000e+00	1.01283457e-321
3.83789063e-02	0.00000000e+00	9.38724727e-322
3.84277344e-02	0.00000000e+00	8.64614880e-322
3.84765625e-02	0.00000000e+00	8.15208316e-322
3.85253906e-02	0.00000000e+00	7.75683064e-322
3.85742188e-02	0.00000000e+00	7.36157812e-322
3.86230469e-02	0.00000000e+00	6.96632561e-322
3.86718750e-02	0.00000000e+00	6.57107309e-322
3.87207031e-02	0.00000000e+00	6.17582057e-322
3.87695313e-02	0.00000000e+00	5.78056806e-322
3.88183594e-02	0.00000000e+00	5.38531554e-322
3.88671875e-02	0.00000000e+00	4.99006302e-322
3.89160156e-02	0.00000000e+00	4.59481051e-322
3.89648438e-02	0.00000000e+00	4.19955799e-322
3.90136719e-02	0.00000000e+00	3.80430547e-322
3.90625000e-02	0.00000000e+00	3.40905296e-322
3.91113281e-02	0.00000000e+00	3.01380044e-322
3.91601563e-02	0.00000000e+00	2.61854792e-322
3.92089844e-02	0.00000000e+00	2.22329541e-322
3.92578125e-02	0.00000000e+00	1.82804289e-322
3.93066406e-02	0.00000000e+00	1.43279037e-322
3.93554688e-02	0.00000000e+00	1.03753786e-322
3.94042969e-02	0.00000000e+00	6.42285340e-323
3.94531250e-02	0.00000000e+00	2.47032823e-323
3.95019531e-02	0.00000000e+00	-1.48219694e-323
3.95507812e-02	0.00000000e+00	-5.43472210e-323
3.95996094e-02	0.00000000e+00	-9.38724727e-323
3.96484375e-02	0.00000000e+00	-1.33397724e-322
3.96972656e-02	0.00000000e+00	-1.72922976e-322
3.97460938e-02	0.00000000e+00	-2.12448228e-322
3.97949219e-02	0.00000000e+00	-2.51973479e-322
3.98437500e-02	0.00000000e+00	-2.91498731e-322
3.98925781e-02	0.00000000e+00	-3.31023983e-322
3.99414063e-02	0.00000000e+00	-3.70549234e-322
3.99902344e-02	0.00000000e+00	-4.10074486e-322
4.00390625e-02	0.00000000e+00	-4.49599738e-322
4.00878906e-02	0.00000000e+00	-4.89124989e-322
4.01367188e-02	0.00000000e+00	-5.28650241e-322
4.01855469e-02	0.00000000e+00	-5.68175493e-322
4.02343750e-02	0.00000000e+00	-6.07700744e-322
4.02832031e-02	0.00000000e+00	-6.47225996e-322
4.03320313e-02	0.00000000e+00	-6.86751248e-322
4.03808594e-02	0.00000000e+00	-7.26276499e-322
4.04296875e-02	0.00000000e+00	-7.65801751e-322
4.04785156e-02	0.00000000e+00	-8.05327003e-322
4.05273438e-02	0.00000000e+00	-8.44852254e-322
4.05761719e-02	0.00000000e+00	-8.84377506e-322
4.06250000e-02	0.00000000e+00	-9.23902758e-322
4.06738281e-02	0.00000000e+00	-9.63428009e-322
4.07226563e-02	0.00000000e+00	-1.00295326e-321
4.07714844e-02	0.00000000e+00	-1.04247851e-321
4.08203125e-02	0.00000000e+00	-1.08200376e-321
4.08691406e-02	0.00000000e+00	-1.12152902e-321
4.09179688e-02	0.00000000e+00	-1.16105427e-321
4.09667969e-02	0.00000000e+00	-1.20057952e-321
4.10156250e-02	0.00000000e+00	-1.24010477e-321
4.10644531e-02	0.00000000e+00	-1.27963002e-321
4.11132813e-02	0.00000000e+00	-1.31915527e-321
4.11621094e-02	0.00000000e+00	-1.35868053e-321
4.12109375e-02	0.00000000e+00	-1.39820578e-321
4.12597656e-02	0.00000000e+00	-1.43773103e-321
4.13085938e-02	0.00000000e+00	-1.47725628e-321
4.13574219e-02	0.00000000e+00	-1.51678153e-321
4.14062500e-02	0.00000000e+00	-1.55630678e-321
4.14550781e-02	0.00000000e+00	-1.59583204e-321
4.15039062e-02	0.00000000e+00	-1.63535729e-321
4.15527344e-02	0.00000000e+00	-1.67488254e-321
4.16015625e-02	0.00000000e+00	-1.71440779e-321
4.16503906e-02	0.00000000e+00	-1.75393304e-321
4.16992188e-02	0.00000000e+00	-1.79345829e-321
4.17480469e-02	0.00000000e+00	-1.83298355e-321
4.17968750e-02	0.00000000e+00	-1.87250880e-321
4.18457031e-02	0.00000000e+00	-1.91203405e-321
4.18945313e-02	0.00000000e+00	-1.95155930e-321
4.19433594e-02	0.00000000e+00	-1.99108455e-321
4.19921875e-02	0.00000000e+00	-2.03060980e-321
4.20410156e-02	0.00000000e+00	-2.07013506e-321
4.20898438e-02	0.00000000e+00	-2.10966031e-321
4.21386719e-02	0.00000000e+00	-2.14918556e-321
4.21875000e-02	0.00000000e+00	-2.18871081e-321
4.22363281e-02	0.00000000e+00	-2.22823606e-321
4.22851563e-02	0.00000000e+00	-2.26776131e-321
4.23339844e-02	0.00000000e+00	-2.30728657e-321
4.23828125e-02	0.00000000e+00	-2.34681182e-321
4.24316406e-02	0.00000000e+00	-2.38633707e-321
4.24804688e-02	0.00000000e+00	-2.42586232e-321
4.25292969e-02	0.00000000e+00	-2.46538757e-321
4.25781250e-02	0.00000000e+00	-2.50491282e-321
4.26269531e-02	0.00000000e+00	-2.54443808e-321
4.26757813e-02	0.00000000e+00	-2.58396333e-321
4.27246094e-02	0.00000000e+00	-2.62348858e-321
4.27734375e-02	0.00000000e+00	-2.66301383e-321
4.28222656e-02	0.00000000e+00	-2.70253908e-321
4.28710938e-02	0.00000000e+00	-2.74206433e-321
4.29199219e-02	0.00000000e+00	-2.78158959e-321
4.29687500e-02	0.00000000e+00	-2.82111484e-321
4.30175781e-02	0.00000000e+00	-2.86064009e-321
4.30664063e-02	0.00000000e+00	-2.90016534e-321
4.31152344e-02	0.00000000e+00	-2.93969059e-321
4.31640625e-02	0.00000000e+00	-2.97921584e-321
4.32128906e-02	0.00000000e+00	-3.01874110e-321
4.32617188e-02	0.00000000e+00	-3.05826635e-321
4.33105469e-02	0.00000000e+00	-3.09779160e-321
4.33593750e-02	0.00000000e+00	-3.13731685e-321
4.34082031e-02	0.00000000e+00	-3.17684210e-321
4.34570312e-02	0.00000000e+00	-3.21636735e-321
4.35058594e-02	0.00000000e+00	-3.25589261e-321
4.35546875e-02	0.00000000e+00	-3.29541786e-321
4.36035156e-02	0.00000000e+00	-3.33494311e-321
4.36523438e-02	0.00000000e+00	-3.37446836e-321
4.37011719e-02	0.00000000e+00	-3.41399361e-321
4.37500000e-02	0.00000000e+00	-3.45351886e-321
4.37988281e-02	0.00000000e+00	-3.49304412e-321
4.38476563e-02	0.00000000e+00	-3.53256937e-321
4.38964844e-02	0.00000000e+00	-3.57209462e-321
4.39453125e-02	0.00000000e+00	-3.61161987e-321
4.39941406e-02	0.00000000e+00	-3.65114512e-321
4.40429688e-02	0.00000000e+00	-3.69067037e-321
4.40917969e-02	0.00000000e+00	-3.73019563e-321
4.41406250e-02	0.00000000e+00	-3.76972088e-321
4.41894531e-02	0.00000000e+00	-3.80924613e-321
4.42382813e-02	0.00000000e+00	-3.84877138e-321
4.42871094e-02	0.00000000e+00	-3.88829663e-321
4.43359375e-02	0.00000000e+00	-3.92782188e-321
4.43847656e-02	0.00000000e+00	-3.96734714e-321
4.44335938e-02	0.00000000e+00	-4.00687239e-321
4.44824219e-02	0.00000000e+00	-4.04639764e-321
4.45312500e-02	0.00000000e+00	-4.08592289e-321
4.45800781e-02	0.00000000e+00	-4.12544814e-321
4.46289063e-02	0.00000000e+00	-4.16497339e-321
4.46777344e-02	0.00000000e+00	-4.20449865e-321
4.47265625e-02	0.00000000e+00	-4.23908324e-321
4.47753906e-02	0.00000000e+00	-4.26378652e-321
4.48242188e-02	0.00000000e+00	-4.28848981e-321
4.48730469e-02	0.00000000e+00	-4.31319309e-321
4.49218750e-02	0.00000000e+00	-4.33789637e-321
4.49707031e-02	0.00000000e+00	-4.36259965e-321
4.50195313e-02	0.00000000e+00	-4.38730294e-321
4.50683594e-02	0.00000000e+00	-4.41200622e-321
4.51171875e-02	0.00000000e+00	-4.43670950e-321
4.51660156e-02	0.00000000e+00	-4.46141278e-321
4.52148438e-02	0.00000000e+00	-4.48611606e-321
4.52636719e-02	0.00000000e+00	-4.51081935e-321
4.53125000e-02	0.00000000e+00	-4.53552263e-321
4.53613281e-02	0.00000000e+00	-4.56022591e-321
4.54101562e-02	0.00000000e+00	-4.58492919e-321
4.54589844e-02	0.00000000e+00	-4.60963248e-321
4.55078125e-02	0.00000000e+00	-4.63433576e-321
4.55566406e-02	0.00000000e+00	-4.65903904e-321
4.56054688e-02	0.00000000e+00	-4.68374232e-321
4.56542969e-02	0.00000000e+00	-4.70844560e-321
4.57031250e-02	0.00000000e+00	-4.73314889e-321
4.57519531e-02	0.00000000e+00	-4.75785217e-321
4.58007813e-02	0.00000000e+00	-4.78255545e-321
4.58496094e-02	0.00000000e+00	-4.80725873e-321
4.58984375e-02	0.00000000e+00	-4.83196202e-321
4.59472656e-02	0.00000000e+00	-4.85666530e-321
4.59960938e-02	0.00000000e+00	-4.88136858e-321
4.60449219e-02	0.00000000e+00	-4.90607186e-321
4.60937500e-02	0.00000000e+00	-4.93077515e-321
4.61425781e-02	0.00000000e+00	-4.95547843e-321
4.61914063e-02	0.00000000e+00	-4.98018171e-321
4.62402344e-02	0.00000000e+00	-5.00488499e-321
4.62890625e-02	0.00000000e+00	-5.02958827e-321
4.63378906e-02	0.00000000e+00	-5.05429156e-321
4.63867188e-02	0.00000000e+00	-5.07899484e-321
4.64355469e-02	0.00000000e+00	-5.10369812e-321
4.64843750e-02	0.00000000e+00	-5.12840140e-321
4.65332031e-02	0.00000000e+00	-5.15310469e-321
4.65820313e-02	0.00000000e+00	-5.17780797e-321
4.66308594e-02	0.00000000e+00	-5.20251125e-321
4.66796875e-02	0.00000000e+00	-5.22721453e-321
4.67285156e-02	0.00000000e+00	-5.25191782e-321
4.67773438e-02	0.00000000e+00	-5.27662110e-321
4.68261719e-02	0.00000000e+00	-5.30132438e-321
4.68750000e-02	0.00000000e+00	-5.30626504e-321
4.69238281e-02	0.00000000e+00	-5.28650241e-321
4.69726563e-02	0.00000000e+00	-5.24203650e-321
4.70214844e-02	0.00000000e+00	-5.18274862e-321
4.70703125e-02	0.00000000e+00	-5.12346075e-321
4.71191406e-02	0.00000000e+00	-5.06417287e-321
4.71679688e-02	0.00000000e+00	-5.00488499e-321
4.72167969e-02	0.00000000e+00	-4.94559711e-321
4.72656250e-02	0.00000000e+00	-4.88630924e-321
4.73144531e-02	0.00000000e+00	-4.82702136e-321
4.73632812e-02	0.00000000e+00	-4.76773348e-321
4.74121094e-02	0.00000000e+00	-4.70844560e-321
4.74609375e-02	0.00000000e+00	-4.64915773e-321
4.75097656e-02	0.00000000e+00	-4.58986985e-321
4.75585938e-02	0.00000000e+00	-4.53058197e-321
4.76074219e-02	0.00000000e+00	-4.47129409e-321
4.76562500e-02	0.00000000e+00	-4.41200622e-321
4.77050781e-02	0.00000000e+00	-4.35271834e-321
4.77539063e-02	0.00000000e+00	-4.27860849e-321
4.78027344e-02	0.00000000e+00	-4.20449865e-321
4.78515625e-02	0.00000000e+00	-4.13038880e-321
4.79003906e-02	0.00000000e+00	-4.05627895e-321
4.79492188e-02	0.00000000e+00	-3.98216911e-321
4.79980469e-02	0.00000000e+00	-3.90805926e-321
4.80468750e-02	0.00000000e+00	-3.83394941e-321
4.80957031e-02	0.00000000e+00	-3.75983956e-321
4.81445313e-02	0.00000000e+00	-3.68572972e-321
4.81933594e-02	0.00000000e+00	-3.61161987e-321
4.82421875e-02	0.00000000e+00	-3.53751002e-321
4.82910156e-02	0.00000000e+00	-3.46340018e-321
4.83398438e-02	0.00000000e+00	-3.38929033e-321
4.83886719e-02	0.00000000e+00	-3.31518048e-321
4.84375000e-02	0.00000000e+00	-3.24107064e-321
4.84863281e-02	0.00000000e+00	-3.16696079e-321
4.85351563e-02	0.00000000e+00	-3.09285094e-321
4.85839844e-02	0.00000000e+00	-3.01874110e-321
4.86328125e-02	0.00000000e+00	-2.94463125e-321
4.86816406e-02	0.00000000e+00	-2.87052140e-321
4.87304688e-02	0.00000000e+00	-2.79641156e-321
4.87792969e-02	0.00000000e+00	-2.72230171e-321
4.88281250e-02	0.00000000e+00	-2.64819186e-321
4.88769531e-02	0.00000000e+00	-2.57408201e-321
4.89257813e-02	0.00000000e+00	-2.49997217e-321
4.89746094e-02	0.00000000e+00	-2.42586232e-321
4.90234375e-02	0.00000000e+00	-2.35175247e-321
4.90722656e-02	0.00000000e+00	-2.27764263e-321
4.91210938e-02	0.00000000e+00	-2.20353278e-321
4.91699219e-02	0.00000000e+00	-2.12942293e-321
4.92187500e-02	0.00000000e+00	-2.05531309e-321
4.92675781e-02	0.00000000e+00	-1.98120324e-321
4.93164062e-02	0.00000000e+00	-1.90709339e-321
4.93652344e-02	0.00000000e+00	-1.83298355e-321
4.94140625e-02	0.00000000e+00	-1.75887370e-321
4.94628906e-02	0.00000000e+00	-1.68476385e-321
4.95117188e-02	0.00000000e+00	-1.61065401e-321
4.95605469e-02	0.00000000e+00	-1.53654416e-321
4.96093750e-02	0.00000000e+00	-1.46243431e-321
4.96582031e-02	0.00000000e+00	-1.38832446e-321
4.97070313e-02	0.00000000e+00	-1.31421462e-321
4.97558594e-02	0.00000000e+00	-1.24010477e-321
4.98046875e-02	0.00000000e+00	-1.16599492e-321
4.98535156e-02	0.00000000e+00	-1.09188508e-321
4.99023438e-02	0.00000000e+00	-1.01777523e-321
4.99511719e-02	0.00000000e+00	-9.43665384e-322
5.00000000e-02	0.00000000e+00	-8.69555537e-322
5.00488281e-02	0.00000000e+00	-7.95445690e-322
5.00976563e-02	0.00000000e+00	-7.21335843e-322
5.01464844e-02	0.00000000e+00	-6.47225996e-322
5.01953125e-02	0.00000000e+00	-5.82997462e-322
5.02441406e-02	0.00000000e+00	-5.38531554e-322
5.02929688e-02	0.00000000e+00	-5.13828272e-322
5.03417969e-02	0.00000000e+00	-4.89124989e-322
5.03906250e-02	0.00000000e+00	-4.64421707e-322
5.04394531e-02	0.00000000e+00	-4.39718425e-322
5.04882813e-02	0.00000000e+00	-4.15015143e-322
5.05371094e-02	0.00000000e+00	-3.90311860e-322
5.05859375e-02	0.00000000e+00	-3.65608578e-322
5.06347656e-02	0.00000000e+00	-3.40905296e-322
5.06835938e-02	0.00000000e+00	-3.16202013e-322
5.07324219e-02	0.00000000e+00	-2.91498731e-322
5.07812500e-02	0.00000000e+00	-2.66795449e-322
5.08300781e-02	0.00000000e+00	-2.42092166e-322
5.08789063e-02	0.00000000e+00	-2.17388884e-322
5.09277344e-02	0.00000000e+00	-1.92685602e-322
5.09765625e-02	0.00000000e+00	-1.67982320e-322
5.10253906e-02	0.00000000e+00	-1.43279037e-322
5.10742188e-02	0.00000000e+00	-1.18575755e-322
5.11230469e-02	0.00000000e+00	-9.38724727e-323
5.11718750e-02	0.00000000e+00	-6.91691904e-323
5.12207031e-02	0.00000000e+00	-4.44659081e-323
5.12695312e-02	0.00000000e+00	-1.97626258e-323
5.13183594e-02	0.00000000e+00	4.94065646e-324
5.13671875e-02	0.00000000e+00	2.96439388e-323
5.14160156e-02	0.00000000e+00	5.43472210e-323
5.14648438e-02	0.00000000e+00	7.90505033e-323
5.15136719e-02	0.00000000e+00	1.03753786e-322
5.15625000e-02	0.00000000e+00	1.28457068e-322
5.16113281e-02	0.00000000e+00	1.53160350e-322
5.16601563e-02	0.00000000e+00	1.77863633e-322
5.17089844e-02	0.00000000e+00	2.02566915e-322
5.17578125e-02	0.00000000e+00	2.27270197e-322
5.18066406e-02	0.00000000e+00	2.51973479e-322
5.18554688e-02	0.00000000e+00	2.76676762e-322
5.19042969e-02	0.00000000e+00	3.01380044e-322
5.19531250e-02	0.00000000e+00	3.26083326e-322
5.20019531e-02	0.00000000e+00	3.50786609e-322
5.20507813e-02	0.00000000e+00	3.75489891e-322
5.20996094e-02	0.00000000e+00	4.00193173e-322
5.21484375e-02	0.00000000e+00	4.24896455e-322
5.21972656e-02	0.00000000e+00	4.49599738e-322
5.22460938e-02	0.00000000e+00	4.74303020e-322
5.22949219e-02	0.00000000e+00	4.99006302e-322
5.23437500e-02	0.00000000e+00	5.23709585e-322
5.23925781e-02	0.00000000e+00	5.48412867e-322
5.24414063e-02	0.00000000e+00	5.73116149e-322
5.24902344e-02	0.00000000e+00	5.97819431e-322
5.25390625e-02	0.00000000e+00	6.22522714e-322
5.25878906e-02	0.00000000e+00	6.47225996e-322
5.26367188e-02	0.00000000e+00	6.71929278e-322
5.26855469e-02	0.00000000e+00	6.86751248e-322
5.27343750e-02	0.00000000e+00	6.96632561e-322
5.27832031e-02	0.00000000e+00	7.06513874e-322
5.28320313e-02	0.00000000e+00	7.16395186e-322
5.28808594e-02	0.00000000e+00	7.26276499e-322
5.29296875e-02	0.00000000e+00	7.36157812e-322
5.29785156e-02	0.00000000e+00	7.46039125e-322
5.30273438e-02	0.00000000e+00	7.55920438e-322
5.30761719e-02	0.00000000e+00	7.65801751e-322
5.31250000e-02	0.00000000e+00	7.75683064e-322
5.31738281e-02	0.00000000e+00	7.85564377e-322
5.32226562e-02	0.00000000e+00	7.95445690e-322
5.32714844e-02	0.00000000e+00	8.05327003e-322
5.33203125e-02	0.00000000e+00	8.15208316e-322
5.33691406e-02	0.00000000e+00	8.25089629e-322
5.34179688e-02	0.00000000e+00	8.34970941e-322
5.34667969e-02	0.00000000e+00	8.44852254e-322
5.35156250e-02	0.00000000e+00	8.54733567e-322
5.35644531e-02	0.00000000e+00	8.64614880e-322
5.36132813e-02	0.00000000e+00	8.74496193e-322
5.36621094e-02	0.00000000e+00	8.84377506e-322
5.37109375e-02	0.00000000e+00	8.94258819e-322
5.37597656e-02	0.00000000e+00	9.04140132e-322
5.38085938e-02	0.00000000e+00	9.14021445e-322
5.38574219e-02	0.00000000e+00	9.18962101e-322
5.39062500e-02	0.00000000e+00	9.23902758e-322
5.39550781e-02	0.00000000e+00	9.28843414e-322
5.40039063e-02	0.00000000e+00	9.33784071e-322
5.40527344e-02	0.00000000e+00	9.38724727e-322
5.41015625e-02	0.00000000e+00	9.43665384e-322
5.41503906e-02	0.00000000e+00	9.48606040e-322
5.41992188e-02	0.00000000e+00	9.53546696e-322
5.42480469e-02	0.00000000e+00	9.58487353e-322
5.42968750e-02	0.00000000e+00	9.63428009e-322
5.43457031e-02	0.00000000e+00	9.68368666e-322
5.43945313e-02	0.00000000e+00	9.73309322e-322
5.44433594e-02	0.00000000e+00	9.78249979e-322
5.44921875e-02	0.00000000e+00	9.83190635e-322
5.45410156e-02	0.00000000e+00	9.88131292e-322
5.45898438e-02	0.00000000e+00	9.93071948e-322
5.46386719e-02	0.00000000e+00	9.98012605e-322
5.46875000e-02	0.00000000e+00	1.00295326e-321
5.47363281e-02	0.00000000e+00	1.00789392e-321
5.47851563e-02	0.00000000e+00	1.01283457e-321
5.48339844e-02	0.00000000e+00	1.01777523e-321
5.48828125e-02	0.00000000e+00	1.02271589e-321
5.49316406e-02	0.00000000e+00	1.02765654e-321
5.49804688e-02	0.00000000e+00	1.03259720e-321
5.50292969e-02	0.00000000e+00	1.03753786e-321
5.50781250e-02	0.00000000e+00	1.04247851e-321
5.51269531e-02	0.00000000e+00	1.04741917e-321
5.51757812e-02	0.00000000e+00	1.05235983e-321
5.52246094e-02	0.00000000e+00	1.05730048e-321
5.52734375e-02	0.00000000e+00	1.06224114e-321
5.53222656e-02	0.00000000e+00	1.06718180e-321
5.53710938e-02	0.00000000e+00	1.07212245e-321
5.54199219e-02	0.00000000e+00	1.07706311e-321
5.54687500e-02	0.00000000e+00	1.08200376e-321
5.55175781e-02	0.00000000e+00	1.08694442e-321
5.55664063e-02	0.00000000e+00	1.09188508e-321
5.56152344e-02	0.00000000e+00	1.09682573e-321
5.56640625e-02	0.00000000e+00	1.10176639e-321
5.57128906e-02	0.00000000e+00	1.10670705e-321
5.57617188e-02	0.00000000e+00	1.11164770e-321
5.58105469e-02	0.00000000e+00	1.11658836e-321
5.58593750e-02	0.00000000e+00	1.12152902e-321
5.59082031e-02	0.00000000e+00	1.12646967e-321
5.59570313e-02	0.00000000e+00	1.13141033e-321
5.60058594e-02	0.00000000e+00	1.13635099e-321
5.60546875e-02	0.00000000e+00	1.14129164e-321
5.61035156e-02	0.00000000e+00	1.14623230e-321
5.61523438e-02	0.00000000e+00	1.15117295e-321
5.62011719e-02	0.00000000e+00	1.15611361e-321
5.62500000e-02	0.00000000e+00	1.16105427e-321
5.62988281e-02	0.00000000e+00	1.16599492e-321
5.63476563e-02	0.00000000e+00	1.17093558e-321
5.63964844e-02	0.00000000e+00	1.17587624e-321
5.64453125e-02	0.00000000e+00	1.18081689e-321
5.64941406e-02	0.00000000e+00	1.18575755e-321
5.65429688e-02	0.00000000e+00	1.19069821e-321
5.65917969e-02	0.00000000e+00	1.19563886e-321
5.66406250e-02	0.00000000e+00	1.20057952e-321
5.66894531e-02	0.00000000e+00	1.20552018e-321
5.67382813e-02	0.00000000e+00	1.21046083e-321
5.67871094e-02	0.00000000e+00	1.21540149e-321
5.68359375e-02	0.00000000e+00	1.22034215e-321
5.68847656e-02	0.00000000e+00	1.22528280e-321
5.69335938e-02	0.00000000e+00	1.23022346e-321
5.69824219e-02	0.00000000e+00	1.23516411e-321
5.70312500e-02	0.00000000e+00	1.24010477e-321
5.70800781e-02	0.00000000e+00	1.24504543e-321
5.71289062e-02	0.00000000e+00	1.24998608e-321
5.71777344e-02	0.00000000e+00	1.25492674e-321
5.72265625e-02	0.00000000e+00	1.25986740e-321
5.72753906e-02	0.00000000e+00	1.26480805e-321
5.73242188e-02	0.00000000e+00	1.26974871e-321
5.73730469e-02	0.00000000e+00	1.27468937e-321
5.74218750e-02	0.00000000e+00	1.27963002e-321
5.74707031e-02	0.00000000e+00	1.28457068e-321
5.75195313e-02	0.00000000e+00	1.28951134e-321
5.75683594e-02	0.00000000e+00	1.29445199e-321
5.76171875e-02	0.00000000e+00	1.29939265e-321
5.76660156e-02	0.00000000e+00	1.30433331e-321
5.77148438e-02	0.00000000e+00	1.30927396e-321
5.77636719e-02	0.00000000e+00	1.31421462e-321
5.78125000e-02	0.00000000e+00	1.31915527e-321
5.78613281e-02	0.00000000e+00	1.32409593e-321
5.79101563e-02	0.00000000e+00	1.32903659e-321
5.79589844e-02	0.00000000e+00	1.33397724e-321
5.80078125e-02	0.00000000e+00	1.33397724e-321
5.80566406e-02	0.00000000e+00	1.32409593e-321
5.81054688e-02	0.00000000e+00	1.31421462e-321
5.81542969e-02	0.00000000e+00	1.30433331e-321
5.82031250e-02	0.00000000e+00	1.29445199e-321
5.82519531e-02	0.00000000e+00	1.27963002e-321
5.83007813e-02	0.00000000e+00	1.24504543e-321
5.83496094e-02	0.00000000e+00	1.20057952e-321
5.83984375e-02	0.00000000e+00	1.15611361e-321
5.84472656e-02	0.00000000e+00	1.11164770e-321
5.84960938e-02	0.00000000e+00	1.06718180e-321
5.85449219e-02	0.00000000e+00	1.02271589e-321
5.85937500e-02	0.00000000e+00	9.68368666e-322
5.86425781e-02	0.00000000e+00	9.14021445e-322
5.86914063e-02	0.00000000e+00	8.59674224e-322
5.87402344e-02	0.00000000e+00	8.05327003e-322
5.87890625e-02	0.00000000e+00	7.50979782e-322
5.88378906e-02	0.00000000e+00	6.96632561e-322
5.88867188e-02	0.00000000e+00	6.42285340e-322
5.89355469e-02	0.00000000e+00	5.87938119e-322
5.89843750e-02	0.00000000e+00	5.33590898e-322
5.90332031e-02	0.00000000e+00	4.79243676e-322
5.90820312e-02	0.00000000e+00	4.24896455e-322
5.91308594e-02	0.00000000e+00	3.70549234e-322
5.91796875e-02	0.00000000e+00	3.16202013e-322
5.92285156e-02	0.00000000e+00	2.61854792e-322
5.92773438e-02	0.00000000e+00	2.07507571e-322
5.93261719e-02	0.00000000e+00	1.53160350e-322
5.93750000e-02	0.00000000e+00	9.88131292e-323
5.94238281e-02	0.00000000e+00	4.44659081e-323
5.94726563e-02	0.00000000e+00	-9.88131292e-324
5.95214844e-02	0.00000000e+00	-6.42285340e-323
5.95703125e-02	0.00000000e+00	-1.18575755e-322
5.96191406e-02	0.00000000e+00	-1.72922976e-322
5.96679688e-02	0.00000000e+00	-2.27270197e-322
5.97167969e-02	0.00000000e+00	-2.81617418e-322
5.97656250e-02	0.00000000e+00	-3.35964639e-322
5.98144531e-02	0.00000000e+00	-3.90311860e-322
5.98632813e-02	0.00000000e+00	-4.44659081e-322
5.99121094e-02	0.00000000e+00	-4.99006302e-322
5.99609375e-02	0.00000000e+00	-5.43472210e-322
6.00097656e-02	0.00000000e+00	-5.63234836e-322
6.00585938e-02	0.00000000e+00	-5.43472210e-322
6.01074219e-02	0.00000000e+00	-4.79243676e-322
6.01562500e-02	0.00000000e+00	-4.05133830e-322
6.02050781e-02	0.00000000e+00	-3.11261357e-322
6.02539063e-02	0.00000000e+00	-2.17388884e-322
6.03027344e-02	0.00000000e+00	-1.23516411e-322
6.03515625e-02	0.00000000e+00	-2.96439388e-323
6.04003906e-02	0.00000000e+00	6.42285340e-323
6.04492188e-02	0.00000000e+00	1.58101007e-322
6.04980469e-02	0.00000000e+00	2.51973479e-322
6.05468750e-02	0.00000000e+00	3.45845952e-322
6.05957031e-02	0.00000000e+00	4.39718425e-322
6.06445313e-02	0.00000000e+00	5.33590898e-322
6.06933594e-02	0.00000000e+00	6.27463370e-322
6.07421875e-02	0.00000000e+00	7.21335843e-322
6.07910156e-02	0.00000000e+00	8.15208316e-322
6.08398438e-02	0.00000000e+00	9.09080788e-322
6.08886719e-02	0.00000000e+00	1.00295326e-321
6.09375000e-02	0.00000000e+00	1.09188508e-321
6.09863281e-02	0.00000000e+00	1.18081689e-321
6.10351562e-02	0.00000000e+00	1.26974871e-321
6.10839844e-02	0.00000000e+00	1.35868053e-321
6.11328125e-02	0.00000000e+00	1.44761234e-321
6.11816406e-02	0.00000000e+00	1.53654416e-321
6.12304688e-02	0.00000000e+00	1.62547597e-321
6.12792969e-02	0.00000000e+00	1.71440779e-321
6.13281250e-02	0.00000000e+00	1.80333961e-321
6.13769531e-02	0.00000000e+00	1.89227142e-321
6.14257813e-02	0.00000000e+00	1.98120324e-321
6.14746094e-02	0.00000000e+00	2.07013506e-321
6.15234375e-02	0.00000000e+00	2.15906687e-321
6.15722656e-02	0.00000000e+00	2.24799869e-321
6.16210938e-02	0.00000000e+00	2.33693050e-321
6.16699219e-02	0.00000000e+00	2.42586232e-321
6.17187500e-02	0.00000000e+00	2.51479414e-321
6.17675781e-02	0.00000000e+00	2.60372595e-321
6.18164063e-02	0.00000000e+00	2.69265777e-321
6.18652344e-02	0.00000000e+00	2.78158959e-321
6.19140625e-02	0.00000000e+00	2.87052140e-321
6.19628906e-02	0.00000000e+00	2.95945322e-321
6.20117188e-02	0.00000000e+00	3.04838503e-321
6.20605469e-02	0.00000000e+00	3.13731685e-321
6.21093750e-02	0.00000000e+00	3.22624867e-321
6.21582031e-02	0.00000000e+00	3.31518048e-321
6.22070313e-02	0.00000000e+00	3.40411230e-321
6.22558594e-02	0.00000000e+00	3.49304412e-321
6.23046875e-02	0.00000000e+00	3.58197593e-321
6.23535156e-02	0.00000000e+00	3.67090775e-321
6.24023438e-02	0.00000000e+00	3.75983956e-321
6.24511719e-02	0.00000000e+00	3.83394941e-321
6.25000000e-02	0.00000000e+00	3.90805926e-321
6.25488281e-02	0.00000000e+00	3.98216911e-321
6.25976563e-02	0.00000000e+00	4.05627895e-321
6.26464844e-02	0.00000000e+00	4.13038880e-321
6.26953125e-02	0.00000000e+00	4.20449865e-321
6.27441406e-02	0.00000000e+00	4.27366784e-321
6.27929687e-02	0.00000000e+00	4.31813374e-321
6.28417969e-02	0.00000000e+00	4.34283703e-321
6.28906250e-02	0.00000000e+00	4.35765900e-321
6.29394531e-02	0.00000000e+00	4.34283703e-321
6.29882812e-02	0.00000000e+00	4.30825243e-321
6.30371094e-02	0.00000000e+00	4.24896455e-321
6.30859375e-02	0.00000000e+00	4.18967668e-321
6.31347656e-02	0.00000000e+00	4.13038880e-321
6.31835938e-02	0.00000000e+00	4.07110092e-321
6.32324219e-02	0.00000000e+00	4.01181304e-321
6.32812500e-02	0.00000000e+00	3.95252517e-321
6.33300781e-02	0.00000000e+00	3.88829663e-321
6.33789063e-02	0.00000000e+00	3.80924613e-321
6.34277344e-02	0.00000000e+00	3.73019563e-321
6.34765625e-02	0.00000000e+00	3.65114512e-321
6.35253906e-02	0.00000000e+00	3.57209462e-321
6.35742188e-02	0.00000000e+00	3.49304412e-321
6.36230469e-02	0.00000000e+00	3.41399361e-321
6.36718750e-02	0.00000000e+00	3.33494311e-321
6.37207031e-02	0.00000000e+00	3.25589261e-321
6.37695312e-02	0.00000000e+00	3.17684210e-321
6.38183594e-02	0.00000000e+00	3.09779160e-321
6.38671875e-02	0.00000000e+00	3.01874110e-321
6.39160156e-02	0.00000000e+00	2.93969059e-321
6.39648438e-02	0.00000000e+00	2.86064009e-321
6.40136719e-02	0.00000000e+00	2.78158959e-321
6.40625000e-02	0.00000000e+00	2.70253908e-321
6.41113281e-02	0.00000000e+00	2.62348858e-321
6.41601563e-02	0.00000000e+00	2.54443808e-321
6.42089844e-02	0.00000000e+00	2.46538757e-321
6.42578125e-02	0.00000000e+00	2.38633707e-321
6.43066406e-02	0.00000000e+00	2.30728657e-321
6.43554688e-02	0.00000000e+00	2.22823606e-321
6.44042969e-02	0.00000000e+00	2.14918556e-321
6.44531250e-02	0.00000000e+00	2.07013506e-321
6.45019531e-02	0.00000000e+00	1.99108455e-321
6.45507813e-02	0.00000000e+00	1.91203405e-321
6.45996094e-02	0.00000000e+00	1.83298355e-321
6.46484375e-02	0.00000000e+00	1.75393304e-321
6.46972656e-02	0.00000000e+00	1.67488254e-321
6.47460937e-02	0.00000000e+00	1.59583204e-321
6.47949219e-02	0.00000000e+00	1.51678153e-321
6.48437500e-02	0.00000000e+00	1.43773103e-321
6.48925781e-02	0.00000000e+00	1.35868053e-321
6.49414062e-02	0.00000000e+00	1.27963002e-321
6.49902344e-02	0.00000000e+00	1.20057952e-321
6.50390625e-02	0.00000000e+00	1.12152902e-321
6.50878906e-02	0.00000000e+00	1.04247851e-321
6.51367188e-02	0.00000000e+00	9.63428009e-322
6.51855469e-02	0.00000000e+00	8.84377506e-322
6.52343750e-02	0.00000000e+00	7.95445690e-322
6.52832031e-02	0.00000000e+00	7.06513874e-322
6.53320313e-02	0.00000000e+00	6.17582057e-322
6.53808594e-02	0.00000000e+00	5.28650241e-322
6.54296875e-02	0.00000000e+00	4.39718425e-322
6.54785156e-02	0.00000000e+00	3.50786609e-322
6.55273438e-02	0.00000000e+00	2.61854792e-322
6.55761719e-02	0.00000000e+00	1.72922976e-322
6.56250000e-02	0.00000000e+00	8.39911598e-323
6.56738281e-02	0.00000000e+00	-4.94065646e-324
6.57226562e-02	0.00000000e+00	-9.38724727e-323
6.57714844e-02	0.00000000e+00	-1.82804289e-322
6.58203125e-02	0.00000000e+00	-2.71736105e-322
6.58691406e-02	0.00000000e+00	-3.60667921e-322
6.59179688e-02	0.00000000e+00	-4.49599738e-322
6.59667969e-02	0.00000000e+00	-5.38531554e-322
6.60156250e-02	0.00000000e+00	-6.27463370e-322
6.60644531e-02	0.00000000e+00	-7.16395186e-322
6.61132813e-02	0.00000000e+00	-8.05327003e-322
6.61621094e-02	0.00000000e+00	-8.94258819e-322
6.62109375e-02	0.00000000e+00	-9.83190635e-322
6.62597656e-02	0.00000000e+00	-1.06718180e-321
6.63085938e-02	0.00000000e+00	-1.14129164e-321
6.63574219e-02	0.00000000e+00	-1.21540149e-321
6.64062500e-02	0.00000000e+00	-1.27963002e-321
6.64550781e-02	0.00000000e+00	-1.31915527e-321
6.65039063e-02	0.00000000e+00	-1.33397724e-321
6.65527344e-02	0.00000000e+00	-1.29445199e-321
6.66015625e-02	0.00000000e+00	-1.22528280e-321
6.66503906e-02	0.00000000e+00	-1.13635099e-321
6.66992187e-02	0.00000000e+00	-1.04247851e-321
6.67480469e-02	0.00000000e+00	-9.48606040e-322
6.67968750e-02	0.00000000e+00	-8.54733567e-322
6.68457031e-02	0.00000000e+00	-7.60861095e-322
6.68945312e-02	0.00000000e+00	-6.66988622e-322
6.69433594e-02	0.00000000e+00	-5.73116149e-322
6.69921875e-02	0.00000000e+00	-4.79243676e-322
6.70410156e-02	0.00000000e+00	-3.85371204e-322
6.70898438e-02	0.00000000e+00	-2.91498731e-322
6.71386719e-02	0.00000000e+00	-1.97626258e-322
6.71875000e-02	0.00000000e+00	-1.03753786e-322
6.72363281e-02	0.00000000e+00	-9.88131292e-324
6.72851563e-02	0.00000000e+00	8.39911598e-323
6.73339844e-02	0.00000000e+00	2.02566915e-322
6.73828125e-02	0.00000000e+00	3.40905296e-322
6.74316406e-02	0.00000000e+00	4.84184333e-322
6.74804688e-02	0.00000000e+00	6.27463370e-322
6.75292969e-02	0.00000000e+00	7.70742408e-322
6.75781250e-02	0.00000000e+00	9.14021445e-322
6.76269531e-02	0.00000000e+00	1.07706311e-321
6.76757812e-02	0.00000000e+00	1.25492674e-321
6.77246094e-02	0.00000000e+00	1.43279037e-321
6.77734375e-02	0.00000000e+00	1.61065401e-321
6.78222656e-02	0.00000000e+00	1.78851764e-321
6.78710938e-02	0.00000000e+00	1.96638127e-321
6.79199219e-02	0.00000000e+00	2.14424490e-321
6.79687500e-02	0.00000000e+00	2.32210854e-321
6.80175781e-02	0.00000000e+00	2.49997217e-321
6.80664063e-02	0.00000000e+00	2.67783580e-321
6.81152344e-02	0.00000000e+00	2.85569943e-321
6.81640625e-02	0.00000000e+00	3.03356307e-321
6.82128906e-02	0.00000000e+00	3.21142670e-321
6.82617188e-02	0.00000000e+00	3.38929033e-321
6.83105469e-02	0.00000000e+00	3.56715396e-321
6.83593750e-02	0.00000000e+00	3.74501760e-321
6.84082031e-02	0.00000000e+00	3.92288123e-321
6.84570313e-02	0.00000000e+00	4.10074486e-321
6.85058594e-02	0.00000000e+00	4.27860849e-321
6.85546875e-02	0.00000000e+00	4.45647213e-321
6.86035156e-02	0.00000000e+00	4.63433576e-321
6.86523437e-02	0.00000000e+00	4.81219939e-321
6.87011719e-02	0.00000000e+00	4.99006302e-321
6.87500000e-02	0.00000000e+00	5.16792666e-321
6.87988281e-02	0.00000000e+00	5.34579029e-321
6.88476562e-02	0.00000000e+00	5.52365392e-321
6.88964844e-02	0.00000000e+00	5.70151755e-321
6.89453125e-02	0.00000000e+00	5.88432184e-321
6.89941406e-02	0.00000000e+00	6.07700744e-321
6.90429688e-02	0.00000000e+00	6.26969305e-321
6.90917969e-02	0.00000000e+00	6.46237865e-321
6.91406250e-02	0.00000000e+00	6.65506425e-321
6.91894531e-02	0.00000000e+00	6.84774985e-321
6.92382813e-02	0.00000000e+00	7.04043545e-321
6.92871094e-02	0.00000000e+00	7.23312106e-321
6.93359375e-02	0.00000000e+00	7.42580666e-321
6.93847656e-02	0.00000000e+00	7.61849226e-321
6.94335938e-02	0.00000000e+00	7.81117786e-321
6.94824219e-02	0.00000000e+00	8.00386346e-321
6.95312500e-02	0.00000000e+00	8.19654906e-321
6.95800781e-02	0.00000000e+00	8.38923467e-321
6.96289062e-02	0.00000000e+00	8.58192027e-321
6.96777344e-02	0.00000000e+00	8.76472456e-321
6.97265625e-02	0.00000000e+00	8.94258819e-321
6.97753906e-02	0.00000000e+00	9.12045182e-321
6.98242188e-02	0.00000000e+00	9.30819677e-321
6.98730469e-02	0.00000000e+00	9.52064500e-321
6.99218750e-02	0.00000000e+00	9.72815257e-321
6.99707031e-02	0.00000000e+00	9.93566014e-321
7.00195313e-02	0.00000000e+00	1.01431677e-320
7.00683594e-02	0.00000000e+00	1.03506753e-320
7.01171875e-02	0.00000000e+00	1.05581829e-320
7.01660156e-02	0.00000000e+00	1.07656904e-320
7.02148438e-02	0.00000000e+00	1.09731980e-320
7.02636719e-02	0.00000000e+00	1.11807056e-320
7.03125000e-02	0.00000000e+00	1.13882131e-320
7.03613281e-02	0.00000000e+00	1.15957207e-320
7.04101563e-02	0.00000000e+00	1.18032283e-320
7.04589844e-02	0.00000000e+00	1.20107359e-320
7.05078125e-02	0.00000000e+00	1.22182434e-320
7.05566406e-02	0.00000000e+00	1.24257510e-320
7.06054687e-02	0.00000000e+00	1.26332586e-320
7.06542969e-02	0.00000000e+00	1.28308848e-320
7.07031250e-02	0.00000000e+00	1.30235704e-320
7.07519531e-02	0.00000000e+00	1.32162560e-320
7.08007812e-02	0.00000000e+00	1.34089416e-320
7.08496094e-02	0.00000000e+00	1.35868053e-320
7.08984375e-02	0.00000000e+00	1.37399656e-320
7.09472656e-02	0.00000000e+00	1.38684227e-320
7.09960938e-02	0.00000000e+00	1.39771171e-320
7.10449219e-02	0.00000000e+00	1.40858116e-320
7.10937500e-02	0.00000000e+00	1.41945060e-320
7.11425781e-02	0.00000000e+00	1.43032004e-320
7.11914063e-02	0.00000000e+00	1.43970729e-320
7.12402344e-02	0.00000000e+00	1.44860047e-320
7.12890625e-02	0.00000000e+00	1.45749366e-320
7.13378906e-02	0.00000000e+00	1.46638684e-320
7.13867188e-02	0.00000000e+00	1.47528002e-320
7.14355469e-02	0.00000000e+00	1.48417320e-320
7.14843750e-02	0.00000000e+00	1.49306638e-320
7.15332031e-02	0.00000000e+00	1.50195956e-320
7.15820312e-02	0.00000000e+00	1.51085274e-320
7.16308594e-02	0.00000000e+00	1.51974593e-320
7.16796875e-02	0.00000000e+00	1.52863911e-320
7.17285156e-02	0.00000000e+00	1.53753229e-320
7.17773438e-02	0.00000000e+00	1.54642547e-320
7.18261719e-02	0.00000000e+00	1.55531865e-320
7.18750000e-02	0.00000000e+00	1.56421183e-320
7.19238281e-02	0.00000000e+00	1.57310502e-320
7.19726563e-02	0.00000000e+00	1.58199820e-320
7.20214844e-02	0.00000000e+00	1.59089138e-320
7.20703125e-02	0.00000000e+00	1.59978456e-320
7.21191406e-02	0.00000000e+00	1.60867774e-320
7.21679688e-02	0.00000000e+00	1.61757092e-320
7.22167969e-02	0.00000000e+00	1.62646411e-320
7.22656250e-02	0.00000000e+00	1.63535729e-320
7.23144531e-02	0.00000000e+00	1.64425047e-320
7.23632813e-02	0.00000000e+00	1.65314365e-320
7.24121094e-02	0.00000000e+00	1.66203683e-320
7.24609375e-02	0.00000000e+00	1.67093001e-320
7.25097656e-02	0.00000000e+00	1.67982320e-320
7.25585937e-02	0.00000000e+00	1.68871638e-320
7.26074219e-02	0.00000000e+00	1.69760956e-320
7.26562500e-02	0.00000000e+00	1.70650274e-320
7.27050781e-02	0.00000000e+00	1.71539592e-320
7.27539062e-02	0.00000000e+00	1.72379504e-320
7.28027344e-02	0.00000000e+00	1.73170009e-320
7.28515625e-02	0.00000000e+00	1.73960514e-320
7.29003906e-02	0.00000000e+00	1.74751019e-320
7.29492188e-02	0.00000000e+00	1.75640337e-320
7.29980469e-02	0.00000000e+00	1.76579062e-320
7.30468750e-02	0.00000000e+00	1.77517787e-320
7.30957031e-02	0.00000000e+00	1.78456511e-320
7.31445313e-02	0.00000000e+00	1.79395236e-320
7.31933594e-02	0.00000000e+00	1.80333961e-320
7.32421875e-02	0.00000000e+00	1.81272685e-320
7.32910156e-02	0.00000000e+00	1.82211410e-320
7.33398438e-02	0.00000000e+00	1.83150135e-320
7.33886719e-02	0.00000000e+00	1.84088860e-320
7.34375000e-02	0.00000000e+00	1.85027584e-320
7.34863281e-02	0.00000000e+00	1.85966309e-320
7.35351562e-02	0.00000000e+00	1.87102660e-320
7.35839844e-02	0.00000000e+00	1.88486044e-320
7.36328125e-02	0.00000000e+00	1.89918834e-320
7.36816406e-02	0.00000000e+00	1.91351625e-320
7.37304688e-02	0.00000000e+00	1.92784415e-320
7.37792969e-02	0.00000000e+00	1.94217205e-320
7.38281250e-02	0.00000000e+00	1.95699402e-320
7.38769531e-02	0.00000000e+00	1.97280412e-320
7.39257813e-02	0.00000000e+00	1.98861422e-320
7.39746094e-02	0.00000000e+00	2.00442433e-320
7.40234375e-02	0.00000000e+00	2.02023443e-320
7.40722656e-02	0.00000000e+00	2.03555046e-320
7.41210938e-02	0.00000000e+00	2.04790210e-320
7.41699219e-02	0.00000000e+00	2.05778341e-320
7.42187500e-02	0.00000000e+00	2.06667660e-320
7.42675781e-02	0.00000000e+00	2.07408758e-320
7.43164063e-02	0.00000000e+00	2.08149857e-320
7.43652344e-02	0.00000000e+00	2.08890955e-320
7.44140625e-02	0.00000000e+00	2.09632054e-320
7.44628906e-02	0.00000000e+00	2.10175526e-320
7.45117187e-02	0.00000000e+00	2.10471965e-320
7.45605469e-02	0.00000000e+00	2.10669591e-320
7.46093750e-02	0.00000000e+00	2.10620185e-320
7.46582031e-02	0.00000000e+00	2.10323745e-320
7.47070312e-02	0.00000000e+00	2.09780273e-320
7.47558594e-02	0.00000000e+00	2.09187394e-320
7.48046875e-02	0.00000000e+00	2.08594516e-320
7.48535156e-02	0.00000000e+00	2.08001637e-320
7.49023438e-02	0.00000000e+00	2.07408758e-320
7.49511719e-02	0.00000000e+00	2.06815879e-320
7.50000000e-02	0.00000000e+00	2.06223001e-320
7.50488281e-02	0.00000000e+00	2.05630122e-320
7.50976563e-02	0.00000000e+00	2.05037243e-320
7.51464844e-02	0.00000000e+00	2.04444364e-320
7.51953125e-02	0.00000000e+00	2.03851485e-320
7.52441406e-02	0.00000000e+00	2.03258607e-320
7.52929688e-02	0.00000000e+00	2.02665728e-320
7.53417969e-02	0.00000000e+00	2.02122256e-320
7.53906250e-02	0.00000000e+00	2.01578784e-320
7.54394531e-02	0.00000000e+00	2.01035311e-320
7.54882813e-02	0.00000000e+00	2.00491839e-320
7.55371094e-02	0.00000000e+00	1.99948367e-320
7.55859375e-02	0.00000000e+00	1.99404895e-320
7.56347656e-02	0.00000000e+00	1.98960236e-320
7.56835938e-02	0.00000000e+00	1.98713203e-320
7.57324219e-02	0.00000000e+00	1.98466170e-320
7.57812500e-02	0.00000000e+00	1.98219137e-320
7.58300781e-02	0.00000000e+00	1.97972104e-320
7.58789063e-02	0.00000000e+00	1.97725071e-320
7.59277344e-02	0.00000000e+00	1.97675665e-320
7.59765625e-02	0.00000000e+00	1.97626258e-320
7.60253906e-02	0.00000000e+00	1.97576852e-320
7.60742188e-02	0.00000000e+00	1.97527445e-320
7.61230469e-02	0.00000000e+00	1.97478039e-320
7.61718750e-02	0.00000000e+00	1.97428632e-320
7.62207031e-02	0.00000000e+00	1.97379226e-320
7.62695313e-02	0.00000000e+00	1.97329819e-320
7.63183594e-02	0.00000000e+00	1.97379226e-320
7.63671875e-02	0.00000000e+00	1.97428632e-320
7.64160156e-02	0.00000000e+00	1.97478039e-320
7.64648438e-02	0.00000000e+00	1.97527445e-320
7.65136719e-02	0.00000000e+00	1.97576852e-320
7.65625000e-02	0.00000000e+00	1.97626258e-320
7.66113281e-02	0.00000000e+00	1.97675665e-320
7.66601562e-02	0.00000000e+00	1.97725071e-320
7.67089844e-02	0.00000000e+00	1.97675665e-320
7.67578125e-02	0.00000000e+00	1.97626258e-320
7.68066406e-02	0.00000000e+00	1.97576852e-320
7.68554688e-02	0.00000000e+00	1.97527445e-320
7.69042969e-02	0.00000000e+00	1.97478039e-320
7.69531250e-02	0.00000000e+00	1.97428632e-320
7.70019531e-02	0.00000000e+00	1.97379226e-320
7.70507813e-02	0.00000000e+00	1.97329819e-320
7.70996094e-02	0.00000000e+00	1.97280412e-320
7.71484375e-02	0.00000000e+00	1.97231006e-320
7.71972656e-02	0.00000000e+00	1.97181599e-320
7.72460938e-02	0.00000000e+00	1.97132193e-320
7.72949219e-02	0.00000000e+00	1.97082786e-320
7.73437500e-02	0.00000000e+00	1.97033380e-320
7.73925781e-02	0.00000000e+00	1.97132193e-320
7.74414063e-02	0.00000000e+00	1.97280412e-320
7.74902344e-02	0.00000000e+00	1.97626258e-320
7.75390625e-02	0.00000000e+00	1.98169731e-320
7.75878906e-02	0.00000000e+00	1.98762609e-320
7.76367188e-02	0.00000000e+00	1.99355488e-320
7.76855469e-02	0.00000000e+00	2.00145993e-320
7.77343750e-02	0.00000000e+00	2.00887092e-320
7.77832031e-02	0.00000000e+00	2.01628190e-320
7.78320313e-02	0.00000000e+00	2.02369289e-320
7.78808594e-02	0.00000000e+00	2.03110387e-320
7.79296875e-02	0.00000000e+00	2.03851485e-320
7.79785156e-02	0.00000000e+00	2.04592584e-320
7.80273438e-02	0.00000000e+00	2.05333682e-320
7.80761719e-02	0.00000000e+00	2.06074781e-320
7.81250000e-02	0.00000000e+00	2.06815879e-320
7.81738281e-02	0.00000000e+00	2.07556978e-320
7.82226563e-02	0.00000000e+00	2.08298076e-320
7.82714844e-02	0.00000000e+00	2.09039175e-320
7.83203125e-02	0.00000000e+00	2.09681460e-320
7.83691406e-02	0.00000000e+00	2.10076713e-320
7.84179688e-02	0.00000000e+00	2.10224932e-320
7.84667969e-02	0.00000000e+00	2.09977899e-320
7.85156250e-02	0.00000000e+00	2.09335614e-320
7.85644531e-02	0.00000000e+00	2.08545109e-320
7.86132812e-02	0.00000000e+00	2.07754604e-320
7.86621094e-02	0.00000000e+00	2.06964099e-320
7.87109375e-02	0.00000000e+00	2.06173594e-320
7.87597656e-02	0.00000000e+00	2.05383089e-320
7.88085938e-02	0.00000000e+00	2.04592584e-320
7.88574219e-02	0.00000000e+00	2.03802079e-320
7.89062500e-02	0.00000000e+00	2.03011574e-320
7.89550781e-02	0.00000000e+00	2.02221069e-320
7.90039063e-02	0.00000000e+00	2.01430564e-320
7.90527344e-02	0.00000000e+00	2.00640059e-320
7.91015625e-02	0.00000000e+00	1.99849554e-320
7.91503906e-02	0.00000000e+00	1.99059049e-320
7.91992188e-02	0.00000000e+00	1.98268544e-320
7.92480469e-02	0.00000000e+00	1.97478039e-320
7.92968750e-02	0.00000000e+00	1.96687534e-320
7.93457031e-02	0.00000000e+00	1.95897029e-320
7.93945313e-02	0.00000000e+00	1.95106524e-320
7.94433594e-02	0.00000000e+00	1.94316019e-320
7.94921875e-02	0.00000000e+00	1.93525513e-320
7.95410156e-02	0.00000000e+00	1.92735008e-320
7.95898438e-02	0.00000000e+00	1.91944503e-320
7.96386719e-02	0.00000000e+00	1.91153998e-320
7.96875000e-02	0.00000000e+00	1.90363493e-320
7.97363281e-02	0.00000000e+00	1.89572988e-320
7.97851563e-02	0.00000000e+00	1.88782483e-320
7.98339844e-02	0.00000000e+00	1.87942572e-320
7.98828125e-02	0.00000000e+00	1.87003847e-320
7.99316406e-02	0.00000000e+00	1.86065122e-320
7.99804688e-02	0.00000000e+00	1.85126397e-320
8.00292969e-02	0.00000000e+00	1.84187673e-320
8.00781250e-02	0.00000000e+00	1.83248948e-320
8.01269531e-02	0.00000000e+00	1.82310223e-320
8.01757813e-02	0.00000000e+00	1.81371499e-320
8.02246094e-02	0.00000000e+00	1.80432774e-320
8.02734375e-02	0.00000000e+00	1.79494049e-320
8.03222656e-02	0.00000000e+00	1.78555324e-320
8.03710938e-02	0.00000000e+00	1.77616600e-320
8.04199219e-02	0.00000000e+00	1.76677875e-320
8.04687500e-02	0.00000000e+00	1.75739150e-320
8.05175781e-02	0.00000000e+00	1.74701612e-320
8.05664062e-02	0.00000000e+00	1.73466448e-320
8.06152344e-02	0.00000000e+00	1.72033658e-320
8.06640625e-02	0.00000000e+00	1.70452648e-320
8.07128906e-02	0.00000000e+00	1.68772825e-320
8.07617188e-02	0.00000000e+00	1.67043595e-320
8.08105469e-02	0.00000000e+00	1.65314365e-320
8.08593750e-02	0.00000000e+00	1.63585135e-320
8.09082031e-02	0.00000000e+00	1.62102938e-320
8.09570313e-02	0.00000000e+00	1.60966587e-320
8.10058594e-02	0.00000000e+00	1.60027863e-320
8.10546875e-02	0.00000000e+00	1.59286764e-320
8.11035156e-02	0.00000000e+00	1.58842105e-320
8.11523438e-02	0.00000000e+00	1.58842105e-320
8.12011719e-02	0.00000000e+00	1.59286764e-320
8.12500000e-02	0.00000000e+00	1.59978456e-320
8.12988281e-02	0.00000000e+00	1.60867774e-320
8.13476563e-02	0.00000000e+00	1.61905312e-320
8.13964844e-02	0.00000000e+00	1.63239289e-320
8.14453125e-02	0.00000000e+00	1.64820299e-320
8.14941406e-02	0.00000000e+00	1.66747155e-320
8.15429688e-02	0.00000000e+00	1.69118671e-320
8.15917969e-02	0.00000000e+00	1.71687812e-320
8.16406250e-02	0.00000000e+00	1.74306360e-320
8.16894531e-02	0.00000000e+00	1.76924908e-320
8.17382813e-02	0.00000000e+00	1.79691675e-320
8.17871094e-02	0.00000000e+00	1.82458443e-320
8.18359375e-02	0.00000000e+00	1.85373430e-320
8.18847656e-02	0.00000000e+00	1.88337824e-320
8.19335938e-02	0.00000000e+00	1.91351625e-320
8.19824219e-02	0.00000000e+00	1.94217205e-320
8.20312500e-02	0.00000000e+00	1.96885160e-320
8.20800781e-02	0.00000000e+00	1.99256675e-320
8.21289063e-02	0.00000000e+00	2.01035311e-320
8.21777344e-02	0.00000000e+00	2.02221069e-320
8.22265625e-02	0.00000000e+00	2.02517508e-320
8.22753906e-02	0.00000000e+00	2.01974036e-320
8.23242188e-02	0.00000000e+00	2.00491839e-320
8.23730469e-02	0.00000000e+00	1.98219137e-320
8.24218750e-02	0.00000000e+00	1.95304150e-320
8.24707031e-02	0.00000000e+00	1.91845690e-320
8.25195312e-02	0.00000000e+00	1.88041385e-320
8.25683594e-02	0.00000000e+00	1.84286486e-320
8.26171875e-02	0.00000000e+00	1.81075059e-320
8.26660156e-02	0.00000000e+00	1.78604731e-320
8.27148438e-02	0.00000000e+00	1.77221347e-320
8.27636719e-02	0.00000000e+00	1.77073127e-320
8.28125000e-02	0.00000000e+00	1.78308292e-320
8.28613281e-02	0.00000000e+00	1.80828026e-320
8.29101563e-02	0.00000000e+00	1.84632332e-320
8.29589844e-02	0.00000000e+00	1.89227142e-320
8.30078125e-02	0.00000000e+00	1.94365425e-320
8.30566406e-02	0.00000000e+00	1.99404895e-320
8.31054688e-02	0.00000000e+00	2.04147925e-320
8.31542969e-02	0.00000000e+00	2.07902824e-320
8.32031250e-02	0.00000000e+00	2.10521372e-320
8.32519531e-02	0.00000000e+00	2.11707129e-320
8.33007813e-02	0.00000000e+00	2.11509503e-320
8.33496094e-02	0.00000000e+00	2.09928493e-320
8.33984375e-02	0.00000000e+00	2.07458165e-320
8.34472656e-02	0.00000000e+00	2.04345551e-320
8.34960938e-02	0.00000000e+00	2.00936498e-320
8.35449219e-02	0.00000000e+00	1.97823885e-320
8.35937500e-02	0.00000000e+00	1.95057117e-320
8.36425781e-02	0.00000000e+00	1.92784415e-320
8.36914063e-02	0.00000000e+00	1.90956372e-320
8.37402344e-02	0.00000000e+00	1.89276549e-320
8.37890625e-02	0.00000000e+00	1.87201473e-320
8.38378906e-02	0.00000000e+00	1.84187673e-320
8.38867188e-02	0.00000000e+00	1.79889302e-320
8.39355469e-02	0.00000000e+00	1.74207547e-320
8.39843750e-02	0.00000000e+00	1.67093001e-320
8.40332031e-02	0.00000000e+00	1.59138545e-320
8.40820313e-02	0.00000000e+00	1.50986461e-320
8.41308594e-02	0.00000000e+00	1.43526070e-320
8.41796875e-02	0.00000000e+00	1.37992535e-320
8.42285156e-02	0.00000000e+00	1.35571613e-320
8.42773438e-02	0.00000000e+00	1.37300843e-320
8.43261719e-02	0.00000000e+00	1.43822510e-320
8.43750000e-02	0.00000000e+00	1.55482459e-320
8.44238281e-02	0.00000000e+00	1.71984251e-320
8.44726562e-02	0.00000000e+00	1.92240943e-320
8.45214844e-02	0.00000000e+00	2.14770336e-320
8.45703125e-02	0.00000000e+00	2.37645576e-320
8.46191406e-02	0.00000000e+00	2.59038618e-320
8.46679688e-02	0.00000000e+00	2.77961332e-320
8.47167969e-02	0.00000000e+00	2.94216092e-320
8.47656250e-02	0.00000000e+00	3.08494589e-320
8.48144531e-02	0.00000000e+00	3.21933175e-320
8.48632813e-02	0.00000000e+00	3.34680068e-320
8.49121094e-02	0.00000000e+00	3.45648326e-320
8.49609375e-02	0.00000000e+00	3.52664058e-320
8.50097656e-02	0.00000000e+00	3.53899222e-320
8.50585938e-02	0.00000000e+00	3.49106785e-320
8.51074219e-02	0.00000000e+00	3.39818351e-320
8.51562500e-02	0.00000000e+00	3.26824425e-320
8.52050781e-02	0.00000000e+00	2.99799034e-320
8.52539063e-02	0.00000000e+00	2.78900057e-320
8.53027344e-02	0.00000000e+00	2.78109552e-320
8.53515625e-02	0.00000000e+00	3.25095195e-320
8.54003906e-02	4.94065646e-324	1.43442079e-319
8.54492188e-02	5.43472210e-323	1.88238023e-318
8.54980469e-02	6.22522714e-322	2.14232249e-317
8.55468750e-02	7.25288368e-321	2.50209754e-316
8.55957031e-02	8.45049881e-320	2.91411721e-315
8.56445313e-02	9.84331927e-319	3.39426233e-314
8.56933594e-02	1.14652676e-317	3.95356754e-313
8.57421875e-02	1.33545114e-316	4.60503371e-312
8.57910156e-02	1.55550620e-315	5.36384924e-311
8.58398438e-02	1.81182184e-314	6.24770199e-310
8.58886719e-02	2.11037305e-313	7.27719559e-309
8.59375000e-02	2.45811939e-312	8.47632865e-308
8.59863281e-02	2.86316720e-311	9.87305430e-307
8.60351563e-02	3.33495861e-310	1.14999317e-305
8.60839844e-02	3.88449157e-309	1.33948852e-304
8.61328125e-02	4.52457630e-308	1.56020883e-303
8.61816406e-02	5.27013388e-307	1.81729931e-302
8.62304688e-02	6.13854408e-306	2.11675304e-301
8.62792969e-02	7.15005047e-305	2.46555060e-300
8.63281250e-02	8.32823237e-304	2.87182285e-299
8.63769531e-02	9.70055449e-303	3.34504043e-298
8.64257812e-02	1.12990071e-301	3.89623457e-297
8.64746094e-02	1.31608520e-300	4.53825419e-296
8.65234375e-02	1.53294907e-299	5.28606546e-295
8.65722656e-02	1.78554765e-298	6.15710069e-294
8.66210938e-02	2.07976929e-297	7.17166463e-293
8.66699219e-02	2.42247262e-296	8.35340788e-292
8.67187500e-02	2.82164642e-295	9.72987815e-291
8.67675781e-02	3.28659585e-294	1.13331624e-289
8.68164063e-02	3.82815941e-293	1.32006350e-288
8.68652344e-02	4.45896150e-292	1.53758287e-287
8.69140625e-02	5.19370682e-291	1.79094496e-286
8.69628906e-02	6.04952306e-290	2.08605592e-285
8.70117188e-02	7.04636021e-289	2.42979509e-284
8.70605469e-02	8.20745562e-288	2.83017540e-283
8.71093750e-02	9.55987567e-287	3.29653015e-282
8.71582031e-02	1.11351467e-285	3.83973057e-281
8.72070313e-02	1.29699900e-284	4.47243924e-280
8.72558594e-02	1.51071777e-283	5.20940528e-279
8.73046875e-02	1.75965299e-282	6.06780814e-278
8.73535156e-02	2.04960762e-281	7.06765811e-277
8.74023438e-02	2.38734079e-280	8.23226277e-276
8.74511719e-02	2.78072542e-279	9.58877028e-275
8.75000000e-02	3.23893175e-278	1.11688023e-273
8.75488281e-02	3.77264103e-277	1.30091910e-272
8.75976563e-02	4.39429459e-276	1.51528378e-271
8.76464844e-02	5.11838385e-275	1.76497134e-270
8.76953125e-02	5.96178808e-274	2.05580226e-269
8.77441406e-02	6.94416794e-273	2.39455612e-268
8.77929688e-02	8.08842373e-272	2.78912963e-267
8.78417969e-02	9.42122926e-271	3.24872071e-266
8.78906250e-02	1.09736536e-269	3.78404291e-265
8.79394531e-02	1.27818855e-268	4.40757516e-264
8.79882813e-02	1.48880766e-267	5.13385265e-263
8.80371094e-02	1.73413246e-266	5.97980567e-262
8.80859375e-02	2.01988171e-265	6.96515427e-261
8.81347656e-02	2.35271654e-264	8.11286797e-260
8.81835938e-02	2.74039567e-263	9.44970117e-259
8.82324219e-02	3.19195631e-262	1.10068169e-257
8.82812500e-02	3.71792480e-261	1.28205130e-256
8.83300781e-02	4.33056204e-260	1.49330688e-255
8.83789062e-02	5.04414921e-259	1.73937301e-254
8.84277344e-02	5.87532080e-258	2.02598575e-253
8.84765625e-02	6.84345227e-257	2.35982633e-252
8.85253906e-02	7.97111177e-256	2.74867694e-251
8.85742188e-02	9.28458622e-255	3.20160208e-250
8.86230469e-02	1.08144941e-253	3.72915991e-249
8.86718750e-02	1.25964991e-252	4.34364835e-248
8.87207031e-02	1.46721416e-251	5.05939176e-247
8.87695313e-02	1.70898070e-250	5.89307485e-246
8.88183594e-02	1.99058536e-249	6.86413165e-245
8.88671875e-02	2.31859263e-248	7.99519850e-244
8.89160156e-02	2.70064871e-247	9.31264171e-243
8.89648438e-02	3.14565970e-246	1.08471723e-241
8.90136719e-02	3.66399929e-245	1.26345616e-240
8.90625000e-02	4.26775049e-244	1.47164757e-239
8.91113281e-02	4.97098737e-243	1.71414461e-238
8.91601563e-02	5.79010309e-242	1.99660012e-237
8.92089844e-02	6.74419210e-241	2.32559845e-236
8.92578125e-02	7.85549518e-240	2.70880887e-235
8.93066406e-02	9.14991794e-239	3.15516442e-234
8.93554688e-02	1.06576347e-237	3.67507010e-233
8.94042969e-02	1.24137919e-236	4.28064543e-232
8.94531250e-02	1.44593273e-235	4.98600701e-231
8.95019531e-02	1.68419245e-234	5.80759753e-230
8.95507813e-02	1.96171242e-233	6.76456909e-229
8.95996094e-02	2.28496191e-232	7.87922969e-228
8.96484375e-02	2.66147621e-231	9.17756319e-227
8.96972656e-02	3.10003224e-230	1.06898351e-225
8.97460938e-02	3.61085318e-229	1.24512979e-224
8.97949219e-02	4.20584679e-228	1.45030132e-223
8.98437500e-02	4.89888298e-227	1.68928085e-222
8.98925781e-02	5.70611711e-226	1.96763924e-221
8.99414063e-02	6.64636664e-225	2.29186530e-220
8.99902344e-02	7.74154973e-224	2.66951706e-219
9.00390625e-02	9.01719620e-223	3.10939798e-218
9.00878906e-02	1.05030427e-221	3.62176212e-217
9.01367188e-02	1.22337257e-220	4.21855320e-216
9.01855469e-02	1.42495892e-219	4.91368302e-215
9.02343750e-02	1.65976251e-218	5.72335577e-214
9.02832031e-02	1.93325684e-217	6.66644571e-213
9.03320312e-02	2.25181734e-216	7.76493723e-212
9.03808594e-02	2.62286996e-215	9.04443727e-211
9.04296875e-02	3.05506433e-214	1.05347722e-209
9.04785156e-02	3.55847533e-213	1.22706834e-208
9.05273438e-02	4.14483796e-212	1.42926364e-207
9.05761719e-02	4.82782092e-211	1.66477652e-206
9.06250000e-02	5.62334524e-210	1.93909701e-205
9.06738281e-02	6.54995537e-209	2.25861980e-204
9.07226563e-02	7.62925152e-208	2.63079327e-203
9.07714844e-02	8.88639315e-207	3.06429317e-202
9.08203125e-02	1.03506855e-205	3.56922480e-201
9.08691406e-02	1.20562626e-204	4.15735862e-200
9.09179688e-02	1.40428833e-203	4.84240462e-199
9.09667969e-02	1.63568576e-202	5.64033190e-198
9.10156250e-02	1.90521265e-201	6.56974093e-197
9.10644531e-02	2.21915194e-200	7.65229716e-196
9.11132813e-02	2.58482187e-199	8.91323603e-195
9.11621094e-02	3.01074657e-198	1.03819513e-193
9.12109375e-02	3.50685475e-197	1.20926801e-192
9.12597656e-02	4.08471119e-196	1.40853013e-191
9.13085938e-02	4.75778630e-195	1.64062648e-190
9.13574219e-02	5.54177011e-194	1.91096746e-189
9.14062500e-02	6.45493805e-193	2.22585498e-188
9.14550781e-02	7.51857698e-192	2.59262937e-187
9.15039063e-02	8.75748135e-191	3.01984051e-186
9.15527344e-02	1.02005312e-189	3.51744711e-185
9.16015625e-02	1.18813656e-188	4.09704886e-184
9.16503906e-02	1.38391662e-187	4.77215685e-183
9.16992188e-02	1.61195714e-186	5.55850851e-182
9.17480469e-02	1.87757396e-185	6.47443445e-181
9.17968750e-02	2.18695888e-184	7.54128581e-180
9.18457031e-02	2.54732394e-183	8.78393194e-179
9.18945313e-02	2.96706963e-182	1.02313401e-177
9.19433594e-02	3.45598060e-181	1.19172508e-176
9.19921875e-02	4.02545387e-180	1.38809643e-175
9.20410156e-02	4.68876439e-179	1.61682566e-174
9.20898438e-02	5.46137458e-178	1.88324467e-173
9.21386719e-02	6.36129474e-177	2.19356396e-172
9.21875000e-02	7.40950287e-176	2.55501735e-171
9.22363281e-02	8.63043372e-175	2.97603068e-170
9.22851562e-02	1.00525484e-173	3.46641818e-169
9.23339844e-02	1.17089977e-172	4.03761125e-168
9.23828125e-02	1.36383951e-171	4.70292495e-167
9.24316406e-02	1.58857167e-170	5.47786840e-166
9.24804688e-02	1.85033497e-169	6.38050625e-165
9.25292969e-02	2.15523138e-168	7.43187988e-164
9.25781250e-02	2.51036830e-167	8.65649781e-163
9.26269531e-02	2.92402434e-166	1.00829071e-161
9.26757813e-02	3.40584221e-165	1.17443586e-160
9.27246094e-02	3.96705354e-164	1.36795825e-159
9.27734375e-02	4.62074070e-163	1.59336906e-158
9.28222656e-02	5.38214178e-162	1.85592283e-157
9.28710938e-02	6.26900576e-161	2.16173995e-156
9.29199219e-02	7.30200628e-160	2.51794930e-155
9.29687500e-02	8.50522357e-159	2.93285447e-154
9.30175781e-02	9.90670578e-158	3.41612728e-153
9.30664063e-02	1.15391228e-156	3.97903330e-152
9.31152344e-02	1.34405278e-155	4.63469438e-151
9.31640625e-02	1.56552443e-154	5.39839462e-150
9.32128906e-02	1.82348996e-153	6.28793660e-149
9.32617188e-02	2.12396277e-152	7.32405637e-148
9.33105469e-02	2.47394718e-151	8.53090688e-147
9.33593750e-02	2.88160166e-150	9.93662095e-146
9.34082031e-02	3.35642902e-149	1.15739671e-144
9.34570313e-02	3.90949792e-148	1.34811135e-143
9.35058594e-02	4.55370094e-147	1.57025174e-142
9.35546875e-02	5.30405505e-146	1.82899618e-141
9.36035156e-02	6.17805170e-145	2.13037627e-140
9.36523438e-02	7.19606460e-144	2.48141744e-139
9.37011719e-02	8.38182458e-143	2.89030280e-138
9.37500000e-02	9.76297281e-142	3.36656385e-137
9.37988281e-02	1.13717052e-140	3.92130268e-136
9.38476563e-02	1.32455227e-139	4.56745078e-135
9.38964844e-02	1.54281059e-138	5.32007047e-134
9.39453125e-02	1.79703327e-137	6.19670601e-133
9.39941406e-02	2.09314649e-136	7.21779260e-132
9.40429688e-02	2.43805293e-135	8.40713272e-131
9.40917969e-02	2.83979267e-134	9.79245101e-130
9.41406250e-02	3.30773064e-133	1.14060405e-128
9.41894531e-02	3.85277492e-132	1.32855155e-127
9.42382812e-02	4.48763099e-131	1.54746884e-126
9.42871094e-02	5.22709795e-130	1.80245907e-125
9.43359375e-02	6.08841344e-129	2.09946631e-124
9.43847656e-02	7.09165555e-128	2.44541407e-123
9.44335938e-02	8.26021077e-127	2.84836671e-122
9.44824219e-02	9.62131921e-126	3.31771744e-121
9.45312500e-02	1.12067096e-124	3.86440726e-120
9.45800781e-02	1.30533388e-123	4.50118001e-119
9.46289063e-02	1.52042535e-122	5.24287946e-118
9.46777344e-02	1.77095934e-121	6.10679530e-117
9.47265625e-02	2.06277605e-120	7.11306621e-116
9.47753906e-02	2.40267798e-119	8.28514930e-115
9.48242188e-02	2.79858856e-118	9.65036690e-114
9.48730469e-02	3.25973683e-117	1.12405435e-112
9.49218750e-02	3.79687259e-116	1.30927476e-111
9.49707031e-02	4.42251696e-115	1.52501557e-110
9.50195313e-02	5.15125429e-114	1.77630590e-109
9.50683594e-02	6.00007211e-113	2.06900357e-108
9.51171875e-02	6.98875715e-112	2.40993162e-107
9.51660156e-02	8.14035656e-111	2.80703739e-106
9.52148438e-02	9.48171518e-110	3.26957779e-105
9.52636719e-02	1.10441013e-108	3.80833506e-104
9.53125000e-02	1.28639356e-107	4.43586812e-103
9.53613281e-02	1.49836400e-106	5.16680534e-102
9.54101563e-02	1.74526269e-105	6.01818554e-101
9.54589844e-02	2.03284505e-104	7.00985516e-100
9.55078125e-02	2.36781488e-103	8.16493092e-99
9.55566406e-02	2.75798066e-102	9.51033870e-98
9.56054688e-02	3.21243748e-101	1.10774412e-96
9.56542969e-02	3.74177916e-100	1.29027689e-95
9.57031250e-02	4.35834513e-99	1.50288720e-94
9.57519531e-02	5.07650809e-98	1.75053118e-93
9.58007813e-02	5.91300910e-97	2.03898164e-92
9.58496094e-02	6.88734772e-96	2.37496261e-91
9.58984375e-02	8.02223670e-95	2.76630613e-90
9.59472656e-02	9.34413130e-94	3.22213475e-89
9.59960938e-02	1.08838461e-92	3.75307427e-88
9.60449219e-02	1.26772732e-91	4.37150135e-87
9.60937500e-02	1.47662191e-90	5.09183209e-86
9.61425781e-02	1.71993789e-89	5.93085806e-85
9.61914062e-02	2.00334718e-88	6.90813769e-84
9.62402344e-02	2.33345631e-87	8.04645227e-83
9.62890625e-02	2.71796041e-86	9.37233692e-82
9.63378906e-02	3.16582263e-85	1.09166992e-80
9.63867188e-02	3.68748302e-84	1.27155396e-79
9.64355469e-02	4.29510198e-83	1.48107907e-78
9.64843750e-02	5.00284362e-82	1.72512946e-77
9.65332031e-02	5.82720606e-81	2.00939418e-76
9.65820313e-02	6.78740591e-80	2.34049968e-75
9.66308594e-02	7.90582630e-79	2.72616434e-74
9.66796875e-02	9.20853859e-78	3.17537833e-73
9.67285156e-02	1.07259102e-76	3.69861324e-72
9.67773438e-02	1.24933124e-75	4.30806614e-71
9.68261719e-02	1.45519448e-74	5.01794392e-70
9.68750000e-02	1.69497962e-73	5.84479446e-69
9.69238281e-02	1.97427624e-72	6.80789238e-68
9.69726563e-02	2.29959501e-71	7.92968836e-67
9.70214844e-02	2.67851939e-70	9.23633246e-66
9.70703125e-02	3.11988244e-69	1.07582837e-64
9.71191406e-02	3.63397274e-68	1.25310201e-63
9.71679688e-02	4.23277418e-67	1.45958658e-62
9.72167969e-02	4.93024535e-66	1.70009541e-61
9.72656250e-02	5.74264492e-65	1.98023497e-60
9.73144531e-02	6.68891065e-64	2.30653557e-59
9.73632813e-02	7.79110082e-63	2.68660356e-58
9.74121094e-02	9.07490846e-62	3.12929866e-57
9.74609375e-02	1.05702603e-60	3.64494049e-56
9.75097656e-02	1.23120142e-59	4.24554910e-55
9.75585938e-02	1.43407721e-58	4.94512523e-54
9.76074219e-02	1.67038260e-57	5.75997659e-53
9.76562500e-02	1.94562609e-56	6.70909809e-52
9.77050781e-02	2.26622384e-55	7.81461459e-51
9.77539063e-02	2.63964927e-54	9.10229665e-50
9.78027344e-02	3.07460724e-53	1.06021613e-48
9.78515625e-02	3.58123702e-52	1.23491716e-47
9.79003906e-02	4.17134859e-51	1.43840520e-46
9.79492188e-02	4.85869795e-50	1.67542372e-45
9.79980469e-02	5.65930784e-49	1.95149785e-44
9.80468750e-02	6.59184115e-48	2.27306310e-43
9.80957031e-02	7.67803607e-47	2.64761545e-42
9.81445312e-02	8.94321273e-46	3.08388603e-41
9.81933594e-02	1.04168635e-44	3.59204470e-40
9.82421875e-02	1.21333405e-43	4.18393707e-39
9.82910156e-02	1.41326563e-42	4.87336067e-38
9.83398438e-02	1.64614166e-41	5.67638656e-37
9.83886719e-02	1.91739069e-40	6.61173398e-36
9.84375000e-02	2.23333577e-39	7.70120668e-35
9.84863281e-02	2.60134185e-38	8.97020121e-34
9.85351563e-02	3.02998747e-37	1.04482990e-32
9.85839844e-02	3.52926474e-36	1.21699556e-31
9.86328125e-02	4.11081224e-35	1.41753045e-30
9.86816406e-02	4.78818634e-34	1.65110921e-29
9.87304688e-02	5.57717723e-33	1.92317676e-28
9.87792969e-02	6.49617695e-32	2.24007522e-27
9.88281250e-02	7.56660818e-31	2.60919178e-26
9.88769531e-02	8.81342360e-30	3.03913086e-25
9.89257813e-02	1.02656876e-28	3.53991470e-24
9.89746094e-02	1.19572536e-27	4.12321702e-23
9.90234375e-02	1.39275535e-26	4.80263509e-22
9.90722656e-02	1.62225167e-25	5.59400673e-21
9.91210938e-02	1.88956407e-24	6.51577949e-20
9.91699219e-02	2.20092385e-23	7.58944068e-19
9.92187500e-02	2.56358905e-22	8.84001827e-18
9.92675781e-02	2.98143498e-21	1.02779098e-16
9.93164063e-02	3.46946865e-20	1.19619568e-15
9.93652344e-02	4.03774999e-19	1.39213339e-14
9.94140625e-02	4.69912347e-18	1.62016139e-13
9.94628906e-02	5.46882956e-17	1.88554035e-12
9.95117188e-02	6.36461436e-16	2.19438875e-11
9.95605469e-02	7.40713024e-15	2.55382707e-10
9.96093750e-02	8.62041247e-14	2.97214219e-09
9.96582031e-02	1.00324335e-12	3.45897846e-08
9.97070313e-02	1.16757480e-11	4.02556008e-07
9.97558594e-02	1.35882434e-10	4.68494984e-06
9.98046875e-02	1.58140132e-09	5.45235037e-05
9.98535156e-02	1.84043742e-08	6.34545467e-04
9.99023438e-02	2.14190494e-07	7.38485399e-03
9.99511719e-02	2.49275449e-06	8.59451271e-02
1.00000000e-01	2.90107529e-05	1.00023209e+00
