0.00000000e+00	0.00000000e+00	1.06720620e-47
4.88281250e-05	5.21466365e-52	1.06872003e-47
9.76562500e-05	1.04441206e-51	1.07326555e-47
1.46484375e-04	1.57032058e-51	1.08085575e-47
1.95312500e-04	2.10068384e-51	1.09151216e-47
2.44140625e-04	2.63700639e-51	1.10526500e-47
2.92968750e-04	3.18080969e-51	1.12215331e-47
3.41796875e-04	3.73363642e-51	1.14222497e-47
3.90625000e-04	4.29705485e-51	1.16553695e-47
4.39453125e-04	4.87266333e-51	1.19215537e-47
4.88281250e-04	5.46209475e-51	1.22215574e-47
5.37109375e-04	6.06702125e-51	1.25562318e-47
5.85937500e-04	6.68915890e-51	1.29265263e-47
6.34765625e-04	7.33027261e-51	1.33334913e-47
6.83593750e-04	7.99218112e-51	1.37782815e-47
7.32421875e-04	8.67676218e-51	1.42621586e-47
7.81250000e-04	9.38595784e-51	1.47864954e-47
8.30078125e-04	1.01217800e-50	1.53527794e-47
8.78906250e-04	1.08863160e-50	1.59626171e-47
9.27734375e-04	1.16817349e-50	1.66177385e-47
9.76562500e-04	1.25102930e-50	1.73200022e-47
1.02539063e-03	1.33743409e-50	1.80714004e-47
1.07421875e-03	1.42763298e-50	1.88740648e-47
1.12304688e-03	1.52188185e-50	1.97302726e-47
1.17187500e-03	1.62044807e-50	2.06424526e-47
1.22070312e-03	1.72361127e-50	2.16131928e-47
1.26953125e-03	1.83166410e-50	2.26452469e-47
1.31835938e-03	1.94491310e-50	2.37415429e-47
1.36718750e-03	2.06367954e-50	2.49051909e-47
1.41601563e-03	2.18830035e-50	2.61394921e-47
1.46484375e-03	2.31912906e-50	2.74479481e-47
1.51367188e-03	2.45653682e-50	2.88342708e-47
1.56250000e-03	2.60091344e-50	3.03023933e-47
1.61132813e-03	2.75266850e-50	3.18564804e-47
1.66015625e-03	2.91223252e-50	3.35009410e-47
1.70898438e-03	3.08005816e-50	3.52404404e-47
1.75781250e-03	3.25662152e-50	3.70799133e-47
1.80664063e-03	3.44242350e-50	3.90245782e-47
1.85546875e-03	3.63799121e-50	4.10799521e-47
1.90429688e-03	3.84387943e-50	4.32518658e-47
1.95312500e-03	4.06067227e-50	4.55464810e-47
2.00195313e-03	4.28898474e-50	4.79703073e-47
2.05078125e-03	4.52946455e-50	5.05302209e-47
2.09960937e-03	4.78279391e-50	5.32334843e-47
2.14843750e-03	5.04969149e-50	5.60877663e-47
2.19726562e-03	5.33091447e-50	5.91011644e-47
2.24609375e-03	5.62726064e-50	6.22822275e-47
2.29492188e-03	5.93957071e-50	6.56399799e-47
2.34375000e-03	6.26873069e-50	6.91839475e-47
2.39257813e-03	6.61567437e-50	7.29241842e-47
2.44140625e-03	6.98138601e-50	7.68713010e-47
2.49023438e-03	7.36690309e-50	8.10364954e-47
2.53906250e-03	7.77331930e-50	8.54315841e-47
2.58789063e-03	8.20178761e-50	9.00690355e-47
2.63671875e-03	8.65352355e-50	9.49620058e-47
2.68554688e-03	9.12980866e-50	1.00124376e-46
2.73437500e-03	9.63199413e-50	1.05570792e-46
2.78320313e-03	1.01615046e-49	1.11316704e-46
2.83203125e-03	1.07198423e-49	1.17378414e-46
2.88085938e-03	1.13085912e-49	1.23773118e-46
2.92968750e-03	1.19294214e-49	1.30518957e-46
2.97851563e-03	1.25840943e-49	1.37635070e-46
3.02734375e-03	1.32744672e-49	1.45141644e-46
3.07617188e-03	1.40024985e-49	1.53059974e-46
3.12500000e-03	1.47702536e-49	1.61412526e-46
3.17382812e-03	1.55799106e-49	1.70222994e-46
3.22265625e-03	1.64337665e-49	1.79516374e-46
3.27148438e-03	1.73342436e-49	1.89319030e-46
3.32031250e-03	1.82838964e-49	1.99658772e-46
3.36914063e-03	1.92854191e-49	2.10564933e-46
3.41796875e-03	2.03416530e-49	2.22068453e-46
3.46679688e-03	2.14555944e-49	2.34201969e-46
3.51562500e-03	2.26304037e-49	2.46999900e-46
3.56445313e-03	2.38694136e-49	2.60498556e-46
3.61328125e-03	2.51761391e-49	2.74736230e-46
3.66210938e-03	2.65542874e-49	2.89753315e-46
3.71093750e-03	2.80077682e-49	3.05592413e-46
3.75976563e-03	2.95407049e-49	3.22298459e-46
3.80859375e-03	3.11574464e-49	3.39918847e-46
3.85742188e-03	3.28625792e-49	3.58503565e-46
3.90625000e-03	3.46609408e-49	3.78105338e-46
3.95507812e-03	3.65576330e-49	3.98779775e-46
4.00390625e-03	3.85580366e-49	4.20585529e-46
4.05273438e-03	4.06678266e-49	4.43584460e-46
4.10156250e-03	4.28929884e-49	4.67841817e-46
4.15039062e-03	4.52398347e-49	4.93426416e-46
4.19921875e-03	4.77150233e-49	5.20410840e-46
4.24804688e-03	5.03255762e-49	5.48871642e-46
4.29687500e-03	5.30788995e-49	5.78889565e-46
4.34570313e-03	5.59828041e-49	6.10549767e-46
4.39453125e-03	5.90455283e-49	6.43942069e-46
4.44335937e-03	6.22757609e-49	6.79161201e-46
4.49218750e-03	6.56826659e-49	7.16307081e-46
4.54101563e-03	6.92759085e-49	7.55485088e-46
4.58984375e-03	7.30656825e-49	7.96806369e-46
4.63867188e-03	7.70627395e-49	8.40388152e-46
4.68750000e-03	8.12784187e-49	8.86354075e-46
4.73632813e-03	8.57246800e-49	9.34834543e-46
4.78515625e-03	9.04141371e-49	9.85967093e-46
4.83398438e-03	9.53600939e-49	1.03989679e-45
4.88281250e-03	1.00576582e-48	1.09677662e-45
4.93164063e-03	1.06078399e-48	1.15676795e-45
4.98046875e-03	1.11881156e-48	1.22004099e-45
5.02929688e-03	1.18001312e-48	1.28677522e-45
5.07812500e-03	1.24456232e-48	1.35715998e-45
5.12695312e-03	1.31264228e-48	1.43139495e-45
5.17578125e-03	1.38444613e-48	1.50969071e-45
5.22460938e-03	1.46017758e-48	1.59226941e-45
5.27343750e-03	1.54005147e-48	1.67936530e-45
5.32226563e-03	1.62429441e-48	1.77122548e-45
5.37109375e-03	1.71314539e-48	1.86811056e-45
5.41992188e-03	1.80685647e-48	1.97029538e-45
5.46875000e-03	1.90569351e-48	2.07806985e-45
5.51757813e-03	2.00993691e-48	2.19173972e-45
5.56640625e-03	2.11988240e-48	2.31162747e-45
5.61523438e-03	2.23584189e-48	2.43807320e-45
5.66406250e-03	2.35814435e-48	2.57143566e-45
5.71289063e-03	2.48713675e-48	2.71209317e-45
5.76171875e-03	2.62318504e-48	2.86044478e-45
5.81054688e-03	2.76667518e-48	3.01691136e-45
5.85937500e-03	2.91801425e-48	3.18193681e-45
5.90820313e-03	3.07763158e-48	3.35598928e-45
5.95703125e-03	3.24598002e-48	3.53956256e-45
6.00585938e-03	3.42353715e-48	3.73317745e-45
6.05468750e-03	3.61080669e-48	3.93738322e-45
6.10351562e-03	3.80831994e-48	4.15275920e-45
6.15234375e-03	4.01663721e-48	4.37991641e-45
6.20117188e-03	4.23634951e-48	4.61949927e-45
6.25000000e-03	4.46808014e-48	4.87218748e-45
6.29882813e-03	4.71248652e-48	5.13869791e-45
6.34765625e-03	4.97026203e-48	5.41978664e-45
6.39648438e-03	5.24213795e-48	5.71625111e-45
6.44531250e-03	5.52888559e-48	6.02893237e-45
6.49414063e-03	5.83131845e-48	6.35871751e-45
6.54296875e-03	6.15029451e-48	6.70654210e-45
6.59179688e-03	6.48671871e-48	7.07339291e-45
6.64062500e-03	6.84154546e-48	7.46031070e-45
6.68945313e-03	7.21578139e-48	7.86839313e-45
6.73828125e-03	7.61048820e-48	8.29879792e-45
6.78710938e-03	8.02678567e-48	8.75274611e-45
6.83593750e-03	8.46585480e-48	9.23152555e-45
6.88476563e-03	8.92894123e-48	9.73649452e-45
6.93359375e-03	9.41735871e-48	1.02690856e-44
6.98242188e-03	9.93249287e-48	1.08308097e-44
7.03125000e-03	1.04758051e-47	1.14232605e-44
7.08007812e-03	1.10488369e-47	1.20481187e-44
7.12890625e-03	1.16532137e-47	1.27071570e-44
7.17773438e-03	1.22906503e-47	1.34022451e-44
7.22656250e-03	1.29629550e-47	1.41353550e-44
7.27539063e-03	1.36720351e-47	1.49085664e-44
7.32421875e-03	1.44199022e-47	1.57240729e-44
7.37304688e-03	1.52086782e-47	1.65841881e-44
7.42187500e-03	1.60406005e-47	1.74913522e-44
7.47070313e-03	1.69180295e-47	1.84481386e-44
7.51953125e-03	1.78434543e-47	1.94572619e-44
7.56835938e-03	1.88195004e-47	2.05215848e-44
7.61718750e-03	1.98489367e-47	2.16441268e-44
7.66601563e-03	2.09346837e-47	2.28280726e-44
7.71484375e-03	2.20798218e-47	2.40767809e-44
7.76367188e-03	2.32875995e-47	2.53937943e-44
7.81250000e-03	2.45614433e-47	2.67828491e-44
7.86132813e-03	2.59049671e-47	2.82478861e-44
7.91015625e-03	2.73219824e-47	2.97930615e-44
7.95898438e-03	2.88165093e-47	3.14227589e-44
8.00781250e-03	3.03927876e-47	3.31416018e-44
8.05664062e-03	3.20552893e-47	3.49544664e-44
8.10546875e-03	3.38087308e-47	3.68664959e-44
8.15429687e-03	3.56580865e-47	3.88831145e-44
8.20312500e-03	3.76086030e-47	4.10100434e-44
8.25195313e-03	3.96658140e-47	4.32533166e-44
8.30078125e-03	4.18355556e-47	4.56192983e-44
8.34960938e-03	4.41239833e-47	4.81147006e-44
8.39843750e-03	4.65375893e-47	5.07466030e-44
8.44726563e-03	4.90832210e-47	5.35224721e-44
8.49609375e-03	5.17681003e-47	5.64501830e-44
8.54492188e-03	5.45998441e-47	5.95380415e-44
8.59375000e-03	5.75864859e-47	6.27948077e-44
8.64257812e-03	6.07364988e-47	6.62297211e-44
8.69140625e-03	6.40588193e-47	6.98525265e-44
8.74023438e-03	6.75628727e-47	7.36735015e-44
8.78906250e-03	7.12586000e-47	7.77034863e-44
8.83789063e-03	7.51564857e-47	8.19539138e-44
8.88671875e-03	7.92675882e-47	8.64368424e-44
8.93554688e-03	8.36035704e-47	9.11649900e-44
8.98437500e-03	8.81767335e-47	9.61517703e-44
9.03320312e-03	9.30000514e-47	1.01411331e-43
9.08203125e-03	9.80872077e-47	1.06958592e-43
9.13085937e-03	1.03452635e-46	1.12809293e-43
9.17968750e-03	1.09111554e-46	1.18980030e-43
9.22851563e-03	1.15080019e-46	1.25488311e-43
9.27734375e-03	1.21374963e-46	1.32352599e-43
9.32617188e-03	1.28014244e-46	1.39592367e-43
9.37500000e-03	1.35016699e-46	1.47228156e-43
9.42382813e-03	1.42402191e-46	1.55281627e-43
9.47265625e-03	1.50191675e-46	1.63775629e-43
9.52148438e-03	1.58407249e-46	1.72734257e-43
9.57031250e-03	1.67072219e-46	1.82182929e-43
9.61914063e-03	1.76211169e-46	1.92148449e-43
9.66796875e-03	1.85850024e-46	2.02659089e-43
9.71679688e-03	1.96016132e-46	2.13744668e-43
9.76562500e-03	2.06738332e-46	2.25436636e-43
9.81445313e-03	2.18047043e-46	2.37768162e-43
9.86328125e-03	2.29974347e-46	2.50774230e-43
9.91210938e-03	2.42554083e-46	2.64491739e-43
9.96093750e-03	2.55821938e-46	2.78959604e-43
1.00097656e-02	2.69815553e-46	2.94218871e-43
1.00585938e-02	2.84574627e-46	3.10312830e-43
1.01074219e-02	3.00141033e-46	3.27287139e-43
1.01562500e-02	3.16558931e-46	3.45189954e-43
1.02050781e-02	3.33874898e-46	3.64072065e-43
1.02539062e-02	3.52138060e-46	3.83987040e-43
1.03027344e-02	3.71400228e-46	4.04991377e-43
1.03515625e-02	3.91716049e-46	4.27144665e-43
1.04003906e-02	4.13143159e-46	4.50509752e-43
1.04492188e-02	4.35742346e-46	4.75152925e-43
1.04980469e-02	4.59577722e-46	5.01144096e-43
1.05468750e-02	4.84716909e-46	5.28557002e-43
1.05957031e-02	5.11231226e-46	5.57469411e-43
1.06445313e-02	5.39195893e-46	5.87963349e-43
1.06933594e-02	5.68690245e-46	6.20125325e-43
1.07421875e-02	5.99797958e-46	6.54046582e-43
1.07910156e-02	6.32607283e-46	6.89823356e-43
1.08398438e-02	6.67211299e-46	7.27557142e-43
1.08886719e-02	7.03708177e-46	7.67354992e-43
1.09375000e-02	7.42201458e-46	8.09329811e-43
1.09863281e-02	7.82800347e-46	8.53600680e-43
1.10351563e-02	8.25620022e-46	9.00293196e-43
1.10839844e-02	8.70781961e-46	9.49539824e-43
1.11328125e-02	9.18414287e-46	1.00148028e-42
1.11816406e-02	9.68652134e-46	1.05626190e-42
1.12304688e-02	1.02163802e-45	1.11404013e-42
1.12792969e-02	1.07752228e-45	1.17497885e-42
1.13281250e-02	1.13646343e-45	1.23925097e-42
1.13769531e-02	1.19862871e-45	1.30703882e-42
1.14257813e-02	1.26419447e-45	1.37853471e-42
1.14746094e-02	1.33334672e-45	1.45394147e-42
1.15234375e-02	1.40628165e-45	1.53347303e-42
1.15722656e-02	1.48320616e-45	1.61735502e-42
1.16210938e-02	1.56433849e-45	1.70582542e-42
1.16699219e-02	1.64990882e-45	1.79913520e-42
1.17187500e-02	1.74015990e-45	1.89754909e-42
1.17675781e-02	1.83534778e-45	2.00134629e-42
1.18164063e-02	1.93574249e-45	2.11082127e-42
1.18652344e-02	2.04162887e-45	2.22628461e-42
1.19140625e-02	2.15330730e-45	2.34806386e-42
1.19628906e-02	2.27109461e-45	2.47650453e-42
1.20117188e-02	2.39532497e-45	2.61197098e-42
1.20605469e-02	2.52635081e-45	2.75484755e-42
1.21093750e-02	2.66454386e-45	2.90553956e-42
1.21582031e-02	2.81029616e-45	3.06447453e-42
1.22070312e-02	2.96402120e-45	3.23210335e-42
1.22558594e-02	3.12615511e-45	3.40890158e-42
1.23046875e-02	3.29715785e-45	3.59537079e-42
1.23535156e-02	3.47751456e-45	3.79204000e-42
1.24023438e-02	3.66773691e-45	3.99946715e-42
1.24511719e-02	3.86836454e-45	4.21824071e-42
1.25000000e-02	4.07996664e-45	4.44898134e-42
1.25488281e-02	4.30314352e-45	4.69234363e-42
1.25976563e-02	4.53852833e-45	4.94901801e-42
1.26464844e-02	4.78678884e-45	5.21973265e-42
1.26953125e-02	5.04862937e-45	5.50525558e-42
1.27441406e-02	5.32479276e-45	5.80639680e-42
1.27929688e-02	5.61606247e-45	6.12401066e-42
1.28417969e-02	5.92326484e-45	6.45899821e-42
1.28906250e-02	6.24727138e-45	6.81230982e-42
1.29394531e-02	6.58900131e-45	7.18494782e-42
1.29882813e-02	6.94942409e-45	7.57796937e-42
1.30371094e-02	7.32956224e-45	7.99248948e-42
1.30859375e-02	7.73049422e-45	8.42968412e-42
1.31347656e-02	8.15335744e-45	8.89079362e-42
1.31835938e-02	8.59935158e-45	9.37712612e-42
1.32324219e-02	9.06974190e-45	9.89006136e-42
1.32812500e-02	9.56586289e-45	1.04310545e-41
1.33300781e-02	1.00891220e-44	1.10016403e-41
1.33789063e-02	1.06410038e-44	1.16034376e-41
1.34277344e-02	1.12230739e-44	1.22381537e-41
1.34765625e-02	1.18369837e-44	1.29075891e-41
1.35253906e-02	1.24844747e-44	1.36136431e-41
1.35742188e-02	1.31673839e-44	1.43583188e-41
1.36230469e-02	1.38876487e-44	1.51437287e-41
1.36718750e-02	1.46473126e-44	1.59721012e-41
1.37207031e-02	1.54485305e-44	1.68457861e-41
1.37695313e-02	1.62935756e-44	1.77672623e-41
1.38183594e-02	1.71848453e-44	1.87391438e-41
1.38671875e-02	1.81248681e-44	1.97641880e-41
1.39160156e-02	1.91163107e-44	2.08453028e-41
1.39648438e-02	2.01619860e-44	2.19855553e-41
1.40136719e-02	2.12648604e-44	2.31881804e-41
1.40625000e-02	2.24280628e-44	2.44565900e-41
1.41113281e-02	2.36548932e-44	2.57943825e-41
1.41601562e-02	2.49488320e-44	2.72053532e-41
1.42089844e-02	2.63135502e-44	2.86935049e-41
1.42578125e-02	2.77529195e-44	3.02630596e-41
1.43066406e-02	2.92710232e-44	3.19184701e-41
1.43554688e-02	3.08721683e-44	3.36644327e-41
1.44042969e-02	3.25608972e-44	3.55059006e-41
1.44531250e-02	3.43420007e-44	3.74480982e-41
1.45019531e-02	3.62205317e-44	3.94965354e-41
1.45507813e-02	3.82018198e-44	4.16570235e-41
1.45996094e-02	4.02914857e-44	4.39356918e-41
1.46484375e-02	4.24954578e-44	4.63390049e-41
1.46972656e-02	4.48199887e-44	4.88737809e-41
1.47460938e-02	4.72716731e-44	5.15472110e-41
1.47949219e-02	4.98574663e-44	5.43668796e-41
1.48437500e-02	5.25847042e-44	5.73407861e-41
1.48925781e-02	5.54611240e-44	6.04773673e-41
1.49414063e-02	5.84948859e-44	6.37855218e-41
1.49902344e-02	6.16945968e-44	6.72746347e-41
1.50390625e-02	6.50693341e-44	7.09546046e-41
1.50878906e-02	6.86286719e-44	7.48358714e-41
1.51367188e-02	7.23827079e-44	7.89294463e-41
1.51855469e-02	7.63420924e-44	8.32469426e-41
1.52343750e-02	8.05180581e-44	8.78006090e-41
1.52832031e-02	8.49224519e-44	9.26033643e-41
1.53320313e-02	8.95677693e-44	9.76688337e-41
1.53808594e-02	9.44671887e-44	1.03011388e-40
1.54296875e-02	9.96346099e-44	1.08646184e-40
1.54785156e-02	1.05084693e-43	1.14589207e-40
1.55273438e-02	1.10832899e-43	1.20857317e-40
1.55761719e-02	1.16895536e-43	1.27468298e-40
1.56250000e-02	1.23289804e-43	1.34440904e-40
1.56738281e-02	1.30033842e-43	1.41794917e-40
1.57226563e-02	1.37146784e-43	1.49551199e-40
1.57714844e-02	1.44648810e-43	1.57731756e-40
1.58203125e-02	1.52561201e-43	1.66359795e-40
1.58691406e-02	1.60906406e-43	1.75459794e-40
1.59179688e-02	1.69708099e-43	1.85057569e-40
1.59667969e-02	1.78991252e-43	1.95180350e-40
1.60156250e-02	1.88782199e-43	2.05856854e-40
1.60644531e-02	1.99108718e-43	2.17117370e-40
1.61132812e-02	2.10000105e-43	2.28993844e-40
1.61621094e-02	2.21487259e-43	2.41519971e-40
1.62109375e-02	2.33602768e-43	2.54731285e-40
1.62597656e-02	2.46381004e-43	2.68665268e-40
1.63085937e-02	2.59858219e-43	2.83361450e-40
1.63574219e-02	2.74072647e-43	2.98861523e-40
1.64062500e-02	2.89064614e-43	3.15209461e-40
1.64550781e-02	3.04876653e-43	3.32451644e-40
1.65039063e-02	3.21553622e-43	3.50636986e-40
1.65527344e-02	3.39142832e-43	3.69817080e-40
1.66015625e-02	3.57694185e-43	3.90046338e-40
1.66503906e-02	3.77260311e-43	4.11382152e-40
1.66992188e-02	3.97896717e-43	4.33885050e-40
1.67480469e-02	4.19661949e-43	4.57618873e-40
1.67968750e-02	4.42617756e-43	4.82650953e-40
1.68457031e-02	4.66829261e-43	5.09052306e-40
1.68945313e-02	4.92365153e-43	5.36897831e-40
1.69433594e-02	5.19297877e-43	5.66266528e-40
1.69921875e-02	5.47703839e-43	5.97241713e-40
1.70410156e-02	5.77663629e-43	6.29911263e-40
1.70898438e-02	6.09262240e-43	6.64367861e-40
1.71386719e-02	6.42589318e-43	7.00709260e-40
1.71875000e-02	6.77739412e-43	7.39038560e-40
1.72363281e-02	7.14812240e-43	7.79464500e-40
1.72851562e-02	7.53912979e-43	8.22101768e-40
1.73339844e-02	7.95152557e-43	8.67071326e-40
1.73828125e-02	8.38647969e-43	9.14500751e-40
1.74316406e-02	8.84522611e-43	9.64524600e-40
1.74804688e-02	9.32906629e-43	1.01728479e-39
1.75292969e-02	9.83937288e-43	1.07293100e-39
1.75781250e-02	1.03775936e-42	1.13162110e-39
1.76269531e-02	1.09452554e-42	1.19352159e-39
1.76757813e-02	1.15439687e-42	1.25880808e-39
1.77246094e-02	1.21754320e-42	1.32766579e-39
1.77734375e-02	1.28414369e-42	1.40029007e-39
1.78222656e-02	1.35438727e-42	1.47688694e-39
1.78710938e-02	1.42847322e-42	1.55767373e-39
1.79199219e-02	1.50661173e-42	1.64287960e-39
1.79687500e-02	1.58902447e-42	1.73274630e-39
1.80175781e-02	1.67594525e-42	1.82752878e-39
1.80664062e-02	1.76762066e-42	1.92749592e-39
1.81152344e-02	1.86431078e-42	2.03293134e-39
1.81640625e-02	1.96628992e-42	2.14413416e-39
1.82128906e-02	2.07384739e-42	2.26141985e-39
1.82617187e-02	2.18728833e-42	2.38512115e-39
1.83105469e-02	2.30693457e-42	2.51558901e-39
1.83593750e-02	2.43312555e-42	2.65319355e-39
1.84082031e-02	2.56621927e-42	2.79832516e-39
1.84570313e-02	2.70659331e-42	2.95139557e-39
1.85058594e-02	2.85464592e-42	3.11283905e-39
1.85546875e-02	3.01079710e-42	3.28311360e-39
1.86035156e-02	3.17548988e-42	3.46270230e-39
1.86523438e-02	3.34919146e-42	3.65211462e-39
1.87011719e-02	3.53239465e-42	3.85188794e-39
1.87500000e-02	3.72561918e-42	4.06258901e-39
1.87988281e-02	3.92941324e-42	4.28481558e-39
1.88476563e-02	4.14435498e-42	4.51919811e-39
1.88964844e-02	4.37105419e-42	4.76640153e-39
1.89453125e-02	4.61015401e-42	5.02712716e-39
1.89941406e-02	4.86233277e-42	5.30211467e-39
1.90429688e-02	5.12830588e-42	5.59214420e-39
1.90917969e-02	5.40882792e-42	5.89803855e-39
1.91406250e-02	5.70469472e-42	6.22066555e-39
1.91894531e-02	6.01674565e-42	6.56094049e-39
1.92382813e-02	6.34586599e-42	6.91982871e-39
1.92871094e-02	6.69298946e-42	7.29834838e-39
1.93359375e-02	7.05910083e-42	7.69757335e-39
1.93847656e-02	7.44523876e-42	8.11863622e-39
1.94335938e-02	7.85249871e-42	8.56273154e-39
1.94824219e-02	8.28203608e-42	9.03111920e-39
1.95312500e-02	8.73506946e-42	9.52512801e-39
1.95800781e-02	9.21288410e-42	1.00461595e-38
1.96289063e-02	9.71683554e-42	1.05956917e-38
1.96777344e-02	1.02483535e-41	1.11752838e-38
1.97265625e-02	1.08089459e-41	1.17865800e-38
1.97753906e-02	1.14002031e-41	1.24313145e-38
1.98242188e-02	1.20238025e-41	1.31113165e-38
1.98730469e-02	1.26815132e-41	1.38285151e-38
1.99218750e-02	1.33752012e-41	1.45849450e-38
1.99707031e-02	1.41068344e-41	1.53827521e-38
2.00195312e-02	1.48784885e-41	1.62241999e-38
2.00683594e-02	1.56923527e-41	1.71116755e-38
2.01171875e-02	1.65507358e-41	1.80476967e-38
2.01660156e-02	1.74560731e-41	1.90349189e-38
2.02148438e-02	1.84109330e-41	2.00761429e-38
2.02636719e-02	1.94180244e-41	2.11743226e-38
2.03125000e-02	2.04802045e-41	2.23325735e-38
2.03613281e-02	2.16004866e-41	2.35541817e-38
2.04101563e-02	2.27820490e-41	2.48426127e-38
2.04589844e-02	2.40282436e-41	2.62015218e-38
2.05078125e-02	2.53426061e-41	2.76347642e-38
2.05566406e-02	2.67288651e-41	2.91464061e-38
2.06054688e-02	2.81909536e-41	3.07407359e-38
2.06542969e-02	2.97330193e-41	3.24222767e-38
2.07031250e-02	3.13594372e-41	3.41957990e-38
2.07519531e-02	3.30748213e-41	3.60663343e-38
2.08007813e-02	3.48840382e-41	3.80391893e-38
2.08496094e-02	3.67922205e-41	4.01199608e-38
2.08984375e-02	3.88047819e-41	4.23145522e-38
2.09472656e-02	4.09274318e-41	4.46291892e-38
2.09960938e-02	4.31661923e-41	4.70704387e-38
2.10449219e-02	4.55274146e-41	4.96452263e-38
2.10937500e-02	4.80177974e-41	5.23608566e-38
2.11425781e-02	5.06444061e-41	5.52250340e-38
2.11914063e-02	5.34146922e-41	5.82458839e-38
2.12402344e-02	5.63365150e-41	6.14319766e-38
2.12890625e-02	5.94181636e-41	6.47923509e-38
2.13378906e-02	6.26683806e-41	6.83365402e-38
2.13867188e-02	6.60963870e-41	7.20745992e-38
2.14355469e-02	6.97119078e-41	7.60171328e-38
2.14843750e-02	7.35252002e-41	8.01753260e-38
2.15332031e-02	7.75470826e-41	8.45609753e-38
2.15820313e-02	8.17889649e-41	8.91865229e-38
2.16308594e-02	8.62628812e-41	9.40650914e-38
2.16796875e-02	9.09815241e-41	9.92105212e-38
2.17285156e-02	9.59582803e-41	1.04637410e-37
2.17773438e-02	1.01207269e-40	1.10361153e-37
2.18261719e-02	1.06743381e-40	1.16397990e-37
2.18750000e-02	1.12582322e-40	1.22765046e-37
2.19238281e-02	1.18740657e-40	1.29480384e-37
2.19726562e-02	1.25235859e-40	1.36563057e-37
2.20214844e-02	1.32086352e-40	1.44033157e-37
2.20703125e-02	1.39311573e-40	1.51911877e-37
2.21191406e-02	1.46932018e-40	1.60221568e-37
2.21679688e-02	1.54969308e-40	1.68985806e-37
2.22167969e-02	1.63446243e-40	1.78229455e-37
2.22656250e-02	1.72386872e-40	1.87978737e-37
2.23144531e-02	1.81816561e-40	1.98261313e-37
2.23632813e-02	1.91762061e-40	2.09106353e-37
2.24121094e-02	2.02251587e-40	2.20544625e-37
2.24609375e-02	2.13314897e-40	2.32608579e-37
2.25097656e-02	2.24983379e-40	2.45332441e-37
2.25585938e-02	2.37290136e-40	2.58752307e-37
2.26074219e-02	2.50270081e-40	2.72906249e-37
2.26562500e-02	2.63960039e-40	2.87834423e-37
2.27050781e-02	2.78398847e-40	3.03579178e-37
2.27539063e-02	2.93627469e-40	3.20185184e-37
2.28027344e-02	3.09689108e-40	3.37699550e-37
2.28515625e-02	3.26629331e-40	3.56171966e-37
2.29003906e-02	3.44496196e-40	3.75654836e-37
2.29492188e-02	3.63340392e-40	3.96203433e-37
2.29980469e-02	3.83215380e-40	4.17876054e-37
2.30468750e-02	4.04177544e-40	4.40734184e-37
2.30957031e-02	4.26286354e-40	4.64842670e-37
2.31445313e-02	4.49604532e-40	4.90269909e-37
2.31933594e-02	4.74198232e-40	5.17088036e-37
2.32421875e-02	5.00137225e-40	5.45373134e-37
2.32910156e-02	5.27495101e-40	5.75205449e-37
2.33398438e-02	5.56349472e-40	6.06669613e-37
2.33886719e-02	5.86782200e-40	6.39854891e-37
2.34375000e-02	6.18879619e-40	6.74855428e-37
2.34863281e-02	6.52732792e-40	7.11770520e-37
2.35351563e-02	6.88437758e-40	7.50704895e-37
2.35839844e-02	7.26095812e-40	7.91769010e-37
2.36328125e-02	7.65813790e-40	8.35079362e-37
2.36816406e-02	8.07704371e-40	8.80758823e-37
2.37304688e-02	8.51886398e-40	9.28936984e-37
2.37792969e-02	8.98485214e-40	9.79750526e-37
2.38281250e-02	9.47633020e-40	1.03334361e-36
2.38769531e-02	9.99469247e-40	1.08986827e-36
2.39257812e-02	1.05414095e-39	1.14948487e-36
2.39746094e-02	1.11180325e-39	1.21236255e-36
2.40234375e-02	1.17261971e-39	1.27867968e-36
2.40722656e-02	1.23676287e-39	1.34862441e-36
2.41210938e-02	1.30441472e-39	1.42239517e-36
2.41699219e-02	1.37576717e-39	1.50020124e-36
2.42187500e-02	1.45102265e-39	1.58226336e-36
2.42675781e-02	1.53039467e-39	1.66881434e-36
2.43164063e-02	1.61410839e-39	1.76009973e-36
2.43652344e-02	1.70240131e-39	1.85637849e-36
2.44140625e-02	1.79552393e-39	1.95792377e-36
2.44628906e-02	1.89374042e-39	2.06502366e-36
2.45117188e-02	1.99732942e-39	2.17798199e-36
2.45605469e-02	2.10658482e-39	2.29711923e-36
2.46093750e-02	2.22181658e-39	2.42277336e-36
2.46582031e-02	2.34335159e-39	2.55530086e-36
2.47070313e-02	2.47153466e-39	2.69507772e-36
2.47558594e-02	2.60672944e-39	2.84250048e-36
2.48046875e-02	2.74931948e-39	2.99798737e-36
2.48535156e-02	2.89970929e-39	3.16197951e-36
2.49023438e-02	3.05832555e-39	3.33494214e-36
2.49511719e-02	3.22561822e-39	3.51736596e-36
2.50000000e-02	3.40206194e-39	3.70976850e-36
2.50488281e-02	3.58815725e-39	3.91269560e-36
2.50976563e-02	3.78443212e-39	4.12672296e-36
2.51464844e-02	3.99144337e-39	4.35245778e-36
2.51953125e-02	4.20977828e-39	4.59054046e-36
2.52441406e-02	4.44005629e-39	4.84164645e-36
2.52929688e-02	4.68293066e-39	5.10648812e-36
2.53417969e-02	4.93909045e-39	5.38581682e-36
2.53906250e-02	5.20926237e-39	5.68042502e-36
2.54394531e-02	5.49421290e-39	5.99114850e-36
2.54882813e-02	5.79475043e-39	6.31886879e-36
2.55371094e-02	6.11172759e-39	6.66451562e-36
2.55859375e-02	6.44604363e-39	7.02906960e-36
2.56347656e-02	6.79864702e-39	7.41356495e-36
2.56835938e-02	7.17053807e-39	7.81909248e-36
2.57324219e-02	7.56277184e-39	8.24680267e-36
2.57812500e-02	7.97646108e-39	8.69790893e-36
2.58300781e-02	8.41277944e-39	9.17369104e-36
2.58789062e-02	8.87296474e-39	9.67549879e-36
2.59277344e-02	9.35832252e-39	1.02047558e-35
2.59765625e-02	9.87022973e-39	1.07629636e-35
2.60253906e-02	1.04101386e-38	1.13517057e-35
2.60742188e-02	1.09795810e-38	1.19726525e-35
2.61230469e-02	1.15801722e-38	1.26275655e-35
2.61718750e-02	1.22136163e-38	1.33183028e-35
2.62207031e-02	1.28817102e-38	1.40468239e-35
2.62695313e-02	1.35863494e-38	1.48151956e-35
2.63183594e-02	1.43295328e-38	1.56255979e-35
2.63671875e-02	1.51133689e-38	1.64803298e-35
2.64160156e-02	1.59400815e-38	1.73818161e-35
2.64648438e-02	1.68120158e-38	1.83326145e-35
2.65136719e-02	1.77316456e-38	1.93354222e-35
2.65625000e-02	1.87015798e-38	2.03930842e-35
2.66113281e-02	1.97245702e-38	2.15086012e-35
2.66601563e-02	2.08035189e-38	2.26851377e-35
2.67089844e-02	2.19414869e-38	2.39260317e-35
2.67578125e-02	2.31417026e-38	2.52348035e-35
2.68066406e-02	2.44075710e-38	2.66151662e-35
2.68554688e-02	2.57426834e-38	2.80710356e-35
2.69042969e-02	2.71508274e-38	2.96065423e-35
2.69531250e-02	2.86359979e-38	3.12260423e-35
2.70019531e-02	3.02024083e-38	3.29341302e-35
2.70507813e-02	3.18545026e-38	3.47356517e-35
2.70996094e-02	3.35969677e-38	3.66357179e-35
2.71484375e-02	3.54347469e-38	3.86397191e-35
2.71972656e-02	3.73730540e-38	4.07533406e-35
2.72460938e-02	3.94173880e-38	4.29825788e-35
2.72949219e-02	4.15735486e-38	4.53337581e-35
2.73437500e-02	4.38476528e-38	4.78135486e-35
2.73925781e-02	4.62461521e-38	5.04289855e-35
2.74414063e-02	4.87758512e-38	5.31874887e-35
2.74902344e-02	5.14439267e-38	5.60968842e-35
2.75390625e-02	5.42579479e-38	5.91654258e-35
2.75878906e-02	5.72258983e-38	6.24018189e-35
2.76367188e-02	6.03561977e-38	6.58152451e-35
2.76855469e-02	6.36577268e-38	6.94153883e-35
2.77343750e-02	6.71398521e-38	7.32124621e-35
2.77832031e-02	7.08124522e-38	7.72172386e-35
2.78320312e-02	7.46859463e-38	8.14410794e-35
2.78808594e-02	7.87713234e-38	8.58959675e-35
2.79296875e-02	8.30801737e-38	9.05945413e-35
2.79785156e-02	8.76247214e-38	9.55501306e-35
2.80273438e-02	9.24178592e-38	1.00776794e-34
2.80761719e-02	9.74731852e-38	1.06289361e-34
2.81250000e-02	1.02805041e-37	1.12103468e-34
2.81738281e-02	1.08428554e-37	1.18235612e-34
2.82226563e-02	1.14359677e-37	1.24703189e-34
2.82714844e-02	1.20615237e-37	1.31524547e-34
2.83203125e-02	1.27212981e-37	1.38719038e-34
2.83691406e-02	1.34171626e-37	1.46307073e-34
2.84179688e-02	1.41510915e-37	1.54310180e-34
2.84667969e-02	1.49251668e-37	1.62751063e-34
2.85156250e-02	1.57415846e-37	1.71653668e-34
2.85644531e-02	1.66026610e-37	1.81043252e-34
2.86132813e-02	1.75108390e-37	1.90946454e-34
2.86621094e-02	1.84686950e-37	2.01391368e-34
2.87109375e-02	1.94789465e-37	2.12407627e-34
2.87597656e-02	2.05444594e-37	2.24026484e-34
2.88085938e-02	2.16682568e-37	2.36280901e-34
2.88574219e-02	2.28535266e-37	2.49205643e-34
2.89062500e-02	2.41036317e-37	2.62837379e-34
2.89550781e-02	2.54221184e-37	2.77214781e-34
2.90039063e-02	2.68127273e-37	2.92378638e-34
2.90527344e-02	2.82794036e-37	3.08371969e-34
2.91015625e-02	2.98263082e-37	3.25240147e-34
2.91503906e-02	3.14578296e-37	3.43031027e-34
2.91992188e-02	3.31785965e-37	3.61795082e-34
2.92480469e-02	3.49934906e-37	3.81585545e-34
2.92968750e-02	3.69076608e-37	4.02458561e-34
2.93457031e-02	3.89265375e-37	4.24473346e-34
2.93945313e-02	4.10558483e-37	4.47692357e-34
2.94433594e-02	4.33016340e-37	4.72181465e-34
2.94921875e-02	4.56702659e-37	4.98010146e-34
2.95410156e-02	4.81684637e-37	5.25251675e-34
2.95898438e-02	5.08033148e-37	5.53983337e-34
2.96386719e-02	5.35822942e-37	5.84286642e-34
2.96875000e-02	5.65132859e-37	6.16247560e-34
2.97363281e-02	5.96046051e-37	6.49956765e-34
2.97851562e-02	6.28650217e-37	6.85509888e-34
2.98339844e-02	6.63037856e-37	7.23007795e-34
2.98828125e-02	6.99306524e-37	7.62556865e-34
2.99316406e-02	7.37559116e-37	8.04269298e-34
2.99804688e-02	7.77904153e-37	8.48263434e-34
3.00292969e-02	8.20456095e-37	8.94664082e-34
3.00781250e-02	8.65335659e-37	9.43602880e-34
3.01269531e-02	9.12670170e-37	9.95218667e-34
3.01757813e-02	9.62593913e-37	1.04965788e-33
3.02246094e-02	1.01524852e-36	1.10707495e-33
3.02734375e-02	1.07078338e-36	1.16763278e-33
3.03222656e-02	1.12935604e-36	1.23150318e-33
3.03710938e-02	1.19113266e-36	1.29886733e-33
3.04199219e-02	1.25628851e-36	1.36991635e-33
3.04687500e-02	1.32500844e-36	1.44485180e-33
3.05175781e-02	1.39748739e-36	1.52388628e-33
3.05664063e-02	1.47393100e-36	1.60724401e-33
3.06152344e-02	1.55455614e-36	1.69516147e-33
3.06640625e-02	1.63959153e-36	1.78788807e-33
3.07128906e-02	1.72927842e-36	1.88568690e-33
3.07617188e-02	1.82387124e-36	1.98883539e-33
3.08105469e-02	1.92363837e-36	2.09762618e-33
3.08593750e-02	2.02886284e-36	2.21236791e-33
3.09082031e-02	2.13984316e-36	2.33338610e-33
3.09570313e-02	2.25689419e-36	2.46102408e-33
3.10058594e-02	2.38034800e-36	2.59564395e-33
3.10546875e-02	2.51055483e-36	2.73762763e-33
3.11035156e-02	2.64788406e-36	2.88737792e-33
3.11523438e-02	2.79272531e-36	3.04531967e-33
3.12011719e-02	2.94548949e-36	3.21190095e-33
3.12500000e-02	3.10660998e-36	3.38759435e-33
3.12988281e-02	3.27654388e-36	3.57289831e-33
3.13476563e-02	3.45577330e-36	3.76833854e-33
3.13964844e-02	3.64480670e-36	3.97446950e-33
3.14453125e-02	3.84418037e-36	4.19187598e-33
3.14941406e-02	4.05445992e-36	4.42117475e-33
3.15429688e-02	4.27624193e-36	4.66301634e-33
3.15917969e-02	4.51015558e-36	4.91808685e-33
3.16406250e-02	4.75686449e-36	5.18710990e-33
3.16894531e-02	5.01706856e-36	5.47084872e-33
3.17382812e-02	5.29150598e-36	5.77010827e-33
3.17871094e-02	5.58095535e-36	6.08573754e-33
3.18359375e-02	5.88623780e-36	6.41863198e-33
3.18847656e-02	6.20821944e-36	6.76973598e-33
3.19335938e-02	6.54781372e-36	7.14004564e-33
3.19824219e-02	6.90598406e-36	7.53061152e-33
3.20312500e-02	7.28374659e-36	7.94254165e-33
3.20800781e-02	7.68217302e-36	8.37700467e-33
3.21289062e-02	8.10239367e-36	8.83523314e-33
3.21777344e-02	8.54560070e-36	9.31852706e-33
3.22265625e-02	9.01305150e-36	9.82825751e-33
3.22753906e-02	9.50607220e-36	1.03658706e-32
3.23242188e-02	1.00260615e-35	1.09328916e-32
3.23730469e-02	1.05744946e-35	1.15309290e-32
3.24218750e-02	1.11529275e-35	1.21616795e-32
3.24707031e-02	1.17630010e-35	1.28269325e-32
3.25195313e-02	1.24064460e-35	1.35285754e-32
3.25683594e-02	1.30850880e-35	1.42685987e-32
3.26171875e-02	1.38008521e-35	1.50491018e-32
3.26660156e-02	1.45557691e-35	1.58722990e-32
3.27148438e-02	1.53519807e-35	1.67405257e-32
3.27636719e-02	1.61917456e-35	1.76562451e-32
3.28125000e-02	1.70774463e-35	1.86220551e-32
3.28613281e-02	1.80115955e-35	1.96406955e-32
3.29101563e-02	1.89968433e-35	2.07150564e-32
3.29589844e-02	2.00359850e-35	2.18481856e-32
3.30078125e-02	2.11319685e-35	2.30432979e-32
3.30566406e-02	2.22879031e-35	2.43037837e-32
3.31054687e-02	2.35070682e-35	2.56332190e-32
3.31542969e-02	2.47929225e-35	2.70353754e-32
3.32031250e-02	2.61491141e-35	2.85142308e-32
3.32519531e-02	2.75794903e-35	3.00739808e-32
3.33007813e-02	2.90881093e-35	3.17190502e-32
3.33496094e-02	3.06792508e-35	3.34541062e-32
3.33984375e-02	3.23574289e-35	3.52840711e-32
3.34472656e-02	3.41274047e-35	3.72141364e-32
3.34960938e-02	3.59941995e-35	3.92497778e-32
3.35449219e-02	3.79631093e-35	4.13967703e-32
3.35937500e-02	4.00397201e-35	4.36612049e-32
3.36425781e-02	4.22299230e-35	4.60495058e-32
3.36914062e-02	4.45399316e-35	4.85684485e-32
3.37402344e-02	4.69762995e-35	5.12251793e-32
3.37890625e-02	4.95459385e-35	5.40272353e-32
3.38378906e-02	5.22561387e-35	5.69825659e-32
3.38867188e-02	5.51145890e-35	6.00995553e-32
3.39355469e-02	5.81293986e-35	6.33870464e-32
3.39843750e-02	6.13091205e-35	6.68543657e-32
3.40332031e-02	6.46627757e-35	7.05113500e-32
3.40820312e-02	6.81998784e-35	7.43683742e-32
3.41308594e-02	7.19304632e-35	7.84363804e-32
3.41796875e-02	7.58651138e-35	8.27269097e-32
3.42285156e-02	8.00149928e-35	8.72521342e-32
3.42773438e-02	8.43918733e-35	9.20248918e-32
3.43261719e-02	8.90081725e-35	9.70587230e-32
3.43750000e-02	9.38769868e-35	1.02367908e-31
3.44238281e-02	9.90121288e-35	1.07967510e-31
3.44726563e-02	1.04428167e-34	1.13873415e-31
3.45214844e-02	1.10140467e-34	1.20102377e-31
3.45703125e-02	1.16165233e-34	1.26672068e-31
3.46191406e-02	1.22519559e-34	1.33601125e-31
3.46679688e-02	1.29221472e-34	1.40909208e-31
3.47167969e-02	1.36289984e-34	1.48617048e-31
3.47656250e-02	1.43745149e-34	1.56746513e-31
3.48144531e-02	1.51608117e-34	1.65320666e-31
3.48632813e-02	1.59901196e-34	1.74363831e-31
3.49121094e-02	1.68647912e-34	1.83901665e-31
3.49609375e-02	1.77873080e-34	1.93961225e-31
3.50097656e-02	1.87602872e-34	2.04571050e-31
3.50585937e-02	1.97864891e-34	2.15761242e-31
3.51074219e-02	2.08688250e-34	2.27563545e-31
3.51562500e-02	2.20103655e-34	2.40011443e-31
3.52050781e-02	2.32143491e-34	2.53140250e-31
3.52539063e-02	2.44841916e-34	2.66987213e-31
3.53027344e-02	2.58234953e-34	2.81591616e-31
3.53515625e-02	2.72360600e-34	2.96994890e-31
3.54003906e-02	2.87258931e-34	3.13240735e-31
3.54492188e-02	3.02972212e-34	3.30375240e-31
3.54980469e-02	3.19545021e-34	3.48447016e-31
3.55468750e-02	3.37024375e-34	3.67507331e-31
3.55957031e-02	3.55459863e-34	3.87610260e-31
3.56445312e-02	3.74903786e-34	4.08812835e-31
3.56933594e-02	3.95411307e-34	4.31175206e-31
3.57421875e-02	4.17040604e-34	4.54760816e-31
3.57910156e-02	4.39853041e-34	4.79636577e-31
3.58398438e-02	4.63913335e-34	5.05873061e-31
3.58886719e-02	4.89289745e-34	5.33544700e-31
3.59375000e-02	5.16054264e-34	5.62729999e-31
3.59863281e-02	5.44282822e-34	5.93511756e-31
3.60351562e-02	5.74055504e-34	6.25977298e-31
3.60839844e-02	6.05456774e-34	6.60218730e-31
3.61328125e-02	6.38575718e-34	6.96333194e-31
3.61816406e-02	6.73506293e-34	7.34423147e-31
3.62304688e-02	7.10347596e-34	7.74596649e-31
3.62792969e-02	7.49204147e-34	8.16967672e-31
3.63281250e-02	7.90186181e-34	8.61656422e-31
3.63769531e-02	8.33409962e-34	9.08789681e-31
3.64257813e-02	8.78998118e-34	9.58501164e-31
3.64746094e-02	9.27079980e-34	1.01093190e-30
3.65234375e-02	9.77791956e-34	1.06623064e-30
3.65722656e-02	1.03127792e-33	1.12455427e-30
3.66210938e-02	1.08768960e-33	1.18606824e-30
3.66699219e-02	1.14718704e-33	1.25094707e-30
3.67187500e-02	1.20993904e-33	1.31937482e-30
3.67675781e-02	1.27612362e-33	1.39154562e-30
3.68164063e-02	1.34592855e-33	1.46766422e-30
3.68652344e-02	1.41955186e-33	1.54794657e-30
3.69140625e-02	1.49720242e-33	1.63262042e-30
3.69628906e-02	1.57910053e-33	1.72192599e-30
3.70117187e-02	1.66547852e-33	1.81611664e-30
3.70605469e-02	1.75658146e-33	1.91545960e-30
3.71093750e-02	1.85266779e-33	2.02023669e-30
3.71582031e-02	1.95401012e-33	2.13074517e-30
3.72070313e-02	2.06089596e-33	2.24729854e-30
3.72558594e-02	2.17362852e-33	2.37022748e-30
3.73046875e-02	2.29252765e-33	2.49988071e-30
3.73535156e-02	2.41793065e-33	2.63662608e-30
3.74023438e-02	2.55019328e-33	2.78085153e-30
3.74511719e-02	2.68969079e-33	2.93296621e-30
3.75000000e-02	2.83681891e-33	3.09340169e-30
3.75488281e-02	2.99199505e-33	3.26261310e-30
3.75976562e-02	3.15565945e-33	3.44108051e-30
3.76464844e-02	3.32827641e-33	3.62931022e-30
3.76953125e-02	3.51033565e-33	3.82783624e-30
3.77441406e-02	3.70235367e-33	4.03722179e-30
3.77929688e-02	3.90487522e-33	4.25806088e-30
3.78417969e-02	4.11847485e-33	4.49098003e-30
3.78906250e-02	4.34375854e-33	4.73664004e-30
3.79394531e-02	4.58136542e-33	4.99573784e-30
3.79882813e-02	4.83196958e-33	5.26900849e-30
3.80371094e-02	5.09628198e-33	5.55722725e-30
3.80859375e-02	5.37505246e-33	5.86121179e-30
3.81347656e-02	5.66907190e-33	6.18182452e-30
3.81835938e-02	5.97917443e-33	6.51997501e-30
3.82324219e-02	6.30623980e-33	6.87662258e-30
3.82812500e-02	6.65119590e-33	7.25277905e-30
3.83300781e-02	7.01502135e-33	7.64951156e-30
3.83789063e-02	7.39874833e-33	8.06794564e-30
3.84277344e-02	7.80346547e-33	8.50926838e-30
3.84765625e-02	8.23032095e-33	8.97473182e-30
3.85253906e-02	8.68052574e-33	9.46565645e-30
3.85742188e-02	9.15535707e-33	9.98343504e-30
3.86230469e-02	9.65616204e-33	1.05295365e-29
3.86718750e-02	1.01843614e-32	1.11055101e-29
3.87207031e-02	1.07414537e-32	1.17129900e-29
3.87695313e-02	1.13290194e-32	1.23536994e-29
3.88183594e-02	1.19487253e-32	1.30294561e-29
3.88671875e-02	1.26023296e-32	1.37421772e-29
3.89160156e-02	1.32916866e-32	1.44938848e-29
3.89648438e-02	1.40187520e-32	1.52867112e-29
3.90136719e-02	1.47855883e-32	1.61229059e-29
3.90625000e-02	1.55943712e-32	1.70048411e-29
3.91113281e-02	1.64473951e-32	1.79350188e-29
3.91601563e-02	1.73470801e-32	1.89160780e-29
3.92089844e-02	1.82959785e-32	1.99508018e-29
3.92578125e-02	1.92967824e-32	2.10421258e-29
3.93066406e-02	2.03523311e-32	2.21931460e-29
3.93554688e-02	2.14656190e-32	2.34071279e-29
3.94042969e-02	2.26398046e-32	2.46875156e-29
3.94531250e-02	2.38782191e-32	2.60379414e-29
3.95019531e-02	2.51843758e-32	2.74622366e-29
3.95507812e-02	2.65619802e-32	2.89644417e-29
3.95996094e-02	2.80149407e-32	3.05488187e-29
3.96484375e-02	2.95473792e-32	3.22198622e-29
3.96972656e-02	3.11636433e-32	3.39823131e-29
3.97460938e-02	3.28683182e-32	3.58411714e-29
3.97949219e-02	3.46662401e-32	3.78017107e-29
3.98437500e-02	3.65625097e-32	3.98694930e-29
3.98925781e-02	3.85625067e-32	4.20503845e-29
3.99414063e-02	4.06719051e-32	4.43505724e-29
3.99902344e-02	4.28966891e-32	4.67765824e-29
4.00390625e-02	4.52431706e-32	4.93352969e-29
4.00878906e-02	4.77180063e-32	5.20339751e-29
4.01367188e-02	5.03282174e-32	5.48802730e-29
4.01855469e-02	5.30812091e-32	5.78822656e-29
4.02343750e-02	5.59847915e-32	6.10484695e-29
4.02832031e-02	5.90472021e-32	6.43878671e-29
4.03320313e-02	6.22771288e-32	6.79099323e-29
4.03808594e-02	6.56837350e-32	7.16246571e-29
4.04296875e-02	6.92766851e-32	7.55425802e-29
4.04785156e-02	7.30661724e-32	7.96748167e-29
4.05273438e-02	7.70629474e-32	8.40330897e-29
4.05761719e-02	8.12783491e-32	8.86297634e-29
4.06250000e-02	8.57243365e-32	9.34778788e-29
4.06738281e-02	9.04135227e-32	9.85911897e-29
4.07226563e-02	9.53592110e-32	1.03984203e-28
4.07714844e-02	1.00575432e-31	1.09672217e-28
4.08203125e-02	1.06076985e-31	1.15671371e-28
4.08691406e-02	1.11879476e-31	1.21998683e-28
4.09179688e-02	1.17999368e-31	1.28672103e-28
4.09667969e-02	1.24454023e-31	1.35710565e-28
4.10156250e-02	1.31261753e-31	1.43134036e-28
4.10644531e-02	1.38441870e-31	1.50963576e-28
4.11132813e-02	1.46014746e-31	1.59221399e-28
4.11621094e-02	1.54001863e-31	1.67930930e-28
4.12109375e-02	1.62425882e-31	1.77116879e-28
4.12597656e-02	1.71310701e-31	1.86805307e-28
4.13085938e-02	1.80681526e-31	1.97023699e-28
4.13574219e-02	1.90564943e-31	2.07801045e-28
4.14062500e-02	2.00988990e-31	2.19167920e-28
4.14550781e-02	2.11983240e-31	2.31156572e-28
4.15039062e-02	2.23578884e-31	2.43801012e-28
4.15527344e-02	2.35808819e-31	2.57137113e-28
4.16015625e-02	2.48707741e-31	2.71202708e-28
4.16503906e-02	2.62312243e-31	2.86037702e-28
4.16992188e-02	2.76660922e-31	3.01684182e-28
4.17480469e-02	2.91794484e-31	3.18186535e-28
4.17968750e-02	3.07755864e-31	3.35591581e-28
4.18457031e-02	3.24590343e-31	3.53948695e-28
4.18945313e-02	3.42345681e-31	3.73309957e-28
4.19433594e-02	3.61072250e-31	3.93730295e-28
4.19921875e-02	3.80823176e-31	4.15267642e-28
4.20410156e-02	4.01654493e-31	4.37983097e-28
4.20898438e-02	4.23625299e-31	4.61941105e-28
4.21386719e-02	4.46797924e-31	4.87209635e-28
4.21875000e-02	4.71238110e-31	5.13860372e-28
4.22363281e-02	4.97015192e-31	5.41968924e-28
4.22851563e-02	5.24202301e-31	5.71615036e-28
4.23339844e-02	5.52876565e-31	6.02882813e-28
4.23828125e-02	5.83119333e-31	6.35860961e-28
4.24316406e-02	6.15016403e-31	6.70643038e-28
4.24804688e-02	6.48658267e-31	7.07327722e-28
4.25292969e-02	6.84140367e-31	7.46019086e-28
4.25781250e-02	7.21563365e-31	7.86826897e-28
4.26269531e-02	7.61033429e-31	8.29866926e-28
4.26757813e-02	8.02662535e-31	8.75261277e-28
4.27246094e-02	8.46568785e-31	9.23138734e-28
4.27734375e-02	8.92876741e-31	9.73635124e-28
4.28222656e-02	9.41717777e-31	1.02689371e-27
4.28710938e-02	9.93230454e-31	1.08306557e-27
4.29199219e-02	1.04756091e-30	1.14231008e-27
4.29687500e-02	1.10486329e-30	1.20479531e-27
4.30175781e-02	1.16530015e-30	1.27069853e-27
4.30664063e-02	1.22904296e-30	1.34020670e-27
4.31152344e-02	1.29627254e-30	1.41351703e-27
4.31640625e-02	1.36717963e-30	1.49083749e-27
4.32128906e-02	1.44196540e-30	1.57238743e-27
4.32617188e-02	1.52084200e-30	1.65839822e-27
4.33105469e-02	1.60403321e-30	1.74911386e-27
4.33593750e-02	1.69177505e-30	1.84479172e-27
4.34082031e-02	1.78431643e-30	1.94570322e-27
4.34570312e-02	1.88191989e-30	2.05213467e-27
4.35058594e-02	1.98486234e-30	2.16438800e-27
4.35546875e-02	2.09343582e-30	2.28278166e-27
4.36035156e-02	2.20794835e-30	2.40765156e-27
4.36523438e-02	2.32872480e-30	2.53935193e-27
4.37011719e-02	2.45610782e-30	2.67825641e-27
4.37500000e-02	2.59045878e-30	2.82475907e-27
4.37988281e-02	2.73215884e-30	2.97927554e-27
4.38476563e-02	2.88161001e-30	3.14224417e-27
4.38964844e-02	3.03923627e-30	3.31412732e-27
4.39453125e-02	3.20548480e-30	3.49541260e-27
4.39941406e-02	3.38082725e-30	3.68661433e-27
4.40429688e-02	3.56576107e-30	3.88827493e-27
4.40917969e-02	3.76081091e-30	4.10096653e-27
4.41406250e-02	3.96653013e-30	4.32529252e-27
4.41894531e-02	4.18350234e-30	4.56188931e-27
4.42382813e-02	4.41234310e-30	4.81142812e-27
4.42871094e-02	4.65370162e-30	5.07461689e-27
4.43359375e-02	4.90826264e-30	5.35220230e-27
4.43847656e-02	5.17674833e-30	5.64497183e-27
4.44335938e-02	5.45992040e-30	5.95375608e-27
4.44824219e-02	5.75858220e-30	6.27943107e-27
4.45312500e-02	6.07358102e-30	6.62292072e-27
4.45800781e-02	6.40581052e-30	6.98519952e-27
4.46289063e-02	6.75621322e-30	7.36729525e-27
4.46777344e-02	7.12578322e-30	7.77029190e-27
4.47265625e-02	7.51556898e-30	8.19533277e-27
4.47753906e-02	7.92667631e-30	8.64362371e-27
4.48242188e-02	8.36027153e-30	9.11643650e-27
4.48730469e-02	8.81758474e-30	9.61511251e-27
4.49218750e-02	9.29991333e-30	1.01410665e-26
4.49707031e-02	9.80862566e-30	1.06957905e-26
4.50195313e-02	1.03451649e-29	1.12808584e-26
4.50683594e-02	1.09110533e-29	1.18979299e-26
4.51171875e-02	1.15078962e-29	1.25487557e-26
4.51660156e-02	1.21373869e-29	1.32351822e-26
4.52148438e-02	1.28013112e-29	1.39591568e-26
4.52636719e-02	1.35015527e-29	1.47227332e-26
4.53125000e-02	1.42400979e-29	1.55280780e-26
4.53613281e-02	1.50190420e-29	1.63774756e-26
4.54101562e-02	1.58405951e-29	1.72733360e-26
4.54589844e-02	1.67070876e-29	1.82182006e-26
4.55078125e-02	1.76209780e-29	1.92147500e-26
4.55566406e-02	1.85848589e-29	2.02658115e-26
4.56054688e-02	1.96014649e-29	2.13743668e-26
4.56542969e-02	2.06736799e-29	2.25435609e-26
4.57031250e-02	2.18045459e-29	2.37767108e-26
4.57519531e-02	2.29972711e-29	2.50773150e-26
4.58007813e-02	2.42552394e-29	2.64490632e-26
4.58496094e-02	2.55820194e-29	2.78958471e-26
4.58984375e-02	2.69813753e-29	2.94217712e-26
4.59472656e-02	2.84572771e-29	3.10311644e-26
4.59960938e-02	3.00139117e-29	3.27285927e-26
4.60449219e-02	3.16556955e-29	3.45188716e-26
4.60937500e-02	3.33872862e-29	3.64070802e-26
4.61425781e-02	3.52135961e-29	3.83985752e-26
4.61914063e-02	3.71398066e-29	4.04990064e-26
4.62402344e-02	3.91713823e-29	4.27143329e-26
4.62890625e-02	4.13140867e-29	4.50508394e-26
4.63378906e-02	4.35739986e-29	4.75151546e-26
4.63867188e-02	4.59575295e-29	5.01142697e-26
4.64355469e-02	4.84714413e-29	5.28555584e-26
4.64843750e-02	5.11228660e-29	5.57467976e-26
4.65332031e-02	5.39193257e-29	5.87961899e-26
4.65820313e-02	5.68687538e-29	6.20123862e-26
4.66308594e-02	5.99795179e-29	6.54045109e-26
4.66796875e-02	6.32604432e-29	6.89821874e-26
4.67285156e-02	6.67208375e-29	7.27555656e-26
4.67773438e-02	7.03705181e-29	7.67353504e-26
4.68261719e-02	7.42198389e-29	8.09328324e-26
4.68750000e-02	7.82797206e-29	8.53599199e-26
4.69238281e-02	8.25616809e-29	9.00291725e-26
4.69726563e-02	8.70778676e-29	9.49538367e-26
4.70214844e-02	9.18410932e-29	1.00147884e-25
4.70703125e-02	9.68648709e-29	1.05626049e-25
4.71191406e-02	1.02163453e-28	1.11403875e-25
4.71679688e-02	1.07751872e-28	1.17497751e-25
4.72167969e-02	1.13645981e-28	1.23924968e-25
4.72656250e-02	1.19862503e-28	1.30703758e-25
4.73144531e-02	1.26419073e-28	1.37853353e-25
4.73632812e-02	1.33334292e-28	1.45394036e-25
4.74121094e-02	1.40627779e-28	1.53347201e-25
4.74609375e-02	1.48320226e-28	1.61735409e-25
4.75097656e-02	1.56433455e-28	1.70582459e-25
4.75585938e-02	1.64990484e-28	1.79913449e-25
4.76074219e-02	1.74015589e-28	1.89754852e-25
4.76562500e-02	1.83534374e-28	2.00134587e-25
4.77050781e-02	1.93573844e-28	2.11082101e-25
4.77539063e-02	2.04162481e-28	2.22628453e-25
4.78027344e-02	2.15330324e-28	2.34806398e-25
4.78515625e-02	2.27109056e-28	2.47650487e-25
4.79003906e-02	2.39532095e-28	2.61197157e-25
4.79492188e-02	2.52634682e-28	2.75484841e-25
4.79980469e-02	2.66453992e-28	2.90554071e-25
4.80468750e-02	2.81029228e-28	3.06447600e-25
4.80957031e-02	2.96401740e-28	3.23210517e-25
4.81445313e-02	3.12615141e-28	3.40890378e-25
4.81933594e-02	3.29715427e-28	3.59537341e-25
4.82421875e-02	3.47751112e-28	3.79204308e-25
4.82910156e-02	3.66773363e-28	3.99947072e-25
4.83398438e-02	3.86836145e-28	4.21824481e-25
4.83886719e-02	4.07996376e-28	4.44898602e-25
4.84375000e-02	4.30314088e-28	4.69234894e-25
4.84863281e-02	4.53852597e-28	4.94902400e-25
4.85351563e-02	4.78678679e-28	5.21973938e-25
4.85839844e-02	5.04862767e-28	5.50526309e-25
4.86328125e-02	5.32479145e-28	5.80640518e-25
4.86816406e-02	5.61606159e-28	6.12401996e-25
4.87304688e-02	5.92326444e-28	6.45900851e-25
4.87792969e-02	6.24727151e-28	6.81232120e-25
4.88281250e-02	6.58900202e-28	7.18496035e-25
4.88769531e-02	6.94942544e-28	7.57798315e-25
4.89257813e-02	7.32956430e-28	7.99250460e-25
4.89746094e-02	7.73049705e-28	8.42970069e-25
4.90234375e-02	8.15336112e-28	8.89081174e-25
4.90722656e-02	8.59935618e-28	9.37714591e-25
4.91210938e-02	9.06974751e-28	9.89008293e-25
4.91699219e-02	9.56586960e-28	1.04310780e-24
4.92187500e-02	1.00891300e-27	1.10016659e-24
4.92675781e-02	1.06410130e-27	1.16034654e-24
4.93164062e-02	1.12230846e-27	1.22381838e-24
4.93652344e-02	1.18369958e-27	1.29076218e-24
4.94140625e-02	1.24844885e-27	1.36136785e-24
4.94628906e-02	1.31673995e-27	1.43583571e-24
4.95117188e-02	1.38876663e-27	1.51437702e-24
4.95605469e-02	1.46473322e-27	1.59721459e-24
4.96093750e-02	1.54485525e-27	1.68458345e-24
4.96582031e-02	1.62936000e-27	1.77673144e-24
4.97070313e-02	1.71848724e-27	1.87392001e-24
4.97558594e-02	1.81248980e-27	1.97642486e-24
4.98046875e-02	1.91163437e-27	2.08453680e-24
4.98535156e-02	2.01620222e-27	2.19856255e-24
4.99023438e-02	2.12649002e-27	2.31882560e-24
4.99511719e-02	2.24281064e-27	2.44566712e-24
5.00000000e-02	2.36549409e-27	2.57944698e-24
5.00488281e-02	2.49488842e-27	2.72054469e-24
5.00976563e-02	2.63136072e-27	2.86936056e-24
5.01464844e-02	2.77529815e-27	3.02631677e-24
5.01953125e-02	2.92710907e-27	3.19185860e-24
5.02441406e-02	3.08722417e-27	3.36645570e-24
5.02929688e-02	3.25609768e-27	3.55060339e-24
5.03417969e-02	3.43420870e-27	3.74482410e-24
5.03906250e-02	3.62206254e-27	3.94966883e-24
5.04394531e-02	3.82019211e-27	4.16571872e-24
5.04882813e-02	4.02915953e-27	4.39358671e-24
5.05371094e-02	4.24955763e-27	4.63391924e-24
5.05859375e-02	4.48201166e-27	4.88739816e-24
5.06347656e-02	4.72718111e-27	5.15474256e-24
5.06835938e-02	4.98576152e-27	5.43671090e-24
5.07324219e-02	5.25848647e-27	5.73410313e-24
5.07812500e-02	5.54612969e-27	6.04776294e-24
5.08300781e-02	5.84950721e-27	6.37858018e-24
5.08789063e-02	6.16947970e-27	6.72749337e-24
5.09277344e-02	6.50695494e-27	7.09549238e-24
5.09765625e-02	6.86289033e-27	7.48362122e-24
5.10253906e-02	7.23829566e-27	7.89298100e-24
5.10742188e-02	7.63423595e-27	8.32473308e-24
5.11230469e-02	8.05183447e-27	8.78010232e-24
5.11718750e-02	8.49227594e-27	9.26038060e-24
5.12207031e-02	8.95680991e-27	9.76693047e-24
5.12695312e-02	9.44675423e-27	1.03011890e-23
5.13183594e-02	9.96349888e-27	1.08646719e-23
5.13671875e-02	1.05085099e-26	1.14589777e-23
5.14160156e-02	1.10833334e-26	1.20857925e-23
5.14648438e-02	1.16896001e-26	1.27468946e-23
5.15136719e-02	1.23290302e-26	1.34441594e-23
5.15625000e-02	1.30034375e-26	1.41795652e-23
5.16113281e-02	1.37147354e-26	1.49551982e-23
5.16601563e-02	1.44649419e-26	1.57732590e-23
5.17089844e-02	1.52561852e-26	1.66360682e-23
5.17578125e-02	1.60907102e-26	1.75460738e-23
5.18066406e-02	1.69708843e-26	1.85058575e-23
5.18554688e-02	1.78992046e-26	1.95181420e-23
5.19042969e-02	1.88783047e-26	2.05857992e-23
5.19531250e-02	1.99109624e-26	2.17118581e-23
5.20019531e-02	2.10001072e-26	2.28995133e-23
5.20507813e-02	2.21488290e-26	2.41521341e-23
5.20996094e-02	2.33603869e-26	2.54732742e-23
5.21484375e-02	2.46382178e-26	2.68666817e-23
5.21972656e-02	2.59859471e-26	2.83363097e-23
5.22460938e-02	2.74073982e-26	2.98863274e-23
5.22949219e-02	2.89066038e-26	3.15211323e-23
5.23437500e-02	3.04878170e-26	3.32453623e-23
5.23925781e-02	3.21555238e-26	3.50639089e-23
5.24414063e-02	3.39144555e-26	3.69819314e-23
5.24902344e-02	3.57696020e-26	3.90048713e-23
5.25390625e-02	3.77262265e-26	4.11384674e-23
5.25878906e-02	3.97898798e-26	4.33887730e-23
5.26367188e-02	4.19664166e-26	4.57621719e-23
5.26855469e-02	4.42620115e-26	4.82653976e-23
5.27343750e-02	4.66831773e-26	5.09055516e-23
5.27832031e-02	4.92367826e-26	5.36901241e-23
5.28320313e-02	5.19300722e-26	5.66270148e-23
5.28808594e-02	5.47706867e-26	5.97245556e-23
5.29296875e-02	5.77666850e-26	6.29915343e-23
5.29785156e-02	6.09265667e-26	6.64372193e-23
5.30273438e-02	6.42592963e-26	7.00713858e-23
5.30761719e-02	6.77743287e-26	7.39043440e-23
5.31250000e-02	7.14816362e-26	7.79469679e-23
5.31738281e-02	7.53917361e-26	8.22107264e-23
5.32226562e-02	7.95157215e-26	8.67077158e-23
5.32714844e-02	8.38652921e-26	9.14506940e-23
5.33203125e-02	8.84527874e-26	9.64531166e-23
5.33691406e-02	9.32912223e-26	1.01729176e-22
5.34179688e-02	9.83943233e-26	1.07293839e-22
5.34667969e-02	1.03776568e-25	1.13162894e-22
5.35156250e-02	1.09453225e-25	1.19352990e-22
5.35644531e-02	1.15440400e-25	1.25881690e-22
5.36132813e-02	1.21755078e-25	1.32767514e-22
5.36621094e-02	1.28415173e-25	1.40029998e-22
5.37109375e-02	1.35439581e-25	1.47689746e-22
5.37597656e-02	1.42848229e-25	1.55768488e-22
5.38085938e-02	1.50662136e-25	1.64289143e-22
5.38574219e-02	1.58903470e-25	1.73275884e-22
5.39062500e-02	1.67595611e-25	1.82754207e-22
5.39550781e-02	1.76763218e-25	1.92751001e-22
5.40039063e-02	1.86432301e-25	2.03294628e-22
5.40527344e-02	1.96630290e-25	2.14414999e-22
5.41015625e-02	2.07386117e-25	2.26143663e-22
5.41503906e-02	2.18730296e-25	2.38513894e-22
5.41992188e-02	2.30695009e-25	2.51560786e-22
5.42480469e-02	2.43314202e-25	2.65321352e-22
5.42968750e-02	2.56623674e-25	2.79834632e-22
5.43457031e-02	2.70661185e-25	2.95141800e-22
5.43945313e-02	2.85466558e-25	3.11286281e-22
5.44433594e-02	3.01081796e-25	3.28313878e-22
5.44921875e-02	3.17551200e-25	3.46272898e-22
5.45410156e-02	3.34921493e-25	3.65214289e-22
5.45898438e-02	3.53241954e-25	3.85191789e-22
5.46386719e-02	3.72564558e-25	4.06262074e-22
5.46875000e-02	3.92944123e-25	4.28484919e-22
5.47363281e-02	4.14438466e-25	4.51923370e-22
5.47851563e-02	4.37108566e-25	4.76643923e-22
5.48339844e-02	4.61018738e-25	5.02716709e-22
5.48828125e-02	4.86236814e-25	5.30215696e-22
5.49316406e-02	5.12834338e-25	5.59218899e-22
5.49804688e-02	5.40886767e-25	5.89808599e-22
5.50292969e-02	5.70473686e-25	6.22071579e-22
5.50781250e-02	6.01679031e-25	6.56099369e-22
5.51269531e-02	6.34591333e-25	6.91988504e-22
5.51757812e-02	6.69303962e-25	7.29840803e-22
5.52246094e-02	7.05915399e-25	7.69763651e-22
5.52734375e-02	7.44529510e-25	8.11870310e-22
5.53222656e-02	7.85255841e-25	8.56280235e-22
5.53710938e-02	8.28209934e-25	9.03119416e-22
5.54199219e-02	8.73513649e-25	9.52520737e-22
5.54687500e-02	9.21295511e-25	1.00462435e-21
5.55175781e-02	9.71691078e-25	1.05957806e-21
5.55664063e-02	1.02484332e-24	1.11753779e-21
5.56152344e-02	1.08090303e-24	1.17866796e-21
5.56640625e-02	1.14002925e-24	1.24314200e-21
5.57128906e-02	1.20238972e-24	1.31114281e-21
5.57617188e-02	1.26816135e-24	1.38286332e-21
5.58105469e-02	1.33753075e-24	1.45850700e-21
5.58593750e-02	1.41069470e-24	1.53828845e-21
5.59082031e-02	1.48786077e-24	1.62243400e-21
5.59570313e-02	1.56924789e-24	1.71118238e-21
5.60058594e-02	1.65508695e-24	1.80478536e-21
5.60546875e-02	1.74562147e-24	1.90350849e-21
5.61035156e-02	1.84110829e-24	2.00763186e-21
5.61523438e-02	1.94181832e-24	2.11745085e-21
5.62011719e-02	2.04803726e-24	2.23327703e-21
5.62500000e-02	2.16006646e-24	2.35543898e-21
5.62988281e-02	2.27822374e-24	2.48428329e-21
5.63476563e-02	2.40284432e-24	2.62017548e-21
5.63964844e-02	2.53428173e-24	2.76350108e-21
5.64453125e-02	2.67290888e-24	2.91466669e-21
5.64941406e-02	2.81911903e-24	3.07410118e-21
5.65429688e-02	2.97332699e-24	3.24225686e-21
5.65917969e-02	3.13597024e-24	3.41961078e-21
5.66406250e-02	3.30751020e-24	3.60666610e-21
5.66894531e-02	3.48843353e-24	3.80395348e-21
5.67382813e-02	3.67925351e-24	4.01203264e-21
5.67871094e-02	3.88051148e-24	4.23149389e-21
5.68359375e-02	4.09277842e-24	4.46295983e-21
5.68847656e-02	4.31665652e-24	4.70708713e-21
5.69335938e-02	4.55278092e-24	4.96456839e-21
5.69824219e-02	4.80182151e-24	5.23613406e-21
5.70312500e-02	5.06448480e-24	5.52255459e-21
5.70800781e-02	5.34151598e-24	5.82464254e-21
5.71289062e-02	5.63370098e-24	6.14325493e-21
5.71777344e-02	5.94186872e-24	6.47929565e-21
5.72265625e-02	6.26689347e-24	6.83371807e-21
5.72753906e-02	6.60969732e-24	7.20752766e-21
5.73242188e-02	6.97125280e-24	7.60178491e-21
5.73730469e-02	7.35258564e-24	8.01760835e-21
5.74218750e-02	7.75477768e-24	8.45617764e-21
5.74707031e-02	8.17896994e-24	8.91873700e-21
5.75195313e-02	8.62636583e-24	9.40659872e-21
5.75683594e-02	9.09823462e-24	9.92114684e-21
5.76171875e-02	9.59591499e-24	1.04638411e-20
5.76660156e-02	1.01208189e-23	1.10362212e-20
5.77148438e-02	1.06744354e-23	1.16399109e-20
5.77636719e-02	1.12583351e-23	1.22766229e-20
5.78125000e-02	1.18741746e-23	1.29481636e-20
5.78613281e-02	1.25237010e-23	1.36564380e-20
5.79101563e-02	1.32087570e-23	1.44034556e-20
5.79589844e-02	1.39312861e-23	1.51913356e-20
5.80078125e-02	1.46933381e-23	1.60223132e-20
5.80566406e-02	1.54970749e-23	1.68987460e-20
5.81054688e-02	1.63447767e-23	1.78231203e-20
5.81542969e-02	1.72388484e-23	1.87980585e-20
5.82031250e-02	1.81818266e-23	1.98263267e-20
5.82519531e-02	1.91763864e-23	2.09108419e-20
5.83007813e-02	2.02253493e-23	2.20546809e-20
5.83496094e-02	2.13316914e-23	2.32610887e-20
5.83984375e-02	2.24985511e-23	2.45334880e-20
5.84472656e-02	2.37292390e-23	2.58754885e-20
5.84960938e-02	2.50272465e-23	2.72908975e-20
5.85449219e-02	2.63962560e-23	2.87837304e-20
5.85937500e-02	2.78401513e-23	3.03582224e-20
5.86425781e-02	2.93630288e-23	3.20188403e-20
5.86914063e-02	3.09692089e-23	3.37702953e-20
5.87402344e-02	3.26632482e-23	3.56175562e-20
5.87890625e-02	3.44499528e-23	3.75658637e-20
5.88378906e-02	3.63343915e-23	3.96207451e-20
5.88867188e-02	3.83219104e-23	4.17880300e-20
5.89355469e-02	4.04181482e-23	4.40738672e-20
5.89843750e-02	4.26290517e-23	4.64847413e-20
5.90332031e-02	4.49608933e-23	4.90274921e-20
5.90820312e-02	4.74202885e-23	5.17093333e-20
5.91308594e-02	5.00142144e-23	5.45378733e-20
5.91796875e-02	5.27500301e-23	5.75211365e-20
5.92285156e-02	5.56354970e-23	6.06675866e-20
5.92773438e-02	5.86788011e-23	6.39861498e-20
5.93261719e-02	6.18885762e-23	6.74862410e-20
5.93750000e-02	6.52739286e-23	7.11777899e-20
5.94238281e-02	6.88444622e-23	7.50712693e-20
5.94726563e-02	7.26103068e-23	7.91777250e-20
5.95214844e-02	7.65821460e-23	8.35088069e-20
5.95703125e-02	8.07712478e-23	8.80768024e-20
5.96191406e-02	8.51894966e-23	9.28946706e-20
5.96679688e-02	8.98494271e-23	9.79760800e-20
5.97167969e-02	9.47642592e-23	1.03335446e-19
5.97656250e-02	9.99479365e-23	1.08987974e-19
5.98144531e-02	1.05415165e-22	1.14949699e-19
5.98632813e-02	1.11181455e-22	1.21237536e-19
5.99121094e-02	1.17263165e-22	1.27869321e-19
5.99609375e-02	1.23677550e-22	1.34863871e-19
6.00097656e-02	1.30442806e-22	1.42241027e-19
6.00585938e-02	1.37578127e-22	1.50021720e-19
6.01074219e-02	1.45103755e-22	1.58228022e-19
6.01562500e-02	1.53041042e-22	1.66883216e-19
6.02050781e-02	1.61412503e-22	1.76011855e-19
6.02539063e-02	1.70241890e-22	1.85639838e-19
6.03027344e-02	1.79554251e-22	1.95794479e-19
6.03515625e-02	1.89376006e-22	2.06504586e-19
6.04003906e-02	1.99735018e-22	2.17800544e-19
6.04492188e-02	2.10660676e-22	2.29714400e-19
6.04980469e-02	2.22183975e-22	2.42279953e-19
6.05468750e-02	2.34337608e-22	2.55532851e-19
6.05957031e-02	2.47156054e-22	2.69510693e-19
6.06445313e-02	2.60675679e-22	2.84253134e-19
6.06933594e-02	2.74934837e-22	2.99801997e-19
6.07421875e-02	2.89973983e-22	3.16201395e-19
6.07910156e-02	3.05835781e-22	3.33497852e-19
6.08398438e-02	3.22565231e-22	3.51740439e-19
6.08886719e-02	3.40209795e-22	3.70980910e-19
6.09375000e-02	3.58819531e-22	3.91273848e-19
6.09863281e-02	3.78447233e-22	4.12676826e-19
6.10351562e-02	3.99148585e-22	4.35250564e-19
6.10839844e-02	4.20982317e-22	4.59059101e-19
6.11328125e-02	4.44010371e-22	4.84169985e-19
6.11816406e-02	4.68298077e-22	5.10654452e-19
6.12304688e-02	4.93914339e-22	5.38587640e-19
6.12792969e-02	5.20931830e-22	5.68048795e-19
6.13281250e-02	5.49427198e-22	5.99121497e-19
6.13769531e-02	5.79481285e-22	6.31893900e-19
6.14257813e-02	6.11179354e-22	6.66458979e-19
6.14746094e-02	6.44611331e-22	7.02914793e-19
6.15234375e-02	6.79872062e-22	7.41364769e-19
6.15722656e-02	7.17061582e-22	7.81917987e-19
6.16210938e-02	7.56285398e-22	8.24689497e-19
6.16699219e-02	7.97654786e-22	8.69800642e-19
6.17187500e-02	8.41287111e-22	9.17379401e-19
6.17675781e-02	8.87306158e-22	9.67560754e-19
6.18164063e-02	9.35842482e-22	1.02048707e-18
6.18652344e-02	9.87033779e-22	1.07630849e-18
6.19140625e-02	1.04102528e-21	1.13518338e-18
6.19628906e-02	1.09797016e-21	1.19727878e-18
6.20117188e-02	1.15802996e-21	1.26277084e-18
6.20605469e-02	1.22137508e-21	1.33184537e-18
6.21093750e-02	1.28818523e-21	1.40469833e-18
6.21582031e-02	1.35864995e-21	1.48153640e-18
6.22070313e-02	1.43296914e-21	1.56257757e-18
6.22558594e-02	1.51135364e-21	1.64805175e-18
6.23046875e-02	1.59402584e-21	1.73820144e-18
6.23535156e-02	1.68122027e-21	1.83328239e-18
6.24023438e-02	1.77318430e-21	1.93356433e-18
6.24511719e-02	1.87017883e-21	2.03933178e-18
6.25000000e-02	1.97247904e-21	2.15088478e-18
6.25488281e-02	2.08037515e-21	2.26853982e-18
6.25976563e-02	2.19417326e-21	2.39263068e-18
6.26464844e-02	2.31419621e-21	2.52350940e-18
6.26953125e-02	2.44078451e-21	2.66154729e-18
6.27441406e-02	2.57429728e-21	2.80713596e-18
6.27929687e-02	2.71511331e-21	2.96068844e-18
6.28417969e-02	2.86363208e-21	3.12264035e-18
6.28906250e-02	3.02027494e-21	3.29345116e-18
6.29394531e-02	3.18548628e-21	3.47360545e-18
6.29882812e-02	3.35973481e-21	3.66361432e-18
6.30371094e-02	3.54351487e-21	3.86401682e-18
6.30859375e-02	3.73734783e-21	4.07538149e-18
6.31347656e-02	3.94178361e-21	4.29830797e-18
6.31835938e-02	4.15740218e-21	4.53342869e-18
6.32324219e-02	4.38481525e-21	4.78141070e-18
6.32812500e-02	4.62466799e-21	5.04295751e-18
6.33300781e-02	4.87764086e-21	5.31881114e-18
6.33789063e-02	5.14445154e-21	5.60975416e-18
6.34277344e-02	5.42585696e-21	5.91661200e-18
6.34765625e-02	5.72265548e-21	6.24025519e-18
6.35253906e-02	6.03568910e-21	6.58160191e-18
6.35742188e-02	6.36584589e-21	6.94162055e-18
6.36230469e-02	6.71406252e-21	7.32133250e-18
6.36718750e-02	7.08132686e-21	7.72181497e-18
6.37207031e-02	7.46868085e-21	8.14420414e-18
6.37695312e-02	7.87722339e-21	8.58969832e-18
6.38183594e-02	8.30811352e-21	9.05956137e-18
6.38671875e-02	8.76257366e-21	9.55512629e-18
6.39160156e-02	9.24189313e-21	1.00777990e-17
6.39648438e-02	9.74743173e-21	1.06290623e-17
6.40136719e-02	1.02806237e-20	1.12104801e-17
6.40625000e-02	1.08429816e-20	1.18237019e-17
6.41113281e-02	1.14361010e-20	1.24704674e-17
6.41601563e-02	1.20616645e-20	1.31526115e-17
6.42089844e-02	1.27214467e-20	1.38720694e-17
6.42578125e-02	1.34173196e-20	1.46308822e-17
6.43066406e-02	1.41512572e-20	1.54312026e-17
6.43554688e-02	1.49253417e-20	1.62753012e-17
6.44042969e-02	1.57417693e-20	1.71655726e-17
6.44531250e-02	1.66028561e-20	1.81045425e-17
6.45019531e-02	1.75110450e-20	1.90948748e-17
6.45507813e-02	1.84689125e-20	2.01393790e-17
6.45996094e-02	1.94791761e-20	2.12410184e-17
6.46484375e-02	2.05447019e-20	2.24029183e-17
6.46972656e-02	2.16685128e-20	2.36283750e-17
6.47460937e-02	2.28537970e-20	2.49208652e-17
6.47949219e-02	2.41039171e-20	2.62840555e-17
6.48437500e-02	2.54224198e-20	2.77218134e-17
6.48925781e-02	2.68130455e-20	2.92382177e-17
6.49414062e-02	2.82797396e-20	3.08375706e-17
6.49902344e-02	2.98266629e-20	3.25244092e-17
6.50390625e-02	3.14582041e-20	3.43035192e-17
6.50878906e-02	3.31789919e-20	3.61799479e-17
6.51367188e-02	3.49939081e-20	3.81590186e-17
6.51855469e-02	3.69081016e-20	4.02463461e-17
6.52343750e-02	3.89270029e-20	4.24478519e-17
6.52832031e-02	4.10563396e-20	4.47697818e-17
6.53320313e-02	4.33021528e-20	4.72187230e-17
6.53808594e-02	4.56708136e-20	4.98016232e-17
6.54296875e-02	4.81690419e-20	5.25258100e-17
6.54785156e-02	5.08039252e-20	5.53990119e-17
6.55273438e-02	5.35809168e-20	5.83465616e-17
6.55761719e-02	5.65058744e-20	6.14597015e-17
6.56250000e-02	5.95870991e-20	6.47472634e-17
6.56738281e-02	6.28333354e-20	6.82185741e-17
6.57226562e-02	6.62537957e-20	7.18834814e-17
6.57714844e-02	6.98581869e-20	7.57523827e-17
6.58203125e-02	7.36567376e-20	7.98362538e-17
6.58691406e-02	7.76602272e-20	8.41466805e-17
6.59179688e-02	8.18800166e-20	8.86958914e-17
6.59667969e-02	8.63280802e-20	9.34967925e-17
6.60156250e-02	9.10170400e-20	9.85630037e-17
6.60644531e-02	9.59602017e-20	1.03908898e-16
6.61132813e-02	1.01171592e-19	1.09549641e-16
6.61621094e-02	1.06665998e-19	1.15501236e-16
6.62109375e-02	1.12459011e-19	1.21780566e-16
6.62597656e-02	1.18567068e-19	1.28405448e-16
6.63085938e-02	1.25007500e-19	1.35394674e-16
6.63574219e-02	1.31798583e-19	1.42768074e-16
6.64062500e-02	1.38959585e-19	1.50546565e-16
6.64550781e-02	1.46510825e-19	1.58752215e-16
6.65039063e-02	1.54473728e-19	1.67408303e-16
6.65527344e-02	1.62868898e-19	1.76457844e-16
6.66015625e-02	1.71718164e-19	1.86008114e-16
6.66503906e-02	1.81046639e-19	1.96086206e-16
6.66992187e-02	1.90880792e-19	2.06720711e-16
6.67480469e-02	2.01248529e-19	2.17941800e-16
6.67968750e-02	2.12179269e-19	2.29781306e-16
6.68457031e-02	2.23704028e-19	2.42272817e-16
6.68945312e-02	2.35855507e-19	2.55451772e-16
6.69433594e-02	2.48668186e-19	2.69355560e-16
6.69921875e-02	2.62178420e-19	2.84023623e-16
6.70410156e-02	2.76422567e-19	2.99416629e-16
6.70898438e-02	2.91439068e-19	3.15659253e-16
6.71386719e-02	3.07270533e-19	3.32797575e-16
6.71875000e-02	3.23961886e-19	3.50880216e-16
6.72363281e-02	3.41560487e-19	3.69958476e-16
6.72851563e-02	3.60116272e-19	3.90086479e-16
6.73339844e-02	3.79679924e-19	4.11240734e-16
6.73828125e-02	4.00304989e-19	4.33561906e-16
6.74316406e-02	4.22049989e-19	4.57113323e-16
6.74804688e-02	4.44976628e-19	4.81961797e-16
6.75292969e-02	4.69149959e-19	5.08177824e-16
6.75781250e-02	4.94636611e-19	5.35755473e-16
6.76269531e-02	5.21506944e-19	5.64853344e-16
6.76757812e-02	5.49837201e-19	5.95553987e-16
6.77246094e-02	5.79705813e-19	6.27864369e-16
6.77734375e-02	6.11195577e-19	6.61956340e-16
6.78222656e-02	6.44395844e-19	6.97926620e-16
6.78710938e-02	6.79400822e-19	7.35877254e-16
6.79199219e-02	7.16307884e-19	7.75836009e-16
6.79687500e-02	7.55219803e-19	8.17996203e-16
6.80175781e-02	7.96245044e-19	8.62397659e-16
6.80664063e-02	8.39498067e-19	9.09246184e-16
6.81152344e-02	8.85101604e-19	9.58674688e-16
6.81640625e-02	9.33183110e-19	1.01074378e-15
6.82128906e-02	9.83877071e-19	1.06568086e-15
6.82617188e-02	1.03732539e-18	1.12356227e-15
6.83105469e-02	1.09367778e-18	1.18463179e-15
6.83593750e-02	1.15309221e-18	1.24898327e-15
6.84082031e-02	1.21573339e-18	1.31679939e-15
6.84570313e-02	1.28177713e-18	1.38835194e-15
6.85058594e-02	1.35140888e-18	1.46376469e-15
6.85546875e-02	1.42482237e-18	1.54325170e-15
6.86035156e-02	1.50222396e-18	1.62711768e-15
6.86523437e-02	1.58383136e-18	1.71552152e-15
6.87011719e-02	1.66987227e-18	1.80871412e-15
6.87500000e-02	1.76058697e-18	1.90695998e-15
6.87988281e-02	1.85622901e-18	2.01053795e-15
6.88476562e-02	1.95706592e-18	2.11974196e-15
6.88964844e-02	2.06337998e-18	2.23488196e-15
6.89453125e-02	2.17546901e-18	2.35628469e-15
6.89941406e-02	2.29364722e-18	2.48429469e-15
6.90429688e-02	2.41824610e-18	2.61927523e-15
6.90917969e-02	2.54961535e-18	2.76160936e-15
6.91406250e-02	2.68812199e-18	2.91162249e-15
6.91894531e-02	2.83415327e-18	3.06981887e-15
6.92382813e-02	2.98811973e-18	3.23664740e-15
6.92871094e-02	3.15045251e-18	3.41250316e-15
6.93359375e-02	3.32160457e-18	3.59788528e-15
6.93847656e-02	3.50205582e-18	3.79339810e-15
6.94335938e-02	3.69231257e-18	3.99951825e-15
6.94824219e-02	3.89290703e-18	4.21683070e-15
6.95312500e-02	4.10440266e-18	4.44603024e-15
6.95800781e-02	4.32739385e-18	4.68768920e-15
6.96289062e-02	4.56250573e-18	4.94249339e-15
6.96777344e-02	4.81039591e-18	5.21108803e-15
6.97265625e-02	5.07175824e-18	5.49431325e-15
6.97753906e-02	5.34732485e-18	5.79289501e-15
6.98242188e-02	5.63786625e-18	6.10768071e-15
6.98730469e-02	5.94419546e-18	6.43956370e-15
6.99218750e-02	6.26717030e-18	6.78948587e-15
6.99707031e-02	6.60769584e-18	7.15844025e-15
7.00195313e-02	6.96672695e-18	7.54747388e-15
7.00683594e-02	7.34526912e-18	7.95761332e-15
7.01171875e-02	7.74438132e-18	8.39002256e-15
7.01660156e-02	8.16518091e-18	8.84592876e-15
7.02148438e-02	8.60884679e-18	9.32662574e-15
7.02636719e-02	9.07662276e-18	9.83347767e-15
7.03125000e-02	9.56981913e-18	1.03678457e-14
7.03613281e-02	1.00898165e-17	1.09312464e-14
7.04101563e-02	1.06380715e-17	1.15252786e-14
7.04589844e-02	1.12161191e-17	1.21515512e-14
7.05078125e-02	1.18255788e-17	1.28119183e-14
7.05566406e-02	1.24681593e-17	1.35081772e-14
7.06054687e-02	1.31456612e-17	1.42423036e-14
7.06542969e-02	1.38599827e-17	1.50163042e-14
7.07031250e-02	1.46131243e-17	1.58323755e-14
7.07519531e-02	1.54071968e-17	1.66928334e-14
7.08007812e-02	1.62444252e-17	1.76000431e-14
7.08496094e-02	1.71271534e-17	1.85565026e-14
7.08984375e-02	1.80578523e-17	1.95649263e-14
7.09472656e-02	1.90391292e-17	2.06281760e-14
7.09960938e-02	2.00737330e-17	2.17491926e-14
7.10449219e-02	2.11645637e-17	2.29312339e-14
7.10937500e-02	2.23146793e-17	2.41775016e-14
7.11425781e-02	2.35273003e-17	2.54914562e-14
7.11914063e-02	2.48058229e-17	2.68768266e-14
7.12402344e-02	2.61538281e-17	2.83374681e-14
7.12890625e-02	2.75750926e-17	2.98775259e-14
7.13378906e-02	2.90736008e-17	3.15013705e-14
7.13867188e-02	3.06535527e-17	3.32134580e-14
7.14355469e-02	3.23193737e-17	3.50185711e-14
7.14843750e-02	3.40757294e-17	3.69217567e-14
7.15332031e-02	3.59275384e-17	3.89283399e-14
7.15820312e-02	3.78799903e-17	4.10440911e-14
7.16308594e-02	3.99385567e-17	4.32747870e-14
7.16796875e-02	4.21090045e-17	4.56267582e-14
7.17285156e-02	4.43974148e-17	4.81065278e-14
7.17773438e-02	4.68101995e-17	5.07211333e-14
7.18261719e-02	4.93541199e-17	5.34778434e-14
7.18750000e-02	5.20363018e-17	5.63843302e-14
7.19238281e-02	5.48642601e-17	5.94488419e-14
7.19726563e-02	5.78459195e-17	6.26799246e-14
7.20214844e-02	6.09896334e-17	6.60865968e-14
7.20703125e-02	6.43042116e-17	6.96785261e-14
7.21191406e-02	6.77989413e-17	7.34656051e-14
7.21679688e-02	7.14836139e-17	7.74585808e-14
7.22167969e-02	7.53685538e-17	8.16685595e-14
7.22656250e-02	7.94646469e-17	8.61074132e-14
7.23144531e-02	8.37833707e-17	9.07875138e-14
7.23632813e-02	8.83368273e-17	9.57220676e-14
7.24121094e-02	9.31377757e-17	1.00924778e-13
7.24609375e-02	9.81996681e-17	1.06410336e-13
7.25097656e-02	1.03536690e-16	1.12194083e-13
7.25585937e-02	1.09163797e-16	1.18292208e-13
7.26074219e-02	1.15096758e-16	1.24721868e-13
7.26562500e-02	1.21352199e-16	1.31501009e-13
7.27050781e-02	1.27947648e-16	1.38648573e-13
7.27539062e-02	1.34901585e-16	1.46184692e-13
7.28027344e-02	1.42233499e-16	1.54130531e-13
7.28515625e-02	1.49963939e-16	1.62508265e-13
7.29003906e-02	1.58114565e-16	1.71341371e-13
7.29492188e-02	1.66708219e-16	1.80654694e-13
7.29980469e-02	1.75768985e-16	1.90474291e-13
7.30468750e-02	1.85322255e-16	2.00827657e-13
7.30957031e-02	1.95394800e-16	2.11743802e-13
7.31445313e-02	2.06014850e-16	2.23253408e-13
7.31933594e-02	2.17212165e-16	2.35388618e-13
7.32421875e-02	2.29018125e-16	2.48183500e-13
7.32910156e-02	2.41465817e-16	2.61673992e-13
7.33398438e-02	2.54590128e-16	2.75897787e-13
7.33886719e-02	2.68427838e-16	2.90894806e-13
7.34375000e-02	2.83017730e-16	3.06707164e-13
7.34863281e-02	2.98400695e-16	3.23379069e-13
7.35351562e-02	3.14619845e-16	3.40957318e-13
7.35839844e-02	3.31720637e-16	3.59491129e-13
7.36328125e-02	3.49750999e-16	3.79032510e-13
7.36816406e-02	3.68761465e-16	3.99636179e-13
7.37304688e-02	3.88805316e-16	4.21359942e-13
7.37792969e-02	4.09938730e-16	4.44264714e-13
7.38281250e-02	4.32220940e-16	4.68414610e-13
7.38769531e-02	4.55714397e-16	4.93877357e-13
7.39257813e-02	4.80484947e-16	5.20724405e-13
7.39746094e-02	5.06602021e-16	5.49030915e-13
7.40234375e-02	5.34138817e-16	5.78876262e-13
7.40722656e-02	5.63172519e-16	6.10344190e-13
7.41210938e-02	5.93784507e-16	6.43522827e-13
7.41699219e-02	6.26060583e-16	6.78505230e-13
7.42187500e-02	6.60091214e-16	7.15389430e-13
7.42675781e-02	6.95971787e-16	7.54278856e-13
7.43164063e-02	7.33802877e-16	7.95282553e-13
7.43652344e-02	7.73690522e-16	8.38515423e-13
7.44140625e-02	8.15746531e-16	8.84098694e-13
7.44628906e-02	8.60088787e-16	9.32160120e-13
7.45117187e-02	9.06841587e-16	9.82834559e-13
7.45605469e-02	9.56135986e-16	1.03626400e-12
7.46093750e-02	1.00811016e-15	1.09259816e-12
7.46582031e-02	1.06290980e-15	1.15199504e-12
7.47070312e-02	1.12068852e-15	1.21462121e-12
7.47558594e-02	1.18160827e-15	1.28065215e-12
7.48046875e-02	1.24583985e-15	1.35027300e-12
7.48535156e-02	1.31356328e-15	1.42367900e-12
7.49023438e-02	1.38496843e-15	1.50107594e-12
7.49511719e-02	1.46025546e-15	1.58268083e-12
7.50000000e-02	1.53963543e-15	1.66872244e-12
7.50488281e-02	1.62333085e-15	1.75944204e-12
7.50976563e-02	1.71157636e-15	1.85509397e-12
7.51464844e-02	1.80461934e-15	1.95594643e-12
7.51953125e-02	1.90272062e-15	2.06228213e-12
7.52441406e-02	2.00615522e-15	2.17439924e-12
7.52929688e-02	2.11521312e-15	2.29261211e-12
7.53417969e-02	2.23020004e-15	2.41725222e-12
7.53906250e-02	2.35143835e-15	2.54866897e-12
7.54394531e-02	2.47926794e-15	2.68723091e-12
7.54882813e-02	2.61404717e-15	2.83332656e-12
7.55371094e-02	2.75615391e-15	2.98736549e-12
7.55859375e-02	2.90598656e-15	3.14977965e-12
7.56347656e-02	3.06396517e-15	3.32102449e-12
7.56835938e-02	3.23053267e-15	3.50158017e-12
7.57324219e-02	3.40615603e-15	3.69195288e-12
7.57812500e-02	3.59132765e-15	3.89267650e-12
7.58300781e-02	3.78656667e-15	4.10431383e-12
7.58789063e-02	3.99242049e-15	4.32745838e-12
7.59277344e-02	4.20946624e-15	4.56273581e-12
7.59765625e-02	4.43831247e-15	4.81080584e-12
7.60253906e-02	4.67960080e-15	5.07236410e-12
7.60742188e-02	4.93400774e-15	5.34814405e-12
7.61230469e-02	5.20224659e-15	5.63891911e-12
7.61718750e-02	5.48506943e-15	5.94550451e-12
7.62207031e-02	5.78326925e-15	6.26876010e-12
7.62695313e-02	6.09768215e-15	6.60959231e-12
7.63183594e-02	6.42918970e-15	6.96895691e-12
7.63671875e-02	6.77872140e-15	7.34786168e-12
7.64160156e-02	7.14725731e-15	7.74736914e-12
7.64648438e-02	7.53583077e-15	8.16859967e-12
7.65136719e-02	7.94553131e-15	8.61273457e-12
7.65625000e-02	8.37750772e-15	9.08101916e-12
7.66113281e-02	8.83297125e-15	9.57476690e-12
7.66601562e-02	9.31319901e-15	1.00953623e-11
7.67089844e-02	9.81953758e-15	1.06442655e-11
7.67578125e-02	1.03534068e-14	1.12230157e-11
7.68066406e-02	1.09163035e-14	1.18332360e-11
7.68554688e-02	1.15098063e-14	1.24766378e-11
7.69042969e-02	1.21355793e-14	1.31550253e-11
7.69531250e-02	1.27953773e-14	1.38703013e-11
7.70019531e-02	1.34910505e-14	1.46244717e-11
7.70507813e-02	1.42245496e-14	1.54196516e-11
7.70996094e-02	1.49979315e-14	1.62580711e-11
7.71484375e-02	1.58133649e-14	1.71420817e-11
7.71972656e-02	1.66731365e-14	1.80741626e-11
7.72460938e-02	1.75796573e-14	1.90569280e-11
7.72949219e-02	1.85354693e-14	2.00931342e-11
7.73437500e-02	1.95432531e-14	2.11856874e-11
7.73925781e-02	2.06058346e-14	2.23376518e-11
7.74414063e-02	2.17261937e-14	2.35522585e-11
7.74902344e-02	2.29074724e-14	2.48329139e-11
7.75390625e-02	2.41529832e-14	2.61832100e-11
7.75878906e-02	2.54662191e-14	2.76069341e-11
7.76367188e-02	2.68508630e-14	2.91080793e-11
7.76855469e-02	2.83107980e-14	3.06908562e-11
7.77343750e-02	2.98501183e-14	3.23597040e-11
7.77832031e-02	3.14731409e-14	3.41193036e-11
7.78320313e-02	3.31844176e-14	3.59745905e-11
7.78808594e-02	3.49887477e-14	3.79307684e-11
7.79296875e-02	3.68911914e-14	3.99933243e-11
7.79785156e-02	3.88970841e-14	4.21680435e-11
7.80273438e-02	4.10120516e-14	4.44610258e-11
7.80761719e-02	4.32420255e-14	4.68787030e-11
7.81250000e-02	4.55932599e-14	4.94278567e-11
7.81738281e-02	4.80723491e-14	5.21156371e-11
7.82226563e-02	5.06862461e-14	5.49495836e-11
7.82714844e-02	5.34422819e-14	5.79376452e-11
7.83203125e-02	5.63481864e-14	6.10882039e-11
7.83691406e-02	5.94121098e-14	6.44100970e-11
7.84179688e-02	6.26426454e-14	6.79126427e-11
7.84667969e-02	6.60488541e-14	7.16056662e-11
7.85156250e-02	6.96402895e-14	7.54995267e-11
7.85644531e-02	7.34270247e-14	7.96051471e-11
7.86132812e-02	7.74196808e-14	8.39340443e-11
7.86621094e-02	8.16294563e-14	8.84983617e-11
7.87109375e-02	8.60681590e-14	9.33109030e-11
7.87597656e-02	9.07482389e-14	9.83851686e-11
7.88085938e-02	9.56828229e-14	1.03735393e-10
7.88574219e-02	1.00885752e-13	1.09376585e-10
7.89062500e-02	1.06371620e-13	1.15324569e-10
7.89550781e-02	1.12155814e-13	1.21596031e-10
7.90039063e-02	1.18254559e-13	1.28208566e-10
7.90527344e-02	1.24684962e-13	1.35180722e-10
7.91015625e-02	1.31465059e-13	1.42532060e-10
7.91503906e-02	1.38613869e-13	1.50283203e-10
7.91992188e-02	1.46151445e-13	1.58455896e-10
7.92480469e-02	1.54098929e-13	1.67073065e-10
7.92968750e-02	1.62478616e-13	1.76158887e-10
7.93457031e-02	1.71314010e-13	1.85738851e-10
7.93945313e-02	1.80629896e-13	1.95839833e-10
7.94433594e-02	1.90452406e-13	2.06490172e-10
7.94921875e-02	2.00809093e-13	2.17719746e-10
7.95410156e-02	2.11729010e-13	2.29560061e-10
7.95898438e-02	2.23242789e-13	2.42044335e-10
7.96386719e-02	2.35382729e-13	2.55207593e-10
7.96875000e-02	2.48182884e-13	2.69086766e-10
7.97363281e-02	2.61679162e-13	2.83720792e-10
7.97851563e-02	2.75909424e-13	2.99150731e-10
7.98339844e-02	2.90913589e-13	3.15419871e-10
7.98828125e-02	3.06733749e-13	3.32573860e-10
7.99316406e-02	3.23414283e-13	3.50660824e-10
7.99804688e-02	3.41001987e-13	3.69731510e-10
8.00292969e-02	3.59546199e-13	3.89839426e-10
8.00781250e-02	3.79098943e-13	4.11040987e-10
8.01269531e-02	3.99715073e-13	4.33395681e-10
8.01757813e-02	4.21452424e-13	4.56966229e-10
8.02246094e-02	4.44371980e-13	4.81818764e-10
8.02734375e-02	4.68538039e-13	5.08023018e-10
8.03222656e-02	4.94018399e-13	5.35652515e-10
8.03710938e-02	5.20884543e-13	5.64784779e-10
8.04199219e-02	5.49211846e-13	5.95501550e-10
8.04687500e-02	5.79079780e-13	6.27889016e-10
8.05175781e-02	6.10572140e-13	6.62038052e-10
8.05664062e-02	6.43777280e-13	6.98044477e-10
8.06152344e-02	6.78788359e-13	7.36009321e-10
8.06640625e-02	7.15703604e-13	7.76039113e-10
8.07128906e-02	7.54626585e-13	8.18246174e-10
8.07617188e-02	7.95666504e-13	8.62748936e-10
8.08105469e-02	8.38938507e-13	9.09672273e-10
8.08593750e-02	8.84563998e-13	9.59147853e-10
8.09082031e-02	9.32670989e-13	1.01131451e-09
8.09570313e-02	9.83394454e-13	1.06631861e-09
8.10058594e-02	1.03687671e-12	1.12431452e-09
8.10546875e-02	1.09326781e-12	1.18546497e-09
8.11035156e-02	1.15272598e-12	1.24994155e-09
8.11523438e-02	1.21541804e-12	1.31792520e-09
8.12011719e-02	1.28151989e-12	1.38960668e-09
8.12500000e-02	1.35121700e-12	1.46518715e-09
8.12988281e-02	1.42470494e-12	1.54487870e-09
8.13476563e-02	1.50218989e-12	1.62890495e-09
8.13964844e-02	1.58388927e-12	1.71750171e-09
8.14453125e-02	1.67003232e-12	1.81091759e-09
8.14941406e-02	1.76086075e-12	1.90941474e-09
8.15429688e-02	1.85662941e-12	2.01326957e-09
8.15917969e-02	1.95760702e-12	2.12277353e-09
8.16406250e-02	2.06407693e-12	2.23823391e-09
8.16894531e-02	2.17633788e-12	2.35997474e-09
8.17382813e-02	2.29470489e-12	2.48833765e-09
8.17871094e-02	2.41951007e-12	2.62368289e-09
8.18359375e-02	2.55110366e-12	2.76639028e-09
8.18847656e-02	2.68985489e-12	2.91686031e-09
8.19335938e-02	2.83615313e-12	3.07551526e-09
8.19824219e-02	2.99040888e-12	3.24280038e-09
8.20312500e-02	3.15305501e-12	3.41918515e-09
8.20800781e-02	3.32454792e-12	3.60516459e-09
8.21289063e-02	3.50536885e-12	3.80126063e-09
8.21777344e-02	3.69602521e-12	4.00802363e-09
8.22265625e-02	3.89705200e-12	4.22603385e-09
8.22753906e-02	4.10901335e-12	4.45590316e-09
8.23242188e-02	4.33250407e-12	4.69827670e-09
8.23730469e-02	4.56815132e-12	4.95383469e-09
8.24218750e-02	4.81661639e-12	5.22329437e-09
8.24707031e-02	5.07859652e-12	5.50741203e-09
8.25195312e-02	5.35482692e-12	5.80698505e-09
8.25683594e-02	5.64608276e-12	6.12285424e-09
8.26171875e-02	5.95318140e-12	6.45590612e-09
8.26660156e-02	6.27698467e-12	6.80707546e-09
8.27148438e-02	6.61840125e-12	7.17734787e-09
8.27636719e-02	6.97838930e-12	7.56776261e-09
8.28125000e-02	7.35795908e-12	7.97941545e-09
8.28613281e-02	7.75817581e-12	8.41346179e-09
8.29101563e-02	8.18016266e-12	8.87111990e-09
8.29589844e-02	8.62510393e-12	9.35367430e-09
8.30078125e-02	9.09424831e-12	9.86247943e-09
8.30566406e-02	9.58891244e-12	1.03989634e-08
8.31054688e-02	1.01104846e-11	1.09646320e-08
8.31542969e-02	1.06604286e-11	1.15610730e-08
8.32031250e-02	1.12402878e-11	1.21899606e-08
8.32519531e-02	1.18516896e-11	1.28530598e-08
8.33007813e-02	1.24963501e-11	1.35522320e-08
8.33496094e-02	1.31760784e-11	1.42894396e-08
8.33984375e-02	1.38927823e-11	1.50667520e-08
8.34472656e-02	1.46484733e-11	1.58863511e-08
8.34960938e-02	1.54452723e-11	1.67505373e-08
8.35449219e-02	1.62854157e-11	1.76617364e-08
8.35937500e-02	1.71712615e-11	1.86225062e-08
8.36425781e-02	1.81052959e-11	1.96355436e-08
8.36914063e-02	1.90901405e-11	2.07036921e-08
8.37402344e-02	2.01285595e-11	2.18299501e-08
8.37890625e-02	2.12234675e-11	2.30174790e-08
8.38378906e-02	2.23779375e-11	2.42696124e-08
8.38867188e-02	2.35952099e-11	2.55898651e-08
8.39355469e-02	2.48787013e-11	2.69819432e-08
8.39843750e-02	2.62320142e-11	2.84497543e-08
8.40332031e-02	2.76589472e-11	2.99974189e-08
8.40820313e-02	2.91635053e-11	3.16292815e-08
8.41308594e-02	3.07499116e-11	3.33499229e-08
8.41796875e-02	3.24226191e-11	3.51641735e-08
8.42285156e-02	3.41863227e-11	3.70771261e-08
8.42773438e-02	3.60459730e-11	3.90941508e-08
8.43261719e-02	3.80067899e-11	4.12209098e-08
8.43750000e-02	4.00742773e-11	4.34633736e-08
8.44238281e-02	4.22542385e-11	4.58278374e-08
8.44726562e-02	4.45527926e-11	4.83209388e-08
8.45214844e-02	4.69763916e-11	5.09496768e-08
8.45703125e-02	4.95318386e-11	5.37214310e-08
8.46191406e-02	5.22263067e-11	5.66439828e-08
8.46679688e-02	5.50673594e-11	5.97255367e-08
8.47167969e-02	5.80629717e-11	6.29747439e-08
8.47656250e-02	6.12215525e-11	6.64007260e-08
8.48144531e-02	6.45519682e-11	7.00131012e-08
8.48632813e-02	6.80635677e-11	7.38220110e-08
8.49121094e-02	7.17662083e-11	7.78381486e-08
8.49609375e-02	7.56702839e-11	8.20727891e-08
8.50097656e-02	7.97867539e-11	8.65378212e-08
8.50585938e-02	8.41271738e-11	9.12457803e-08
8.51074219e-02	8.87037281e-11	9.62098841e-08
8.51562500e-02	9.35292641e-11	1.01444069e-07
8.52050781e-02	9.86173281e-11	1.06963031e-07
8.52539063e-02	1.03982203e-10	1.12782264e-07
8.53027344e-02	1.09638951e-10	1.18918107e-07
8.53515625e-02	1.15603450e-10	1.25387786e-07
8.54003906e-02	1.21892446e-10	1.32209465e-07
8.54492188e-02	1.28523592e-10	1.39402297e-07
8.54980469e-02	1.35515505e-10	1.46986476e-07
8.55468750e-02	1.42887814e-10	1.54983298e-07
8.55957031e-02	1.50661216e-10	1.63415213e-07
8.56445313e-02	1.58857532e-10	1.72305896e-07
8.56933594e-02	1.67499773e-10	1.81680310e-07
8.57421875e-02	1.76612202e-10	1.91564775e-07
8.57910156e-02	1.86220401e-10	2.01987043e-07
8.58398438e-02	1.96351343e-10	2.12976379e-07
8.58886719e-02	2.07033473e-10	2.24563637e-07
8.59375000e-02	2.18296778e-10	2.36781351e-07
8.59863281e-02	2.30172881e-10	2.49663827e-07
8.60351563e-02	2.42695124e-10	2.63247236e-07
8.60839844e-02	2.55898663e-10	2.77569718e-07
8.61328125e-02	2.69820567e-10	2.92671488e-07
8.61816406e-02	2.84499924e-10	3.08594950e-07
8.62304688e-02	2.99977945e-10	3.25384814e-07
8.62792969e-02	3.16298088e-10	3.43088225e-07
8.63281250e-02	3.33506172e-10	3.61754893e-07
8.63769531e-02	3.51650511e-10	3.81437230e-07
8.64257812e-02	3.70782047e-10	4.02190506e-07
8.64746094e-02	3.90954496e-10	4.24072992e-07
8.65234375e-02	4.12224494e-10	4.47146136e-07
8.65722656e-02	4.34651761e-10	4.71474725e-07
8.66210938e-02	4.58299266e-10	4.97127075e-07
8.66699219e-02	4.83233404e-10	5.24175217e-07
8.67187500e-02	5.09524183e-10	5.52695103e-07
8.67675781e-02	5.37245422e-10	5.82766819e-07
8.68164063e-02	5.66474954e-10	6.14474808e-07
8.68652344e-02	5.97294849e-10	6.47908108e-07
8.69140625e-02	6.29791644e-10	6.83160603e-07
8.69628906e-02	6.64056582e-10	7.20331286e-07
8.70117188e-02	7.00185875e-10	7.59524536e-07
8.70605469e-02	7.38280966e-10	8.00850414e-07
8.71093750e-02	7.78448822e-10	8.44424969e-07
8.71582031e-02	8.20802229e-10	8.90370566e-07
8.72070313e-02	8.65460110e-10	9.38816228e-07
8.72558594e-02	9.12547860e-10	9.89898001e-07
8.73046875e-02	9.62197697e-10	1.04375933e-06
8.73535156e-02	1.01454904e-09	1.10055148e-06
8.74023438e-02	1.06974887e-09	1.16043393e-06
8.74511719e-02	1.12795221e-09	1.22357484e-06
8.75000000e-02	1.18932249e-09	1.29015154e-06
8.75488281e-02	1.25403202e-09	1.36035099e-06
8.75976563e-02	1.32226252e-09	1.43437033e-06
8.76464844e-02	1.39420558e-09	1.51241743e-06
8.76953125e-02	1.47006322e-09	1.59471148e-06
8.77441406e-02	1.55004845e-09	1.68148359e-06
8.77929688e-02	1.63438588e-09	1.77297744e-06
8.78417969e-02	1.72331233e-09	1.86944999e-06
8.78906250e-02	1.81707752e-09	1.97117216e-06
8.79394531e-02	1.91594475e-09	2.07842964e-06
8.79882813e-02	2.02019166e-09	2.19152365e-06
8.80371094e-02	2.13011098e-09	2.31077181e-06
8.80859375e-02	2.24601139e-09	2.43650903e-06
8.81347656e-02	2.36821836e-09	2.56908843e-06
8.81835938e-02	2.49707507e-09	2.70888237e-06
8.82324219e-02	2.63294338e-09	2.85628345e-06
8.82812500e-02	2.77620483e-09	3.01170565e-06
8.83300781e-02	2.92726174e-09	3.17558549e-06
8.83789062e-02	3.08653832e-09	3.34838323e-06
8.84277344e-02	3.25448186e-09	3.53058418e-06
8.84765625e-02	3.43156400e-09	3.72270007e-06
8.85253906e-02	3.61828203e-09	3.92527048e-06
8.85742188e-02	3.81516032e-09	4.13886434e-06
8.86230469e-02	4.02275177e-09	4.36408157e-06
8.86718750e-02	4.24163938e-09	4.60155472e-06
8.87207031e-02	4.47243785e-09	4.85195078e-06
8.87695313e-02	4.71579537e-09	5.11597301e-06
8.88183594e-02	4.97239537e-09	5.39436298e-06
8.88671875e-02	5.24295849e-09	5.68790261e-06
8.89160156e-02	5.52824460e-09	5.99741636e-06
8.89648438e-02	5.82905490e-09	6.32377357e-06
8.90136719e-02	6.14623421e-09	6.66789091e-06
8.90625000e-02	6.48067332e-09	7.03073491e-06
8.91113281e-02	6.83331149e-09	7.41332473e-06
8.91601563e-02	7.20513912e-09	7.81673498e-06
8.92089844e-02	7.59720049e-09	8.24209876e-06
8.92578125e-02	8.01059672e-09	8.69061085e-06
8.93066406e-02	8.44648886e-09	9.16353103e-06
8.93554688e-02	8.90610113e-09	9.66218769e-06
8.94042969e-02	9.39072440e-09	1.01879815e-05
8.94531250e-02	9.90171978e-09	1.07423893e-05
8.95019531e-02	1.04405225e-08	1.13269684e-05
8.95507813e-02	1.10086457e-08	1.19433608e-05
8.95996094e-02	1.16076852e-08	1.25932980e-05
8.96484375e-02	1.22393235e-08	1.32786055e-05
8.96972656e-02	1.29053346e-08	1.40012084e-05
8.97460938e-02	1.36075891e-08	1.47631364e-05
8.97949219e-02	1.43480595e-08	1.55665298e-05
8.98437500e-02	1.51288255e-08	1.64136453e-05
8.98925781e-02	1.59520800e-08	1.73068625e-05
8.99414063e-02	1.68201355e-08	1.82486904e-05
8.99902344e-02	1.77354301e-08	1.92417747e-05
9.00390625e-02	1.87005346e-08	2.02889051e-05
9.00878906e-02	1.97181598e-08	2.13930229e-05
9.01367188e-02	2.07911640e-08	2.25572298e-05
9.01855469e-02	2.19225611e-08	2.37847961e-05
9.02343750e-02	2.31155290e-08	2.50791702e-05
9.02832031e-02	2.43734186e-08	2.64439882e-05
9.03320312e-02	2.56997632e-08	2.78830840e-05
9.03808594e-02	2.70982882e-08	2.94005004e-05
9.04296875e-02	2.85729220e-08	3.10004999e-05
9.04785156e-02	3.01278067e-08	3.26875773e-05
9.05273438e-02	3.17673098e-08	3.44664720e-05
9.05761719e-02	3.34960367e-08	3.63421813e-05
9.06250000e-02	3.53188433e-08	3.83199743e-05
9.06738281e-02	3.72408497e-08	4.04054074e-05
9.07226563e-02	3.92674548e-08	4.26043390e-05
9.07714844e-02	4.14043514e-08	4.49229464e-05
9.08203125e-02	4.36575421e-08	4.73677434e-05
9.08691406e-02	4.60333561e-08	4.99455982e-05
9.09179688e-02	4.85384672e-08	5.26637527e-05
9.09667969e-02	5.11799124e-08	5.55298431e-05
9.10156250e-02	5.39651117e-08	5.85519214e-05
9.10644531e-02	5.69018890e-08	6.17384776e-05
9.11132813e-02	5.99984941e-08	6.50984640e-05
9.11621094e-02	6.32636255e-08	6.86413200e-05
9.12109375e-02	6.67064556e-08	7.23769991e-05
9.12597656e-02	7.03366556e-08	7.63159962e-05
9.13085938e-02	7.41644236e-08	8.04693778e-05
9.13574219e-02	7.82005122e-08	8.48488126e-05
9.14062500e-02	8.24562597e-08	8.94666044e-05
9.14550781e-02	8.69436213e-08	9.43357269e-05
9.15039063e-02	9.16752030e-08	9.94698597e-05
9.15527344e-02	9.66642969e-08	1.04883427e-04
9.16015625e-02	1.01924919e-07	1.10591639e-04
9.16503906e-02	1.07471847e-07	1.16610533e-04
9.16992188e-02	1.13320664e-07	1.22957018e-04
9.17480469e-02	1.19487801e-07	1.29648927e-04
9.17968750e-02	1.25990584e-07	1.36705059e-04
9.18457031e-02	1.32847281e-07	1.44145241e-04
9.18945313e-02	1.40077154e-07	1.51990376e-04
9.19433594e-02	1.47700516e-07	1.60262507e-04
9.19921875e-02	1.55738782e-07	1.68984873e-04
9.20410156e-02	1.64214535e-07	1.78181983e-04
9.20898438e-02	1.73151587e-07	1.87879678e-04
9.21386719e-02	1.82575046e-07	1.98105203e-04
9.21875000e-02	1.92511387e-07	2.08887291e-04
9.22363281e-02	2.02988523e-07	2.20256236e-04
9.22851562e-02	2.14035892e-07	2.32243980e-04
9.23339844e-02	2.25684529e-07	2.44884207e-04
9.23828125e-02	2.37967162e-07	2.58212432e-04
9.24316406e-02	2.50918298e-07	2.72266104e-04
9.24804688e-02	2.64574324e-07	2.87084711e-04
9.25292969e-02	2.78973606e-07	3.02709890e-04
9.25781250e-02	2.94156600e-07	3.19185545e-04
9.26269531e-02	3.10165963e-07	3.36557969e-04
9.26757813e-02	3.27046675e-07	3.54875975e-04
9.27246094e-02	3.44846163e-07	3.74191035e-04
9.27734375e-02	3.63614435e-07	3.94557421e-04
9.28222656e-02	3.83404225e-07	4.16032359e-04
9.28710938e-02	4.04271133e-07	4.38676193e-04
9.29199219e-02	4.26273788e-07	4.62552547e-04
9.29687500e-02	4.49474009e-07	4.87728514e-04
9.30175781e-02	4.73936981e-07	5.14274836e-04
9.30664063e-02	4.99731438e-07	5.42266106e-04
9.31152344e-02	5.26929853e-07	5.71780977e-04
9.31640625e-02	5.55608646e-07	6.02902387e-04
9.32128906e-02	5.85848396e-07	6.35717786e-04
9.32617188e-02	6.17734070e-07	6.70319383e-04
9.33105469e-02	6.51355256e-07	7.06804412e-04
9.33593750e-02	6.86806423e-07	7.45275394e-04
9.34082031e-02	7.24187181e-07	7.85840434e-04
9.34570313e-02	7.63602560e-07	8.28613523e-04
9.35058594e-02	8.05163312e-07	8.73714855e-04
9.35546875e-02	8.48986213e-07	9.21271169e-04
9.36035156e-02	8.95194398e-07	9.71416101e-04
9.36523438e-02	9.43917705e-07	1.02429056e-03
9.37011719e-02	9.95293040e-07	1.08004314e-03
9.37500000e-02	1.04946476e-06	1.13883051e-03
9.37988281e-02	1.10658508e-06	1.20081786e-03
9.38476563e-02	1.16681451e-06	1.26617939e-03
9.38964844e-02	1.23032227e-06	1.33509878e-03
9.39453125e-02	1.29728684e-06	1.40776971e-03
9.39941406e-02	1.36789636e-06	1.48439638e-03
9.40429688e-02	1.44234925e-06	1.56519415e-03
9.40917969e-02	1.52085473e-06	1.65039007e-03
9.41406250e-02	1.60363338e-06	1.74022357e-03
9.41894531e-02	1.69091782e-06	1.83494708e-03
9.42382812e-02	1.78295332e-06	1.93482682e-03
9.42871094e-02	1.87999849e-06	2.04014348e-03
9.43359375e-02	1.98232604e-06	2.15119302e-03
9.43847656e-02	2.09022352e-06	2.26828752e-03
9.44335938e-02	2.20399411e-06	2.39175606e-03
9.44824219e-02	2.32395753e-06	2.52194564e-03
9.45312500e-02	2.45045088e-06	2.65922211e-03
9.45800781e-02	2.58382963e-06	2.80397128e-03
9.46289063e-02	2.72446858e-06	2.95659996e-03
9.46777344e-02	2.87276294e-06	3.11753707e-03
9.47265625e-02	3.02912944e-06	3.28723493e-03
9.47753906e-02	3.19400750e-06	3.46617045e-03
9.48242188e-02	3.36786045e-06	3.65484651e-03
9.48730469e-02	3.55117686e-06	3.85379338e-03
9.49218750e-02	3.74447187e-06	4.06357019e-03
9.49707031e-02	3.94828868e-06	4.28476650e-03
9.50195313e-02	4.16320007e-06	4.51800399e-03
9.50683594e-02	4.38980999e-06	4.76393816e-03
9.51171875e-02	4.62875526e-06	5.02326022e-03
9.51660156e-02	4.88070739e-06	5.29669899e-03
9.52148438e-02	5.14637443e-06	5.58502298e-03
9.52636719e-02	5.42650298e-06	5.88904254e-03
9.53125000e-02	5.72188029e-06	6.20961213e-03
9.53613281e-02	6.03333647e-06	6.54763272e-03
9.54101563e-02	6.36174679e-06	6.90405437e-03
9.54589844e-02	6.70803423e-06	7.27987882e-03
9.55078125e-02	7.07317195e-06	7.67616236e-03
9.55566406e-02	7.45818614e-06	8.09401881e-03
9.56054688e-02	7.86415883e-06	8.53462259e-03
9.56542969e-02	8.29223096e-06	8.99921210e-03
9.57031250e-02	8.74360560e-06	9.48909313e-03
9.57519531e-02	9.21955130e-06	1.00056426e-02
9.58007813e-02	9.72140567e-06	1.05503123e-02
9.58496094e-02	1.02505791e-05	1.11246332e-02
9.58984375e-02	1.08085589e-05	1.17302195e-02
9.59472656e-02	1.13969133e-05	1.23687734e-02
9.59960938e-02	1.20172957e-05	1.30420897e-02
9.60449219e-02	1.26714497e-05	1.37520609e-02
9.60937500e-02	1.33612140e-05	1.45006825e-02
9.61425781e-02	1.40885270e-05	1.52900588e-02
9.61914062e-02	1.48554329e-05	1.61224085e-02
9.62402344e-02	1.56640872e-05	1.70000712e-02
9.62890625e-02	1.65167626e-05	1.79255139e-02
9.63378906e-02	1.74158557e-05	1.89013377e-02
9.63867188e-02	1.83638934e-05	1.99302857e-02
9.64355469e-02	1.93635402e-05	2.10152500e-02
9.64843750e-02	2.04176059e-05	2.21592802e-02
9.65332031e-02	2.15290530e-05	2.33655922e-02
9.65820313e-02	2.27010054e-05	2.46375767e-02
9.66308594e-02	2.39367570e-05	2.59788092e-02
9.66796875e-02	2.52397811e-05	2.73930598e-02
9.67285156e-02	2.66137402e-05	2.88843038e-02
9.67773438e-02	2.80624960e-05	3.04567329e-02
9.68261719e-02	2.95901205e-05	3.21147674e-02
9.68750000e-02	3.12009075e-05	3.38630677e-02
9.69238281e-02	3.28993844e-05	3.57065484e-02
9.69726563e-02	3.46903254e-05	3.76503915e-02
9.70214844e-02	3.65787641e-05	3.97000611e-02
9.70703125e-02	3.85700088e-05	4.18613189e-02
9.71191406e-02	4.06696562e-05	4.41402402e-02
9.71679688e-02	4.28836081e-05	4.65432312e-02
9.72167969e-02	4.52180876e-05	4.90770468e-02
9.72656250e-02	4.76796564e-05	5.17488098e-02
9.73144531e-02	5.02752335e-05	5.45660306e-02
9.73632813e-02	5.30121148e-05	5.75366289e-02
9.74121094e-02	5.58979934e-05	6.06689552e-02
9.74609375e-02	5.89409809e-05	6.39718148e-02
9.75097656e-02	6.21496310e-05	6.74544926e-02
9.75585938e-02	6.55329628e-05	7.11267789e-02
9.76074219e-02	6.91004866e-05	7.49989970e-02
9.76562500e-02	7.28622305e-05	7.90820323e-02
9.77050781e-02	7.68287685e-05	8.33873631e-02
9.77539063e-02	8.10112503e-05	8.79270925e-02
9.78027344e-02	8.54214328e-05	9.27139825e-02
9.78515625e-02	9.00717129e-05	9.77614902e-02
9.79003906e-02	9.49751625e-05	1.03083805e-01
9.79492188e-02	1.00145565e-04	1.08695890e-01
9.79980469e-02	1.05597455e-04	1.14613522e-01
9.80468750e-02	1.11346158e-04	1.20853336e-01
9.80957031e-02	1.17407833e-04	1.27432875e-01
9.81445312e-02	1.23799520e-04	1.34370635e-01
9.81933594e-02	1.30539187e-04	1.41686122e-01
9.82421875e-02	1.37645779e-04	1.49399900e-01
9.82910156e-02	1.45139274e-04	1.57533656e-01
9.83398438e-02	1.53040737e-04	1.66110258e-01
9.83886719e-02	1.61372380e-04	1.75153815e-01
9.84375000e-02	1.70157623e-04	1.84689754e-01
9.84863281e-02	1.79421164e-04	1.94744884e-01
9.85351563e-02	1.89189044e-04	2.05347473e-01
9.85839844e-02	1.99488722e-04	2.16527330e-01
9.86328125e-02	2.10349152e-04	2.28315886e-01
9.86816406e-02	2.21800865e-04	2.40746283e-01
9.87304688e-02	2.33876054e-04	2.53853470e-01
9.87792969e-02	2.46608665e-04	2.67674295e-01
9.88281250e-02	2.60034493e-04	2.82247617e-01
9.88769531e-02	2.74191281e-04	2.97614408e-01
9.89257813e-02	2.89118827e-04	3.13817871e-01
9.89746094e-02	3.04859096e-04	3.30903562e-01
9.90234375e-02	3.21456340e-04	3.48919518e-01
9.90722656e-02	3.38957216e-04	3.67916393e-01
9.91210938e-02	3.57410927e-04	3.87947595e-01
9.91699219e-02	3.76869351e-04	4.09069445e-01
9.92187500e-02	3.97387192e-04	4.31341327e-01
9.92675781e-02	4.19022133e-04	4.54825861e-01
9.93164063e-02	4.41834998e-04	4.79589076e-01
9.93652344e-02	4.65889921e-04	5.05700597e-01
9.94140625e-02	4.91254531e-04	5.33233839e-01
9.94628906e-02	5.18000138e-04	5.62266215e-01
9.95117188e-02	5.46201934e-04	5.92879355e-01
9.95605469e-02	5.75939207e-04	6.25159333e-01
9.96093750e-02	6.07295561e-04	6.59196909e-01
9.96582031e-02	6.40359152e-04	6.95087786e-01
9.97070313e-02	6.75222938e-04	7.32932880e-01
9.97558594e-02	7.11984937e-04	7.72838600e-01
9.98046875e-02	7.50748505e-04	8.14917150e-01
9.98535156e-02	7.91622626e-04	8.59286844e-01
9.99023438e-02	8.34722218e-04	9.06072441e-01
9.99511719e-02	8.80168456e-04	9.55405491e-01
1.00000000e-01	9.28089115e-04	1.00742471e+00
