0.00000000e+00	0.00000000e+00	2.01075988e-66
4.88281250e-05	-1.35206403e-73	-2.01629793e-66
9.76562500e-05	2.71157576e-73	2.03294260e-66
1.46484375e-04	-4.08602399e-73	-2.06078557e-66
1.95312500e-04	5.48297975e-73	2.09998021e-66
2.44140625e-04	-6.91013806e-73	-2.15074242e-66
2.92968750e-04	8.37536031e-73	2.21335182e-66
3.41796875e-04	-9.88671755e-73	-2.28815329e-66
3.90625000e-04	1.14525350e-72	2.37555887e-66
4.39453125e-04	-1.30814378e-72	-2.47605002e-66
4.88281250e-04	1.47823986e-72	2.59018030e-66
5.37109375e-04	-1.65647871e-72	-2.71857837e-66
5.85937500e-04	1.84384214e-72	2.86195151e-66
6.34765625e-04	-2.04136222e-72	-3.02108948e-66
6.83593750e-04	2.25012698e-72	3.19686888e-66
7.32421875e-04	-2.47128639e-72	-3.39025797e-66
7.81250000e-04	2.70605868e-72	3.60232203e-66
8.30078125e-04	-2.95573707e-72	-3.83422918e-66
8.78906250e-04	3.22169690e-72	4.08725687e-66
9.27734375e-04	-3.50540319e-72	-4.36279889e-66
9.76562500e-04	3.80841871e-72	4.66237304e-66
1.02539063e-03	-4.13241259e-72	-4.98762949e-66
1.07421875e-03	4.47916954e-72	5.34035989e-66
1.12304688e-03	-4.85059963e-72	-5.72250724e-66
1.17187500e-03	5.24874886e-72	6.13617655e-66
1.22070312e-03	-5.67581040e-72	-6.58364650e-66
1.26953125e-03	6.13413668e-72	7.06738193e-66
1.31835938e-03	-6.62625235e-72	-7.59004747e-66
1.36718750e-03	7.15486820e-72	8.15452216e-66
1.41601563e-03	-7.72289607e-72	-8.76391539e-66
1.46484375e-03	8.33346489e-72	9.42158393e-66
1.51367188e-03	-8.98993792e-72	-1.01311505e-65
1.56250000e-03	9.69593130e-72	1.08965237e-65
1.61132813e-03	-1.04553339e-71	-1.17219195e-65
1.66015625e-03	1.12723289e-71	1.26118846e-65
1.70898438e-03	-1.21514167e-71	-1.35713212e-65
1.75781250e-03	1.30974395e-71	1.46055144e-65
1.80664063e-03	-1.41156085e-71	-1.57201608e-65
1.85546875e-03	1.52115321e-71	1.69214005e-65
1.90429688e-03	-1.63912473e-71	-1.82158503e-65
1.95312500e-03	1.76612524e-71	1.96106407e-65
2.00195313e-03	-1.90285430e-71	-2.11134548e-65
2.05078125e-03	2.05006508e-71	2.27325705e-65
2.09960937e-03	-2.20856848e-71	-2.44769068e-65
2.14843750e-03	2.37923761e-71	2.63560722e-65
2.19726562e-03	-2.56301256e-71	-2.83804179e-65
2.24609375e-03	2.76090567e-71	3.05610948e-65
2.29492188e-03	-2.97400701e-71	-3.29101150e-65
2.34375000e-03	3.20349042e-71	3.54404180e-65
2.39257813e-03	-3.45062000e-71	-3.81659416e-65
2.44140625e-03	3.71675704e-71	4.11016992e-65
2.49023438e-03	-4.00336753e-71	-4.42638623e-65
2.53906250e-03	4.31203026e-71	4.76698492e-65
2.58789063e-03	-4.64444545e-71	-5.13384216e-65
2.63671875e-03	5.00244420e-71	5.52897876e-65
2.68554688e-03	-5.38799851e-71	-5.95457130e-65
2.73437500e-03	5.80323217e-71	6.41296411e-65
2.78320313e-03	-6.25043247e-71	-6.90668221e-65
2.83203125e-03	6.73206277e-71	7.43844521e-65
2.88085938e-03	-7.25077609e-71	-8.01118229e-65
2.92968750e-03	7.80942973e-71	8.62804833e-65
2.97851563e-03	-8.41110099e-71	-9.29244126e-65
3.02734375e-03	9.05910411e-71	1.00080209e-64
3.07617188e-03	-9.75700858e-71	-1.07787288e-64
3.12500000e-03	1.05086587e-70	1.16088106e-64
3.17382812e-03	-1.13181950e-70	-1.25028385e-64
3.22265625e-03	1.21900766e-70	1.34657373e-64
3.27148438e-03	-1.31291063e-70	-1.45028110e-64
3.32031250e-03	1.41404566e-70	1.56197723e-64
3.36914063e-03	-1.52296985e-70	-1.68227739e-64
3.41796875e-03	1.64028319e-70	1.81184423e-64
3.46679688e-03	-1.76663190e-70	-1.95139148e-64
3.51562500e-03	1.90271196e-70	2.10168780e-64
3.56445313e-03	-2.04927295e-70	-2.26356110e-64
3.61328125e-03	2.20712220e-70	2.43790305e-64
3.66210938e-03	-2.37712921e-70	-2.62567398e-64
3.71093750e-03	2.56023043e-70	2.82790824e-64
3.75976563e-03	-2.75743448e-70	-3.04571979e-64
3.80859375e-03	2.96982764e-70	3.28030845e-64
3.85742188e-03	-3.19857985e-70	-3.53296642e-64
3.90625000e-03	3.44495118e-70	3.80508545e-64
3.95507812e-03	-3.71029875e-70	-4.09816449e-64
4.00390625e-03	3.99608420e-70	4.41381793e-64
4.05273438e-03	-4.30388175e-70	-4.75378454e-64
4.10156250e-03	4.63538689e-70	5.11993698e-64
4.15039062e-03	-4.99242569e-70	-5.51429218e-64
4.19921875e-03	5.37696485e-70	5.93902242e-64
4.24804688e-03	-5.79112260e-70	-6.39646728e-64
4.29687500e-03	6.23718028e-70	6.88914657e-64
4.34570313e-03	-6.71759496e-70	-7.41977416e-64
4.39453125e-03	7.23501297e-70	7.99127298e-64
4.44335937e-03	-7.79228446e-70	-8.60679109e-64
4.49218750e-03	8.39247913e-70	9.26971900e-64
4.54101563e-03	-9.03890308e-70	-9.98370842e-64
4.58984375e-03	9.73511711e-70	1.07526923e-63
4.63867188e-03	-1.04849562e-69	-1.15809065e-63
4.68750000e-03	1.12925509e-69	1.24729132e-63
4.73632813e-03	-1.21623497e-69	-1.34336259e-63
4.78515625e-03	1.30991438e-69	1.44683367e-63
4.83398438e-03	-1.41080935e-69	-1.55827451e-63
4.88281250e-03	1.51947564e-69	1.67829899e-63
4.93164063e-03	-1.63651185e-69	-1.80756823e-63
4.98046875e-03	1.76256265e-69	1.94679432e-63
5.02929688e-03	-1.89832238e-69	-2.09674417e-63
5.07812500e-03	2.04453887e-69	2.25824377e-63
5.12695312e-03	-2.20201753e-69	-2.43218272e-63
5.17578125e-03	2.37162584e-69	2.61951915e-63
5.22460938e-03	-2.55429805e-69	-2.82128500e-63
5.27343750e-03	2.75104040e-69	3.03859166e-63
5.32226563e-03	-2.96293664e-69	-3.27263616e-63
5.37109375e-03	3.19115398e-69	3.52470771e-63
5.41992188e-03	-3.43694953e-69	-3.79619483e-63
5.46875000e-03	3.70167724e-69	4.08859298e-63
5.51757813e-03	-3.98679534e-69	-4.40351282e-63
5.56640625e-03	4.29387438e-69	4.74268905e-63
5.61523438e-03	-4.62460588e-69	-5.10799000e-63
5.66406250e-03	4.98081165e-69	5.50142791e-63
5.71289063e-03	-5.36445382e-69	-5.92516998e-63
5.76171875e-03	5.77764565e-69	6.38155037e-63
5.81054688e-03	-6.22266317e-69	-6.87308302e-63
5.85937500e-03	6.70195774e-69	7.40247549e-63
5.90820313e-03	-7.21816949e-69	-7.97264391e-63
5.95703125e-03	7.77414195e-69	8.58672898e-63
6.00585938e-03	-8.37293764e-69	-9.24811336e-63
6.05468750e-03	9.01785498e-69	9.96044023e-63
6.10351562e-03	-9.71244645e-69	-1.07276334e-62
6.15234375e-03	1.04605382e-68	1.15539188e-62
6.20117188e-03	-1.12662509e-68	-1.24438481e-62
6.25000000e-03	1.21340228e-68	1.34023233e-62
6.29882813e-03	-1.30686341e-68	-1.44346241e-62
6.34765625e-03	1.40752328e-68	1.55464369e-62
6.39648438e-03	-1.51593639e-68	-1.67438860e-62
6.44531250e-03	1.63269991e-68	1.80335674e-62
6.49414063e-03	-1.75845702e-68	-1.94225853e-62
6.54296875e-03	1.89390045e-68	2.09185909e-62
6.59179688e-03	-2.03977628e-68	-2.25298249e-62
6.64062500e-03	2.19688806e-68	2.42651626e-62
6.68945313e-03	-2.36610121e-68	-2.61341630e-62
6.73828125e-03	2.54834784e-68	2.81471214e-62
6.78710938e-03	-2.74463184e-68	-3.03151259e-62
6.83593750e-03	2.95603442e-68	3.26501188e-62
6.88476563e-03	-3.18372008e-68	-3.51649622e-62
6.93359375e-03	3.42894300e-68	3.78735090e-62
6.98242188e-03	-3.69305398e-68	-4.07906790e-62
7.03125000e-03	3.97750785e-68	4.39325411e-62
7.08007812e-03	-4.28387151e-68	-4.73164021e-62
7.12890625e-03	4.61383252e-68	5.09609016e-62
7.17773438e-03	-4.96920845e-68	-5.48861152e-62
7.22656250e-03	5.35195687e-68	5.91136645e-62
7.27539063e-03	-5.76418611e-68	-6.36668367e-62
7.32421875e-03	6.20816691e-68	6.85707125e-62
7.37304688e-03	-6.68634489e-68	-7.38523045e-62
7.42187500e-03	7.20135406e-68	7.95407060e-62
7.47070313e-03	-7.75603131e-68	-8.56672511e-62
7.51953125e-03	8.35343203e-68	9.22656873e-62
7.56835938e-03	-8.99684696e-68	-9.93723615e-62
7.61718750e-03	9.68982030e-68	1.07026420e-61
7.66601563e-03	-1.04361692e-67	-1.15270026e-61
7.71484375e-03	1.12400049e-67	1.24148587e-61
7.76367188e-03	-1.21057553e-67	-1.33711010e-61
7.81250000e-03	1.30381893e-67	1.44009970e-61
7.86132813e-03	-1.40424431e-67	-1.55102197e-61
7.91015625e-03	1.51240485e-67	1.67048792e-61
7.95898438e-03	-1.62889635e-67	-1.79915562e-61
8.00781250e-03	1.75436050e-67	1.93773382e-61
8.05664062e-03	-1.88948840e-67	-2.08698587e-61
8.10546875e-03	2.03502440e-67	2.24773391e-61
8.15429687e-03	-2.19177016e-67	-2.42086342e-61
8.20312500e-03	2.36058911e-67	2.60732805e-61
8.25195313e-03	-2.54241118e-67	-2.80815494e-61
8.30078125e-03	2.73823791e-67	3.02445033e-61
8.34960938e-03	-2.94914801e-67	-3.25740566e-61
8.39843750e-03	3.17630325e-67	3.50830414e-61
8.44726563e-03	-3.42095490e-67	-3.77852784e-61
8.49609375e-03	3.68445060e-67	4.06956524e-61
8.54492188e-03	-3.96824180e-67	-4.38301953e-61
8.59375000e-03	4.27389175e-67	4.72061732e-61
8.64257812e-03	-4.60308408e-67	-5.08421825e-61
8.69140625e-03	4.95763212e-67	5.47582518e-61
8.74023438e-03	-5.33948889e-67	-5.89759526e-61
8.78906250e-03	5.75075779e-67	6.35185176e-61
8.83789063e-03	-6.19370428e-67	-6.84109693e-61
8.88671875e-03	6.67076830e-67	7.36802572e-61
8.93554688e-03	-7.18457770e-67	-7.93554070e-61
8.98437500e-03	7.73796276e-67	8.54676795e-61
9.03320312e-03	-8.33397177e-67	-9.20507439e-61
9.08203125e-03	8.97588780e-67	9.91408624e-61
9.13085937e-03	-9.66724677e-67	-1.06777090e-60
9.17968750e-03	1.04118570e-66	1.15001491e-60
9.22851563e-03	-1.12138201e-66	-1.23859369e-60
9.27734375e-03	1.20775536e-66	1.33399515e-60
9.32617188e-03	-1.30078154e-66	-1.43674482e-60
9.37500000e-03	1.40097296e-66	1.54740869e-60
9.42382813e-03	-1.50888153e-66	-1.66659633e-60
9.47265625e-03	1.62510166e-66	1.79496428e-60
9.52148438e-03	-1.75027352e-66	-1.93321965e-60
9.57031250e-03	1.88508663e-66	2.08212400e-60
9.61914063e-03	-2.03028358e-66	-2.24249756e-60
9.66796875e-03	2.18666419e-66	2.41522374e-60
9.71679688e-03	-2.35508985e-66	-2.60125399e-60
9.76562500e-03	2.53648835e-66	2.80161303e-60
9.81445313e-03	-2.73185888e-66	-3.01740453e-60
9.86328125e-03	2.94227764e-66	3.24981716e-60
9.91210938e-03	-3.16890369e-66	-3.50013115e-60
9.96093750e-03	3.41298540e-66	3.76972533e-60
1.00097656e-02	-3.67586726e-66	-4.06008473e-60
1.00585938e-02	3.95899734e-66	4.37280879e-60
1.01074219e-02	-4.26393523e-66	-4.70962011e-60
1.01562500e-02	4.59236067e-66	5.07237399e-60
1.02050781e-02	-4.94608276e-66	-5.46306863e-60
1.02539062e-02	5.32704995e-66	5.88385615e-60
1.03027344e-02	-5.73736076e-66	-6.33705441e-60
1.03515625e-02	6.17927535e-66	6.82515982e-60
1.04003906e-02	-6.65522799e-66	-7.35086108e-60
1.04492188e-02	7.16784042e-66	7.91705396e-60
1.04980469e-02	-7.71993631e-66	-8.52685730e-60
1.05468750e-02	8.31455685e-66	9.18363014e-60
1.05957031e-02	-8.95497746e-66	-9.89099026e-60
1.06445313e-02	9.64472583e-66	1.06528341e-59
1.06933594e-02	-1.03876014e-65	-1.14733582e-59
1.07421875e-02	1.11876962e-65	1.23570824e-59
1.07910156e-02	-1.20494176e-65	-1.33088746e-59
1.08398438e-02	1.29775122e-65	1.43339776e-59
1.08886719e-02	-1.39770924e-65	-1.54380383e-59
1.09375000e-02	1.50536642e-65	1.66271380e-59
1.09863281e-02	-1.62131580e-65	-1.79078271e-59
1.10351563e-02	1.74619606e-65	1.92871599e-59
1.10839844e-02	-1.88069511e-65	-2.07727346e-59
1.11328125e-02	2.02555381e-65	2.23727341e-59
1.11816406e-02	-2.18157011e-65	-2.40959721e-59
1.12304688e-02	2.34960341e-65	2.59519407e-59
1.12792969e-02	-2.53057931e-65	-2.79508636e-59
1.13281250e-02	2.72549471e-65	3.01037515e-59
1.13769531e-02	-2.93542327e-65	-3.24224635e-59
1.14257813e-02	3.16152138e-65	3.49197720e-59
1.14746094e-02	-3.40503447e-65	-3.76094333e-59
1.15234375e-02	3.66730391e-65	4.05062631e-59
1.15722656e-02	-3.94977441e-65	-4.36262184e-59
1.16210938e-02	4.25400192e-65	4.69864852e-59
1.16699219e-02	-4.58166225e-65	-5.06055732e-59
1.17187500e-02	4.93456031e-65	5.45034180e-59
1.17675781e-02	-5.31463999e-65	-5.87014904e-59
1.18164063e-02	5.72399493e-65	6.32229153e-59
1.18652344e-02	-6.16488004e-65	-6.80925985e-59
1.19140625e-02	6.63972389e-65	7.33373642e-59
1.19628906e-02	-7.15114213e-65	-7.89861030e-59
1.20117188e-02	7.70195185e-65	8.50699303e-59
1.20605469e-02	-8.29518716e-65	-9.16223584e-59
1.21093750e-02	8.93411583e-65	9.86794809e-59
1.21582031e-02	-9.62225736e-65	-1.06280171e-58
1.22070312e-02	1.03634023e-64	1.14466298e-58
1.22558594e-02	-1.11616332e-64	-1.23282952e-58
1.23046875e-02	1.20213471e-64	1.32778701e-58
1.23535156e-02	-1.29472796e-64	-1.43005850e-58
1.24023438e-02	1.39445312e-64	1.54020736e-58
1.24511719e-02	-1.50185950e-64	-1.65884033e-58
1.25000000e-02	1.61753876e-64	1.78661088e-58
1.25488281e-02	-1.74212810e-64	-1.92422283e-58
1.25976563e-02	1.87631382e-64	2.07243421e-58
1.26464844e-02	-2.02083505e-64	-2.23206143e-58
1.26953125e-02	2.17648789e-64	2.40398378e-58
1.27441406e-02	-2.34412974e-64	-2.58914828e-58
1.27929688e-02	2.52468404e-64	2.78857489e-58
1.28417969e-02	-2.71914536e-64	-3.00336214e-58
1.28906250e-02	2.92858487e-64	3.23469317e-58
1.29394531e-02	-3.15415626e-64	-3.48384225e-58
1.29882813e-02	3.39710206e-64	3.75218179e-58
1.30371094e-02	-3.65876052e-64	-4.04118992e-58
1.30859375e-02	3.94057297e-64	4.35245862e-58
1.31347656e-02	-4.24409175e-64	-4.68770249e-58
1.31835938e-02	4.57098876e-64	5.04876819e-58
1.32324219e-02	-4.92306470e-64	-5.43764462e-58
1.32812500e-02	5.30225894e-64	5.85647387e-58
1.33300781e-02	-5.71066024e-64	-6.30756304e-58
1.33789063e-02	6.15051826e-64	6.79339691e-58
1.34277344e-02	-6.62425591e-64	-7.31665166e-58
1.34765625e-02	7.13448274e-64	7.88020960e-58
1.35253906e-02	-7.68400929e-64	-8.48717503e-58
1.35742188e-02	8.27586259e-64	9.14089138e-58
1.36230469e-02	-8.91330281e-64	-9.84495960e-58
1.36718750e-02	9.59984124e-64	1.06032580e-57
1.37207031e-02	-1.03392596e-63	-1.14199636e-57
1.37695313e-02	1.11356310e-63	1.22995751e-57
1.38183594e-02	-1.19933421e-63	-1.32469378e-57
1.38671875e-02	1.29171175e-63	1.42672702e-57
1.39160156e-02	-1.39120458e-63	-1.53661928e-57
1.39648438e-02	1.49836075e-63	1.65497587e-57
1.40136719e-02	-1.61377053e-63	-1.78244877e-57
1.40625000e-02	1.73806962e-63	1.91974014e-57
1.41113281e-02	-1.87194273e-63	-2.06760625e-57
1.41601562e-02	2.01612729e-63	2.22686160e-57
1.42089844e-02	-2.17141752e-63	-2.39838343e-57
1.42578125e-02	2.33866883e-63	2.58311657e-57
1.43066406e-02	-2.51880251e-63	-2.78207859e-57
1.43554688e-02	2.71281081e-63	2.99636548e-57
1.44042969e-02	-2.92176241e-63	-3.22715759e-57
1.44531250e-02	3.14680830e-63	3.47572625e-57
1.45019531e-02	-3.38918813e-63	-3.74344066e-57
1.45507813e-02	3.65023703e-63	4.03177552e-57
1.45996094e-02	-3.93139296e-63	-4.34231908e-57
1.46484375e-02	4.23420466e-63	4.67678196e-57
1.46972656e-02	-4.56034013e-63	-5.03700652e-57
1.47460938e-02	4.91159587e-63	5.42497701e-57
1.47949219e-02	-5.28990673e-63	-5.84283056e-57
1.48437500e-02	5.69735662e-63	6.29286887e-57
1.48925781e-02	-6.13618994e-63	-6.77757094e-57
1.49414063e-02	6.60882397e-63	7.29960670e-57
1.49902344e-02	-7.11786217e-63	-7.86185177e-57
1.50390625e-02	7.66610854e-63	8.46740321e-57
1.50878906e-02	-8.25658304e-63	-9.11959666e-57
1.51367188e-02	8.89253828e-63	9.82202467e-57
1.51855469e-02	-9.57747733e-63	-1.05785565e-56
1.52343750e-02	1.03151732e-62	1.13933595e-56
1.52832031e-02	-1.11096893e-62	-1.22709218e-56
1.53320313e-02	1.19654022e-62	1.32160776e-56
1.53808594e-02	-1.28870256e-62	-1.42340330e-56
1.54296875e-02	1.38796362e-62	1.53303955e-56
1.54785156e-02	-1.49487016e-62	-1.65112042e-56
1.55273438e-02	1.61001107e-62	1.77829636e-56
1.55761719e-02	-1.73402059e-62	-1.91526789e-56
1.56250000e-02	1.86758183e-62	2.06278953e-56
1.56738281e-02	-2.01143050e-62	-2.22167387e-56
1.57226563e-02	2.16635896e-62	2.39279613e-56
1.57714844e-02	-2.33322064e-62	-2.57709891e-56
1.58203125e-02	2.51293468e-62	2.77559743e-56
1.58691406e-02	-2.70649101e-62	-2.98938511e-56
1.59179688e-02	2.91495584e-62	3.21963957e-56
1.59667969e-02	-3.13947746e-62	-3.46762916e-56
1.60156250e-02	3.38129264e-62	3.73471990e-56
1.60644531e-02	-3.64173339e-62	-4.02238305e-56
1.61132812e-02	3.92223434e-62	4.33220317e-56
1.61621094e-02	-4.22434061e-62	-4.66588688e-56
1.62109375e-02	4.54971631e-62	5.02527225e-56
1.62597656e-02	-4.90015375e-62	-5.41233892e-56
1.63085937e-02	5.27758330e-62	5.82921903e-56
1.63574219e-02	-5.68408399e-62	-6.27820893e-56
1.64062500e-02	6.12189500e-62	6.76178183e-56
1.64550781e-02	-6.59342797e-62	-7.28260146e-56
1.65039063e-02	7.10128031e-62	7.84353671e-56
1.65527344e-02	-7.64824948e-62	-8.44767745e-56
1.66015625e-02	8.23734841e-62	9.09835154e-56
1.66503906e-02	-8.87182211e-62	-9.79914316e-56
1.66992188e-02	9.55516553e-62	1.05539126e-55
1.67480469e-02	-1.02911428e-61	-1.13668174e-55
1.67968750e-02	1.10838080e-61	1.22423354e-55
1.68457031e-02	-1.19375275e-61	-1.31852893e-55
1.68945313e-02	1.28570039e-61	1.42008733e-55
1.69433594e-02	-1.38473020e-61	-1.52946816e-55
1.69921875e-02	1.49138769e-61	1.64727395e-55
1.70410156e-02	-1.60626037e-61	-1.77415362e-55
1.70898438e-02	1.72998100e-61	1.91080606e-55
1.71386719e-02	-1.86323109e-61	-2.05798403e-55
1.71875000e-02	2.00674464e-61	2.21649824e-55
1.72363281e-02	-2.16131219e-61	-2.38722184e-55
1.72851562e-02	2.32778514e-61	2.57109527e-55
1.73339844e-02	-2.50708052e-61	-2.76913137e-55
1.73828125e-02	2.70018594e-61	2.98242100e-55
1.74316406e-02	-2.90816512e-61	-3.21213906e-55
1.74804688e-02	3.13216369e-61	3.45955093e-55
1.75292969e-02	-3.37341554e-61	-3.72601945e-55
1.75781250e-02	3.63324957e-61	4.01301246e-55
1.76269531e-02	-3.91309706e-61	-4.32211081e-55
1.76757813e-02	4.21449953e-61	4.65501717e-55
1.77246094e-02	-4.53911724e-61	-5.01356531e-55
1.77734375e-02	4.88873830e-61	5.39973028e-55
1.78222656e-02	-5.26528858e-61	-5.81563922e-55
1.78710938e-02	5.67084229e-61	6.26358314e-55
1.79199219e-02	-6.10763336e-61	-6.74602950e-55
1.79687500e-02	6.57806785e-61	7.26563582e-55
1.80175781e-02	-7.08473709e-61	-7.82526431e-55
1.80664062e-02	7.63043203e-61	8.42799764e-55
1.81152344e-02	-8.21815859e-61	-9.07715591e-55
1.81640625e-02	8.85115421e-61	9.77631496e-55
1.82128906e-02	-9.53290571e-61	-1.05293261e-54
1.82617187e-02	1.02671684e-60	1.13403371e-54
1.83105469e-02	-1.10579870e-60	-1.22138155e-54
1.83593750e-02	1.19097177e-60	1.31545726e-54
1.84082031e-02	-1.28270520e-60	-1.41677907e-54
1.84570313e-02	1.38150432e-60	1.52590510e-54
1.85058594e-02	-1.48791333e-60	-1.64343644e-54
1.85546875e-02	1.60251840e-60	1.77002053e-54
1.86035156e-02	-1.72595082e-60	-1.90635463e-54
1.86523438e-02	1.85889049e-60	2.05318973e-54
1.87011719e-02	-2.00206971e-60	-2.21133466e-54
1.87500000e-02	2.15627717e-60	2.38166054e-54
1.87988281e-02	-2.32236231e-60	-2.56510562e-54
1.88476563e-02	2.50123999e-60	2.76268037e-54
1.88964844e-02	-2.69389556e-60	-2.97547312e-54
1.89453125e-02	2.90139023e-60	3.20465602e-54
1.89941406e-02	-3.12486697e-60	-3.45149152e-54
1.90429688e-02	3.36555679e-60	3.71733928e-54
1.90917969e-02	-3.62478551e-60	-4.00366370e-54
1.91406250e-02	3.90398106e-60	4.31204198e-54
1.91894531e-02	-4.20468139e-60	-4.64417279e-54
1.92382813e-02	4.52854286e-60	5.00188565e-54
1.92871094e-02	-4.87734944e-60	-5.38715100e-54
1.93359375e-02	5.25302251e-60	5.80209104e-54
1.93847656e-02	-5.65763143e-60	-6.24899142e-54
1.94335938e-02	6.09340495e-60	6.73031387e-54
1.94824219e-02	-6.56274351e-60	-7.24870971e-54
1.95312500e-02	7.06823240e-60	7.80703449e-54
1.95800781e-02	-7.61265609e-60	-8.40836368e-54
1.96289063e-02	8.19901347e-60	9.05600966e-54
1.96777344e-02	-8.83053446e-60	-9.75353995e-54
1.97265625e-02	9.51069774e-60	1.05047968e-53
1.97753906e-02	-1.02432499e-59	-1.13139185e-53
1.98242188e-02	1.10322262e-59	1.21853620e-53
1.98730469e-02	-1.18819727e-59	-1.31239276e-53
1.99218750e-02	1.27971700e-59	1.41347853e-53
1.99707031e-02	-1.37828595e-59	-1.52235033e-53
2.00195312e-02	1.48444707e-59	1.63960787e-53
2.00683594e-02	-1.59878516e-59	-1.76589707e-53
2.01171875e-02	1.72193002e-59	1.90191356e-53
2.01660156e-02	-1.85456000e-59	-2.04840659e-53
2.02148438e-02	1.99740566e-59	2.20618310e-53
2.02636719e-02	-2.15125388e-59	-2.37611220e-53
2.03125000e-02	2.31695211e-59	2.55912992e-53
2.03613281e-02	-2.49541308e-59	-2.75624439e-53
2.04101563e-02	2.68761983e-59	2.96854142e-53
2.04589844e-02	-2.89463111e-59	-3.19719042e-53
2.05078125e-02	3.11758724e-59	3.44345088e-53
2.05566406e-02	-3.35771635e-59	-3.70867932e-53
2.06054688e-02	3.61634117e-59	3.99433672e-53
2.06542969e-02	-3.89488631e-59	-4.30199659e-53
2.07031250e-02	4.19488611e-59	4.63335367e-53
2.07519531e-02	-4.51799311e-59	-4.99023320e-53
2.08007813e-02	4.86598711e-59	5.37460103e-53
2.08496094e-02	-5.24078501e-59	-5.78857442e-53
2.08984375e-02	5.64445134e-59	6.23443370e-53
2.09472656e-02	-6.07920968e-59	-6.71463486e-53
2.09960938e-02	6.54745486e-59	7.23182304e-53
2.10449219e-02	-7.05176617e-59	-7.78884713e-53
2.10937500e-02	7.59492156e-59	8.38877546e-53
2.11425781e-02	-8.17991296e-59	-9.03491268e-53
2.11914063e-02	8.80996275e-59	9.73081799e-53
2.12402344e-02	-9.48854151e-59	-1.04803247e-52
2.12890625e-02	1.02193871e-58	1.12875615e-52
2.13378906e-02	-1.10065254e-58	-1.21569749e-52
2.13867188e-02	1.18542923e-58	1.30933540e-52
2.14355469e-02	-1.27673575e-58	-1.41018567e-52
2.14843750e-02	1.37507508e-58	1.51880384e-52
2.15332031e-02	-1.48098889e-58	-1.63578822e-52
2.15820313e-02	1.59506061e-58	1.76178321e-52
2.16308594e-02	-1.71791859e-58	-1.89748284e-52
2.16796875e-02	1.85023959e-58	2.04363460e-52
2.17285156e-02	-1.99275249e-58	-2.20104356e-52
2.17773438e-02	2.14624230e-58	2.37057678e-52
2.18261719e-02	-2.31155451e-58	-2.55316814e-52
2.18750000e-02	2.48959973e-58	2.74982342e-52
2.19238281e-02	-2.68135872e-58	-2.96162587e-52
2.19726562e-02	2.88788775e-58	3.18974221e-52
2.20214844e-02	-3.11032448e-58	-3.43542898e-52
2.20703125e-02	3.34989418e-58	3.70003954e-52
2.21191406e-02	-3.60791650e-58	-3.98503146e-52
2.21679688e-02	3.88581273e-58	4.29197461e-52
2.22167969e-02	-4.18511366e-58	-4.62255976e-52
2.22656250e-02	4.50746794e-58	4.97860790e-52
2.23144531e-02	-4.85465125e-58	-5.36208030e-52
2.23632813e-02	5.22857601e-58	5.77508929e-52
2.24121094e-02	-5.63130196e-58	-6.21990989e-52
2.24609375e-02	6.06504749e-58	6.69899237e-52
2.25097656e-02	-6.53220184e-58	-7.21497570e-52
2.25585938e-02	7.03533829e-58	7.77070214e-52
2.26074219e-02	-7.57722834e-58	-8.36923287e-52
2.26562500e-02	8.16085694e-58	9.01386484e-52
2.27050781e-02	-8.78943896e-58	-9.70814896e-52
2.27539063e-02	9.46643690e-58	1.04559096e-51
2.28027344e-02	-1.01955799e-57	-1.12612658e-51
2.28515625e-02	1.09808845e-57	1.21286538e-51
2.29003906e-02	-1.18266764e-57	-1.30628515e-51
2.29492188e-02	1.27376146e-57	1.40690049e-51
2.29980469e-02	-1.37187169e-57	-1.51526562e-51
2.30468750e-02	1.47753876e-57	1.63197747e-51
2.30957031e-02	-1.59134474e-57	-1.75767894e-51
2.31445313e-02	1.71391651e-57	1.89306244e-51
2.31933594e-02	-1.84592925e-57	-2.03887373e-51
2.32421875e-02	1.98811015e-57	2.19591598e-51
2.32910156e-02	-2.14124239e-57	-2.36505426e-51
2.33398438e-02	2.30616948e-57	2.54722025e-51
2.33886719e-02	-2.48379993e-57	-2.74341740e-51
2.34375000e-02	2.67511219e-57	2.95472644e-51
2.34863281e-02	-2.88116009e-57	-3.18231135e-51
2.35351563e-02	3.10307863e-57	3.42742577e-51
2.35839844e-02	-3.34209022e-57	-3.69141988e-51
2.36328125e-02	3.59951145e-57	3.97574789e-51
2.36816406e-02	-3.87676030e-57	-4.28197598e-51
2.37304688e-02	4.17536397e-57	4.61179099e-51
2.37792969e-02	-4.49696729e-57	-4.96700968e-51
2.38281250e-02	4.84334180e-57	5.34958874e-51
2.38769531e-02	-5.21639546e-57	-5.76163558e-51
2.39257812e-02	5.61818322e-57	6.20541992e-51
2.39746094e-02	-6.05091829e-57	-6.68338632e-51
2.40234375e-02	6.51698435e-57	7.19816761e-51
2.40722656e-02	-7.01894869e-57	-7.75259943e-51
2.41210938e-02	7.55957634e-57	8.34973581e-51
2.41699219e-02	-8.14184532e-57	-8.99286604e-51
2.42187500e-02	8.76896298e-57	9.68553275e-51
2.42675781e-02	-9.44438378e-57	-1.04315514e-50
2.43164063e-02	1.01718282e-56	1.12350315e-50
2.43652344e-02	-1.09553033e-56	-1.21003988e-50
2.44140625e-02	1.17991248e-56	1.30324202e-50
2.44628906e-02	-1.27079409e-56	-1.40362296e-50
2.45117188e-02	1.36867576e-56	1.51173564e-50
2.45605469e-02	-1.47409667e-56	-1.62817560e-50
2.46093750e-02	1.58763752e-56	1.75358423e-50
2.46582031e-02	-1.70992375e-56	-1.88865234e-50
2.47070313e-02	1.84162895e-56	2.03412394e-50
2.47558594e-02	-1.98347862e-56	-2.19080035e-50
2.48046875e-02	2.13625412e-56	2.35954460e-50
2.48535156e-02	-2.30079701e-56	-2.54128622e-50
2.49023438e-02	2.47801364e-56	2.73702630e-50
2.49511719e-02	-2.66888022e-56	-2.94784307e-50
2.50000000e-02	2.87444811e-56	3.17489780e-50
2.50488281e-02	-3.09584966e-56	-3.41944120e-50
2.50976563e-02	3.33430445e-56	3.68282031e-50
2.51464844e-02	-3.59112599e-56	-3.96648594e-50
2.51953125e-02	3.86772896e-56	4.27200064e-50
2.52441406e-02	-4.16563699e-56	-4.60104731e-50
2.52929688e-02	4.48649111e-56	4.95543848e-50
2.53417969e-02	-4.83205870e-56	-5.33712628e-50
2.53906250e-02	5.20424329e-56	5.74821321e-50
2.54394531e-02	-5.60509504e-56	-6.19096370e-50
2.54882813e-02	6.03682200e-56	6.66781663e-50
2.55371094e-02	-6.50180231e-56	-7.18139868e-50
2.55859375e-02	7.00259727e-56	7.73453888e-50
2.56347656e-02	-7.54196547e-56	-8.33028417e-50
2.56835938e-02	8.12287798e-56	8.97191616e-50
2.57324219e-02	-8.74853471e-56	-9.66296922e-50
2.57812500e-02	9.42238204e-56	1.04072500e-49
2.58300781e-02	-1.01481318e-55	-1.12088582e-49
2.58789062e-02	1.09297817e-55	1.20722096e-49
2.59277344e-02	-1.17716375e-55	-1.30020597e-49
2.59765625e-02	1.26783363e-55	1.40035306e-49
2.60253906e-02	-1.36548728e-55	-1.50821389e-49
2.60742188e-02	1.47066260e-55	1.62438258e-49
2.61230469e-02	-1.58393895e-55	-1.74949906e-49
2.61718750e-02	1.70594029e-55	1.88425252e-49
2.62207031e-02	-1.83733867e-55	-2.02938522e-49
2.62695313e-02	1.97885789e-55	2.18569664e-49
2.63183594e-02	-2.13127748e-55	-2.35404778e-49
2.63671875e-02	2.29543704e-55	2.53536601e-49
2.64160156e-02	-2.47224084e-55	-2.73065009e-49
2.64648438e-02	2.66266277e-55	2.94097574e-49
2.65136719e-02	-2.86775176e-55	-3.16750152e-49
2.65625000e-02	3.08863754e-55	3.41147523e-49
2.66113281e-02	-3.32653682e-55	-3.67424077e-49
2.66601563e-02	3.58276006e-55	3.95724557e-49
2.67089844e-02	-3.85871865e-55	-4.26204854e-49
2.67578125e-02	4.15593268e-55	4.59032866e-49
2.68066406e-02	-4.47603933e-55	-4.94389423e-49
2.68554688e-02	4.82080188e-55	5.32469285e-49
2.69042969e-02	-5.19211943e-55	-5.73482210e-49
2.69531250e-02	5.59203734e-55	6.17654116e-49
2.70019531e-02	-6.02275855e-55	-6.65228320e-49
2.70507813e-02	6.48665563e-55	7.16466881e-49
2.70996094e-02	-6.98628394e-55	-7.71652041e-49
2.71484375e-02	7.52439562e-55	8.31087785e-49
2.71972656e-02	-8.10395483e-55	-8.95101508e-49
2.72460938e-02	8.72815402e-55	9.64045826e-49
2.72949219e-02	-9.40043155e-55	-1.03830051e-48
2.73437500e-02	1.01244906e-54	1.11827459e-48
2.73925781e-02	-1.09043196e-54	-1.20440860e-48
2.74414063e-02	1.17442141e-54	1.29717699e-48
2.74902344e-02	-1.26488007e-54	-1.39709078e-48
2.75390625e-02	1.36230622e-54	1.50470033e-48
2.75878906e-02	-1.46723653e-54	-1.62059840e-48
2.76367188e-02	1.58024898e-54	1.74542341e-48
2.76855469e-02	-1.70196612e-54	-1.87986294e-48
2.77343750e-02	1.83305839e-54	2.02465755e-48
2.77832031e-02	-1.97424792e-54	-2.18060481e-48
2.78320312e-02	2.12631243e-54	2.34856376e-48
2.78808594e-02	-2.29008957e-54	-2.52945959e-48
2.79296875e-02	2.46648148e-54	2.72428874e-48
2.79785156e-02	-2.65645980e-54	-2.93412441e-48
2.80273438e-02	2.86107102e-54	3.16012248e-48
2.80761719e-02	-3.08144221e-54	-3.40352782e-48
2.81250000e-02	3.31878728e-54	3.66568122e-48
2.81738281e-02	-3.57441363e-54	-3.94802673e-48
2.82226563e-02	3.84972934e-54	4.25211962e-48
2.82714844e-02	-4.14625097e-54	-4.57963498e-48
2.83203125e-02	4.46561190e-54	4.93237688e-48
2.83691406e-02	-4.80957128e-54	-5.31228838e-48
2.84179688e-02	5.18002381e-54	5.72146220e-48
2.84667969e-02	-5.57901007e-54	-6.16215223e-48
2.85156250e-02	6.00872786e-54	6.63678597e-48
2.85644531e-02	-6.47154425e-54	-7.14797792e-48
2.86132813e-02	6.97000861e-54	7.69854392e-48
2.86621094e-02	-7.50686671e-54	-8.29151673e-48
2.87109375e-02	8.08507577e-54	8.93016270e-48
2.87597656e-02	-8.70782082e-54	-9.61799974e-48
2.88085938e-02	9.37853220e-54	1.03588168e-47
2.88574219e-02	-1.01009045e-53	-1.11566945e-47
2.89062500e-02	1.08789167e-53	1.20160280e-47
2.89550781e-02	-1.17168547e-53	-1.29415508e-47
2.90039063e-02	1.26193339e-53	1.39383610e-47
2.90527344e-02	-1.35913258e-53	-1.50119497e-47
2.91015625e-02	1.46381843e-53	1.61682304e-47
2.91503906e-02	-1.57656762e-53	-1.74135725e-47
2.91992188e-02	1.69800120e-53	1.87548359e-47
2.92480469e-02	-1.82878808e-53	-2.01994088e-47
2.92968750e-02	1.96964869e-53	2.17552485e-47
2.93457031e-02	-2.12135895e-53	-2.34309252e-47
2.93945313e-02	2.28475455e-53	2.52356693e-47
2.94433594e-02	-2.46073553e-53	-2.71794221e-47
2.94921875e-02	2.65027128e-53	2.92728905e-47
2.95410156e-02	-2.85440583e-53	-3.15276062e-47
2.95898438e-02	3.07426365e-53	3.39559892e-47
2.96386719e-02	-3.31105580e-53	-3.65714161e-47
2.96875000e-02	3.56608663e-53	3.93882936e-47
2.97363281e-02	-3.84076096e-53	-4.24221384e-47
2.97851562e-02	4.13659182e-53	4.56896621e-47
2.98339844e-02	-4.45520876e-53	-4.92088636e-47
2.98828125e-02	4.79836685e-53	5.29991282e-47
2.99316406e-02	-5.16795637e-53	-5.70813342e-47
2.99804688e-02	5.56601315e-53	6.14779681e-47
3.00292969e-02	-5.99472986e-53	-6.62132484e-47
3.00781250e-02	6.45646807e-53	7.13132591e-47
3.01269531e-02	-6.95377120e-53	-7.68060931e-47
3.01757813e-02	7.48937863e-53	8.27220072e-47
3.02246094e-02	-8.06624069e-53	-8.90935889e-47
3.02734375e-02	8.68753498e-53	9.59559354e-47
3.03222656e-02	-9.35668386e-53	-1.03346847e-46
3.03710938e-02	1.00773733e-52	1.11307037e-46
3.04199219e-02	-1.08535731e-52	-1.19880353e-46
3.04687500e-02	1.16895589e-52	1.29114020e-46
3.05175781e-02	-1.25899358e-52	-1.39058901e-46
3.05664063e-02	1.35596633e-52	1.49769777e-46
3.06152344e-02	-1.46040831e-52	-1.61305647e-46
3.06640625e-02	1.57289483e-52	1.73730057e-46
3.07128906e-02	-1.69404551e-52	-1.87111444e-46
3.07617188e-02	1.82452771e-52	2.01523520e-46
3.08105469e-02	-1.96506017e-52	-2.17045672e-46
3.08593750e-02	2.11641701e-52	2.33763403e-46
3.09082031e-02	-2.27943196e-52	-2.51768800e-46
3.09570313e-02	2.45500298e-52	2.71161046e-46
3.10058594e-02	-2.64409718e-52	-2.92046960e-46
3.10546875e-02	2.84775618e-52	3.14541591e-46
3.11035156e-02	-3.06710181e-52	-3.38768850e-46
3.11523438e-02	3.30334233e-52	3.64862189e-46
3.12011719e-02	-3.55777904e-52	-3.92965342e-46
3.12500000e-02	3.83181349e-52	4.23233113e-46
3.12988281e-02	-4.12695517e-52	-4.55832229e-46
3.13476563e-02	4.44482985e-52	4.90942261e-46
3.13964844e-02	-4.78718852e-52	-5.28756608e-46
3.14453125e-02	5.15591704e-52	5.69483568e-46
3.14941406e-02	-5.55304650e-52	-6.13347483e-46
3.15429688e-02	5.98076447e-52	6.60589973e-46
3.15917969e-02	-6.44142701e-52	-7.11471269e-46
3.16406250e-02	6.93757162e-52	7.66271647e-46
3.16894531e-02	-7.47193129e-52	-8.25292971e-46
3.17382812e-02	8.04744948e-52	8.88860355e-46
3.17871094e-02	-8.66729640e-52	-9.57323954e-46
3.18359375e-02	9.33488643e-52	1.03106090e-45
3.18847656e-02	-1.00538969e-51	-1.11047735e-45
3.19335938e-02	1.08282885e-51	1.19601078e-45
3.19824219e-02	-1.16623268e-51	-1.28813234e-45
3.20312500e-02	1.25606061e-51	1.38734948e-45
3.20800781e-02	-1.35280745e-51	-1.49420871e-45
3.21289062e-02	1.45700612e-51	1.60929868e-45
3.21777344e-02	-1.56923059e-51	-1.73325333e-45
3.22265625e-02	1.69009905e-51	1.86675548e-45
3.22753906e-02	-1.82027727e-51	-2.01054049e-45
3.23242188e-02	1.96048235e-51	2.16540040e-45
3.23730469e-02	-2.11148658e-51	-2.33218825e-45
3.24218750e-02	2.27412177e-51	2.51182277e-45
3.24707031e-02	-2.44928377e-51	-2.70529346e-45
3.25195313e-02	2.63793746e-51	2.91366604e-45
3.25683594e-02	-2.84112201e-51	-3.13808832e-45
3.26171875e-02	3.05995666e-51	3.37979650e-45
3.26660156e-02	-3.29564682e-51	-3.64012202e-45
3.27148438e-02	3.54949079e-51	3.92049885e-45
3.27636719e-02	-3.82288685e-51	-4.22247144e-45
3.28125000e-02	4.11734097e-51	4.54770317e-45
3.28613281e-02	-4.43447513e-51	-4.89798556e-45
3.29101563e-02	4.77603624e-51	5.27524811e-45
3.29589844e-02	-5.14390575e-51	-5.68156893e-45
3.30078125e-02	5.54011006e-51	6.11918622e-45
3.30566406e-02	-5.96683162e-51	-6.59051055e-45
3.31054687e-02	6.42642099e-51	7.09813818e-45
3.31542969e-02	-6.92140978e-51	-7.64486533e-45
3.32031250e-02	7.45452459e-51	8.23370360e-45
3.32519531e-02	-8.02870205e-51	-8.86789656e-45
3.33007813e-02	8.64710497e-51	9.55093762e-45
3.33496094e-02	-9.31313977e-51	-1.02865892e-44
3.33984375e-02	1.00304753e-50	1.10789037e-44
3.34472656e-02	-1.08030628e-50	-1.19322454e-44
3.34960938e-02	1.16351581e-50	1.28513150e-44
3.35449219e-02	-1.25313448e-50	-1.38411749e-44
3.35937500e-02	1.34965594e-50	1.49072779e-44
3.36425781e-02	-1.45361187e-50	-1.60554964e-44
3.36914062e-02	1.56557490e-50	1.72921553e-44
3.37402344e-02	-1.68616177e-50	-1.86240666e-44
3.37890625e-02	1.81603673e-50	2.00585671e-44
3.38378906e-02	-1.95591519e-50	-2.16035586e-44
3.38867188e-02	2.10656764e-50	2.32675516e-44
3.39355469e-02	-2.26882395e-50	-2.50597120e-44
3.39843750e-02	2.44357790e-50	2.69899118e-44
3.40332031e-02	-2.63179209e-50	-2.90687833e-44
3.40820312e-02	2.83450330e-50	3.13077779e-44
3.41308594e-02	-3.05282815e-50	-3.37192289e-44
3.41796875e-02	3.28796925e-50	3.63164195e-44
3.42285156e-02	-3.54122186e-50	-3.91136562e-44
3.42773438e-02	3.81398101e-50	4.21263473e-44
3.43261719e-02	-4.10774917e-50	-4.53710879e-44
3.43750000e-02	4.42414453e-50	4.88657516e-44
3.44238281e-02	-4.76490993e-50	-5.26295883e-44
3.44726563e-02	5.13192245e-50	5.66833309e-44
3.45214844e-02	-5.52720376e-50	-6.10493090e-44
3.45703125e-02	5.95293122e-50	6.57515722e-44
3.46191406e-02	-6.41144993e-50	-7.08160228e-44
3.46679688e-02	6.90528558e-50	7.62705576e-44
3.47167969e-02	-7.43715845e-50	-8.21452227e-44
3.47656250e-02	8.00999830e-50	8.84723781e-44
3.48144531e-02	-8.62696058e-50	-9.52868765e-44
3.48632813e-02	9.29144378e-50	1.02626255e-43
3.49121094e-02	-1.00071081e-49	-1.10530942e-43
3.49609375e-02	1.07778959e-49	1.19044479e-43
3.50097656e-02	-1.16080527e-49	-1.28213764e-43
3.50585937e-02	1.25021516e-49	1.38089304e-43
3.51074219e-02	-1.34651176e-49	-1.48725497e-43
3.51562500e-02	1.45022552e-49	1.60180933e-43
3.52050781e-02	-1.56192772e-49	-1.72518713e-43
3.52539063e-02	1.68223367e-49	1.85806798e-43
3.53027344e-02	-1.81180607e-49	-2.00118385e-43
3.53515625e-02	1.95135866e-49	2.15532307e-43
3.54003906e-02	-2.10166016e-49	-2.32133472e-43
3.54492188e-02	2.26353847e-49	2.50013326e-43
3.54980469e-02	-2.43788531e-49	-2.69270358e-43
3.55468750e-02	2.62566104e-49	2.90010644e-43
3.55957031e-02	-2.82790001e-49	-3.12348430e-43
3.56445312e-02	3.04571624e-49	3.36406762e-43
3.56933594e-02	-3.28030956e-49	-3.62318164e-43
3.57421875e-02	3.53297219e-49	3.90225366e-43
3.57910156e-02	-3.80509592e-49	-4.20282093e-43
3.58398438e-02	4.09817971e-49	4.52653910e-43
3.58886719e-02	-4.41383799e-49	-4.87519134e-43
3.59375000e-02	4.75380954e-49	5.25069818e-43
3.59863281e-02	-5.11996707e-49	-5.65512807e-43
3.60351562e-02	5.51432753e-49	6.09070878e-43
3.60839844e-02	-5.93906321e-49	-6.55983966e-43
3.61328125e-02	6.39651374e-49	7.06510490e-43
3.61816406e-02	-6.88919895e-49	-7.60928769e-43
3.62304688e-02	7.41983276e-49	8.19538563e-43
3.62792969e-02	-7.99133812e-49	-8.82662719e-43
3.63281250e-02	8.60686312e-49	9.50648951e-43
3.63769531e-02	-9.26979833e-49	-1.02387176e-42
3.64257813e-02	9.98379548e-49	1.10273448e-42
3.64746094e-02	-1.07527876e-48	-1.18767152e-42
3.65234375e-02	1.15810105e-48	1.27915076e-42
3.65722656e-02	-1.24730265e-48	-1.37767609e-42
3.66210938e-02	1.34337492e-48	1.48379025e-42
3.66699219e-02	-1.44684705e-48	-1.59807774e-42
3.67187500e-02	1.55828903e-48	1.72116811e-42
3.67675781e-02	-1.67831472e-48	-1.85373940e-42
3.68164063e-02	1.80758527e-48	1.99652187e-42
3.68652344e-02	-1.94681276e-48	-2.15030201e-42
3.69140625e-02	2.09676411e-48	2.31592692e-42
3.69628906e-02	-2.25826531e-48	-2.49430892e-42
3.70117187e-02	2.43220598e-48	2.68643063e-42
3.70605469e-02	-2.61954427e-48	-2.89335032e-42
3.71093750e-02	2.82131211e-48	3.11620779e-42
3.71582031e-02	-3.03862091e-48	-3.35623065e-42
3.72070313e-02	3.27266771e-48	3.61474103e-42
3.72558594e-02	-3.52474174e-48	-3.89316292e-42
3.73046875e-02	3.79623152e-48	4.19302999e-42
3.73535156e-02	-4.08863254e-48	-4.51599402e-42
3.74023438e-02	4.40355546e-48	4.86383404e-42
3.74511719e-02	-4.74273502e-48	-5.23846610e-42
3.75000000e-02	5.10803954e-48	5.64195382e-42
3.75488281e-02	-5.50148129e-48	-6.07651980e-42
3.75976562e-02	5.92522750e-48	6.54455779e-42
3.76464844e-02	-6.38161235e-48	-7.04864595e-42
3.76953125e-02	6.87314980e-48	7.59156101e-42
3.77441406e-02	-7.40254744e-48	-8.17629357e-42
3.77929688e-02	7.97272141e-48	8.80606458e-42
3.78417969e-02	-8.58681248e-48	-9.48434309e-42
3.78906250e-02	9.24820331e-48	1.02148653e-41
3.79394531e-02	-9.96053712e-48	-1.10016553e-41
3.79882813e-02	1.07277377e-47	1.18490471e-41
3.80371094e-02	-1.15540312e-47	-1.27617083e-41
3.80859375e-02	1.24439692e-47	1.37446664e-41
3.81347656e-02	-1.34024537e-47	-1.48033359e-41
3.81835938e-02	1.44347646e-47	1.59435484e-41
3.82324219e-02	-1.55465883e-47	-1.71715846e-41
3.82812500e-02	1.67440490e-47	1.84942091e-41
3.83300781e-02	-1.80337430e-47	-1.99187075e-41
3.83789063e-02	1.94227744e-47	2.14529264e-41
3.84277344e-02	-2.09187946e-47	-2.31053171e-41
3.84765625e-02	2.25300443e-47	2.48849815e-41
3.85253906e-02	-2.42653989e-47	-2.68017229e-41
3.85742188e-02	2.61344175e-47	2.88660994e-41
3.86230469e-02	-2.81473955e-47	-3.10894824e-41
3.86718750e-02	3.03154210e-47	3.34841194e-41
3.87207031e-02	-3.26504367e-47	-3.60632009e-41
3.87695313e-02	3.51653046e-47	3.88409337e-41
3.88183594e-02	-3.78738778e-47	-4.18326186e-41
3.88671875e-02	4.07910762e-47	4.50547351e-41
3.89160156e-02	-4.39329689e-47	-4.85250320e-41
3.89648438e-02	4.73168629e-47	5.22626251e-41
3.90136719e-02	-5.09613979e-47	-5.62881027e-41
3.90625000e-02	5.48866498e-47	6.06236387e-41
3.91113281e-02	-5.91142403e-47	-6.52931152e-41
3.91601563e-02	6.36674568e-47	7.03222535e-41
3.92089844e-02	-6.85713803e-47	-7.57387562e-41
3.92578125e-02	7.38530238e-47	8.15724598e-41
3.93066406e-02	-7.95414807e-47	-8.78554987e-41
3.93554688e-02	8.56680854e-47	9.46224826e-41
3.94042969e-02	-9.22665859e-47	-1.01910687e-40
3.94531250e-02	9.93733294e-47	1.09760258e-40
3.95019531e-02	-1.07027463e-46	-1.18214434e-40
3.95507812e-02	1.15271148e-46	1.27319785e-40
3.95996094e-02	-1.24149796e-46	-1.37126467e-40
3.96484375e-02	1.33712312e-46	1.47688499e-40
3.96972656e-02	-1.44011372e-46	-1.59064061e-40
3.97460938e-02	1.55103708e-46	1.71315815e-40
3.97949219e-02	-1.67050419e-46	-1.84511248e-40
3.98437500e-02	1.79917314e-46	1.98723046e-40
3.98925781e-02	-1.93775269e-46	-2.14029494e-40
3.99414063e-02	2.08700619e-46	2.30514907e-40
3.99902344e-02	-2.24775581e-46	-2.48270092e-40
4.00390625e-02	2.42088700e-46	2.67392853e-40
4.00878906e-02	-2.60735345e-46	-2.87988526e-40
4.01367188e-02	2.80818230e-46	3.10170560e-40
4.01855469e-02	-3.02447979e-46	-3.34061144e-40
4.02343750e-02	3.25743739e-46	3.59791877e-40
4.02832031e-02	-3.50833832e-46	-3.87504494e-40
4.03320313e-02	3.77856464e-46	4.17351649e-40
4.03808594e-02	-4.06960489e-46	-4.49497751e-40
4.04296875e-02	4.38306222e-46	4.84119875e-40
4.04785156e-02	-4.72066330e-46	-5.21408735e-40
4.05273438e-02	5.08426777e-46	5.61569733e-40
4.05761719e-02	-5.47587852e-46	-6.04824092e-40
4.06250000e-02	5.89765271e-46	6.51410076e-40
4.06738281e-02	-6.35191364e-46	-7.01584300e-40
4.07226563e-02	6.84116357e-46	7.55623144e-40
4.07714844e-02	-7.36809750e-46	-8.13824277e-40
4.08203125e-02	7.93561800e-46	8.76508296e-40
4.08691406e-02	-8.54685121e-46	-9.44020490e-40
4.09179688e-02	9.20516406e-46	1.01673274e-39
4.09667969e-02	-9.91418282e-46	-1.09504559e-39
4.10156250e-02	1.06778131e-45	1.17939040e-39
4.10644531e-02	-1.15002612e-45	-1.27023180e-39
4.11132813e-02	1.23860575e-45	1.36807016e-39
4.11621094e-02	-1.33400815e-45	-1.47344442e-39
4.12109375e-02	1.43675882e-45	1.58693504e-39
4.12597656e-02	-1.54742376e-45	-1.70916716e-39
4.13085938e-02	1.66661256e-45	1.84081408e-39
4.13574219e-02	-1.79498177e-45	-1.98260099e-39
4.14062500e-02	1.93323848e-45	2.13530889e-39
4.14550781e-02	-2.08214428e-45	-2.29977897e-39
4.15039062e-02	2.24251941e-45	2.47691719e-39
4.15527344e-02	-2.41524727e-45	-2.66769932e-39
4.16015625e-02	2.60127933e-45	2.87317624e-39
4.16503906e-02	-2.80164032e-45	-3.09447983e-39
4.16992188e-02	3.01743393e-45	3.33282912e-39
4.17480469e-02	-3.24984883e-45	-3.58953702e-39
4.17968750e-02	3.50016525e-45	3.86601759e-39
4.18457031e-02	-3.76976206e-45	-4.16379382e-39
4.18945313e-02	4.06012429e-45	4.48450596e-39
4.19433594e-02	-4.37285139e-45	-4.82992064e-39
4.19921875e-02	4.70966599e-45	5.20194056e-39
4.20410156e-02	-5.07242340e-45	-5.60261494e-39
4.20898438e-02	5.46312185e-45	6.03415087e-39
4.21386719e-02	-5.88391347e-45	-6.49892544e-39
4.21875000e-02	6.33711615e-45	6.99949881e-39
4.22363281e-02	-6.82522632e-45	-7.53862836e-39
4.22851563e-02	7.35093270e-45	8.11928383e-39
4.23339844e-02	-7.91713110e-45	-8.74466373e-39
4.23828125e-02	8.52694037e-45	9.41821289e-39
4.24316406e-02	-9.18371961e-45	-1.01436415e-38
4.24804688e-02	9.89108663e-45	1.09249456e-38
4.25292969e-02	-1.06529379e-44	-1.17664288e-38
4.25781250e-02	1.14734700e-44	1.26727265e-38
4.26269531e-02	-1.23572028e-44	-1.36488309e-38
4.26757813e-02	1.33090043e-44	1.47001187e-38
4.27246094e-02	-1.43341173e-44	-1.58323810e-38
4.27734375e-02	1.54381887e-44	1.70518546e-38
4.28222656e-02	-1.66273000e-44	-1.83652570e-38
4.28710938e-02	1.79080016e-44	1.97798230e-38
4.29199219e-02	-1.92873479e-44	-2.13033445e-38
4.29687500e-02	2.07729370e-44	2.29442138e-38
4.30175781e-02	-2.23729521e-44	-2.47114694e-38
4.30664063e-02	2.40962069e-44	2.66148461e-38
4.31152344e-02	-2.59521936e-44	-2.86648286e-38
4.31640625e-02	2.79511359e-44	3.08727090e-38
4.32128906e-02	-3.01040448e-44	-3.32506492e-38
4.32617188e-02	3.24227794e-44	3.58117479e-38
4.33105469e-02	-3.49201123e-44	-3.85701128e-38
4.33593750e-02	3.76097998e-44	4.15409380e-38
4.34082031e-02	-4.05066578e-44	-4.47405881e-38
4.34570312e-02	4.36266435e-44	4.81866881e-38
4.35058594e-02	-4.69869430e-44	-5.18982206e-38
4.35546875e-02	5.06060663e-44	5.58956302e-38
4.36035156e-02	-5.45039491e-44	-6.02009365e-38
4.36523438e-02	5.87020624e-44	6.48378547e-38
4.37011719e-02	-6.32235313e-44	-6.98319270e-38
4.37500000e-02	6.80932620e-44	7.52106629e-38
4.37988281e-02	-7.33380788e-44	-8.10036906e-38
4.38476563e-02	7.89868726e-44	8.72429206e-38
4.38964844e-02	-8.50707592e-44	-9.39627212e-38
4.39453125e-02	9.16232512e-44	1.01200108e-37
4.39941406e-02	-9.86804425e-44	-1.08994947e-37
4.40429688e-02	1.06281207e-43	1.17390176e-37
4.40917969e-02	-1.14467413e-43	-1.26432040e-37
4.41406250e-02	1.23284153e-43	1.36170344e-37
4.41894531e-02	-1.32779995e-43	-1.46658731e-37
4.42382813e-02	1.43007244e-43	1.57954977e-37
4.42871094e-02	-1.54022237e-43	-1.70121304e-37
4.43359375e-02	1.65885649e-43	1.83224731e-37
4.43847656e-02	-1.78662829e-43	-1.97337437e-37
4.44335938e-02	1.92424158e-43	2.12537160e-37
4.44824219e-02	-2.07245441e-43	-2.28907627e-37
4.45312500e-02	2.23208318e-43	2.46539013e-37
4.45800781e-02	-2.40400721e-43	-2.65528439e-37
4.46289063e-02	2.58917351e-43	2.85980507e-37
4.46777344e-02	-2.78860207e-43	-3.08007876e-37
4.47265625e-02	3.00339141e-43	3.31731881e-37
4.47753906e-02	-3.23472470e-43	-3.57283205e-37
4.48242188e-02	3.48387620e-43	3.84802594e-37
4.48730469e-02	-3.75221836e-43	-4.14441637e-37
4.49218750e-02	4.04122930e-43	4.46363599e-37
4.49707031e-02	-4.35250104e-43	-4.80744318e-37
4.50195313e-02	4.68774817e-43	5.17773179e-37
4.50683594e-02	-5.04881739e-43	-5.57654152e-37
4.51171875e-02	5.43769761e-43	6.00606917e-37
4.51660156e-02	-5.85653094e-43	-6.46868077e-37
4.52148438e-02	6.30762451e-43	6.96692458e-37
4.52636719e-02	-6.79346312e-43	-7.50354513e-37
4.53125000e-02	7.31672297e-43	8.08149835e-37
4.53613281e-02	-7.88028639e-43	-8.70396785e-37
4.54101562e-02	8.48725774e-43	9.37438246e-37
4.54589844e-02	-9.14098047e-43	-1.00964351e-36
4.55078125e-02	9.84505554e-43	1.08741031e-36
4.55566406e-02	-1.06033613e-42	-1.17116703e-36
4.56054688e-02	1.14200748e-42	1.26137502e-36
4.56542969e-02	-1.22996949e-42	-1.35853120e-36
4.57031250e-02	1.32470669e-42	1.46317074e-36
4.57519531e-02	-1.42674093e-42	-1.57587003e-36
4.58007813e-02	1.53663425e-42	1.69724988e-36
4.58496094e-02	-1.65499200e-42	-1.82797889e-36
4.58984375e-02	1.78246614e-42	1.96877718e-36
4.59472656e-02	-1.91975885e-42	-2.12042031e-36
4.59960938e-02	2.06762640e-42	2.28374361e-36
4.60449219e-02	-2.22688330e-42	-2.45964673e-36
4.60937500e-02	2.39840680e-42	2.64909861e-36
4.61425781e-02	-2.58314174e-42	-2.85314284e-36
4.61914063e-02	2.78210571e-42	3.07290337e-36
4.62402344e-02	-2.99639468e-42	-3.30959075e-36
4.62890625e-02	3.22718905e-42	3.56450874e-36
4.63378906e-02	-3.47576012e-42	-3.83906154e-36
4.63867188e-02	3.74347715e-42	4.13476150e-36
4.64355469e-02	-4.03181481e-42	-4.45323745e-36
4.64843750e-02	4.34236140e-42	4.79624371e-36
4.65332031e-02	-4.67682754e-42	-5.16566969e-36
4.65820313e-02	5.03705561e-42	5.56355035e-36
4.66308594e-02	-5.42502989e-42	-5.99207737e-36
4.66796875e-02	5.84288751e-42	6.45361126e-36
4.67285156e-02	-6.29293020e-42	-6.95069436e-36
4.67773438e-02	6.77763699e-42	7.48606479e-36
4.68261719e-02	-7.29967785e-42	-8.06267160e-36
4.68750000e-02	7.86192839e-42	8.68369100e-36
4.69238281e-02	-8.46748573e-42	-9.35254380e-36
4.69726563e-02	9.11968554e-42	1.00729143e-35
4.70214844e-02	-9.82212039e-42	-1.08487707e-35
4.70703125e-02	1.05786596e-41	1.16843867e-35
4.71191406e-02	-1.13934705e-41	-1.25843651e-35
4.71679688e-02	1.22710414e-41	1.35536635e-35
4.72167969e-02	-1.32162064e-41	-1.45976212e-35
4.72656250e-02	1.42341718e-41	1.57219887e-35
4.73144531e-02	-1.53305449e-41	-1.69329595e-35
4.73632812e-02	1.65113651e-41	1.82372041e-35
4.74121094e-02	-1.77831369e-41	-1.96419069e-35
4.74609375e-02	1.91528656e-41	2.11548056e-35
4.75097656e-02	-2.06280963e-41	-2.27842338e-35
4.75585938e-02	2.22169553e-41	2.45391671e-35
4.76074219e-02	-2.39281945e-41	-2.64292724e-35
4.76562500e-02	2.57712403e-41	2.84649613e-35
4.77050781e-02	-2.77562448e-41	-3.06574470e-35
4.77539063e-02	2.98941424e-41	3.30188069e-35
4.78027344e-02	-3.21967095e-41	-3.55620482e-35
4.78515625e-02	3.46766296e-41	3.83011802e-35
4.79003906e-02	-3.73475630e-41	-4.12512911e-35
4.79492188e-02	4.02242225e-41	4.44286314e-35
4.79980469e-02	-4.33224539e-41	-4.78507033e-35
4.80468750e-02	4.66593235e-41	5.15363569e-35
4.80957031e-02	-5.02532123e-41	-5.55058944e-35
4.81445313e-02	5.41239168e-41	5.97811816e-35
4.81933594e-02	-5.82927585e-41	-6.43857686e-35
4.82421875e-02	6.27827012e-41	6.93450194e-35
4.82910156e-02	-6.76184773e-41	-7.46862517e-35
4.83398438e-02	7.28267244e-41	8.04388872e-35
4.83886719e-02	-7.84361316e-41	-8.66346137e-35
4.84375000e-02	8.44775979e-41	9.33075601e-35
4.84863281e-02	-9.09844022e-41	-1.00494484e-34
4.85351563e-02	9.79923867e-41	1.08234973e-34
4.85839844e-02	-1.05540154e-40	-1.16571666e-34
4.86328125e-02	1.13669282e-40	1.25550484e-34
4.86816406e-02	-1.22424547e-40	-1.35220887e-34
4.87304688e-02	1.31854178e-40	1.45636144e-34
4.87792969e-02	-1.42010117e-40	-1.56853626e-34
4.88281250e-02	1.52948307e-40	1.68935123e-34
4.88769531e-02	-1.64729001e-40	-1.81947185e-34
4.89257813e-02	1.77417091e-40	1.95961489e-34
4.89746094e-02	-1.91082469e-40	-2.11055231e-34
4.90234375e-02	2.05800409e-40	2.27311554e-34
4.90722656e-02	-2.21651984e-40	-2.44820004e-34
4.91210938e-02	2.38724511e-40	2.63677025e-34
4.91699219e-02	-2.57112033e-40	-2.83986490e-34
4.92187500e-02	2.76915836e-40	3.05860271e-34
4.92675781e-02	-2.98245007e-40	-3.29418859e-34
4.93164062e-02	3.21217037e-40	3.54792025e-34
4.93652344e-02	-3.45958465e-40	-3.82119533e-34
4.94140625e-02	3.72605577e-40	4.11551916e-34
4.94628906e-02	-4.01305157e-40	-4.43251300e-34
4.95117188e-02	4.32215294e-40	4.77392298e-34
4.95605469e-02	-4.65506255e-40	-5.14162972e-34
4.96093750e-02	5.01361418e-40	5.53765872e-34
4.96582031e-02	-5.39978291e-40	-5.96419147e-34
4.97070313e-02	5.81569591e-40	6.42357748e-34
4.97558594e-02	-6.26364419e-40	-6.91834725e-34
4.98046875e-02	6.74609526e-40	7.45122618e-34
4.98535156e-02	-7.26570664e-40	-8.02514959e-34
4.99023438e-02	7.82534059e-40	8.64327888e-34
4.99511719e-02	-8.42807979e-40	-9.30901898e-34
5.00000000e-02	9.07724439e-40	1.00260371e-33
5.00488281e-02	-9.77641026e-40	-1.07982828e-33
5.00976563e-02	1.05294287e-39	1.16300099e-33
5.01464844e-02	-1.13404476e-39	-1.25258000e-33
5.01953125e-02	1.22139345e-39	1.34905875e-33
5.02441406e-02	-1.31547009e-39	-1.45296868e-33
5.02929688e-02	1.41679288e-39	1.56488218e-33
5.03417969e-02	-1.52591997e-39	-1.68541569e-33
5.03906250e-02	1.64345246e-39	1.81523319e-33
5.04394531e-02	-1.77003778e-39	-1.95504975e-33
5.04882813e-02	1.90637321e-39	2.10563554e-33
5.05371094e-02	-2.05320974e-39	-2.26782006e-33
5.05859375e-02	2.21135621e-39	2.44249668e-33
5.06347656e-02	-2.38168376e-39	-2.63062760e-33
5.06835938e-02	2.56513062e-39	2.83324912e-33
5.07324219e-02	-2.76270730e-39	-3.05147736e-33
5.07812500e-02	2.97550212e-39	3.28651442e-33
5.08300781e-02	-3.20468726e-39	-3.53965497e-33
5.08789063e-02	3.45152516e-39	3.81229343e-33
5.09277344e-02	-3.71737551e-39	-4.10593161e-33
5.09765625e-02	4.00370272e-39	4.42218697e-33
5.10253906e-02	-4.31208401e-39	-4.76280160e-33
5.10742188e-02	4.64421806e-39	5.12965173e-33
5.11230469e-02	-5.00193441e-39	-5.52475813e-33
5.11718750e-02	5.38720352e-39	5.95029722e-33
5.12207031e-02	-5.80214760e-39	-6.40861304e-33
5.12695312e-02	6.24905234e-39	6.90223019e-33
5.13183594e-02	-6.73037948e-39	-7.43386772e-33
5.13671875e-02	7.24878038e-39	8.00645411e-33
5.14160156e-02	-7.80711059e-39	-8.62314340e-33
5.14648438e-02	8.40844565e-39	9.28733259e-33
5.15136719e-02	-9.05609794e-39	-1.00026803e-32
5.15625000e-02	9.75363503e-39	1.07731270e-32
5.16113281e-02	-1.05048992e-38	-1.16029165e-32
5.16601563e-02	1.13140288e-38	1.24966198e-32
5.17089844e-02	-1.21854808e-38	-1.34591597e-32
5.17578125e-02	1.31240555e-38	1.44958383e-32
5.18066406e-02	-1.41349231e-38	-1.56123661e-32
5.18554688e-02	1.52236517e-38	1.68148933e-32
5.19042969e-02	-1.63962386e-38	-1.81100440e-32
5.19531250e-02	1.76591428e-38	1.95049524e-32
5.20019531e-02	-1.90193210e-38	-2.10073023e-32
5.20507813e-02	2.04842656e-38	2.26253692e-32
5.20996094e-02	-2.20620461e-38	-2.43680662e-32
5.21484375e-02	2.37613536e-38	2.62449926e-32
5.21972656e-02	-2.55915486e-38	-2.82664875e-32
5.22460938e-02	2.75627126e-38	3.04436860e-32
5.22949219e-02	-2.96857036e-38	-3.27885812e-32
5.23437500e-02	3.19722159e-38	3.53140895e-32
5.23925781e-02	-3.44348445e-38	-3.80341227e-32
5.24414063e-02	3.70871547e-38	4.09636638e-32
5.24902344e-02	-3.99437565e-38	-4.41188500e-32
5.25390625e-02	4.30203853e-38	4.75170612e-32
5.25878906e-02	-4.63339884e-38	-5.11770164e-32
5.26367188e-02	4.99028185e-38	5.51188760e-32
5.26855469e-02	-5.37465343e-38	-5.93643535e-32
5.27343750e-02	5.78863085e-38	6.39368347e-32
5.27832031e-02	-6.23449448e-38	-6.88615068e-32
5.28320313e-02	6.71470032e-38	7.41654970e-32
5.28808594e-02	-7.23189354e-38	-7.98780219e-32
5.29296875e-02	7.78892306e-38	8.60305483e-32
5.29785156e-02	-8.38885724e-38	-9.26569671e-32
5.30273438e-02	9.03500076e-38	9.97937794e-32
5.30761719e-02	-9.73091285e-38	-1.07480298e-31
5.31250000e-02	1.04804269e-37	1.15758862e-31
5.31738281e-02	-1.12876715e-37	-1.24675075e-31
5.32226562e-02	1.21570934e-37	1.34278051e-31
5.32714844e-02	-1.30934816e-37	-1.44620687e-31
5.33203125e-02	1.41019942e-37	1.55759954e-31
5.33691406e-02	-1.51881865e-37	-1.67757212e-31
5.34179688e-02	1.63580417e-37	1.80678547e-31
5.34667969e-02	-1.76180039e-37	-1.94595135e-31
5.35156250e-02	1.89750134e-37	2.09583635e-31
5.35644531e-02	-2.04365452e-37	-2.25726609e-31
5.36132813e-02	2.20106501e-37	2.43112980e-31
5.36621094e-02	-2.37059989e-37	-2.61838520e-31
5.37109375e-02	2.55319303e-37	2.82006376e-31
5.37597656e-02	-2.74985022e-37	-3.03727641e-31
5.38085938e-02	2.96165475e-37	3.27121965e-31
5.38574219e-02	-3.18977331e-37	-3.52318215e-31
5.39062500e-02	3.43546247e-37	3.79455180e-31
5.39550781e-02	-3.70007561e-37	-4.08682344e-31
5.40039063e-02	3.98507031e-37	4.40160702e-31
5.40527344e-02	-4.29201646e-37	-4.74063649e-31
5.41015625e-02	4.62260482e-37	5.10577938e-31
5.41503906e-02	-4.97865644e-37	-5.49904704e-31
5.41992188e-02	5.36213258e-37	5.92260576e-31
5.42480469e-02	-5.77514559e-37	-6.37878867e-31
5.42968750e-02	6.21997053e-37	6.87010863e-31
5.43457031e-02	-6.69905768e-37	-7.39927203e-31
5.43945313e-02	7.21504604e-37	7.96919371e-31
5.44433594e-02	-7.77077790e-37	-8.58301306e-31
5.44921875e-02	8.36931447e-37	9.24411125e-31
5.45410156e-02	-9.01395272e-37	-9.95612987e-31
5.45898438e-02	9.70824361e-37	1.07229910e-30
5.46386719e-02	-1.04560116e-36	-1.15489189e-30
5.46875000e-02	1.12613756e-36	1.24384631e-30
5.47363281e-02	-1.21287721e-36	-1.33965236e-30
5.47851563e-02	1.30629789e-36	1.44283777e-30
5.48339844e-02	-1.40691420e-36	-1.55397093e-30
5.48828125e-02	1.51528039e-36	1.67366403e-30
5.49316406e-02	-1.63199338e-36	-1.80257636e-30
5.49804688e-02	1.75769608e-36	1.94141804e-30
5.50292969e-02	-1.89308090e-36	-2.09095387e-30
5.50781250e-02	2.03889360e-36	2.25200754e-30
5.51269531e-02	-2.19593739e-36	-2.42546622e-30
5.51757812e-02	2.36507732e-36	2.61228538e-30
5.52246094e-02	-2.54724508e-36	-2.81349411e-30
5.52734375e-02	2.74344414e-36	3.03020074e-30
5.53222656e-02	-2.95475524e-36	-3.26359898e-30
5.53710938e-02	3.18234238e-36	3.51497450e-30
5.54199219e-02	-3.42745918e-36	-3.78571197e-30
5.54687500e-02	3.69145587e-36	4.07730273e-30
5.55175781e-02	-3.97578665e-36	-4.39135299e-30
5.55664063e-02	4.28201773e-36	4.72959266e-30
5.56152344e-02	-4.61183595e-36	-5.09388490e-30
5.56640625e-02	4.96705810e-36	5.48623640e-30
5.57128906e-02	-5.34964090e-36	-5.90880839e-30
5.57617188e-02	5.76169175e-36	6.36392858e-30
5.58105469e-02	-6.20548042e-36	-6.85410395e-30
5.58593750e-02	6.68345148e-36	7.38203460e-30
5.59082031e-02	-7.19823779e-36	-7.95062859e-30
5.59570313e-02	7.75267501e-36	8.56301798e-30
5.60058594e-02	-8.34981722e-36	-9.22257606e-30
5.60546875e-02	8.99295372e-36	9.93293596e-30
5.61035156e-02	-9.68562718e-36	-1.06980106e-29
5.61523438e-02	1.04316531e-35	1.15220144e-29
5.62011719e-02	-1.12351410e-35	-1.24094863e-29
5.62500000e-02	1.21005168e-35	1.33653149e-29
5.62988281e-02	-1.30325472e-35	-1.43947652e-29
5.63476563e-02	1.40363664e-35	1.55035079e-29
5.63964844e-02	-1.51175038e-35	-1.66976504e-29
5.64453125e-02	1.62819148e-35	1.79837706e-29
5.64941406e-02	-1.75360133e-35	-1.93689529e-29
5.65429688e-02	1.88867076e-35	2.08608276e-29
5.65917969e-02	-2.03414377e-35	-2.24676124e-29
5.66406250e-02	2.19082171e-35	2.41981583e-29
5.66894531e-02	-2.35956761e-35	-2.60619977e-29
5.67382813e-02	2.54131099e-35	2.80693976e-29
5.67871094e-02	-2.73705299e-35	-3.02314155e-29
5.68359375e-02	2.94787181e-35	3.25599607e-29
5.68847656e-02	-3.17492876e-35	-3.50678598e-29
5.69335938e-02	3.41947454e-35	3.77689274e-29
5.69824219e-02	-3.68285622e-35	-4.06780421e-29
5.70312500e-02	3.96652461e-35	4.38112284e-29
5.70800781e-02	-4.27204229e-35	-4.71857455e-29
5.71289062e-02	4.60109217e-35	5.08201813e-29
5.71777344e-02	-4.95548679e-35	-5.47345561e-29
5.72265625e-02	5.33717831e-35	5.89504317e-29
5.72753906e-02	-5.74826925e-35	-6.34910310e-29
5.73242188e-02	6.19102407e-35	6.83813656e-29
5.73730469e-02	-6.66788164e-35	-7.36483733e-29
5.74218750e-02	7.18146870e-35	7.93210672e-29
5.74707031e-02	-7.73461430e-35	-8.54306948e-29
5.75195313e-02	8.33036539e-35	9.20109105e-29
5.75683594e-02	-8.97200364e-35	-9.90979609e-29
5.76171875e-02	9.66306344e-35	1.06730884e-28
5.76660156e-02	-1.04073514e-34	-1.14951726e-28
5.77148438e-02	1.12089675e-34	1.23805771e-28
5.77636719e-02	-1.20723273e-34	-1.33341789e-28
5.78125000e-02	1.30021865e-34	1.43612310e-28
5.78613281e-02	-1.40036672e-34	-1.54673907e-28
5.79101563e-02	1.50822859e-34	1.66587514e-28
5.79589844e-02	-1.62439842e-34	-1.79418754e-28
5.80078125e-02	1.74951612e-34	1.93238308e-28
5.80566406e-02	-1.88427089e-34	-2.08122300e-28
5.81054688e-02	2.02940501e-34	2.24152716e-28
5.81542969e-02	-2.18571795e-34	-2.41417860e-28
5.82031250e-02	2.35407073e-34	2.60012834e-28
5.82519531e-02	-2.53539073e-34	-2.80040068e-28
5.83007813e-02	2.73067672e-34	3.01609880e-28
5.83496094e-02	-2.94100442e-34	-3.24841086e-28
5.83984375e-02	3.16753241e-34	3.49861653e-28
5.84472656e-02	-3.41150849e-34	-3.76809405e-28
5.84960938e-02	3.67427660e-34	4.05832780e-28
5.85449219e-02	-3.95728416e-34	-4.37091653e-28
5.85937500e-02	4.26209010e-34	4.70758210e-28
5.86425781e-02	-4.59037342e-34	-5.07017901e-28
5.86914063e-02	4.94394244e-34	5.46070459e-28
5.87402344e-02	-5.32474477e-34	-5.88131001e-28
5.87890625e-02	5.73487802e-34	6.33431216e-28
5.88378906e-02	-6.17660139e-34	-6.82220636e-28
5.88867188e-02	6.65234807e-34	7.34768013e-28
5.89355469e-02	-7.16473867e-34	-7.91362800e-28
5.89843750e-02	7.71659565e-34	8.52316746e-28
5.90332031e-02	-8.31095888e-34	-9.17965609e-28
5.90820312e-02	8.95110236e-34	9.88671012e-28
5.91308594e-02	-9.64055226e-34	-1.06482243e-27
5.91796875e-02	1.03831064e-33	1.14683933e-27
5.92285156e-02	-1.11828550e-33	-1.23517351e-27
5.92773438e-02	1.20442034e-33	1.33031154e-27
5.93261719e-02	-1.29718964e-33	-1.43277749e-27
5.93750000e-02	1.39710441e-33	1.54313577e-27
5.94238281e-02	-1.50471501e-33	-1.66199430e-27
5.94726563e-02	1.62061421e-33	1.79000778e-27
5.95214844e-02	-1.74544043e-33	-1.92788138e-27
5.95703125e-02	1.87988127e-33	2.07637456e-27
5.96191406e-02	-2.02467729e-33	-2.23630527e-27
5.96679688e-02	2.18062607e-33	2.40855450e-27
5.97167969e-02	-2.34858666e-33	-2.59407105e-27
5.97656250e-02	2.52948425e-33	2.79387684e-27
5.98144531e-02	-2.72431530e-33	-3.00907247e-27
5.98632813e-02	2.93415302e-33	3.24084333e-27
5.99121094e-02	-3.16015329e-33	-3.49046612e-27
5.99609375e-02	3.40356100e-33	3.75931585e-27
6.00097656e-02	-3.66571696e-33	-4.04887348e-27
6.00585938e-02	3.94806522e-33	4.36073400e-27
6.01074219e-02	-4.25216108e-33	-4.69661527e-27
6.01562500e-02	4.57967963e-33	5.05836746e-27
6.02050781e-02	-4.93242497e-33	-5.44798327e-27
6.02539063e-02	5.31234018e-33	5.86760885e-27
6.03027344e-02	-5.72151799e-33	-6.31955568e-27
6.03515625e-02	6.16221231e-33	6.80631327e-27
6.04003906e-02	-6.63685069e-33	-7.33056289e-27
6.04492188e-02	7.14804762e-33	7.89519233e-27
6.04980469e-02	-7.69861899e-33	-8.50331179e-27
6.05468750e-02	8.29159758e-33	9.15827106e-27
6.05957031e-02	-8.93024978e-33	-9.86367793e-27
6.06445313e-02	9.61809353e-33	1.06234181e-26
6.06933594e-02	-1.03589178e-32	-1.14416765e-26
6.07421875e-02	1.11568033e-32	1.23229604e-26
6.07910156e-02	-1.20161451e-32	-1.32721244e-26
6.08398438e-02	1.29416770e-32	1.42943967e-26
6.08886719e-02	-1.39384970e-32	-1.53954087e-26
6.09375000e-02	1.50120960e-32	1.65812250e-26
6.09863281e-02	-1.61683881e-32	-1.78583776e-26
6.10351562e-02	1.74137423e-32	1.92339017e-26
6.10839844e-02	-1.87550188e-32	-2.07153741e-26
6.11328125e-02	2.01996058e-32	2.23109555e-26
6.11816406e-02	-2.17554606e-32	-2.40294350e-26
6.12304688e-02	2.34311537e-32	2.58802788e-26
6.12792969e-02	-2.52359154e-32	-2.78736819e-26
6.13281250e-02	2.71796871e-32	3.00206250e-26
6.13769531e-02	-2.92731759e-32	-3.23329343e-26
6.14257813e-02	3.15279136e-32	3.48233469e-26
6.14746094e-02	-3.39563203e-32	-3.75055811e-26
6.15234375e-02	3.65717727e-32	4.03944118e-26
6.15722656e-02	-3.93886777e-32	-4.35057519e-26
6.16210938e-02	4.24225520e-32	4.68567398e-26
6.16699219e-02	-4.56901076e-32	-5.04658344e-26
6.17187500e-02	4.92093434e-32	5.43529159e-26
6.17675781e-02	-5.29996450e-32	-5.85393960e-26
6.18164063e-02	5.70818908e-32	6.30483357e-26
6.18652344e-02	-6.14785675e-32	-6.79045721e-26
6.19140625e-02	6.62138941e-32	7.31348553e-26
6.19628906e-02	-7.13139545e-32	-7.87679960e-26
6.20117188e-02	7.68068420e-32	8.48350238e-26
6.20605469e-02	-8.27228139e-32	-9.13693585e-26
6.21093750e-02	8.90944577e-32	9.84069940e-26
6.21582031e-02	-9.59568711e-32	-1.05986696e-25
6.22070313e-02	1.03347855e-31	1.14150218e-25
6.22558594e-02	-1.11308123e-31	-1.22942527e-25
6.23046875e-02	1.19881522e-31	1.32412055e-25
6.23535156e-02	-1.29115279e-31	-1.42610964e-25
6.24023438e-02	1.39060257e-31	1.53595434e-25
6.24511719e-02	-1.49771237e-31	-1.65425972e-25
6.25000000e-02	1.61307220e-31	1.78167745e-25
6.25488281e-02	-1.73731751e-31	-1.91890941e-25
6.25976563e-02	1.87113269e-31	2.06671153e-25
6.26464844e-02	-2.01525485e-31	-2.22589797e-25
6.26953125e-02	2.17047789e-31	2.39734558e-25
6.27441406e-02	-2.33765682e-31	-2.58199878e-25
6.27929687e-02	2.51771255e-31	2.78087471e-25
6.28417969e-02	-2.71163690e-31	-2.99506886e-25
6.28906250e-02	2.92049808e-31	3.22576111e-25
6.29394531e-02	-3.14544659e-31	-3.47422220e-25
6.29882812e-02	3.38772153e-31	3.74182077e-25
6.30371094e-02	-3.64865747e-31	-4.03003085e-25
6.30859375e-02	3.92969174e-31	4.34044004e-25
6.31347656e-02	-4.23237240e-31	-4.67475819e-25
6.31835938e-02	4.55836674e-31	5.03482686e-25
6.32324219e-02	-4.90947048e-31	-5.42262947e-25
6.32812500e-02	5.28761764e-31	5.84030220e-25
6.33300781e-02	-5.69489122e-31	-6.29014577e-25
6.33789063e-02	6.13353464e-31	6.77463809e-25
6.34277344e-02	-6.60596415e-31	-7.29644796e-25
6.34765625e-02	7.11478207e-31	7.85844972e-25
6.35253906e-02	-7.66279120e-31	-8.46373912e-25
6.35742188e-02	8.25301019e-31	9.11565035e-25
6.36230469e-02	-8.88869023e-31	-9.81777440e-25
6.36718750e-02	9.57333290e-31	1.05739789e-24
6.37207031e-02	-1.03107095e-30	-1.13884292e-24
6.37695312e-02	1.11048818e-30	1.22656119e-24
6.38183594e-02	-1.19602245e-30	-1.32103586e-24
6.38671875e-02	1.28814490e-30	1.42278736e-24
6.39160156e-02	-1.38736301e-30	-1.53237616e-24
6.39648438e-02	1.49422328e-30	1.65040593e-24
6.40136719e-02	-1.60931437e-30	-1.77752684e-24
6.40625000e-02	1.73327023e-30	1.91443910e-24
6.41113281e-02	-1.86677368e-30	-2.06189690e-24
6.41601563e-02	2.01056010e-30	2.22071249e-24
6.42089844e-02	-2.16542152e-30	-2.39176070e-24
6.42578125e-02	2.33221099e-30	2.57598373e-24
6.43066406e-02	-2.51184726e-30	-2.77439635e-24
6.43554688e-02	2.70531984e-30	2.98809152e-24
6.44042969e-02	-2.91369445e-30	-3.21824634e-24
6.44531250e-02	3.13811892e-30	3.46612862e-24
6.45019531e-02	-3.37982946e-30	-3.73310378e-24
6.45507813e-02	3.64015752e-30	4.02064245e-24
6.45996094e-02	-3.92053709e-30	-4.33032850e-24
6.46484375e-02	4.22251262e-30	4.66386782e-24
6.46972656e-02	-4.54774752e-30	-5.02309767e-24
6.47460937e-02	4.89803333e-30	5.40999686e-24
6.47949219e-02	-5.27529955e-30	-5.82669657e-24
6.48437500e-02	5.68162434e-30	6.27549217e-24
6.48925781e-02	-6.11924589e-30	-6.75885582e-24
6.49414062e-02	6.59057482e-30	7.27945007e-24
6.49902344e-02	-7.09820740e-30	-7.84014259e-24
6.50390625e-02	7.64493988e-30	8.44402191e-24
6.50878906e-02	-8.23378389e-30	-9.09441443e-24
6.51367188e-02	8.86798304e-30	9.79490281e-24
6.51855469e-02	-9.55103075e-30	-1.05493456e-23
6.52343750e-02	1.02866896e-29	1.13618986e-23
6.52832031e-02	-1.10790118e-29	-1.22370378e-23
6.53320313e-02	1.19323618e-29	1.31795836e-23
6.53808594e-02	-1.28514403e-29	-1.41947282e-23
6.54296875e-02	1.38413099e-29	1.52880632e-23
6.54785156e-02	-1.49074232e-29	-1.64656113e-23
6.55273438e-02	1.60556529e-29	1.77338589e-23
6.55761719e-02	-1.72923239e-29	-1.90997920e-23
6.56250000e-02	1.86242482e-29	2.05709348e-23
6.56738281e-02	-2.00587627e-29	-2.21553910e-23
6.57226562e-02	2.16037693e-29	2.38618883e-23
6.57714844e-02	-2.32677785e-29	-2.56998269e-23
6.58203125e-02	2.50599564e-29	2.76793309e-23
6.58691406e-02	-2.69901750e-29	-2.98113043e-23
6.59179688e-02	2.90690668e-29	3.21074908e-23
6.59667969e-02	-3.13080832e-29	-3.45805389e-23
6.60156250e-02	3.37195577e-29	3.72440711e-23
6.60644531e-02	-3.63167736e-29	-4.01127592e-23
6.61132813e-02	3.91140376e-29	4.32024052e-23
6.61621094e-02	-4.21267581e-29	-4.65300282e-23
6.62109375e-02	4.53715304e-29	5.01139581e-23
6.62597656e-02	-4.88662281e-29	-5.39739367e-23
6.63085938e-02	5.26301016e-29	5.81312264e-23
6.63574219e-02	-5.66838836e-29	-6.26087272e-23
6.64062500e-02	6.10499043e-29	6.74311031e-23
6.64550781e-02	-6.57522134e-29	-7.26249179e-23
6.65039063e-02	7.08167134e-29	7.82187811e-23
6.65527344e-02	-7.62713014e-29	-8.42435062e-23
6.66015625e-02	8.21460238e-29	9.07322799e-23
6.66503906e-02	-8.84732409e-29	-9.77208449e-23
6.66992187e-02	9.52878057e-29	1.05247697e-22
6.67480469e-02	-1.02627256e-28	-1.13354298e-22
6.67968750e-02	1.10532020e-28	1.22085302e-22
6.68457031e-02	-1.19045640e-28	-1.31488803e-22
6.68945312e-02	1.28215014e-28	1.41616600e-22
6.69433594e-02	-1.38090650e-28	-1.52524480e-22
6.69921875e-02	1.48726948e-28	1.64272528e-22
6.70410156e-02	-1.60182495e-28	-1.76925459e-22
6.70898438e-02	1.72520395e-28	1.90552970e-22
6.71386719e-02	-1.85808610e-28	-2.05230126e-22
6.71875000e-02	2.00120336e-28	2.21037775e-22
6.72363281e-02	-2.15534409e-28	-2.38062994e-22
6.72851563e-02	2.32135736e-28	2.56399563e-22
6.73339844e-02	-2.50015764e-28	-2.76148488e-22
6.73828125e-02	2.69272984e-28	2.97418555e-22
6.74316406e-02	-2.90013472e-28	-3.20326929e-22
6.74804688e-02	3.12351476e-28	3.44999797e-22
6.75292969e-02	-3.36410043e-28	-3.71573069e-22
6.75781250e-02	3.62321697e-28	4.00193121e-22
6.76269531e-02	-3.90229171e-28	-4.31017604e-22
6.76757812e-02	4.20286191e-28	4.64216313e-22
6.77246094e-02	-4.52658324e-28	-4.99972121e-22
6.77734375e-02	4.87523888e-28	5.38481984e-22
6.78222656e-02	-5.25074939e-28	-5.79958032e-22
6.78710938e-02	5.65518322e-28	6.24628732e-22
6.79199219e-02	-6.09076818e-28	-6.72740149e-22
6.79687500e-02	6.55990364e-28	7.24557301e-22
6.80175781e-02	-7.06517380e-28	-7.80365618e-22
6.80664063e-02	7.60936190e-28	8.40472516e-22
6.81152344e-02	-8.19546555e-28	-9.05209090e-22
6.81640625e-02	8.82671327e-28	9.74931934e-22
6.82128906e-02	-9.50658222e-28	-1.05002511e-21
6.82617188e-02	1.02388174e-27	1.13090227e-21
6.83105469e-02	-1.10274523e-27	-1.21800891e-21
6.83593750e-02	1.18768310e-27	1.31182485e-21
6.84082031e-02	-1.27916323e-27	-1.41286688e-21
6.84570313e-02	1.37768953e-27	1.52169157e-21
6.85058594e-02	-1.48380472e-27	-1.63889837e-21
6.85546875e-02	1.59809332e-27	1.76513292e-21
6.86035156e-02	-1.72118490e-27	-1.90109055e-21
6.86523437e-02	1.85375748e-27	2.04752019e-21
6.87011719e-02	-1.99654134e-27	-2.20522843e-21
6.87500000e-02	2.15032298e-27	2.37508400e-21
6.87988281e-02	-2.31594950e-27	-2.55802252e-21
6.88476562e-02	2.49433325e-27	2.75505170e-21
6.88964844e-02	-2.68645683e-27	-2.96725686e-21
6.89453125e-02	2.89337853e-27	3.19580691e-21
6.89941406e-02	-3.11623818e-27	-3.44196082e-21
6.90429688e-02	3.35626338e-27	3.70707448e-21
6.90917969e-02	-3.61477628e-27	-3.99260826e-21
6.91406250e-02	3.89320089e-27	4.30013501e-21
6.91894531e-02	-4.19307088e-27	-4.63134870e-21
6.92382813e-02	4.51603806e-27	4.98807380e-21
6.92871094e-02	-4.86388148e-27	-5.37227531e-21
6.93359375e-02	5.23851719e-27	5.78606956e-21
6.93847656e-02	-5.64200885e-27	-6.23173590e-21
6.94335938e-02	6.07657906e-27	6.71172926e-21
6.94824219e-02	-6.54462162e-27	-7.22869364e-21
6.95312500e-02	7.04871469e-27	7.78547670e-21
6.95800781e-02	-7.59163504e-27	-8.38514542e-21
6.96289062e-02	8.17637331e-27	9.03100305e-21
6.96777344e-02	-8.80615046e-27	-9.72660722e-21
6.97265625e-02	9.48443558e-27	1.04757896e-20
6.97753906e-02	-1.02149650e-26	-1.12826771e-20
6.98242188e-02	1.10017626e-26	1.21517142e-20
6.98730469e-02	-1.18491626e-26	-1.30876881e-20
6.99218750e-02	1.27618328e-26	1.40957545e-20
6.99707031e-02	-1.37448005e-26	-1.51814662e-20
7.00195313e-02	1.48034803e-26	1.63508038e-20
7.00683594e-02	-1.59437039e-26	-1.76102084e-20
7.01171875e-02	1.71717521e-26	1.89666175e-20
7.01660156e-02	-1.84943895e-26	-2.04275027e-20
7.02148438e-02	1.99189017e-26	2.20009111e-20
7.02636719e-02	-2.14531356e-26	-2.36955097e-20
7.03125000e-02	2.31055424e-26	2.55206332e-20
7.03613281e-02	-2.48852242e-26	-2.74863350e-20
7.04101563e-02	2.68019843e-26	2.96034430e-20
7.04589844e-02	-2.88663809e-26	-3.18836193e-20
7.05078125e-02	3.10897856e-26	3.43394239e-20
7.05566406e-02	-3.34844459e-26	-3.69843844e-20
7.06054687e-02	3.60635526e-26	3.98330704e-20
7.06542969e-02	-3.88413125e-26	-4.29011737e-20
7.07031250e-02	4.18330266e-26	4.62055946e-20
7.07519531e-02	-4.50551745e-26	-4.97645353e-20
7.08007812e-02	4.85255052e-26	5.35976000e-20
7.08496094e-02	-5.22631348e-26	-5.77259027e-20
7.08984375e-02	5.62886516e-26	6.21721838e-20
7.09472656e-02	-6.06242299e-26	-6.69609355e-20
7.09960938e-02	6.52937519e-26	7.21185360e-20
7.10449219e-02	-7.03229393e-26	-7.76733957e-20
7.10937500e-02	7.57394949e-26	8.36561130e-20
7.11425781e-02	-8.15732554e-26	-9.00996432e-20
7.11914063e-02	8.78563556e-26	9.70394801e-20
7.12402344e-02	-9.46234054e-26	-1.04513851e-19
7.12890625e-02	1.01911681e-25	1.12563928e-19
7.13378906e-02	-1.09761328e-25	-1.21234055e-19
7.13867188e-02	1.18215587e-25	1.30571989e-19
7.14355469e-02	-1.27321027e-25	-1.40629169e-19
7.14843750e-02	1.37127804e-25	1.51460993e-19
7.15332031e-02	-1.47689939e-25	-1.63127128e-19
7.15820312e-02	1.59065612e-25	1.75691835e-19
7.16308594e-02	-1.71317486e-25	-1.89224327e-19
7.16796875e-02	1.84513047e-25	2.03799145e-19
7.17285156e-02	-1.98724984e-25	-2.19496575e-19
7.17773438e-02	2.14031582e-25	2.36403084e-19
7.18261719e-02	-2.30517155e-25	-2.54611800e-19
7.18750000e-02	2.48272513e-25	2.74223025e-19
7.19238281e-02	-2.67395461e-25	-2.95344785e-19
7.19726563e-02	2.87991334e-25	3.18093429e-19
7.20214844e-02	-3.10173585e-25	-3.42594264e-19
7.20703125e-02	3.34064402e-25	3.68982252e-19
7.21191406e-02	-3.59795386e-25	-3.97402749e-19
7.21679688e-02	3.87508273e-25	4.28012306e-19
7.22167969e-02	-4.17355719e-25	-4.60979536e-19
7.22656250e-02	4.49502135e-25	4.96486033e-19
7.23144531e-02	-4.84124597e-25	-5.34727384e-19
7.23632813e-02	5.21413820e-25	5.75914238e-19
7.24121094e-02	-5.61575210e-25	-6.20273468e-19
7.24609375e-02	6.04829991e-25	6.68049426e-19
7.25097656e-02	-6.51416429e-25	-7.19505279e-19
7.25585937e-02	7.01591142e-25	7.74924469e-19
7.26074219e-02	-7.55630513e-25	-8.34612268e-19
7.26562500e-02	8.13832214e-25	8.98897461e-19
7.27050781e-02	-8.76516844e-25	-9.68134159e-19
7.27539062e-02	9.44029697e-25	1.04270375e-18
7.28027344e-02	-1.01674266e-24	-1.12301698e-18
7.28515625e-02	1.09505627e-24	1.20951627e-18
7.29003906e-02	-1.17940191e-24	-1.30267807e-18
7.29492188e-02	1.27024418e-24	1.40301558e-18
7.29980469e-02	-1.36808350e-24	-1.51108148e-18
7.30468750e-02	1.47345879e-24	1.62747105e-18
7.30957031e-02	-1.58695052e-24	-1.75282542e-18
7.31445313e-02	1.70918383e-24	1.88783508e-18
7.31933594e-02	-1.84083204e-24	-2.03324373e-18
7.32421875e-02	1.98262032e-24	2.18985234e-18
7.32910156e-02	-2.13532972e-24	-2.35852357e-18
7.33398438e-02	2.29980140e-24	2.54018654e-18
7.33886719e-02	-2.47694135e-24	-2.73584192e-18
7.34375000e-02	2.66772533e-24	2.94656747e-18
7.34863281e-02	-2.87320427e-24	-3.17352395e-18
7.35351562e-02	3.09451001e-24	3.41796152e-18
7.35839844e-02	-3.33286162e-24	-3.68122667e-18
7.36328125e-02	3.58957203e-24	3.96476955e-18
7.36816406e-02	-3.86605530e-24	-4.27015204e-18
7.37304688e-02	4.16383443e-24	4.59905633e-18
7.37792969e-02	-4.48454970e-24	-4.95329414e-18
7.38281250e-02	4.82996775e-24	5.33481678e-18
7.38769531e-02	-5.20199129e-24	-5.74572582e-18
7.39257813e-02	5.60266958e-24	6.18828473e-18
7.39746094e-02	-6.03420972e-24	-6.66493130e-18
7.40234375e-02	6.49898882e-24	7.17829112e-18
7.40722656e-02	-6.99956708e-24	-7.73119197e-18
7.41210938e-02	7.53870188e-24	8.32667946e-18
7.41699219e-02	-8.11936302e-24	-8.96803380e-18
7.42187500e-02	8.74474901e-24	9.65878783e-18
7.42675781e-02	-9.41830475e-24	-1.04027465e-17
7.43164063e-02	1.01437405e-23	1.12040079e-17
7.43652344e-02	-1.09250521e-23	-1.20669856e-17
7.44140625e-02	1.17665436e-23	1.29964334e-17
7.44628906e-02	-1.26728501e-23	-1.39974710e-17
7.45117187e-02	1.36489640e-23	1.50756125e-17
7.45605469e-02	-1.47002621e-23	-1.62367968e-17
7.46093750e-02	1.58325354e-23	1.74874201e-17
7.46582031e-02	-1.70520209e-23	-1.88343716e-17
7.47070312e-02	1.83654362e-23	2.02850706e-17
7.47558594e-02	-1.97800159e-23	-2.18475083e-17
7.48046875e-02	2.13035523e-23	2.35302913e-17
7.48535156e-02	-2.29444375e-23	-2.53426889e-17
7.49023438e-02	2.47117104e-23	2.72946848e-17
7.49511719e-02	-2.66151057e-23	-2.93970312e-17
7.50000000e-02	2.86651082e-23	3.16613087e-17
7.50488281e-02	-3.08730101e-23	-3.40999900e-17
7.50976563e-02	3.32509735e-23	3.67265084e-17
7.51464844e-02	-3.58120972e-23	-3.95553318e-17
7.51953125e-02	3.85704889e-23	4.26020425e-17
7.52441406e-02	-4.15413431e-23	-4.58834232e-17
7.52929688e-02	4.47410244e-23	4.94175489e-17
7.53417969e-02	-4.81871581e-23	-5.32238873e-17
7.53906250e-02	5.18987268e-23	5.73234051e-17
7.54394531e-02	-5.58961754e-23	-6.17386843e-17
7.54882813e-02	6.02015236e-23	6.64940461e-17
7.55371094e-02	-6.48384871e-23	-7.16156849e-17
7.55859375e-02	6.98326081e-23	7.71318130e-17
7.56347656e-02	-7.52113964e-23	-8.30728154e-17
7.56835938e-02	8.10044807e-23	8.94714177e-17
7.57324219e-02	-8.72437715e-23	-9.63628661e-17
7.57812500e-02	9.39636377e-23	1.03785122e-16
7.58300781e-02	-1.01201095e-22	-1.11779069e-16
7.58789063e-02	1.08996010e-22	1.20388742e-16
7.59277344e-02	-1.17391321e-22	-1.29661568e-16
7.59765625e-02	1.26433273e-22	1.39648623e-16
7.60253906e-02	-1.36171672e-22	-1.50404922e-16
7.60742188e-02	1.46660162e-22	1.61989713e-16
7.61230469e-02	-1.57956517e-22	-1.74466813e-16
7.61718750e-02	1.70122964e-22	1.87904948e-16
7.62207031e-02	-1.83226518e-22	-2.02378143e-16
7.62695313e-02	1.97339362e-22	2.17966121e-16
7.63183594e-02	-2.12539233e-22	-2.34754749e-16
7.63671875e-02	2.28909859e-22	2.52836503e-16
7.64160156e-02	-2.46541417e-22	-2.72310988e-16
7.64648438e-02	2.65531029e-22	2.93285475e-16
7.65136719e-02	-2.85983296e-22	-3.15875502e-16
7.65625000e-02	3.08010880e-22	3.40205503e-16
7.66113281e-02	-3.31735117e-22	-3.66409499e-16
7.66601562e-02	3.57286690e-22	3.94631833e-16
7.67089844e-02	-3.84806347e-22	-4.25027963e-16
7.67578125e-02	4.14445680e-22	4.57765326e-16
7.68066406e-02	-4.46367953e-22	-4.93024253e-16
7.68554688e-02	4.80749007e-22	5.30998963e-16
7.69042969e-02	-5.17778229e-22	-5.71898639e-16
7.69531250e-02	5.57659591e-22	6.15948572e-16
7.70019531e-02	-6.00612775e-22	-6.63391408e-16
7.70507813e-02	6.46874386e-22	7.14488482e-16
7.70996094e-02	-6.96699253e-22	-7.69521259e-16
7.71484375e-02	7.50361832e-22	8.28792881e-16
7.71972656e-02	-8.08157717e-22	-8.92629841e-16
7.72460938e-02	8.70405275e-22	9.61383782e-16
7.72949219e-02	-9.37447390e-22	-1.03543343e-15
7.73437500e-02	1.00965336e-21	1.11518667e-15
7.73925781e-02	-1.08742092e-21	-1.20108284e-15
7.74414063e-02	1.17117845e-21	1.29359507e-15
7.74902344e-02	-1.26138733e-21	-1.39323296e-15
7.75390625e-02	1.35854445e-21	1.50054537e-15
7.75878906e-02	-1.46318501e-21	-1.61612340e-15
7.76367188e-02	1.57588775e-21	1.74060382e-15
7.76855469e-02	-1.69726879e-21	-1.87467232e-15
7.77343750e-02	1.82800145e-21	2.01906739e-15
7.77832031e-02	-1.96880116e-21	-2.17458442e-15
7.78320313e-02	2.12044820e-21	2.34208007e-15
7.78808594e-02	-2.28377321e-21	-2.52247698e-15
7.79296875e-02	2.45968054e-21	2.71676885e-15
7.79785156e-02	-2.64913448e-21	-2.92602591e-15
7.80273438e-02	2.85318331e-21	3.15140085e-15
7.80761719e-02	-3.07295099e-21	-3.39413531e-15
7.81250000e-02	3.30964344e-21	3.65556638e-15
7.81738281e-02	-3.56456913e-21	-3.93713412e-15
7.82226563e-02	3.83912763e-21	4.24038954e-15
7.82714844e-02	-4.13483597e-21	-4.56700309e-15
7.83203125e-02	4.45332073e-21	4.91877399e-15
7.83691406e-02	-4.79633624e-21	-5.29763994e-15
7.84179688e-02	5.16577198e-21	5.70568789e-15
7.84667969e-02	-5.56366295e-21	-6.14516555e-15
7.85156250e-02	5.99220091e-21	6.61849373e-15
7.85644531e-02	-6.45374642e-21	-7.12827973e-15
7.86132812e-02	6.95084187e-21	7.67733167e-15
7.86621094e-02	-7.48622546e-21	-8.26867395e-15
7.87109375e-02	8.06284864e-21	8.90556402e-15
7.87597656e-02	-8.68388768e-21	-9.59151034e-15
7.88085938e-02	9.35275890e-21	1.03302914e-14
7.88574219e-02	-1.00731513e-20	-1.11259767e-14
7.89062500e-02	1.08490309e-20	1.19829493e-14
7.89550781e-02	-1.16846715e-20	-1.29059297e-14
7.90039063e-02	1.25846761e-20	1.39000022e-14
7.90527344e-02	-1.35540025e-20	-1.49706425e-14
7.91015625e-02	1.45979922e-20	1.61237482e-14
7.91503906e-02	-1.57223961e-20	-1.73656713e-14
7.91992188e-02	1.69334055e-20	1.87032529e-14
7.92480469e-02	-1.82376913e-20	-2.01438610e-14
7.92968750e-02	1.96424401e-20	2.16954312e-14
7.93457031e-02	-2.11553901e-20	-2.33665103e-14
7.93945313e-02	2.27848728e-20	2.51663035e-14
7.94433594e-02	-2.45398641e-20	-2.71047247e-14
7.94921875e-02	2.64300336e-20	2.91924517e-14
7.95410156e-02	-2.84657931e-20	-3.14409848e-14
7.95898438e-02	3.06583563e-20	3.38627100e-14
7.96386719e-02	-3.30198009e-20	-3.64709673e-14
7.96875000e-02	3.55631347e-20	3.92801243e-14
7.97363281e-02	-3.83023674e-20	-4.23056553e-14
7.97851563e-02	4.12525879e-20	4.55642263e-14
7.98339844e-02	-4.44300472e-20	-4.90737870e-14
7.98828125e-02	4.78522481e-20	5.28536698e-14
7.99316406e-02	-5.15380415e-20	-5.69246961e-14
7.99804688e-02	5.55077325e-20	6.13092910e-14
8.00292969e-02	-5.97831880e-20	-6.60316071e-14
8.00781250e-02	6.43879566e-20	7.11176572e-14
8.01269531e-02	-6.93474032e-20	-7.65954575e-14
8.01757813e-02	7.46888513e-20	8.24951825e-14
8.02246094e-02	-8.04417191e-20	-8.88493306e-14
8.02734375e-02	8.66377003e-20	9.56929037e-14
8.03222656e-02	-9.33109251e-20	-1.03063599e-13
8.03710938e-02	1.00498150e-19	1.11002019e-13
8.04199219e-02	-1.08238966e-19	-1.19551891e-13
8.04687500e-02	1.16576013e-19	1.28760313e-13
8.05175781e-02	-1.25555217e-19	-1.38678008e-13
8.05664062e-02	1.35226041e-19	1.49359608e-13
8.06152344e-02	-1.45641756e-19	-1.60863953e-13
8.06640625e-02	1.56859735e-19	1.73254415e-13
8.07128906e-02	-1.68941773e-19	-1.86599244e-13
8.07617188e-02	1.81954424e-19	2.00971953e-13
8.08105469e-02	-1.95969367e-19	-2.16451711e-13
8.08593750e-02	2.11063803e-19	2.33123790e-13
8.09082031e-02	-2.27320878e-19	-2.51080026e-13
8.09570313e-02	2.44830148e-19	2.70419332e-13
8.10058594e-02	-2.63688060e-19	-2.91248238e-13
8.10546875e-02	2.83998492e-19	3.13681479e-13
8.11035156e-02	-3.05873322e-19	-3.37842629e-13
8.11523438e-02	3.29433052e-19	3.63864778e-13
8.12011719e-02	-3.54807456e-19	-3.91891269e-13
8.12500000e-02	3.82136311e-19	4.22076486e-13
8.12988281e-02	-4.11570155e-19	-4.54586702e-13
8.13476563e-02	4.43271127e-19	4.89601001e-13
8.13964844e-02	-4.77413849e-19	-5.27312258e-13
8.14453125e-02	5.14186396e-19	5.67928204e-13
8.14941406e-02	-5.53791330e-19	-6.11672572e-13
8.15429688e-02	5.96446810e-19	6.58786326e-13
8.15917969e-02	-6.42387804e-19	-7.09528992e-13
8.16406250e-02	6.91867380e-19	7.64180084e-13
8.16894531e-02	-7.45158096e-19	-8.23040648e-13
8.17382813e-02	8.02553499e-19	8.86434914e-13
8.17871094e-02	-8.64369752e-19	-9.54712091e-13
8.18359375e-02	9.30947367e-19	1.02824828e-12
8.18847656e-02	-1.00265308e-18	-1.10744855e-12
8.19335938e-02	1.07988190e-18	1.19274919e-12
8.19824219e-02	-1.16305922e-18	-1.28462006e-12
8.20312500e-02	1.25264323e-18	1.38356723e-12
8.20800781e-02	-1.34912740e-18	-1.49013575e-12
8.21289063e-02	1.45304321e-18	1.60491266e-12
8.21777344e-02	-1.56496308e-18	-1.72853020e-12
8.22265625e-02	1.68550352e-18	1.86166931e-12
8.22753906e-02	-1.81532852e-18	-2.00506339e-12
8.23242188e-02	1.95515322e-18	2.15950232e-12
8.23730469e-02	-2.10574784e-18	-2.32583683e-12
8.24218750e-02	2.26794193e-18	2.50498316e-12
8.24707031e-02	-2.44262892e-18	-2.69792815e-12
8.25195312e-02	2.63077110e-18	2.90573461e-12
8.25683594e-02	-2.83340481e-18	-3.12954726e-12
8.26171875e-02	3.05164629e-18	3.37059895e-12
8.26660156e-02	-3.28669769e-18	-3.63021752e-12
8.27148438e-02	3.53985379e-18	3.90983307e-12
8.27636719e-02	-3.81250911e-18	-4.21098585e-12
8.28125000e-02	4.10616556e-18	4.53533477e-12
8.28613281e-02	-4.42244073e-18	-4.88466648e-12
8.29101563e-02	4.76307682e-18	5.26090528e-12
8.29589844e-02	-5.12995023e-18	-5.66612367e-12
8.30078125e-02	5.52508185e-18	6.10255378e-12
8.30566406e-02	-5.95064827e-18	-6.57259969e-12
8.31054688e-02	6.40899372e-18	7.07885062e-12
8.31542969e-02	-6.90264297e-18	-7.62409526e-12
8.32031250e-02	7.43431529e-18	8.21133707e-12
8.32519531e-02	-8.00693937e-18	-8.84381086e-12
8.33007813e-02	8.62366951e-18	9.52500060e-12
8.33496094e-02	-9.28790294e-18	-1.02586586e-11
8.33984375e-02	1.00032986e-17	1.10488262e-11
8.34472656e-02	-1.07737972e-17	-1.18998561e-11
8.34960938e-02	1.16036431e-17	1.28164360e-11
8.35449219e-02	-1.24974073e-17	-1.38036150e-11
8.35937500e-02	1.34600133e-17	1.48668310e-11
8.36425781e-02	-1.44967634e-17	-1.60119406e-11
8.36914063e-02	1.56133687e-17	1.72452516e-11
8.37402344e-02	-1.68159799e-17	-1.85735577e-11
8.37890625e-02	1.81112215e-17	2.00041759e-11
8.38378906e-02	-1.95062284e-17	-2.15449866e-11
8.38867188e-02	2.10086850e-17	2.32044775e-11
8.39355469e-02	-2.26268674e-17	-2.49917897e-11
8.39843750e-02	2.43696895e-17	2.69167687e-11
8.40332031e-02	-2.62467514e-17	-2.89900181e-11
8.40820313e-02	2.82683930e-17	3.12229584e-11
8.41308594e-02	-3.04457505e-17	-3.36278897e-11
8.41796875e-02	3.27908177e-17	3.62180596e-11
8.42285156e-02	-3.53165123e-17	-3.90077358e-11
8.42773438e-02	3.80367473e-17	4.20122853e-11
8.43261719e-02	-4.09665068e-17	-4.52482586e-11
8.43750000e-02	4.41219294e-17	4.87334809e-11
8.44238281e-02	-4.75203967e-17	-5.24871506e-11
8.44726562e-02	5.11806291e-17	5.65299446e-11
8.45214844e-02	-5.51227888e-17	-6.08841326e-11
8.45703125e-02	5.93685912e-17	6.55736996e-11
8.46191406e-02	-6.39414241e-17	-7.06244778e-11
8.46679688e-02	6.88664770e-17	7.60642894e-11
8.47167969e-02	-7.41708794e-17	-8.19230995e-11
8.47656250e-02	7.98838503e-17	8.82331813e-11
8.48144531e-02	-8.60368597e-17	-9.50292935e-11
8.48632813e-02	9.26638013e-17	1.02348873e-10
8.49121094e-02	-9.98011793e-17	-1.10232238e-10
8.49609375e-02	1.07488310e-16	1.18722816e-10
8.50097656e-02	-1.15767537e-16	-1.27867375e-10
8.50585938e-02	1.24684468e-16	1.37716289e-10
8.51074219e-02	-1.34288220e-16	-1.48323811e-10
8.51562500e-02	1.44631695e-16	1.59748370e-10
8.52050781e-02	-1.55771871e-16	-1.72052900e-10
8.52539063e-02	1.67770113e-16	1.85305180e-10
8.53027344e-02	-1.80692513e-16	-1.99578209e-10
8.53515625e-02	1.94610254e-16	2.14950611e-10
8.54003906e-02	-2.09600000e-16	-2.31507063e-10
8.54492188e-02	2.25744324e-16	2.49338766e-10
8.54980469e-02	-2.43132154e-16	-2.68543947e-10
8.55468750e-02	2.61859273e-16	2.89228396e-10
8.55957031e-02	-2.82028838e-16	-3.11506053e-10
8.56445313e-02	3.03751952e-16	3.35499634e-10
8.56933594e-02	-3.27148277e-16	-3.61341307e-10
8.57421875e-02	3.52346691e-16	3.89173421e-10
8.57910156e-02	-3.79485998e-16	-4.19149288e-10
8.58398438e-02	4.08715695e-16	4.51434029e-10
8.58886719e-02	-4.40196793e-16	-4.86205485e-10
8.59375000e-02	4.74102705e-16	5.23655192e-10
8.59863281e-02	-5.10620201e-16	-5.63989442e-10
8.60351563e-02	5.49950437e-16	6.07430416e-10
8.60839844e-02	-5.92310062e-16	-6.54217406e-10
8.61328125e-02	6.37932413e-16	7.04608138e-10
8.61816406e-02	-6.87068800e-16	-7.58880187e-10
8.62304688e-02	7.39989889e-16	8.17332511e-10
8.62792969e-02	-7.96987196e-16	-8.80287093e-10
8.63281250e-02	8.58374688e-16	9.48090715e-10
8.63769531e-02	-9.24490517e-16	-1.02111687e-09
8.64257812e-02	9.95698880e-16	1.09976783e-09
8.64746094e-02	-1.07239203e-15	-1.18447684e-09
8.65234375e-02	1.15499242e-15	1.27571050e-09
8.65722656e-02	-1.24395506e-15	-1.37397139e-09
8.66210938e-02	1.33977000e-15	1.47980077e-09
8.66699219e-02	-1.44296504e-15	-1.59378160e-09
8.67187500e-02	1.55410861e-15	1.71654173e-09
8.67675781e-02	-1.67381295e-15	-1.84875740e-09
8.68164063e-02	1.80273745e-15	1.99115690e-09
8.68652344e-02	-1.94159228e-15	-2.14452465e-09
8.69140625e-02	2.09114234e-15	2.30970546e-09
8.69628906e-02	-2.25221140e-15	-2.48760923e-09
8.70117188e-02	2.42568671e-15	2.67921594e-09
8.70605469e-02	-2.61252386e-15	-2.88558104e-09
8.71093750e-02	2.81375204e-15	3.10784130e-09
8.71582031e-02	-3.03047970e-15	-3.34722103e-09
8.72070313e-02	3.26390069e-15	3.60503885e-09
8.72558594e-02	-3.51530079e-15	-3.88271495e-09
8.73046875e-02	3.78606485e-15	4.18177888e-09
8.73535156e-02	-4.07768436e-15	-4.50387805e-09
8.74023438e-02	4.39176569e-15	4.85078673e-09
8.74511719e-02	-4.73003895e-15	-5.22441584e-09
8.75000000e-02	5.09436753e-15	5.62682353e-09
8.75488281e-02	-5.48675830e-15	-6.06022645e-09
8.75976563e-02	5.90937275e-15	6.52701197e-09
8.76464844e-02	-6.36453884e-15	-7.02975139e-09
8.76953125e-02	6.85476383e-15	7.57121403e-09
8.77441406e-02	-7.38274813e-15	-8.15438252e-09
8.77929688e-02	7.95140011e-15	8.78246923e-09
8.78417969e-02	-8.56385219e-15	-9.45893397e-09
8.78906250e-02	9.22347805e-15	1.01875030e-08
8.79394531e-02	-9.93391120e-15	-1.09721897e-08
8.79882813e-02	1.06990651e-14	1.18173164e-08
8.80371094e-02	-1.15231545e-14	-1.27275385e-08
8.80859375e-02	1.24107189e-14	1.37078700e-08
8.81347656e-02	-1.33666475e-14	-1.47637109e-08
8.81835938e-02	1.43962059e-14	1.59008773e-08
8.82324219e-02	-1.55050654e-14	-1.71256334e-08
8.82812500e-02	1.66993343e-14	1.84447256e-08
8.83300781e-02	-1.79855910e-14	-1.98654202e-08
8.83789062e-02	1.93709208e-14	2.13955429e-08
8.84277344e-02	-2.08629550e-14	-2.30435224e-08
8.84765625e-02	2.24699122e-14	2.48184367e-08
8.85253906e-02	-2.42006443e-14	-2.67300627e-08
8.85742188e-02	2.60646851e-14	2.87889306e-08
8.86230469e-02	-2.80723026e-14	-3.10063816e-08
8.86718750e-02	3.02345557e-14	3.33946305e-08
8.87207031e-02	-3.25633551e-14	-3.59668329e-08
8.87695313e-02	3.50715289e-14	3.87371578e-08
8.88183594e-02	-3.77728933e-14	-4.17208653e-08
8.88671875e-02	4.06823288e-14	4.49343912e-08
8.89160156e-02	-4.38158619e-14	-4.83954371e-08
8.89648438e-02	4.71907535e-14	5.21230681e-08
8.90136719e-02	-5.08255943e-14	-5.61378177e-08
8.90625000e-02	5.47404066e-14	6.04618011e-08
8.91113281e-02	-5.89567550e-14	-6.51188368e-08
8.91601563e-02	6.34978652e-14	7.01345781e-08
8.92089844e-02	-6.83887518e-14	-7.55366539e-08
8.92578125e-02	7.36563562e-14	8.13548215e-08
8.93066406e-02	-7.93296947e-14	-8.76211302e-08
8.93554688e-02	8.54400189e-14	9.43700976e-08
8.94042969e-02	-9.20209872e-14	-1.01638900e-07
8.94531250e-02	9.91088508e-14	1.09467579e-07
8.95019531e-02	-1.06742653e-13	-1.17899256e-07
8.95507813e-02	1.14964444e-13	1.26980379e-07
8.95996094e-02	-1.23819515e-13	-1.36760970e-07
8.96484375e-02	1.33356641e-13	1.47294905e-07
8.96972656e-02	-1.43628360e-13	-1.58640211e-07
8.97460938e-02	1.54691252e-13	1.70859382e-07
8.97949219e-02	-1.66606256e-13	-1.84019728e-07
8.98437500e-02	1.79439007e-13	1.98193742e-07
8.98925781e-02	-1.93260193e-13	-2.13459501e-07
8.99414063e-02	2.08145948e-13	2.29901097e-07
8.99902344e-02	-2.24178269e-13	-2.47609097e-07
9.00390625e-02	2.41445471e-13	2.66681045e-07
9.00878906e-02	-2.60042669e-13	-2.87221999e-07
9.01367188e-02	2.80072305e-13	3.09345109e-07
9.01855469e-02	-3.01644712e-13	-3.33172238e-07
9.02343750e-02	3.24878722e-13	3.58834637e-07
9.02832031e-02	-3.49902317e-13	-3.86473669e-07
9.03320312e-02	3.76853340e-13	4.16241580e-07
9.03808594e-02	-4.05880251e-13	-4.48302348e-07
9.04296875e-02	4.37142942e-13	4.82832578e-07
9.04785156e-02	-4.70813624e-13	-5.20022479e-07
9.05273438e-02	5.07077770e-13	5.60076911e-07
9.05761719e-02	-5.46135141e-13	-6.03216512e-07
9.06250000e-02	5.88200883e-13	6.49678915e-07
9.06738281e-02	-6.33506715e-13	-6.99720058e-07
9.07226563e-02	6.82302202e-13	7.53615592e-07
9.07714844e-02	-7.34856133e-13	-8.11662397e-07
9.08203125e-02	7.91457999e-13	8.74180224e-07
9.08691406e-02	-8.52419592e-13	-9.41513450e-07
9.09179688e-02	9.18076715e-13	1.01403298e-06
9.09667969e-02	-9.88791040e-13	-1.09213828e-06
9.10156250e-02	1.06495209e-12	1.17625960e-06
9.10644531e-02	-1.14697941e-12	-1.26686032e-06
9.11132813e-02	1.23532483e-12	1.36443950e-06
9.11621094e-02	-1.33047501e-12	-1.46953466e-06
9.12109375e-02	1.43295407e-12	1.58272471e-06
9.12597656e-02	-1.54332652e-12	-1.70463317e-06
9.13085938e-02	1.66220035e-12	1.83593155e-06
9.13574219e-02	-1.79023036e-12	-1.97734311e-06
9.14062500e-02	1.92812181e-12	2.12964681e-06
9.14550781e-02	-2.07663426e-12	-2.29368162e-06
9.15039063e-02	2.23658580e-12	2.47035111e-06
9.15527344e-02	-2.40885752e-12	-2.66062847e-06
9.16015625e-02	2.59439836e-12	2.86556183e-06
9.16503906e-02	-2.79423038e-12	-3.08628007e-06
9.16992188e-02	3.00945434e-12	3.32399899e-06
9.17480469e-02	-3.24125580e-12	-3.58002808e-06
9.17968750e-02	3.49091163e-12	3.85577766e-06
9.18457031e-02	-3.75979705e-12	-4.15276669e-06
9.18945313e-02	4.04939322e-12	4.47263112e-06
9.19433594e-02	-4.36129536e-12	-4.81713292e-06
9.19921875e-02	4.69722158e-12	5.18816978e-06
9.20410156e-02	-5.05902231e-12	-5.58778553e-06
9.20898438e-02	5.44869054e-12	6.01818144e-06
9.21386719e-02	-5.86837273e-12	-6.48172836e-06
9.21875000e-02	6.32038070e-12	6.98097970e-06
9.22363281e-02	-6.80720431e-12	-7.51868558e-06
9.22851562e-02	7.33152522e-12	8.09780794e-06
9.23339844e-02	-7.89623165e-12	-8.72153686e-06
9.23828125e-02	8.50443425e-12	9.39330814e-06
9.24316406e-02	-9.15948330e-12	-1.01168222e-05
9.24804688e-02	9.86498711e-12	1.08960645e-05
9.25292969e-02	-1.06248319e-11	-1.17353275e-05
9.25781250e-02	1.14432034e-11	1.26392342e-05
9.26269531e-02	-1.23246094e-11	-1.36127638e-05
9.26757813e-02	1.32739051e-11	1.46612790e-05
9.27246094e-02	-1.42963199e-11	-1.57905554e-05
9.27734375e-02	1.53974855e-11	1.70068137e-05
9.28222656e-02	-1.65834677e-11	-1.83167535e-05
9.28710938e-02	1.78607995e-11	1.97275907e-05
9.29199219e-02	-1.92365171e-11	-2.12470968e-05
9.29687500e-02	2.07181985e-11	2.28836419e-05
9.30175781e-02	-2.23140055e-11	-2.46462410e-05
9.30664063e-02	2.40327285e-11	2.65446032e-05
9.31152344e-02	-2.58838353e-11	-2.85891857e-05
9.31640625e-02	2.78775224e-11	3.07912509e-05
9.32128906e-02	-3.00247721e-11	-3.31629289e-05
9.32617188e-02	3.23374124e-11	3.57172839e-05
9.33105469e-02	-3.48281824e-11	-3.84683867e-05
9.33593750e-02	3.75108026e-11	4.14313915e-05
9.34082031e-02	-4.04000499e-11	-4.46226201e-05
9.34570313e-02	4.35118398e-11	4.80596511e-05
9.35058594e-02	-4.68633135e-11	-5.17614173e-05
9.35546875e-02	5.04729325e-11	5.57483100e-05
9.36035156e-02	-5.43605802e-11	-6.00422907e-05
9.36523438e-02	5.85476716e-11	6.46670127e-05
9.37011719e-02	-6.30572713e-11	-6.96479511e-05
9.37500000e-02	6.79142202e-11	7.50125434e-05
9.37988281e-02	-7.31452727e-11	-8.07903402e-05
9.38476563e-02	7.87792439e-11	8.70131684e-05
9.38964844e-02	-8.48471684e-11	-9.37153063e-05
9.39453125e-02	9.13824711e-11	1.00933672e-04
9.39941406e-02	-9.84211516e-11	-1.08708029e-04
9.40429688e-02	1.06001982e-10	1.17081200e-04
9.40917969e-02	-1.14166722e-10	-1.26099310e-04
9.41406250e-02	1.22960346e-10	1.35812035e-04
9.41894531e-02	-1.32431293e-10	-1.46272877e-04
9.42382812e-02	1.42631735e-10	1.57539458e-04
9.42871094e-02	-1.53617859e-10	-1.69673842e-04
9.43359375e-02	1.65450183e-10	1.82742869e-04
9.43847656e-02	-1.78193885e-10	-1.96818530e-04
9.44335938e-02	1.91919163e-10	2.11978360e-04
9.44824219e-02	-2.06701622e-10	-2.28305867e-04
9.45312500e-02	2.22622691e-10	2.45890991e-04
9.45800781e-02	-2.39770071e-10	-2.64830599e-04
9.46289063e-02	2.58238217e-10	2.85229018e-04
9.46777344e-02	-2.78128862e-10	-3.07198614e-04
9.47265625e-02	2.99551571e-10	3.30860404e-04
9.47753906e-02	-3.22624352e-10	-3.56344730e-04
9.48242188e-02	3.47474300e-10	3.83791971e-04
9.48730469e-02	-3.74238300e-10	-4.13353319e-04
9.49218750e-02	4.03063781e-10	4.45191612e-04
9.49707031e-02	-4.34109527e-10	-4.79482231e-04
9.50195313e-02	4.67546554e-10	5.16414064e-04
9.50683594e-02	-5.03559047e-10	-5.56190549e-04
9.51171875e-02	5.42345381e-10	5.99030795e-04
9.51660156e-02	-5.84119209e-10	-6.45170784e-04
9.52148438e-02	6.29110641e-10	6.94864679e-04
9.52636719e-02	-6.77567511e-10	-7.48386216e-04
9.53125000e-02	7.29756743e-10	8.06030218e-04
9.53613281e-02	-7.85965818e-10	-8.68114214e-04
9.54101563e-02	8.46504363e-10	9.34980192e-04
9.54589844e-02	-9.11705854e-10	-1.00699648e-03
9.55078125e-02	9.81929450e-10	1.08455978e-03
9.55566406e-02	-1.05756198e-09	-1.16809735e-03
9.56054688e-02	1.13902005e-09	1.25806935e-03
9.56542969e-02	-1.22675239e-09	-1.35497139e-03
9.57031250e-02	1.32124225e-09	1.45933725e-03
9.57519531e-02	-1.42301014e-09	-1.57174183e-03
9.58007813e-02	1.53261664e-09	1.69280430e-03
9.58496094e-02	-1.65066551e-09	-1.82319154e-03
9.58984375e-02	1.77780703e-09	1.96362178e-03
9.59472656e-02	-1.91474155e-09	-2.11486857e-03
9.59960938e-02	2.06222336e-09	2.27776505e-03
9.60449219e-02	-2.22106487e-09	-2.45320854e-03
9.60937500e-02	2.39214106e-09	2.64216545e-03
9.61425781e-02	-2.57639428e-09	-2.84567666e-03
9.61914062e-02	2.77483950e-09	3.06486319e-03
9.62402344e-02	-2.98856983e-09	-3.30093244e-03
9.62890625e-02	3.21876262e-09	3.55518478e-03
9.63378906e-02	-3.46668587e-09	-3.82902075e-03
9.63867188e-02	3.73370525e-09	4.12394877e-03
9.64355469e-02	-4.02129165e-09	-4.44159344e-03
9.64843750e-02	4.33102920e-09	4.78370450e-03
9.65332031e-02	-4.66462411e-09	-5.15216646e-03
9.65820313e-02	5.02391396e-09	5.54900898e-03
9.66308594e-02	-5.41087790e-09	-5.97641806e-03
9.66796875e-02	5.82764749e-09	6.43674806e-03
9.67285156e-02	-6.27651851e-09	-6.93253469e-03
9.67773438e-02	6.75996355e-09	7.46650900e-03
9.68261719e-02	-7.28064565e-09	-8.04161235e-03
9.68750000e-02	7.84143297e-09	8.66101269e-03
9.69238281e-02	-8.44541459e-09	-9.32812197e-03
9.69726563e-02	9.09591753e-09	1.00466149e-02
9.70214844e-02	-9.79652506e-09	-1.08204494e-02
9.70703125e-02	1.05510965e-08	1.16538880e-02
9.71191406e-02	-1.13637883e-08	-1.25515216e-02
9.71679688e-02	1.22390772e-08	1.35182950e-02
9.72167969e-02	-1.31817846e-08	-1.45595335e-02
9.72656250e-02	1.41971036e-08	1.56809728e-02
9.73144531e-02	-1.52906269e-08	-1.68887902e-02
9.73632813e-02	1.64683781e-08	1.81896391e-02
9.74121094e-02	-1.77368449e-08	-1.95906850e-02
9.74609375e-02	1.91030146e-08	2.10996456e-02
9.75097656e-02	-2.05744127e-08	-2.27248331e-02
9.75585938e-02	2.21591443e-08	2.44751996e-02
9.76074219e-02	-2.38659390e-08	-2.63603870e-02
9.76562500e-02	2.57041984e-08	2.83907798e-02
9.77050781e-02	-2.76840486e-08	-3.05775624e-02
9.77539063e-02	2.98163956e-08	3.29327806e-02
9.78027344e-02	-3.21129853e-08	-3.54694080e-02
9.78515625e-02	3.45864684e-08	3.82014177e-02
9.79003906e-02	-3.72504700e-08	-4.11438586e-02
9.79492188e-02	4.01196648e-08	4.43129394e-02
9.79980469e-02	-4.32098575e-08	-4.77261166e-02
9.80468750e-02	4.65380704e-08	5.14021917e-02
9.80957031e-02	-5.01226368e-08	-5.53614143e-02
9.81445312e-02	5.39833023e-08	5.96255936e-02
9.81933594e-02	-5.81413332e-08	-6.42182186e-02
9.82421875e-02	6.26196339e-08	6.91645878e-02
9.82910156e-02	-6.74428729e-08	-7.44919481e-02
9.83398438e-02	7.26376190e-08	8.02296451e-02
9.83886719e-02	-7.82324871e-08	-8.64092846e-02
9.84375000e-02	8.42582966e-08	9.30649071e-02
9.84863281e-02	-9.07482404e-08	-1.00233175e-01
9.85351563e-02	9.77380680e-08	1.07953574e-01
9.85839844e-02	-1.05266283e-07	-1.16268632e-01
9.86328125e-02	1.13374354e-07	1.25224153e-01
9.86816406e-02	-1.22106944e-07	-1.34869467e-01
9.87304688e-02	1.31512157e-07	1.45257705e-01
9.87792969e-02	-1.41641800e-07	-1.56446091e-01
9.88281250e-02	1.52551673e-07	1.68496256e-01
9.88769531e-02	-1.64301872e-07	-1.81474577e-01
9.89257813e-02	1.76957122e-07	1.95452545e-01
9.89746094e-02	-1.90587136e-07	-2.10507158e-01
9.90234375e-02	2.05266993e-07	2.26721343e-01
9.90722656e-02	-2.21077557e-07	-2.44184416e-01
9.91210938e-02	2.38105920e-07	2.62992571e-01
9.91699219e-02	-2.56445883e-07	-2.83249413e-01
9.92187500e-02	2.76198469e-07	3.05066526e-01
9.92675781e-02	-2.97472487e-07	-3.28564088e-01
9.93164063e-02	3.20385122e-07	3.53871536e-01
9.93652344e-02	-3.45062589e-07	-3.81128274e-01
9.94140625e-02	3.71640822e-07	4.10484446e-01
9.94628906e-02	-4.00266228e-07	-4.42101759e-01
9.95117188e-02	4.31096488e-07	4.76154375e-01
9.95605469e-02	-4.64301429e-07	-5.12829874e-01
9.96093750e-02	5.00063961e-07	5.52330280e-01
9.96582031e-02	-5.38581079e-07	-5.94873181e-01
9.97070313e-02	5.80064955e-07	6.40692923e-01
9.97558594e-02	-6.24744100e-07	-6.90041902e-01
9.98046875e-02	6.72864629e-07	7.43191955e-01
9.98535156e-02	-7.24691612e-07	-8.00435859e-01
9.99023438e-02	7.80510537e-07	8.62088939e-01
9.99511719e-02	-8.40628879e-07	-9.28490809e-01
1.00000000e-01	9.05377799e-07	1.00000724e+00
