0.00000000e+00	0.00000000e+00	1.88903950e+00
4.88281250e-05	3.77842783e-06	-1.73427510e+00
9.76562500e-05	-6.80698594e-06	1.30069655e+00
1.46484375e-04	8.72682051e-06	-6.64431839e-01
1.95312500e-04	-9.23614681e-06	-7.13313027e-02
2.44140625e-04	8.25666161e-06	7.87836736e-01
2.92968750e-04	-5.95070587e-06	-1.36977051e+00
3.41796875e-04	2.69535177e-06	1.72391303e+00
3.90625000e-04	9.78972468e-07	-1.79421592e+00
4.39453125e-04	-4.47488453e-06	1.57082594e+00
4.88281250e-04	7.22529673e-06	-1.09158652e+00
5.37109375e-04	-8.78563350e-06	4.35778816e-01
5.85937500e-04	8.90598599e-06	2.88869918e-01
6.34765625e-04	-7.57146047e-06	-9.63786126e-01
6.83593750e-04	5.00417522e-06	1.47888416e+00
7.32421875e-04	-1.62662311e-06	-1.75048166e+00
7.81250000e-04	-2.00758024e-06	1.73487766e+00
8.30078125e-04	5.30422742e-06	-1.43538602e+00
8.78906250e-04	-7.72553310e-06	9.01687026e-01
9.27734375e-04	8.87779200e-06	-2.21614830e-01
9.76562500e-04	-8.57538657e-06	-4.93267364e-01
1.02539063e-03	6.87072622e-06	1.12594014e+00
1.07421875e-03	-4.04527447e-06	-1.57305953e+00
1.12304688e-03	5.63179906e-07	1.76182182e+00
1.17187500e-03	3.00486710e-06	-1.66181032e+00
1.22070312e-03	-6.07507475e-06	1.28989590e+00
1.26953125e-03	8.14599875e-06	-7.07400728e-01
1.31835938e-03	-8.88039998e-06	9.99943603e-03
1.36718750e-03	8.16014968e-06	6.87981478e-01
1.41601563e-03	-6.10524058e-06	-1.27229186e+00
1.46484375e-03	3.05383936e-06	1.64744778e+00
1.51367188e-03	4.93312565e-07	-1.75232695e+00
1.56250000e-03	-3.95501750e-06	1.57012336e+00
1.61132813e-03	6.76480068e-06	-1.13103960e+00
1.66015625e-03	-8.46356999e-06	5.07285540e-01
1.70898438e-03	8.77460382e-06	1.98790059e-01
1.75781250e-03	-7.64862048e-06	-8.71485326e-01
1.80664063e-03	5.27158764e-06	1.40069705e+00
1.85546875e-03	-2.03403277e-06	-1.69993526e+00
1.90429688e-03	-1.53308616e-06	1.72045404e+00
1.95312500e-03	4.84542421e-06	-1.45919025e+00
2.00195313e-03	-7.36094300e-06	9.59217450e-01
2.05078125e-03	8.66858747e-06	-3.02647882e-01
2.09960937e-03	-8.55544151e-06	-4.02848344e-01
2.14843750e-03	7.04139202e-06	1.04169465e+00
2.19726562e-03	-4.37565760e-06	-1.50933700e+00
2.24609375e-03	9.95783244e-07	1.72935121e+00
2.29492188e-03	2.54415537e-06	-1.66592989e+00
2.34375000e-03	-5.66436100e-06	1.32970906e+00
2.39257813e-03	7.85425790e-06	-7.75986431e-01
2.44140625e-03	-8.75602468e-06	9.56292572e-02
2.49023438e-03	8.22305253e-06	5.99833745e-01
2.53906250e-03	-6.34377904e-06	-1.19649117e+00
2.58789063e-03	3.42702267e-06	1.59670320e+00
2.63671875e-03	4.87519703e-08	-1.73507717e+00
2.68554688e-03	-3.51390563e-06	1.58915072e+00
2.73437500e-03	6.40096537e-06	-1.18303760e+00
2.78320313e-03	-8.23754280e-06	5.83444306e-01
2.83203125e-03	8.72361716e-06	1.11284806e-01
2.88085938e-03	-7.78054108e-06	-7.87295127e-01
2.92968750e-03	5.56376470e-06	1.33387789e+00
2.97851563e-03	-2.43721949e-06	-1.66159820e+00
3.02734375e-03	-1.08641861e-06	1.71692701e+00
3.07617188e-03	4.42978309e-06	-1.49098339e+00
3.12500000e-03	-7.04540918e-06	1.02095951e+00
3.17382812e-03	8.50536899e-06	-3.83999638e-01
3.22265625e-03	-8.57127529e-06	-3.15459712e-01
3.27148438e-03	7.23320306e-06	9.62811145e-01
3.32031250e-03	-4.71117426e-06	-1.45205284e+00
3.36914063e-03	1.41898528e-06	1.70314418e+00
3.41796875e-03	2.10367726e-06	-1.67509919e+00
3.46679688e-03	-5.27969731e-06	1.37267617e+00
3.51562500e-03	7.58906863e-06	-8.45571516e-01
3.56445313e-03	-8.65402716e-06	1.80254313e-01
3.61328125e-03	8.30084031e-06	5.14217059e-01
3.66210938e-03	-6.58814710e-06	-1.12406998e+00
3.71093750e-03	3.79722633e-06	1.54945488e+00
3.75976563e-03	-3.85807032e-07	-1.72079193e+00
3.80859375e-03	-3.08699485e-06	1.61015127e+00
3.85742188e-03	6.05230510e-06	-1.23580555e+00
3.90625000e-03	-8.02467027e-06	6.59212636e-01
3.95507812e-03	8.68152601e-06	2.50731642e-02
4.00390625e-03	-7.91594646e-06	-7.04905637e-01
4.05273438e-03	5.85404910e-06	1.26892465e+00
4.10156250e-03	-2.83422189e-06	-1.62479623e+00
4.15039062e-03	-6.48406315e-07	1.71432724e+00
4.19921875e-03	4.02314065e-06	-1.52298068e+00
4.24804688e-03	-6.73723294e-06	1.08223577e+00
4.29687500e-03	8.34641065e-06	-4.64409733e-01
4.34570313e-03	-8.58759600e-06	-2.29207179e-01
4.39453125e-03	7.42191326e-06	8.84956678e-01
4.44335937e-03	-5.04095366e-06	-1.39543571e+00
4.49218750e-03	1.83528837e-06	1.67708658e+00
4.54101563e-03	1.66959606e-06	-1.68387334e+00
4.58984375e-03	-4.89943253e-06	1.41480593e+00
4.63867188e-03	7.32526028e-06	-9.14082510e-01
4.68750000e-03	-8.55004996e-06	2.63829802e-01
4.73632813e-03	8.37368130e-06	4.29366230e-01
4.78515625e-03	-6.82563965e-06	-1.05193042e+00
4.83398438e-03	4.16008938e-06	1.50190588e+00
4.88281250e-03	-8.14146902e-07	-1.70565060e+00
4.93164063e-03	-2.66379689e-06	1.62988893e+00
4.98046875e-03	5.70395182e-06	-1.28714594e+00
5.02929688e-03	-7.80847247e-06	7.33677046e-01
5.07812500e-03	8.63298006e-06	-6.02351511e-02
5.12695312e-03	-8.04291345e-06	-6.22809447e-01
5.17578125e-03	6.13548888e-06	1.20355681e+00
5.22460938e-03	-3.22368480e-06	-1.58690856e+00
5.27343750e-03	-2.15110269e-07	1.71013977e+00
5.32226563e-03	3.61736164e-06	-1.55316172e+00
5.37109375e-03	-6.42573411e-06	1.14179652e+00
5.41992188e-03	8.18038739e-06	-5.43529785e-01
5.46875000e-03	-8.59426705e-06	-1.43560060e-01
5.51757813e-03	7.60006390e-06	8.06879856e-01
5.56640625e-03	-5.36115974e-06	-1.33777158e+00
5.61523438e-03	2.24477981e-06	1.64931086e+00
5.66406250e-03	1.23823697e-06	-1.69053886e+00
5.71289063e-03	-4.51717173e-06	1.45479731e+00
5.76171875e-03	7.05493883e-06	-9.80803666e-01
5.81054688e-03	-8.43605682e-06	3.46292484e-01
5.85937500e-03	8.43466857e-06	3.44732428e-01
5.90820313e-03	-7.05147499e-06	-9.79044868e-01
5.95703125e-03	4.51354296e-06	1.45274800e+00
6.00585938e-03	-1.23703139e-06	-1.68829153e+00
6.05468750e-03	-2.24104622e-06	1.64716708e+00
6.10351562e-03	5.35083418e-06	-1.33620366e+00
6.15234375e-03	-7.58299805e-06	8.06433893e-01
6.20117188e-03	8.57214311e-06	-1.44719311e-01
6.25000000e-03	-8.15662605e-06	-5.40491074e-01
6.29882813e-03	6.40496951e-06	1.13693403e+00
6.34765625e-03	-3.60456313e-06	-1.54692448e+00
6.39648438e-03	2.14513991e-07	1.70335388e+00
6.44531250e-03	3.20961845e-06	-1.58067441e+00
6.49414063e-03	-6.10686447e-06	1.19907127e+00
6.54296875e-03	8.00274425e-06	-6.21141692e-01
6.59179688e-03	-8.58697101e-06	-5.83730447e-02
6.64062500e-03	7.76423246e-06	7.28118339e-01
6.68945313e-03	-5.66973975e-06	-1.27837384e+00
6.73828125e-03	2.64700755e-06	1.61902781e+00
6.78710938e-03	8.08483646e-07	-1.69433375e+00
6.83593750e-03	-4.13050351e-06	1.49203284e+00
6.88476563e-03	6.77485421e-06	-1.04534938e+00
6.93359375e-03	-8.30851620e-06	4.27534531e-01
6.98242188e-03	8.48055467e-06	2.60145812e-01
7.03125000e-03	-7.26317611e-06	-9.05009025e-01
7.08007812e-03	4.85621760e-06	1.40141939e+00
7.12890625e-03	-1.65434392e-06	-1.66809199e+00
7.17773438e-03	-1.81766328e-06	1.66140243e+00
7.22656250e-03	4.99091426e-06	-1.38252309e+00
7.27539063e-03	-7.34562187e-06	8.77218574e-01
7.32421875e-03	8.49624225e-06	-2.28335820e-01
7.37304688e-03	-8.25459986e-06	-4.57778673e-01
7.42187500e-03	6.66066156e-06	1.06870778e+00
7.47070313e-03	-3.97592713e-06	-1.50438245e+00
7.51953125e-03	6.40528966e-07	1.69347249e+00
7.56835938e-03	2.79892105e-06	-1.60506475e+00
7.61718750e-03	-5.77890959e-06	1.25371681e+00
7.66601563e-03	7.81134497e-06	-6.97059985e-01
7.71484375e-03	-8.56350006e-06	2.63463326e-02
7.76367188e-03	7.91248154e-06	6.48509874e-01
7.81250000e-03	-5.96530884e-06	-1.21694417e+00
7.86132813e-03	3.04132204e-06	1.58585577e+00
7.91015625e-03	3.80189281e-07	-1.69485577e+00
7.95898438e-03	-3.73854797e-06	1.52615229e+00
8.00781250e-03	6.48356475e-06	-1.10745455e+00
8.05664062e-03	-8.16567235e-06	5.07421800e-01
8.10546875e-03	8.50955245e-06	1.75595407e-01
8.15429687e-03	-7.45919754e-06	-8.29675407e-01
8.20312500e-03	5.18703243e-06	1.34766499e+00
8.25195313e-03	-2.06560995e-06	-1.64473322e+00
8.30078125e-03	-1.39347304e-06	1.67226395e+00
8.34960938e-03	4.62342421e-06	-1.42581183e+00
8.39843750e-03	-7.09512663e-06	9.45819992e-01
8.44726563e-03	8.40381500e-06	-3.10983343e-01
8.49609375e-03	-8.33535892e-06	-3.74653221e-01
8.54492188e-03	6.90129877e-06	9.98746720e-01
8.59375000e-03	-4.33690189e-06	-1.45906342e+00
8.64257812e-03	1.06256616e-06	1.68022563e+00
8.69140625e-03	2.38509733e-06	-1.62605475e+00
8.74023438e-03	-5.44120485e-06	1.30548942e+00
8.78906250e-03	7.60515212e-06	-7.71110635e-01
8.83789063e-03	-8.52261442e-06	1.10517317e-01
8.88671875e-03	8.04356282e-06	5.68033303e-01
8.93554688e-03	-6.24679747e-06	-1.15336646e+00
8.98437500e-03	3.42698605e-06	1.54960463e+00
9.03320312e-03	-4.63394158e-08	-1.69187204e+00
9.08203125e-03	-3.34115078e-06	1.55691657e+00
9.13085937e-03	6.18049422e-06	-1.16690999e+00
9.17968750e-03	-8.00662762e-06	5.85805481e-01
9.22851563e-03	8.52058761e-06	9.11492553e-02
9.27734375e-03	-7.63845450e-06	-7.53023620e-01
9.32617188e-03	5.50505450e-06	1.29138175e+00
9.37500000e-03	-2.47018299e-06	-1.61804748e+00
9.42382813e-03	-9.68747521e-07	1.67954627e+00
9.47265625e-03	4.24823177e-06	-1.46585880e+00
9.52148438e-03	-6.83100677e-06	1.01205319e+00
9.57031250e-03	8.29406808e-06	-3.92530125e-01
9.61914063e-03	-8.39794819e-06	-2.91174861e-01
9.66796875e-03	7.12591101e-06	9.27032134e-01
9.71679688e-03	-4.68664754e-06	-1.41087453e+00
9.76562500e-03	1.48003840e-06	1.66346199e+00
9.81445313e-03	1.96839968e-06	-1.64345871e+00
9.86328125e-03	-5.09363734e-06	1.35419767e+00
9.91210938e-03	7.38371200e-06	-8.43125445e-01
9.96093750e-03	-8.46359432e-06	1.94019778e-01
1.00097656e-02	8.15660335e-06	4.86743518e-01
1.00585938e-02	-6.51331326e-06	-1.08762330e+00
1.01074219e-02	3.80322203e-06	1.51018859e+00
1.01562500e-02	-4.70554620e-07	-1.68524248e+00
1.02050781e-02	-2.93855129e-06	1.58415334e+00
1.02539062e-02	5.86554209e-06	-1.22353767e+00
1.03027344e-02	-7.83096156e-06	6.62528883e-01
1.03515625e-02	8.51298746e-06	6.91926926e-03
1.04003906e-02	-7.80012681e-06	-6.75104430e-01
1.04492188e-02	5.80944184e-06	1.23255236e+00
1.04980469e-02	-2.86732693e-06	-1.58795281e+00
1.05468750e-02	-5.44006599e-07	1.68311601e+00
1.05957031e-02	3.86556385e-06	-1.50250001e+00
1.06445313e-02	-6.55316453e-06	1.07574889e+00
1.06933594e-02	8.16659669e-06	-4.72827471e-01
1.07421875e-02	-8.44171989e-06	-2.07449176e-01
1.07910156e-02	7.33370810e-06	8.53610706e-01
1.08398438e-02	-5.02435300e-06	-1.35979689e+00
1.08886719e-02	1.89223778e-06	1.64310045e+00
1.09375000e-02	1.54932508e-06	-1.65714615e+00
1.09863281e-02	-4.73641814e-06	1.39968211e+00
1.10351563e-02	7.14691876e-06	-9.12940630e-01
1.10839844e-02	-8.38603460e-06	2.76710860e-01
1.11328125e-02	8.25096217e-06	4.04740527e-01
1.11816406e-02	-6.76407897e-06	-1.01975661e+00
1.12304688e-02	4.16923667e-06	1.46758522e+00
1.12792969e-02	-8.91769479e-07	-1.67488403e+00
1.13281250e-02	-2.53122397e-06	1.60773198e+00
1.13769531e-02	5.53889743e-06	-1.27717980e+00
1.14257813e-02	-7.63854902e-06	7.37431597e-01
1.14746094e-02	8.48633244e-06	-7.69564528e-02
1.15234375e-02	-7.94356598e-06	-5.96012186e-01
1.15722656e-02	6.09941802e-06	1.17121281e+00
1.16210938e-02	-3.25625832e-06	-1.55442131e+00
1.16699219e-02	-1.19918603e-07	1.68288579e+00
1.17187500e-02	3.47586939e-06	-1.53560231e+00
1.17675781e-02	-6.26175926e-06	1.13674904e+00
1.18164063e-02	8.02124553e-06	-5.51717166e-01
1.18652344e-02	-8.46622816e-06	-1.23609756e-01
1.19140625e-02	7.52402320e-06	7.78570452e-01
1.19628906e-02	-5.34923487e-06	-1.30585910e+00
1.20117188e-02	2.29838719e-06	1.61910570e+00
1.20605469e-02	1.12852224e-06	-1.66702337e+00
1.21093750e-02	-4.36996524e-06	1.44180532e+00
1.21582031e-02	6.89489347e-06	-9.80396710e-01
1.22070312e-02	-8.28973980e-06	3.58434131e-01
1.22558594e-02	8.32615749e-06	3.22153022e-01
1.23046875e-02	-6.99840193e-06	-9.49846976e-01
1.23535156e-02	4.52423549e-06	1.42181420e+00
1.24023438e-02	-1.30921311e-06	-1.66075226e+00
1.24511719e-02	-2.11979403e-06	1.62755086e+00
1.25000000e-02	5.20094036e-06	-1.32769358e+00
1.25488281e-02	-7.42946412e-06	8.10352216e-01
1.25976563e-02	8.44037814e-06	-1.60323477e-01
1.26464844e-02	-8.06824699e-06	-5.15869808e-01
1.26953125e-02	6.37426012e-06	1.10743490e+00
1.27441406e-02	-3.63617073e-06	-1.51746215e+00
1.27929688e-02	3.02754605e-07	1.67880053e+00
1.28417969e-02	3.07974423e-06	-1.56505503e+00
1.28906250e-02	-5.95712534e-06	1.19490486e+00
1.29394531e-02	7.85803342e-06	-6.29035953e-01
1.29882813e-02	-8.47117233e-06	-3.98083143e-02
1.30371094e-02	7.69628318e-06	7.02027292e-01
1.30859375e-02	-5.66053824e-06	-1.24912270e+00
1.31347656e-02	2.69767007e-06	1.59147491e+00
1.31835938e-02	7.06738955e-07	-1.67302345e+00
1.32324219e-02	-3.99483785e-06	1.48044686e+00
1.32812500e-02	6.62791661e-06	-1.04533884e+00
1.33300781e-02	-8.17466586e-06	4.39025061e-01
1.33789063e-02	8.38182674e-06	2.39128876e-01
1.34277344e-02	-7.21565822e-06	-8.78001860e-01
1.34765625e-02	4.86743245e-06	1.37292525e+00
1.35253906e-02	-1.72206299e-06	-1.64283099e+00
1.35742188e-02	-1.70498848e-06	1.64353036e+00
1.36230469e-02	4.85218532e-06	-1.37494852e+00
1.36718750e-02	-7.20392536e-06	8.81130227e-01
1.37207031e-02	8.37501106e-06	-2.43016991e-01
1.37695313e-02	-8.17374156e-06	-4.34819916e-01
1.38183594e-02	6.63329296e-06	1.04131605e+00
1.38671875e-02	-4.00625004e-06	-1.47711173e+00
1.39160156e-02	7.23190609e-07	1.67082962e+00
1.39648438e-02	2.67788660e-06	-1.59076527e+00
1.40136719e-02	-5.63972391e-06	1.25007595e+00
1.40625000e-02	7.67710934e-06	-7.04618455e-01
1.41113281e-02	-8.45636421e-06	4.37913781e-02
1.41601562e-02	7.84999200e-06	6.24116972e-01
1.42089844e-02	-5.95753835e-06	-1.18967342e+00
1.42578125e-02	3.08924923e-06	1.56022983e+00
1.43066406e-02	2.84789995e-07	-1.67510049e+00
1.43554688e-02	-3.61169661e-06	1.51550039e+00
1.44042969e-02	6.34638750e-06	-1.10761727e+00
1.44531250e-02	-8.04088548e-06	5.18314566e-01
1.45019531e-02	8.41770327e-06	1.55829229e-01
1.45507813e-02	-7.41528396e-06	-8.04348386e-01
1.45996094e-02	5.19805677e-06	1.32099082e+00
1.46484375e-02	-2.12946561e-06	-1.62112614e+00
1.46972656e-02	-1.28760572e-06	1.65560872e+00
1.47460938e-02	4.49324613e-06	-1.41882503e+00
1.47949219e-02	-6.96226211e-06	9.49607412e-01
1.48437500e-02	8.29022194e-06	-3.24865665e-01
1.48925781e-02	-8.25970236e-06	-3.53019235e-01
1.49414063e-02	6.87588651e-06	9.72972955e-01
1.49902344e-02	-4.36568481e-06	-1.43342772e+00
1.50390625e-02	1.14052766e-06	1.65896218e+00
1.50878906e-02	2.27106900e-06	-1.61265521e+00
1.51367188e-02	-5.31011267e-06	1.30213000e+00
1.51855469e-02	7.47872516e-06	-7.78299207e-01
1.52343750e-02	-8.42170817e-06	1.27017458e-01
1.52832031e-02	7.98472115e-06	5.44989887e-01
1.53320313e-02	-6.23954249e-06	-1.12761573e+00
1.53808594e-02	3.47227953e-06	1.52541196e+00
1.54296875e-02	-1.36463920e-07	-1.67322609e+00
1.54785156e-02	-3.22127810e-06	1.54687210e+00
1.55273438e-02	6.05079862e-06	-1.16708784e+00
1.55761719e-02	-7.88856640e-06	5.96131445e-01
1.56250000e-02	8.43360205e-06	7.24245743e-02
1.56738281e-02	-7.59677054e-06	-7.29028636e-01
1.57226563e-02	5.51535820e-06	1.26610143e+00
1.57714844e-02	-2.53055040e-06	-1.59566185e+00
1.58203125e-02	-8.68495333e-07	1.66373962e+00
1.58691406e-02	4.12481324e-06	-1.45921370e+00
1.59179688e-02	-6.70489299e-06	1.01562893e+00
1.59667969e-02	8.18608887e-06	-4.05694317e-01
1.60156250e-02	-8.32585345e-06	-2.70634840e-01
1.60644531e-02	7.10145491e-06	9.02537390e-01
1.61132812e-02	-4.71367391e-06	-1.38648507e+00
1.61621094e-02	1.55387922e-06	1.64320404e+00
1.62109375e-02	1.86011923e-06	-1.63066045e+00
1.62597656e-02	-4.96892584e-06	1.35094277e+00
1.63085937e-02	7.26321782e-06	-8.49914161e-01
1.63574219e-02	-8.36718837e-06	2.09692724e-01
1.64062500e-02	8.10010385e-06	4.64807565e-01
1.64550781e-02	-6.50589194e-06	-1.06306915e+00
1.65039063e-02	3.84591700e-06	1.48707925e+00
1.65527344e-02	-5.56130639e-07	-1.66738712e+00
1.66015625e-02	-2.82437738e-06	1.57447973e+00
1.66503906e-02	5.74171821e-06	-1.22361246e+00
1.66992188e-02	-7.71795700e-06	6.72304159e-01
1.67480469e-02	8.42941049e-06	-1.09079870e-02
1.67968750e-02	-7.75966205e-06	-6.52196424e-01
1.68457031e-02	5.81861111e-06	1.20836249e+00
1.68945313e-02	-2.92443981e-06	-1.56647786e+00
1.69433594e-02	-4.48544040e-07	1.66789055e+00
1.69921875e-02	3.74763796e-06	-1.49601493e+00
1.70410156e-02	-6.43231117e-06	1.07904422e+00
1.70898438e-02	8.06276595e-06	-4.85325859e-01
1.71386719e-02	-8.37198416e-06	-1.87841505e-01
1.71875000e-02	7.30945635e-06	8.30153309e-01
1.72363281e-02	-5.04943219e-06	-1.33637338e+00
1.72851562e-02	1.96234446e-06	1.62357576e+00
1.73339844e-02	1.44590707e-06	-1.64472903e+00
1.73828125e-02	-4.61686016e-06	1.39639809e+00
1.74316406e-02	7.03099707e-06	-9.19301853e-01
1.74804688e-02	-8.29286024e-06	2.91636657e-01
1.75292969e-02	8.19583153e-06	3.83740158e-01
1.75781250e-02	-6.75596388e-06	-9.96165698e-01
1.76269531e-02	4.20932568e-06	1.44530396e+00
1.76757813e-02	-9.73297187e-07	-1.65758419e+00
1.77246094e-02	-2.42183557e-06	1.59825206e+00
1.77734375e-02	5.41977811e-06	-1.27705956e+00
1.78222656e-02	-7.52937637e-06	7.46662195e-01
1.78710938e-02	8.40508230e-06	-9.39867676e-02
1.79199219e-02	-7.90355383e-06	-5.74014969e-01
1.79687500e-02	6.10711800e-06	1.14789209e+00
1.80175781e-02	-3.31025691e-06	-1.53362776e+00
1.80664062e-02	-2.86652475e-08	1.66804176e+00
1.81152344e-02	3.36252108e-06	-1.52913877e+00
1.81640625e-02	-6.14507385e-06	1.13970768e+00
1.82128906e-02	7.92047547e-06	-5.63582777e-01
1.82617187e-02	-8.39794500e-06	-1.04819725e-01
1.83105469e-02	7.49939351e-06	7.55974711e-01
1.83593750e-02	-5.37219521e-06	-1.28319498e+00
1.84082031e-02	2.36501630e-06	1.60011117e+00
1.84570313e-02	1.02933425e-06	-1.65482070e+00
1.85058594e-02	-4.25466468e-06	1.43838811e+00
1.85546875e-02	6.78253669e-06	-9.86304340e-01
1.86035156e-02	-8.19884447e-06	3.72666968e-01
1.86523438e-02	8.27165161e-06	3.01964551e-01
1.87011719e-02	-6.98917321e-06	-9.27047936e-01
1.87500000e-02	4.56168315e-06	1.40017101e+00
1.87988281e-02	-1.38703788e-06	-1.64383063e+00
1.88476563e-02	-2.01453044e-06	1.61812853e+00
1.88964844e-02	5.08566468e-06	-1.32730454e+00
1.89453125e-02	-7.32320700e-06	8.19037154e-01
1.89941406e-02	8.36063326e-06	-1.76627057e-01
1.90429688e-02	-8.02809185e-06	-4.94655123e-01
1.90917969e-02	6.38021242e-06	1.08481927e+00
1.91406250e-02	-3.68713144e-06	-1.49717767e+00
1.91894531e-02	3.90208950e-07	1.66418553e+00
1.92382813e-02	2.97030422e-06	-1.55850483e+00
1.92871094e-02	-5.84379445e-06	1.19747935e+00
1.93359375e-02	7.75950208e-06	-6.40288323e-01
1.93847656e-02	-8.40364497e-06	-2.17541799e-02
1.94335938e-02	7.67081412e-06	6.80164024e-01
1.94824219e-02	-5.68122298e-06	-1.22706346e+00
1.95312500e-02	2.76098769e-06	1.57285641e+00
1.95800781e-02	6.11326717e-07	-1.66090653e+00
1.96289063e-02	-3.88313289e-06	1.47681346e+00
1.96777344e-02	6.51836777e-06	-1.05076799e+00
1.97265625e-02	-8.08532261e-06	4.52600836e-01
1.97753906e-02	8.32736603e-06	2.19662891e-01
1.98242188e-02	-7.20497427e-06	-8.55867549e-01
1.98730469e-02	4.90218496e-06	1.35177679e+00
1.99218750e-02	-1.79642082e-06	-1.62615168e+00
1.99707031e-02	-1.60336910e-06	1.63405908e+00
2.00195312e-02	4.74011180e-06	-1.37423010e+00
2.00683594e-02	-7.09988934e-06	8.89263658e-01
2.01171875e-02	8.29613799e-06	-2.58642378e-01
2.01660156e-02	-8.13297237e-06	-4.14293982e-01
2.02148438e-02	6.63726159e-06	1.01928276e+00
2.02636719e-02	-4.05420471e-06	-1.45720522e+00
2.03125000e-02	8.07134235e-07	1.65632567e+00
2.03613281e-02	2.57186291e-06	-1.58404238e+00
2.04101563e-02	-5.52913647e-06	1.25222545e+00
2.04589844e-02	7.58018845e-06	-7.15267498e-01
2.05078125e-02	-8.38904951e-06	6.11675109e-02
2.05566406e-02	7.82331173e-06	6.02890805e-01
2.06054688e-02	-5.97580327e-06	-1.16810256e+00
2.06542969e-02	3.14935693e-06	1.54186912e+00
2.07031250e-02	1.92828343e-07	-1.66296853e+00
2.07519531e-02	-3.50309639e-06	1.51158345e+00
2.08007813e-02	6.23907347e-06	-1.11254417e+00
2.08496094e-02	-7.95253374e-06	5.31255943e-01
2.08984375e-02	8.36283035e-06	1.37021370e-01
2.09472656e-02	-7.40286236e-06	-7.82784143e-01
2.09960938e-02	5.23004849e-06	1.30022817e+00
2.10449219e-02	-2.20051323e-06	-1.60458398e+00
2.10937500e-02	-1.18928190e-06	1.64600401e+00
2.11425781e-02	4.38389516e-06	-1.41772668e+00
2.11914063e-02	-6.85991736e-06	9.57180122e-01
2.12402344e-02	8.21172765e-06	-3.39845542e-01
2.12890625e-02	-8.21794195e-06	-3.33113724e-01
2.13378906e-02	6.87766862e-06	9.51429934e-01
2.13867188e-02	-4.41063383e-06	-1.41379880e+00
2.14355469e-02	1.22115945e-06	1.64447705e+00
2.14843750e-02	2.16810099e-06	-1.60569033e+00
2.15332031e-02	-5.20180841e-06	1.30381884e+00
2.15820313e-02	7.38293165e-06	-7.88347888e-01
2.16308594e-02	-8.35417903e-06	1.43755835e-01
2.16796875e-02	7.95652642e-06	5.24330660e-01
2.17285156e-02	-6.25525451e-06	-1.10644521e+00
2.17773438e-02	3.52923203e-06	1.50721778e+00
2.18261719e-02	-2.25204387e-07	-1.66099949e+00
2.18750000e-02	-3.11541965e-06	1.54261627e+00
2.19238281e-02	5.94528467e-06	-1.17148983e+00
2.19726562e-02	-7.80077170e-06	6.08451356e-01
2.20214844e-02	8.37795302e-06	5.42292084e-02
2.20703125e-02	-7.58237524e-06	-7.07964254e-01
2.21191406e-02	5.54451620e-06	1.24564173e+00
2.21679688e-02	-2.59838611e-06	-1.57917501e+00
2.22167969e-02	-7.73217370e-07	1.65393392e+00
2.22656250e-02	4.01782753e-06	-1.45769272e+00
2.23144531e-02	-6.60383488e-06	1.02262943e+00
2.23632813e-02	8.10758793e-06	-4.20049548e-01
2.24121094e-02	-8.28279749e-06	-2.51300639e-01
2.24609375e-02	7.10087461e-06	8.81415848e-01
2.25097656e-02	-4.75559534e-06	-1.36705686e+00
2.25585938e-02	1.63133124e-06	1.62866537e+00
2.26074219e-02	1.75994571e-06	-1.62339732e+00
2.26562500e-02	-4.86255956e-06	1.35213951e+00
2.27050781e-02	7.16818022e-06	-8.59360404e-01
2.27539063e-02	-8.29910767e-06	2.25820293e-01
2.28027344e-02	8.07014557e-06	4.44664320e-01
2.28515625e-02	-6.51892821e-06	-1.04223278e+00
2.29003906e-02	3.89973468e-06	1.46898121e+00
2.29492188e-02	-6.41806956e-07	-1.65500276e+00
2.29980469e-02	-2.72099550e-06	1.56983920e+00
2.30468750e-02	5.63767628e-06	-1.22746800e+00
2.30957031e-02	-7.63038281e-06	6.84008301e-01
2.31445313e-02	8.37269485e-06	-2.85222404e-02
2.31933594e-02	-7.74309444e-06	-6.31580489e-01
2.32421875e-02	5.84485859e-06	1.18814304e+00
2.32910156e-02	-2.98911823e-06	-1.54998274e+00
2.33398438e-02	-3.56137721e-07	1.65782962e+00
2.33886719e-02	3.64275457e-06	-1.49403499e+00
2.34375000e-02	-6.33223246e-06	1.08545952e+00
2.34863281e-02	7.98395739e-06	-4.99068384e-01
2.35351563e-02	-8.32738631e-06	-1.69044254e-01
2.35839844e-02	7.30636042e-06	8.09402520e-01
2.36328125e-02	-5.08828846e-06	-1.31708734e+00
2.36816406e-02	2.03669816e-06	1.60892679e+00
2.37304688e-02	1.34834343e-06	-1.63712180e+00
2.37792969e-02	-4.51217625e-06	1.39707491e+00
2.38281250e-02	6.93643155e-06	-9.28139938e-01
2.38769531e-02	-8.22396229e-06	3.07170206e-01
2.39257812e-02	8.16390452e-06	3.64076818e-01
2.39746094e-02	-6.76621134e-06	-9.75614364e-01
2.40234375e-02	4.26000366e-06	1.42724813e+00
2.40722656e-02	-1.05601091e-06	-1.64499209e+00
2.41210938e-02	-2.32074108e-06	1.59318874e+00
2.41699219e-02	5.31696386e-06	-1.28034834e+00
2.42187500e-02	-7.44176378e-06	7.57750860e-01
2.42675781e-02	8.34706856e-06	-1.11040288e-01
2.43164063e-02	-7.88464638e-06	-5.53810756e-01
2.43652344e-02	6.13037682e-06	1.12786611e+00
2.44140625e-02	-3.37179976e-06	-1.51707526e+00
2.44628906e-02	6.09851447e-08	1.65768213e+00
2.45117188e-02	3.25955108e-06	-1.52666887e+00
2.45605469e-02	-6.04574448e-06	1.14552396e+00
2.46093750e-02	7.84112599e-06	-5.76717747e-01
2.46582031e-02	-8.35160625e-06	-8.65365652e-02
2.47070313e-02	7.49364833e-06	7.35558193e-01
2.47558594e-02	-5.40793797e-06	-1.26400717e+00
2.48046875e-02	2.43631435e-06	1.58530774e+00
2.48535156e-02	9.34255813e-07	-1.64683206e+00
2.49023438e-02	-4.15147841e-06	1.43852039e+00
2.49511719e-02	6.68822951e-06	-9.94525950e-01
2.50000000e-02	-8.12892144e-06	3.87615447e-01
2.50488281e-02	8.23758711e-06	2.82756743e-01
2.50976563e-02	-6.99652828e-06	-9.06746109e-01
2.51464844e-02	4.60919800e-06	1.38211666e+00
2.51953125e-02	-1.46684757e-06	-1.63099148e+00
2.52441406e-02	-1.91559416e-06	1.61261082e+00
2.52929688e-02	4.98390067e-06	-1.33000752e+00
2.53417969e-02	-7.23535985e-06	8.29506604e-01
2.53906250e-02	8.30113833e-06	-1.93131639e-01
2.54394531e-02	-8.00670350e-06	-4.74837563e-01
2.54882813e-02	6.40040508e-06	1.06495273e+00
2.55371094e-02	-3.74553556e-06	-1.48053046e+00
2.55859375e-02	4.77173311e-07	1.65349261e+00
2.56347656e-02	2.86911761e-06	-1.55551858e+00
2.56835938e-02	-5.74504655e-06	1.20268241e+00
2.57324219e-02	7.67943362e-06	-6.52815704e-01
2.57812500e-02	-8.35540571e-06	-3.97131529e-03
2.58300781e-02	7.66230353e-06	6.60056686e-01
2.58789062e-02	-5.71379693e-06	-1.20794176e+00
2.59277344e-02	2.82924295e-06	1.55786467e+00
2.59765625e-02	5.18656211e-07	-1.65250631e+00
2.60253906e-02	-3.78131646e-06	1.47637943e+00
2.60742188e-02	6.42416218e-06	-1.05836302e+00
2.61230469e-02	-8.01421449e-06	4.66967113e-01
2.61718750e-02	8.29102624e-06	2.00895547e-01
2.62207031e-02	-7.20934267e-06	-8.35790658e-01
2.62695313e-02	4.94649985e-06	1.33369397e+00
2.63183594e-02	-1.87335146e-06	-1.61303508e+00
2.63671875e-02	-1.50650972e-06	1.62806092e+00
2.64160156e-02	4.63927474e-06	-1.37632958e+00
2.64648438e-02	-7.01166297e-06	8.99107175e-01
2.65136719e-02	8.23501930e-06	-2.74603069e-01
2.65625000e-02	-8.10898514e-06	-3.94847352e-01
2.66113281e-02	6.65431274e-06	9.99552034e-01
2.66601563e-02	-4.10944824e-06	-1.44043568e+00
2.67089844e-02	8.91446264e-07	1.64527232e+00
2.67578125e-02	2.47237719e-06	-1.58051739e+00
2.68066406e-02	-5.43085297e-06	1.25680108e+00
2.68554688e-02	7.49926878e-06	-7.27183298e-01
2.69042969e-02	-8.33878359e-06	7.84566728e-02
2.69531250e-02	7.81193537e-06	5.83076776e-01
2.70019531e-02	-6.00514904e-06	-1.14902455e+00
2.70507813e-02	3.21455927e-06	1.52666381e+00
2.70996094e-02	1.02526328e-07	-1.65413268e+00
2.71484375e-02	-3.40256827e-06	1.51056400e+00
2.71972656e-02	6.14485978e-06	-1.11950135e+00
2.72460938e-02	-7.88012060e-06	5.45038152e-01
2.72949219e-02	8.32410423e-06	1.18686898e-01
2.73437500e-02	-7.40415913e-06	-7.62916565e-01
2.73925781e-02	5.27111716e-06	1.28209588e+00
2.74414063e-02	-2.27456352e-06	-1.59116696e+00
2.74902344e-02	-1.09445676e-06	1.63950413e+00
2.75390625e-02	4.28390621e-06	-1.41920639e+00
2.75878906e-02	-6.77121002e-06	9.66388827e-01
2.76367188e-02	8.14887704e-06	-3.55262061e-01
2.76855469e-02	-8.19125834e-06	-3.14029884e-01
2.77343750e-02	6.89150635e-06	9.31819926e-01
2.77832031e-02	-4.46268096e-06	-1.39688744e+00
2.78320312e-02	1.30282410e-06	1.63304252e+00
2.78808594e-02	2.07027226e-06	-1.60160785e+00
2.79296875e-02	-5.10391432e-06	1.30775317e+00
2.79785156e-02	7.30106714e-06	-7.99645125e-01
2.80273438e-02	-8.30178920e-06	1.60552129e-01
2.80761719e-02	7.94219861e-06	5.04801611e-01
2.81250000e-02	-6.28131093e-06	-1.08739656e+00
2.81738281e-02	3.59135367e-06	1.49178090e+00
2.82226563e-02	-3.13146956e-07	-1.65170925e+00
2.82714844e-02	-3.01613631e-06	1.54099481e+00
2.83203125e-02	5.85099247e-06	-1.17779721e+00
2.83691406e-02	-7.72696781e-06	6.21643958e-01
2.84179688e-02	8.33675308e-06	3.63260496e-02
2.84667969e-02	-7.58052470e-06	-6.88297747e-01
2.85156250e-02	5.58228609e-06	1.22744648e+00
2.85644531e-02	-2.66953413e-06	-1.56544103e+00
2.86132813e-02	-6.80415117e-07	1.64691535e+00
2.86621094e-02	3.91864466e-06	-1.45853786e+00
2.87109375e-02	-6.51458105e-06	1.03119293e+00
2.87597656e-02	8.04292697e-06	-4.34917406e-01
2.88085938e-02	-8.25333849e-06	-2.32577628e-01
2.88574219e-02	7.11143140e-06	8.61918602e-01
2.89062500e-02	-4.80440011e-06	-1.34999106e+00
2.89550781e-02	1.71033061e-06	1.61683443e+00
2.90039063e-02	1.66376174e-06	-1.61874189e+00
2.90527344e-02	-4.76501509e-06	1.35541919e+00
2.91015625e-02	7.08531017e-06	-8.70029870e-01
2.91503906e-02	-8.24452203e-06	2.42119943e-01
2.91992188e-02	8.05279435e-06	4.25418136e-01
2.92480469e-02	-6.54163421e-06	-1.02320593e+00
2.92968750e-02	3.95873444e-06	1.45330103e+00
2.93457031e-02	-7.27374620e-07	-1.64524406e+00
2.93945313e-02	-2.62294488e-06	1.56760150e+00
2.94433594e-02	5.54326834e-06	-1.23311341e+00
2.94921875e-02	-7.55513190e-06	6.96602932e-01
2.95410156e-02	8.32895468e-06	-4.59907458e-02
2.95898438e-02	-7.73803019e-06	-6.12112954e-01
2.96386719e-02	5.87927337e-06	1.16987771e+00
2.96875000e-02	-3.05732601e-06	-1.53592082e+00
2.97363281e-02	-2.65372587e-07	1.65027923e+00
2.97851562e-02	3.54436652e-06	-1.49423232e+00
2.98339844e-02	-6.24239750e-06	1.09336646e+00
2.98828125e-02	7.91743368e-06	-5.13379778e-01
2.99316406e-02	-8.29508985e-06	-1.50685186e-01
2.99804688e-02	7.31357402e-06	7.90016058e-01
3.00292969e-02	-5.13379778e-06	-1.29986041e+00
3.00781250e-02	2.11299616e-06	1.59668909e+00
3.01269531e-02	1.25381812e-06	-1.63188102e+00
3.01757813e-02	-4.41497129e-06	1.39968741e+00
3.02246094e-02	6.85252366e-06	-9.38170813e-01
3.02734375e-02	-8.16713141e-06	3.22965741e-01
3.03222656e-02	8.14347096e-06	3.45116532e-01
3.03710938e-02	-6.78550741e-06	-9.56607486e-01
3.04199219e-02	4.31583037e-06	1.41131828e+00
3.04687500e-02	-1.13916845e-06	-1.63475503e+00
3.05175781e-02	-2.22393729e-06	1.59032290e+00
3.05664063e-02	5.22243125e-06	-1.28531965e+00
3.06152344e-02	-7.36503535e-06	7.69737014e-01
3.06640625e-02	8.30074080e-06	-1.28066822e-01
3.07128906e-02	-7.87631143e-06	-5.34545237e-01
3.07617188e-02	6.16137846e-06	1.10952901e+00
3.08105469e-02	-3.43701694e-06	-1.50267929e+00
3.08593750e-02	1.49678042e-07	1.64959032e+00
3.09082031e-02	3.16197250e-06	-1.52620674e+00
3.09570313e-02	-5.95532039e-06	1.15276242e+00
3.10058594e-02	7.77271011e-06	-5.90462290e-01
3.10546875e-02	-8.31642599e-06	-6.85487242e-02
3.11035156e-02	7.49746247e-06	7.16285595e-01
3.11523438e-02	-5.45009414e-06	-1.24661751e+00
3.12011719e-02	2.50986057e-06	1.57265726e+00
3.12500000e-02	8.41424637e-07	-1.64099639e+00
3.12988281e-02	-4.05462809e-06	1.44045407e+00
3.13476563e-02	6.60327621e-06	-1.00390631e+00
3.13964844e-02	-8.06981617e-06	4.02896451e-01
3.14453125e-02	8.21402479e-06	2.64089675e-01
3.14941406e-02	-7.01235772e-06	-8.87762303e-01
3.15429688e-02	4.66179332e-06	1.36593553e+00
3.15917969e-02	-1.54754387e-06	-1.62026998e+00
3.16406250e-02	-1.82007325e-06	1.60910718e+00
3.16894531e-02	4.88925874e-06	-1.33429294e+00
3.17382812e-02	-7.15714613e-06	8.40872195e-01
3.17871094e-02	8.25219309e-06	-2.09705661e-01
3.18359375e-02	-7.99505027e-06	-4.55781427e-01
3.18847656e-02	6.42793549e-06	1.04654692e+00
3.19335938e-02	-3.80770243e-06	-1.46579865e+00
3.19824219e-02	5.63741792e-07	1.64485301e+00
3.20312500e-02	2.77238502e-06	-1.55438698e+00
3.20800781e-02	-5.65404844e-06	1.20924027e+00
3.21289062e-02	7.60911674e-06	-6.65981022e-01
3.21777344e-02	-8.31731001e-06	1.36345821e-02
3.22265625e-02	7.66266845e-06	6.40905335e-01
3.22753906e-02	-5.75253962e-06	-1.19039226e+00
3.23242188e-02	2.89997576e-06	1.54479929e+00
3.23730469e-02	4.27572535e-07	-1.64606892e+00
3.24218750e-02	-3.68485749e-06	1.47762379e+00
3.24707031e-02	6.33817766e-06	-1.06708027e+00
3.25195313e-02	-7.95282400e-06	4.81720843e-01
3.25683594e-02	8.26430079e-06	1.82532588e-01
3.26171875e-02	-7.22165268e-06	-8.16837242e-01
3.26660156e-02	4.99580057e-06	1.31726413e+00
3.27148438e-02	-1.95152270e-06	-1.60182649e+00
3.27636719e-02	-1.41232612e-06	1.62391198e+00
3.28125000e-02	4.54455988e-06	-1.37991793e+00
3.28613281e-02	-6.93197636e-06	9.09839005e-01
3.29101563e-02	8.18344279e-06	-2.90711437e-01
3.29589844e-02	-8.09397554e-06	-3.76011618e-01
3.30078125e-02	6.67831523e-06	9.81084648e-01
3.30566406e-02	-4.16849822e-06	-1.42537013e+00
3.31054687e-02	9.75824262e-07	1.63608158e+00
3.31542969e-02	2.37654570e-06	-1.57870802e+00
3.32031250e-02	-5.33931616e-06	1.26266632e+00
3.32519531e-02	7.42706060e-06	-7.39755531e-01
3.33007813e-02	-8.29775471e-06	9.56670956e-02
3.33496094e-02	7.80880837e-06	5.64057728e-01
3.33984375e-02	-6.04041707e-06	-1.13132200e+00
3.34472656e-02	3.28240848e-06	1.51318494e+00
3.34960938e-02	1.32582952e-08	-1.64708933e+00
3.35449219e-02	-3.30655590e-06	1.51110974e+00
3.35937500e-02	6.05787743e-06	-1.12754255e+00
3.36425781e-02	-7.81645089e-06	5.59250061e-01
3.36914062e-02	8.29419294e-06	1.00641910e-01
3.37402344e-02	-7.41290159e-06	-7.44004502e-01
3.37890625e-02	5.31705713e-06	1.26542361e+00
3.38378906e-02	-2.35013587e-06	-1.57947184e+00
3.38867188e-02	-1.00168027e-06	1.63470458e+00
3.39355469e-02	4.18917304e-06	-1.42208723e+00
3.39843750e-02	-6.69008102e-06	9.76472980e-01
3.40332031e-02	8.09467052e-06	-3.70889557e-01
3.40820312e-02	-8.17286379e-06	-2.95428648e-01
3.41308594e-02	6.91192677e-06	9.13301670e-01
3.41796875e-02	-4.51854272e-06	-1.38149370e+00
3.42285156e-02	1.38493434e-06	1.62330012e+00
3.42773438e-02	1.97541278e-06	-1.59911412e+00
3.43261719e-02	-5.01189190e-06	1.31291412e+00
3.43750000e-02	7.22699422e-06	-8.11609349e-01
3.44238281e-02	-8.25782259e-06	1.77351252e-01
3.44726563e-02	7.93554443e-06	4.85929061e-01
3.45214844e-02	-6.31304365e-06	-1.06955123e+00
3.45703125e-02	3.65624274e-06	1.47789320e+00
3.46191406e-02	-4.00519037e-07	-1.64405816e+00
3.46679688e-02	-2.92064174e-06	1.54083394e+00
3.47167969e-02	5.76306281e-06	-1.18514940e+00
3.47656250e-02	-7.66104035e-06	6.35298132e-01
3.48144531e-02	8.30364464e-06	1.86153653e-02
3.48632813e-02	-7.58565697e-06	-6.69441159e-01
3.49121094e-02	5.62479791e-06	1.21054139e+00
3.49609375e-02	-2.74242602e-06	-1.55326288e+00
3.50097656e-02	-5.89128469e-07	1.64146195e+00
3.50585937e-02	3.82396371e-06	-1.46070170e+00
3.51074219e-02	-6.43205649e-06	1.04061511e+00
3.51562500e-02	7.98610573e-06	-4.50047183e-01
3.52050781e-02	-8.23154000e-06	-2.14227586e-01
3.52539063e-02	7.12821920e-06	8.43363323e-01
3.53027344e-02	-4.85699938e-06	-1.33427788e+00
3.53515625e-02	1.79008688e-06	1.60654253e+00
3.54003906e-02	1.56995858e-06	-1.61555898e+00
3.54492188e-02	-4.67257582e-06	1.35986478e+00
3.54980469e-02	7.00941443e-06	-8.81370455e-01
3.55468750e-02	-8.19762573e-06	2.58490090e-01
3.55957031e-02	8.04258554e-06	4.06708964e-01
3.56445312e-02	-6.56977278e-06	-1.00523116e+00
3.56933594e-02	4.02058237e-06	1.43901211e+00
3.57421875e-02	-8.12760521e-07	-1.63698583e+00
3.57910156e-02	-2.52805302e-06	1.56672745e+00
3.58398438e-02	5.45445716e-06	-1.23976383e+00
3.58886719e-02	-7.48698254e-06	7.09682465e-01
3.59375000e-02	8.29264887e-06	-6.33487626e-02
3.59863281e-02	-7.73951571e-06	-5.93328699e-01
3.60351562e-02	5.91828975e-06	1.15275241e+00
3.60839844e-02	-3.12745007e-06	-1.52326591e+00
3.61328125e-02	-1.75669220e-07	1.64417086e+00
3.61816406e-02	3.44982217e-06	-1.49567073e+00
3.62304688e-02	-6.15853894e-06	1.10211226e+00
3.62792969e-02	7.85802626e-06	-5.27993747e-01
3.63281250e-02	-8.26987803e-06	-1.32605212e-01
3.63769531e-02	7.32668306e-06	7.71440355e-01
3.64257813e-02	-5.18305888e-06	-1.28383938e+00
3.64746094e-02	2.19030529e-06	1.58585238e+00
3.65234375e-02	1.16116695e-06	-1.62800589e+00
3.65722656e-02	-4.32219778e-06	1.40340727e+00
3.66210938e-02	6.77486112e-06	-9.48871736e-01
3.66699219e-02	-8.11732555e-06	3.38887770e-01
3.67187500e-02	8.12968815e-06	3.26589911e-01
3.67675781e-02	-6.80999582e-06	-9.38519367e-01
3.68164063e-02	4.37455335e-06	1.39663850e+00
3.68652344e-02	-1.22246995e-06	-1.62589258e+00
3.69140625e-02	-2.12974488e-06	1.58873059e+00
3.69628906e-02	5.13281805e-06	-1.29125602e+00
3.70117187e-02	-7.29471326e-06	7.82224334e-01
3.70605469e-02	8.26124825e-06	-1.45052151e-01
3.71093750e-02	-7.87412026e-06	-5.15852543e-01
3.71582031e-02	6.19683343e-06	1.09219881e+00
3.72070313e-02	-3.50428170e-06	-1.48955648e+00
3.72558594e-02	2.37695839e-07	1.64282788e+00
3.73046875e-02	3.06766127e-06	-1.52691250e+00
3.73535156e-02	-5.87020280e-06	1.16081759e+00
3.74023438e-02	7.71075757e-06	-6.04541449e-01
3.74511719e-02	-8.28780103e-06	-5.07595109e-02
3.75000000e-02	7.50685177e-06	6.97708489e-01
3.75488281e-02	-5.49594129e-06	-1.23030289e+00
3.75976562e-02	2.58462411e-06	1.56128285e+00
3.76464844e-02	7.50030679e-07	-1.63642780e+00
3.76953125e-02	-3.96161524e-06	1.44343878e+00
3.77441406e-02	6.52391590e-06	-1.01395143e+00
3.77929688e-02	-8.01713244e-06	4.18350087e-01
3.78417969e-02	8.19665696e-06	2.45766726e-01
3.78906250e-02	-7.03314373e-06	-8.69579363e-01
3.79394531e-02	4.71730612e-06	1.35087779e+00
3.79882813e-02	-1.62865647e-06	-1.61080842e+00
3.80371094e-02	-1.72668715e-06	1.60679308e+00
3.80859375e-02	4.79893533e-06	-1.33950358e+00
3.81347656e-02	-7.08471295e-06	8.52749350e-01
3.81835938e-02	8.20953503e-06	-2.26296952e-01
3.82324219e-02	-7.98915951e-06	-4.37201576e-01
3.82812500e-02	6.45976551e-06	1.02902955e+00
3.83300781e-02	-3.87201377e-06	-1.45221922e+00
3.83789063e-02	6.49964536e-07	1.63743946e+00
3.84277344e-02	2.67841398e-06	-1.55435417e+00
3.84765625e-02	-5.56775898e-06	1.21659092e+00
3.85253906e-02	7.54467198e-06	-6.79505750e-01
3.85742188e-02	-8.28528170e-06	3.11108470e-02
3.86230469e-02	7.66830283e-06	6.22347975e-01
3.86718750e-02	-5.79489816e-06	-1.17380069e+00
3.87207031e-02	2.97209152e-06	1.53289659e+00
3.87695313e-02	3.37548982e-07	-1.64080745e+00
3.88183594e-02	-3.59171106e-06	1.47986496e+00
3.88671875e-02	6.25720057e-06	-1.07645354e+00
3.89160156e-02	-7.89730526e-06	4.96684978e-01
3.89648438e-02	8.24334543e-06	1.64436074e-01
3.90136719e-02	-7.23868857e-06	-7.98580187e-01
3.90625000e-02	5.04801781e-06	1.30184368e+00
3.91113281e-02	-2.03033710e-06	-1.59177310e+00
3.91601563e-02	-1.31986181e-06	1.62087417e+00
3.92089844e-02	4.45362908e-06	-1.38439198e+00
3.92578125e-02	-6.85750540e-06	9.21087910e-01
3.93066406e-02	8.13765086e-06	-3.06886309e-01
3.93554688e-02	-8.08436975e-06	-3.57567655e-01
3.94042969e-02	6.70646004e-06	9.63400043e-01
3.94531250e-02	-4.22976070e-06	-1.41134764e+00
3.95019531e-02	1.06013674e-06	1.62802184e+00
3.95507812e-02	2.28303110e-06	-1.57793209e+00
3.95996094e-02	-5.25195312e-06	1.26929914e+00
3.96484375e-02	7.36018776e-06	-7.52705846e-01
3.96972656e-02	-8.26234239e-06	1.12807011e-01
3.97460938e-02	7.81065898e-06	5.45543125e-01
3.97949219e-02	-6.07921442e-06	-1.11447234e+00
3.98437500e-02	3.35177181e-06	1.50076554e+00
3.98925781e-02	-7.52750964e-08	-1.64113738e+00
3.99414063e-02	-3.21339124e-06	1.51260014e+00
3.99902344e-02	5.97537562e-06	-1.13622825e+00
4.00390625e-02	-7.75815075e-06	5.73703009e-01
4.00878906e-02	8.26965623e-06	8.27959650e-02
4.01367188e-02	-7.42614488e-06	-7.25695978e-01
4.01855469e-02	5.36589438e-06	1.24965791e+00
4.02343750e-02	-2.42653930e-06	-1.56883599e+00
4.02832031e-02	-9.10260548e-07	1.63094277e+00
4.03320313e-02	4.09774761e-06	-1.42581475e+00
4.03808594e-02	-6.61365652e-06	9.87075640e-01
4.04296875e-02	8.04578649e-06	-3.86624854e-01
4.04785156e-02	-8.15953528e-06	-2.77145125e-01
4.05273438e-02	6.93633025e-06	8.95471777e-01
4.05761719e-02	-4.57666073e-06	-1.36704389e+00
4.06250000e-02	1.46721693e-06	1.61460112e+00
4.06738281e-02	1.88247879e-06	-1.59759199e+00
4.07226563e-02	-4.92356368e-06	1.31881649e+00
4.07714844e-02	7.15776812e-06	-8.23965141e-01
4.08203125e-02	-8.21905511e-06	1.94130461e-01
4.08691406e-02	7.93358922e-06	4.67481851e-01
4.09179688e-02	-6.34821026e-06	-1.05246436e+00
4.09667969e-02	3.72274776e-06	1.46497080e+00
4.10156250e-02	-4.87437226e-07	-1.63741997e+00
4.10644531e-02	-2.82758265e-06	1.54156762e+00
4.11132813e-02	5.67913858e-06	-1.19313232e+00
4.11621094e-02	-7.60002275e-06	6.49217868e-01
4.12109375e-02	8.27554154e-06	1.04524529e-03
4.12597656e-02	-7.59507098e-06	-6.51105534e-01
4.13085938e-02	5.67017264e-06	1.19444991e+00
4.13574219e-02	-2.81630344e-06	-1.54205597e+00
4.14062500e-02	-4.98882188e-07	1.63697755e+00
4.14550781e-02	3.73216528e-06	-1.46367384e+00
4.15039062e-02	-6.35377289e-06	1.05055382e+00
4.15527344e-02	7.93418132e-06	-4.65319212e-01
4.16015625e-02	-8.21448909e-06	-1.96130329e-01
4.16503906e-02	7.14883001e-06	8.25411879e-01
4.16992188e-02	-4.91187815e-06	-1.31941849e+00
4.17480469e-02	1.87021672e-06	1.59721309e+00
4.17968750e-02	1.47773614e-06	-1.61328910e+00
4.18457031e-02	-4.58340002e-06	1.36502496e+00
4.18945313e-02	6.93792004e-06	-8.93111690e-01
4.19433594e-02	-8.15554138e-06	2.74883510e-01
4.19921875e-02	8.03680966e-06	3.88355189e-01
4.20410156e-02	-6.60124289e-06	-9.87929821e-01
4.20898438e-02	4.08412300e-06	1.42560241e+00
4.21386719e-02	-8.97934335e-07	-1.62966748e+00
4.21875000e-02	-2.43523070e-06	1.56669982e+00
4.22363281e-02	5.36922226e-06	-1.24702942e+00
4.22851563e-02	-7.42332138e-06	7.23046836e-01
4.23339844e-02	8.26100320e-06	-8.06169017e-02
4.23828125e-02	-7.74507011e-06	-5.74991861e-01
4.24316406e-02	5.96012226e-06	1.13635654e+00
4.24804688e-02	-3.19868526e-06	-1.51150130e+00
4.25292969e-02	-8.67301997e-08	1.63896698e+00
4.25781250e-02	3.35778030e-06	-1.49787983e+00
4.26269531e-02	-6.07850031e-06	1.11136977e+00
4.26757813e-02	7.80312288e-06	-5.42778487e-01
4.27246094e-02	-8.24911328e-06	-1.14721106e-01
4.27734375e-02	7.34345534e-06	7.53392717e-01
4.28222656e-02	-5.23460543e-06	-1.26859009e+00
4.28710938e-02	2.26815737e-06	1.57590325e+00
4.29199219e-02	1.06979272e-06	-1.62498827e+00
4.29687500e-02	-4.23230038e-06	1.40781453e+00
4.30175781e-02	6.70119305e-06	-9.59978642e-01
4.30664063e-02	-8.07197194e-06	3.54869804e-01
4.31152344e-02	8.12008428e-06	3.08356819e-01
4.31640625e-02	-6.83770821e-06	-9.21027999e-01
4.32128906e-02	4.43502429e-06	1.38275912e+00
4.32617188e-02	-1.30576715e-06	-1.61790194e+00
4.33105469e-02	-2.03729696e-06	1.58793848e+00
4.33593750e-02	5.04639292e-06	-1.29779054e+00
4.34082031e-02	-7.22849204e-06	7.95011253e-01
4.34570312e-02	8.22609276e-06	-1.61991460e-01
4.35058594e-02	-7.87579150e-06	-4.97541720e-01
4.35546875e-02	6.23504757e-06	1.07552169e+00
4.36035156e-02	-3.57275822e-06	-1.47724941e+00
4.36523438e-02	3.25189835e-07	1.63690936e+00
4.37011719e-02	2.97551253e-06	-1.52835215e+00
4.37500000e-02	-5.78852214e-06	1.16937729e+00
4.37988281e-02	7.65294607e-06	-6.18814750e-01
4.38476563e-02	-8.26333939e-06	-3.31163028e-02
4.38964844e-02	7.51974561e-06	6.79591464e-01
4.39453125e-02	-5.54406526e-06	-1.21468516e+00
4.39941406e-02	2.66007225e-06	1.55072663e+00
4.40429688e-02	6.59646097e-07	-1.63266409e+00
4.40917969e-02	-3.87112977e-06	1.44708351e+00
4.41406250e-02	6.44817787e-06	-1.02440466e+00
4.41894531e-02	-7.96856642e-06	4.33894819e-01
4.42382813e-02	8.18322560e-06	2.27682582e-01
4.42871094e-02	-7.05704230e-06	-8.51923956e-01
4.43359375e-02	4.77460373e-06	1.33654818e+00
4.43847656e-02	-1.70994269e-06	-1.60215520e+00
4.44335938e-02	-1.63475673e-06	1.60523482e+00
4.44824219e-02	4.71144842e-06	-1.34529425e+00
4.45312500e-02	-7.01602436e-06	8.64936967e-01
4.45800781e-02	8.17091136e-06	-2.42880080e-01
4.46289063e-02	-7.98693123e-06	-4.18945153e-01
4.46777344e-02	6.49428939e-06	1.01209595e+00
4.47265625e-02	-3.93761588e-06	-1.43938679e+00
4.47753906e-02	7.35872748e-07	1.63081288e+00
4.48242188e-02	2.58630115e-06	-1.55501934e+00
4.48730469e-02	-5.48455768e-06	1.22443696e+00
4.49218750e-02	7.48403240e-06	-6.93243508e-01
4.49707031e-02	-8.25714864e-06	4.84847328e-02
4.50195313e-02	7.67728481e-06	6.04189662e-01
4.50683594e-02	-5.83951255e-06	-1.15783768e+00
4.51171875e-02	3.04500927e-06	1.52174770e+00
4.51660156e-02	2.48299314e-07	-1.63630094e+00
4.52148438e-02	-3.50077785e-06	1.48273873e+00
4.52636719e-02	6.17950495e-06	-1.08623435e+00
4.53125000e-02	-7.84559276e-06	5.11766349e-01
4.53613281e-02	8.22609513e-06	1.46529987e-01
4.54101562e-02	-7.25872294e-06	-7.80788136e-01
4.54589844e-02	5.10204090e-06	1.28708502e+00
4.55078125e-02	-2.10947680e-06	-1.58246879e+00
4.55566406e-02	-1.22859667e-06	1.61854964e+00
4.56054688e-02	4.36521620e-06	-1.38942706e+00
4.56542969e-02	-6.78645098e-06	9.32654776e-01
4.57031250e-02	8.09560954e-06	-3.23085577e-01
4.57519531e-02	-8.07823306e-06	-3.39395016e-01
4.58007813e-02	6.73722671e-06	9.46236248e-01
4.58496094e-02	-4.29237417e-06	-1.39800870e+00
4.58984375e-02	1.14431630e-06	1.62069554e+00
4.59472656e-02	2.19110235e-06	-1.57781919e+00
4.59960938e-02	-5.16736035e-06	1.27641655e+00
4.60449219e-02	7.29680908e-06	-7.65884174e-01
4.60937500e-02	-8.23057200e-06	1.29882645e-01
4.61425781e-02	7.81570258e-06	5.27372762e-01
4.61914063e-02	-6.12023630e-06	-1.09818882e+00
4.62402344e-02	3.42203330e-06	1.48904018e+00
4.62890625e-02	-1.63241587e-07	-1.63589304e+00
4.63378906e-02	-3.12215670e-06	1.51469588e+00
4.63867188e-02	5.89584297e-06	-1.14531861e+00
4.64355469e-02	-7.70336661e-06	5.88294987e-01
4.64843750e-02	8.24860379e-06	6.50977209e-02
4.65332031e-02	-7.44227090e-06	-7.07795948e-01
4.65820313e-02	5.41654494e-06	1.23449304e+00
4.66308594e-02	-2.50339658e-06	-1.55889385e+00
4.66796875e-02	-8.19812289e-07	1.62785346e+00
4.67285156e-02	4.00855123e-06	-1.43008369e+00
4.67773438e-02	-6.54034623e-06	9.98000852e-01
4.68261719e-02	8.00038689e-06	-4.02412423e-01
4.68750000e-02	-8.14948910e-06	-2.59086497e-01
4.69238281e-02	6.96327820e-06	8.78105446e-01
4.69726563e-02	-4.63617362e-06	-1.35321899e+00
4.70214844e-02	1.54952368e-06	1.60658515e+00
4.70703125e-02	1.79088690e-06	-1.59669892e+00
4.71191406e-02	-4.83771585e-06	1.32519135e+00
4.71679688e-02	7.09174793e-06	-8.36560511e-01
4.72167969e-02	-8.18369010e-06	2.10878569e-01
4.72656250e-02	7.93467516e-06	4.49329672e-01
4.73144531e-02	-6.38556138e-06	-1.03588656e+00
4.73632812e-02	3.79022848e-06	1.45268691e+00
4.74121094e-02	-5.73970083e-07	-1.63144449e+00
4.74609375e-02	-2.73619857e-06	1.54287961e+00
4.75097656e-02	5.59789711e-06	-1.20151505e+00
4.75585938e-02	-7.54225057e-06	6.63294599e-01
4.76074219e-02	8.25071211e-06	-1.64148482e-02
4.76562500e-02	-7.60725113e-06	-6.33127326e-01
4.77050781e-02	5.71735651e-06	1.17890326e+00
4.77539063e-02	-2.89074282e-06	-1.53149100e+00
4.78027344e-02	-4.09405479e-07	1.63312658e+00
4.78515625e-02	3.64233393e-06	-1.46716734e+00
4.79003906e-02	-6.27832477e-06	1.06081716e+00
4.79492188e-02	7.88549157e-06	-4.80667238e-01
4.79980469e-02	-8.20054035e-06	-1.78216629e-01
4.80468750e-02	7.17190374e-06	8.07871940e-01
4.80957031e-02	-4.96818149e-06	-1.30512983e+00
4.81445313e-02	1.95050600e-06	1.58851927e+00
4.81933594e-02	1.38663782e-06	-1.61161531e+00
4.82421875e-02	-4.49644019e-06	1.37064444e+00
4.82910156e-02	6.86936430e-06	-9.05101084e-01
4.83398438e-02	-8.11663313e-06	2.91274629e-01
4.83886719e-02	8.03392623e-06	3.70252283e-01
4.84375000e-02	-6.63485026e-06	-9.71085368e-01
4.84863281e-02	4.14870053e-06	1.41277961e+00
4.85351563e-02	-9.82881679e-07	-1.62296922e+00
4.85839844e-02	-2.34385355e-06	1.56722381e+00
4.86328125e-02	5.28640740e-06	-1.25468832e+00
4.86816406e-02	-7.36265328e-06	7.36582794e-01
4.87304688e-02	8.23243043e-06	-9.78081647e-02
4.87792969e-02	-7.75327394e-06	-5.56966286e-01
4.88281250e-02	6.00374975e-06	1.12045398e+00
4.88769531e-02	-3.27057241e-06	-1.50033021e+00
4.89257813e-02	1.61795932e-09	1.63435913e+00
4.89746094e-02	3.26746796e-06	-1.50058991e+00
4.90234375e-02	-6.00104005e-06	1.12095183e+00
4.90722656e-02	7.75121971e-06	-5.57659266e-01
4.91210938e-02	-8.23127712e-06	-9.69838043e-02
4.91699219e-02	7.36260578e-06	7.35709248e-01
4.92187500e-02	-5.28759389e-06	-1.25386143e+00
4.92675781e-02	2.34628475e-06	1.56654509e+00
4.93164062e-02	9.79347879e-07	-1.62253483e+00
4.93652344e-02	-4.14437774e-06	1.41266703e+00
4.94140625e-02	6.63021574e-06	-9.71339678e-01
4.94628906e-02	-8.02958050e-06	3.70874425e-01
4.95117188e-02	8.11322764e-06	2.90334997e-01
4.95605469e-02	-6.86750460e-06	-9.03945789e-01
4.96093750e-02	4.49657895e-06	1.36941865e+00
4.96582031e-02	-1.38897639e-06	-1.61049100e+00
4.97070313e-02	-1.94608726e-06	1.58767174e+00
4.97558594e-02	4.96214683e-06	-1.30471047e+00
4.98046875e-02	-7.16502848e-06	8.07981368e-01
4.98535156e-02	8.19381884e-06	-1.78882982e-01
4.99023438e-02	-7.87999592e-06	-4.79500471e-01
4.99511719e-02	6.27503401e-06	1.05929050e+00
5.00000000e-02	-3.64196068e-06	-1.46549060e+00
5.00488281e-02	4.12250822e-07	1.63155110e+00
5.00976563e-02	2.88487802e-06	-1.53027229e+00
5.01464844e-02	-5.70918270e-06	1.17825957e+00
5.01953125e-02	7.59791474e-06	-6.33200855e-01
5.02441406e-02	-8.24163930e-06	-1.55872785e-02
5.02929688e-02	7.53493056e-06	6.61795580e-01
5.03417969e-02	-5.59363773e-06	-1.19954174e+00
5.03906250e-02	2.73589422e-06	1.54071937e+00
5.04394531e-02	5.70017162e-07	-1.62943369e+00
5.04882813e-02	-3.78239909e-06	1.45115872e+00
5.05371094e-02	6.37490068e-06	-1.03511572e+00
5.05859375e-02	-7.92276039e-06	4.49483525e-01
5.06347656e-02	8.17239994e-06	2.09774243e-01
5.06835938e-02	-7.08296673e-06	-8.34634061e-01
5.07324219e-02	4.83301924e-06	1.32271285e+00
5.07812500e-02	-1.79126126e-06	-1.59404338e+00
5.08300781e-02	-1.54387842e-06	1.60417618e+00
5.08789063e-02	4.62591949e-06	-1.35146125e+00
5.09277344e-02	-6.94987384e-06	8.77316759e-01
5.09765625e-02	8.13498706e-06	-2.59440857e-01
5.10253906e-02	-7.98712086e-06	-4.00920684e-01
5.10742188e-02	6.53055569e-06	9.95564715e-01
5.11230469e-02	-4.00400370e-06	-1.42706027e+00
5.11718750e-02	8.21486995e-07	1.62471237e+00
5.12207031e-02	2.49550751e-06	-1.55614449e+00
5.12695312e-02	-5.40347886e-06	1.23260200e+00
5.13183594e-02	7.42596650e-06	-7.07107922e-01
5.13671875e-02	-8.23161659e-06	6.57733189e-02
5.14160156e-02	7.68846927e-06	5.86313398e-01
5.14648438e-02	-5.88557273e-06	-1.14230616e+00
5.15136719e-02	3.11838393e-06	1.51110822e+00
5.15625000e-02	1.59650594e-07	-1.63229794e+00
5.16113281e-02	-3.41139891e-06	1.48602775e+00
5.16601563e-02	6.10405695e-06	-1.09627468e+00
5.17089844e-02	-7.79644928e-06	5.26909947e-01
5.17578125e-02	8.21131292e-06	1.28767993e-01
5.18066406e-02	-7.28072108e-06	-7.63321706e-01
5.18554688e-02	5.15720497e-06	1.27277916e+00
5.19042969e-02	-2.18875275e-06	-1.57366958e+00
5.19531250e-02	-1.13821645e-06	1.61669955e+00
5.20019531e-02	4.27855859e-06	-1.39482845e+00
5.20507813e-02	-6.71772981e-06	9.44420472e-01
5.20996094e-02	8.05609420e-06	-3.39284641e-01
5.21484375e-02	-8.07440047e-06	-3.21420421e-01
5.21972656e-02	6.76969976e-06	9.29434767e-01
5.22460938e-02	-4.35582051e-06	-1.38513608e+00
5.22949219e-02	1.22832395e-06	1.61386263e+00
5.23437500e-02	2.10031628e-06	-1.57814583e+00
5.23925781e-02	-5.08468837e-06	1.28384804e+00
5.24414063e-02	7.23581034e-06	-7.79200410e-01
5.24902344e-02	-8.20124848e-06	1.46898481e-01
5.25390625e-02	7.82285910e-06	5.09448966e-01
5.25878906e-02	-6.16269320e-06	-1.08229719e+00
5.26367188e-02	3.49282097e-06	1.47778705e+00
5.26855469e-02	-2.50744550e-07	-1.63112349e+00
5.27343750e-02	-3.03229378e-06	1.51719123e+00
5.27832031e-02	5.81836022e-06	-1.15466845e+00
5.28320313e-02	-7.65097118e-06	6.02964633e-01
5.28808594e-02	8.22988589e-06	4.75152723e-02
5.29296875e-02	-7.46029546e-06	-6.90185100e-01
5.29785156e-02	5.46834980e-06	1.21974241e+00
5.30273438e-02	-2.58047927e-06	-1.54942245e+00
5.30761719e-02	-7.30099032e-07	1.62521402e+00
5.31250000e-02	3.92092438e-06	-1.43470810e+00
5.31738281e-02	-6.46917826e-06	1.00912950e+00
5.32226562e-02	7.95734839e-06	-4.18218969e-01
5.32714844e-02	-8.14163502e-06	-2.41195392e-01
5.33203125e-02	6.99189139e-06	8.61064633e-01
5.33691406e-02	-4.69655534e-06	-1.33982341e+00
5.34179688e-02	1.63176521e-06	1.59903142e+00
5.34667969e-02	1.70027820e-06	-1.59622513e+00
5.35156250e-02	-4.75360292e-06	1.33187416e+00
5.35644531e-02	7.02792602e-06	-8.49302733e-01
5.36132813e-02	-8.15062421e-06	2.27589316e-01
5.36621094e-02	7.93778410e-06	4.31391889e-01
5.37109375e-02	-6.42432980e-06	-1.01966407e+00
5.37597656e-02	3.85829228e-06	1.44084027e+00
5.38085938e-02	-6.60161134e-07	-1.62591613e+00
5.38574219e-02	-2.64601989e-06	1.54457535e+00
5.39062500e-02	5.51852233e-06	-1.21015570e+00
5.39550781e-02	-7.48669696e-06	6.77461921e-01
5.40039063e-02	8.22808791e-06	-3.37843328e-02
5.40527344e-02	-7.62126223e-06	-6.15405049e-01
5.41015625e-02	5.76569946e-06	1.16373500e+00
5.41503906e-02	-2.96548351e-06	-1.52136425e+00
5.41992188e-02	-3.20529627e-07	1.62970157e+00
5.42480469e-02	3.55390205e-06	-1.47100484e+00
5.42968750e-02	-6.20484103e-06	1.07128673e+00
5.43457031e-02	7.83900625e-06	-4.96050742e-01
5.43945313e-02	-8.18867384e-06	-1.60443034e-01
5.44433594e-02	7.19659730e-06	7.90623740e-01
5.44921875e-02	-5.02537971e-06	-1.29123592e+00
5.45410156e-02	2.03082285e-06	1.58025798e+00
5.45898438e-02	1.29637876e-06	-1.61034081e+00
5.46386719e-02	-4.41104409e-06	1.37656477e+00
5.46875000e-02	6.80283658e-06	-9.17244213e-01
5.47363281e-02	-8.07988252e-06	3.07648039e-01
5.47851563e-02	8.03297605e-06	3.52334648e-01
5.48339844e-02	-6.66985125e-06	-9.54562454e-01
5.48828125e-02	4.21390697e-06	1.40036119e+00
5.49316406e-02	-1.06759465e-06	-1.61669150e+00
5.49804688e-02	-2.25353075e-06	1.56811555e+00
5.50292969e-02	5.20528955e-06	-1.26260227e+00
5.50781250e-02	-7.30404334e-06	7.50219999e-01
5.51269531e-02	8.20593790e-06	-1.14931168e-01
5.51757812e-02	-7.76323938e-06	-5.39166333e-01
5.52246094e-02	6.04853361e-06	1.10489655e+00
5.52734375e-02	-3.34282483e-06	-1.48956660e+00
5.53222656e-02	8.94849838e-08	1.63015401e+00
5.53710938e-02	3.17839955e-06	-1.50363207e+00
5.54199219e-02	-5.92537847e-06	1.13074132e+00
5.54687500e-02	7.70137231e-06	-5.72589607e-01
5.55175781e-02	-8.21541574e-06	-7.93620315e-02
5.55664063e-02	7.38332715e-06	7.18286540e-01
5.56152344e-02	-5.34149449e-06	-1.23949523e+00
5.56640625e-02	2.42451989e-06	1.55759118e+00
5.57128906e-02	8.89612693e-07	-1.62046098e+00
5.57617188e-02	-4.05786134e-06	1.41781245e+00
5.58105469e-02	6.56110700e-06	-9.82859502e-01
5.58593750e-02	-7.98921138e-06	3.86878462e-01
5.59082031e-02	8.10821504e-06	2.72472124e-01
5.59570313e-02	-6.89866584e-06	-8.87153965e-01
5.60058594e-02	4.55879850e-06	1.35645170e+00
5.60546875e-02	-1.47204569e-06	-1.60347508e+00
5.61035156e-02	-1.85579487e-06	1.58775672e+00
5.61523438e-02	4.87944076e-06	-1.31188146e+00
5.62011719e-02	-7.10347193e-06	8.21061361e-01
5.62500000e-02	8.16350457e-06	-1.95726003e-01
5.62988281e-02	-7.88589146e-06	-4.61657258e-01
5.63476563e-02	6.31616763e-06	1.04337360e+00
5.63964844e-02	-3.71158162e-06	-1.45411021e+00
5.64453125e-02	4.98937194e-07	1.62657306e+00
5.64941406e-02	2.79534534e-06	-1.53251218e+00
5.65429688e-02	-5.63148777e-06	1.18734910e+00
5.65917969e-02	7.54479821e-06	-6.47648422e-01
5.66406250e-02	-8.22180921e-06	1.84818236e-03
5.66894531e-02	7.55163472e-06	6.44232081e-01
5.67382813e-02	-5.64413185e-06	-1.18473068e+00
5.67871094e-02	2.81189275e-06	1.53108945e+00
5.68359375e-02	4.80981455e-07	-1.62656357e+00
5.68847656e-02	-3.69492990e-06	1.45551824e+00
5.69335938e-02	6.30334287e-06	-1.04598899e+00
5.69824219e-02	-7.87884748e-06	4.65086476e-01
5.70312500e-02	8.16333010e-06	1.92001118e-01
5.70800781e-02	-7.11022294e-06	-8.17605850e-01
5.71289062e-02	4.89212680e-06	1.30922210e+00
5.71777344e-02	-1.87252243e-06	-1.58630213e+00
5.72265625e-02	-1.45379330e-06	1.60345327e+00
5.72753906e-02	4.54178548e-06	-1.35787437e+00
5.73242188e-02	-6.88548811e-06	8.89813240e-01
5.73730469e-02	8.10090630e-06	-2.75970525e-01
5.74218750e-02	-7.98893044e-06	-3.83069187e-01
5.74707031e-02	6.56795429e-06	9.79319186e-01
5.75195313e-02	-4.07085351e-06	-1.41508475e+00
5.75683594e-02	9.06821054e-07	1.61897030e+00
5.76171875e-02	2.40568615e-06	-1.55757679e+00
5.76660156e-02	-5.32390125e-06	1.24097289e+00
5.77148438e-02	7.36968189e-06	-7.21043724e-01
5.77636719e-02	-8.20785260e-06	8.29879117e-02
5.78125000e-02	7.70111905e-06	5.68643567e-01
5.78613281e-02	-5.93255723e-06	-1.12707895e+00
5.79101563e-02	3.19199359e-06	1.50082055e+00
5.79589844e-02	7.14907980e-08	-1.62863634e+00
5.80078125e-02	-3.32314863e-06	1.48959191e+00
5.80566406e-02	6.03018888e-06	-1.10647921e+00
5.81054688e-02	-7.74907568e-06	5.42080531e-01
5.81542969e-02	8.19819959e-06	1.11119864e-01
5.82031250e-02	-7.30401434e-06	-7.46090546e-01
5.82519531e-02	5.21308037e-06	1.25879075e+00
5.83007813e-02	-2.26804305e-06	-1.56521756e+00
5.83496094e-02	-1.04851727e-06	1.61516934e+00
5.83984375e-02	4.19316196e-06	-1.40047016e+00
5.84472656e-02	-6.65063972e-06	9.56308039e-01
5.84960938e-02	8.01831080e-06	-3.55467826e-01
5.85449219e-02	-8.07211644e-06	-3.03596074e-01
5.85937500e-02	6.80328539e-06	9.12892533e-01
5.86425781e-02	-4.41976366e-06	-1.37258862e+00
5.86914063e-02	1.31213475e-06	1.60736718e+00
5.87402344e-02	2.01038456e-06	-1.57876687e+00
5.87890625e-02	-5.00338457e-06	1.29148289e+00
5.88378906e-02	7.17646662e-06	-7.92596180e-01
5.88867188e-02	-8.17359412e-06	1.63857692e-01
5.89355469e-02	7.83142540e-06	4.91707907e-01
5.89843750e-02	-6.20607107e-06	-1.06668376e+00
5.90332031e-02	3.56389269e-06	1.46686148e+00
5.90820312e-02	-3.37851724e-07	-1.62667693e+00
5.91308594e-02	-2.94343782e-06	1.51995212e+00
5.91796875e-02	5.74232722e-06	-1.16418319e+00
5.92285156e-02	-7.60022832e-06	6.17672112e-01
5.92773438e-02	8.21275152e-06	3.00275423e-02
5.93261719e-02	-7.47957552e-06	-6.72785258e-01
5.93750000e-02	5.52087829e-06	1.20528385e+00
5.94238281e-02	-2.65763821e-06	-1.54027588e+00
5.94726563e-02	-6.40965752e-07	1.62287879e+00
5.95214844e-02	3.83443503e-06	-1.43956637e+00
5.95703125e-02	-6.39951581e-06	1.02038374e+00
5.96191406e-02	7.91593476e-06	-4.34022887e-01
5.96679688e-02	-8.13525829e-06	-2.23433980e-01
5.97167969e-02	7.02159323e-06	8.44258618e-01
5.97656250e-02	-4.75746087e-06	-1.32672867e+00
5.98144531e-02	1.71388309e-06	1.59179492e+00
5.98632813e-02	1.61041671e-06	-1.59603290e+00
5.99121094e-02	-4.67073485e-06	1.33875694e+00
5.99609375e-02	6.96563987e-06	-8.62131028e-01
6.00097656e-02	-8.11913173e-06	2.44258784e-01
6.00585938e-02	7.94224616e-06	4.13615254e-01
6.01074219e-02	-6.46401059e-06	-1.00369553e+00
6.01562500e-02	3.92668072e-06	1.42929825e+00
6.02050781e-02	-7.46039234e-07	-1.62069286e+00
6.02539063e-02	-2.55673688e-06	1.54652668e+00
6.03027344e-02	5.44047593e-06	-1.21896084e+00
6.03515625e-02	-7.43268438e-06	6.91676197e-01
6.04003906e-02	8.20696372e-06	-5.10762107e-02
6.04492188e-02	-7.63648680e-06	-5.97871522e-01
6.04980469e-02	5.81477213e-06	1.14883509e+00
6.05468750e-02	-3.04035336e-06	-1.51154103e+00
6.05957031e-02	-2.32142949e-07	1.62656533e+00
6.06445313e-02	3.46649406e-06	-1.47506915e+00
6.06933594e-02	-6.13274512e-06	1.08188432e+00
6.07421875e-02	7.79404328e-06	-5.11443065e-01
6.07910156e-02	-8.17821401e-06	-1.42780594e-01
6.08398438e-02	7.22235205e-06	7.73587780e-01
6.08886719e-02	-5.08312172e-06	-1.27761999e+00
6.09375000e-02	2.11107991e-06	1.57229448e+00
6.09863281e-02	1.20676988e-06	-1.60933502e+00
6.10351562e-02	-4.32677870e-06	1.38268087e+00
6.10839844e-02	6.73773212e-06	-9.29478509e-01
6.11328125e-02	-8.04461288e-06	3.23993658e-01
6.11816406e-02	8.03332157e-06	3.34558538e-01
6.12304688e-02	-6.70575141e-06	-9.38270967e-01
6.12792969e-02	4.27947098e-06	1.38822568e+00
6.13281250e-02	-1.15206802e-06	-1.61070151e+00
6.13769531e-02	-2.16400209e-06	1.56925269e+00
6.14257813e-02	5.12538713e-06	-1.27067931e+00
6.14746094e-02	-7.24686857e-06	7.63911718e-01
6.15234375e-02	8.18086390e-06	-1.31991796e-01
6.15722656e-02	-7.77437436e-06	-5.21534763e-01
6.16210938e-02	6.09404780e-06	1.08958533e+00
6.16699219e-02	-3.41525115e-06	-1.47908622e+00
6.17187500e-02	1.76944130e-07	1.62622254e+00
6.17675781e-02	3.09025068e-06	-1.50689350e+00
6.18164063e-02	-5.85099454e-06	1.14066010e+00
6.18652344e-02	7.65294926e-06	-5.87538560e-01
6.19140625e-02	-8.20089121e-06	-6.18347452e-02
6.19628906e-02	7.40507928e-06	7.01055296e-01
6.20117188e-02	-5.39595258e-06	-1.22538556e+00
6.20605469e-02	2.50275058e-06	1.54891644e+00
6.21093750e-02	8.00440024e-07	-1.61864308e+00
6.21582031e-02	-3.97237018e-06	1.42314878e+00
6.22070313e-02	6.49331562e-06	-9.94474287e-01
6.22558594e-02	-7.95023419e-06	4.02866486e-01
6.23046875e-02	8.10444044e-06	2.54732986e-01
6.23535156e-02	-6.93070911e-06	-8.70572712e-01
6.24023438e-02	4.62140159e-06	1.34374717e+00
6.24511719e-02	-1.55493999e-06	-1.59673012e+00
6.25000000e-02	-1.76620418e-06	1.58807674e+00
6.25488281e-02	4.79784512e-06	-1.31921328e+00
6.25976563e-02	-7.04325028e-06	8.34202009e-01
6.26464844e-02	8.13452962e-06	-2.12520145e-01
6.26953125e-02	-7.89291119e-06	-4.43963831e-01
6.27441406e-02	6.35802732e-06	1.02768227e+00
6.27929687e-02	-3.78141375e-06	-1.44299378e+00
6.28417969e-02	5.85288176e-07	1.62185389e+00
6.28906250e-02	2.70663660e-06	-1.53496346e+00
6.29394531e-02	-5.55496751e-06	1.19656815e+00
6.29882812e-02	7.49301258e-06	-6.62122890e-01
6.30371094e-02	-8.20324725e-06	1.92040870e-02
6.30859375e-02	7.56933677e-06	6.26840954e-01
6.31347656e-02	-5.69519158e-06	-1.17015604e+00
6.31835938e-02	2.88793433e-06	1.52172087e+00
6.32324219e-02	3.92429339e-07	-1.62393676e+00
6.32812500e-02	-3.60838871e-06	1.46006325e+00
6.33300781e-02	6.23300287e-06	-1.05695985e+00
6.33789063e-02	-7.83624093e-06	4.80683624e-01
6.34277344e-02	8.15544057e-06	1.74335650e-01
6.34765625e-02	-7.13834064e-06	-8.00768928e-01
6.35253906e-02	4.95163764e-06	1.29597444e+00
6.35742188e-02	-1.95366516e-06	-1.57881564e+00
6.36230469e-02	-1.36432598e-06	1.60295497e+00
6.36718750e-02	4.45866454e-06	-1.36444528e+00
6.37207031e-02	-6.82234243e-06	9.02375236e-01
6.37695312e-02	8.06808803e-06	-2.92463204e-01
6.38183594e-02	-7.99181788e-06	-3.65350542e-01
6.38671875e-02	6.60607048e-06	9.63280050e-01
6.39160156e-02	-4.13794505e-06	-1.40335493e+00
6.39648438e-02	9.91884051e-07	1.61347273e+00
6.40136719e-02	2.31660130e-06	-1.55921231e+00
6.40625000e-02	-5.24540226e-06	1.24947264e+00
6.41113281e-02	7.31463925e-06	-7.35013342e-01
6.41601563e-02	-8.18528939e-06	1.00136264e-01
6.42089844e-02	7.71473185e-06	5.51128606e-01
6.42578125e-02	-5.98011045e-06	-1.11206935e+00
6.43066406e-02	3.26568666e-06	1.49077720e+00
6.43554688e-02	-1.62561965e-08	-1.62520558e+00
6.44042969e-02	-3.23573690e-06	1.49333565e+00
6.44531250e-02	5.95744522e-06	-1.11678291e+00
6.45019531e-02	-7.70292641e-06	5.57254084e-01
6.45507813e-02	8.18620923e-06	9.35649117e-02
6.45996094e-02	-7.32814567e-06	-7.29032888e-01
6.46484375e-02	5.26937318e-06	1.24502726e+00
6.46972656e-02	-2.34726405e-06	-1.55700472e+00
6.47460937e-02	-9.59359994e-07	1.61385327e+00
6.47949219e-02	4.10868829e-06	-1.40626601e+00
6.48437500e-02	-6.58470020e-06	9.68264822e-01
6.48925781e-02	7.98171563e-06	-3.71624430e-01
6.49414062e-02	-8.07086330e-06	-2.85889203e-01
6.49902344e-02	6.83757642e-06	8.96538894e-01
6.50390625e-02	-4.48397294e-06	-1.36026956e+00
6.50878906e-02	1.39573127e-06	1.60110224e+00
6.51367188e-02	1.92110968e-06	-1.57958274e+00
6.51855469e-02	-4.92306998e-06	1.29924514e+00
6.52343750e-02	7.11828039e-06	-8.06031430e-01
6.52832031e-02	-8.14707479e-06	1.80762482e-01
6.53320313e-02	7.84091831e-06	4.74105715e-01
6.53808594e-02	-6.25001637e-06	-1.05127040e+00
6.54296875e-02	3.63508166e-06	1.45616401e+00
6.54785156e-02	-4.24609311e-07	-1.62244896e+00
6.55273438e-02	-2.85533831e-06	1.52288630e+00
6.55761719e-02	5.66733120e-06	-1.17379775e+00
6.56250000e-02	-7.55063132e-06	6.32390009e-01
6.56738281e-02	8.19668340e-06	1.26200019e-02
6.57226562e-02	-7.49966782e-06	-6.55542548e-01
6.57714844e-02	5.57383329e-06	1.19103315e+00
6.58203125e-02	-2.73477016e-06	-1.53135355e+00
6.58691406e-02	-5.52305941e-07	1.62074729e+00
6.59179688e-02	3.74878545e-06	-1.44457458e+00
6.59667969e-02	-6.33091965e-06	1.03170986e+00
6.60156250e-02	7.87563778e-06	-4.49809268e-01
6.60644531e-02	-8.12986518e-06	-2.05776133e-01
6.61132813e-02	7.05198512e-06	8.27624721e-01
6.61621094e-02	-4.81865138e-06	-1.31384599e+00
6.62109375e-02	1.79583645e-06	1.58477541e+00
6.62597656e-02	1.52113969e-06	-1.59602699e+00
6.63085938e-02	-4.58877295e-06	1.34576497e+00
6.63574219e-02	6.90443115e-06	-8.75003331e-01
6.64062500e-02	-8.08871029e-06	2.60884258e-01
6.64550781e-02	7.94759723e-06	3.95962898e-01
6.65039063e-02	-6.50425362e-06	-9.87910709e-01
6.65527344e-02	3.99521428e-06	1.41796891e+00
6.66015625e-02	-8.31623916e-07	-1.61567621e+00
6.66503906e-02	-2.46813522e-06	1.54864470e+00
6.66992187e-02	5.36338484e-06	-1.22786564e+00
6.67480469e-02	-7.37974281e-06	7.05907134e-01
6.67968750e-02	8.18684994e-06	-6.82994945e-02
6.68457031e-02	-7.65249580e-06	-5.80480107e-01
6.68945312e-02	5.86427590e-06	1.13412708e+00
6.69433594e-02	-3.11523227e-06	-1.50192773e+00
6.69921875e-02	-1.44168309e-07	1.62362251e+00
6.70410156e-02	3.37984921e-06	-1.47927875e+00
6.70898438e-02	-6.06163629e-06	1.09255551e+00
6.71386719e-02	7.75012816e-06	-5.26825635e-01
6.71875000e-02	-8.16869055e-06	-1.25209179e-01
6.72363281e-02	7.24877875e-06	7.56708722e-01
6.72851563e-02	-5.14116255e-06	-1.26420072e+00
6.73339844e-02	2.19121579e-06	1.56453493e+00
6.73828125e-02	1.11767991e-06	-1.60850696e+00
6.74316406e-02	-4.24334255e-06	1.38891948e+00
6.74804688e-02	6.67362944e-06	-9.41760312e-01
6.75292969e-02	-8.01035223e-06	3.40304423e-01
6.75781250e-02	8.03451774e-06	3.16893451e-01
6.76269531e-02	-6.74220525e-06	-9.22148024e-01
6.76757812e-02	4.34520255e-06	1.37628825e+00
6.77246094e-02	-1.23629759e-06	-1.60490649e+00
6.77734375e-02	-2.07508624e-06	1.57054971e+00
6.78222656e-02	5.04636388e-06	-1.27885511e+00
6.78710938e-02	-7.19069359e-06	7.77625238e-01
6.79199219e-02	8.15674559e-06	-1.48994129e-01
6.79687500e-02	-7.78626440e-06	-5.04031560e-01
6.80175781e-02	6.13999369e-06	1.07445109e+00
6.80664063e-02	-3.48771685e-06	-1.46880212e+00
6.81152344e-02	2.64046129e-07	1.62247433e+00
6.81640625e-02	3.00279460e-06	-1.51029519e+00
6.82128906e-02	-5.77752346e-06	1.15065336e+00
6.82617188e-02	7.60550811e-06	-6.02484388e-01
6.83105469e-02	-8.18725610e-06	-4.43872335e-02
6.83593750e-02	7.42748296e-06	6.83966945e-01
6.84082031e-02	-5.45071884e-06	-1.21145809e+00
6.84570313e-02	2.58089745e-06	1.54043309e+00
6.85058594e-02	7.11727150e-07	-1.61699431e+00
6.85546875e-02	-3.88763718e-06	1.42860435e+00
6.86035156e-02	6.42645464e-06	-1.00613915e+00
6.86523437e-02	-7.91220601e-06	4.18827605e-01
6.87011719e-02	8.10147760e-06	2.37092875e-01
6.87500000e-02	-6.96329452e-06	-8.54145941e-01
6.87988281e-02	4.68418977e-06	1.33122690e+00
6.88476562e-02	-1.63763402e-06	-1.59016880e+00
6.88964844e-02	-1.67716403e-06	1.58854965e+00
6.89453125e-02	4.71705794e-06	-1.32664232e+00
6.89941406e-02	-6.98396083e-06	8.47368591e-01
6.90429688e-02	8.10645693e-06	-2.29265080e-01
6.90917969e-02	-7.90065538e-06	-4.26386240e-01
6.91406250e-02	6.40031578e-06	1.01215402e+00
6.91894531e-02	-3.85131031e-06	-1.43206062e+00
6.92382813e-02	6.71330788e-07	1.61730800e+00
6.92871094e-02	2.61855626e-06	-1.53754965e+00
6.93359375e-02	-5.47929071e-06	1.20586184e+00
6.93847656e-02	7.44214582e-06	-6.76599795e-01
6.94335938e-02	-8.18552830e-06	3.64902630e-02
6.94824219e-02	7.58766806e-06	6.09579860e-01
6.95312500e-02	-5.74656475e-06	-1.15575004e+00
6.95800781e-02	2.96392396e-06	1.51253165e+00
6.96289062e-02	3.04283951e-07	-1.62147051e+00
6.96777344e-02	-3.52254021e-06	1.46472379e+00
6.97265625e-02	6.16352617e-06	-1.06798251e+00
6.97753906e-02	-7.79452560e-06	4.96260712e-01
6.98242188e-02	8.14832374e-06	1.56758397e-01
6.98730469e-02	-7.16698640e-06	-7.84073500e-01
6.99218750e-02	5.01134662e-06	1.28289802e+00
6.99707031e-02	-2.03464550e-06	-1.57150186e+00
7.00195313e-02	-1.27535282e-06	1.60260249e+00
7.00683594e-02	4.37628649e-06	-1.37111134e+00
7.01171875e-02	-6.76006499e-06	9.14966383e-01
7.01660156e-02	8.03612010e-06	-3.08914642e-01
7.02148438e-02	-7.99539826e-06	-3.47736350e-01
7.02636719e-02	6.64460940e-06	9.47391063e-01
7.03125000e-02	-4.20512128e-06	-1.39179603e+00
7.03613281e-02	1.07668175e-06	1.60813868e+00
7.04101563e-02	2.22808614e-06	-1.56097716e+00
7.04589844e-02	-5.16768204e-06	1.25804650e+00
7.05078125e-02	7.26045541e-06	-7.48989986e-01
7.05566406e-02	-8.16352357e-06	1.17223807e-01
7.06054687e-02	7.72895004e-06	5.33731912e-01
7.06542969e-02	-6.02797881e-06	-1.09721572e+00
7.07031250e-02	3.33935459e-06	1.48090169e+00
7.07519531e-02	-1.03643856e-07	-1.62192691e+00
7.08007812e-02	-3.14895774e-06	1.49719085e+00
7.08496094e-02	5.88550192e-06	-1.12713939e+00
7.08984375e-02	-7.65761290e-06	5.72413403e-01
7.09472656e-02	8.17495259e-06	7.60884792e-02
7.09960938e-02	-7.35278882e-06	-7.12104767e-01
7.10449219e-02	5.32587317e-06	1.23142276e+00
7.10937500e-02	-2.42635533e-06	-1.54895404e+00
7.11425781e-02	-8.70646049e-07	1.61267589e+00
7.11914063e-02	4.02489694e-06	-1.41215445e+00
7.12402344e-02	-6.51956855e-06	9.80253147e-01
7.12890625e-02	7.94592049e-06	-3.87746716e-01
7.13378906e-02	-8.07027101e-06	-2.68276488e-01
7.13867188e-02	6.87228144e-06	8.80323436e-01
7.14355469e-02	-4.54828278e-06	-1.34810975e+00
7.14843750e-02	1.47910025e-06	1.59499135e+00
7.15332031e-02	1.83235114e-06	-1.58052220e+00
7.15820312e-02	-4.84347404e-06	1.30708040e+00
7.16308594e-02	7.06089592e-06	-8.19477405e-01
7.16796875e-02	-8.12130816e-06	1.97614326e-01
7.17285156e-02	7.85099154e-06	4.56611070e-01
7.17773438e-02	-6.29427531e-06	-1.03600120e+00
7.18261719e-02	3.70626766e-06	1.44562344e+00
7.18750000e-02	-5.11049636e-07	-1.61836476e+00
7.19238281e-02	-2.76781640e-06	1.52592759e+00
7.19726563e-02	5.59307669e-06	-1.18346541e+00
7.20214844e-02	-7.50181701e-06	6.47098563e-01
7.20703125e-02	8.18131034e-06	-4.71766642e-03
7.21191406e-02	-7.52025391e-06	-6.38418405e-01
7.21679688e-02	5.62700087e-06	1.17692996e+00
7.22167969e-02	-2.81180023e-06	-1.52258325e+00
7.22656250e-02	-4.64043897e-07	1.61874735e+00
7.23144531e-02	3.66376244e-06	-1.44967241e+00
7.23632813e-02	-6.26307459e-06	1.04306916e+00
7.24121094e-02	7.83609229e-06	-4.65567285e-01
7.24609375e-02	-8.12510052e-06	-1.88203172e-01
7.25097656e-02	7.08277990e-06	8.11117954e-01
7.25585937e-02	-4.87995436e-06	-1.30111155e+00
7.26074219e-02	1.87759511e-06	1.57790078e+00
7.26562500e-02	1.43233076e-06	-1.59613880e+00
7.27050781e-02	-4.50747402e-06	1.35284440e+00
7.27539062e-02	6.84397018e-06	-8.87889246e-01
7.28027344e-02	-8.05899804e-06	2.77463667e-01
7.28515625e-02	7.95350265e-06	3.78408361e-01
7.29003906e-02	-6.54480599e-06	-9.72259083e-01
7.29492188e-02	4.06376278e-06	1.40678606e+00
7.29980469e-02	-9.16928428e-07	-1.61079517e+00
7.30468750e-02	-2.38006105e-06	1.55086526e+00
7.30957031e-02	5.28698042e-06	-1.23682324e+00
7.31445313e-02	-7.32753334e-06	7.20132757e-01
7.31933594e-02	8.16739310e-06	-8.54605698e-02
7.32421875e-02	-7.66897909e-06	-5.63197235e-01
7.32910156e-02	5.91399443e-06	1.11955583e+00
7.33398438e-02	-3.19003268e-06	-1.49245678e+00
7.33886719e-02	-5.65508099e-08	1.62080420e+00
7.34375000e-02	3.29377980e-06	-1.48357466e+00
7.34863281e-02	-5.99122532e-06	1.10326085e+00
7.35351562e-02	7.70691790e-06	-5.42184900e-01
7.35839844e-02	-8.15976309e-06	-1.07714354e-01
7.36328125e-02	7.27559527e-06	7.39946632e-01
7.36816406e-02	-5.19932418e-06	-1.25091933e+00
7.37304688e-02	2.27118518e-06	1.55691140e+00
7.37792969e-02	1.02901463e-06	-1.60779070e+00
7.38281250e-02	-4.16051796e-06	1.39522745e+00
7.38769531e-02	6.61022355e-06	-9.54057875e-01
7.39257813e-02	-7.97675857e-06	3.56575088e-01
7.39746094e-02	8.03624163e-06	2.99317400e-01
7.40234375e-02	-6.77896163e-06	-9.06148126e-01
7.40722656e-02	4.41096310e-06	1.36448744e+00
7.41210938e-02	-1.32027942e-06	-1.59923914e+00
7.41699219e-02	-1.98665247e-06	1.57194450e+00
7.42187500e-02	4.96797641e-06	-1.28708290e+00
7.42675781e-02	-7.13520264e-06	7.91336684e-01
7.43164063e-02	8.13324684e-06	-1.65940994e-01
7.43652344e-02	-7.79860804e-06	-4.86627782e-01
7.44140625e-02	6.18615364e-06	1.05944362e+00
7.44628906e-02	-3.56012332e-06	-1.45865112e+00
7.45117187e-02	3.50826962e-07	1.61884365e+00
7.45605469e-02	2.91586726e-06	-1.51377960e+00
7.46093750e-02	-5.70470051e-06	1.16068114e+00
7.46582031e-02	7.55872718e-06	-6.17411143e-01
7.47070312e-02	-8.17418470e-06	-2.70089276e-02
7.47558594e-02	7.45026172e-06	6.66986253e-01
7.48046875e-02	-5.50561098e-06	-1.19765880e+00
7.48535156e-02	2.65890180e-06	1.53207724e+00
7.49023438e-02	6.23400140e-07	-1.61545139e+00
7.49511719e-02	-3.80346850e-06	1.43412685e+00
7.50000000e-02	6.36024256e-06	-1.01782125e+00
7.50488281e-02	-7.87480407e-06	4.34753737e-01
7.50976563e-02	8.09901552e-06	2.19533914e-01
7.51464844e-02	-6.99617358e-06	-8.37832859e-01
7.51953125e-02	4.74701745e-06	1.31883396e+00
7.52441406e-02	-1.72010842e-06	-1.58372744e+00
7.52929688e-02	-1.58856496e-06	1.58911546e+00
7.53417969e-02	4.63685942e-06	-1.33412208e+00
7.53906250e-02	-6.92530991e-06	8.60535621e-01
7.54394531e-02	8.07896732e-06	-2.45960425e-01
7.54882813e-02	-7.90883160e-06	-4.08899819e-01
7.55371094e-02	6.44281507e-06	9.96743266e-01
7.55859375e-02	-3.92116316e-06	-1.42125181e+00
7.56347656e-02	7.57083848e-07	1.61287281e+00
7.56835938e-02	2.53096221e-06	-1.54021475e+00
7.57324219e-02	-5.40421575e-06	1.21518987e+00
7.57812500e-02	7.39189673e-06	-6.91061098e-01
7.58300781e-02	-8.16834117e-06	5.37137539e-02
7.58789063e-02	7.60635832e-06	5.92417937e-01
7.59277344e-02	-5.79806602e-06	-1.14146316e+00
7.59765625e-02	3.03979112e-06	1.50346179e+00
7.60253906e-02	2.16489924e-07	-1.61910420e+00
7.60742188e-02	-3.43721279e-06	1.46944854e+00
7.61230469e-02	6.09465349e-06	-1.07902330e+00
7.61718750e-02	-7.75339735e-06	5.11807136e-01
7.62207031e-02	8.14168056e-06	1.39255255e-01
7.62695313e-02	-7.19591510e-06	-7.67483173e-01
7.63183594e-02	5.07110243e-06	1.26994021e+00
7.63671875e-02	-2.11543028e-06	-1.56430059e+00
7.64160156e-02	-1.18678398e-06	1.60233794e+00
7.64648438e-02	4.29445373e-06	-1.37782645e+00
7.65136719e-02	-6.69838320e-06	9.27559845e-01
7.65625000e-02	8.00469984e-06	-3.25321563e-01
7.66113281e-02	-7.99938850e-06	-3.30205895e-01
7.66601562e-02	6.68335371e-06	9.31611016e-01
7.67089844e-02	-4.27226587e-06	-1.38035319e+00
7.67578125e-02	1.16121743e-06	1.60290867e+00
7.68066406e-02	2.14001888e-06	-1.56281696e+00
7.68554688e-02	-5.09052075e-06	1.26665406e+00
7.69042969e-02	7.20684885e-06	-7.62953801e-01
7.69531250e-02	-8.14225823e-06	1.34254375e-01
7.70019531e-02	7.74351000e-06	5.16426692e-01
7.70507813e-02	-6.07597491e-06	-1.08247279e+00
7.70996094e-02	3.41291648e-06	1.47113778e+00
7.71484375e-02	-1.90710579e-07	-1.61874235e+00
7.71972656e-02	-3.06266028e-06	1.50110729e+00
7.72460938e-02	5.81412081e-06	-1.13751434e+00
7.72949219e-02	-7.61284900e-06	5.87545653e-01
7.73437500e-02	8.16414257e-06	5.86799218e-02
7.73925781e-02	-7.37770267e-06	-6.95273903e-01
7.74414063e-02	5.38242443e-06	1.21792871e+00
7.74902344e-02	-2.50527135e-06	-1.54100873e+00
7.75390625e-02	-7.82303688e-07	1.61158148e+00
7.75878906e-02	3.94161111e-06	-1.41808993e+00
7.76367188e-02	-6.45499229e-06	9.92245058e-01
7.76855469e-02	7.91063885e-06	-4.03828806e-01
7.77343750e-02	-8.07006600e-06	-2.50740864e-01
7.77832031e-02	6.90718449e-06	8.64209045e-01
7.78320313e-02	-4.61256995e-06	-1.33605819e+00
7.78808594e-02	1.56223091e-06	1.58897803e+00
7.79296875e-02	1.74400602e-06	-1.58153252e+00
7.79785156e-02	-4.76439745e-06	1.31494832e+00
7.80273438e-02	7.00405055e-06	-8.32912685e-01
7.80761719e-02	-8.09601145e-06	2.14414146e-01
7.81250000e-02	7.86138850e-06	4.39200956e-01
7.81738281e-02	-6.33865935e-06	-1.02083492e+00
7.82226563e-02	3.77736071e-06	1.43518710e+00
7.82714844e-02	-5.97195614e-07	-1.61436893e+00
7.83203125e-02	-2.68074052e-06	1.52902693e+00
7.83691406e-02	5.51934552e-06	-1.19315140e+00
7.84179688e-02	-7.45351662e-06	6.61782968e-01
7.84667969e-02	8.16635717e-06	-2.19929379e-02
7.85156250e-02	-7.54109722e-06	-6.21384394e-01
7.85644531e-02	5.68022160e-06	1.16292961e+00
7.86132812e-02	-2.88867186e-06	-1.51391149e+00
7.86621094e-02	-3.76124486e-07	1.61682543e+00
7.87109375e-02	3.57920868e-06	-1.45481498e+00
7.87597656e-02	-6.19574729e-06	1.05443279e+00
7.88085938e-02	7.79702748e-06	-4.81288732e-01
7.88574219e-02	-8.12070041e-06	-1.70701403e-01
7.89062500e-02	7.11376374e-06	7.94705054e-01
7.89550781e-02	-4.94124080e-06	-1.28847804e+00
7.90039063e-02	1.95913558e-06	1.57111746e+00
7.90527344e-02	1.34390446e-06	-1.59631732e+00
7.91015625e-02	-4.42665809e-06	1.35995508e+00
7.91503906e-02	6.78401238e-06	-9.00766019e-01
7.91992188e-02	-8.02972603e-06	2.93995294e-01
7.92480469e-02	7.95971317e-06	3.60932136e-01
7.92968750e-02	-6.58547884e-06	-9.56703201e-01
7.93457031e-02	4.13222840e-06	1.39570049e+00
7.93945313e-02	-1.00196158e-06	-1.60599691e+00
7.94433594e-02	-2.29240083e-06	1.55314052e+00
7.94921875e-02	5.21106344e-06	-1.24579862e+00
7.95410156e-02	-7.27580396e-06	7.34336534e-01
7.95898438e-02	8.14832987e-06	-1.02564013e-01
7.96386719e-02	-7.68570511e-06	-5.45998060e-01
7.96875000e-02	5.96376571e-06	1.10508038e+00
7.97363281e-02	-3.26468829e-06	-1.48307786e+00
7.97851563e-02	3.07494185e-08	1.61805899e+00
7.98339844e-02	3.20814677e-06	-1.48791279e+00
7.98828125e-02	-5.92129714e-06	1.11397077e+00
7.99316406e-02	7.66415692e-06	-5.57510573e-01
7.99804688e-02	-8.15117749e-06	-9.02855243e-02
8.00292969e-02	7.30259048e-06	7.23271860e-01
8.00781250e-02	-5.25747284e-06	-1.23773205e+00
8.01269531e-02	2.35095323e-06	1.54937319e+00
8.01757813e-02	9.40704726e-07	-1.60713696e+00
8.02246094e-02	-4.07814321e-06	1.40156495e+00
8.02734375e-02	6.54728718e-06	-9.66347324e-01
8.03222656e-02	-7.94357651e-06	3.72801548e-01
8.03710938e-02	8.03825165e-06	2.81814133e-01
8.04199219e-02	-6.81583218e-06	-8.90237407e-01
8.04687500e-02	4.47664806e-06	1.35277740e+00
8.05175781e-02	-1.40400952e-06	-1.59364913e+00
8.05664062e-02	-1.89860398e-06	1.57339054e+00
8.06152344e-02	4.89004337e-06	-1.29532755e+00
8.06640625e-02	-7.08015987e-06	8.05028023e-01
8.07128906e-02	8.11011605e-06	-1.82834321e-01
8.07617188e-02	-7.81117919e-06	-4.69301932e-01
8.08105469e-02	6.23236393e-06	1.04452546e+00
8.08593750e-02	-3.63239568e-06	-1.44858601e+00
8.09082031e-02	4.37312504e-07	1.61528126e+00
8.09570313e-02	2.82934669e-06	-1.51730354e+00
8.10058594e-02	-5.63232798e-06	1.17071334e+00
8.10546875e-02	7.51236571e-06	-6.32306691e-01
8.11035156e-02	-8.16143270e-06	-9.69209265e-03
8.11523438e-02	7.47320770e-06	6.50086963e-01
8.12011719e-02	-5.56049145e-06	-1.18394728e+00
8.12500000e-02	2.73671857e-06	1.52380100e+00
8.12988281e-02	5.35404599e-07	-1.61396682e+00
8.13476563e-02	-3.71971957e-06	1.43967694e+00
8.13964844e-02	6.29446866e-06	-1.02949579e+00
8.14453125e-02	-7.83778628e-06	4.50638626e-01
8.14941406e-02	8.09682040e-06	2.02042864e-01
8.15429688e-02	-7.02915902e-06	-8.21602981e-01
8.15917969e-02	4.80977431e-06	1.30652569e+00
8.16406250e-02	-1.80234754e-06	-1.57735820e+00
8.16894531e-02	-1.50032579e-06	1.58972901e+00
8.17382813e-02	4.55708520e-06	-1.34161746e+00
8.17871094e-02	-6.86707725e-06	8.73683764e-01
8.18359375e-02	8.05182083e-06	-2.62605699e-01
8.18847656e-02	-7.91721956e-06	-3.91486195e-01
8.19335938e-02	6.48536051e-06	9.81415875e-01
8.19824219e-02	-3.99088991e-06	-1.41052309e+00
8.20312500e-02	8.42560414e-07	1.60850122e+00
8.20800781e-02	2.44374846e-06	-1.54291656e+00
8.21289063e-02	-5.32956145e-06	1.22452178e+00
8.21777344e-02	7.34203890e-06	-7.05493031e-01
8.22265625e-02	-8.15145138e-06	7.08796690e-02
8.22753906e-02	7.62520342e-06	5.75332112e-01
8.23242188e-02	-5.84955487e-06	-1.12725821e+00
8.23730469e-02	3.11548163e-06	1.49446611e+00
8.24218750e-02	1.29006630e-07	-1.61679212e+00
8.24707031e-02	-3.35227801e-06	1.47419870e+00
8.25195312e-02	6.02618999e-06	-1.09005665e+00
8.25683594e-02	-7.71262707e-06	5.27314708e-01
8.26171875e-02	8.13528522e-06	1.21815779e-01
8.26660156e-02	-7.22494118e-06	-7.50970652e-01
8.27148438e-02	5.13078993e-06	1.25706140e+00
8.27636719e-02	-2.19599332e-06	-1.55716644e+00
8.28125000e-02	-1.09855276e-06	1.60211761e+00
8.28613281e-02	4.21301795e-06	-1.38455567e+00
8.29101563e-02	-6.63709175e-06	9.40135177e-01
8.29589844e-02	7.97359877e-06	-3.41681293e-01
8.30078125e-02	-8.00357438e-06	-3.12743719e-01
8.30566406e-02	6.72213847e-06	9.15908917e-01
8.31054688e-02	-4.33928992e-06	-1.36898502e+00
8.31542969e-02	1.24549243e-06	1.59773771e+00
8.32031250e-02	2.05230850e-06	-1.56469052e+00
8.32519531e-02	-5.01375294e-06	1.27526465e+00
8.33007813e-02	7.15360705e-06	-7.76889581e-01
8.33496094e-02	-8.12126874e-06	1.51230669e-01
8.33984375e-02	7.75821176e-06	4.99192853e-01
8.34472656e-02	-6.12395606e-06	-1.06780645e+00
8.34960938e-02	3.48631004e-06	1.46144295e+00
8.35449219e-02	-2.77484312e-07	-1.61560796e+00
8.35937500e-02	-2.97673127e-06	1.50504681e+00
8.36425781e-02	5.74312218e-06	-1.14788161e+00
8.36914063e-02	-7.56841825e-06	6.02640914e-01
8.37402344e-02	8.15356147e-06	4.13313757e-02
8.37890625e-02	-7.40270393e-06	-6.78516007e-01
8.38378906e-02	5.43890789e-06	1.20450843e+00
8.38867188e-02	-2.58397646e-06	-1.53312577e+00
8.39355469e-02	-6.94279616e-07	1.61052775e+00
8.39843750e-02	3.85869766e-06	-1.42403780e+00
8.40332031e-02	-6.39078052e-06	1.00421918e+00
8.40820313e-02	7.87565350e-06	-4.19866040e-01
8.41308594e-02	-8.07004040e-06	-2.33269583e-01
8.41796875e-02	6.94212101e-06	8.48167714e-01
8.42285156e-02	-4.67673989e-06	-1.32407626e+00
8.42773438e-02	1.64511392e-06	1.58301939e+00
8.43261719e-02	1.65599723e-06	-1.58257361e+00
8.43750000e-02	-4.68568968e-06	1.32281811e+00
8.44238281e-02	6.94754520e-06	-8.46320812e-01
8.44726562e-02	-8.07096979e-06	2.31162438e-01
8.45214844e-02	7.87191377e-06	4.21858073e-01
8.45703125e-02	-6.38302438e-06	-1.00574034e+00
8.46191406e-02	3.84829138e-06	1.42481503e+00
8.46679688e-02	-6.83063525e-07	-1.61041933e+00
8.47167969e-02	-2.59401169e-06	1.53214689e+00
8.47656250e-02	5.44597246e-06	-1.20282914e+00
8.48144531e-02	-7.40552603e-06	6.76431764e-01
8.48632813e-02	8.15161437e-06	-3.92112932e-02
8.49121094e-02	-7.56201717e-06	-6.04419055e-01
8.49609375e-02	5.73337325e-06	1.14899825e+00
8.50097656e-02	-2.96534091e-06	-1.50529758e+00
8.50585938e-02	-2.88506860e-07	1.61494070e+00
8.51074219e-02	3.49500535e-06	-1.45996804e+00
8.51562500e-02	-6.12876070e-06	1.06577858e+00
8.52050781e-02	7.75823720e-06	-4.96967149e-01
8.52539063e-02	-8.11646352e-06	-1.53260593e-01
8.53027344e-02	7.14477298e-06	7.78360840e-01
8.53515625e-02	-5.00241135e-06	-1.27590951e+00
8.54003906e-02	2.04043884e-06	1.56438465e+00
8.54492188e-02	1.25579673e-06	-1.59652359e+00
8.54980469e-02	-4.34618882e-06	1.36706627e+00
8.55468750e-02	6.72437168e-06	-9.13616108e-01
8.55957031e-02	-8.00068912e-06	3.10477617e-01
8.56445313e-02	7.96603822e-06	3.43519535e-01
8.56933594e-02	-6.62612726e-06	-9.41214634e-01
8.57421875e-02	4.20053541e-06	1.38467474e+00
8.57910156e-02	-1.08672895e-06	-1.60124108e+00
8.58398438e-02	-2.20506894e-06	1.55543388e+00
8.58886719e-02	5.13548250e-06	-1.25476489e+00
8.59375000e-02	-7.22436255e-06	7.48505638e-01
8.59863281e-02	8.12945899e-06	-1.19613108e-01
8.60351563e-02	-7.70249644e-06	-5.28863787e-01
8.60839844e-02	6.01346504e-06	1.09066957e+00
8.61328125e-02	-3.33914733e-06	-1.47375257e+00
8.61816406e-02	1.17761705e-07	1.61534757e+00
8.62304688e-02	3.12284479e-06	-1.49225936e+00
8.62792969e-02	-5.85168796e-06	1.12466250e+00
8.63281250e-02	7.62164998e-06	-5.72794579e-01
8.63769531e-02	-8.14273912e-06	-7.29147987e-02
8.64257812e-02	7.32960219e-06	7.06661899e-01
8.64746094e-02	-5.31550516e-06	-1.22460550e+00
8.65234375e-02	2.43049208e-06	1.54188154e+00
8.65722656e-02	8.52698262e-07	-1.60650798e+00
8.66210938e-02	-3.99609539e-06	1.40790139e+00
8.66699219e-02	6.48464683e-06	-9.78610188e-01
8.67187500e-02	-7.91061054e-06	3.88980446e-01
8.67675781e-02	8.04036231e-06	2.64371402e-01
8.68164063e-02	-6.85267178e-06	-8.74390078e-01
8.68652344e-02	4.54217622e-06	1.34112305e+00
8.69140625e-02	-1.48748363e-06	-1.58809792e+00
8.69628906e-02	-1.81086767e-06	1.57485211e+00
8.70117188e-02	4.81242658e-06	-1.30356198e+00
8.70605469e-02	-7.02538485e-06	8.18685221e-01
8.71093750e-02	8.08716025e-06	-1.99675374e-01
8.71582031e-02	-7.82380391e-06	-4.52037718e-01
8.72070313e-02	6.27849804e-06	1.02966801e+00
8.72558594e-02	-3.70447538e-06	-1.43857060e+00
8.73046875e-02	5.23521442e-07	1.61174935e+00
8.73535156e-02	2.74314030e-06	-1.52083376e+00
8.74023438e-02	-5.56025482e-06	1.18072669e+00
8.74511719e-02	7.46623911e-06	-6.47161503e-01
8.75000000e-02	-8.14881231e-06	7.56899687e-03
8.75488281e-02	7.49616060e-06	6.33249094e-01
8.75976563e-02	-5.61525356e-06	-1.17029262e+00
8.76464844e-02	2.81431196e-06	1.51556762e+00
8.76953125e-02	4.47699874e-07	-1.61250405e+00
8.77441406e-02	-3.63628023e-06	1.44522423e+00
8.77929688e-02	6.22897157e-06	-1.04114351e+00
8.78417969e-02	-7.80096662e-06	4.66477245e-01
8.78906250e-02	8.09471214e-06	1.84609757e-01
8.79394531e-02	-7.06210607e-06	-8.05433030e-01
8.79882813e-02	4.87237444e-06	1.29426935e+00
8.80371094e-02	-1.88433819e-06	-1.57102430e+00
8.80859375e-02	-1.41238512e-06	1.59035550e+00
8.81347656e-02	4.47760968e-06	-1.34910131e+00
8.81835938e-02	-6.80909374e-06	8.86797939e-01
8.82324219e-02	8.02483273e-06	-2.79200311e-01
8.82812500e-02	-7.92564917e-06	-3.74131427e-01
8.83300781e-02	6.52782441e-06	9.66145705e-01
8.83789062e-02	-4.06042598e-06	-1.39984044e+00
8.84277344e-02	9.27769362e-07	1.60415692e+00
8.84765625e-02	2.35683444e-06	-1.54562242e+00
8.85253906e-02	-5.25518897e-06	1.23383394e+00
8.85742188e-02	7.29239815e-06	-7.19884770e-01
8.86230469e-02	-8.13467807e-06	8.79917276e-02
8.86718750e-02	7.64404541e-06	5.58304786e-01
8.87207031e-02	-5.90092199e-06	-1.11310665e+00
8.87695313e-02	3.19095252e-06	1.48550983e+00
8.88183594e-02	4.18038987e-08	-1.61449896e+00
8.88671875e-02	-3.26763781e-06	1.47894423e+00
8.89160156e-02	5.95798597e-06	-1.10106268e+00
8.89648438e-02	-7.67203811e-06	5.42776890e-01
8.90136719e-02	8.12896315e-06	1.04432122e-01
8.90625000e-02	-7.25392069e-06	-7.34515044e-01
8.91113281e-02	5.19031921e-06	1.24423111e+00
8.91601563e-02	-2.27631324e-06	-1.55006438e+00
8.92089844e-02	-1.01060874e-06	1.60190763e+00
8.92578125e-02	4.13186547e-06	-1.39127189e+00
8.93066406e-02	-6.57603255e-06	9.52676386e-01
8.93554688e-02	7.94264038e-06	-3.57991542e-01
8.94042969e-02	-8.00778992e-06	-2.95338083e-01
8.94531250e-02	6.76083534e-06	9.00260974e-01
8.95019531e-02	-4.40612356e-06	-1.35765961e+00
8.95507813e-02	1.32950659e-06	1.59259102e+00
8.95996094e-02	1.96488569e-06	-1.56656589e+00
8.96484375e-02	-4.93725145e-06	1.28385436e+00
8.96972656e-02	7.10056600e-06	-7.90785354e-01
8.97460938e-02	-8.10038123e-06	1.68154555e-01
8.97949219e-02	7.77290005e-06	4.82015046e-01
8.98437500e-02	-6.17181092e-06	-1.05319041e+00
8.98925781e-02	3.55948589e-06	1.45178432e+00
8.99414063e-02	-3.63985501e-07	-1.61248971e+00
8.99902344e-02	-2.89108405e-06	1.50897976e+00
9.00390625e-02	5.67236760e-06	-1.15822078e+00
9.00878906e-02	-7.52415324e-06	6.17691284e-01
9.01367188e-02	8.14304045e-06	2.40369695e-02
9.01855469e-02	-7.42764989e-06	-6.61812446e-01
9.02343750e-02	5.49523026e-06	1.19113362e+00
9.02832031e-02	-2.66244185e-06	-1.52527187e+00
9.03320312e-02	-6.06533688e-07	1.60948186e+00
9.03808594e-02	3.77605429e-06	-1.42997106e+00
9.04296875e-02	-6.32678579e-06	1.01615873e+00
9.04785156e-02	7.84079611e-06	-4.35854576e-01
9.05273438e-02	-8.07003260e-06	-2.15852968e-01
9.05761719e-02	6.97696251e-06	8.32177888e-01
9.06250000e-02	-4.74071817e-06	-1.31213409e+00
9.06738281e-02	1.72774084e-06	1.57708217e+00
9.07226563e-02	1.56826609e-06	-1.58361426e+00
9.07714844e-02	-4.60723476e-06	1.33066574e+00
9.08203125e-02	6.89122579e-06	-8.59688797e-01
9.08691406e-02	-8.04601636e-06	2.47859358e-01
9.09179688e-02	7.88241507e-06	4.04569193e-01
9.09667969e-02	-6.42725755e-06	-9.90693383e-01
9.10156250e-02	3.91900457e-06	1.41447628e+00
9.10644531e-02	-7.68664813e-07	-1.60648322e+00
9.11132813e-02	-2.50755402e-06	1.53525831e+00
9.11621094e-02	5.37282989e-06	-1.21247779e+00
9.12109375e-02	-7.35768689e-06	6.91035822e-01
9.12597656e-02	8.13691893e-06	-5.63767680e-02
9.13085938e-02	-7.58287271e-06	-5.87505898e-01
9.13574219e-02	5.78635974e-06	1.13510966e+00
9.14062500e-02	-3.04177184e-06	-1.49670993e+00
9.14550781e-02	-2.01160434e-07	1.61306137e+00
9.15039063e-02	3.41106098e-06	-1.46510478e+00
9.15527344e-02	-6.06197767e-06	1.07708912e+00
9.16015625e-02	7.71956124e-06	-5.12597286e-01
9.16503906e-02	-8.11223282e-06	-1.35872999e-01
9.16992188e-02	7.17567948e-06	7.62065887e-01
9.17480469e-02	-5.06338760e-06	-1.26337807e+00
9.17968750e-02	2.12148884e-06	1.55767061e+00
9.18457031e-02	1.16795883e-06	-1.59672720e+00
9.18945313e-02	-4.26596092e-06	1.37415385e+00
9.19433594e-02	6.66490366e-06	-9.26425637e-01
9.19921875e-02	-7.97172753e-06	3.26909224e-01
9.20410156e-02	7.97232884e-06	3.26159325e-01
9.20898438e-02	-6.66663746e-06	-9.25771384e-01
9.21386719e-02	4.26862364e-06	1.37367968e+00
9.21875000e-02	-1.17123365e-06	-1.59649623e+00
9.22363281e-02	-2.11799968e-06	1.55771670e+00
9.22851562e-02	5.06012037e-06	-1.26370090e+00
9.23339844e-02	-7.17305965e-06	7.62629846e-01
9.23828125e-02	8.11062338e-06	-1.36610189e-01
9.24316406e-02	-7.71921404e-06	-5.11779952e-01
9.24804688e-02	6.06299415e-06	1.07629920e+00
9.25292969e-02	-3.41336821e-06	-1.46445100e+00
9.25781250e-02	2.04507737e-07	1.61263920e+00
9.26269531e-02	3.03779268e-06	-1.49658785e+00
9.26757813e-02	-5.78227059e-06	1.13531806e+00
9.27246094e-02	7.57924486e-06	-5.88030385e-01
9.27734375e-02	-8.13429572e-06	-5.55962370e-02
9.28222656e-02	7.35650300e-06	6.90099352e-01
9.28710938e-02	-5.37333937e-06	-1.21151370e+00
9.29199219e-02	2.50977878e-06	1.53440622e+00
9.29687500e-02	7.64955832e-07	-1.60587416e+00
9.30175781e-02	-3.91427941e-06	1.41421269e+00
9.30664063e-02	6.42216746e-06	-9.90831824e-01
9.31152344e-02	-7.87770792e-06	4.05108928e-01
9.31640625e-02	8.04242822e-06	2.46979848e-01
9.32128906e-02	-6.88936612e-06	-8.58586145e-01
9.32617188e-02	4.60748298e-06	1.32949708e+00
9.33105469e-02	-1.57069721e-06	-1.58255534e+00
9.33593750e-02	-1.72338748e-06	1.57630115e+00
9.34082031e-02	4.73501876e-06	-1.31176483e+00
9.34570313e-02	-6.97073681e-06	8.32297083e-01
9.35058594e-02	8.06422834e-06	-2.16464911e-01
9.35546875e-02	-7.83634553e-06	-4.34822595e-01
9.36035156e-02	6.32445601e-06	1.01484903e+00
9.36523438e-02	-3.77631539e-06	-1.42857662e+00
9.37011719e-02	6.09467194e-07	1.60821828e+00
9.37500000e-02	2.65717665e-06	-1.52434410e+00
9.37988281e-02	-5.48836346e-06	1.19070277e+00
9.38476563e-02	7.42020304e-06	-6.61967891e-01
9.38964844e-02	-8.13617617e-06	2.47785984e-02
9.39453125e-02	7.51899415e-06	6.16457178e-01
9.39941406e-02	-5.66981272e-06	-1.15667071e+00
9.40429688e-02	2.89165270e-06	1.50734833e+00
9.40917969e-02	3.60255290e-07	-1.61103437e+00
9.41406250e-02	-3.55306510e-06	1.45074477e+00
9.41894531e-02	6.16362537e-06	-1.05274912e+00
9.42382812e-02	-7.76419936e-06	4.82265422e-01
9.42871094e-02	8.09254909e-06	1.67226994e-01
9.43359375e-02	-7.09490034e-06	-7.89304923e-01
9.43847656e-02	4.93474934e-06	1.28203937e+00
9.44335938e-02	-1.96606875e-06	-1.56469688e+00
9.44824219e-02	-1.32469597e-06	1.59096751e+00
9.45312500e-02	4.39833511e-06	-1.35655216e+00
9.45800781e-02	-6.75122713e-06	8.99866090e-01
9.46289063e-02	7.99785797e-06	-2.95743564e-01
9.46777344e-02	-7.93398636e-06	-3.56824780e-01
9.47265625e-02	6.57010557e-06	9.50912385e-01
9.47753906e-02	-4.12971952e-06	-1.38917722e+00
9.48242188e-02	1.01271644e-06	1.59981140e+00
9.48730469e-02	2.27015792e-06	-1.54830659e+00
9.49218750e-02	-5.18098999e-06	1.24310758e+00
9.49707031e-02	7.24283795e-06	-7.34227584e-01
9.50195313e-02	-8.11787892e-06	1.05052622e-01
9.50683594e-02	7.66275947e-06	5.41322327e-01
9.51171875e-02	-5.95208045e-06	-1.09898617e+00
9.51660156e-02	3.26616882e-06	1.47656566e+00
9.52148438e-02	-4.51407875e-08	-1.61219690e+00
9.52636719e-02	-3.18321605e-06	1.48366134e+00
9.53125000e-02	5.88992434e-06	-1.11202551e+00
9.53613281e-02	-7.63149171e-06	5.58188306e-01
9.54101563e-02	8.12257670e-06	8.70983362e-02
9.54589844e-02	-7.28273959e-06	-7.18100091e-01
9.55078125e-02	5.24961842e-06	1.23142548e+00
9.55566406e-02	-2.35637200e-06	-1.54296684e+00
9.56054688e-02	-9.22913432e-07	1.60168131e+00
9.56542969e-02	4.05090775e-06	-1.39795359e+00
9.57031250e-02	-6.51508164e-06	9.65170665e-01
9.57519531e-02	7.91168571e-06	-3.74250274e-01
9.58007813e-02	-8.01190396e-06	-2.77979959e-01
9.58496094e-02	6.79934236e-06	8.84648608e-01
9.58984375e-02	-4.47271064e-06	-1.34635190e+00
9.59472656e-02	1.41325857e-06	1.58744120e+00
9.59960938e-02	1.87769696e-06	-1.56841780e+00
9.60449219e-02	-4.86091687e-06	1.29240418e+00
9.60937500e-02	7.04759684e-06	-8.04631457e-01
9.61425781e-02	-8.07945850e-06	1.85027271e-01
9.61914062e-02	7.78745185e-06	4.64881378e-01
9.62402344e-02	-6.21945070e-06	-1.03860411e+00
9.62890625e-02	3.63240390e-06	1.44213607e+00
9.63378906e-02	-4.50229055e-07	-1.60936072e+00
9.63867188e-02	-2.80565129e-06	1.51288262e+00
9.64355469e-02	5.60174852e-06	-1.16851553e+00
9.64843750e-02	-7.47992212e-06	6.32690296e-01
9.65332031e-02	8.13244596e-06	6.79230017e-03
9.65820313e-02	-7.45242720e-06	-6.45148705e-01
9.66308594e-02	5.55131683e-06	1.17778206e+00
9.66796875e-02	-2.74064356e-06	-1.51742076e+00
9.67285156e-02	-5.19035395e-07	1.60841783e+00
9.67773438e-02	3.69360122e-06	-1.43586823e+00
9.68261719e-02	-6.26289222e-06	1.02805026e+00
9.68750000e-02	7.80593381e-06	-4.51791147e-01
9.69238281e-02	-8.06991454e-06	-1.98483601e-01
9.69726563e-02	7.01160667e-06	8.16222710e-01
9.70214844e-02	-4.80444484e-06	-1.30020818e+00
9.70703125e-02	1.81010375e-06	1.57114009e+00
9.71191406e-02	1.48076734e-06	-1.58462971e+00
9.71679688e-02	-4.52894185e-06	1.33847202e+00
9.72167969e-02	6.83497095e-06	-8.73006153e-01
9.72656250e-02	-8.02101916e-06	2.64504797e-01
9.73144531e-02	7.89277146e-06	3.87324067e-01
9.73632813e-02	-6.47126868e-06	-9.75675151e-01
9.74121094e-02	3.98945551e-06	1.40414641e+00
9.74609375e-02	-8.54007304e-07	-1.60253465e+00
9.75097656e-02	-2.42130859e-06	1.53833799e+00
9.75585938e-02	5.29981755e-06	-1.22208066e+00
9.76074219e-02	-7.30987418e-06	7.05587690e-01
9.76562500e-02	8.12214160e-06	-7.34923235e-02
9.77050781e-02	-7.60355153e-06	-5.70632067e-01
9.77539063e-02	5.83910401e-06	1.12124324e+00
9.78027344e-02	-3.11793530e-06	-1.48812357e+00
9.78515625e-02	-1.14062189e-07	1.61116221e+00
9.79003906e-02	3.32730413e-06	-1.47020385e+00
9.79492188e-02	-5.99529019e-06	1.08835038e+00
9.79980469e-02	7.68087281e-06	-5.28174747e-01
9.80468750e-02	-8.10788355e-06	-1.18532713e-01
9.80957031e-02	7.20638092e-06	7.45804986e-01
9.81445312e-02	-5.12410631e-06	-1.25086174e+00
9.81933594e-02	2.20227166e-06	1.55095018e+00
9.82421875e-02	1.08035329e-06	-1.59690396e+00
9.82910156e-02	-4.18589179e-06	1.38119856e+00
9.83398438e-02	6.60549428e-06	-9.39183388e-01
9.83886719e-02	-7.94271452e-06	3.43288756e-01
9.84375000e-02	7.97846638e-06	3.08842814e-01
9.84863281e-02	-6.70691825e-06	-9.10356169e-01
9.85351563e-02	4.33644421e-06	1.36269230e+00
9.85839844e-02	-1.25547693e-06	-1.59173739e+00
9.86328125e-02	-2.03114207e-06	1.55996614e+00
9.86816406e-02	4.98488478e-06	-1.27258968e+00
9.87304688e-02	-7.12177701e-06	7.76700815e-01
9.87792969e-02	8.09169816e-06	-1.53556871e-01
9.88281250e-02	-7.73574694e-06	-4.94735280e-01
9.88769531e-02	6.11227402e-06	1.06195022e+00
9.89257813e-02	-3.48731669e-06	-1.45514945e+00
9.89746094e-02	2.91003521e-07	1.60990945e+00
9.90234375e-02	2.95292699e-06	-1.50087706e+00
9.90722656e-02	-5.71294466e-06	1.14592296e+00
9.91210938e-02	7.53682083e-06	-6.03212567e-01
9.91699219e-02	-8.12572600e-06	-3.83253513e-02
9.92187500e-02	7.38319092e-06	6.73570588e-01
9.92675781e-02	-5.43090939e-06	-1.19843614e+00
9.93164063e-02	2.58879385e-06	1.52692318e+00
9.93652344e-02	6.77447291e-07	-1.60521194e+00
9.94140625e-02	-3.83262060e-06	1.42047956e+00
9.94628906e-02	6.35974224e-06	-1.00300037e+00
9.95117188e-02	-7.84474723e-06	4.21184485e-01
9.95605469e-02	8.04433330e-06	2.29632254e-01
9.96093750e-02	-6.92582342e-06	-8.42809873e-01
9.96582031e-02	4.67251578e-06	1.31787785e+00
9.97070313e-02	-1.65364542e-06	-1.57699741e+00
9.97558594e-02	-1.63611993e-06	1.57771525e+00
9.98046875e-02	4.65773538e-06	-1.31991894e+00
9.98535156e-02	-6.91610414e-06	8.45854474e-01
9.99023438e-02	8.04119995e-06	-2.33203298e-01
9.99511719e-02	-7.84869466e-06	-4.17646785e-01
1.00000000e-01	6.37015730e-06	1.00005096e+00
