0.00000000e+00	0.00000000e+00	7.78854415e-05
4.88281250e-05	3.80302772e-09	7.78865739e-05
9.76562500e-05	7.60614592e-09	7.78891476e-05
1.46484375e-04	1.14094312e-08	7.78934183e-05
1.95312500e-04	1.52129664e-08	7.78993824e-05
2.44140625e-04	1.90168342e-08	7.79070419e-05
2.92968750e-04	2.28211174e-08	7.79163980e-05
3.41796875e-04	2.66258989e-08	7.79274516e-05
3.90625000e-04	3.04312615e-08	7.79402036e-05
4.39453125e-04	3.42372883e-08	7.79546545e-05
4.88281250e-04	3.80440623e-08	7.79708049e-05
5.37109375e-04	4.18516663e-08	7.79886553e-05
5.85937500e-04	4.56601834e-08	7.80082063e-05
6.34765625e-04	4.94696967e-08	7.80294584e-05
6.83593750e-04	5.32802892e-08	7.80524122e-05
7.32421875e-04	5.70920441e-08	7.80770684e-05
7.81250000e-04	6.09050445e-08	7.81034275e-05
8.30078125e-04	6.47193736e-08	7.81314903e-05
8.78906250e-04	6.85351145e-08	7.81612574e-05
9.27734375e-04	7.23523505e-08	7.81927297e-05
9.76562500e-04	7.61711649e-08	7.82259078e-05
1.02539063e-03	7.99916410e-08	7.82607927e-05
1.07421875e-03	8.38138621e-08	7.82973851e-05
1.12304688e-03	8.76379117e-08	7.83356861e-05
1.17187500e-03	9.14638732e-08	7.83756964e-05
1.22070312e-03	9.52918301e-08	7.84174171e-05
1.26953125e-03	9.91218659e-08	7.84608493e-05
1.31835938e-03	1.02954064e-07	7.85059939e-05
1.36718750e-03	1.06788509e-07	7.85528521e-05
1.41601563e-03	1.10625283e-07	7.86014251e-05
1.46484375e-03	1.14464471e-07	7.86517139e-05
1.51367188e-03	1.18306156e-07	7.87037199e-05
1.56250000e-03	1.22150423e-07	7.87574443e-05
1.61132813e-03	1.25997355e-07	7.88128883e-05
1.66015625e-03	1.29847036e-07	7.88700535e-05
1.70898438e-03	1.33699551e-07	7.89289411e-05
1.75781250e-03	1.37554983e-07	7.89895525e-05
1.80664063e-03	1.41413416e-07	7.90518893e-05
1.85546875e-03	1.45274936e-07	7.91159529e-05
1.90429688e-03	1.49139626e-07	7.91817450e-05
1.95312500e-03	1.53007570e-07	7.92492671e-05
2.00195313e-03	1.56878854e-07	7.93185208e-05
2.05078125e-03	1.60753562e-07	7.93895079e-05
2.09960937e-03	1.64631778e-07	7.94622300e-05
2.14843750e-03	1.68513588e-07	7.95366889e-05
2.19726562e-03	1.72399076e-07	7.96128865e-05
2.24609375e-03	1.76288326e-07	7.96908245e-05
2.29492188e-03	1.80181425e-07	7.97705049e-05
2.34375000e-03	1.84078457e-07	7.98519296e-05
2.39257813e-03	1.87979508e-07	7.99351006e-05
2.44140625e-03	1.91884662e-07	8.00200198e-05
2.49023438e-03	1.95794006e-07	8.01066894e-05
2.53906250e-03	1.99707624e-07	8.01951115e-05
2.58789063e-03	2.03625602e-07	8.02852882e-05
2.63671875e-03	2.07548027e-07	8.03772216e-05
2.68554688e-03	2.11474983e-07	8.04709141e-05
2.73437500e-03	2.15406558e-07	8.05663678e-05
2.78320313e-03	2.19342836e-07	8.06635852e-05
2.83203125e-03	2.23283904e-07	8.07625685e-05
2.88085938e-03	2.27229848e-07	8.08633202e-05
2.92968750e-03	2.31180756e-07	8.09658427e-05
2.97851563e-03	2.35136712e-07	8.10701385e-05
3.02734375e-03	2.39097805e-07	8.11762101e-05
3.07617188e-03	2.43064120e-07	8.12840601e-05
3.12500000e-03	2.47035745e-07	8.13936911e-05
3.17382812e-03	2.51012766e-07	8.15051058e-05
3.22265625e-03	2.54995271e-07	8.16183068e-05
3.27148438e-03	2.58983348e-07	8.17332970e-05
3.32031250e-03	2.62977082e-07	8.18500791e-05
3.36914063e-03	2.66976563e-07	8.19686560e-05
3.41796875e-03	2.70981878e-07	8.20890304e-05
3.46679688e-03	2.74993114e-07	8.22112054e-05
3.51562500e-03	2.79010360e-07	8.23351839e-05
3.56445313e-03	2.83033703e-07	8.24609689e-05
3.61328125e-03	2.87063233e-07	8.25885635e-05
3.66210938e-03	2.91099037e-07	8.27179708e-05
3.71093750e-03	2.95141204e-07	8.28491938e-05
3.75976563e-03	2.99189823e-07	8.29822358e-05
3.80859375e-03	3.03244983e-07	8.31171000e-05
3.85742188e-03	3.07306772e-07	8.32537898e-05
3.90625000e-03	3.11375280e-07	8.33923083e-05
3.95507812e-03	3.15450597e-07	8.35326589e-05
4.00390625e-03	3.19532811e-07	8.36748452e-05
4.05273438e-03	3.23622013e-07	8.38188705e-05
4.10156250e-03	3.27718293e-07	8.39647382e-05
4.15039062e-03	3.31821740e-07	8.41124520e-05
4.19921875e-03	3.35932445e-07	8.42620155e-05
4.24804688e-03	3.40050498e-07	8.44134322e-05
4.29687500e-03	3.44175989e-07	8.45667059e-05
4.34570313e-03	3.48309010e-07	8.47218402e-05
4.39453125e-03	3.52449652e-07	8.48788390e-05
4.44335937e-03	3.56598005e-07	8.50377060e-05
4.49218750e-03	3.60754161e-07	8.51984451e-05
4.54101563e-03	3.64918212e-07	8.53610602e-05
4.58984375e-03	3.69090248e-07	8.55255552e-05
4.63867188e-03	3.73270363e-07	8.56919342e-05
4.68750000e-03	3.77458647e-07	8.58602011e-05
4.73632813e-03	3.81655194e-07	8.60303601e-05
4.78515625e-03	3.85860096e-07	8.62024153e-05
4.83398438e-03	3.90073445e-07	8.63763709e-05
4.88281250e-03	3.94295335e-07	8.65522311e-05
4.93164063e-03	3.98525858e-07	8.67300001e-05
4.98046875e-03	4.02765108e-07	8.69096823e-05
5.02929688e-03	4.07013178e-07	8.70912821e-05
5.07812500e-03	4.11270163e-07	8.72748038e-05
5.12695312e-03	4.15536156e-07	8.74602519e-05
5.17578125e-03	4.19811250e-07	8.76476309e-05
5.22460938e-03	4.24095542e-07	8.78369454e-05
5.27343750e-03	4.28389124e-07	8.80282000e-05
5.32226563e-03	4.32692093e-07	8.82213992e-05
5.37109375e-03	4.37004543e-07	8.84165479e-05
5.41992188e-03	4.41326569e-07	8.86136507e-05
5.46875000e-03	4.45658268e-07	8.88127124e-05
5.51757813e-03	4.49999734e-07	8.90137379e-05
5.56640625e-03	4.54351064e-07	8.92167321e-05
5.61523438e-03	4.58712353e-07	8.94216998e-05
5.66406250e-03	4.63083700e-07	8.96286461e-05
5.71289063e-03	4.67465199e-07	8.98375760e-05
5.76171875e-03	4.71856949e-07	9.00484945e-05
5.81054688e-03	4.76259046e-07	9.02614068e-05
5.85937500e-03	4.80671588e-07	9.04763181e-05
5.90820313e-03	4.85094673e-07	9.06932336e-05
5.95703125e-03	4.89528399e-07	9.09121586e-05
6.00585938e-03	4.93972863e-07	9.11330983e-05
6.05468750e-03	4.98428164e-07	9.13560581e-05
6.10351562e-03	5.02894402e-07	9.15810436e-05
6.15234375e-03	5.07371675e-07	9.18080600e-05
6.20117188e-03	5.11860083e-07	9.20371131e-05
6.25000000e-03	5.16359725e-07	9.22682082e-05
6.29882813e-03	5.20870700e-07	9.25013511e-05
6.34765625e-03	5.25393110e-07	9.27365474e-05
6.39648438e-03	5.29927054e-07	9.29738028e-05
6.44531250e-03	5.34472633e-07	9.32131231e-05
6.49414063e-03	5.39029948e-07	9.34545141e-05
6.54296875e-03	5.43599101e-07	9.36979817e-05
6.59179688e-03	5.48180193e-07	9.39435318e-05
6.64062500e-03	5.52773325e-07	9.41911704e-05
6.68945313e-03	5.57378600e-07	9.44409035e-05
6.73828125e-03	5.61996121e-07	9.46927372e-05
6.78710938e-03	5.66625989e-07	9.49466775e-05
6.83593750e-03	5.71268309e-07	9.52027307e-05
6.88476563e-03	5.75923183e-07	9.54609031e-05
6.93359375e-03	5.80590715e-07	9.57212008e-05
6.98242188e-03	5.85271008e-07	9.59836302e-05
7.03125000e-03	5.89964168e-07	9.62481977e-05
7.08007812e-03	5.94670299e-07	9.65149098e-05
7.12890625e-03	5.99389505e-07	9.67837729e-05
7.17773438e-03	6.04121892e-07	9.70547935e-05
7.22656250e-03	6.08867565e-07	9.73279783e-05
7.27539063e-03	6.13626630e-07	9.76033340e-05
7.32421875e-03	6.18399194e-07	9.78808671e-05
7.37304688e-03	6.23185362e-07	9.81605845e-05
7.42187500e-03	6.27985242e-07	9.84424930e-05
7.47070313e-03	6.32798940e-07	9.87265994e-05
7.51953125e-03	6.37626565e-07	9.90129106e-05
7.56835938e-03	6.42468224e-07	9.93014337e-05
7.61718750e-03	6.47324025e-07	9.95921757e-05
7.66601563e-03	6.52194077e-07	9.98851435e-05
7.71484375e-03	6.57078488e-07	1.00180344e-04
7.76367188e-03	6.61977368e-07	1.00477786e-04
7.81250000e-03	6.66890827e-07	1.00777474e-04
7.86132813e-03	6.71818973e-07	1.01079418e-04
7.91015625e-03	6.76761919e-07	1.01383623e-04
7.95898438e-03	6.81719773e-07	1.01690098e-04
8.00781250e-03	6.86692648e-07	1.01998850e-04
8.05664062e-03	6.91680654e-07	1.02309887e-04
8.10546875e-03	6.96683904e-07	1.02623216e-04
8.15429687e-03	7.01702509e-07	1.02938844e-04
8.20312500e-03	7.06736582e-07	1.03256780e-04
8.25195313e-03	7.11786235e-07	1.03577031e-04
8.30078125e-03	7.16851583e-07	1.03899605e-04
8.34960938e-03	7.21932738e-07	1.04224510e-04
8.39843750e-03	7.27029815e-07	1.04551754e-04
8.44726563e-03	7.32142928e-07	1.04881344e-04
8.49609375e-03	7.37272191e-07	1.05213289e-04
8.54492188e-03	7.42417721e-07	1.05547597e-04
8.59375000e-03	7.47579631e-07	1.05884276e-04
8.64257812e-03	7.52758040e-07	1.06223335e-04
8.69140625e-03	7.57953062e-07	1.06564780e-04
8.74023438e-03	7.63164815e-07	1.06908622e-04
8.78906250e-03	7.68393416e-07	1.07254868e-04
8.83789063e-03	7.73638982e-07	1.07603526e-04
8.88671875e-03	7.78901632e-07	1.07954605e-04
8.93554688e-03	7.84181484e-07	1.08308114e-04
8.98437500e-03	7.89478656e-07	1.08664062e-04
9.03320312e-03	7.94793268e-07	1.09022456e-04
9.08203125e-03	8.00125440e-07	1.09383306e-04
9.13085937e-03	8.05475292e-07	1.09746621e-04
9.17968750e-03	8.10842944e-07	1.10112409e-04
9.22851563e-03	8.16228517e-07	1.10480679e-04
9.27734375e-03	8.21632133e-07	1.10851441e-04
9.32617188e-03	8.27053914e-07	1.11224703e-04
9.37500000e-03	8.32493982e-07	1.11600474e-04
9.42382813e-03	8.37952460e-07	1.11978764e-04
9.47265625e-03	8.43429470e-07	1.12359582e-04
9.52148438e-03	8.48925137e-07	1.12742937e-04
9.57031250e-03	8.54439585e-07	1.13128838e-04
9.61914063e-03	8.59972937e-07	1.13517296e-04
9.66796875e-03	8.65525321e-07	1.13908318e-04
9.71679688e-03	8.71096860e-07	1.14301916e-04
9.76562500e-03	8.76687680e-07	1.14698098e-04
9.81445313e-03	8.82297909e-07	1.15096875e-04
9.86328125e-03	8.87927673e-07	1.15498255e-04
9.91210938e-03	8.93577099e-07	1.15902249e-04
9.96093750e-03	8.99246316e-07	1.16308867e-04
1.00097656e-02	9.04935451e-07	1.16718119e-04
1.00585938e-02	9.10644634e-07	1.17130014e-04
1.01074219e-02	9.16373994e-07	1.17544562e-04
1.01562500e-02	9.22123661e-07	1.17961774e-04
1.02050781e-02	9.27893764e-07	1.18381661e-04
1.02539062e-02	9.33684435e-07	1.18804231e-04
1.03027344e-02	9.39495805e-07	1.19229496e-04
1.03515625e-02	9.45328007e-07	1.19657466e-04
1.04003906e-02	9.51181171e-07	1.20088151e-04
1.04492188e-02	9.57055432e-07	1.20521562e-04
1.04980469e-02	9.62950922e-07	1.20957709e-04
1.05468750e-02	9.68867775e-07	1.21396604e-04
1.05957031e-02	9.74806126e-07	1.21838256e-04
1.06445313e-02	9.80766110e-07	1.22282677e-04
1.06933594e-02	9.86747862e-07	1.22729878e-04
1.07421875e-02	9.92751518e-07	1.23179869e-04
1.07910156e-02	9.98777214e-07	1.23632661e-04
1.08398438e-02	1.00482509e-06	1.24088266e-04
1.08886719e-02	1.01089528e-06	1.24546695e-04
1.09375000e-02	1.01698792e-06	1.25007958e-04
1.09863281e-02	1.02310316e-06	1.25472068e-04
1.10351563e-02	1.02924112e-06	1.25939035e-04
1.10839844e-02	1.03540196e-06	1.26408871e-04
1.11328125e-02	1.04158581e-06	1.26881588e-04
1.11816406e-02	1.04779281e-06	1.27357196e-04
1.12304688e-02	1.05402311e-06	1.27835708e-04
1.12792969e-02	1.06027684e-06	1.28317136e-04
1.13281250e-02	1.06655415e-06	1.28801490e-04
1.13769531e-02	1.07285518e-06	1.29288784e-04
1.14257813e-02	1.07918008e-06	1.29779028e-04
1.14746094e-02	1.08552899e-06	1.30272235e-04
1.15234375e-02	1.09190205e-06	1.30768417e-04
1.15722656e-02	1.09829941e-06	1.31267586e-04
1.16210938e-02	1.10472122e-06	1.31769755e-04
1.16699219e-02	1.11116762e-06	1.32274935e-04
1.17187500e-02	1.11763877e-06	1.32783139e-04
1.17675781e-02	1.12413480e-06	1.33294380e-04
1.18164063e-02	1.13065587e-06	1.33808669e-04
1.18652344e-02	1.13720213e-06	1.34326020e-04
1.19140625e-02	1.14377372e-06	1.34846445e-04
1.19628906e-02	1.15037080e-06	1.35369957e-04
1.20117188e-02	1.15699352e-06	1.35896569e-04
1.20605469e-02	1.16364203e-06	1.36426294e-04
1.21093750e-02	1.17031648e-06	1.36959144e-04
1.21582031e-02	1.17701702e-06	1.37495133e-04
1.22070312e-02	1.18374381e-06	1.38034274e-04
1.22558594e-02	1.19049701e-06	1.38576579e-04
1.23046875e-02	1.19727676e-06	1.39122063e-04
1.23535156e-02	1.20408323e-06	1.39670739e-04
1.24023438e-02	1.21091656e-06	1.40222620e-04
1.24511719e-02	1.21777692e-06	1.40777720e-04
1.25000000e-02	1.22466446e-06	1.41336052e-04
1.25488281e-02	1.23157935e-06	1.41897630e-04
1.25976563e-02	1.23852173e-06	1.42462467e-04
1.26464844e-02	1.24549178e-06	1.43030578e-04
1.26953125e-02	1.25248964e-06	1.43601977e-04
1.27441406e-02	1.25951549e-06	1.44176677e-04
1.27929688e-02	1.26656948e-06	1.44754693e-04
1.28417969e-02	1.27365177e-06	1.45336039e-04
1.28906250e-02	1.28076253e-06	1.45920729e-04
1.29394531e-02	1.28790192e-06	1.46508777e-04
1.29882813e-02	1.29507011e-06	1.47100198e-04
1.30371094e-02	1.30226726e-06	1.47695006e-04
1.30859375e-02	1.30949354e-06	1.48293217e-04
1.31347656e-02	1.31674910e-06	1.48894844e-04
1.31835938e-02	1.32403413e-06	1.49499902e-04
1.32324219e-02	1.33134879e-06	1.50108406e-04
1.32812500e-02	1.33869324e-06	1.50720372e-04
1.33300781e-02	1.34606766e-06	1.51335814e-04
1.33789063e-02	1.35347221e-06	1.51954747e-04
1.34277344e-02	1.36090707e-06	1.52577187e-04
1.34765625e-02	1.36837242e-06	1.53203149e-04
1.35253906e-02	1.37586841e-06	1.53832647e-04
1.35742188e-02	1.38339522e-06	1.54465699e-04
1.36230469e-02	1.39095303e-06	1.55102318e-04
1.36718750e-02	1.39854202e-06	1.55742521e-04
1.37207031e-02	1.40616235e-06	1.56386324e-04
1.37695313e-02	1.41381421e-06	1.57033742e-04
1.38183594e-02	1.42149777e-06	1.57684792e-04
1.38671875e-02	1.42921320e-06	1.58339488e-04
1.39160156e-02	1.43696070e-06	1.58997848e-04
1.39648438e-02	1.44474043e-06	1.59659888e-04
1.40136719e-02	1.45255257e-06	1.60325623e-04
1.40625000e-02	1.46039732e-06	1.60995071e-04
1.41113281e-02	1.46827484e-06	1.61668247e-04
1.41601562e-02	1.47618532e-06	1.62345168e-04
1.42089844e-02	1.48412895e-06	1.63025851e-04
1.42578125e-02	1.49210591e-06	1.63710312e-04
1.43066406e-02	1.50011638e-06	1.64398569e-04
1.43554688e-02	1.50816055e-06	1.65090638e-04
1.44042969e-02	1.51623861e-06	1.65786537e-04
1.44531250e-02	1.52435074e-06	1.66486282e-04
1.45019531e-02	1.53249713e-06	1.67189890e-04
1.45507813e-02	1.54067797e-06	1.67897379e-04
1.45996094e-02	1.54889345e-06	1.68608767e-04
1.46484375e-02	1.55714376e-06	1.69324071e-04
1.46972656e-02	1.56542910e-06	1.70043308e-04
1.47460938e-02	1.57374965e-06	1.70766496e-04
1.47949219e-02	1.58210561e-06	1.71493653e-04
1.48437500e-02	1.59049718e-06	1.72224797e-04
1.48925781e-02	1.59892454e-06	1.72959946e-04
1.49414063e-02	1.60738789e-06	1.73699118e-04
1.49902344e-02	1.61588744e-06	1.74442331e-04
1.50390625e-02	1.62442338e-06	1.75189603e-04
1.50878906e-02	1.63299590e-06	1.75940953e-04
1.51367188e-02	1.64160521e-06	1.76696400e-04
1.51855469e-02	1.65025151e-06	1.77455961e-04
1.52343750e-02	1.65893500e-06	1.78219657e-04
1.52832031e-02	1.66765587e-06	1.78987504e-04
1.53320313e-02	1.67641435e-06	1.79759523e-04
1.53808594e-02	1.68521062e-06	1.80535733e-04
1.54296875e-02	1.69404489e-06	1.81316151e-04
1.54785156e-02	1.70291738e-06	1.82100799e-04
1.55273438e-02	1.71182828e-06	1.82889695e-04
1.55761719e-02	1.72077780e-06	1.83682858e-04
1.56250000e-02	1.72976616e-06	1.84480308e-04
1.56738281e-02	1.73879356e-06	1.85282065e-04
1.57226563e-02	1.74786022e-06	1.86088149e-04
1.57714844e-02	1.75696634e-06	1.86898579e-04
1.58203125e-02	1.76611214e-06	1.87713375e-04
1.58691406e-02	1.77529783e-06	1.88532558e-04
1.59179688e-02	1.78452363e-06	1.89356147e-04
1.59667969e-02	1.79378975e-06	1.90184164e-04
1.60156250e-02	1.80309641e-06	1.91016627e-04
1.60644531e-02	1.81244383e-06	1.91853559e-04
1.61132812e-02	1.82183222e-06	1.92694979e-04
1.61621094e-02	1.83126180e-06	1.93540909e-04
1.62109375e-02	1.84073281e-06	1.94391368e-04
1.62597656e-02	1.85024545e-06	1.95246379e-04
1.63085937e-02	1.85979995e-06	1.96105962e-04
1.63574219e-02	1.86939653e-06	1.96970139e-04
1.64062500e-02	1.87903543e-06	1.97838930e-04
1.64550781e-02	1.88871685e-06	1.98712358e-04
1.65039063e-02	1.89844104e-06	1.99590444e-04
1.65527344e-02	1.90820822e-06	2.00473209e-04
1.66015625e-02	1.91801862e-06	2.01360675e-04
1.66503906e-02	1.92787247e-06	2.02252865e-04
1.66992188e-02	1.93776999e-06	2.03149800e-04
1.67480469e-02	1.94771143e-06	2.04051502e-04
1.67968750e-02	1.95769701e-06	2.04957994e-04
1.68457031e-02	1.96772698e-06	2.05869298e-04
1.68945313e-02	1.97780156e-06	2.06785436e-04
1.69433594e-02	1.98792099e-06	2.07706432e-04
1.69921875e-02	1.99808551e-06	2.08632308e-04
1.70410156e-02	2.00829535e-06	2.09563087e-04
1.70898438e-02	2.01855077e-06	2.10498791e-04
1.71386719e-02	2.02885200e-06	2.11439444e-04
1.71875000e-02	2.03919928e-06	2.12385070e-04
1.72363281e-02	2.04959285e-06	2.13335691e-04
1.72851562e-02	2.06003296e-06	2.14291332e-04
1.73339844e-02	2.07051986e-06	2.15252015e-04
1.73828125e-02	2.08105379e-06	2.16217765e-04
1.74316406e-02	2.09163500e-06	2.17188605e-04
1.74804688e-02	2.10226374e-06	2.18164559e-04
1.75292969e-02	2.11294026e-06	2.19145652e-04
1.75781250e-02	2.12366481e-06	2.20131908e-04
1.76269531e-02	2.13443764e-06	2.21123351e-04
1.76757813e-02	2.14525901e-06	2.22120005e-04
1.77246094e-02	2.15612918e-06	2.23121896e-04
1.77734375e-02	2.16704839e-06	2.24129049e-04
1.78222656e-02	2.17801691e-06	2.25141487e-04
1.78710938e-02	2.18903499e-06	2.26159236e-04
1.79199219e-02	2.20010290e-06	2.27182322e-04
1.79687500e-02	2.21122090e-06	2.28210770e-04
1.80175781e-02	2.22238924e-06	2.29244604e-04
1.80664062e-02	2.23360820e-06	2.30283852e-04
1.81152344e-02	2.24487803e-06	2.31328538e-04
1.81640625e-02	2.25619901e-06	2.32378688e-04
1.82128906e-02	2.26757140e-06	2.33434328e-04
1.82617187e-02	2.27899546e-06	2.34495485e-04
1.83105469e-02	2.29047148e-06	2.35562185e-04
1.83593750e-02	2.30199972e-06	2.36634454e-04
1.84082031e-02	2.31358045e-06	2.37712319e-04
1.84570313e-02	2.32521395e-06	2.38795806e-04
1.85058594e-02	2.33690049e-06	2.39884942e-04
1.85546875e-02	2.34864035e-06	2.40979755e-04
1.86035156e-02	2.36043381e-06	2.42080271e-04
1.86523438e-02	2.37228114e-06	2.43186518e-04
1.87011719e-02	2.38418263e-06	2.44298523e-04
1.87500000e-02	2.39613856e-06	2.45416314e-04
1.87988281e-02	2.40814921e-06	2.46539918e-04
1.88476563e-02	2.42021487e-06	2.47669364e-04
1.88964844e-02	2.43233582e-06	2.48804679e-04
1.89453125e-02	2.44451235e-06	2.49945891e-04
1.89941406e-02	2.45674474e-06	2.51093029e-04
1.90429688e-02	2.46903329e-06	2.52246121e-04
1.90917969e-02	2.48137830e-06	2.53405196e-04
1.91406250e-02	2.49378004e-06	2.54570283e-04
1.91894531e-02	2.50623882e-06	2.55741410e-04
1.92382813e-02	2.51875494e-06	2.56918607e-04
1.92871094e-02	2.53132868e-06	2.58101902e-04
1.93359375e-02	2.54396035e-06	2.59291325e-04
1.93847656e-02	2.55665025e-06	2.60486906e-04
1.94335938e-02	2.56939868e-06	2.61688675e-04
1.94824219e-02	2.58220594e-06	2.62896660e-04
1.95312500e-02	2.59507233e-06	2.64110893e-04
1.95800781e-02	2.60799817e-06	2.65331403e-04
1.96289063e-02	2.62098376e-06	2.66558221e-04
1.96777344e-02	2.63402940e-06	2.67791376e-04
1.97265625e-02	2.64713541e-06	2.69030901e-04
1.97753906e-02	2.66030210e-06	2.70276824e-04
1.98242188e-02	2.67352979e-06	2.71529179e-04
1.98730469e-02	2.68681878e-06	2.72787994e-04
1.99218750e-02	2.70016940e-06	2.74053303e-04
1.99707031e-02	2.71358196e-06	2.75325136e-04
2.00195312e-02	2.72705678e-06	2.76603525e-04
2.00683594e-02	2.74059418e-06	2.77888501e-04
2.01171875e-02	2.75419449e-06	2.79180097e-04
2.01660156e-02	2.76785803e-06	2.80478345e-04
2.02148438e-02	2.78158512e-06	2.81783276e-04
2.02636719e-02	2.79537609e-06	2.83094924e-04
2.03125000e-02	2.80923127e-06	2.84413321e-04
2.03613281e-02	2.82315099e-06	2.85738500e-04
2.04101563e-02	2.83713559e-06	2.87070494e-04
2.04589844e-02	2.85118539e-06	2.88409335e-04
2.05078125e-02	2.86530073e-06	2.89755058e-04
2.05566406e-02	2.87948195e-06	2.91107695e-04
2.06054688e-02	2.89372939e-06	2.92467281e-04
2.06542969e-02	2.90804338e-06	2.93833849e-04
2.07031250e-02	2.92242427e-06	2.95207433e-04
2.07519531e-02	2.93687240e-06	2.96588067e-04
2.08007813e-02	2.95138812e-06	2.97975786e-04
2.08496094e-02	2.96597177e-06	2.99370624e-04
2.08984375e-02	2.98062371e-06	3.00772616e-04
2.09472656e-02	2.99534428e-06	3.02181797e-04
2.09960938e-02	3.01013383e-06	3.03598202e-04
2.10449219e-02	3.02499271e-06	3.05021866e-04
2.10937500e-02	3.03992130e-06	3.06452825e-04
2.11425781e-02	3.05491993e-06	3.07891114e-04
2.11914063e-02	3.06998897e-06	3.09336769e-04
2.12402344e-02	3.08512878e-06	3.10789827e-04
2.12890625e-02	3.10033972e-06	3.12250322e-04
2.13378906e-02	3.11562215e-06	3.13718293e-04
2.13867188e-02	3.13097645e-06	3.15193775e-04
2.14355469e-02	3.14640298e-06	3.16676804e-04
2.14843750e-02	3.16190211e-06	3.18167419e-04
2.15332031e-02	3.17747420e-06	3.19665656e-04
2.15820313e-02	3.19311964e-06	3.21171552e-04
2.16308594e-02	3.20883880e-06	3.22685146e-04
2.16796875e-02	3.22463205e-06	3.24206474e-04
2.17285156e-02	3.24049978e-06	3.25735575e-04
2.17773438e-02	3.25644236e-06	3.27272487e-04
2.18261719e-02	3.27246017e-06	3.28817248e-04
2.18750000e-02	3.28855361e-06	3.30369896e-04
2.19238281e-02	3.30472305e-06	3.31930472e-04
2.19726562e-02	3.32096889e-06	3.33499012e-04
2.20214844e-02	3.33729151e-06	3.35075557e-04
2.20703125e-02	3.35369131e-06	3.36660145e-04
2.21191406e-02	3.37016868e-06	3.38252817e-04
2.21679688e-02	3.38672401e-06	3.39853613e-04
2.22167969e-02	3.40335771e-06	3.41462571e-04
2.22656250e-02	3.42007016e-06	3.43079732e-04
2.23144531e-02	3.43686179e-06	3.44705137e-04
2.23632813e-02	3.45373298e-06	3.46338826e-04
2.24121094e-02	3.47068414e-06	3.47980840e-04
2.24609375e-02	3.48771569e-06	3.49631219e-04
2.25097656e-02	3.50482802e-06	3.51290006e-04
2.25585938e-02	3.52202156e-06	3.52957242e-04
2.26074219e-02	3.53929671e-06	3.54632967e-04
2.26562500e-02	3.55665389e-06	3.56317225e-04
2.27050781e-02	3.57409352e-06	3.58010056e-04
2.27539063e-02	3.59161602e-06	3.59711504e-04
2.28027344e-02	3.60922181e-06	3.61421611e-04
2.28515625e-02	3.62691131e-06	3.63140420e-04
2.29003906e-02	3.64468495e-06	3.64867973e-04
2.29492188e-02	3.66254316e-06	3.66604314e-04
2.29980469e-02	3.68048637e-06	3.68349486e-04
2.30468750e-02	3.69851501e-06	3.70103533e-04
2.30957031e-02	3.71662951e-06	3.71866498e-04
2.31445313e-02	3.73483032e-06	3.73638426e-04
2.31933594e-02	3.75311786e-06	3.75419361e-04
2.32421875e-02	3.77149258e-06	3.77209347e-04
2.32910156e-02	3.78995493e-06	3.79008430e-04
2.33398438e-02	3.80850535e-06	3.80816654e-04
2.33886719e-02	3.82714428e-06	3.82634065e-04
2.34375000e-02	3.84587218e-06	3.84460707e-04
2.34863281e-02	3.86468950e-06	3.86296627e-04
2.35351563e-02	3.88359669e-06	3.88141871e-04
2.35839844e-02	3.90259421e-06	3.89996484e-04
2.36328125e-02	3.92168251e-06	3.91860514e-04
2.36816406e-02	3.94086207e-06	3.93734006e-04
2.37304688e-02	3.96013333e-06	3.95617008e-04
2.37792969e-02	3.97949678e-06	3.97509567e-04
2.38281250e-02	3.99895286e-06	3.99411730e-04
2.38769531e-02	4.01850206e-06	4.01323544e-04
2.39257812e-02	4.03814485e-06	4.03245059e-04
2.39746094e-02	4.05788170e-06	4.05176321e-04
2.40234375e-02	4.07771309e-06	4.07117380e-04
2.40722656e-02	4.09763950e-06	4.09068283e-04
2.41210938e-02	4.11766141e-06	4.11029079e-04
2.41699219e-02	4.13777930e-06	4.12999819e-04
2.42187500e-02	4.15799366e-06	4.14980550e-04
2.42675781e-02	4.17830499e-06	4.16971324e-04
2.43164063e-02	4.19871377e-06	4.18972189e-04
2.43652344e-02	4.21922049e-06	4.20983195e-04
2.44140625e-02	4.23982565e-06	4.23004394e-04
2.44628906e-02	4.26052976e-06	4.25035836e-04
2.45117188e-02	4.28133331e-06	4.27077571e-04
2.45605469e-02	4.30223681e-06	4.29129651e-04
2.46093750e-02	4.32324076e-06	4.31192127e-04
2.46582031e-02	4.34434567e-06	4.33265052e-04
2.47070313e-02	4.36555205e-06	4.35348476e-04
2.47558594e-02	4.38686043e-06	4.37442453e-04
2.48046875e-02	4.40827130e-06	4.39547035e-04
2.48535156e-02	4.42978520e-06	4.41662274e-04
2.49023438e-02	4.45140265e-06	4.43788223e-04
2.49511719e-02	4.47312416e-06	4.45924937e-04
2.50000000e-02	4.49495027e-06	4.48072468e-04
2.50488281e-02	4.51688150e-06	4.50230871e-04
2.50976563e-02	4.53891839e-06	4.52400199e-04
2.51464844e-02	4.56106148e-06	4.54580507e-04
2.51953125e-02	4.58331129e-06	4.56771850e-04
2.52441406e-02	4.60566837e-06	4.58974283e-04
2.52929688e-02	4.62813327e-06	4.61187860e-04
2.53417969e-02	4.65070652e-06	4.63412638e-04
2.53906250e-02	4.67338868e-06	4.65648673e-04
2.54394531e-02	4.69618030e-06	4.67896020e-04
2.54882813e-02	4.71908193e-06	4.70154736e-04
2.55371094e-02	4.74209413e-06	4.72424878e-04
2.55859375e-02	4.76521746e-06	4.74706503e-04
2.56347656e-02	4.78845247e-06	4.76999668e-04
2.56835938e-02	4.81179974e-06	4.79304430e-04
2.57324219e-02	4.83525983e-06	4.81620848e-04
2.57812500e-02	4.85883331e-06	4.83948980e-04
2.58300781e-02	4.88252076e-06	4.86288884e-04
2.58789062e-02	4.90632275e-06	4.88640619e-04
2.59277344e-02	4.93023986e-06	4.91004244e-04
2.59765625e-02	4.95427267e-06	4.93379819e-04
2.60253906e-02	4.97842177e-06	4.95767403e-04
2.60742188e-02	5.00268775e-06	4.98167056e-04
2.61230469e-02	5.02707120e-06	5.00578839e-04
2.61718750e-02	5.05157270e-06	5.03002812e-04
2.62207031e-02	5.07619286e-06	5.05439037e-04
2.62695313e-02	5.10093228e-06	5.07887574e-04
2.63183594e-02	5.12579156e-06	5.10348484e-04
2.63671875e-02	5.15077131e-06	5.12821831e-04
2.64160156e-02	5.17587212e-06	5.15307676e-04
2.64648438e-02	5.20109463e-06	5.17806082e-04
2.65136719e-02	5.22643943e-06	5.20317111e-04
2.65625000e-02	5.25190716e-06	5.22840827e-04
2.66113281e-02	5.27749842e-06	5.25377293e-04
2.66601563e-02	5.30321384e-06	5.27926573e-04
2.67089844e-02	5.32905406e-06	5.30488731e-04
2.67578125e-02	5.35501970e-06	5.33063832e-04
2.68066406e-02	5.38111139e-06	5.35651941e-04
2.68554688e-02	5.40732978e-06	5.38253122e-04
2.69042969e-02	5.43367550e-06	5.40867442e-04
2.69531250e-02	5.46014919e-06	5.43494965e-04
2.70019531e-02	5.48675150e-06	5.46135758e-04
2.70507813e-02	5.51348308e-06	5.48789888e-04
2.70996094e-02	5.54034459e-06	5.51457422e-04
2.71484375e-02	5.56733668e-06	5.54138426e-04
2.71972656e-02	5.59446000e-06	5.56832969e-04
2.72460938e-02	5.62171523e-06	5.59541117e-04
2.72949219e-02	5.64910302e-06	5.62262940e-04
2.73437500e-02	5.67662405e-06	5.64998506e-04
2.73925781e-02	5.70427900e-06	5.67747884e-04
2.74414063e-02	5.73206852e-06	5.70511143e-04
2.74902344e-02	5.75999331e-06	5.73288352e-04
2.75390625e-02	5.78805406e-06	5.76079583e-04
2.75878906e-02	5.81625143e-06	5.78884904e-04
2.76367188e-02	5.84458613e-06	5.81704387e-04
2.76855469e-02	5.87305885e-06	5.84538103e-04
2.77343750e-02	5.90167028e-06	5.87386124e-04
2.77832031e-02	5.93042112e-06	5.90248521e-04
2.78320312e-02	5.95931209e-06	5.93125366e-04
2.78808594e-02	5.98834388e-06	5.96016732e-04
2.79296875e-02	6.01751720e-06	5.98922692e-04
2.79785156e-02	6.04683278e-06	6.01843319e-04
2.80273438e-02	6.07629133e-06	6.04778687e-04
2.80761719e-02	6.10589356e-06	6.07728870e-04
2.81250000e-02	6.13564021e-06	6.10693943e-04
2.81738281e-02	6.16553201e-06	6.13673979e-04
2.82226563e-02	6.19556968e-06	6.16669055e-04
2.82714844e-02	6.22575396e-06	6.19679246e-04
2.83203125e-02	6.25608560e-06	6.22704628e-04
2.83691406e-02	6.28656533e-06	6.25745277e-04
2.84179688e-02	6.31719391e-06	6.28801271e-04
2.84667969e-02	6.34797208e-06	6.31872685e-04
2.85156250e-02	6.37890061e-06	6.34959598e-04
2.85644531e-02	6.40998024e-06	6.38062089e-04
2.86132813e-02	6.44121174e-06	6.41180234e-04
2.86621094e-02	6.47259588e-06	6.44314113e-04
2.87109375e-02	6.50413343e-06	6.47463805e-04
2.87597656e-02	6.53582515e-06	6.50629390e-04
2.88085938e-02	6.56767184e-06	6.53810947e-04
2.88574219e-02	6.59967427e-06	6.57008557e-04
2.89062500e-02	6.63183323e-06	6.60222301e-04
2.89550781e-02	6.66414950e-06	6.63452260e-04
2.90039063e-02	6.69662389e-06	6.66698516e-04
2.90527344e-02	6.72925718e-06	6.69961150e-04
2.91015625e-02	6.76205018e-06	6.73240245e-04
2.91503906e-02	6.79500370e-06	6.76535885e-04
2.91992188e-02	6.82811855e-06	6.79848151e-04
2.92480469e-02	6.86139553e-06	6.83177129e-04
2.92968750e-02	6.89483547e-06	6.86522902e-04
2.93457031e-02	6.92843919e-06	6.89885554e-04
2.93945313e-02	6.96220752e-06	6.93265172e-04
2.94433594e-02	6.99614129e-06	6.96661840e-04
2.94921875e-02	7.03024132e-06	7.00075644e-04
2.95410156e-02	7.06450847e-06	7.03506671e-04
2.95898438e-02	7.09894357e-06	7.06955007e-04
2.96386719e-02	7.13354747e-06	7.10420740e-04
2.96875000e-02	7.16832102e-06	7.13903958e-04
2.97363281e-02	7.20326508e-06	7.17404748e-04
2.97851562e-02	7.23838051e-06	7.20923199e-04
2.98339844e-02	7.27366817e-06	7.24459400e-04
2.98828125e-02	7.30912893e-06	7.28013440e-04
2.99316406e-02	7.34476367e-06	7.31585411e-04
2.99804688e-02	7.38057326e-06	7.35175401e-04
3.00292969e-02	7.41655859e-06	7.38783503e-04
3.00781250e-02	7.45272053e-06	7.42409807e-04
3.01269531e-02	7.48905999e-06	7.46054405e-04
3.01757813e-02	7.52557786e-06	7.49717389e-04
3.02246094e-02	7.56227503e-06	7.53398853e-04
3.02734375e-02	7.59915242e-06	7.57098889e-04
3.03222656e-02	7.63621092e-06	7.60817591e-04
3.03710938e-02	7.67345147e-06	7.64555054e-04
3.04199219e-02	7.71087496e-06	7.68311371e-04
3.04687500e-02	7.74848234e-06	7.72086639e-04
3.05175781e-02	7.78627452e-06	7.75880953e-04
3.05664063e-02	7.82425243e-06	7.79694409e-04
3.06152344e-02	7.86241702e-06	7.83527104e-04
3.06640625e-02	7.90076922e-06	7.87379135e-04
3.07128906e-02	7.93930999e-06	7.91250599e-04
3.07617188e-02	7.97804026e-06	7.95141595e-04
3.08105469e-02	8.01696101e-06	7.99052221e-04
3.08593750e-02	8.05607319e-06	8.02982577e-04
3.09082031e-02	8.09537776e-06	8.06932762e-04
3.09570313e-02	8.13487570e-06	8.10902876e-04
3.10058594e-02	8.17456799e-06	8.14893020e-04
3.10546875e-02	8.21445559e-06	8.18903295e-04
3.11035156e-02	8.25453950e-06	8.22933804e-04
3.11523438e-02	8.29482072e-06	8.26984647e-04
3.12011719e-02	8.33530022e-06	8.31055929e-04
3.12500000e-02	8.37597902e-06	8.35147751e-04
3.12988281e-02	8.41685812e-06	8.39260219e-04
3.13476563e-02	8.45793854e-06	8.43393436e-04
3.13964844e-02	8.49922127e-06	8.47547508e-04
3.14453125e-02	8.54070736e-06	8.51722539e-04
3.14941406e-02	8.58239782e-06	8.55918636e-04
3.15429688e-02	8.62429368e-06	8.60135906e-04
3.15917969e-02	8.66639598e-06	8.64374454e-04
3.16406250e-02	8.70870577e-06	8.68634390e-04
3.16894531e-02	8.75122409e-06	8.72915820e-04
3.17382812e-02	8.79395198e-06	8.77218855e-04
3.17871094e-02	8.83689052e-06	8.81543603e-04
3.18359375e-02	8.88004076e-06	8.85890173e-04
3.18847656e-02	8.92340377e-06	8.90258677e-04
3.19335938e-02	8.96698062e-06	8.94649225e-04
3.19824219e-02	9.01077240e-06	8.99061930e-04
3.20312500e-02	9.05478018e-06	9.03496902e-04
3.20800781e-02	9.09900506e-06	9.07954254e-04
3.21289062e-02	9.14344814e-06	9.12434101e-04
3.21777344e-02	9.18811051e-06	9.16936556e-04
3.22265625e-02	9.23299328e-06	9.21461732e-04
3.22753906e-02	9.27809756e-06	9.26009746e-04
3.23242188e-02	9.32342448e-06	9.30580713e-04
3.23730469e-02	9.36897515e-06	9.35174748e-04
3.24218750e-02	9.41475070e-06	9.39791970e-04
3.24707031e-02	9.46075228e-06	9.44432495e-04
3.25195313e-02	9.50698101e-06	9.49096441e-04
3.25683594e-02	9.55343805e-06	9.53783926e-04
3.26171875e-02	9.60012455e-06	9.58495071e-04
3.26660156e-02	9.64704166e-06	9.63229995e-04
3.27148438e-02	9.69419056e-06	9.67988818e-04
3.27636719e-02	9.74157241e-06	9.72771661e-04
3.28125000e-02	9.78918838e-06	9.77578646e-04
3.28613281e-02	9.83703967e-06	9.82409896e-04
3.29101563e-02	9.88512745e-06	9.87265533e-04
3.29589844e-02	9.93345291e-06	9.92145680e-04
3.30078125e-02	9.98201727e-06	9.97050463e-04
3.30566406e-02	1.00308217e-05	1.00198001e-03
3.31054687e-02	1.00798675e-05	1.00693443e-03
3.31542969e-02	1.01291558e-05	1.01191387e-03
3.32031250e-02	1.01786878e-05	1.01691845e-03
3.32519531e-02	1.02284648e-05	1.02194829e-03
3.33007813e-02	1.02784881e-05	1.02700353e-03
3.33496094e-02	1.03287588e-05	1.03208429e-03
3.33984375e-02	1.03792782e-05	1.03719070e-03
3.34472656e-02	1.04300476e-05	1.04232289e-03
3.34960938e-02	1.04810682e-05	1.04748100e-03
3.35449219e-02	1.05323413e-05	1.05266514e-03
3.35937500e-02	1.05838681e-05	1.05787547e-03
3.36425781e-02	1.06356501e-05	1.06311210e-03
3.36914062e-02	1.06876883e-05	1.06837518e-03
3.37402344e-02	1.07399842e-05	1.07366483e-03
3.37890625e-02	1.07925391e-05	1.07898119e-03
3.38378906e-02	1.08453541e-05	1.08432440e-03
3.38867188e-02	1.08984308e-05	1.08969459e-03
3.39355469e-02	1.09517703e-05	1.09509190e-03
3.39843750e-02	1.10053740e-05	1.10051647e-03
3.40332031e-02	1.10592433e-05	1.10596844e-03
3.40820312e-02	1.11133794e-05	1.11144793e-03
3.41308594e-02	1.11677838e-05	1.11695511e-03
3.41796875e-02	1.12224577e-05	1.12249009e-03
3.42285156e-02	1.12774026e-05	1.12805303e-03
3.42773438e-02	1.13326198e-05	1.13364407e-03
3.43261719e-02	1.13881107e-05	1.13926335e-03
3.43750000e-02	1.14438767e-05	1.14491102e-03
3.44238281e-02	1.14999192e-05	1.15058721e-03
3.44726563e-02	1.15562395e-05	1.15629207e-03
3.45214844e-02	1.16128390e-05	1.16202575e-03
3.45703125e-02	1.16697192e-05	1.16778840e-03
3.46191406e-02	1.17268816e-05	1.17358015e-03
3.46679688e-02	1.17843274e-05	1.17940117e-03
3.47167969e-02	1.18420582e-05	1.18525159e-03
3.47656250e-02	1.19000753e-05	1.19113157e-03
3.48144531e-02	1.19583803e-05	1.19704126e-03
3.48632813e-02	1.20169746e-05	1.20298080e-03
3.49121094e-02	1.20758597e-05	1.20895036e-03
3.49609375e-02	1.21350369e-05	1.21495007e-03
3.50097656e-02	1.21945079e-05	1.22098010e-03
3.50585937e-02	1.22542740e-05	1.22704060e-03
3.51074219e-02	1.23143368e-05	1.23313172e-03
3.51562500e-02	1.23746978e-05	1.23925363e-03
3.52050781e-02	1.24353584e-05	1.24540646e-03
3.52539063e-02	1.24963203e-05	1.25159040e-03
3.53027344e-02	1.25575848e-05	1.25780558e-03
3.53515625e-02	1.26191536e-05	1.26405217e-03
3.54003906e-02	1.26810282e-05	1.27033033e-03
3.54492188e-02	1.27432101e-05	1.27664022e-03
3.54980469e-02	1.28057008e-05	1.28298200e-03
3.55468750e-02	1.28685021e-05	1.28935583e-03
3.55957031e-02	1.29316153e-05	1.29576188e-03
3.56445312e-02	1.29950421e-05	1.30220031e-03
3.56933594e-02	1.30587841e-05	1.30867128e-03
3.57421875e-02	1.31228428e-05	1.31517497e-03
3.57910156e-02	1.31872199e-05	1.32171152e-03
3.58398438e-02	1.32519170e-05	1.32828112e-03
3.58886719e-02	1.33169357e-05	1.33488394e-03
3.59375000e-02	1.33822776e-05	1.34152013e-03
3.59863281e-02	1.34479444e-05	1.34818987e-03
3.60351562e-02	1.35139376e-05	1.35489333e-03
3.60839844e-02	1.35802590e-05	1.36163068e-03
3.61328125e-02	1.36469102e-05	1.36840210e-03
3.61816406e-02	1.37138928e-05	1.37520775e-03
3.62304688e-02	1.37812086e-05	1.38204781e-03
3.62792969e-02	1.38488593e-05	1.38892246e-03
3.63281250e-02	1.39168464e-05	1.39583187e-03
3.63769531e-02	1.39851718e-05	1.40277622e-03
3.64257813e-02	1.40538372e-05	1.40975569e-03
3.64746094e-02	1.41228442e-05	1.41677045e-03
3.65234375e-02	1.41921945e-05	1.42382069e-03
3.65722656e-02	1.42618900e-05	1.43090658e-03
3.66210938e-02	1.43319324e-05	1.43802831e-03
3.66699219e-02	1.44023234e-05	1.44518606e-03
3.67187500e-02	1.44730647e-05	1.45238001e-03
3.67675781e-02	1.45441582e-05	1.45961034e-03
3.68164063e-02	1.46156057e-05	1.46687725e-03
3.68652344e-02	1.46874089e-05	1.47418091e-03
3.69140625e-02	1.47595696e-05	1.48152152e-03
3.69628906e-02	1.48320896e-05	1.48889926e-03
3.70117187e-02	1.49049708e-05	1.49631432e-03
3.70605469e-02	1.49782150e-05	1.50376690e-03
3.71093750e-02	1.50518239e-05	1.51125717e-03
3.71582031e-02	1.51257996e-05	1.51878534e-03
3.72070313e-02	1.52001438e-05	1.52635160e-03
3.72558594e-02	1.52748583e-05	1.53395614e-03
3.73046875e-02	1.53499451e-05	1.54159916e-03
3.73535156e-02	1.54254060e-05	1.54928084e-03
3.74023438e-02	1.55012430e-05	1.55700140e-03
3.74511719e-02	1.55774579e-05	1.56476102e-03
3.75000000e-02	1.56540527e-05	1.57255991e-03
3.75488281e-02	1.57310292e-05	1.58039826e-03
3.75976562e-02	1.58083894e-05	1.58827628e-03
3.76464844e-02	1.58861353e-05	1.59619416e-03
3.76953125e-02	1.59642687e-05	1.60415212e-03
3.77441406e-02	1.60427917e-05	1.61215036e-03
3.77929688e-02	1.61217063e-05	1.62018907e-03
3.78417969e-02	1.62010143e-05	1.62826847e-03
3.78906250e-02	1.62807178e-05	1.63638876e-03
3.79394531e-02	1.63608189e-05	1.64455016e-03
3.79882813e-02	1.64413195e-05	1.65275287e-03
3.80371094e-02	1.65222216e-05	1.66099710e-03
3.80859375e-02	1.66035272e-05	1.66928306e-03
3.81347656e-02	1.66852385e-05	1.67761097e-03
3.81835938e-02	1.67673574e-05	1.68598104e-03
3.82324219e-02	1.68498861e-05	1.69439349e-03
3.82812500e-02	1.69328266e-05	1.70284852e-03
3.83300781e-02	1.70161810e-05	1.71134637e-03
3.83789063e-02	1.70999513e-05	1.71988723e-03
3.84277344e-02	1.71841398e-05	1.72847135e-03
3.84765625e-02	1.72687484e-05	1.73709893e-03
3.85253906e-02	1.73537794e-05	1.74577019e-03
3.85742188e-02	1.74392349e-05	1.75448536e-03
3.86230469e-02	1.75251169e-05	1.76324467e-03
3.86718750e-02	1.76114278e-05	1.77204834e-03
3.87207031e-02	1.76981696e-05	1.78089659e-03
3.87695313e-02	1.77853446e-05	1.78978965e-03
3.88183594e-02	1.78729549e-05	1.79872775e-03
3.88671875e-02	1.79610027e-05	1.80771112e-03
3.89160156e-02	1.80494903e-05	1.81673999e-03
3.89648438e-02	1.81384198e-05	1.82581459e-03
3.90136719e-02	1.82277936e-05	1.83493516e-03
3.90625000e-02	1.83176138e-05	1.84410193e-03
3.91113281e-02	1.84078828e-05	1.85331513e-03
3.91601563e-02	1.84986028e-05	1.86257501e-03
3.92089844e-02	1.85897760e-05	1.87188179e-03
3.92578125e-02	1.86814049e-05	1.88123573e-03
3.93066406e-02	1.87734916e-05	1.89063705e-03
3.93554688e-02	1.88660386e-05	1.90008600e-03
3.94042969e-02	1.89590481e-05	1.90958283e-03
3.94531250e-02	1.90525224e-05	1.91912778e-03
3.95019531e-02	1.91464641e-05	1.92872109e-03
3.95507812e-02	1.92408753e-05	1.93836301e-03
3.95996094e-02	1.93357585e-05	1.94805379e-03
3.96484375e-02	1.94311161e-05	1.95779368e-03
3.96972656e-02	1.95269505e-05	1.96758293e-03
3.97460938e-02	1.96232641e-05	1.97742178e-03
3.97949219e-02	1.97200593e-05	1.98731050e-03
3.98437500e-02	1.98173386e-05	1.99724934e-03
3.98925781e-02	1.99151044e-05	2.00723855e-03
3.99414063e-02	2.00133592e-05	2.01727838e-03
3.99902344e-02	2.01121055e-05	2.02736911e-03
4.00390625e-02	2.02113458e-05	2.03751099e-03
4.00878906e-02	2.03110825e-05	2.04770427e-03
4.01367188e-02	2.04113181e-05	2.05794923e-03
4.01855469e-02	2.05120553e-05	2.06824612e-03
4.02343750e-02	2.06132966e-05	2.07859521e-03
4.02832031e-02	2.07150444e-05	2.08899676e-03
4.03320313e-02	2.08173015e-05	2.09945105e-03
4.03808594e-02	2.09200702e-05	2.10995835e-03
4.04296875e-02	2.10233534e-05	2.12051892e-03
4.04785156e-02	2.11271535e-05	2.13113303e-03
4.05273438e-02	2.12314732e-05	2.14180096e-03
4.05761719e-02	2.13363150e-05	2.15252299e-03
4.06250000e-02	2.14416818e-05	2.16329939e-03
4.06738281e-02	2.15475761e-05	2.17413043e-03
4.07226563e-02	2.16540006e-05	2.18501640e-03
4.07714844e-02	2.17609579e-05	2.19595758e-03
4.08203125e-02	2.18684509e-05	2.20695424e-03
4.08691406e-02	2.19764822e-05	2.21800668e-03
4.09179688e-02	2.20850545e-05	2.22911518e-03
4.09667969e-02	2.21941706e-05	2.24028001e-03
4.10156250e-02	2.23038332e-05	2.25150148e-03
4.10644531e-02	2.24140452e-05	2.26277987e-03
4.11132813e-02	2.25248092e-05	2.27411547e-03
4.11621094e-02	2.26361282e-05	2.28550857e-03
4.12109375e-02	2.27480048e-05	2.29695947e-03
4.12597656e-02	2.28604420e-05	2.30846846e-03
4.13085938e-02	2.29734426e-05	2.32003584e-03
4.13574219e-02	2.30870095e-05	2.33166190e-03
4.14062500e-02	2.32011454e-05	2.34334695e-03
4.14550781e-02	2.33158534e-05	2.35509129e-03
4.15039062e-02	2.34311363e-05	2.36689522e-03
4.15527344e-02	2.35469970e-05	2.37875904e-03
4.16015625e-02	2.36634384e-05	2.39068307e-03
4.16503906e-02	2.37804636e-05	2.40266760e-03
4.16992188e-02	2.38980754e-05	2.41471295e-03
4.17480469e-02	2.40162769e-05	2.42681943e-03
4.17968750e-02	2.41350710e-05	2.43898735e-03
4.18457031e-02	2.42544607e-05	2.45121702e-03
4.18945313e-02	2.43744492e-05	2.46350876e-03
4.19433594e-02	2.44950393e-05	2.47586289e-03
4.19921875e-02	2.46162342e-05	2.48827972e-03
4.20410156e-02	2.47380369e-05	2.50075959e-03
4.20898438e-02	2.48604505e-05	2.51330280e-03
4.21386719e-02	2.49834782e-05	2.52590968e-03
4.21875000e-02	2.51071230e-05	2.53858056e-03
4.22363281e-02	2.52313880e-05	2.55131576e-03
4.22851563e-02	2.53562765e-05	2.56411562e-03
4.23339844e-02	2.54817915e-05	2.57698046e-03
4.23828125e-02	2.56079363e-05	2.58991062e-03
4.24316406e-02	2.57347141e-05	2.60290642e-03
4.24804688e-02	2.58621280e-05	2.61596822e-03
4.25292969e-02	2.59901813e-05	2.62909633e-03
4.25781250e-02	2.61188773e-05	2.64229111e-03
4.26269531e-02	2.62482192e-05	2.65555289e-03
4.26757813e-02	2.63782103e-05	2.66888201e-03
4.27246094e-02	2.65088539e-05	2.68227882e-03
4.27734375e-02	2.66401533e-05	2.69574367e-03
4.28222656e-02	2.67721118e-05	2.70927690e-03
4.28710938e-02	2.69047328e-05	2.72287887e-03
4.29199219e-02	2.70380196e-05	2.73654992e-03
4.29687500e-02	2.71719756e-05	2.75029040e-03
4.30175781e-02	2.73066043e-05	2.76410068e-03
4.30664063e-02	2.74419091e-05	2.77798111e-03
4.31152344e-02	2.75778933e-05	2.79193205e-03
4.31640625e-02	2.77145604e-05	2.80595385e-03
4.32128906e-02	2.78519139e-05	2.82004689e-03
4.32617188e-02	2.79899574e-05	2.83421153e-03
4.33105469e-02	2.81286942e-05	2.84844812e-03
4.33593750e-02	2.82681279e-05	2.86275705e-03
4.34082031e-02	2.84082621e-05	2.87713867e-03
4.34570312e-02	2.85491003e-05	2.89159337e-03
4.35058594e-02	2.86906460e-05	2.90612151e-03
4.35546875e-02	2.88329030e-05	2.92072347e-03
4.36035156e-02	2.89758747e-05	2.93539963e-03
4.36523438e-02	2.91195649e-05	2.95015037e-03
4.37011719e-02	2.92639772e-05	2.96497607e-03
4.37500000e-02	2.94091152e-05	2.97987712e-03
4.37988281e-02	2.95549827e-05	2.99485389e-03
4.38476563e-02	2.97015833e-05	3.00990678e-03
4.38964844e-02	2.98489207e-05	3.02503617e-03
4.39453125e-02	2.99969988e-05	3.04024247e-03
4.39941406e-02	3.01458213e-05	3.05552605e-03
4.40429688e-02	3.02953919e-05	3.07088732e-03
4.40917969e-02	3.04457146e-05	3.08632667e-03
4.41406250e-02	3.05967929e-05	3.10184451e-03
4.41894531e-02	3.07486310e-05	3.11744123e-03
4.42382813e-02	3.09012325e-05	3.13311724e-03
4.42871094e-02	3.10546014e-05	3.14887295e-03
4.43359375e-02	3.12087416e-05	3.16470876e-03
4.43847656e-02	3.13636570e-05	3.18062508e-03
4.44335938e-02	3.15193515e-05	3.19662232e-03
4.44824219e-02	3.16758291e-05	3.21270091e-03
4.45312500e-02	3.18330938e-05	3.22886124e-03
4.45800781e-02	3.19911496e-05	3.24510376e-03
4.46289063e-02	3.21500005e-05	3.26142886e-03
4.46777344e-02	3.23096505e-05	3.27783699e-03
4.47265625e-02	3.24701038e-05	3.29432855e-03
4.47753906e-02	3.26313643e-05	3.31090399e-03
4.48242188e-02	3.27934363e-05	3.32756372e-03
4.48730469e-02	3.29563238e-05	3.34430819e-03
4.49218750e-02	3.31200310e-05	3.36113782e-03
4.49707031e-02	3.32845620e-05	3.37805304e-03
4.50195313e-02	3.34499211e-05	3.39505431e-03
4.50683594e-02	3.36161124e-05	3.41214206e-03
4.51171875e-02	3.37831402e-05	3.42931672e-03
4.51660156e-02	3.39510087e-05	3.44657876e-03
4.52148438e-02	3.41197223e-05	3.46392861e-03
4.52636719e-02	3.42892852e-05	3.48136672e-03
4.53125000e-02	3.44597017e-05	3.49889355e-03
4.53613281e-02	3.46309762e-05	3.51650955e-03
4.54101562e-02	3.48031130e-05	3.53421518e-03
4.54589844e-02	3.49761166e-05	3.55201089e-03
4.55078125e-02	3.51499913e-05	3.56989715e-03
4.55566406e-02	3.53247416e-05	3.58787443e-03
4.56054688e-02	3.55003719e-05	3.60594318e-03
4.56542969e-02	3.56768867e-05	3.62410387e-03
4.57031250e-02	3.58542905e-05	3.64235699e-03
4.57519531e-02	3.60325879e-05	3.66070299e-03
4.58007813e-02	3.62117833e-05	3.67914236e-03
4.58496094e-02	3.63918814e-05	3.69767558e-03
4.58984375e-02	3.65728868e-05	3.71630312e-03
4.59472656e-02	3.67548040e-05	3.73502547e-03
4.59960938e-02	3.69376377e-05	3.75384311e-03
4.60449219e-02	3.71213925e-05	3.77275654e-03
4.60937500e-02	3.73060733e-05	3.79176624e-03
4.61425781e-02	3.74916846e-05	3.81087271e-03
4.61914063e-02	3.76782312e-05	3.83007644e-03
4.62402344e-02	3.78657179e-05	3.84937793e-03
4.62890625e-02	3.80541494e-05	3.86877769e-03
4.63378906e-02	3.82435306e-05	3.88827621e-03
4.63867188e-02	3.84338663e-05	3.90787400e-03
4.64355469e-02	3.86251614e-05	3.92757157e-03
4.64843750e-02	3.88174207e-05	3.94736944e-03
4.65332031e-02	3.90106491e-05	3.96726811e-03
4.65820313e-02	3.92048517e-05	3.98726810e-03
4.66308594e-02	3.94000333e-05	4.00736994e-03
4.66796875e-02	3.95961989e-05	4.02757414e-03
4.67285156e-02	3.97933536e-05	4.04788123e-03
4.67773438e-02	3.99915023e-05	4.06829173e-03
4.68261719e-02	4.01906502e-05	4.08880618e-03
4.68750000e-02	4.03908023e-05	4.10942511e-03
4.69238281e-02	4.05919638e-05	4.13014906e-03
4.69726563e-02	4.07941398e-05	4.15097856e-03
4.70214844e-02	4.09973354e-05	4.17191415e-03
4.70703125e-02	4.12015559e-05	4.19295638e-03
4.71191406e-02	4.14068064e-05	4.21410580e-03
4.71679688e-02	4.16130923e-05	4.23536295e-03
4.72167969e-02	4.18204187e-05	4.25672838e-03
4.72656250e-02	4.20287911e-05	4.27820266e-03
4.73144531e-02	4.22382146e-05	4.29978634e-03
4.73632812e-02	4.24486948e-05	4.32147998e-03
4.74121094e-02	4.26602369e-05	4.34328415e-03
4.74609375e-02	4.28728463e-05	4.36519941e-03
4.75097656e-02	4.30865286e-05	4.38722632e-03
4.75585938e-02	4.33012891e-05	4.40936548e-03
4.76074219e-02	4.35171334e-05	4.43161744e-03
4.76562500e-02	4.37340670e-05	4.45398279e-03
4.77050781e-02	4.39520955e-05	4.47646211e-03
4.77539063e-02	4.41712243e-05	4.49905599e-03
4.78027344e-02	4.43914592e-05	4.52176501e-03
4.78515625e-02	4.46128058e-05	4.54458976e-03
4.79003906e-02	4.48352697e-05	4.56753084e-03
4.79492188e-02	4.50588566e-05	4.59058884e-03
4.79980469e-02	4.52835722e-05	4.61376436e-03
4.80468750e-02	4.55094224e-05	4.63705801e-03
4.80957031e-02	4.57364128e-05	4.66047039e-03
4.81445313e-02	4.59645493e-05	4.68400211e-03
4.81933594e-02	4.61938378e-05	4.70765378e-03
4.82421875e-02	4.64242841e-05	4.73142602e-03
4.82910156e-02	4.66558941e-05	4.75531945e-03
4.83398438e-02	4.68886737e-05	4.77933469e-03
4.83886719e-02	4.71226290e-05	4.80347236e-03
4.84375000e-02	4.73577658e-05	4.82773310e-03
4.84863281e-02	4.75940903e-05	4.85211752e-03
4.85351563e-02	4.78316085e-05	4.87662628e-03
4.85839844e-02	4.80703264e-05	4.90126000e-03
4.86328125e-02	4.83102502e-05	4.92601933e-03
4.86816406e-02	4.85513861e-05	4.95090491e-03
4.87304688e-02	4.87937401e-05	4.97591739e-03
4.87792969e-02	4.90373186e-05	5.00105742e-03
4.88281250e-02	4.92821278e-05	5.02632565e-03
4.88769531e-02	4.95281739e-05	5.05172276e-03
4.89257813e-02	4.97754632e-05	5.07724938e-03
4.89746094e-02	5.00240022e-05	5.10290620e-03
4.90234375e-02	5.02737971e-05	5.12869387e-03
4.90722656e-02	5.05248544e-05	5.15461307e-03
4.91210938e-02	5.07771805e-05	5.18066448e-03
4.91699219e-02	5.10307819e-05	5.20684877e-03
4.92187500e-02	5.12856651e-05	5.23316663e-03
4.92675781e-02	5.15418366e-05	5.25961874e-03
4.93164062e-02	5.17993030e-05	5.28620579e-03
4.93652344e-02	5.20580710e-05	5.31292847e-03
4.94140625e-02	5.23181470e-05	5.33978749e-03
4.94628906e-02	5.25795379e-05	5.36678353e-03
4.95117188e-02	5.28422504e-05	5.39391731e-03
4.95605469e-02	5.31062911e-05	5.42118952e-03
4.96093750e-02	5.33716668e-05	5.44860089e-03
4.96582031e-02	5.36383844e-05	5.47615212e-03
4.97070313e-02	5.39064507e-05	5.50384394e-03
4.97558594e-02	5.41758726e-05	5.53167706e-03
4.98046875e-02	5.44466570e-05	5.55965221e-03
4.98535156e-02	5.47188109e-05	5.58777012e-03
4.99023438e-02	5.49923412e-05	5.61603153e-03
4.99511719e-02	5.52672550e-05	5.64443717e-03
5.00000000e-02	5.55435593e-05	5.67298778e-03
5.00488281e-02	5.58212613e-05	5.70168410e-03
5.00976563e-02	5.61003680e-05	5.73052689e-03
5.01464844e-02	5.63808866e-05	5.75951689e-03
5.01953125e-02	5.66628244e-05	5.78865487e-03
5.02441406e-02	5.69461886e-05	5.81794158e-03
5.02929688e-02	5.72309864e-05	5.84737779e-03
5.03417969e-02	5.75172252e-05	5.87696426e-03
5.03906250e-02	5.78049124e-05	5.90670177e-03
5.04394531e-02	5.80940553e-05	5.93659109e-03
5.04882813e-02	5.83846613e-05	5.96663300e-03
5.05371094e-02	5.86767380e-05	5.99682829e-03
5.05859375e-02	5.89702929e-05	6.02717774e-03
5.06347656e-02	5.92653334e-05	6.05768214e-03
5.06835938e-02	5.95618672e-05	6.08834230e-03
5.07324219e-02	5.98599019e-05	6.11915901e-03
5.07812500e-02	6.01594451e-05	6.15013308e-03
5.08300781e-02	6.04605047e-05	6.18126531e-03
5.08789063e-02	6.07630882e-05	6.21255652e-03
5.09277344e-02	6.10672036e-05	6.24400752e-03
5.09765625e-02	6.13728585e-05	6.27561914e-03
5.10253906e-02	6.16800609e-05	6.30739220e-03
5.10742188e-02	6.19888187e-05	6.33932753e-03
5.11230469e-02	6.22991399e-05	6.37142596e-03
5.11718750e-02	6.26110323e-05	6.40368834e-03
5.12207031e-02	6.29245041e-05	6.43611550e-03
5.12695312e-02	6.32395632e-05	6.46870829e-03
5.13183594e-02	6.35562179e-05	6.50146757e-03
5.13671875e-02	6.38744763e-05	6.53439418e-03
5.14160156e-02	6.41943465e-05	6.56748900e-03
5.14648438e-02	6.45158368e-05	6.60075287e-03
5.15136719e-02	6.48389554e-05	6.63418668e-03
5.15625000e-02	6.51637107e-05	6.66779129e-03
5.16113281e-02	6.54901111e-05	6.70156759e-03
5.16601563e-02	6.58181649e-05	6.73551645e-03
5.17089844e-02	6.61478806e-05	6.76963877e-03
5.17578125e-02	6.64792667e-05	6.80393543e-03
5.18066406e-02	6.68123317e-05	6.83840733e-03
5.18554688e-02	6.71470842e-05	6.87305537e-03
5.19042969e-02	6.74835328e-05	6.90788046e-03
5.19531250e-02	6.78216862e-05	6.94288351e-03
5.20019531e-02	6.81615532e-05	6.97806543e-03
5.20507813e-02	6.85031423e-05	7.01342714e-03
5.20996094e-02	6.88464626e-05	7.04896957e-03
5.21484375e-02	6.91915227e-05	7.08469364e-03
5.21972656e-02	6.95383316e-05	7.12060029e-03
5.22460938e-02	6.98868983e-05	7.15669046e-03
5.22949219e-02	7.02372317e-05	7.19296509e-03
5.23437500e-02	7.05893408e-05	7.22942514e-03
5.23925781e-02	7.09432348e-05	7.26607154e-03
5.24414063e-02	7.12989227e-05	7.30290527e-03
5.24902344e-02	7.16564137e-05	7.33992728e-03
5.25390625e-02	7.20157171e-05	7.37713855e-03
5.25878906e-02	7.23768421e-05	7.41454005e-03
5.26367188e-02	7.27397979e-05	7.45213274e-03
5.26855469e-02	7.31045941e-05	7.48991763e-03
5.27343750e-02	7.34712399e-05	7.52789570e-03
5.27832031e-02	7.38397449e-05	7.56606793e-03
5.28320313e-02	7.42101185e-05	7.60443534e-03
5.28808594e-02	7.45823703e-05	7.64299892e-03
5.29296875e-02	7.49565099e-05	7.68175968e-03
5.29785156e-02	7.53325470e-05	7.72071863e-03
5.30273438e-02	7.57104912e-05	7.75987681e-03
5.30761719e-02	7.60903524e-05	7.79923522e-03
5.31250000e-02	7.64721402e-05	7.83879490e-03
5.31738281e-02	7.68558646e-05	7.87855690e-03
5.32226562e-02	7.72415355e-05	7.91852223e-03
5.32714844e-02	7.76291628e-05	7.95869196e-03
5.33203125e-02	7.80187565e-05	7.99906714e-03
5.33691406e-02	7.84103267e-05	8.03964882e-03
5.34179688e-02	7.88038835e-05	8.08043806e-03
5.34667969e-02	7.91994371e-05	8.12143593e-03
5.35156250e-02	7.95969976e-05	8.16264351e-03
5.35644531e-02	7.99965754e-05	8.20406187e-03
5.36132813e-02	8.03981807e-05	8.24569210e-03
5.36621094e-02	8.08018240e-05	8.28753529e-03
5.37109375e-02	8.12075156e-05	8.32959254e-03
5.37597656e-02	8.16152660e-05	8.37186494e-03
5.38085938e-02	8.20250858e-05	8.41435360e-03
5.38574219e-02	8.24369855e-05	8.45705965e-03
5.39062500e-02	8.28509759e-05	8.49998418e-03
5.39550781e-02	8.32670675e-05	8.54312834e-03
5.40039063e-02	8.36852711e-05	8.58649325e-03
5.40527344e-02	8.41055976e-05	8.63008004e-03
5.41015625e-02	8.45280578e-05	8.67388986e-03
5.41503906e-02	8.49526627e-05	8.71792386e-03
5.41992188e-02	8.53794231e-05	8.76218318e-03
5.42480469e-02	8.58083501e-05	8.80666900e-03
5.42968750e-02	8.62394549e-05	8.85138247e-03
5.43457031e-02	8.66727485e-05	8.89632477e-03
5.43945313e-02	8.71082422e-05	8.94149707e-03
5.44433594e-02	8.75459473e-05	8.98690056e-03
5.44921875e-02	8.79858749e-05	9.03253644e-03
5.45410156e-02	8.84280366e-05	9.07840588e-03
5.45898438e-02	8.88724437e-05	9.12451011e-03
5.46386719e-02	8.93191078e-05	9.17085032e-03
5.46875000e-02	8.97680404e-05	9.21742773e-03
5.47363281e-02	9.02192530e-05	9.26424357e-03
5.47851563e-02	9.06727575e-05	9.31129905e-03
5.48339844e-02	9.11285655e-05	9.35859542e-03
5.48828125e-02	9.15866887e-05	9.40613391e-03
5.49316406e-02	9.20471392e-05	9.45391578e-03
5.49804688e-02	9.25099287e-05	9.50194226e-03
5.50292969e-02	9.29750692e-05	9.55021464e-03
5.50781250e-02	9.34425729e-05	9.59873416e-03
5.51269531e-02	9.39124517e-05	9.64750210e-03
5.51757812e-02	9.43847178e-05	9.69651975e-03
5.52246094e-02	9.48593836e-05	9.74578838e-03
5.52734375e-02	9.53364611e-05	9.79530929e-03
5.53222656e-02	9.58159629e-05	9.84508378e-03
5.53710938e-02	9.62979013e-05	9.89511316e-03
5.54199219e-02	9.67822888e-05	9.94539873e-03
5.54687500e-02	9.72691380e-05	9.99594182e-03
5.55175781e-02	9.77584613e-05	1.00467438e-02
5.55664063e-02	9.82502716e-05	1.00978059e-02
5.56152344e-02	9.87445816e-05	1.01491295e-02
5.56640625e-02	9.92414040e-05	1.02007160e-02
5.57128906e-02	9.97407517e-05	1.02525667e-02
5.57617188e-02	1.00242638e-04	1.03046830e-02
5.58105469e-02	1.00747075e-04	1.03570662e-02
5.58593750e-02	1.01254076e-04	1.04097178e-02
5.59082031e-02	1.01763656e-04	1.04626390e-02
5.59570313e-02	1.02275825e-04	1.05158314e-02
5.60058594e-02	1.02790599e-04	1.05692962e-02
5.60546875e-02	1.03307990e-04	1.06230350e-02
5.61035156e-02	1.03828011e-04	1.06770490e-02
5.61523438e-02	1.04350677e-04	1.07313398e-02
5.62011719e-02	1.04876000e-04	1.07859087e-02
5.62500000e-02	1.05403995e-04	1.08407572e-02
5.62988281e-02	1.05934675e-04	1.08958867e-02
5.63476563e-02	1.06468054e-04	1.09512987e-02
5.63964844e-02	1.07004145e-04	1.10069946e-02
5.64453125e-02	1.07542962e-04	1.10629759e-02
5.64941406e-02	1.08084520e-04	1.11192441e-02
5.65429688e-02	1.08628833e-04	1.11758006e-02
5.65917969e-02	1.09175914e-04	1.12326469e-02
5.66406250e-02	1.09725778e-04	1.12897845e-02
5.66894531e-02	1.10278440e-04	1.13472150e-02
5.67382813e-02	1.10833912e-04	1.14049398e-02
5.67871094e-02	1.11392210e-04	1.14629604e-02
5.68359375e-02	1.11953349e-04	1.15212784e-02
5.68847656e-02	1.12517343e-04	1.15798953e-02
5.69335938e-02	1.13084206e-04	1.16388127e-02
5.69824219e-02	1.13653953e-04	1.16980320e-02
5.70312500e-02	1.14226599e-04	1.17575549e-02
5.70800781e-02	1.14802159e-04	1.18173828e-02
5.71289062e-02	1.15380648e-04	1.18775175e-02
5.71777344e-02	1.15962080e-04	1.19379605e-02
5.72265625e-02	1.16546472e-04	1.19987132e-02
5.72753906e-02	1.17133837e-04	1.20597775e-02
5.73242188e-02	1.17724192e-04	1.21211548e-02
5.73730469e-02	1.18317551e-04	1.21828467e-02
5.74218750e-02	1.18913931e-04	1.22448550e-02
5.74707031e-02	1.19513346e-04	1.23071812e-02
5.75195313e-02	1.20115812e-04	1.23698269e-02
5.75683594e-02	1.20721344e-04	1.24327939e-02
5.76171875e-02	1.21329960e-04	1.24960837e-02
5.76660156e-02	1.21941673e-04	1.25596980e-02
5.77148438e-02	1.22556501e-04	1.26236386e-02
5.77636719e-02	1.23174458e-04	1.26879070e-02
5.78125000e-02	1.23795562e-04	1.27525050e-02
5.78613281e-02	1.24419828e-04	1.28174343e-02
5.79101563e-02	1.25047273e-04	1.28826966e-02
5.79589844e-02	1.25677912e-04	1.29482935e-02
5.80078125e-02	1.26311763e-04	1.30142269e-02
5.80566406e-02	1.26948841e-04	1.30804985e-02
5.81054688e-02	1.27589164e-04	1.31471099e-02
5.81542969e-02	1.28232747e-04	1.32140630e-02
5.82031250e-02	1.28879608e-04	1.32813596e-02
5.82519531e-02	1.29529763e-04	1.33490013e-02
5.83007813e-02	1.30183230e-04	1.34169900e-02
5.83496094e-02	1.30840025e-04	1.34853274e-02
5.83984375e-02	1.31500165e-04	1.35540154e-02
5.84472656e-02	1.32163667e-04	1.36230558e-02
5.84960938e-02	1.32830550e-04	1.36924504e-02
5.85449219e-02	1.33500829e-04	1.37622009e-02
5.85937500e-02	1.34174524e-04	1.38323094e-02
5.86425781e-02	1.34851650e-04	1.39027775e-02
5.86914063e-02	1.35532226e-04	1.39736071e-02
5.87402344e-02	1.36216269e-04	1.40448002e-02
5.87890625e-02	1.36903797e-04	1.41163586e-02
5.88378906e-02	1.37594828e-04	1.41882841e-02
5.88867188e-02	1.38289381e-04	1.42605787e-02
5.89355469e-02	1.38987472e-04	1.43332442e-02
5.89843750e-02	1.39689121e-04	1.44062827e-02
5.90332031e-02	1.40394345e-04	1.44796959e-02
5.90820312e-02	1.41103163e-04	1.45534859e-02
5.91308594e-02	1.41815593e-04	1.46276546e-02
5.91796875e-02	1.42531654e-04	1.47022039e-02
5.92285156e-02	1.43251364e-04	1.47771358e-02
5.92773438e-02	1.43974743e-04	1.48524523e-02
5.93261719e-02	1.44701808e-04	1.49281554e-02
5.93750000e-02	1.45432580e-04	1.50042470e-02
5.94238281e-02	1.46167076e-04	1.50807292e-02
5.94726563e-02	1.46905317e-04	1.51576039e-02
5.95214844e-02	1.47647321e-04	1.52348733e-02
5.95703125e-02	1.48393107e-04	1.53125392e-02
5.96191406e-02	1.49142696e-04	1.53906039e-02
5.96679688e-02	1.49896106e-04	1.54690693e-02
5.97167969e-02	1.50653357e-04	1.55479375e-02
5.97656250e-02	1.51414469e-04	1.56272106e-02
5.98144531e-02	1.52179462e-04	1.57068907e-02
5.98632813e-02	1.52948355e-04	1.57869799e-02
5.99121094e-02	1.53721169e-04	1.58674802e-02
5.99609375e-02	1.54497924e-04	1.59483939e-02
6.00097656e-02	1.55278639e-04	1.60297230e-02
6.00585938e-02	1.56063336e-04	1.61114697e-02
6.01074219e-02	1.56852035e-04	1.61936361e-02
6.01562500e-02	1.57644757e-04	1.62762244e-02
6.02050781e-02	1.58441521e-04	1.63592369e-02
6.02539063e-02	1.59242349e-04	1.64426756e-02
6.03027344e-02	1.60047261e-04	1.65265428e-02
6.03515625e-02	1.60856279e-04	1.66108407e-02
6.04003906e-02	1.61669424e-04	1.66955714e-02
6.04492188e-02	1.62486717e-04	1.67807374e-02
6.04980469e-02	1.63308179e-04	1.68663407e-02
6.05468750e-02	1.64133831e-04	1.69523837e-02
6.05957031e-02	1.64963696e-04	1.70388686e-02
6.06445313e-02	1.65797794e-04	1.71257977e-02
6.06933594e-02	1.66636148e-04	1.72131733e-02
6.07421875e-02	1.67478779e-04	1.73009977e-02
6.07910156e-02	1.68325709e-04	1.73892732e-02
6.08398438e-02	1.69176961e-04	1.74780022e-02
6.08886719e-02	1.70032557e-04	1.75671870e-02
6.09375000e-02	1.70892518e-04	1.76568299e-02
6.09863281e-02	1.71756868e-04	1.77469333e-02
6.10351562e-02	1.72625628e-04	1.78374996e-02
6.10839844e-02	1.73498822e-04	1.79285311e-02
6.11328125e-02	1.74376473e-04	1.80200304e-02
6.11816406e-02	1.75258602e-04	1.81119997e-02
6.12304688e-02	1.76145234e-04	1.82044416e-02
6.12792969e-02	1.77036392e-04	1.82973584e-02
6.13281250e-02	1.77932097e-04	1.83907527e-02
6.13769531e-02	1.78832375e-04	1.84846268e-02
6.14257813e-02	1.79737249e-04	1.85789833e-02
6.14746094e-02	1.80646741e-04	1.86738246e-02
6.15234375e-02	1.81560876e-04	1.87691533e-02
6.15722656e-02	1.82479678e-04	1.88649718e-02
6.16210938e-02	1.83403171e-04	1.89612828e-02
6.16699219e-02	1.84331378e-04	1.90580887e-02
6.17187500e-02	1.85264324e-04	1.91553921e-02
6.17675781e-02	1.86202034e-04	1.92531956e-02
6.18164063e-02	1.87144531e-04	1.93515017e-02
6.18652344e-02	1.88091841e-04	1.94503130e-02
6.19140625e-02	1.89043988e-04	1.95496323e-02
6.19628906e-02	1.90000997e-04	1.96494620e-02
6.20117188e-02	1.90962894e-04	1.97498048e-02
6.20605469e-02	1.91929702e-04	1.98506634e-02
6.21093750e-02	1.92901448e-04	1.99520405e-02
6.21582031e-02	1.93878156e-04	2.00539386e-02
6.22070313e-02	1.94859853e-04	2.01563606e-02
6.22558594e-02	1.95846564e-04	2.02593090e-02
6.23046875e-02	1.96838314e-04	2.03627867e-02
6.23535156e-02	1.97835130e-04	2.04667964e-02
6.24023438e-02	1.98837038e-04	2.05713408e-02
6.24511719e-02	1.99844063e-04	2.06764226e-02
6.25000000e-02	2.00856233e-04	2.07820447e-02
6.25488281e-02	2.01873573e-04	2.08882099e-02
6.25976563e-02	2.02896110e-04	2.09949209e-02
6.26464844e-02	2.03923872e-04	2.11021806e-02
6.26953125e-02	2.04956884e-04	2.12099917e-02
6.27441406e-02	2.05995173e-04	2.13183573e-02
6.27929687e-02	2.07038768e-04	2.14272800e-02
6.28417969e-02	2.08087695e-04	2.15367629e-02
6.28906250e-02	2.09141981e-04	2.16468088e-02
6.29394531e-02	2.10201655e-04	2.17574205e-02
6.29882812e-02	2.11266743e-04	2.18686011e-02
6.30371094e-02	2.12337274e-04	2.19803535e-02
6.30859375e-02	2.13413276e-04	2.20926806e-02
6.31347656e-02	2.14494777e-04	2.22055853e-02
6.31835938e-02	2.15581805e-04	2.23190708e-02
6.32324219e-02	2.16674388e-04	2.24331400e-02
6.32812500e-02	2.17772555e-04	2.25477958e-02
6.33300781e-02	2.18876335e-04	2.26630414e-02
6.33789063e-02	2.19985757e-04	2.27788797e-02
6.34277344e-02	2.21100850e-04	2.28953139e-02
6.34765625e-02	2.22221642e-04	2.30123470e-02
6.35253906e-02	2.23348164e-04	2.31299822e-02
6.35742188e-02	2.24480444e-04	2.32482224e-02
6.36230469e-02	2.25618513e-04	2.33670709e-02
6.36718750e-02	2.26762400e-04	2.34865309e-02
6.37207031e-02	2.27912135e-04	2.36066054e-02
6.37695312e-02	2.29067748e-04	2.37272976e-02
6.38183594e-02	2.30229269e-04	2.38486108e-02
6.38671875e-02	2.31396729e-04	2.39705481e-02
6.39160156e-02	2.32570158e-04	2.40931128e-02
6.39648438e-02	2.33749587e-04	2.42163080e-02
6.40136719e-02	2.34935047e-04	2.43401372e-02
6.40625000e-02	2.36126569e-04	2.44646035e-02
6.41113281e-02	2.37324184e-04	2.45897103e-02
6.41601563e-02	2.38527924e-04	2.47154608e-02
6.42089844e-02	2.39737819e-04	2.48418585e-02
6.42578125e-02	2.40953902e-04	2.49689065e-02
6.43066406e-02	2.42176205e-04	2.50966083e-02
6.43554688e-02	2.43404759e-04	2.52249674e-02
6.44042969e-02	2.44639597e-04	2.53539870e-02
6.44531250e-02	2.45880751e-04	2.54836705e-02
6.45019531e-02	2.47128253e-04	2.56140216e-02
6.45507813e-02	2.48382136e-04	2.57450434e-02
6.45996094e-02	2.49642434e-04	2.58767397e-02
6.46484375e-02	2.50909178e-04	2.60091137e-02
6.46972656e-02	2.52182403e-04	2.61421691e-02
6.47460937e-02	2.53462141e-04	2.62759094e-02
6.47949219e-02	2.54748426e-04	2.64103381e-02
6.48437500e-02	2.56041293e-04	2.65454587e-02
6.48925781e-02	2.57340773e-04	2.66812749e-02
6.49414062e-02	2.58646903e-04	2.68177902e-02
6.49902344e-02	2.59959715e-04	2.69550082e-02
6.50390625e-02	2.61279245e-04	2.70929327e-02
6.50878906e-02	2.62605527e-04	2.72315672e-02
6.51367188e-02	2.63938595e-04	2.73709154e-02
6.51855469e-02	2.65278485e-04	2.75109811e-02
6.52343750e-02	2.66625232e-04	2.76517678e-02
6.52832031e-02	2.67978871e-04	2.77932794e-02
6.53320313e-02	2.69339437e-04	2.79355196e-02
6.53808594e-02	2.70706967e-04	2.80784922e-02
6.54296875e-02	2.72081496e-04	2.82222009e-02
6.54785156e-02	2.73463059e-04	2.83666496e-02
6.55273438e-02	2.74851694e-04	2.85118421e-02
6.55761719e-02	2.76247437e-04	2.86577823e-02
6.56250000e-02	2.77650324e-04	2.88044739e-02
6.56738281e-02	2.79060393e-04	2.89519210e-02
6.57226562e-02	2.80477679e-04	2.91001273e-02
6.57714844e-02	2.81902221e-04	2.92490969e-02
6.58203125e-02	2.83334055e-04	2.93988337e-02
6.58691406e-02	2.84773219e-04	2.95493416e-02
6.59179688e-02	2.86219752e-04	2.97006247e-02
6.59667969e-02	2.87673690e-04	2.98526869e-02
6.60156250e-02	2.89135072e-04	3.00055323e-02
6.60644531e-02	2.90603937e-04	3.01591650e-02
6.61132813e-02	2.92080322e-04	3.03135889e-02
6.61621094e-02	2.93564268e-04	3.04688083e-02
6.62109375e-02	2.95055812e-04	3.06248272e-02
6.62597656e-02	2.96554993e-04	3.07816497e-02
6.63085938e-02	2.98061852e-04	3.09392801e-02
6.63574219e-02	2.99576427e-04	3.10977225e-02
6.64062500e-02	3.01098759e-04	3.12569811e-02
6.64550781e-02	3.02628887e-04	3.14170601e-02
6.65039063e-02	3.04166851e-04	3.15779638e-02
6.65527344e-02	3.05712692e-04	3.17396964e-02
6.66015625e-02	3.07266451e-04	3.19022622e-02
6.66503906e-02	3.08828168e-04	3.20656656e-02
6.66992187e-02	3.10397884e-04	3.22299109e-02
6.67480469e-02	3.11975641e-04	3.23950024e-02
6.67968750e-02	3.13561480e-04	3.25609445e-02
6.68457031e-02	3.15155442e-04	3.27277417e-02
6.68945312e-02	3.16757569e-04	3.28953983e-02
6.69433594e-02	3.18367904e-04	3.30639188e-02
6.69921875e-02	3.19986489e-04	3.32333076e-02
6.70410156e-02	3.21613365e-04	3.34035693e-02
6.70898438e-02	3.23248577e-04	3.35747084e-02
6.71386719e-02	3.24892167e-04	3.37467294e-02
6.71875000e-02	3.26544178e-04	3.39196369e-02
6.72363281e-02	3.28204653e-04	3.40934355e-02
6.72851563e-02	3.29873637e-04	3.42681298e-02
6.73339844e-02	3.31551172e-04	3.44437244e-02
6.73828125e-02	3.33237304e-04	3.46202240e-02
6.74316406e-02	3.34932076e-04	3.47976332e-02
6.74804688e-02	3.36635533e-04	3.49759568e-02
6.75292969e-02	3.38347719e-04	3.51551996e-02
6.75781250e-02	3.40068680e-04	3.53353662e-02
6.76269531e-02	3.41798461e-04	3.55164615e-02
6.76757812e-02	3.43537107e-04	3.56984903e-02
6.77246094e-02	3.45284665e-04	3.58814573e-02
6.77734375e-02	3.47041179e-04	3.60653675e-02
6.78222656e-02	3.48806696e-04	3.62502258e-02
6.78710938e-02	3.50581263e-04	3.64360370e-02
6.79199219e-02	3.52364927e-04	3.66228061e-02
6.79687500e-02	3.54157733e-04	3.68105380e-02
6.80175781e-02	3.55959729e-04	3.69992378e-02
6.80664063e-02	3.57770963e-04	3.71889104e-02
6.81152344e-02	3.59591483e-04	3.73795609e-02
6.81640625e-02	3.61421335e-04	3.75711944e-02
6.82128906e-02	3.63260569e-04	3.77638159e-02
6.82617188e-02	3.65109232e-04	3.79574305e-02
6.83105469e-02	3.66967373e-04	3.81520435e-02
6.83593750e-02	3.68835042e-04	3.83476599e-02
6.84082031e-02	3.70712287e-04	3.85442850e-02
6.84570313e-02	3.72599157e-04	3.87419240e-02
6.85058594e-02	3.74495703e-04	3.89405821e-02
6.85546875e-02	3.76401973e-04	3.91402646e-02
6.86035156e-02	3.78318019e-04	3.93409769e-02
6.86523437e-02	3.80243891e-04	3.95427242e-02
6.87011719e-02	3.82179639e-04	3.97455120e-02
6.87500000e-02	3.84125314e-04	3.99493455e-02
6.87988281e-02	3.86080968e-04	4.01542303e-02
6.88476562e-02	3.88046651e-04	4.03601718e-02
6.88964844e-02	3.90022417e-04	4.05671754e-02
6.89453125e-02	3.92008316e-04	4.07752467e-02
6.89941406e-02	3.94004401e-04	4.09843911e-02
6.90429688e-02	3.96010724e-04	4.11946143e-02
6.90917969e-02	3.98027339e-04	4.14059218e-02
6.91406250e-02	4.00054298e-04	4.16183193e-02
6.91894531e-02	4.02091654e-04	4.18318123e-02
6.92382813e-02	4.04139462e-04	4.20464067e-02
6.92871094e-02	4.06197776e-04	4.22621080e-02
6.93359375e-02	4.08266649e-04	4.24789220e-02
6.93847656e-02	4.10346135e-04	4.26968545e-02
6.94335938e-02	4.12436291e-04	4.29159112e-02
6.94824219e-02	4.14537170e-04	4.31360981e-02
6.95312500e-02	4.16648828e-04	4.33574209e-02
6.95800781e-02	4.18771321e-04	4.35798856e-02
6.96289062e-02	4.20904704e-04	4.38034980e-02
6.96777344e-02	4.23049034e-04	4.40282641e-02
6.97265625e-02	4.25204368e-04	4.42541899e-02
6.97753906e-02	4.27370761e-04	4.44812814e-02
6.98242188e-02	4.29548271e-04	4.47095446e-02
6.98730469e-02	4.31736956e-04	4.49389856e-02
6.99218750e-02	4.33936873e-04	4.51696106e-02
6.99707031e-02	4.36148080e-04	4.54014255e-02
7.00195313e-02	4.38370635e-04	4.56344367e-02
7.00683594e-02	4.40604597e-04	4.58686503e-02
7.01171875e-02	4.42850025e-04	4.61040726e-02
7.01660156e-02	4.45106978e-04	4.63407097e-02
7.02148438e-02	4.47375515e-04	4.65785680e-02
7.02636719e-02	4.49655696e-04	4.68176539e-02
7.03125000e-02	4.51947582e-04	4.70579737e-02
7.03613281e-02	4.54251232e-04	4.72995337e-02
7.04101563e-02	4.56566707e-04	4.75423405e-02
7.04589844e-02	4.58894069e-04	4.77864005e-02
7.05078125e-02	4.61233379e-04	4.80317201e-02
7.05566406e-02	4.63584698e-04	4.82783059e-02
7.06054687e-02	4.65948088e-04	4.85261646e-02
7.06542969e-02	4.68323612e-04	4.87753025e-02
7.07031250e-02	4.70711333e-04	4.90257265e-02
7.07519531e-02	4.73111312e-04	4.92774431e-02
7.08007812e-02	4.75523615e-04	4.95304591e-02
7.08496094e-02	4.77948303e-04	4.97847812e-02
7.08984375e-02	4.80385442e-04	5.00404162e-02
7.09472656e-02	4.82835095e-04	5.02973709e-02
7.09960938e-02	4.85297327e-04	5.05556521e-02
7.10449219e-02	4.87772203e-04	5.08152666e-02
7.10937500e-02	4.90259788e-04	5.10762215e-02
7.11425781e-02	4.92760148e-04	5.13385237e-02
7.11914063e-02	4.95273349e-04	5.16021801e-02
7.12402344e-02	4.97799456e-04	5.18671977e-02
7.12890625e-02	5.00338538e-04	5.21335837e-02
7.13378906e-02	5.02890660e-04	5.24013451e-02
7.13867188e-02	5.05455891e-04	5.26704891e-02
7.14355469e-02	5.08034297e-04	5.29410228e-02
7.14843750e-02	5.10625946e-04	5.32129534e-02
7.15332031e-02	5.13230908e-04	5.34862882e-02
7.15820312e-02	5.15849251e-04	5.37610344e-02
7.16308594e-02	5.18481044e-04	5.40371994e-02
7.16796875e-02	5.21126356e-04	5.43147905e-02
7.17285156e-02	5.23785258e-04	5.45938152e-02
7.17773438e-02	5.26457819e-04	5.48742808e-02
7.18261719e-02	5.29144110e-04	5.51561949e-02
7.18750000e-02	5.31844201e-04	5.54395648e-02
7.19238281e-02	5.34558165e-04	5.57243983e-02
7.19726563e-02	5.37286073e-04	5.60107029e-02
7.20214844e-02	5.40027997e-04	5.62984861e-02
7.20703125e-02	5.42784008e-04	5.65877558e-02
7.21191406e-02	5.45554181e-04	5.68785195e-02
7.21679688e-02	5.48338588e-04	5.71707851e-02
7.22167969e-02	5.51137303e-04	5.74645603e-02
7.22656250e-02	5.53950399e-04	5.77598530e-02
7.23144531e-02	5.56777950e-04	5.80566710e-02
7.23632813e-02	5.59620033e-04	5.83550223e-02
7.24121094e-02	5.62476721e-04	5.86549147e-02
7.24609375e-02	5.65348090e-04	5.89563563e-02
7.25097656e-02	5.68234215e-04	5.92593552e-02
7.25585937e-02	5.71135174e-04	5.95639193e-02
7.26074219e-02	5.74051043e-04	5.98700569e-02
7.26562500e-02	5.76981898e-04	6.01777761e-02
7.27050781e-02	5.79927818e-04	6.04870851e-02
7.27539062e-02	5.82888879e-04	6.07979921e-02
7.28027344e-02	5.85865161e-04	6.11105054e-02
7.28515625e-02	5.88856741e-04	6.14246334e-02
7.29003906e-02	5.91863700e-04	6.17403844e-02
7.29492188e-02	5.94886115e-04	6.20577669e-02
7.29980469e-02	5.97924068e-04	6.23767893e-02
7.30468750e-02	6.00977639e-04	6.26974601e-02
7.30957031e-02	6.04046908e-04	6.30197879e-02
7.31445313e-02	6.07131956e-04	6.33437813e-02
7.31933594e-02	6.10232865e-04	6.36694489e-02
7.32421875e-02	6.13349717e-04	6.39967995e-02
7.32910156e-02	6.16482594e-04	6.43258416e-02
7.33398438e-02	6.19631579e-04	6.46565842e-02
7.33886719e-02	6.22796755e-04	6.49890360e-02
7.34375000e-02	6.25978206e-04	6.53232060e-02
7.34863281e-02	6.29176016e-04	6.56591030e-02
7.35351562e-02	6.32390270e-04	6.59967359e-02
7.35839844e-02	6.35621053e-04	6.63361139e-02
7.36328125e-02	6.38868449e-04	6.66772459e-02
7.36816406e-02	6.42132546e-04	6.70201410e-02
7.37304688e-02	6.45413428e-04	6.73648085e-02
7.37792969e-02	6.48711184e-04	6.77112575e-02
7.38281250e-02	6.52025899e-04	6.80594972e-02
7.38769531e-02	6.55357663e-04	6.84095369e-02
7.39257813e-02	6.58706562e-04	6.87613861e-02
7.39746094e-02	6.62072686e-04	6.91150540e-02
7.40234375e-02	6.65456124e-04	6.94705501e-02
7.40722656e-02	6.68856965e-04	6.98278840e-02
7.41210938e-02	6.72275298e-04	7.01870650e-02
7.41699219e-02	6.75711215e-04	7.05481029e-02
7.42187500e-02	6.79164807e-04	7.09110073e-02
7.42675781e-02	6.82636164e-04	7.12757878e-02
7.43164063e-02	6.86125379e-04	7.16424542e-02
7.43652344e-02	6.89632544e-04	7.20110163e-02
7.44140625e-02	6.93157752e-04	7.23814839e-02
7.44628906e-02	6.96701095e-04	7.27538669e-02
7.45117187e-02	7.00262668e-04	7.31281753e-02
7.45605469e-02	7.03842566e-04	7.35044190e-02
7.46093750e-02	7.07440882e-04	7.38826081e-02
7.46582031e-02	7.11057712e-04	7.42627528e-02
7.47070312e-02	7.14693152e-04	7.46448630e-02
7.47558594e-02	7.18347298e-04	7.50289491e-02
7.48046875e-02	7.22020246e-04	7.54150214e-02
7.48535156e-02	7.25712094e-04	7.58030900e-02
7.49023438e-02	7.29422941e-04	7.61931654e-02
7.49511719e-02	7.33152883e-04	7.65852581e-02
7.50000000e-02	7.36902019e-04	7.69793784e-02
7.50488281e-02	7.40670450e-04	7.73755369e-02
7.50976563e-02	7.44458274e-04	7.77737442e-02
7.51464844e-02	7.48265592e-04	7.81740109e-02
7.51953125e-02	7.52092505e-04	7.85763477e-02
7.52441406e-02	7.55939114e-04	7.89807654e-02
7.52929688e-02	7.59805522e-04	7.93872748e-02
7.53417969e-02	7.63691829e-04	7.97958867e-02
7.53906250e-02	7.67598140e-04	8.02066120e-02
7.54394531e-02	7.71524558e-04	8.06194618e-02
7.54882813e-02	7.75471187e-04	8.10344470e-02
7.55371094e-02	7.79438131e-04	8.14515788e-02
7.55859375e-02	7.83425495e-04	8.18708682e-02
7.56347656e-02	7.87433386e-04	8.22923265e-02
7.56835938e-02	7.91461908e-04	8.27159650e-02
7.57324219e-02	7.95511170e-04	8.31417950e-02
7.57812500e-02	7.99581278e-04	8.35698279e-02
7.58300781e-02	8.03672340e-04	8.40000750e-02
7.58789063e-02	8.07784465e-04	8.44325479e-02
7.59277344e-02	8.11917761e-04	8.48672582e-02
7.59765625e-02	8.16072338e-04	8.53042175e-02
7.60253906e-02	8.20248306e-04	8.57434374e-02
7.60742188e-02	8.24445776e-04	8.61849298e-02
7.61230469e-02	8.28664859e-04	8.66287063e-02
7.61718750e-02	8.32905667e-04	8.70747789e-02
7.62207031e-02	8.37168312e-04	8.75231595e-02
7.62695313e-02	8.41452907e-04	8.79738601e-02
7.63183594e-02	8.45759566e-04	8.84268927e-02
7.63671875e-02	8.50088403e-04	8.88822695e-02
7.64160156e-02	8.54439532e-04	8.93400026e-02
7.64648438e-02	8.58813070e-04	8.98001042e-02
7.65136719e-02	8.63209132e-04	9.02625867e-02
7.65625000e-02	8.67627834e-04	9.07274624e-02
7.66113281e-02	8.72069294e-04	9.11947438e-02
7.66601562e-02	8.76533630e-04	9.16644434e-02
7.67089844e-02	8.81020960e-04	9.21365737e-02
7.67578125e-02	8.85531402e-04	9.26111473e-02
7.68066406e-02	8.90065077e-04	9.30881770e-02
7.68554688e-02	8.94622105e-04	9.35676755e-02
7.69042969e-02	8.99202606e-04	9.40496556e-02
7.69531250e-02	9.03806702e-04	9.45341302e-02
7.70019531e-02	9.08434516e-04	9.50211123e-02
7.70507813e-02	9.13086169e-04	9.55106150e-02
7.70996094e-02	9.17761786e-04	9.60026512e-02
7.71484375e-02	9.22461490e-04	9.64972342e-02
7.71972656e-02	9.27185407e-04	9.69943772e-02
7.72460938e-02	9.31933660e-04	9.74940935e-02
7.72949219e-02	9.36706377e-04	9.79963965e-02
7.73437500e-02	9.41503684e-04	9.85012996e-02
7.73925781e-02	9.46325709e-04	9.90088163e-02
7.74414063e-02	9.51172578e-04	9.95189602e-02
7.74902344e-02	9.56044422e-04	1.00031745e-01
7.75390625e-02	9.60941368e-04	1.00547184e-01
7.75878906e-02	9.65863548e-04	1.01065292e-01
7.76367188e-02	9.70811091e-04	1.01586082e-01
7.76855469e-02	9.75784129e-04	1.02109568e-01
7.77343750e-02	9.80782795e-04	1.02635765e-01
7.77832031e-02	9.85807220e-04	1.03164685e-01
7.78320313e-02	9.90857538e-04	1.03696344e-01
7.78808594e-02	9.95933883e-04	1.04230756e-01
7.79296875e-02	1.00103639e-03	1.04767935e-01
7.79785156e-02	1.00616519e-03	1.05307895e-01
7.80273438e-02	1.01132043e-03	1.05850650e-01
7.80761719e-02	1.01650224e-03	1.06396217e-01
7.81250000e-02	1.02171076e-03	1.06944608e-01
7.81738281e-02	1.02694612e-03	1.07495838e-01
7.82226563e-02	1.03220847e-03	1.08049924e-01
7.82714844e-02	1.03749794e-03	1.08606878e-01
7.83203125e-02	1.04281468e-03	1.09166716e-01
7.83691406e-02	1.04815882e-03	1.09729454e-01
7.84179688e-02	1.05353052e-03	1.10295106e-01
7.84667969e-02	1.05892990e-03	1.10863687e-01
7.85156250e-02	1.06435712e-03	1.11435212e-01
7.85644531e-02	1.06981232e-03	1.12009698e-01
7.86132812e-02	1.07529564e-03	1.12587159e-01
7.86621094e-02	1.08080723e-03	1.13167610e-01
7.87109375e-02	1.08634724e-03	1.13751068e-01
7.87597656e-02	1.09191581e-03	1.14337548e-01
7.88085938e-02	1.09751309e-03	1.14927065e-01
7.88574219e-02	1.10313923e-03	1.15519636e-01
7.89062500e-02	1.10879438e-03	1.16115276e-01
7.89550781e-02	1.11447869e-03	1.16714001e-01
7.90039063e-02	1.12019230e-03	1.17315828e-01
7.90527344e-02	1.12593539e-03	1.17920772e-01
7.91015625e-02	1.13170808e-03	1.18528849e-01
7.91503906e-02	1.13751055e-03	1.19140076e-01
7.91992188e-02	1.14334293e-03	1.19754470e-01
7.92480469e-02	1.14920540e-03	1.20372046e-01
7.92968750e-02	1.15509809e-03	1.20992822e-01
7.93457031e-02	1.16102118e-03	1.21616814e-01
7.93945313e-02	1.16697481e-03	1.22244038e-01
7.94433594e-02	1.17295915e-03	1.22874512e-01
7.94921875e-02	1.17897436e-03	1.23508252e-01
7.95410156e-02	1.18502059e-03	1.24145275e-01
7.95898438e-02	1.19109800e-03	1.24785599e-01
7.96386719e-02	1.19720676e-03	1.25429240e-01
7.96875000e-02	1.20334703e-03	1.26076216e-01
7.97363281e-02	1.20951897e-03	1.26726544e-01
7.97851563e-02	1.21572275e-03	1.27380242e-01
7.98339844e-02	1.22195853e-03	1.28037327e-01
7.98828125e-02	1.22822648e-03	1.28697817e-01
7.99316406e-02	1.23452676e-03	1.29361729e-01
7.99804688e-02	1.24085955e-03	1.30029081e-01
8.00292969e-02	1.24722500e-03	1.30699892e-01
8.00781250e-02	1.25362329e-03	1.31374178e-01
8.01269531e-02	1.26005459e-03	1.32051959e-01
8.01757813e-02	1.26651908e-03	1.32733252e-01
8.02246094e-02	1.27301691e-03	1.33418076e-01
8.02734375e-02	1.27954827e-03	1.34106449e-01
8.03222656e-02	1.28611333e-03	1.34798389e-01
8.03710938e-02	1.29271226e-03	1.35493915e-01
8.04199219e-02	1.29934525e-03	1.36193046e-01
8.04687500e-02	1.30601246e-03	1.36895800e-01
8.05175781e-02	1.31271407e-03	1.37602196e-01
8.05664062e-02	1.31945026e-03	1.38312254e-01
8.06152344e-02	1.32622121e-03	1.39025992e-01
8.06640625e-02	1.33302711e-03	1.39743429e-01
8.07128906e-02	1.33986812e-03	1.40464585e-01
8.07617188e-02	1.34674444e-03	1.41189479e-01
8.08105469e-02	1.35365625e-03	1.41918130e-01
8.08593750e-02	1.36060373e-03	1.42650558e-01
8.09082031e-02	1.36758706e-03	1.43386783e-01
8.09570313e-02	1.37460644e-03	1.44126824e-01
8.10058594e-02	1.38166204e-03	1.44870702e-01
8.10546875e-02	1.38875406e-03	1.45618435e-01
8.11035156e-02	1.39588268e-03	1.46370045e-01
8.11523438e-02	1.40304810e-03	1.47125551e-01
8.12011719e-02	1.41025051e-03	1.47884974e-01
8.12500000e-02	1.41749009e-03	1.48648334e-01
8.12988281e-02	1.42476705e-03	1.49415651e-01
8.13476563e-02	1.43208156e-03	1.50186947e-01
8.13964844e-02	1.43943384e-03	1.50962241e-01
8.14453125e-02	1.44682407e-03	1.51741555e-01
8.14941406e-02	1.45425245e-03	1.52524910e-01
8.15429688e-02	1.46171918e-03	1.53312326e-01
8.15917969e-02	1.46922445e-03	1.54103825e-01
8.16406250e-02	1.47676848e-03	1.54899427e-01
8.16894531e-02	1.48435145e-03	1.55699155e-01
8.17382813e-02	1.49197357e-03	1.56503030e-01
8.17871094e-02	1.49963505e-03	1.57311073e-01
8.18359375e-02	1.50733609e-03	1.58123306e-01
8.18847656e-02	1.51507688e-03	1.58939751e-01
8.19335938e-02	1.52285765e-03	1.59760430e-01
8.19824219e-02	1.53067859e-03	1.60585364e-01
8.20312500e-02	1.53853992e-03	1.61414577e-01
8.20800781e-02	1.54644184e-03	1.62248089e-01
8.21289063e-02	1.55438456e-03	1.63085924e-01
8.21777344e-02	1.56236831e-03	1.63928105e-01
8.22265625e-02	1.57039327e-03	1.64774653e-01
8.22753906e-02	1.57845969e-03	1.65625591e-01
8.23242188e-02	1.58656776e-03	1.66480942e-01
8.23730469e-02	1.59471770e-03	1.67340730e-01
8.24218750e-02	1.60290973e-03	1.68204977e-01
8.24707031e-02	1.61114408e-03	1.69073707e-01
8.25195312e-02	1.61942095e-03	1.69946942e-01
8.25683594e-02	1.62774057e-03	1.70824707e-01
8.26171875e-02	1.63610316e-03	1.71707025e-01
8.26660156e-02	1.64450894e-03	1.72593919e-01
8.27148438e-02	1.65295815e-03	1.73485414e-01
8.27636719e-02	1.66145099e-03	1.74381533e-01
8.28125000e-02	1.66998771e-03	1.75282300e-01
8.28613281e-02	1.67856852e-03	1.76187740e-01
8.29101563e-02	1.68719366e-03	1.77097877e-01
8.29589844e-02	1.69586335e-03	1.78012736e-01
8.30078125e-02	1.70457783e-03	1.78932340e-01
8.30566406e-02	1.71333733e-03	1.79856715e-01
8.31054688e-02	1.72214208e-03	1.80785886e-01
8.31542969e-02	1.73099232e-03	1.81719877e-01
8.32031250e-02	1.73988828e-03	1.82658713e-01
8.32519531e-02	1.74883020e-03	1.83602421e-01
8.33007813e-02	1.75781832e-03	1.84551024e-01
8.33496094e-02	1.76685288e-03	1.85504549e-01
8.33984375e-02	1.77593412e-03	1.86463022e-01
8.34472656e-02	1.78506228e-03	1.87426467e-01
8.34960938e-02	1.79423761e-03	1.88394912e-01
8.35449219e-02	1.80346034e-03	1.89368381e-01
8.35937500e-02	1.81273074e-03	1.90346901e-01
8.36425781e-02	1.82204903e-03	1.91330499e-01
8.36914063e-02	1.83141548e-03	1.92319201e-01
8.37402344e-02	1.84083033e-03	1.93313033e-01
8.37890625e-02	1.85029383e-03	1.94312022e-01
8.38378906e-02	1.85980624e-03	1.95316195e-01
8.38867188e-02	1.86936781e-03	1.96325580e-01
8.39355469e-02	1.87897879e-03	1.97340202e-01
8.39843750e-02	1.88863944e-03	1.98360089e-01
8.40332031e-02	1.89835002e-03	1.99385270e-01
8.40820313e-02	1.90811079e-03	2.00415771e-01
8.41308594e-02	1.91792200e-03	2.01451620e-01
8.41796875e-02	1.92778393e-03	2.02492845e-01
8.42285156e-02	1.93769683e-03	2.03539473e-01
8.42773438e-02	1.94766096e-03	2.04591534e-01
8.43261719e-02	1.95767660e-03	2.05649055e-01
8.43750000e-02	1.96774401e-03	2.06712065e-01
8.44238281e-02	1.97786346e-03	2.07780593e-01
8.44726562e-02	1.98803522e-03	2.08854666e-01
8.45214844e-02	1.99825956e-03	2.09934314e-01
8.45703125e-02	2.00853676e-03	2.11019567e-01
8.46191406e-02	2.01886708e-03	2.12110452e-01
8.46679688e-02	2.02925081e-03	2.13207001e-01
8.47167969e-02	2.03968821e-03	2.14309241e-01
8.47656250e-02	2.05017958e-03	2.15417203e-01
8.48144531e-02	2.06072519e-03	2.16530916e-01
8.48632813e-02	2.07132532e-03	2.17650411e-01
8.49121094e-02	2.08198026e-03	2.18775718e-01
8.49609375e-02	2.09269028e-03	2.19906866e-01
8.50097656e-02	2.10345568e-03	2.21043887e-01
8.50585938e-02	2.11427674e-03	2.22186810e-01
8.51074219e-02	2.12515375e-03	2.23335667e-01
8.51562500e-02	2.13608701e-03	2.24490489e-01
8.52050781e-02	2.14707680e-03	2.25651306e-01
8.52539063e-02	2.15812342e-03	2.26818150e-01
8.53027344e-02	2.16922716e-03	2.27991052e-01
8.53515625e-02	2.18038832e-03	2.29170044e-01
8.54003906e-02	2.19160719e-03	2.30355157e-01
8.54492188e-02	2.20288409e-03	2.31546424e-01
8.54980469e-02	2.21421930e-03	2.32743876e-01
8.55468750e-02	2.22561313e-03	2.33947546e-01
8.55957031e-02	2.23706589e-03	2.35157466e-01
8.56445313e-02	2.24857788e-03	2.36373669e-01
8.56933594e-02	2.26014941e-03	2.37596187e-01
8.57421875e-02	2.27178079e-03	2.38825053e-01
8.57910156e-02	2.28347233e-03	2.40060301e-01
8.58398438e-02	2.29522434e-03	2.41301963e-01
8.58886719e-02	2.30703713e-03	2.42550073e-01
8.59375000e-02	2.31891103e-03	2.43804665e-01
8.59863281e-02	2.33084634e-03	2.45065772e-01
8.60351563e-02	2.34284339e-03	2.46333429e-01
8.60839844e-02	2.35490250e-03	2.47607669e-01
8.61328125e-02	2.36702399e-03	2.48888527e-01
8.61816406e-02	2.37920818e-03	2.50176037e-01
8.62304688e-02	2.39145540e-03	2.51470234e-01
8.62792969e-02	2.40376599e-03	2.52771152e-01
8.63281250e-02	2.41614025e-03	2.54078828e-01
8.63769531e-02	2.42857854e-03	2.55393295e-01
8.64257812e-02	2.44108117e-03	2.56714590e-01
8.64746094e-02	2.45364849e-03	2.58042748e-01
8.65234375e-02	2.46628083e-03	2.59377804e-01
8.65722656e-02	2.47897852e-03	2.60719795e-01
8.66210938e-02	2.49174191e-03	2.62068758e-01
8.66699219e-02	2.50457134e-03	2.63424727e-01
8.67187500e-02	2.51746716e-03	2.64787740e-01
8.67675781e-02	2.53042970e-03	2.66157833e-01
8.68164063e-02	2.54345931e-03	2.67535043e-01
8.68652344e-02	2.55655634e-03	2.68919408e-01
8.69140625e-02	2.56972114e-03	2.70310965e-01
8.69628906e-02	2.58295407e-03	2.71709751e-01
8.70117188e-02	2.59625548e-03	2.73115803e-01
8.70605469e-02	2.60962571e-03	2.74529160e-01
8.71093750e-02	2.62306514e-03	2.75949861e-01
8.71582031e-02	2.63657412e-03	2.77377942e-01
8.72070313e-02	2.65015301e-03	2.78813442e-01
8.72558594e-02	2.66380218e-03	2.80256401e-01
8.73046875e-02	2.67752199e-03	2.81706857e-01
8.73535156e-02	2.69131280e-03	2.83164849e-01
8.74023438e-02	2.70517499e-03	2.84630417e-01
8.74511719e-02	2.71910892e-03	2.86103599e-01
8.75000000e-02	2.73311498e-03	2.87584437e-01
8.75488281e-02	2.74719353e-03	2.89072968e-01
8.75976563e-02	2.76134495e-03	2.90569235e-01
8.76464844e-02	2.77556962e-03	2.92073276e-01
8.76953125e-02	2.78986792e-03	2.93585133e-01
8.77441406e-02	2.80424024e-03	2.95104846e-01
8.77929688e-02	2.81868695e-03	2.96632456e-01
8.78417969e-02	2.83320844e-03	2.98168005e-01
8.78906250e-02	2.84780511e-03	2.99711533e-01
8.79394531e-02	2.86247734e-03	3.01263083e-01
8.79882813e-02	2.87722553e-03	3.02822696e-01
8.80371094e-02	2.89205007e-03	3.04390415e-01
8.80859375e-02	2.90695136e-03	3.05966281e-01
8.81347656e-02	2.92192979e-03	3.07550336e-01
8.81835938e-02	2.93698577e-03	3.09142625e-01
8.82324219e-02	2.95211970e-03	3.10743189e-01
8.82812500e-02	2.96733199e-03	3.12352072e-01
8.83300781e-02	2.98262304e-03	3.13969317e-01
8.83789062e-02	2.99799326e-03	3.15594968e-01
8.84277344e-02	3.01344307e-03	3.17229068e-01
8.84765625e-02	3.02897287e-03	3.18871662e-01
8.85253906e-02	3.04458308e-03	3.20522794e-01
8.85742188e-02	3.06027413e-03	3.22182508e-01
8.86230469e-02	3.07604643e-03	3.23850850e-01
8.86718750e-02	3.09190040e-03	3.25527864e-01
8.87207031e-02	3.10783647e-03	3.27213595e-01
8.87695313e-02	3.12385507e-03	3.28908089e-01
8.88183594e-02	3.13995662e-03	3.30611392e-01
8.88671875e-02	3.15614155e-03	3.32323549e-01
8.89160156e-02	3.17241031e-03	3.34044607e-01
8.89648438e-02	3.18876332e-03	3.35774612e-01
8.90136719e-02	3.20520102e-03	3.37513611e-01
8.90625000e-02	3.22172385e-03	3.39261651e-01
8.91113281e-02	3.23833226e-03	3.41018778e-01
8.91601563e-02	3.25502669e-03	3.42785041e-01
8.92089844e-02	3.27180759e-03	3.44560487e-01
8.92578125e-02	3.28867540e-03	3.46345163e-01
8.93066406e-02	3.30563058e-03	3.48139118e-01
8.93554688e-02	3.32267359e-03	3.49942401e-01
8.94042969e-02	3.33980487e-03	3.51755060e-01
8.94531250e-02	3.35702490e-03	3.53577144e-01
8.95019531e-02	3.37433412e-03	3.55408701e-01
8.95507813e-02	3.39173301e-03	3.57249783e-01
8.95996094e-02	3.40922203e-03	3.59100437e-01
8.96484375e-02	3.42680165e-03	3.60960715e-01
8.96972656e-02	3.44447234e-03	3.62830665e-01
8.97460938e-02	3.46223457e-03	3.64710340e-01
8.97949219e-02	3.48008882e-03	3.66599789e-01
8.98437500e-02	3.49803557e-03	3.68499064e-01
8.98925781e-02	3.51607530e-03	3.70408215e-01
8.99414063e-02	3.53420849e-03	3.72327295e-01
8.99902344e-02	3.55243563e-03	3.74256355e-01
9.00390625e-02	3.57075721e-03	3.76195447e-01
9.00878906e-02	3.58917371e-03	3.78144623e-01
9.01367188e-02	3.60768564e-03	3.80103937e-01
9.01855469e-02	3.62629348e-03	3.82073440e-01
9.02343750e-02	3.64499775e-03	3.84053187e-01
9.02832031e-02	3.66379893e-03	3.86043230e-01
9.03320312e-02	3.68269754e-03	3.88043624e-01
9.03808594e-02	3.70169407e-03	3.90054422e-01
9.04296875e-02	3.72078904e-03	3.92075679e-01
9.04785156e-02	3.73998297e-03	3.94107449e-01
9.05273438e-02	3.75927636e-03	3.96149787e-01
9.05761719e-02	3.77866973e-03	3.98202748e-01
9.06250000e-02	3.79816360e-03	4.00266388e-01
9.06738281e-02	3.81775851e-03	4.02340762e-01
9.07226563e-02	3.83745496e-03	4.04425926e-01
9.07714844e-02	3.85725349e-03	4.06521938e-01
9.08203125e-02	3.87715463e-03	4.08628852e-01
9.08691406e-02	3.89715892e-03	4.10746727e-01
9.09179688e-02	3.91726689e-03	4.12875619e-01
9.09667969e-02	3.93747907e-03	4.15015586e-01
9.10156250e-02	3.95779602e-03	4.17166686e-01
9.10644531e-02	3.97821828e-03	4.19328977e-01
9.11132813e-02	3.99874639e-03	4.21502517e-01
9.11621094e-02	4.01938091e-03	4.23687364e-01
9.12109375e-02	4.04012239e-03	4.25883579e-01
9.12597656e-02	4.06097138e-03	4.28091220e-01
9.13085938e-02	4.08192845e-03	4.30310347e-01
9.13574219e-02	4.10299416e-03	4.32541020e-01
9.14062500e-02	4.12416907e-03	4.34783299e-01
9.14550781e-02	4.14545375e-03	4.37037244e-01
9.15039063e-02	4.16684878e-03	4.39302917e-01
9.15527344e-02	4.18835472e-03	4.41580379e-01
9.16015625e-02	4.20997215e-03	4.43869692e-01
9.16503906e-02	4.23170166e-03	4.46170916e-01
9.16992188e-02	4.25354382e-03	4.48484115e-01
9.17480469e-02	4.27549923e-03	4.50809351e-01
9.17968750e-02	4.29756847e-03	4.53146687e-01
9.18457031e-02	4.31975213e-03	4.55496185e-01
9.18945313e-02	4.34205081e-03	4.57857910e-01
9.19433594e-02	4.36446512e-03	4.60231926e-01
9.19921875e-02	4.38699564e-03	4.62618295e-01
9.20410156e-02	4.40964299e-03	4.65017084e-01
9.20898438e-02	4.43240777e-03	4.67428356e-01
9.21386719e-02	4.45529059e-03	4.69852177e-01
9.21875000e-02	4.47829208e-03	4.72288613e-01
9.22363281e-02	4.50141284e-03	4.74737729e-01
9.22851562e-02	4.52465350e-03	4.77199592e-01
9.23339844e-02	4.54801467e-03	4.79674267e-01
9.23828125e-02	4.57149700e-03	4.82161823e-01
9.24316406e-02	4.59510111e-03	4.84662325e-01
9.24804688e-02	4.61882762e-03	4.87175843e-01
9.25292969e-02	4.64267719e-03	4.89702443e-01
9.25781250e-02	4.66665045e-03	4.92242195e-01
9.26269531e-02	4.69074804e-03	4.94795166e-01
9.26757813e-02	4.71497061e-03	4.97361426e-01
9.27246094e-02	4.73931882e-03	4.99941044e-01
9.27734375e-02	4.76379331e-03	5.02534090e-01
9.28222656e-02	4.78839474e-03	5.05140634e-01
9.28710938e-02	4.81312378e-03	5.07760747e-01
9.29199219e-02	4.83798109e-03	5.10394499e-01
9.29687500e-02	4.86296733e-03	5.13041962e-01
9.30175781e-02	4.88808318e-03	5.15703207e-01
9.30664063e-02	4.91332931e-03	5.18378307e-01
9.31152344e-02	4.93870640e-03	5.21067333e-01
9.31640625e-02	4.96421513e-03	5.23770358e-01
9.32128906e-02	4.98985619e-03	5.26487456e-01
9.32617188e-02	5.01563027e-03	5.29218699e-01
9.33105469e-02	5.04153805e-03	5.31964163e-01
9.33593750e-02	5.06758024e-03	5.34723921e-01
9.34082031e-02	5.09375754e-03	5.37498047e-01
9.34570313e-02	5.12007064e-03	5.40286618e-01
9.35058594e-02	5.14652025e-03	5.43089707e-01
9.35546875e-02	5.17310710e-03	5.45907392e-01
9.36035156e-02	5.19983188e-03	5.48739748e-01
9.36523438e-02	5.22669532e-03	5.51586852e-01
9.37011719e-02	5.25369815e-03	5.54448781e-01
9.37500000e-02	5.28084108e-03	5.57325613e-01
9.37988281e-02	5.30812484e-03	5.60217425e-01
9.38476563e-02	5.33555018e-03	5.63124296e-01
9.38964844e-02	5.36311782e-03	5.66046303e-01
9.39453125e-02	5.39082851e-03	5.68983528e-01
9.39941406e-02	5.41868299e-03	5.71936048e-01
9.40429688e-02	5.44668201e-03	5.74903944e-01
9.40917969e-02	5.47482633e-03	5.77887296e-01
9.41406250e-02	5.50311670e-03	5.80886185e-01
9.41894531e-02	5.53155388e-03	5.83900692e-01
9.42382812e-02	5.56013863e-03	5.86930898e-01
9.42871094e-02	5.58887173e-03	5.89976886e-01
9.43359375e-02	5.61775395e-03	5.93038739e-01
9.43847656e-02	5.64678606e-03	5.96116538e-01
9.44335938e-02	5.67596885e-03	5.99210368e-01
9.44824219e-02	5.70530309e-03	6.02320312e-01
9.45312500e-02	5.73478959e-03	6.05446454e-01
9.45800781e-02	5.76442912e-03	6.08588879e-01
9.46289063e-02	5.79422249e-03	6.11747672e-01
9.46777344e-02	5.82417051e-03	6.14922919e-01
9.47265625e-02	5.85427396e-03	6.18114706e-01
9.47753906e-02	5.88453368e-03	6.21323118e-01
9.48242188e-02	5.91495046e-03	6.24548244e-01
9.48730469e-02	5.94552513e-03	6.27790169e-01
9.49218750e-02	5.97625850e-03	6.31048983e-01
9.49707031e-02	6.00715142e-03	6.34324773e-01
9.50195313e-02	6.03820470e-03	6.37617628e-01
9.50683594e-02	6.06941918e-03	6.40927638e-01
9.51171875e-02	6.10079571e-03	6.44254891e-01
9.51660156e-02	6.13233512e-03	6.47599478e-01
9.52148438e-02	6.16403827e-03	6.50961491e-01
9.52636719e-02	6.19590601e-03	6.54341018e-01
9.53125000e-02	6.22793919e-03	6.57738153e-01
9.53613281e-02	6.26013868e-03	6.61152988e-01
9.54101563e-02	6.29250535e-03	6.64585614e-01
9.54589844e-02	6.32504006e-03	6.68036125e-01
9.55078125e-02	6.35774369e-03	6.71504615e-01
9.55566406e-02	6.39061712e-03	6.74991176e-01
9.56054688e-02	6.42366124e-03	6.78495905e-01
9.56542969e-02	6.45687693e-03	6.82018895e-01
9.57031250e-02	6.49026510e-03	6.85560243e-01
9.57519531e-02	6.52382663e-03	6.89120044e-01
9.58007813e-02	6.55756243e-03	6.92698395e-01
9.58496094e-02	6.59147341e-03	6.96295392e-01
9.58984375e-02	6.62556048e-03	6.99911134e-01
9.59472656e-02	6.65982457e-03	7.03545718e-01
9.59960938e-02	6.69426658e-03	7.07199242e-01
9.60449219e-02	6.72888746e-03	7.10871806e-01
9.60937500e-02	6.76368812e-03	7.14563510e-01
9.61425781e-02	6.79866952e-03	7.18274453e-01
9.61914062e-02	6.83383259e-03	7.22004736e-01
9.62402344e-02	6.86917827e-03	7.25754460e-01
9.62890625e-02	6.90470752e-03	7.29523727e-01
9.63378906e-02	6.94042130e-03	7.33312639e-01
9.63867188e-02	6.97632057e-03	7.37121299e-01
9.64355469e-02	7.01240629e-03	7.40949810e-01
9.64843750e-02	7.04867943e-03	7.44798275e-01
9.65332031e-02	7.08514098e-03	7.48666800e-01
9.65820313e-02	7.12179192e-03	7.52555489e-01
9.66308594e-02	7.15863322e-03	7.56464448e-01
9.66796875e-02	7.19566590e-03	7.60393782e-01
9.67285156e-02	7.23289093e-03	7.64343598e-01
9.67773438e-02	7.27030933e-03	7.68314003e-01
9.68261719e-02	7.30792210e-03	7.72305106e-01
9.68750000e-02	7.34573026e-03	7.76317014e-01
9.69238281e-02	7.38373482e-03	7.80349836e-01
9.69726563e-02	7.42193681e-03	7.84403681e-01
9.70214844e-02	7.46033726e-03	7.88478660e-01
9.70703125e-02	7.49893720e-03	7.92574883e-01
9.71191406e-02	7.53773767e-03	7.96692461e-01
9.71679688e-02	7.57673972e-03	8.00831506e-01
9.72167969e-02	7.61594440e-03	8.04992130e-01
9.72656250e-02	7.65535276e-03	8.09174446e-01
9.73144531e-02	7.69496587e-03	8.13378567e-01
9.73632813e-02	7.73478480e-03	8.17604609e-01
9.74121094e-02	7.77481061e-03	8.21852684e-01
9.74609375e-02	7.81504439e-03	8.26122910e-01
9.75097656e-02	7.85548722e-03	8.30415401e-01
9.75585938e-02	7.89614019e-03	8.34730274e-01
9.76074219e-02	7.93700440e-03	8.39067646e-01
9.76562500e-02	7.97808094e-03	8.43427634e-01
9.77050781e-02	8.01937093e-03	8.47810359e-01
9.77539063e-02	8.06087548e-03	8.52215937e-01
9.78027344e-02	8.10259570e-03	8.56644489e-01
9.78515625e-02	8.14453273e-03	8.61096135e-01
9.79003906e-02	8.18668769e-03	8.65570996e-01
9.79492188e-02	8.22906172e-03	8.70069194e-01
9.79980469e-02	8.27165596e-03	8.74590850e-01
9.80468750e-02	8.31447156e-03	8.79136087e-01
9.80957031e-02	8.35750967e-03	8.83705029e-01
9.81445312e-02	8.40077146e-03	8.88297800e-01
9.81933594e-02	8.44425809e-03	8.92914524e-01
9.82421875e-02	8.48797073e-03	8.97555328e-01
9.82910156e-02	8.53191057e-03	9.02220336e-01
9.83398438e-02	8.57607878e-03	9.06909676e-01
9.83886719e-02	8.62047656e-03	9.11623474e-01
9.84375000e-02	8.66510511e-03	9.16361860e-01
9.84863281e-02	8.70996563e-03	9.21124962e-01
9.85351563e-02	8.75505933e-03	9.25912909e-01
9.85839844e-02	8.80038742e-03	9.30725831e-01
9.86328125e-02	8.84595113e-03	9.35563859e-01
9.86816406e-02	8.89175169e-03	9.40427125e-01
9.87304688e-02	8.93779034e-03	9.45315760e-01
9.87792969e-02	8.98406831e-03	9.50229897e-01
9.88281250e-02	9.03058685e-03	9.55169671e-01
9.88769531e-02	9.07734723e-03	9.60135214e-01
9.89257813e-02	9.12435069e-03	9.65126663e-01
9.89746094e-02	9.17159851e-03	9.70144153e-01
9.90234375e-02	9.21909197e-03	9.75187819e-01
9.90722656e-02	9.26683234e-03	9.80257800e-01
9.91210938e-02	9.31482092e-03	9.85354233e-01
9.91699219e-02	9.36305899e-03	9.90477257e-01
9.92187500e-02	9.41154786e-03	9.95627010e-01
9.92675781e-02	9.46028885e-03	1.00080363e+00
9.93164063e-02	9.50928325e-03	1.00600727e+00
9.93652344e-02	9.55853241e-03	1.01123805e+00
9.94140625e-02	9.60803763e-03	1.01649613e+00
9.94628906e-02	9.65780028e-03	1.02178165e+00
9.95117188e-02	9.70782167e-03	1.02709475e+00
9.95605469e-02	9.75810317e-03	1.03243557e+00
9.96093750e-02	9.80864614e-03	1.03780427e+00
9.96582031e-02	9.85945193e-03	1.04320098e+00
9.97070313e-02	9.91052192e-03	1.04862585e+00
9.97558594e-02	9.96185749e-03	1.05407904e+00
9.98046875e-02	1.00134600e-02	1.05956068e+00
9.98535156e-02	1.00653309e-02	1.06507093e+00
9.99023438e-02	1.01174716e-02	1.07060994e+00
9.99511719e-02	1.01698834e-02	1.07617786e+00
1.00000000e-01	1.02225678e-02	1.08177484e+00
