1.00000000e-03	8.33973429e+02	-9.99534246e+04	4.97199049e-03
2.00000000e-03	7.84041891e+02	-2.49105362e+04	9.78207964e-03
3.00000000e-03	7.67483526e+02	-1.09852033e+04	1.42959716e-02
4.00000000e-03	7.59291083e+02	-6.09547464e+03	1.84225999e-02
5.00000000e-03	7.54456583e+02	-3.82480903e+03	2.21148842e-02
6.00000000e-03	7.51305714e+02	-2.58915998e+03	2.53609722e-02
7.00000000e-03	7.49117492e+02	-1.84489298e+03	2.81728555e-02
8.00000000e-03	7.47529259e+02	-1.36418151e+03	3.05765381e-02
9.00000000e-03	7.46338267e+02	-1.03763463e+03	3.26050356e-02
1.00000000e-02	7.45422192e+02	-8.07258103e+02	3.42939378e-02
1.10000000e-02	7.44702883e+02	-6.39900728e+02	3.56788170e-02
1.20000000e-02	7.44128162e+02	-5.15461002e+02	3.67938160e-02
1.30000000e-02	7.43661960e+02	-4.21161231e+02	3.76709404e-02
1.40000000e-02	7.43278636e+02	-3.48561388e+02	3.83397485e-02
1.50000000e-02	7.42959541e+02	-2.91907587e+02	3.88272608e-02
1.60000000e-02	7.42690860e+02	-2.47172714e+02	3.91579864e-02
1.70000000e-02	7.42462192e+02	-2.11475429e+02	3.93540116e-02
1.80000000e-02	7.42265602e+02	-1.82715495e+02	3.94351203e-02
1.90000000e-02	7.42094971e+02	-1.59337677e+02	3.94189326e-02
2.00000000e-02	7.41945525e+02	-1.40174679e+02	3.93210535e-02
2.10000000e-02	7.41813514e+02	-1.24340153e+02	3.91552256e-02
2.20000000e-02	7.41695964e+02	-1.11154266e+02	3.89334835e-02
2.30000000e-02	7.41590499e+02	-1.00090960e+02	3.86663078e-02
2.40000000e-02	7.41495212e+02	-9.07399694e+01	3.83627751e-02
2.50000000e-02	7.41408557e+02	-8.27790769e+01	3.80307026e-02
2.60000000e-02	7.41329276e+02	-7.59535902e+01	3.76767859e-02
2.70000000e-02	7.41256339e+02	-7.00609975e+01	3.73067278e-02
2.80000000e-02	7.41188897e+02	-6.49393828e+01	3.69253582e-02
2.90000000e-02	7.41126247e+02	-6.04586055e+01	3.65367433e-02
3.00000000e-02	7.41067802e+02	-5.65135355e+01	3.61442852e-02
3.10000000e-02	7.41013070e+02	-5.30188299e+01	3.57508111e-02
3.20000000e-02	7.40961637e+02	-4.99048762e+01	3.53586534e-02
3.30000000e-02	7.40913152e+02	-4.71146245e+01	3.49697191e-02
3.40000000e-02	7.40867316e+02	-4.46011016e+01	3.45855529e-02
3.50000000e-02	7.40823871e+02	-4.23254513e+01	3.42073905e-02
3.60000000e-02	7.40782596e+02	-4.02553829e+01	3.38362059e-02
3.70000000e-02	7.40743301e+02	-3.83639374e+01	3.34727520e-02
3.80000000e-02	7.40705817e+02	-3.66285036e+01	3.31175960e-02
3.90000000e-02	7.40669998e+02	-3.50300294e+01	3.27711492e-02
4.00000000e-02	7.40635716e+02	-3.35523872e+01	3.24336930e-02
4.10000000e-02	7.40602857e+02	-3.21818633e+01	3.21054009e-02
4.20000000e-02	7.40571321e+02	-3.09067424e+01	3.17863572e-02
4.30000000e-02	7.40541016e+02	-2.97169719e+01	3.14765730e-02
4.40000000e-02	7.40511861e+02	-2.86038864e+01	3.11759997e-02
4.50000000e-02	7.40483785e+02	-2.75599837e+01	3.08845403e-02
4.60000000e-02	7.40456720e+02	-2.65787400e+01	3.06020595e-02
4.70000000e-02	7.40430608e+02	-2.56544578e+01	3.03283909e-02
4.80000000e-02	7.40405394e+02	-2.47821404e+01	3.00633447e-02
4.90000000e-02	7.40381028e+02	-2.39573875e+01	2.98067129e-02
5.00000000e-02	7.40357465e+02	-2.31763085e+01	2.95582743e-02
5.10000000e-02	7.40334662e+02	-2.24354497e+01	2.93177983e-02
5.20000000e-02	7.40312582e+02	-2.17317341e+01	2.90850481e-02
5.30000000e-02	7.40291187e+02	-2.10624099e+01	2.88597836e-02
5.40000000e-02	7.40270446e+02	-2.04250073e+01	2.86417636e-02
5.50000000e-02	7.40250327e+02	-1.98173025e+01	2.84307476e-02
5.60000000e-02	7.40230802e+02	-1.92372861e+01	2.82264971e-02
5.70000000e-02	7.40211844e+02	-1.86831372e+01	2.80287771e-02
5.80000000e-02	7.40193428e+02	-1.81532002e+01	2.78373566e-02
5.90000000e-02	7.40175530e+02	-1.76459662e+01	2.76520099e-02
6.00000000e-02	7.40158129e+02	-1.71600556e+01	2.74725165e-02
6.10000000e-02	7.40141203e+02	-1.66942039e+01	2.72986622e-02
6.20000000e-02	7.40124734e+02	-1.62472497e+01	2.71302388e-02
6.30000000e-02	7.40108703e+02	-1.58181229e+01	2.69670447e-02
6.40000000e-02	7.40093092e+02	-1.54058363e+01	2.68088849e-02
6.50000000e-02	7.40077886e+02	-1.50094763e+01	2.66555710e-02
6.60000000e-02	7.40063068e+02	-1.46281966e+01	2.65069211e-02
6.70000000e-02	7.40048625e+02	-1.42612111e+01	2.63627602e-02
6.80000000e-02	7.40034541e+02	-1.39077886e+01	2.62229194e-02
6.90000000e-02	7.40020805e+02	-1.35672478e+01	2.60872365e-02
7.00000000e-02	7.40007403e+02	-1.32389527e+01	2.59555553e-02
7.10000000e-02	7.39994323e+02	-1.29223090e+01	2.58277260e-02
7.20000000e-02	7.39981554e+02	-1.26167603e+01	2.57036044e-02
7.30000000e-02	7.39969086e+02	-1.23217848e+01	2.55830522e-02
7.40000000e-02	7.39956908e+02	-1.20368932e+01	2.54659368e-02
7.50000000e-02	7.39945009e+02	-1.17616252e+01	2.53521307e-02
7.60000000e-02	7.39933381e+02	-1.14955481e+01	2.52415118e-02
7.70000000e-02	7.39922015e+02	-1.12382541e+01	2.51339630e-02
7.80000000e-02	7.39910902e+02	-1.09893589e+01	2.50293719e-02
7.90000000e-02	7.39900034e+02	-1.07484995e+01	2.49276309e-02
8.00000000e-02	7.39889402e+02	-1.05153332e+01	2.48286366e-02
8.10000000e-02	7.39879001e+02	-1.02895359e+01	2.47322900e-02
8.20000000e-02	7.39868821e+02	-1.00708009e+01	2.46384964e-02
8.30000000e-02	7.39858857e+02	-9.85883743e+00	2.45471646e-02
8.40000000e-02	7.39849101e+02	-9.65337020e+00	2.44582076e-02
8.50000000e-02	7.39839548e+02	-9.45413789e+00	2.43715417e-02
8.60000000e-02	7.39830191e+02	-9.26089243e+00	2.42870868e-02
8.70000000e-02	7.39821024e+02	-9.07339815e+00	2.42047660e-02
8.80000000e-02	7.39812042e+02	-8.89143104e+00	2.41245056e-02
8.90000000e-02	7.39803240e+02	-8.71477800e+00	2.40462349e-02
9.00000000e-02	7.39794611e+02	-8.54323618e+00	2.39698862e-02
9.10000000e-02	7.39786151e+02	-8.37661242e+00	2.38953944e-02
9.20000000e-02	7.39777856e+02	-8.21472262e+00	2.38226971e-02
9.30000000e-02	7.39769720e+02	-8.05739128e+00	2.37517345e-02
9.40000000e-02	7.39761740e+02	-7.90445096e+00	2.36824490e-02
9.50000000e-02	7.39753910e+02	-7.75574187e+00	2.36147856e-02
9.60000000e-02	7.39746227e+02	-7.61111140e+00	2.35486913e-02
9.70000000e-02	7.39738687e+02	-7.47041377e+00	2.34841152e-02
9.80000000e-02	7.39731285e+02	-7.33350965e+00	2.34210085e-02
9.90000000e-02	7.39724018e+02	-7.20026578e+00	2.33593243e-02
1.00000000e-01	7.39716883e+02	-7.07055471e+00	2.32990175e-02
1.01000000e-01	7.39709876e+02	-6.94425445e+00	2.32400447e-02
1.02000000e-01	7.39702994e+02	-6.82124819e+00	2.31823644e-02
1.03000000e-01	7.39696233e+02	-6.70142407e+00	2.31259365e-02
1.04000000e-01	7.39689590e+02	-6.58467489e+00	2.30707225e-02
1.05000000e-01	7.39683062e+02	-6.47089789e+00	2.30166854e-02
1.06000000e-01	7.39676647e+02	-6.35999455e+00	2.29637896e-02
1.07000000e-01	7.39670341e+02	-6.25187035e+00	2.29120007e-02
1.08000000e-01	7.39664142e+02	-6.14643460e+00	2.28612857e-02
1.09000000e-01	7.39658048e+02	-6.04360023e+00	2.28116130e-02
1.10000000e-01	7.39652054e+02	-5.94328363e+00	2.27629518e-02
1.11000000e-01	7.39646160e+02	-5.84540452e+00	2.27152729e-02
1.12000000e-01	7.39640363e+02	-5.74988573e+00	2.26685476e-02
1.13000000e-01	7.39634660e+02	-5.65665310e+00	2.26227488e-02
1.14000000e-01	7.39629049e+02	-5.56563532e+00	2.25778500e-02
1.15000000e-01	7.39623528e+02	-5.47676382e+00	2.25338258e-02
1.16000000e-01	7.39618095e+02	-5.38997262e+00	2.24906517e-02
1.17000000e-01	7.39612747e+02	-5.30519823e+00	2.24483041e-02
1.18000000e-01	7.39607483e+02	-5.22237955e+00	2.24067602e-02
1.19000000e-01	7.39602302e+02	-5.14145772e+00	2.23659979e-02
1.20000000e-01	7.39597200e+02	-5.06237609e+00	2.23259960e-02
1.21000000e-01	7.39592176e+02	-4.98508005e+00	2.22867340e-02
1.22000000e-01	7.39587229e+02	-4.90951699e+00	2.22481922e-02
1.23000000e-01	7.39582357e+02	-4.83563620e+00	2.22103513e-02
1.24000000e-01	7.39577557e+02	-4.76338879e+00	2.21731929e-02
1.25000000e-01	7.39572829e+02	-4.69272761e+00	2.21366992e-02
1.26000000e-01	7.39568171e+02	-4.62360718e+00	2.21008528e-02
1.27000000e-01	7.39563582e+02	-4.55598362e+00	2.20656372e-02
1.28000000e-01	7.39559059e+02	-4.48981457e+00	2.20310361e-02
1.29000000e-01	7.39554602e+02	-4.42505916e+00	2.19970340e-02
1.30000000e-01	7.39550208e+02	-4.36167790e+00	2.19636157e-02
1.31000000e-01	7.39545878e+02	-4.29963269e+00	2.19307668e-02
1.32000000e-01	7.39541609e+02	-4.23888669e+00	2.18984730e-02
1.33000000e-01	7.39537400e+02	-4.17940433e+00	2.18667206e-02
1.34000000e-01	7.39533250e+02	-4.12115123e+00	2.18354965e-02
1.35000000e-01	7.39529157e+02	-4.06409414e+00	2.18047877e-02
1.36000000e-01	7.39525121e+02	-4.00820094e+00	2.17745819e-02
1.37000000e-01	7.39521140e+02	-3.95344055e+00	2.17448670e-02
1.38000000e-01	7.39517214e+02	-3.89978291e+00	2.17156313e-02
1.39000000e-01	7.39513340e+02	-3.84719895e+00	2.16868636e-02
1.40000000e-01	7.39509519e+02	-3.79566054e+00	2.16585528e-02
1.41000000e-01	7.39505749e+02	-3.74514043e+00	2.16306884e-02
1.42000000e-01	7.39502028e+02	-3.69561228e+00	2.16032600e-02
1.43000000e-01	7.39498357e+02	-3.64705055e+00	2.15762576e-02
1.44000000e-01	7.39494734e+02	-3.59943054e+00	2.15496716e-02
1.45000000e-01	7.39491158e+02	-3.55272831e+00	2.15234925e-02
1.46000000e-01	7.39487628e+02	-3.50692066e+00	2.14977111e-02
1.47000000e-01	7.39484144e+02	-3.46198513e+00	2.14723187e-02
1.48000000e-01	7.39480704e+02	-3.41789994e+00	2.14473065e-02
1.49000000e-01	7.39477308e+02	-3.37464397e+00	2.14226663e-02
1.50000000e-01	7.39473954e+02	-3.33219677e+00	2.13983898e-02
1.51000000e-01	7.39470643e+02	-3.29053848e+00	2.13744692e-02
1.52000000e-01	7.39467373e+02	-3.24964988e+00	2.13508969e-02
1.53000000e-01	7.39464144e+02	-3.20951228e+00	2.13276653e-02
1.54000000e-01	7.39460954e+02	-3.17010758e+00	2.13047672e-02
1.55000000e-01	7.39457803e+02	-3.13141821e+00	2.12821955e-02
1.56000000e-01	7.39454691e+02	-3.09342711e+00	2.12599435e-02
1.57000000e-01	7.39451616e+02	-3.05611772e+00	2.12380044e-02
1.58000000e-01	7.39448578e+02	-3.01947398e+00	2.12163718e-02
1.59000000e-01	7.39445577e+02	-2.98348028e+00	2.11950394e-02
1.60000000e-01	7.39442611e+02	-2.94812146e+00	2.11740009e-02
1.61000000e-01	7.39439680e+02	-2.91338281e+00	2.11532505e-02
1.62000000e-01	7.39436784e+02	-2.87925003e+00	2.11327823e-02
1.63000000e-01	7.39433922e+02	-2.84570923e+00	2.11125907e-02
1.64000000e-01	7.39431093e+02	-2.81274690e+00	2.10926701e-02
1.65000000e-01	7.39428296e+02	-2.78034992e+00	2.10730151e-02
1.66000000e-01	7.39425532e+02	-2.74850555e+00	2.10536207e-02
1.67000000e-01	7.39422799e+02	-2.71720137e+00	2.10344816e-02
1.68000000e-01	7.39420097e+02	-2.68642533e+00	2.10155928e-02
1.69000000e-01	7.39417426e+02	-2.65616572e+00	2.09969496e-02
1.70000000e-01	7.39414785e+02	-2.62641111e+00	2.09785473e-02
1.71000000e-01	7.39412173e+02	-2.59715043e+00	2.09603811e-02
1.72000000e-01	7.39409590e+02	-2.56837288e+00	2.09424467e-02
1.73000000e-01	7.39407036e+02	-2.54006795e+00	2.09247397e-02
1.74000000e-01	7.39404510e+02	-2.51222542e+00	2.09072559e-02
1.75000000e-01	7.39402011e+02	-2.48483535e+00	2.08899909e-02
1.76000000e-01	7.39399540e+02	-2.45788806e+00	2.08729409e-02
1.77000000e-01	7.39397095e+02	-2.43137411e+00	2.08561018e-02
1.78000000e-01	7.39394677e+02	-2.40528432e+00	2.08394699e-02
1.79000000e-01	7.39392285e+02	-2.37960976e+00	2.08230412e-02
1.80000000e-01	7.39389918e+02	-2.35434172e+00	2.08068122e-02
1.81000000e-01	7.39387576e+02	-2.32947171e+00	2.07907792e-02
1.82000000e-01	7.39385259e+02	-2.30499148e+00	2.07749387e-02
1.83000000e-01	7.39382966e+02	-2.28089296e+00	2.07592874e-02
1.84000000e-01	7.39380697e+02	-2.25716832e+00	2.07438219e-02
1.85000000e-01	7.39378451e+02	-2.23380991e+00	2.07285388e-02
1.86000000e-01	7.39376229e+02	-2.21081027e+00	2.07134351e-02
1.87000000e-01	7.39374030e+02	-2.18816213e+00	2.06985076e-02
1.88000000e-01	7.39371853e+02	-2.16585842e+00	2.06837532e-02
1.89000000e-01	7.39369698e+02	-2.14389222e+00	2.06691690e-02
1.90000000e-01	7.39367565e+02	-2.12225680e+00	2.06547521e-02
1.91000000e-01	7.39365453e+02	-2.10094558e+00	2.06404996e-02
1.92000000e-01	7.39363363e+02	-2.07995216e+00	2.06264088e-02
1.93000000e-01	7.39361293e+02	-2.05927029e+00	2.06124769e-02
1.94000000e-01	7.39359244e+02	-2.03889386e+00	2.05987012e-02
1.95000000e-01	7.39357215e+02	-2.01881692e+00	2.05850792e-02
1.96000000e-01	7.39355206e+02	-1.99903366e+00	2.05716084e-02
1.97000000e-01	7.39353217e+02	-1.97953841e+00	2.05582862e-02
1.98000000e-01	7.39351247e+02	-1.96032564e+00	2.05451101e-02
1.99000000e-01	7.39349296e+02	-1.94138995e+00	2.05320780e-02
2.00000000e-01	7.39347364e+02	-1.92272605e+00	2.05191873e-02
2.01000000e-01	7.39345451e+02	-1.90432880e+00	2.05064358e-02
2.02000000e-01	7.39343556e+02	-1.88619317e+00	2.04938213e-02
2.03000000e-01	7.39341678e+02	-1.86831424e+00	2.04813417e-02
2.04000000e-01	7.39339819e+02	-1.85068721e+00	2.04689947e-02
2.05000000e-01	7.39337977e+02	-1.83330741e+00	2.04567782e-02
2.06000000e-01	7.39336152e+02	-1.81617024e+00	2.04446903e-02
2.07000000e-01	7.39334345e+02	-1.79927124e+00	2.04327289e-02
2.08000000e-01	7.39332554e+02	-1.78260603e+00	2.04208920e-02
2.09000000e-01	7.39330779e+02	-1.76617033e+00	2.04091778e-02
2.10000000e-01	7.39329021e+02	-1.74995998e+00	2.03975843e-02
2.11000000e-01	7.39327279e+02	-1.73397089e+00	2.03861096e-02
2.12000000e-01	7.39325553e+02	-1.71819907e+00	2.03747521e-02
2.13000000e-01	7.39323843e+02	-1.70264061e+00	2.03635098e-02
2.14000000e-01	7.39322148e+02	-1.68729171e+00	2.03523812e-02
2.15000000e-01	7.39320468e+02	-1.67214863e+00	2.03413643e-02
2.16000000e-01	7.39318804e+02	-1.65720772e+00	2.03304577e-02
2.17000000e-01	7.39317154e+02	-1.64246542e+00	2.03196596e-02
2.18000000e-01	7.39315519e+02	-1.62791823e+00	2.03089684e-02
2.19000000e-01	7.39313898e+02	-1.61356275e+00	2.02983826e-02
2.20000000e-01	7.39312291e+02	-1.59939562e+00	2.02879007e-02
2.21000000e-01	7.39310699e+02	-1.58541360e+00	2.02775210e-02
2.22000000e-01	7.39309120e+02	-1.57161346e+00	2.02672422e-02
2.23000000e-01	7.39307556e+02	-1.55799210e+00	2.02570628e-02
2.24000000e-01	7.39306004e+02	-1.54454644e+00	2.02469812e-02
2.25000000e-01	7.39304467e+02	-1.53127349e+00	2.02369963e-02
2.26000000e-01	7.39302942e+02	-1.51817031e+00	2.02271065e-02
2.27000000e-01	7.39301430e+02	-1.50523403e+00	2.02173105e-02
2.28000000e-01	7.39299931e+02	-1.49246184e+00	2.02076070e-02
2.29000000e-01	7.39298445e+02	-1.47985098e+00	2.01979947e-02
2.30000000e-01	7.39296972e+02	-1.46739876e+00	2.01884723e-02
2.31000000e-01	7.39295510e+02	-1.45510255e+00	2.01790386e-02
2.32000000e-01	7.39294061e+02	-1.44295975e+00	2.01696923e-02
2.33000000e-01	7.39292624e+02	-1.43096782e+00	2.01604323e-02
2.34000000e-01	7.39291199e+02	-1.41912430e+00	2.01512573e-02
2.35000000e-01	7.39289786e+02	-1.40742675e+00	2.01421662e-02
2.36000000e-01	7.39288384e+02	-1.39587279e+00	2.01331579e-02
2.37000000e-01	7.39286994e+02	-1.38446009e+00	2.01242312e-02
2.38000000e-01	7.39285615e+02	-1.37318635e+00	2.01153850e-02
2.39000000e-01	7.39284248e+02	-1.36204935e+00	2.01066182e-02
2.40000000e-01	7.39282891e+02	-1.35104688e+00	2.00979299e-02
2.41000000e-01	7.39281546e+02	-1.34017680e+00	2.00893188e-02
2.42000000e-01	7.39280211e+02	-1.32943700e+00	2.00807841e-02
2.43000000e-01	7.39278887e+02	-1.31882541e+00	2.00723247e-02
2.44000000e-01	7.39277573e+02	-1.30834000e+00	2.00639397e-02
2.45000000e-01	7.39276270e+02	-1.29797878e+00	2.00556279e-02
2.46000000e-01	7.39274977e+02	-1.28773982e+00	2.00473886e-02
2.47000000e-01	7.39273695e+02	-1.27762120e+00	2.00392207e-02
2.48000000e-01	7.39272422e+02	-1.26762104e+00	2.00311233e-02
2.49000000e-01	7.39271159e+02	-1.25773752e+00	2.00230956e-02
2.50000000e-01	7.39269906e+02	-1.24796882e+00	2.00151366e-02
2.51000000e-01	7.39268663e+02	-1.23831319e+00	2.00072454e-02
2.52000000e-01	7.39267430e+02	-1.22876888e+00	1.99994213e-02
2.53000000e-01	7.39266206e+02	-1.21933421e+00	1.99916633e-02
2.54000000e-01	7.39264991e+02	-1.21000749e+00	1.99839706e-02
2.55000000e-01	7.39263786e+02	-1.20078710e+00	1.99763424e-02
2.56000000e-01	7.39262590e+02	-1.19167143e+00	1.99687779e-02
2.57000000e-01	7.39261402e+02	-1.18265891e+00	1.99612763e-02
2.58000000e-01	7.39260224e+02	-1.17374799e+00	1.99538368e-02
2.59000000e-01	7.39259055e+02	-1.16493714e+00	1.99464587e-02
2.60000000e-01	7.39257894e+02	-1.15622489e+00	1.99391412e-02
2.61000000e-01	7.39256742e+02	-1.14760977e+00	1.99318835e-02
2.62000000e-01	7.39255599e+02	-1.13909034e+00	1.99246849e-02
2.63000000e-01	7.39254464e+02	-1.13066521e+00	1.99175448e-02
2.64000000e-01	7.39253338e+02	-1.12233297e+00	1.99104624e-02
2.65000000e-01	7.39252219e+02	-1.11409229e+00	1.99034369e-02
2.66000000e-01	7.39251109e+02	-1.10594182e+00	1.98964678e-02
2.67000000e-01	7.39250008e+02	-1.09788026e+00	1.98895544e-02
2.68000000e-01	7.39248914e+02	-1.08990631e+00	1.98826959e-02
2.69000000e-01	7.39247828e+02	-1.08201873e+00	1.98758918e-02
2.70000000e-01	7.39246750e+02	-1.07421627e+00	1.98691414e-02
2.71000000e-01	7.39245679e+02	-1.06649770e+00	1.98624441e-02
2.72000000e-01	7.39244617e+02	-1.05886185e+00	1.98557991e-02
2.73000000e-01	7.39243562e+02	-1.05130752e+00	1.98492061e-02
2.74000000e-01	7.39242514e+02	-1.04383358e+00	1.98426642e-02
2.75000000e-01	7.39241474e+02	-1.03643888e+00	1.98361730e-02
2.76000000e-01	7.39240441e+02	-1.02912231e+00	1.98297318e-02
2.77000000e-01	7.39239416e+02	-1.02188277e+00	1.98233401e-02
2.78000000e-01	7.39238397e+02	-1.01471920e+00	1.98169974e-02
2.79000000e-01	7.39237386e+02	-1.00763053e+00	1.98107029e-02
2.80000000e-01	7.39236382e+02	-1.00061573e+00	1.98044563e-02
2.81000000e-01	7.39235385e+02	-9.93673776e-01	1.97982569e-02
2.82000000e-01	7.39234395e+02	-9.86803664e-01	1.97921043e-02
2.83000000e-01	7.39233411e+02	-9.80004409e-01	1.97859979e-02
2.84000000e-01	7.39232435e+02	-9.73275042e-01	1.97799371e-02
2.85000000e-01	7.39231465e+02	-9.66614612e-01	1.97739215e-02
2.86000000e-01	7.39230501e+02	-9.60022181e-01	1.97679506e-02
2.87000000e-01	7.39229545e+02	-9.53496829e-01	1.97620239e-02
2.88000000e-01	7.39228594e+02	-9.47037652e-01	1.97561409e-02
2.89000000e-01	7.39227650e+02	-9.40643758e-01	1.97503011e-02
2.90000000e-01	7.39226713e+02	-9.34314274e-01	1.97445040e-02
2.91000000e-01	7.39225782e+02	-9.28048339e-01	1.97387492e-02
2.92000000e-01	7.39224857e+02	-9.21845106e-01	1.97330362e-02
2.93000000e-01	7.39223938e+02	-9.15703744e-01	1.97273645e-02
2.94000000e-01	7.39223025e+02	-9.09623434e-01	1.97217338e-02
2.95000000e-01	7.39222119e+02	-9.03603372e-01	1.97161435e-02
2.96000000e-01	7.39221218e+02	-8.97642764e-01	1.97105933e-02
2.97000000e-01	7.39220324e+02	-8.91740834e-01	1.97050827e-02
2.98000000e-01	7.39219435e+02	-8.85896814e-01	1.96996112e-02
2.99000000e-01	7.39218552e+02	-8.80109951e-01	1.96941786e-02
3.00000000e-01	7.39217675e+02	-8.74379503e-01	1.96887843e-02
3.01000000e-01	7.39216803e+02	-8.68704742e-01	1.96834280e-02
3.02000000e-01	7.39215937e+02	-8.63084948e-01	1.96781092e-02
3.03000000e-01	7.39215077e+02	-8.57519416e-01	1.96728276e-02
3.04000000e-01	7.39214222e+02	-8.52007451e-01	1.96675828e-02
3.05000000e-01	7.39213373e+02	-8.46548369e-01	1.96623743e-02
3.06000000e-01	7.39212529e+02	-8.41141496e-01	1.96572019e-02
3.07000000e-01	7.39211691e+02	-8.35786171e-01	1.96520651e-02
3.08000000e-01	7.39210857e+02	-8.30481741e-01	1.96469637e-02
3.09000000e-01	7.39210030e+02	-8.25227565e-01	1.96418971e-02
3.10000000e-01	7.39209207e+02	-8.20023010e-01	1.96368651e-02
3.11000000e-01	7.39208389e+02	-8.14867456e-01	1.96318673e-02
3.12000000e-01	7.39207577e+02	-8.09760290e-01	1.96269034e-02
3.13000000e-01	7.39206770e+02	-8.04700909e-01	1.96219730e-02
3.14000000e-01	7.39205968e+02	-7.99688721e-01	1.96170758e-02
3.15000000e-01	7.39205171e+02	-7.94723141e-01	1.96122114e-02
3.16000000e-01	7.39204378e+02	-7.89803594e-01	1.96073796e-02
3.17000000e-01	7.39203591e+02	-7.84929513e-01	1.96025800e-02
3.18000000e-01	7.39202808e+02	-7.80100342e-01	1.95978122e-02
3.19000000e-01	7.39202031e+02	-7.75315531e-01	1.95930760e-02
3.20000000e-01	7.39201258e+02	-7.70574539e-01	1.95883710e-02
3.21000000e-01	7.39200490e+02	-7.65876834e-01	1.95836970e-02
3.22000000e-01	7.39199726e+02	-7.61221891e-01	1.95790537e-02
3.23000000e-01	7.39198967e+02	-7.56609194e-01	1.95744406e-02
3.24000000e-01	7.39198213e+02	-7.52038234e-01	1.95698576e-02
3.25000000e-01	7.39197463e+02	-7.47508509e-01	1.95653044e-02
3.26000000e-01	7.39196718e+02	-7.43019527e-01	1.95607806e-02
3.27000000e-01	7.39195977e+02	-7.38570800e-01	1.95562860e-02
3.28000000e-01	7.39195241e+02	-7.34161849e-01	1.95518203e-02
3.29000000e-01	7.39194509e+02	-7.29792203e-01	1.95473832e-02
3.30000000e-01	7.39193781e+02	-7.25461396e-01	1.95429745e-02
3.31000000e-01	7.39193058e+02	-7.21168970e-01	1.95385938e-02
3.32000000e-01	7.39192339e+02	-7.16914474e-01	1.95342410e-02
3.33000000e-01	7.39191624e+02	-7.12697463e-01	1.95299157e-02
3.34000000e-01	7.39190913e+02	-7.08517498e-01	1.95256176e-02
3.35000000e-01	7.39190207e+02	-7.04374147e-01	1.95213466e-02
3.36000000e-01	7.39189505e+02	-7.00266985e-01	1.95171024e-02
3.37000000e-01	7.39188806e+02	-6.96195591e-01	1.95128847e-02
3.38000000e-01	7.39188112e+02	-6.92159554e-01	1.95086933e-02
3.39000000e-01	7.39187422e+02	-6.88158464e-01	1.95045279e-02
3.40000000e-01	7.39186736e+02	-6.84191920e-01	1.95003883e-02
3.41000000e-01	7.39186054e+02	-6.80259526e-01	1.94962742e-02
3.42000000e-01	7.39185375e+02	-6.76360892e-01	1.94921855e-02
3.43000000e-01	7.39184701e+02	-6.72495633e-01	1.94881219e-02
3.44000000e-01	7.39184030e+02	-6.68663370e-01	1.94840831e-02
3.45000000e-01	7.39183364e+02	-6.64863729e-01	1.94800689e-02
3.46000000e-01	7.39182701e+02	-6.61096340e-01	1.94760791e-02
3.47000000e-01	7.39182041e+02	-6.57360841e-01	1.94721135e-02
3.48000000e-01	7.39181386e+02	-6.53656874e-01	1.94681719e-02
3.49000000e-01	7.39180734e+02	-6.49984083e-01	1.94642540e-02
3.50000000e-01	7.39180086e+02	-6.46342123e-01	1.94603597e-02
3.51000000e-01	7.39179441e+02	-6.42730648e-01	1.94564886e-02
3.52000000e-01	7.39178800e+02	-6.39149319e-01	1.94526407e-02
3.53000000e-01	7.39178163e+02	-6.35597804e-01	1.94488157e-02
3.54000000e-01	7.39177529e+02	-6.32075771e-01	1.94450134e-02
3.55000000e-01	7.39176899e+02	-6.28582897e-01	1.94412336e-02
3.56000000e-01	7.39176272e+02	-6.25118860e-01	1.94374761e-02
3.57000000e-01	7.39175649e+02	-6.21683344e-01	1.94337407e-02
3.58000000e-01	7.39175029e+02	-6.18276038e-01	1.94300272e-02
3.59000000e-01	7.39174412e+02	-6.14896634e-01	1.94263354e-02
3.60000000e-01	7.39173799e+02	-6.11544829e-01	1.94226652e-02
3.61000000e-01	7.39173189e+02	-6.08220322e-01	1.94190163e-02
3.62000000e-01	7.39172582e+02	-6.04922820e-01	1.94153885e-02
3.63000000e-01	7.39171979e+02	-6.01652030e-01	1.94117818e-02
3.64000000e-01	7.39171379e+02	-5.98407666e-01	1.94081958e-02
3.65000000e-01	7.39170782e+02	-5.95189443e-01	1.94046304e-02
3.66000000e-01	7.39170189e+02	-5.91997082e-01	1.94010855e-02
3.67000000e-01	7.39169598e+02	-5.88830306e-01	1.93975609e-02
3.68000000e-01	7.39169011e+02	-5.85688845e-01	1.93940563e-02
3.69000000e-01	7.39168427e+02	-5.82572428e-01	1.93905716e-02
3.70000000e-01	7.39167846e+02	-5.79480791e-01	1.93871067e-02
3.71000000e-01	7.39167268e+02	-5.76413671e-01	1.93836614e-02
3.72000000e-01	7.39166693e+02	-5.73370812e-01	1.93802355e-02
3.73000000e-01	7.39166121e+02	-5.70351957e-01	1.93768288e-02
3.74000000e-01	7.39165552e+02	-5.67356855e-01	1.93734413e-02
3.75000000e-01	7.39164987e+02	-5.64385258e-01	1.93700726e-02
3.76000000e-01	7.39164424e+02	-5.61436921e-01	1.93667228e-02
3.77000000e-01	7.39163864e+02	-5.58511602e-01	1.93633915e-02
3.78000000e-01	7.39163307e+02	-5.55609063e-01	1.93600787e-02
3.79000000e-01	7.39162752e+02	-5.52729067e-01	1.93567843e-02
3.80000000e-01	7.39162201e+02	-5.49871383e-01	1.93535079e-02
3.81000000e-01	7.39161653e+02	-5.47035780e-01	1.93502496e-02
3.82000000e-01	7.39161107e+02	-5.44222032e-01	1.93470092e-02
3.83000000e-01	7.39160564e+02	-5.41429915e-01	1.93437864e-02
3.84000000e-01	7.39160024e+02	-5.38659208e-01	1.93405813e-02
3.85000000e-01	7.39159487e+02	-5.35909693e-01	1.93373935e-02
3.86000000e-01	7.39158952e+02	-5.33181155e-01	1.93342231e-02
3.87000000e-01	7.39158421e+02	-5.30473382e-01	1.93310698e-02
3.88000000e-01	7.39157891e+02	-5.27786162e-01	1.93279335e-02
3.89000000e-01	7.39157365e+02	-5.25119289e-01	1.93248140e-02
3.90000000e-01	7.39156841e+02	-5.22472559e-01	1.93217113e-02
3.91000000e-01	7.39156320e+02	-5.19845769e-01	1.93186252e-02
3.92000000e-01	7.39155801e+02	-5.17238719e-01	1.93155556e-02
3.93000000e-01	7.39155286e+02	-5.14651213e-01	1.93125023e-02
3.94000000e-01	7.39154772e+02	-5.12083056e-01	1.93094652e-02
3.95000000e-01	7.39154261e+02	-5.09534055e-01	1.93064442e-02
3.96000000e-01	7.39153753e+02	-5.07004021e-01	1.93034391e-02
3.97000000e-01	7.39153247e+02	-5.04492766e-01	1.93004498e-02
3.98000000e-01	7.39152744e+02	-5.02000105e-01	1.92974763e-02
3.99000000e-01	7.39152243e+02	-4.99525856e-01	1.92945183e-02
4.00000000e-01	7.39151745e+02	-4.97069836e-01	1.92915758e-02
4.01000000e-01	7.39151249e+02	-4.94631869e-01	1.92886486e-02
4.02000000e-01	7.39150756e+02	-4.92211777e-01	1.92857367e-02
4.03000000e-01	7.39150265e+02	-4.89809386e-01	1.92828398e-02
4.04000000e-01	7.39149776e+02	-4.87424525e-01	1.92799579e-02
4.05000000e-01	7.39149290e+02	-4.85057024e-01	1.92770909e-02
4.06000000e-01	7.39148806e+02	-4.82706713e-01	1.92742386e-02
4.07000000e-01	7.39148325e+02	-4.80373429e-01	1.92714009e-02
4.08000000e-01	7.39147845e+02	-4.78057006e-01	1.92685778e-02
4.09000000e-01	7.39147368e+02	-4.75757283e-01	1.92657691e-02
4.10000000e-01	7.39146894e+02	-4.73474100e-01	1.92629747e-02
4.11000000e-01	7.39146421e+02	-4.71207299e-01	1.92601945e-02
4.12000000e-01	7.39145951e+02	-4.68956723e-01	1.92574283e-02
4.13000000e-01	7.39145484e+02	-4.66722218e-01	1.92546762e-02
4.14000000e-01	7.39145018e+02	-4.64503633e-01	1.92519379e-02
4.15000000e-01	7.39144555e+02	-4.62300815e-01	1.92492134e-02
4.16000000e-01	7.39144093e+02	-4.60113616e-01	1.92465025e-02
4.17000000e-01	7.39143634e+02	-4.57941889e-01	1.92438052e-02
4.18000000e-01	7.39143177e+02	-4.55785488e-01	1.92411214e-02
4.19000000e-01	7.39142723e+02	-4.53644271e-01	1.92384509e-02
4.20000000e-01	7.39142270e+02	-4.51518093e-01	1.92357937e-02
4.21000000e-01	7.39141820e+02	-4.49406816e-01	1.92331497e-02
4.22000000e-01	7.39141371e+02	-4.47310301e-01	1.92305187e-02
4.23000000e-01	7.39140925e+02	-4.45228410e-01	1.92279007e-02
4.24000000e-01	7.39140481e+02	-4.43161007e-01	1.92252956e-02
4.25000000e-01	7.39140039e+02	-4.41107959e-01	1.92227032e-02
4.26000000e-01	7.39139599e+02	-4.39069133e-01	1.92201235e-02
4.27000000e-01	7.39139161e+02	-4.37044399e-01	1.92175565e-02
4.28000000e-01	7.39138725e+02	-4.35033626e-01	1.92150019e-02
4.29000000e-01	7.39138291e+02	-4.33036687e-01	1.92124597e-02
4.30000000e-01	7.39137859e+02	-4.31053455e-01	1.92099299e-02
4.31000000e-01	7.39137428e+02	-4.29083806e-01	1.92074122e-02
4.32000000e-01	7.39137000e+02	-4.27127615e-01	1.92049068e-02
4.33000000e-01	7.39136574e+02	-4.25184761e-01	1.92024133e-02
4.34000000e-01	7.39136150e+02	-4.23255122e-01	1.91999319e-02
4.35000000e-01	7.39135728e+02	-4.21338580e-01	1.91974623e-02
4.36000000e-01	7.39135307e+02	-4.19435015e-01	1.91950045e-02
4.37000000e-01	7.39134889e+02	-4.17544311e-01	1.91925584e-02
4.38000000e-01	7.39134472e+02	-4.15666353e-01	1.91901240e-02
4.39000000e-01	7.39134058e+02	-4.13801027e-01	1.91877011e-02
4.40000000e-01	7.39133645e+02	-4.11948219e-01	1.91852897e-02
4.41000000e-01	7.39133234e+02	-4.10107817e-01	1.91828896e-02
4.42000000e-01	7.39132824e+02	-4.08279712e-01	1.91805009e-02
4.43000000e-01	7.39132417e+02	-4.06463794e-01	1.91781234e-02
4.44000000e-01	7.39132012e+02	-4.04659956e-01	1.91757570e-02
4.45000000e-01	7.39131608e+02	-4.02868089e-01	1.91734017e-02
4.46000000e-01	7.39131206e+02	-4.01088089e-01	1.91710573e-02
4.47000000e-01	7.39130806e+02	-3.99319852e-01	1.91687239e-02
4.48000000e-01	7.39130407e+02	-3.97563273e-01	1.91664013e-02
4.49000000e-01	7.39130010e+02	-3.95818251e-01	1.91640895e-02
4.50000000e-01	7.39129615e+02	-3.94084685e-01	1.91617884e-02
4.51000000e-01	7.39129222e+02	-3.92362474e-01	1.91594979e-02
4.52000000e-01	7.39128831e+02	-3.90651520e-01	1.91572179e-02
4.53000000e-01	7.39128441e+02	-3.88951725e-01	1.91549484e-02
4.54000000e-01	7.39128053e+02	-3.87262993e-01	1.91526893e-02
4.55000000e-01	7.39127666e+02	-3.85585226e-01	1.91504405e-02
4.56000000e-01	7.39127282e+02	-3.83918332e-01	1.91482019e-02
4.57000000e-01	7.39126899e+02	-3.82262216e-01	1.91459736e-02
4.58000000e-01	7.39126517e+02	-3.80616785e-01	1.91437553e-02
4.59000000e-01	7.39126137e+02	-3.78981948e-01	1.91415471e-02
4.60000000e-01	7.39125759e+02	-3.77357614e-01	1.91393489e-02
4.61000000e-01	7.39125383e+02	-3.75743693e-01	1.91371606e-02
4.62000000e-01	7.39125008e+02	-3.74140098e-01	1.91349821e-02
4.63000000e-01	7.39124634e+02	-3.72546739e-01	1.91328134e-02
4.64000000e-01	7.39124263e+02	-3.70963530e-01	1.91306545e-02
4.65000000e-01	7.39123892e+02	-3.69390385e-01	1.91285051e-02
4.66000000e-01	7.39123524e+02	-3.67827219e-01	1.91263654e-02
4.67000000e-01	7.39123157e+02	-3.66273948e-01	1.91242351e-02
4.68000000e-01	7.39122791e+02	-3.64730488e-01	1.91221143e-02
4.69000000e-01	7.39122427e+02	-3.63196758e-01	1.91200029e-02
4.70000000e-01	7.39122065e+02	-3.61672675e-01	1.91179009e-02
4.71000000e-01	7.39121704e+02	-3.60158159e-01	1.91158081e-02
4.72000000e-01	7.39121345e+02	-3.58653130e-01	1.91137245e-02
4.73000000e-01	7.39120987e+02	-3.57157509e-01	1.91116501e-02
4.74000000e-01	7.39120630e+02	-3.55671218e-01	1.91095847e-02
4.75000000e-01	7.39120275e+02	-3.54194179e-01	1.91075284e-02
4.76000000e-01	7.39119922e+02	-3.52726316e-01	1.91054810e-02
4.77000000e-01	7.39119570e+02	-3.51267553e-01	1.91034426e-02
4.78000000e-01	7.39119219e+02	-3.49817816e-01	1.91014130e-02
4.79000000e-01	7.39118870e+02	-3.48377029e-01	1.90993922e-02
4.80000000e-01	7.39118523e+02	-3.46945119e-01	1.90973801e-02
4.81000000e-01	7.39118176e+02	-3.45522014e-01	1.90953767e-02
4.82000000e-01	7.39117832e+02	-3.44107641e-01	1.90933819e-02
4.83000000e-01	7.39117488e+02	-3.42701930e-01	1.90913957e-02
4.84000000e-01	7.39117146e+02	-3.41304810e-01	1.90894180e-02
4.85000000e-01	7.39116806e+02	-3.39916211e-01	1.90874488e-02
4.86000000e-01	7.39116466e+02	-3.38536063e-01	1.90854880e-02
4.87000000e-01	7.39116129e+02	-3.37164299e-01	1.90835355e-02
4.88000000e-01	7.39115792e+02	-3.35800851e-01	1.90815913e-02
4.89000000e-01	7.39115457e+02	-3.34445651e-01	1.90796554e-02
4.90000000e-01	7.39115123e+02	-3.33098634e-01	1.90777277e-02
4.91000000e-01	7.39114791e+02	-3.31759734e-01	1.90758081e-02
4.92000000e-01	7.39114460e+02	-3.30428885e-01	1.90738966e-02
4.93000000e-01	7.39114130e+02	-3.29106023e-01	1.90719931e-02
4.94000000e-01	7.39113801e+02	-3.27791085e-01	1.90700976e-02
4.95000000e-01	7.39113474e+02	-3.26484008e-01	1.90682101e-02
4.96000000e-01	7.39113148e+02	-3.25184728e-01	1.90663305e-02
4.97000000e-01	7.39112824e+02	-3.23893184e-01	1.90644586e-02
4.98000000e-01	7.39112501e+02	-3.22609315e-01	1.90625946e-02
4.99000000e-01	7.39112179e+02	-3.21333060e-01	1.90607383e-02
5.00000000e-01	7.39111858e+02	-3.20064359e-01	1.90588897e-02
5.01000000e-01	7.39111539e+02	-3.18803153e-01	1.90570488e-02
5.02000000e-01	7.39111220e+02	-3.17549382e-01	1.90552155e-02
5.03000000e-01	7.39110903e+02	-3.16302989e-01	1.90533897e-02
5.04000000e-01	7.39110588e+02	-3.15063916e-01	1.90515714e-02
5.05000000e-01	7.39110273e+02	-3.13832105e-01	1.90497605e-02
5.06000000e-01	7.39109960e+02	-3.12607500e-01	1.90479571e-02
5.07000000e-01	7.39109648e+02	-3.11390044e-01	1.90461611e-02
5.08000000e-01	7.39109337e+02	-3.10179684e-01	1.90443723e-02
5.09000000e-01	7.39109028e+02	-3.08976362e-01	1.90425909e-02
5.10000000e-01	7.39108719e+02	-3.07780026e-01	1.90408167e-02
5.11000000e-01	7.39108412e+02	-3.06590620e-01	1.90390497e-02
5.12000000e-01	7.39108106e+02	-3.05408092e-01	1.90372898e-02
5.13000000e-01	7.39107801e+02	-3.04232388e-01	1.90355370e-02
5.14000000e-01	7.39107498e+02	-3.03063457e-01	1.90337913e-02
5.15000000e-01	7.39107195e+02	-3.01901247e-01	1.90320526e-02
5.16000000e-01	7.39106894e+02	-3.00745705e-01	1.90303209e-02
5.17000000e-01	7.39106594e+02	-2.99596782e-01	1.90285961e-02
5.18000000e-01	7.39106295e+02	-2.98454426e-01	1.90268782e-02
5.19000000e-01	7.39105997e+02	-2.97318588e-01	1.90251671e-02
5.20000000e-01	7.39105700e+02	-2.96189218e-01	1.90234629e-02
5.21000000e-01	7.39105405e+02	-2.95066267e-01	1.90217654e-02
5.22000000e-01	7.39105110e+02	-2.93949688e-01	1.90200747e-02
5.23000000e-01	7.39104817e+02	-2.92839431e-01	1.90183906e-02
5.24000000e-01	7.39104524e+02	-2.91735449e-01	1.90167132e-02
5.25000000e-01	7.39104233e+02	-2.90637695e-01	1.90150424e-02
5.26000000e-01	7.39103943e+02	-2.89546122e-01	1.90133782e-02
5.27000000e-01	7.39103654e+02	-2.88460684e-01	1.90117205e-02
5.28000000e-01	7.39103366e+02	-2.87381336e-01	1.90100693e-02
5.29000000e-01	7.39103079e+02	-2.86308030e-01	1.90084246e-02
5.30000000e-01	7.39102794e+02	-2.85240724e-01	1.90067862e-02
5.31000000e-01	7.39102509e+02	-2.84179371e-01	1.90051543e-02
5.32000000e-01	7.39102225e+02	-2.83123928e-01	1.90035287e-02
5.33000000e-01	7.39101943e+02	-2.82074352e-01	1.90019094e-02
5.34000000e-01	7.39101661e+02	-2.81030597e-01	1.90002964e-02
5.35000000e-01	7.39101381e+02	-2.79992623e-01	1.89986896e-02
5.36000000e-01	7.39101101e+02	-2.78960386e-01	1.89970890e-02
5.37000000e-01	7.39100823e+02	-2.77933843e-01	1.89954946e-02
5.38000000e-01	7.39100545e+02	-2.76912954e-01	1.89939063e-02
5.39000000e-01	7.39100269e+02	-2.75897677e-01	1.89923241e-02
5.40000000e-01	7.39099993e+02	-2.74887970e-01	1.89907479e-02
5.41000000e-01	7.39099719e+02	-2.73883793e-01	1.89891778e-02
5.42000000e-01	7.39099446e+02	-2.72885106e-01	1.89876136e-02
5.43000000e-01	7.39099173e+02	-2.71891868e-01	1.89860554e-02
5.44000000e-01	7.39098902e+02	-2.70904042e-01	1.89845032e-02
5.45000000e-01	7.39098631e+02	-2.69921586e-01	1.89829568e-02
5.46000000e-01	7.39098362e+02	-2.68944462e-01	1.89814162e-02
5.47000000e-01	7.39098094e+02	-2.67972633e-01	1.89798815e-02
5.48000000e-01	7.39097826e+02	-2.67006059e-01	1.89783526e-02
5.49000000e-01	7.39097560e+02	-2.66044702e-01	1.89768294e-02
5.50000000e-01	7.39097294e+02	-2.65088526e-01	1.89753120e-02
5.51000000e-01	7.39097029e+02	-2.64137493e-01	1.89738002e-02
5.52000000e-01	7.39096766e+02	-2.63191567e-01	1.89722941e-02
5.53000000e-01	7.39096503e+02	-2.62250710e-01	1.89707936e-02
5.54000000e-01	7.39096241e+02	-2.61314887e-01	1.89692987e-02
5.55000000e-01	7.39095980e+02	-2.60384062e-01	1.89678094e-02
5.56000000e-01	7.39095720e+02	-2.59458199e-01	1.89663256e-02
5.57000000e-01	7.39095461e+02	-2.58537264e-01	1.89648473e-02
5.58000000e-01	7.39095203e+02	-2.57621221e-01	1.89633745e-02
5.59000000e-01	7.39094946e+02	-2.56710036e-01	1.89619071e-02
5.60000000e-01	7.39094690e+02	-2.55803674e-01	1.89604451e-02
5.61000000e-01	7.39094435e+02	-2.54902102e-01	1.89589885e-02
5.62000000e-01	7.39094180e+02	-2.54005285e-01	1.89575372e-02
5.63000000e-01	7.39093927e+02	-2.53113191e-01	1.89560913e-02
5.64000000e-01	7.39093674e+02	-2.52225787e-01	1.89546507e-02
5.65000000e-01	7.39093422e+02	-2.51343039e-01	1.89532153e-02
5.66000000e-01	7.39093171e+02	-2.50464915e-01	1.89517852e-02
5.67000000e-01	7.39092921e+02	-2.49591383e-01	1.89503603e-02
5.68000000e-01	7.39092672e+02	-2.48722410e-01	1.89489405e-02
5.69000000e-01	7.39092424e+02	-2.47857966e-01	1.89475259e-02
5.70000000e-01	7.39092176e+02	-2.46998019e-01	1.89461164e-02
5.71000000e-01	7.39091930e+02	-2.46142538e-01	1.89447120e-02
5.72000000e-01	7.39091684e+02	-2.45291492e-01	1.89433127e-02
5.73000000e-01	7.39091439e+02	-2.44444849e-01	1.89419184e-02
5.74000000e-01	7.39091195e+02	-2.43602581e-01	1.89405291e-02
5.75000000e-01	7.39090952e+02	-2.42764657e-01	1.89391449e-02
5.76000000e-01	7.39090710e+02	-2.41931047e-01	1.89377655e-02
5.77000000e-01	7.39090468e+02	-2.41101721e-01	1.89363911e-02
5.78000000e-01	7.39090228e+02	-2.40276651e-01	1.89350216e-02
5.79000000e-01	7.39089988e+02	-2.39455806e-01	1.89336570e-02
5.80000000e-01	7.39089749e+02	-2.38639160e-01	1.89322972e-02
5.81000000e-01	7.39089510e+02	-2.37826682e-01	1.89309423e-02
5.82000000e-01	7.39089273e+02	-2.37018344e-01	1.89295922e-02
5.83000000e-01	7.39089036e+02	-2.36214119e-01	1.89282468e-02
5.84000000e-01	7.39088801e+02	-2.35413979e-01	1.89269062e-02
5.85000000e-01	7.39088566e+02	-2.34617895e-01	1.89255703e-02
5.86000000e-01	7.39088331e+02	-2.33825842e-01	1.89242391e-02
5.87000000e-01	7.39088098e+02	-2.33037790e-01	1.89229126e-02
5.88000000e-01	7.39087865e+02	-2.32253715e-01	1.89215907e-02
5.89000000e-01	7.39087633e+02	-2.31473588e-01	1.89202735e-02
5.90000000e-01	7.39087402e+02	-2.30697383e-01	1.89189609e-02
5.91000000e-01	7.39087172e+02	-2.29925075e-01	1.89176528e-02
5.92000000e-01	7.39086942e+02	-2.29156637e-01	1.89163493e-02
5.93000000e-01	7.39086714e+02	-2.28392044e-01	1.89150503e-02
5.94000000e-01	7.39086486e+02	-2.27631269e-01	1.89137559e-02
5.95000000e-01	7.39086258e+02	-2.26874288e-01	1.89124659e-02
5.96000000e-01	7.39086032e+02	-2.26121075e-01	1.89111804e-02
5.97000000e-01	7.39085806e+02	-2.25371605e-01	1.89098993e-02
5.98000000e-01	7.39085581e+02	-2.24625853e-01	1.89086226e-02
5.99000000e-01	7.39085357e+02	-2.23883796e-01	1.89073504e-02
6.00000000e-01	7.39085133e+02	-2.23145408e-01	1.89060825e-02
6.01000000e-01	7.39084911e+02	-2.22410666e-01	1.89048189e-02
6.02000000e-01	7.39084689e+02	-2.21679545e-01	1.89035597e-02
6.03000000e-01	7.39084467e+02	-2.20952022e-01	1.89023047e-02
6.04000000e-01	7.39084247e+02	-2.20228074e-01	1.89010541e-02
6.05000000e-01	7.39084027e+02	-2.19507676e-01	1.88998077e-02
6.06000000e-01	7.39083808e+02	-2.18790806e-01	1.88985655e-02
6.07000000e-01	7.39083589e+02	-2.18077440e-01	1.88973276e-02
6.08000000e-01	7.39083372e+02	-2.17367557e-01	1.88960938e-02
6.09000000e-01	7.39083155e+02	-2.16661133e-01	1.88948642e-02
6.10000000e-01	7.39082938e+02	-2.15958145e-01	1.88936388e-02
6.11000000e-01	7.39082723e+02	-2.15258573e-01	1.88924175e-02
6.12000000e-01	7.39082508e+02	-2.14562392e-01	1.88912003e-02
6.13000000e-01	7.39082294e+02	-2.13869583e-01	1.88899872e-02
6.14000000e-01	7.39082080e+02	-2.13180122e-01	1.88887782e-02
6.15000000e-01	7.39081867e+02	-2.12493989e-01	1.88875732e-02
6.16000000e-01	7.39081655e+02	-2.11811162e-01	1.88863723e-02
6.17000000e-01	7.39081444e+02	-2.11131619e-01	1.88851753e-02
6.18000000e-01	7.39081233e+02	-2.10455340e-01	1.88839823e-02
6.19000000e-01	7.39081023e+02	-2.09782305e-01	1.88827934e-02
6.20000000e-01	7.39080813e+02	-2.09112491e-01	1.88816083e-02
6.21000000e-01	7.39080604e+02	-2.08445880e-01	1.88804272e-02
6.22000000e-01	7.39080396e+02	-2.07782449e-01	1.88792500e-02
6.23000000e-01	7.39080189e+02	-2.07122180e-01	1.88780767e-02
6.24000000e-01	7.39079982e+02	-2.06465052e-01	1.88769072e-02
6.25000000e-01	7.39079776e+02	-2.05811045e-01	1.88757416e-02
6.26000000e-01	7.39079570e+02	-2.05160140e-01	1.88745798e-02
6.27000000e-01	7.39079366e+02	-2.04512316e-01	1.88734219e-02
6.28000000e-01	7.39079161e+02	-2.03867555e-01	1.88722677e-02
6.29000000e-01	7.39078958e+02	-2.03225837e-01	1.88711173e-02
6.30000000e-01	7.39078755e+02	-2.02587143e-01	1.88699707e-02
6.31000000e-01	7.39078553e+02	-2.01951455e-01	1.88688278e-02
6.32000000e-01	7.39078351e+02	-2.01318753e-01	1.88676886e-02
6.33000000e-01	7.39078150e+02	-2.00689018e-01	1.88665532e-02
6.34000000e-01	7.39077950e+02	-2.00062233e-01	1.88654214e-02
6.35000000e-01	7.39077750e+02	-1.99438378e-01	1.88642933e-02
6.36000000e-01	7.39077551e+02	-1.98817436e-01	1.88631688e-02
6.37000000e-01	7.39077352e+02	-1.98199388e-01	1.88620479e-02
6.38000000e-01	7.39077154e+02	-1.97584217e-01	1.88609307e-02
6.39000000e-01	7.39076957e+02	-1.96971905e-01	1.88598171e-02
6.40000000e-01	7.39076760e+02	-1.96362433e-01	1.88587070e-02
6.41000000e-01	7.39076564e+02	-1.95755785e-01	1.88576006e-02
6.42000000e-01	7.39076369e+02	-1.95151943e-01	1.88564976e-02
6.43000000e-01	7.39076174e+02	-1.94550890e-01	1.88553982e-02
6.44000000e-01	7.39075980e+02	-1.93952608e-01	1.88543023e-02
6.45000000e-01	7.39075786e+02	-1.93357081e-01	1.88532099e-02
6.46000000e-01	7.39075593e+02	-1.92764292e-01	1.88521209e-02
6.47000000e-01	7.39075401e+02	-1.92174223e-01	1.88510355e-02
6.48000000e-01	7.39075209e+02	-1.91586859e-01	1.88499534e-02
6.49000000e-01	7.39075018e+02	-1.91002183e-01	1.88488748e-02
6.50000000e-01	7.39074827e+02	-1.90420178e-01	1.88477996e-02
6.51000000e-01	7.39074637e+02	-1.89840829e-01	1.88467278e-02
6.52000000e-01	7.39074447e+02	-1.89264119e-01	1.88456594e-02
6.53000000e-01	7.39074258e+02	-1.88690031e-01	1.88445944e-02
6.54000000e-01	7.39074070e+02	-1.88118552e-01	1.88435327e-02
6.55000000e-01	7.39073882e+02	-1.87549663e-01	1.88424743e-02
6.56000000e-01	7.39073695e+02	-1.86983351e-01	1.88414192e-02
6.57000000e-01	7.39073508e+02	-1.86419598e-01	1.88403675e-02
6.58000000e-01	7.39073322e+02	-1.85858391e-01	1.88393190e-02
6.59000000e-01	7.39073136e+02	-1.85299713e-01	1.88382738e-02
6.60000000e-01	7.39072951e+02	-1.84743550e-01	1.88372318e-02
6.61000000e-01	7.39072767e+02	-1.84189886e-01	1.88361931e-02
6.62000000e-01	7.39072583e+02	-1.83638707e-01	1.88351576e-02
6.63000000e-01	7.39072400e+02	-1.83089997e-01	1.88341253e-02
6.64000000e-01	7.39072217e+02	-1.82543742e-01	1.88330963e-02
6.65000000e-01	7.39072034e+02	-1.81999928e-01	1.88320704e-02
6.66000000e-01	7.39071853e+02	-1.81458539e-01	1.88310476e-02
6.67000000e-01	7.39071672e+02	-1.80919561e-01	1.88300280e-02
6.68000000e-01	7.39071491e+02	-1.80382981e-01	1.88290116e-02
6.69000000e-01	7.39071311e+02	-1.79848783e-01	1.88279982e-02
6.70000000e-01	7.39071131e+02	-1.79316955e-01	1.88269880e-02
6.71000000e-01	7.39070952e+02	-1.78787481e-01	1.88259809e-02
6.72000000e-01	7.39070774e+02	-1.78260348e-01	1.88249768e-02
6.73000000e-01	7.39070596e+02	-1.77735542e-01	1.88239758e-02
6.74000000e-01	7.39070418e+02	-1.77213049e-01	1.88229779e-02
6.75000000e-01	7.39070241e+02	-1.76692857e-01	1.88219830e-02
6.76000000e-01	7.39070065e+02	-1.76174951e-01	1.88209911e-02
6.77000000e-01	7.39069889e+02	-1.75659318e-01	1.88200022e-02
6.78000000e-01	7.39069713e+02	-1.75145945e-01	1.88190163e-02
6.79000000e-01	7.39069539e+02	-1.74634818e-01	1.88180334e-02
6.80000000e-01	7.39069364e+02	-1.74125925e-01	1.88170535e-02
6.81000000e-01	7.39069190e+02	-1.73619252e-01	1.88160765e-02
6.82000000e-01	7.39069017e+02	-1.73114788e-01	1.88151025e-02
6.83000000e-01	7.39068844e+02	-1.72612517e-01	1.88141314e-02
6.84000000e-01	7.39068672e+02	-1.72112429e-01	1.88131632e-02
6.85000000e-01	7.39068500e+02	-1.71614511e-01	1.88121979e-02
6.86000000e-01	7.39068329e+02	-1.71118749e-01	1.88112355e-02
6.87000000e-01	7.39068158e+02	-1.70625132e-01	1.88102760e-02
6.88000000e-01	7.39067987e+02	-1.70133648e-01	1.88093193e-02
6.89000000e-01	7.39067817e+02	-1.69644283e-01	1.88083655e-02
6.90000000e-01	7.39067648e+02	-1.69157026e-01	1.88074145e-02
6.91000000e-01	7.39067479e+02	-1.68671864e-01	1.88064664e-02
6.92000000e-01	7.39067311e+02	-1.68188786e-01	1.88055210e-02
6.93000000e-01	7.39067143e+02	-1.67707780e-01	1.88045785e-02
6.94000000e-01	7.39066975e+02	-1.67228834e-01	1.88036387e-02
6.95000000e-01	7.39066808e+02	-1.66751937e-01	1.88027018e-02
6.96000000e-01	7.39066642e+02	-1.66277075e-01	1.88017676e-02
6.97000000e-01	7.39066476e+02	-1.65804239e-01	1.88008361e-02
6.98000000e-01	7.39066310e+02	-1.65333416e-01	1.87999074e-02
6.99000000e-01	7.39066145e+02	-1.64864595e-01	1.87989814e-02
7.00000000e-01	7.39065980e+02	-1.64397765e-01	1.87980581e-02
7.01000000e-01	7.39065816e+02	-1.63932914e-01	1.87971375e-02
7.02000000e-01	7.39065653e+02	-1.63470032e-01	1.87962196e-02
7.03000000e-01	7.39065489e+02	-1.63009107e-01	1.87953044e-02
7.04000000e-01	7.39065327e+02	-1.62550128e-01	1.87943918e-02
7.05000000e-01	7.39065164e+02	-1.62093084e-01	1.87934820e-02
7.06000000e-01	7.39065002e+02	-1.61637965e-01	1.87925747e-02
7.07000000e-01	7.39064841e+02	-1.61184759e-01	1.87916701e-02
7.08000000e-01	7.39064680e+02	-1.60733456e-01	1.87907681e-02
7.09000000e-01	7.39064519e+02	-1.60284046e-01	1.87898687e-02
7.10000000e-01	7.39064359e+02	-1.59836517e-01	1.87889719e-02
7.11000000e-01	7.39064200e+02	-1.59390859e-01	1.87880777e-02
7.12000000e-01	7.39064041e+02	-1.58947063e-01	1.87871861e-02
7.13000000e-01	7.39063882e+02	-1.58505116e-01	1.87862970e-02
7.14000000e-01	7.39063724e+02	-1.58065010e-01	1.87854105e-02
7.15000000e-01	7.39063566e+02	-1.57626734e-01	1.87845266e-02
7.16000000e-01	7.39063408e+02	-1.57190278e-01	1.87836451e-02
7.17000000e-01	7.39063251e+02	-1.56755631e-01	1.87827662e-02
7.18000000e-01	7.39063095e+02	-1.56322784e-01	1.87818898e-02
7.19000000e-01	7.39062939e+02	-1.55891728e-01	1.87810159e-02
7.20000000e-01	7.39062783e+02	-1.55462451e-01	1.87801445e-02
7.21000000e-01	7.39062628e+02	-1.55034944e-01	1.87792756e-02
7.22000000e-01	7.39062473e+02	-1.54609198e-01	1.87784091e-02
7.23000000e-01	7.39062319e+02	-1.54185203e-01	1.87775451e-02
7.24000000e-01	7.39062165e+02	-1.53762949e-01	1.87766836e-02
7.25000000e-01	7.39062011e+02	-1.53342427e-01	1.87758244e-02
7.26000000e-01	7.39061858e+02	-1.52923628e-01	1.87749677e-02
7.27000000e-01	7.39061705e+02	-1.52506541e-01	1.87741134e-02
7.28000000e-01	7.39061553e+02	-1.52091158e-01	1.87732616e-02
7.29000000e-01	7.39061401e+02	-1.51677469e-01	1.87724121e-02
7.30000000e-01	7.39061250e+02	-1.51265465e-01	1.87715650e-02
7.31000000e-01	7.39061099e+02	-1.50855137e-01	1.87707203e-02
7.32000000e-01	7.39060948e+02	-1.50446477e-01	1.87698779e-02
7.33000000e-01	7.39060798e+02	-1.50039474e-01	1.87690379e-02
7.34000000e-01	7.39060648e+02	-1.49634120e-01	1.87682002e-02
7.35000000e-01	7.39060498e+02	-1.49230406e-01	1.87673649e-02
7.36000000e-01	7.39060349e+02	-1.48828324e-01	1.87665319e-02
7.37000000e-01	7.39060201e+02	-1.48427864e-01	1.87657012e-02
7.38000000e-01	7.39060053e+02	-1.48029017e-01	1.87648729e-02
7.39000000e-01	7.39059905e+02	-1.47631776e-01	1.87640468e-02
7.40000000e-01	7.39059757e+02	-1.47236131e-01	1.87632230e-02
7.41000000e-01	7.39059610e+02	-1.46842074e-01	1.87624015e-02
7.42000000e-01	7.39059464e+02	-1.46449597e-01	1.87615823e-02
7.43000000e-01	7.39059317e+02	-1.46058691e-01	1.87607653e-02
7.44000000e-01	7.39059172e+02	-1.45669347e-01	1.87599505e-02
7.45000000e-01	7.39059026e+02	-1.45281558e-01	1.87591380e-02
7.46000000e-01	7.39058881e+02	-1.44895315e-01	1.87583278e-02
7.47000000e-01	7.39058736e+02	-1.44510609e-01	1.87575197e-02
7.48000000e-01	7.39058592e+02	-1.44127434e-01	1.87567139e-02
7.49000000e-01	7.39058448e+02	-1.43745780e-01	1.87559103e-02
7.50000000e-01	7.39058304e+02	-1.43365640e-01	1.87551089e-02
7.51000000e-01	7.39058161e+02	-1.42987005e-01	1.87543096e-02
7.52000000e-01	7.39058019e+02	-1.42609868e-01	1.87535126e-02
7.53000000e-01	7.39057876e+02	-1.42234221e-01	1.87527177e-02
7.54000000e-01	7.39057734e+02	-1.41860055e-01	1.87519249e-02
7.55000000e-01	7.39057592e+02	-1.41487364e-01	1.87511343e-02
7.56000000e-01	7.39057451e+02	-1.41116139e-01	1.87503459e-02
7.57000000e-01	7.39057310e+02	-1.40746373e-01	1.87495596e-02
7.58000000e-01	7.39057170e+02	-1.40378058e-01	1.87487754e-02
7.59000000e-01	7.39057029e+02	-1.40011187e-01	1.87479933e-02
7.60000000e-01	7.39056890e+02	-1.39645752e-01	1.87472133e-02
7.61000000e-01	7.39056750e+02	-1.39281745e-01	1.87464355e-02
7.62000000e-01	7.39056611e+02	-1.38919159e-01	1.87456597e-02
7.63000000e-01	7.39056472e+02	-1.38557987e-01	1.87448860e-02
7.64000000e-01	7.39056334e+02	-1.38198221e-01	1.87441144e-02
7.65000000e-01	7.39056196e+02	-1.37839855e-01	1.87433448e-02
7.66000000e-01	7.39056058e+02	-1.37482880e-01	1.87425773e-02
7.67000000e-01	7.39055921e+02	-1.37127290e-01	1.87418119e-02
7.68000000e-01	7.39055784e+02	-1.36773077e-01	1.87410485e-02
7.69000000e-01	7.39055647e+02	-1.36420235e-01	1.87402871e-02
7.70000000e-01	7.39055511e+02	-1.36068756e-01	1.87395277e-02
7.71000000e-01	7.39055375e+02	-1.35718633e-01	1.87387704e-02
7.72000000e-01	7.39055240e+02	-1.35369860e-01	1.87380151e-02
7.73000000e-01	7.39055105e+02	-1.35022429e-01	1.87372618e-02
7.74000000e-01	7.39054970e+02	-1.34676333e-01	1.87365104e-02
7.75000000e-01	7.39054835e+02	-1.34331567e-01	1.87357611e-02
7.76000000e-01	7.39054701e+02	-1.33988122e-01	1.87350137e-02
7.77000000e-01	7.39054567e+02	-1.33645992e-01	1.87342683e-02
7.78000000e-01	7.39054434e+02	-1.33305171e-01	1.87335248e-02
7.79000000e-01	7.39054301e+02	-1.32965652e-01	1.87327833e-02
7.80000000e-01	7.39054168e+02	-1.32627428e-01	1.87320438e-02
7.81000000e-01	7.39054035e+02	-1.32290492e-01	1.87313062e-02
7.82000000e-01	7.39053903e+02	-1.31954839e-01	1.87305705e-02
7.83000000e-01	7.39053771e+02	-1.31620461e-01	1.87298368e-02
7.84000000e-01	7.39053640e+02	-1.31287352e-01	1.87291049e-02
7.85000000e-01	7.39053509e+02	-1.30955506e-01	1.87283750e-02
7.86000000e-01	7.39053378e+02	-1.30624916e-01	1.87276469e-02
7.87000000e-01	7.39053248e+02	-1.30295576e-01	1.87269208e-02
7.88000000e-01	7.39053117e+02	-1.29967480e-01	1.87261966e-02
7.89000000e-01	7.39052988e+02	-1.29640621e-01	1.87254742e-02
7.90000000e-01	7.39052858e+02	-1.29314994e-01	1.87247537e-02
7.91000000e-01	7.39052729e+02	-1.28990592e-01	1.87240350e-02
7.92000000e-01	7.39052600e+02	-1.28667408e-01	1.87233182e-02
7.93000000e-01	7.39052472e+02	-1.28345438e-01	1.87226033e-02
7.94000000e-01	7.39052344e+02	-1.28024674e-01	1.87218902e-02
7.95000000e-01	7.39052216e+02	-1.27705111e-01	1.87211790e-02
7.96000000e-01	7.39052088e+02	-1.27386742e-01	1.87204695e-02
7.97000000e-01	7.39051961e+02	-1.27069563e-01	1.87197619e-02
7.98000000e-01	7.39051834e+02	-1.26753566e-01	1.87190561e-02
7.99000000e-01	7.39051707e+02	-1.26438747e-01	1.87183521e-02
8.00000000e-01	7.39051581e+02	-1.26125098e-01	1.87176499e-02
8.01000000e-01	7.39051455e+02	-1.25812616e-01	1.87169495e-02
8.02000000e-01	7.39051330e+02	-1.25501292e-01	1.87162509e-02
8.03000000e-01	7.39051204e+02	-1.25191123e-01	1.87155541e-02
8.04000000e-01	7.39051079e+02	-1.24882102e-01	1.87148590e-02
8.05000000e-01	7.39050954e+02	-1.24574223e-01	1.87141657e-02
8.06000000e-01	7.39050830e+02	-1.24267481e-01	1.87134742e-02
8.07000000e-01	7.39050706e+02	-1.23961871e-01	1.87127844e-02
8.08000000e-01	7.39050582e+02	-1.23657386e-01	1.87120964e-02
8.09000000e-01	7.39050459e+02	-1.23354022e-01	1.87114101e-02
8.10000000e-01	7.39050335e+02	-1.23051772e-01	1.87107255e-02
8.11000000e-01	7.39050212e+02	-1.22750632e-01	1.87100427e-02
8.12000000e-01	7.39050090e+02	-1.22450595e-01	1.87093616e-02
8.13000000e-01	7.39049968e+02	-1.22151657e-01	1.87086822e-02
8.14000000e-01	7.39049846e+02	-1.21853813e-01	1.87080045e-02
8.15000000e-01	7.39049724e+02	-1.21557056e-01	1.87073285e-02
8.16000000e-01	7.39049602e+02	-1.21261381e-01	1.87066542e-02
8.17000000e-01	7.39049481e+02	-1.20966784e-01	1.87059815e-02
8.18000000e-01	7.39049361e+02	-1.20673259e-01	1.87053106e-02
8.19000000e-01	7.39049240e+02	-1.20380801e-01	1.87046413e-02
8.20000000e-01	7.39049120e+02	-1.20089404e-01	1.87039738e-02
8.21000000e-01	7.39049000e+02	-1.19799064e-01	1.87033078e-02
8.22000000e-01	7.39048880e+02	-1.19509776e-01	1.87026435e-02
8.23000000e-01	7.39048761e+02	-1.19221534e-01	1.87019809e-02
8.24000000e-01	7.39048642e+02	-1.18934333e-01	1.87013199e-02
8.25000000e-01	7.39048523e+02	-1.18648169e-01	1.87006606e-02
8.26000000e-01	7.39048404e+02	-1.18363036e-01	1.87000029e-02
8.27000000e-01	7.39048286e+02	-1.18078929e-01	1.86993468e-02
8.28000000e-01	7.39048168e+02	-1.17795844e-01	1.86986923e-02
8.29000000e-01	7.39048051e+02	-1.17513776e-01	1.86980395e-02
8.30000000e-01	7.39047933e+02	-1.17232719e-01	1.86973882e-02
8.31000000e-01	7.39047816e+02	-1.16952669e-01	1.86967386e-02
8.32000000e-01	7.39047699e+02	-1.16673621e-01	1.86960905e-02
8.33000000e-01	7.39047583e+02	-1.16395571e-01	1.86954441e-02
8.34000000e-01	7.39047467e+02	-1.16118513e-01	1.86947992e-02
8.35000000e-01	7.39047351e+02	-1.15842443e-01	1.86941559e-02
8.36000000e-01	7.39047235e+02	-1.15567357e-01	1.86935142e-02
8.37000000e-01	7.39047120e+02	-1.15293248e-01	1.86928740e-02
8.38000000e-01	7.39047004e+02	-1.15020114e-01	1.86922354e-02
8.39000000e-01	7.39046889e+02	-1.14747949e-01	1.86915984e-02
8.40000000e-01	7.39046775e+02	-1.14476749e-01	1.86909629e-02
8.41000000e-01	7.39046661e+02	-1.14206509e-01	1.86903290e-02
8.42000000e-01	7.39046546e+02	-1.13937224e-01	1.86896965e-02
8.43000000e-01	7.39046433e+02	-1.13668890e-01	1.86890657e-02
8.44000000e-01	7.39046319e+02	-1.13401504e-01	1.86884363e-02
8.45000000e-01	7.39046206e+02	-1.13135059e-01	1.86878085e-02
8.46000000e-01	7.39046093e+02	-1.12869552e-01	1.86871822e-02
8.47000000e-01	7.39045980e+02	-1.12604979e-01	1.86865574e-02
8.48000000e-01	7.39045868e+02	-1.12341334e-01	1.86859341e-02
8.49000000e-01	7.39045755e+02	-1.12078615e-01	1.86853123e-02
8.50000000e-01	7.39045644e+02	-1.11816815e-01	1.86846920e-02
8.51000000e-01	7.39045532e+02	-1.11555932e-01	1.86840732e-02
8.52000000e-01	7.39045420e+02	-1.11295960e-01	1.86834558e-02
8.53000000e-01	7.39045309e+02	-1.11036897e-01	1.86828400e-02
8.54000000e-01	7.39045198e+02	-1.10778736e-01	1.86822256e-02
8.55000000e-01	7.39045088e+02	-1.10521474e-01	1.86816127e-02
8.56000000e-01	7.39044977e+02	-1.10265108e-01	1.86810013e-02
8.57000000e-01	7.39044867e+02	-1.10009632e-01	1.86803913e-02
8.58000000e-01	7.39044757e+02	-1.09755043e-01	1.86797827e-02
8.59000000e-01	7.39044648e+02	-1.09501337e-01	1.86791756e-02
8.60000000e-01	7.39044538e+02	-1.09248509e-01	1.86785700e-02
8.61000000e-01	7.39044429e+02	-1.08996555e-01	1.86779658e-02
8.62000000e-01	7.39044320e+02	-1.08745472e-01	1.86773630e-02
8.63000000e-01	7.39044212e+02	-1.08495256e-01	1.86767616e-02
8.64000000e-01	7.39044103e+02	-1.08245902e-01	1.86761617e-02
8.65000000e-01	7.39043995e+02	-1.07997406e-01	1.86755632e-02
8.66000000e-01	7.39043887e+02	-1.07749765e-01	1.86749661e-02
8.67000000e-01	7.39043780e+02	-1.07502975e-01	1.86743704e-02
8.68000000e-01	7.39043672e+02	-1.07257032e-01	1.86737761e-02
8.69000000e-01	7.39043565e+02	-1.07011931e-01	1.86731832e-02
8.70000000e-01	7.39043458e+02	-1.06767669e-01	1.86725917e-02
8.71000000e-01	7.39043352e+02	-1.06524243e-01	1.86720015e-02
8.72000000e-01	7.39043245e+02	-1.06281648e-01	1.86714128e-02
8.73000000e-01	7.39043139e+02	-1.06039881e-01	1.86708254e-02
8.74000000e-01	7.39043033e+02	-1.05798937e-01	1.86702394e-02
8.75000000e-01	7.39042928e+02	-1.05558814e-01	1.86696548e-02
8.76000000e-01	7.39042822e+02	-1.05319507e-01	1.86690715e-02
8.77000000e-01	7.39042717e+02	-1.05081013e-01	1.86684896e-02
8.78000000e-01	7.39042612e+02	-1.04843328e-01	1.86679091e-02
8.79000000e-01	7.39042507e+02	-1.04606448e-01	1.86673299e-02
8.80000000e-01	7.39042403e+02	-1.04370370e-01	1.86667520e-02
8.81000000e-01	7.39042298e+02	-1.04135091e-01	1.86661755e-02
8.82000000e-01	7.39042194e+02	-1.03900606e-01	1.86656003e-02
8.83000000e-01	7.39042091e+02	-1.03666911e-01	1.86650264e-02
8.84000000e-01	7.39041987e+02	-1.03434005e-01	1.86644539e-02
8.85000000e-01	7.39041884e+02	-1.03201882e-01	1.86638827e-02
8.86000000e-01	7.39041781e+02	-1.02970539e-01	1.86633128e-02
8.87000000e-01	7.39041678e+02	-1.02739974e-01	1.86627442e-02
8.88000000e-01	7.39041575e+02	-1.02510182e-01	1.86621769e-02
8.89000000e-01	7.39041473e+02	-1.02281159e-01	1.86616109e-02
8.90000000e-01	7.39041371e+02	-1.02052904e-01	1.86610463e-02
8.91000000e-01	7.39041269e+02	-1.01825411e-01	1.86604829e-02
8.92000000e-01	7.39041167e+02	-1.01598678e-01	1.86599208e-02
8.93000000e-01	7.39041066e+02	-1.01372702e-01	1.86593600e-02
8.94000000e-01	7.39040964e+02	-1.01147478e-01	1.86588004e-02
8.95000000e-01	7.39040863e+02	-1.00923004e-01	1.86582422e-02
8.96000000e-01	7.39040762e+02	-1.00699277e-01	1.86576852e-02
8.97000000e-01	7.39040662e+02	-1.00476292e-01	1.86571295e-02
8.98000000e-01	7.39040562e+02	-1.00254047e-01	1.86565750e-02
8.99000000e-01	7.39040461e+02	-1.00032539e-01	1.86560218e-02
9.00000000e-01	7.39040361e+02	-9.98117638e-02	1.86554699e-02
9.01000000e-01	7.39040262e+02	-9.95917186e-02	1.86549192e-02
9.02000000e-01	7.39040162e+02	-9.93724002e-02	1.86543697e-02
9.03000000e-01	7.39040063e+02	-9.91538053e-02	1.86538215e-02
9.04000000e-01	7.39039964e+02	-9.89359308e-02	1.86532746e-02
9.05000000e-01	7.39039865e+02	-9.87187735e-02	1.86527288e-02
9.06000000e-01	7.39039767e+02	-9.85023303e-02	1.86521843e-02
9.07000000e-01	7.39039668e+02	-9.82865981e-02	1.86516410e-02
9.08000000e-01	7.39039570e+02	-9.80715737e-02	1.86510990e-02
9.09000000e-01	7.39039472e+02	-9.78572541e-02	1.86505581e-02
9.10000000e-01	7.39039374e+02	-9.76436361e-02	1.86500185e-02
9.11000000e-01	7.39039277e+02	-9.74307167e-02	1.86494801e-02
9.12000000e-01	7.39039179e+02	-9.72184930e-02	1.86489428e-02
9.13000000e-01	7.39039082e+02	-9.70069617e-02	1.86484068e-02
9.14000000e-01	7.39038985e+02	-9.67961200e-02	1.86478720e-02
9.15000000e-01	7.39038889e+02	-9.65859649e-02	1.86473384e-02
9.16000000e-01	7.39038792e+02	-9.63764933e-02	1.86468059e-02
9.17000000e-01	7.39038696e+02	-9.61677023e-02	1.86462747e-02
9.18000000e-01	7.39038600e+02	-9.59595890e-02	1.86457446e-02
9.19000000e-01	7.39038504e+02	-9.57521504e-02	1.86452157e-02
9.20000000e-01	7.39038408e+02	-9.55453836e-02	1.86446880e-02
9.21000000e-01	7.39038313e+02	-9.53392858e-02	1.86441614e-02
9.22000000e-01	7.39038218e+02	-9.51338540e-02	1.86436360e-02
9.23000000e-01	7.39038123e+02	-9.49290854e-02	1.86431118e-02
9.24000000e-01	7.39038028e+02	-9.47249770e-02	1.86425887e-02
9.25000000e-01	7.39037933e+02	-9.45215262e-02	1.86420668e-02
9.26000000e-01	7.39037839e+02	-9.43187301e-02	1.86415460e-02
9.27000000e-01	7.39037745e+02	-9.41165858e-02	1.86410264e-02
9.28000000e-01	7.39037651e+02	-9.39150906e-02	1.86405079e-02
9.29000000e-01	7.39037557e+02	-9.37142416e-02	1.86399905e-02
9.30000000e-01	7.39037463e+02	-9.35140362e-02	1.86394743e-02
9.31000000e-01	7.39037370e+02	-9.33144716e-02	1.86389592e-02
9.32000000e-01	7.39037277e+02	-9.31155451e-02	1.86384453e-02
9.33000000e-01	7.39037184e+02	-9.29172539e-02	1.86379324e-02
9.34000000e-01	7.39037091e+02	-9.27195953e-02	1.86374207e-02
9.35000000e-01	7.39036998e+02	-9.25225667e-02	1.86369101e-02
9.36000000e-01	7.39036906e+02	-9.23261654e-02	1.86364006e-02
9.37000000e-01	7.39036814e+02	-9.21303887e-02	1.86358922e-02
9.38000000e-01	7.39036721e+02	-9.19352339e-02	1.86353850e-02
9.39000000e-01	7.39036630e+02	-9.17406985e-02	1.86348788e-02
9.40000000e-01	7.39036538e+02	-9.15467798e-02	1.86343737e-02
9.41000000e-01	7.39036447e+02	-9.13534753e-02	1.86338697e-02
9.42000000e-01	7.39036355e+02	-9.11607822e-02	1.86333669e-02
9.43000000e-01	7.39036264e+02	-9.09686981e-02	1.86328651e-02
9.44000000e-01	7.39036173e+02	-9.07772205e-02	1.86323643e-02
9.45000000e-01	7.39036083e+02	-9.05863466e-02	1.86318647e-02
9.46000000e-01	7.39035992e+02	-9.03960741e-02	1.86313661e-02
9.47000000e-01	7.39035902e+02	-9.02064003e-02	1.86308686e-02
9.48000000e-01	7.39035812e+02	-9.00173228e-02	1.86303722e-02
9.49000000e-01	7.39035722e+02	-8.98288391e-02	1.86298769e-02
9.50000000e-01	7.39035632e+02	-8.96409467e-02	1.86293826e-02
9.51000000e-01	7.39035543e+02	-8.94536431e-02	1.86288893e-02
9.52000000e-01	7.39035453e+02	-8.92669259e-02	1.86283972e-02
9.53000000e-01	7.39035364e+02	-8.90807926e-02	1.86279061e-02
9.54000000e-01	7.39035275e+02	-8.88952407e-02	1.86274160e-02
9.55000000e-01	7.39035186e+02	-8.87102680e-02	1.86269270e-02
9.56000000e-01	7.39035098e+02	-8.85258719e-02	1.86264390e-02
9.57000000e-01	7.39035009e+02	-8.83420501e-02	1.86259520e-02
9.58000000e-01	7.39034921e+02	-8.81588002e-02	1.86254661e-02
9.59000000e-01	7.39034833e+02	-8.79761198e-02	1.86249812e-02
9.60000000e-01	7.39034745e+02	-8.77940065e-02	1.86244974e-02
9.61000000e-01	7.39034657e+02	-8.76124581e-02	1.86240146e-02
9.62000000e-01	7.39034570e+02	-8.74314721e-02	1.86235328e-02
9.63000000e-01	7.39034482e+02	-8.72510463e-02	1.86230520e-02
9.64000000e-01	7.39034395e+02	-8.70711784e-02	1.86225722e-02
9.65000000e-01	7.39034308e+02	-8.68918660e-02	1.86220935e-02
9.66000000e-01	7.39034222e+02	-8.67131069e-02	1.86216157e-02
9.67000000e-01	7.39034135e+02	-8.65348988e-02	1.86211390e-02
9.68000000e-01	7.39034048e+02	-8.63572394e-02	1.86206633e-02
9.69000000e-01	7.39033962e+02	-8.61801265e-02	1.86201885e-02
9.70000000e-01	7.39033876e+02	-8.60035579e-02	1.86197148e-02
9.71000000e-01	7.39033790e+02	-8.58275313e-02	1.86192421e-02
9.72000000e-01	7.39033704e+02	-8.56520445e-02	1.86187703e-02
9.73000000e-01	7.39033619e+02	-8.54770952e-02	1.86182996e-02
9.74000000e-01	7.39033534e+02	-8.53026814e-02	1.86178298e-02
9.75000000e-01	7.39033448e+02	-8.51288008e-02	1.86173610e-02
9.76000000e-01	7.39033363e+02	-8.49554513e-02	1.86168932e-02
9.77000000e-01	7.39033278e+02	-8.47826306e-02	1.86164263e-02
9.78000000e-01	7.39033194e+02	-8.46103367e-02	1.86159605e-02
9.79000000e-01	7.39033109e+02	-8.44385674e-02	1.86154956e-02
9.80000000e-01	7.39033025e+02	-8.42673206e-02	1.86150316e-02
9.81000000e-01	7.39032941e+02	-8.40965941e-02	1.86145687e-02
9.82000000e-01	7.39032857e+02	-8.39263859e-02	1.86141067e-02
9.83000000e-01	7.39032773e+02	-8.37566939e-02	1.86136456e-02
9.84000000e-01	7.39032689e+02	-8.35875159e-02	1.86131855e-02
9.85000000e-01	7.39032606e+02	-8.34188499e-02	1.86127264e-02
9.86000000e-01	7.39032522e+02	-8.32506939e-02	1.86122682e-02
9.87000000e-01	7.39032439e+02	-8.30830458e-02	1.86118109e-02
9.88000000e-01	7.39032356e+02	-8.29159034e-02	1.86113546e-02
9.89000000e-01	7.39032273e+02	-8.27492649e-02	1.86108993e-02
9.90000000e-01	7.39032191e+02	-8.25831282e-02	1.86104448e-02
9.91000000e-01	7.39032108e+02	-8.24174913e-02	1.86099913e-02
9.92000000e-01	7.39032026e+02	-8.22523521e-02	1.86095388e-02
9.93000000e-01	7.39031944e+02	-8.20877087e-02	1.86090871e-02
9.94000000e-01	7.39031862e+02	-8.19235592e-02	1.86086364e-02
9.95000000e-01	7.39031780e+02	-8.17599014e-02	1.86081866e-02
9.96000000e-01	7.39031698e+02	-8.15967335e-02	1.86077378e-02
9.97000000e-01	7.39031617e+02	-8.14340535e-02	1.86072898e-02
9.98000000e-01	7.39031535e+02	-8.12718595e-02	1.86068428e-02
9.99000000e-01	7.39031454e+02	-8.11101495e-02	1.86063966e-02
