1.00000000e-03	4.63420449e+02	-9.99720078e+04	4.98133674e-03
2.00000000e-03	4.13461810e+02	-2.49456685e+04	9.85400147e-03
3.00000000e-03	3.96861451e+02	-1.10334050e+04	1.45244461e-02
4.00000000e-03	3.88615969e+02	-6.15266249e+03	1.89238308e-02
5.00000000e-03	3.83721458e+02	-3.88702082e+03	2.30101313e-02
6.00000000e-03	3.80507314e+02	-2.65298899e+03	2.67645984e-02
7.00000000e-03	3.78255604e+02	-1.90765183e+03	3.01857700e-02
8.00000000e-03	3.76605998e+02	-1.42389282e+03	3.32835124e-02
9.00000000e-03	3.75357409e+02	-1.09293932e+03	3.60742642e-02
1.00000000e-02	3.74388606e+02	-8.57299248e+02	3.85777028e-02
1.10000000e-02	3.73622096e+02	-6.84211864e+02	4.08146125e-02
1.20000000e-02	3.73006011e+02	-5.53870031e+02	4.28056222e-02
1.30000000e-02	3.72504340e+02	-4.53712164e+02	4.45705179e-02
1.40000000e-02	3.72091316e+02	-3.75452402e+02	4.61279122e-02
1.50000000e-02	3.71748037e+02	-3.13442758e+02	4.74951253e-02
1.60000000e-02	3.71460345e+02	-2.63724777e+02	4.86881832e-02
1.70000000e-02	3.71217446e+02	-2.23457281e+02	4.97218767e-02
1.80000000e-02	3.71010980e+02	-1.90558602e+02	5.06098474e-02
1.90000000e-02	3.70834394e+02	-1.63475927e+02	5.13646823e-02
2.00000000e-02	3.70682485e+02	-1.41032555e+02	5.19980065e-02
2.10000000e-02	3.70551086e+02	-1.22324318e+02	5.25205678e-02
2.20000000e-02	3.70436827e+02	-1.06647844e+02	5.29423137e-02
2.30000000e-02	3.70336965e+02	-9.34499314e+01	5.32724582e-02
2.40000000e-02	3.70249249e+02	-8.22912179e+01	5.35195401e-02
2.50000000e-02	3.70171821e+02	-7.28196879e+01	5.36914736e-02
2.60000000e-02	3.70103142e+02	-6.47510964e+01	5.37955925e-02
2.70000000e-02	3.70041929e+02	-5.78543097e+01	5.38386887e-02
2.80000000e-02	3.69987106e+02	-5.19401993e+01	5.38270468e-02
2.90000000e-02	3.69937773e+02	-4.68531360e+01	5.37664747e-02
3.00000000e-02	3.69893168e+02	-4.24644101e+01	5.36623321e-02
3.10000000e-02	3.69852647e+02	-3.86670925e+01	5.35195567e-02
3.20000000e-02	3.69815666e+02	-3.53719883e+01	5.33426888e-02
3.30000000e-02	3.69781761e+02	-3.25044240e+01	5.31358945e-02
3.40000000e-02	3.69750536e+02	-3.00016774e+01	5.29029886e-02
3.50000000e-02	3.69721653e+02	-2.78109087e+01	5.26474557e-02
3.60000000e-02	3.69694825e+02	-2.58874841e+01	5.23724717e-02
3.70000000e-02	3.69669802e+02	-2.41936092e+01	5.20809235e-02
3.80000000e-02	3.69646372e+02	-2.26972097e+01	5.17754286e-02
3.90000000e-02	3.69624351e+02	-2.13710099e+01	5.14583546e-02
4.00000000e-02	3.69603581e+02	-2.01917714e+01	5.11318367e-02
4.10000000e-02	3.69583925e+02	-1.91396600e+01	5.07977954e-02
4.20000000e-02	3.69565265e+02	-1.81977197e+01	5.04579534e-02
4.30000000e-02	3.69547498e+02	-1.73514325e+01	5.01138508e-02
4.40000000e-02	3.69530534e+02	-1.65883491e+01	4.97668611e-02
4.50000000e-02	3.69514297e+02	-1.58977790e+01	4.94182045e-02
4.60000000e-02	3.69498718e+02	-1.52705299e+01	4.90689616e-02
4.70000000e-02	3.69483737e+02	-1.46986867e+01	4.87200858e-02
4.80000000e-02	3.69469304e+02	-1.41754250e+01	4.83724150e-02
4.90000000e-02	3.69455372e+02	-1.36948534e+01	4.80266824e-02
5.00000000e-02	3.69441902e+02	-1.32518796e+01	4.76835262e-02
5.10000000e-02	3.69428857e+02	-1.28420955e+01	4.73434993e-02
5.20000000e-02	3.69416208e+02	-1.24616811e+01	4.70070775e-02
5.30000000e-02	3.69403925e+02	-1.21073212e+01	4.66746672e-02
5.40000000e-02	3.69391985e+02	-1.17761349e+01	4.63466129e-02
5.50000000e-02	3.69380366e+02	-1.14656156e+01	4.60232033e-02
5.60000000e-02	3.69369048e+02	-1.11735787e+01	4.57046776e-02
5.70000000e-02	3.69358014e+02	-1.08981180e+01	4.53912305e-02
5.80000000e-02	3.69347247e+02	-1.06375674e+01	4.50830175e-02
5.90000000e-02	3.69336734e+02	-1.03904688e+01	4.47801591e-02
6.00000000e-02	3.69326462e+02	-1.01555437e+01	4.44827449e-02
6.10000000e-02	3.69316419e+02	-9.93166945e+00	4.41908369e-02
6.20000000e-02	3.69306595e+02	-9.71785855e+00	4.39044734e-02
6.30000000e-02	3.69296980e+02	-9.51324079e+00	4.36236714e-02
6.40000000e-02	3.69287566e+02	-9.31704794e+00	4.33484293e-02
6.50000000e-02	3.69278344e+02	-9.12860046e+00	4.30787295e-02
6.60000000e-02	3.69269306e+02	-8.94729610e+00	4.28145404e-02
6.70000000e-02	3.69260447e+02	-8.77259999e+00	4.25558180e-02
6.80000000e-02	3.69251759e+02	-8.60403606e+00	4.23025082e-02
6.90000000e-02	3.69243237e+02	-8.44117966e+00	4.20545479e-02
7.00000000e-02	3.69234875e+02	-8.28365113e+00	4.18118663e-02
7.10000000e-02	3.69226668e+02	-8.13111020e+00	4.15743864e-02
7.20000000e-02	3.69218611e+02	-7.98325118e+00	4.13420257e-02
7.30000000e-02	3.69210700e+02	-7.83979874e+00	4.11146975e-02
7.40000000e-02	3.69202930e+02	-7.70050427e+00	4.08923115e-02
7.50000000e-02	3.69195298e+02	-7.56514265e+00	4.06747747e-02
7.60000000e-02	3.69187799e+02	-7.43350952e+00	4.04619920e-02
7.70000000e-02	3.69180429e+02	-7.30541886e+00	4.02538665e-02
7.80000000e-02	3.69173187e+02	-7.18070083e+00	4.00503007e-02
7.90000000e-02	3.69166067e+02	-7.05919997e+00	3.98511960e-02
8.00000000e-02	3.69159067e+02	-6.94077357e+00	3.96564539e-02
8.10000000e-02	3.69152184e+02	-6.82529026e+00	3.94659761e-02
8.20000000e-02	3.69145416e+02	-6.71262875e+00	3.92796645e-02
8.30000000e-02	3.69138758e+02	-6.60267678e+00	3.90974218e-02
8.40000000e-02	3.69132210e+02	-6.49533012e+00	3.89191516e-02
8.50000000e-02	3.69125767e+02	-6.39049179e+00	3.87447586e-02
8.60000000e-02	3.69119428e+02	-6.28807126e+00	3.85741486e-02
8.70000000e-02	3.69113190e+02	-6.18798385e+00	3.84072291e-02
8.80000000e-02	3.69107051e+02	-6.09015012e+00	3.82439087e-02
8.90000000e-02	3.69101009e+02	-5.99449539e+00	3.80840978e-02
9.00000000e-02	3.69095061e+02	-5.90094927e+00	3.79277086e-02
9.10000000e-02	3.69089206e+02	-5.80944529e+00	3.77746547e-02
9.20000000e-02	3.69083442e+02	-5.71992053e+00	3.76248518e-02
9.30000000e-02	3.69077766e+02	-5.63231532e+00	3.74782171e-02
9.40000000e-02	3.69072177e+02	-5.54657294e+00	3.73346698e-02
9.50000000e-02	3.69066672e+02	-5.46263940e+00	3.71941309e-02
9.60000000e-02	3.69061251e+02	-5.38046321e+00	3.70565234e-02
9.70000000e-02	3.69055911e+02	-5.29999520e+00	3.69217718e-02
9.80000000e-02	3.69050650e+02	-5.22118830e+00	3.67898028e-02
9.90000000e-02	3.69045468e+02	-5.14399744e+00	3.66605448e-02
1.00000000e-01	3.69040362e+02	-5.06837936e+00	3.65339280e-02
1.01000000e-01	3.69035330e+02	-4.99429253e+00	3.64098844e-02
1.02000000e-01	3.69030372e+02	-4.92169699e+00	3.62883477e-02
1.03000000e-01	3.69025486e+02	-4.85055429e+00	3.61692536e-02
1.04000000e-01	3.69020671e+02	-4.78082734e+00	3.60525392e-02
1.05000000e-01	3.69015924e+02	-4.71248040e+00	3.59381436e-02
1.06000000e-01	3.69011246e+02	-4.64547895e+00	3.58260072e-02
1.07000000e-01	3.69006633e+02	-4.57978963e+00	3.57160724e-02
1.08000000e-01	3.69002086e+02	-4.51538019e+00	3.56082829e-02
1.09000000e-01	3.68997602e+02	-4.45221943e+00	3.55025842e-02
1.10000000e-01	3.68993181e+02	-4.39027712e+00	3.53989231e-02
1.11000000e-01	3.68988821e+02	-4.32952398e+00	3.52972480e-02
1.12000000e-01	3.68984521e+02	-4.26993165e+00	3.51975087e-02
1.13000000e-01	3.68980281e+02	-4.21147261e+00	3.50996565e-02
1.14000000e-01	3.68976098e+02	-4.15412013e+00	3.50036439e-02
1.15000000e-01	3.68971972e+02	-4.09784832e+00	3.49094250e-02
1.16000000e-01	3.68967902e+02	-4.04263199e+00	3.48169550e-02
1.17000000e-01	3.68963886e+02	-3.98844670e+00	3.47261904e-02
1.18000000e-01	3.68959925e+02	-3.93526868e+00	3.46370891e-02
1.19000000e-01	3.68956016e+02	-3.88307483e+00	3.45496098e-02
1.20000000e-01	3.68952158e+02	-3.83184269e+00	3.44637129e-02
1.21000000e-01	3.68948352e+02	-3.78155041e+00	3.43793595e-02
1.22000000e-01	3.68944595e+02	-3.73217675e+00	3.42965120e-02
1.23000000e-01	3.68940887e+02	-3.68370102e+00	3.42151340e-02
1.24000000e-01	3.68937227e+02	-3.63610309e+00	3.41351897e-02
1.25000000e-01	3.68933614e+02	-3.58936337e+00	3.40566448e-02
1.26000000e-01	3.68930048e+02	-3.54346277e+00	3.39794657e-02
1.27000000e-01	3.68926527e+02	-3.49838271e+00	3.39036198e-02
1.28000000e-01	3.68923051e+02	-3.45410510e+00	3.38290755e-02
1.29000000e-01	3.68919619e+02	-3.41061230e+00	3.37558020e-02
1.30000000e-01	3.68916230e+02	-3.36788713e+00	3.36837693e-02
1.31000000e-01	3.68912883e+02	-3.32591285e+00	3.36129485e-02
1.32000000e-01	3.68909577e+02	-3.28467315e+00	3.35433112e-02
1.33000000e-01	3.68906313e+02	-3.24415212e+00	3.34748301e-02
1.34000000e-01	3.68903089e+02	-3.20433426e+00	3.34074784e-02
1.35000000e-01	3.68899904e+02	-3.16520445e+00	3.33412303e-02
1.36000000e-01	3.68896758e+02	-3.12674796e+00	3.32760604e-02
1.37000000e-01	3.68893651e+02	-3.08895043e+00	3.32119442e-02
1.38000000e-01	3.68890580e+02	-3.05179783e+00	3.31488580e-02
1.39000000e-01	3.68887547e+02	-3.01527649e+00	3.30867785e-02
1.40000000e-01	3.68884549e+02	-2.97937309e+00	3.30256832e-02
1.41000000e-01	3.68881588e+02	-2.94407462e+00	3.29655502e-02
1.42000000e-01	3.68878661e+02	-2.90936838e+00	3.29063580e-02
1.43000000e-01	3.68875769e+02	-2.87524201e+00	3.28480861e-02
1.44000000e-01	3.68872910e+02	-2.84168342e+00	3.27907141e-02
1.45000000e-01	3.68870085e+02	-2.80868082e+00	3.27342224e-02
1.46000000e-01	3.68867293e+02	-2.77622271e+00	3.26785920e-02
1.47000000e-01	3.68864533e+02	-2.74429787e+00	3.26238042e-02
1.48000000e-01	3.68861804e+02	-2.71289533e+00	3.25698409e-02
1.49000000e-01	3.68859107e+02	-2.68200440e+00	3.25166845e-02
1.50000000e-01	3.68856440e+02	-2.65161464e+00	3.24643179e-02
1.51000000e-01	3.68853803e+02	-2.62171586e+00	3.24127243e-02
1.52000000e-01	3.68851196e+02	-2.59229810e+00	3.23618875e-02
1.53000000e-01	3.68848619e+02	-2.56335165e+00	3.23117917e-02
1.54000000e-01	3.68846070e+02	-2.53486702e+00	3.22624214e-02
1.55000000e-01	3.68843549e+02	-2.50683494e+00	3.22137616e-02
1.56000000e-01	3.68841056e+02	-2.47924637e+00	3.21657977e-02
1.57000000e-01	3.68838590e+02	-2.45209247e+00	3.21185155e-02
1.58000000e-01	3.68836151e+02	-2.42536460e+00	3.20719010e-02
1.59000000e-01	3.68833739e+02	-2.39905435e+00	3.20259407e-02
1.60000000e-01	3.68831353e+02	-2.37315347e+00	3.19806215e-02
1.61000000e-01	3.68828993e+02	-2.34765391e+00	3.19359305e-02
1.62000000e-01	3.68826658e+02	-2.32254782e+00	3.18918552e-02
1.63000000e-01	3.68824348e+02	-2.29782752e+00	3.18483834e-02
1.64000000e-01	3.68822062e+02	-2.27348551e+00	3.18055031e-02
1.65000000e-01	3.68819800e+02	-2.24951445e+00	3.17632028e-02
1.66000000e-01	3.68817563e+02	-2.22590718e+00	3.17214711e-02
1.67000000e-01	3.68815349e+02	-2.20265669e+00	3.16802971e-02
1.68000000e-01	3.68813157e+02	-2.17975615e+00	3.16396699e-02
1.69000000e-01	3.68810989e+02	-2.15719887e+00	3.15995791e-02
1.70000000e-01	3.68808843e+02	-2.13497830e+00	3.15600143e-02
1.71000000e-01	3.68806719e+02	-2.11308805e+00	3.15209657e-02
1.72000000e-01	3.68804617e+02	-2.09152188e+00	3.14824235e-02
1.73000000e-01	3.68802536e+02	-2.07027369e+00	3.14443781e-02
1.74000000e-01	3.68800476e+02	-2.04933749e+00	3.14068202e-02
1.75000000e-01	3.68798437e+02	-2.02870744e+00	3.13697408e-02
1.76000000e-01	3.68796418e+02	-2.00837785e+00	3.13331311e-02
1.77000000e-01	3.68794420e+02	-1.98834312e+00	3.12969824e-02
1.78000000e-01	3.68792442e+02	-1.96859779e+00	3.12612862e-02
1.79000000e-01	3.68790483e+02	-1.94913652e+00	3.12260344e-02
1.80000000e-01	3.68788543e+02	-1.92995409e+00	3.11912188e-02
1.81000000e-01	3.68786623e+02	-1.91104539e+00	3.11568316e-02
1.82000000e-01	3.68784721e+02	-1.89240542e+00	3.11228652e-02
1.83000000e-01	3.68782838e+02	-1.87402928e+00	3.10893120e-02
1.84000000e-01	3.68780973e+02	-1.85591221e+00	3.10561647e-02
1.85000000e-01	3.68779126e+02	-1.83804951e+00	3.10234161e-02
1.86000000e-01	3.68777297e+02	-1.82043660e+00	3.09910593e-02
1.87000000e-01	3.68775485e+02	-1.80306900e+00	3.09590873e-02
1.88000000e-01	3.68773691e+02	-1.78594234e+00	3.09274936e-02
1.89000000e-01	3.68771913e+02	-1.76905231e+00	3.08962715e-02
1.90000000e-01	3.68770152e+02	-1.75239471e+00	3.08654148e-02
1.91000000e-01	3.68768408e+02	-1.73596544e+00	3.08349170e-02
1.92000000e-01	3.68766680e+02	-1.71976046e+00	3.08047722e-02
1.93000000e-01	3.68764969e+02	-1.70377584e+00	3.07749743e-02
1.94000000e-01	3.68763273e+02	-1.68800773e+00	3.07455176e-02
1.95000000e-01	3.68761593e+02	-1.67245233e+00	3.07163962e-02
1.96000000e-01	3.68759928e+02	-1.65710597e+00	3.06876045e-02
1.97000000e-01	3.68758278e+02	-1.64196501e+00	3.06591372e-02
1.98000000e-01	3.68756644e+02	-1.62702592e+00	3.06309889e-02
1.99000000e-01	3.68755024e+02	-1.61228522e+00	3.06031543e-02
2.00000000e-01	3.68753419e+02	-1.59773951e+00	3.05756282e-02
2.01000000e-01	3.68751829e+02	-1.58338546e+00	3.05484057e-02
2.02000000e-01	3.68750252e+02	-1.56921981e+00	3.05214819e-02
2.03000000e-01	3.68748690e+02	-1.55523937e+00	3.04948519e-02
2.04000000e-01	3.68747142e+02	-1.54144100e+00	3.04685110e-02
2.05000000e-01	3.68745607e+02	-1.52782164e+00	3.04424547e-02
2.06000000e-01	3.68744086e+02	-1.51437829e+00	3.04166783e-02
2.07000000e-01	3.68742578e+02	-1.50110801e+00	3.03911776e-02
2.08000000e-01	3.68741084e+02	-1.48800790e+00	3.03659480e-02
2.09000000e-01	3.68739602e+02	-1.47507515e+00	3.03409855e-02
2.10000000e-01	3.68738134e+02	-1.46230698e+00	3.03162858e-02
2.11000000e-01	3.68736678e+02	-1.44970069e+00	3.02918449e-02
2.12000000e-01	3.68735234e+02	-1.43725360e+00	3.02676588e-02
2.13000000e-01	3.68733803e+02	-1.42496312e+00	3.02437235e-02
2.14000000e-01	3.68732384e+02	-1.41282670e+00	3.02200353e-02
2.15000000e-01	3.68730977e+02	-1.40084181e+00	3.01965904e-02
2.16000000e-01	3.68729582e+02	-1.38900602e+00	3.01733851e-02
2.17000000e-01	3.68728199e+02	-1.37731690e+00	3.01504157e-02
2.18000000e-01	3.68726828e+02	-1.36577211e+00	3.01276789e-02
2.19000000e-01	3.68725468e+02	-1.35436932e+00	3.01051710e-02
2.20000000e-01	3.68724119e+02	-1.34310628e+00	3.00828887e-02
2.21000000e-01	3.68722781e+02	-1.33198074e+00	3.00608286e-02
2.22000000e-01	3.68721455e+02	-1.32099053e+00	3.00389876e-02
2.23000000e-01	3.68720139e+02	-1.31013351e+00	3.00173623e-02
2.24000000e-01	3.68718835e+02	-1.29940758e+00	2.99959496e-02
2.25000000e-01	3.68717541e+02	-1.28881068e+00	2.99747465e-02
2.26000000e-01	3.68716257e+02	-1.27834079e+00	2.99537499e-02
2.27000000e-01	3.68714984e+02	-1.26799593e+00	2.99329569e-02
2.28000000e-01	3.68713721e+02	-1.25777415e+00	2.99123644e-02
2.29000000e-01	3.68712468e+02	-1.24767355e+00	2.98919698e-02
2.30000000e-01	3.68711226e+02	-1.23769225e+00	2.98717701e-02
2.31000000e-01	3.68709993e+02	-1.22782842e+00	2.98517627e-02
2.32000000e-01	3.68708770e+02	-1.21808026e+00	2.98319447e-02
2.33000000e-01	3.68707557e+02	-1.20844600e+00	2.98123136e-02
2.34000000e-01	3.68706353e+02	-1.19892390e+00	2.97928668e-02
2.35000000e-01	3.68705159e+02	-1.18951227e+00	2.97736017e-02
2.36000000e-01	3.68703974e+02	-1.18020942e+00	2.97545157e-02
2.37000000e-01	3.68702798e+02	-1.17101372e+00	2.97356065e-02
2.38000000e-01	3.68701632e+02	-1.16192356e+00	2.97168716e-02
2.39000000e-01	3.68700474e+02	-1.15293735e+00	2.96983086e-02
2.40000000e-01	3.68699326e+02	-1.14405355e+00	2.96799152e-02
2.41000000e-01	3.68698186e+02	-1.13527063e+00	2.96616891e-02
2.42000000e-01	3.68697055e+02	-1.12658709e+00	2.96436280e-02
2.43000000e-01	3.68695933e+02	-1.11800146e+00	2.96257298e-02
2.44000000e-01	3.68694819e+02	-1.10951231e+00	2.96079922e-02
2.45000000e-01	3.68693714e+02	-1.10111821e+00	2.95904132e-02
2.46000000e-01	3.68692617e+02	-1.09281777e+00	2.95729906e-02
2.47000000e-01	3.68691528e+02	-1.08460964e+00	2.95557223e-02
2.48000000e-01	3.68690448e+02	-1.07649245e+00	2.95386064e-02
2.49000000e-01	3.68689375e+02	-1.06846490e+00	2.95216409e-02
2.50000000e-01	3.68688311e+02	-1.06052570e+00	2.95048237e-02
2.51000000e-01	3.68687254e+02	-1.05267356e+00	2.94881530e-02
2.52000000e-01	3.68686206e+02	-1.04490724e+00	2.94716269e-02
2.53000000e-01	3.68685164e+02	-1.03722552e+00	2.94552435e-02
2.54000000e-01	3.68684131e+02	-1.02962717e+00	2.94390010e-02
2.55000000e-01	3.68683105e+02	-1.02211103e+00	2.94228977e-02
2.56000000e-01	3.68682087e+02	-1.01467593e+00	2.94069316e-02
2.57000000e-01	3.68681076e+02	-1.00732072e+00	2.93911012e-02
2.58000000e-01	3.68680072e+02	-1.00004427e+00	2.93754046e-02
2.59000000e-01	3.68679076e+02	-9.92845484e-01	2.93598402e-02
2.60000000e-01	3.68678086e+02	-9.85723274e-01	2.93444065e-02
2.61000000e-01	3.68677104e+02	-9.78676572e-01	2.93291016e-02
2.62000000e-01	3.68676129e+02	-9.71704328e-01	2.93139241e-02
2.63000000e-01	3.68675161e+02	-9.64805510e-01	2.92988723e-02
2.64000000e-01	3.68674199e+02	-9.57979105e-01	2.92839448e-02
2.65000000e-01	3.68673245e+02	-9.51224117e-01	2.92691400e-02
2.66000000e-01	3.68672297e+02	-9.44539564e-01	2.92544564e-02
2.67000000e-01	3.68671356e+02	-9.37924484e-01	2.92398925e-02
2.68000000e-01	3.68670421e+02	-9.31377928e-01	2.92254469e-02
2.69000000e-01	3.68669493e+02	-9.24898967e-01	2.92111181e-02
2.70000000e-01	3.68668571e+02	-9.18486683e-01	2.91969048e-02
2.71000000e-01	3.68667656e+02	-9.12140176e-01	2.91828056e-02
2.72000000e-01	3.68666747e+02	-9.05858561e-01	2.91688191e-02
2.73000000e-01	3.68665844e+02	-8.99640965e-01	2.91549439e-02
2.74000000e-01	3.68664948e+02	-8.93486533e-01	2.91411788e-02
2.75000000e-01	3.68664057e+02	-8.87394422e-01	2.91275225e-02
2.76000000e-01	3.68663173e+02	-8.81363803e-01	2.91139737e-02
2.77000000e-01	3.68662294e+02	-8.75393860e-01	2.91005311e-02
2.78000000e-01	3.68661422e+02	-8.69483791e-01	2.90871935e-02
2.79000000e-01	3.68660555e+02	-8.63632808e-01	2.90739596e-02
2.80000000e-01	3.68659695e+02	-8.57840135e-01	2.90608284e-02
2.81000000e-01	3.68658840e+02	-8.52105006e-01	2.90477985e-02
2.82000000e-01	3.68657991e+02	-8.46426672e-01	2.90348689e-02
2.83000000e-01	3.68657147e+02	-8.40804393e-01	2.90220383e-02
2.84000000e-01	3.68656309e+02	-8.35237441e-01	2.90093057e-02
2.85000000e-01	3.68655476e+02	-8.29725101e-01	2.89966700e-02
2.86000000e-01	3.68654649e+02	-8.24266668e-01	2.89841300e-02
2.87000000e-01	3.68653828e+02	-8.18861448e-01	2.89716847e-02
2.88000000e-01	3.68653012e+02	-8.13508760e-01	2.89593330e-02
2.89000000e-01	3.68652201e+02	-8.08207931e-01	2.89470738e-02
2.90000000e-01	3.68651395e+02	-8.02958302e-01	2.89349062e-02
2.91000000e-01	3.68650595e+02	-7.97759220e-01	2.89228291e-02
2.92000000e-01	3.68649800e+02	-7.92610046e-01	2.89108415e-02
2.93000000e-01	3.68649010e+02	-7.87510150e-01	2.88989425e-02
2.94000000e-01	3.68648225e+02	-7.82458910e-01	2.88871310e-02
2.95000000e-01	3.68647445e+02	-7.77455716e-01	2.88754061e-02
2.96000000e-01	3.68646670e+02	-7.72499966e-01	2.88637668e-02
2.97000000e-01	3.68645900e+02	-7.67591067e-01	2.88522123e-02
2.98000000e-01	3.68645135e+02	-7.62728437e-01	2.88407416e-02
2.99000000e-01	3.68644374e+02	-7.57911502e-01	2.88293538e-02
3.00000000e-01	3.68643619e+02	-7.53139696e-01	2.88180480e-02
3.01000000e-01	3.68642868e+02	-7.48412461e-01	2.88068233e-02
3.02000000e-01	3.68642122e+02	-7.43729251e-01	2.87956789e-02
3.03000000e-01	3.68641381e+02	-7.39089524e-01	2.87846140e-02
3.04000000e-01	3.68640644e+02	-7.34492750e-01	2.87736276e-02
3.05000000e-01	3.68639912e+02	-7.29938403e-01	2.87627189e-02
3.06000000e-01	3.68639184e+02	-7.25425968e-01	2.87518871e-02
3.07000000e-01	3.68638461e+02	-7.20954937e-01	2.87411315e-02
3.08000000e-01	3.68637742e+02	-7.16524810e-01	2.87304512e-02
3.09000000e-01	3.68637028e+02	-7.12135092e-01	2.87198454e-02
3.10000000e-01	3.68636318e+02	-7.07785299e-01	2.87093134e-02
3.11000000e-01	3.68635612e+02	-7.03474952e-01	2.86988544e-02
3.12000000e-01	3.68634911e+02	-6.99203578e-01	2.86884677e-02
3.13000000e-01	3.68634214e+02	-6.94970714e-01	2.86781524e-02
3.14000000e-01	3.68633521e+02	-6.90775902e-01	2.86679079e-02
3.15000000e-01	3.68632832e+02	-6.86618690e-01	2.86577335e-02
3.16000000e-01	3.68632148e+02	-6.82498635e-01	2.86476283e-02
3.17000000e-01	3.68631467e+02	-6.78415299e-01	2.86375919e-02
3.18000000e-01	3.68630791e+02	-6.74368249e-01	2.86276233e-02
3.19000000e-01	3.68630118e+02	-6.70357060e-01	2.86177220e-02
3.20000000e-01	3.68629450e+02	-6.66381314e-01	2.86078873e-02
3.21000000e-01	3.68628786e+02	-6.62440598e-01	2.85981185e-02
3.22000000e-01	3.68628125e+02	-6.58534503e-01	2.85884149e-02
3.23000000e-01	3.68627468e+02	-6.54662629e-01	2.85787760e-02
3.24000000e-01	3.68626816e+02	-6.50824581e-01	2.85692010e-02
3.25000000e-01	3.68626167e+02	-6.47019967e-01	2.85596893e-02
3.26000000e-01	3.68625522e+02	-6.43248405e-01	2.85502404e-02
3.27000000e-01	3.68624880e+02	-6.39509515e-01	2.85408535e-02
3.28000000e-01	3.68624243e+02	-6.35802923e-01	2.85315282e-02
3.29000000e-01	3.68623609e+02	-6.32128262e-01	2.85222637e-02
3.30000000e-01	3.68622978e+02	-6.28485168e-01	2.85130595e-02
3.31000000e-01	3.68622352e+02	-6.24873283e-01	2.85039150e-02
3.32000000e-01	3.68621729e+02	-6.21292254e-01	2.84948296e-02
3.33000000e-01	3.68621109e+02	-6.17741734e-01	2.84858028e-02
3.34000000e-01	3.68620493e+02	-6.14221379e-01	2.84768340e-02
3.35000000e-01	3.68619881e+02	-6.10730851e-01	2.84679226e-02
3.36000000e-01	3.68619272e+02	-6.07269816e-01	2.84590682e-02
3.37000000e-01	3.68618666e+02	-6.03837945e-01	2.84502701e-02
3.38000000e-01	3.68618064e+02	-6.00434913e-01	2.84415278e-02
3.39000000e-01	3.68617465e+02	-5.97060401e-01	2.84328408e-02
3.40000000e-01	3.68616870e+02	-5.93714092e-01	2.84242085e-02
3.41000000e-01	3.68616278e+02	-5.90395676e-01	2.84156306e-02
3.42000000e-01	3.68615689e+02	-5.87104846e-01	2.84071063e-02
3.43000000e-01	3.68615104e+02	-5.83841297e-01	2.83986354e-02
3.44000000e-01	3.68614521e+02	-5.80604733e-01	2.83902171e-02
3.45000000e-01	3.68613942e+02	-5.77394857e-01	2.83818512e-02
3.46000000e-01	3.68613367e+02	-5.74211379e-01	2.83735370e-02
3.47000000e-01	3.68612794e+02	-5.71054012e-01	2.83652741e-02
3.48000000e-01	3.68612224e+02	-5.67922474e-01	2.83570620e-02
3.49000000e-01	3.68611658e+02	-5.64816484e-01	2.83489003e-02
3.50000000e-01	3.68611095e+02	-5.61735769e-01	2.83407885e-02
3.51000000e-01	3.68610535e+02	-5.58680055e-01	2.83327262e-02
3.52000000e-01	3.68609977e+02	-5.55649075e-01	2.83247128e-02
3.53000000e-01	3.68609423e+02	-5.52642563e-01	2.83167480e-02
3.54000000e-01	3.68608872e+02	-5.49660260e-01	2.83088314e-02
3.55000000e-01	3.68608324e+02	-5.46701907e-01	2.83009624e-02
3.56000000e-01	3.68607779e+02	-5.43767250e-01	2.82931406e-02
3.57000000e-01	3.68607236e+02	-5.40856038e-01	2.82853657e-02
3.58000000e-01	3.68606697e+02	-5.37968024e-01	2.82776372e-02
3.59000000e-01	3.68606161e+02	-5.35102962e-01	2.82699547e-02
3.60000000e-01	3.68605627e+02	-5.32260613e-01	2.82623178e-02
3.61000000e-01	3.68605096e+02	-5.29440738e-01	2.82547261e-02
3.62000000e-01	3.68604568e+02	-5.26643101e-01	2.82471791e-02
3.63000000e-01	3.68604043e+02	-5.23867472e-01	2.82396766e-02
3.64000000e-01	3.68603520e+02	-5.21113620e-01	2.82322180e-02
3.65000000e-01	3.68603000e+02	-5.18381321e-01	2.82248031e-02
3.66000000e-01	3.68602483e+02	-5.15670350e-01	2.82174315e-02
3.67000000e-01	3.68601969e+02	-5.12980489e-01	2.82101027e-02
3.68000000e-01	3.68601457e+02	-5.10311519e-01	2.82028163e-02
3.69000000e-01	3.68600949e+02	-5.07663225e-01	2.81955721e-02
3.70000000e-01	3.68600442e+02	-5.05035397e-01	2.81883697e-02
3.71000000e-01	3.68599938e+02	-5.02427824e-01	2.81812087e-02
3.72000000e-01	3.68599437e+02	-4.99840301e-01	2.81740887e-02
3.73000000e-01	3.68598939e+02	-4.97272622e-01	2.81670094e-02
3.74000000e-01	3.68598443e+02	-4.94724588e-01	2.81599705e-02
3.75000000e-01	3.68597949e+02	-4.92195998e-01	2.81529716e-02
3.76000000e-01	3.68597458e+02	-4.89686658e-01	2.81460123e-02
3.77000000e-01	3.68596970e+02	-4.87196372e-01	2.81390924e-02
3.78000000e-01	3.68596484e+02	-4.84724949e-01	2.81322115e-02
3.79000000e-01	3.68596000e+02	-4.82272201e-01	2.81253692e-02
3.80000000e-01	3.68595519e+02	-4.79837940e-01	2.81185653e-02
3.81000000e-01	3.68595041e+02	-4.77421982e-01	2.81117995e-02
3.82000000e-01	3.68594565e+02	-4.75024146e-01	2.81050713e-02
3.83000000e-01	3.68594091e+02	-4.72644250e-01	2.80983805e-02
3.84000000e-01	3.68593619e+02	-4.70282118e-01	2.80917269e-02
3.85000000e-01	3.68593150e+02	-4.67937574e-01	2.80851100e-02
3.86000000e-01	3.68592683e+02	-4.65610444e-01	2.80785296e-02
3.87000000e-01	3.68592219e+02	-4.63300558e-01	2.80719853e-02
3.88000000e-01	3.68591757e+02	-4.61007747e-01	2.80654770e-02
3.89000000e-01	3.68591297e+02	-4.58731842e-01	2.80590042e-02
3.90000000e-01	3.68590839e+02	-4.56472680e-01	2.80525667e-02
3.91000000e-01	3.68590384e+02	-4.54230097e-01	2.80461642e-02
3.92000000e-01	3.68589931e+02	-4.52003931e-01	2.80397965e-02
3.93000000e-01	3.68589480e+02	-4.49794025e-01	2.80334632e-02
3.94000000e-01	3.68589031e+02	-4.47600220e-01	2.80271641e-02
3.95000000e-01	3.68588585e+02	-4.45422362e-01	2.80208988e-02
3.96000000e-01	3.68588140e+02	-4.43260297e-01	2.80146672e-02
3.97000000e-01	3.68587698e+02	-4.41113873e-01	2.80084689e-02
3.98000000e-01	3.68587258e+02	-4.38982940e-01	2.80023037e-02
3.99000000e-01	3.68586820e+02	-4.36867350e-01	2.79961714e-02
4.00000000e-01	3.68586384e+02	-4.34766958e-01	2.79900715e-02
4.01000000e-01	3.68585951e+02	-4.32681618e-01	2.79840040e-02
4.02000000e-01	3.68585519e+02	-4.30611188e-01	2.79779686e-02
4.03000000e-01	3.68585090e+02	-4.28555526e-01	2.79719649e-02
4.04000000e-01	3.68584662e+02	-4.26514493e-01	2.79659928e-02
4.05000000e-01	3.68584236e+02	-4.24487950e-01	2.79600519e-02
4.06000000e-01	3.68583813e+02	-4.22475763e-01	2.79541421e-02
4.07000000e-01	3.68583392e+02	-4.20477796e-01	2.79482632e-02
4.08000000e-01	3.68582972e+02	-4.18493915e-01	2.79424148e-02
4.09000000e-01	3.68582555e+02	-4.16523990e-01	2.79365967e-02
4.10000000e-01	3.68582139e+02	-4.14567891e-01	2.79308087e-02
4.11000000e-01	3.68581725e+02	-4.12625488e-01	2.79250506e-02
4.12000000e-01	3.68581314e+02	-4.10696655e-01	2.79193221e-02
4.13000000e-01	3.68580904e+02	-4.08781266e-01	2.79136231e-02
4.14000000e-01	3.68580496e+02	-4.06879197e-01	2.79079532e-02
4.15000000e-01	3.68580090e+02	-4.04990325e-01	2.79023122e-02
4.16000000e-01	3.68579686e+02	-4.03114529e-01	2.78967000e-02
4.17000000e-01	3.68579284e+02	-4.01251689e-01	2.78911164e-02
4.18000000e-01	3.68578884e+02	-3.99401687e-01	2.78855610e-02
4.19000000e-01	3.68578485e+02	-3.97564404e-01	2.78800337e-02
4.20000000e-01	3.68578089e+02	-3.95739726e-01	2.78745343e-02
4.21000000e-01	3.68577694e+02	-3.93927538e-01	2.78690626e-02
4.22000000e-01	3.68577301e+02	-3.92127727e-01	2.78636183e-02
4.23000000e-01	3.68576909e+02	-3.90340179e-01	2.78582012e-02
4.24000000e-01	3.68576520e+02	-3.88564786e-01	2.78528113e-02
4.25000000e-01	3.68576132e+02	-3.86801436e-01	2.78474481e-02
4.26000000e-01	3.68575746e+02	-3.85050023e-01	2.78421116e-02
4.27000000e-01	3.68575362e+02	-3.83310438e-01	2.78368016e-02
4.28000000e-01	3.68574980e+02	-3.81582576e-01	2.78315178e-02
4.29000000e-01	3.68574599e+02	-3.79866332e-01	2.78262601e-02
4.30000000e-01	3.68574220e+02	-3.78161603e-01	2.78210282e-02
4.31000000e-01	3.68573843e+02	-3.76468286e-01	2.78158221e-02
4.32000000e-01	3.68573467e+02	-3.74786281e-01	2.78106414e-02
4.33000000e-01	3.68573093e+02	-3.73115486e-01	2.78054860e-02
4.34000000e-01	3.68572721e+02	-3.71455802e-01	2.78003557e-02
4.35000000e-01	3.68572350e+02	-3.69807133e-01	2.77952504e-02
4.36000000e-01	3.68571981e+02	-3.68169381e-01	2.77901698e-02
4.37000000e-01	3.68571614e+02	-3.66542449e-01	2.77851138e-02
4.38000000e-01	3.68571248e+02	-3.64926244e-01	2.77800822e-02
4.39000000e-01	3.68570884e+02	-3.63320672e-01	2.77750749e-02
4.40000000e-01	3.68570522e+02	-3.61725639e-01	2.77700915e-02
4.41000000e-01	3.68570161e+02	-3.60141055e-01	2.77651321e-02
4.42000000e-01	3.68569801e+02	-3.58566827e-01	2.77601963e-02
4.43000000e-01	3.68569444e+02	-3.57002868e-01	2.77552841e-02
4.44000000e-01	3.68569087e+02	-3.55449087e-01	2.77503953e-02
4.45000000e-01	3.68568733e+02	-3.53905397e-01	2.77455296e-02
4.46000000e-01	3.68568379e+02	-3.52371711e-01	2.77406870e-02
4.47000000e-01	3.68568028e+02	-3.50847943e-01	2.77358673e-02
4.48000000e-01	3.68567678e+02	-3.49334009e-01	2.77310703e-02
4.49000000e-01	3.68567329e+02	-3.47829823e-01	2.77262958e-02
4.50000000e-01	3.68566982e+02	-3.46335303e-01	2.77215438e-02
4.51000000e-01	3.68566637e+02	-3.44850366e-01	2.77168139e-02
4.52000000e-01	3.68566292e+02	-3.43374931e-01	2.77121062e-02
4.53000000e-01	3.68565950e+02	-3.41908917e-01	2.77074204e-02
4.54000000e-01	3.68565609e+02	-3.40452244e-01	2.77027563e-02
4.55000000e-01	3.68565269e+02	-3.39004834e-01	2.76981139e-02
4.56000000e-01	3.68564931e+02	-3.37566608e-01	2.76934930e-02
4.57000000e-01	3.68564594e+02	-3.36137489e-01	2.76888934e-02
4.58000000e-01	3.68564258e+02	-3.34717401e-01	2.76843149e-02
4.59000000e-01	3.68563924e+02	-3.33306267e-01	2.76797575e-02
4.60000000e-01	3.68563592e+02	-3.31904014e-01	2.76752210e-02
4.61000000e-01	3.68563261e+02	-3.30510566e-01	2.76707053e-02
4.62000000e-01	3.68562931e+02	-3.29125851e-01	2.76662101e-02
4.63000000e-01	3.68562602e+02	-3.27749796e-01	2.76617354e-02
4.64000000e-01	3.68562275e+02	-3.26382328e-01	2.76572811e-02
4.65000000e-01	3.68561950e+02	-3.25023378e-01	2.76528469e-02
4.66000000e-01	3.68561625e+02	-3.23672874e-01	2.76484327e-02
4.67000000e-01	3.68561302e+02	-3.22330748e-01	2.76440385e-02
4.68000000e-01	3.68560980e+02	-3.20996929e-01	2.76396641e-02
4.69000000e-01	3.68560660e+02	-3.19671350e-01	2.76353093e-02
4.70000000e-01	3.68560341e+02	-3.18353943e-01	2.76309740e-02
4.71000000e-01	3.68560023e+02	-3.17044642e-01	2.76266581e-02
4.72000000e-01	3.68559707e+02	-3.15743380e-01	2.76223615e-02
4.73000000e-01	3.68559392e+02	-3.14450091e-01	2.76180840e-02
4.74000000e-01	3.68559078e+02	-3.13164712e-01	2.76138255e-02
4.75000000e-01	3.68558766e+02	-3.11887177e-01	2.76095859e-02
4.76000000e-01	3.68558454e+02	-3.10617424e-01	2.76053650e-02
4.77000000e-01	3.68558144e+02	-3.09355389e-01	2.76011627e-02
4.78000000e-01	3.68557836e+02	-3.08101010e-01	2.75969790e-02
4.79000000e-01	3.68557528e+02	-3.06854225e-01	2.75928136e-02
4.80000000e-01	3.68557222e+02	-3.05614974e-01	2.75886665e-02
4.81000000e-01	3.68556917e+02	-3.04383196e-01	2.75845375e-02
4.82000000e-01	3.68556613e+02	-3.03158832e-01	2.75804265e-02
4.83000000e-01	3.68556311e+02	-3.01941821e-01	2.75763335e-02
4.84000000e-01	3.68556009e+02	-3.00732106e-01	2.75722582e-02
4.85000000e-01	3.68555709e+02	-2.99529628e-01	2.75682006e-02
4.86000000e-01	3.68555410e+02	-2.98334330e-01	2.75641606e-02
4.87000000e-01	3.68555113e+02	-2.97146156e-01	2.75601380e-02
4.88000000e-01	3.68554816e+02	-2.95965047e-01	2.75561328e-02
4.89000000e-01	3.68554521e+02	-2.94790950e-01	2.75521447e-02
4.90000000e-01	3.68554226e+02	-2.93623809e-01	2.75481738e-02
4.91000000e-01	3.68553933e+02	-2.92463569e-01	2.75442199e-02
4.92000000e-01	3.68553641e+02	-2.91310175e-01	2.75402828e-02
4.93000000e-01	3.68553351e+02	-2.90163575e-01	2.75363626e-02
4.94000000e-01	3.68553061e+02	-2.89023715e-01	2.75324590e-02
4.95000000e-01	3.68552773e+02	-2.87890542e-01	2.75285720e-02
4.96000000e-01	3.68552485e+02	-2.86764005e-01	2.75247014e-02
4.97000000e-01	3.68552199e+02	-2.85644052e-01	2.75208472e-02
4.98000000e-01	3.68551914e+02	-2.84530631e-01	2.75170093e-02
4.99000000e-01	3.68551630e+02	-2.83423693e-01	2.75131875e-02
5.00000000e-01	3.68551347e+02	-2.82323187e-01	2.75093818e-02
5.01000000e-01	3.68551065e+02	-2.81229064e-01	2.75055921e-02
5.02000000e-01	3.68550785e+02	-2.80141274e-01	2.75018181e-02
5.03000000e-01	3.68550505e+02	-2.79059769e-01	2.74980600e-02
5.04000000e-01	3.68550227e+02	-2.77984500e-01	2.74943175e-02
5.05000000e-01	3.68549949e+02	-2.76915420e-01	2.74905905e-02
5.06000000e-01	3.68549673e+02	-2.75852482e-01	2.74868790e-02
5.07000000e-01	3.68549398e+02	-2.74795638e-01	2.74831829e-02
5.08000000e-01	3.68549123e+02	-2.73744842e-01	2.74795020e-02
5.09000000e-01	3.68548850e+02	-2.72700049e-01	2.74758363e-02
5.10000000e-01	3.68548578e+02	-2.71661213e-01	2.74721857e-02
5.11000000e-01	3.68548307e+02	-2.70628289e-01	2.74685501e-02
5.12000000e-01	3.68548037e+02	-2.69601231e-01	2.74649294e-02
5.13000000e-01	3.68547768e+02	-2.68579997e-01	2.74613235e-02
5.14000000e-01	3.68547499e+02	-2.67564541e-01	2.74577323e-02
5.15000000e-01	3.68547232e+02	-2.66554821e-01	2.74541557e-02
5.16000000e-01	3.68546966e+02	-2.65550793e-01	2.74505937e-02
5.17000000e-01	3.68546701e+02	-2.64552416e-01	2.74470461e-02
5.18000000e-01	3.68546437e+02	-2.63559646e-01	2.74435129e-02
5.19000000e-01	3.68546174e+02	-2.62572442e-01	2.74399940e-02
5.20000000e-01	3.68545912e+02	-2.61590763e-01	2.74364892e-02
5.21000000e-01	3.68545651e+02	-2.60614567e-01	2.74329985e-02
5.22000000e-01	3.68545391e+02	-2.59643814e-01	2.74295219e-02
5.23000000e-01	3.68545132e+02	-2.58678463e-01	2.74260592e-02
5.24000000e-01	3.68544874e+02	-2.57718475e-01	2.74226103e-02
5.25000000e-01	3.68544616e+02	-2.56763810e-01	2.74191752e-02
5.26000000e-01	3.68544360e+02	-2.55814429e-01	2.74157538e-02
5.27000000e-01	3.68544105e+02	-2.54870292e-01	2.74123460e-02
5.28000000e-01	3.68543850e+02	-2.53931362e-01	2.74089517e-02
5.29000000e-01	3.68543597e+02	-2.52997601e-01	2.74055709e-02
5.30000000e-01	3.68543344e+02	-2.52068970e-01	2.74022034e-02
5.31000000e-01	3.68543093e+02	-2.51145432e-01	2.73988492e-02
5.32000000e-01	3.68542842e+02	-2.50226951e-01	2.73955082e-02
5.33000000e-01	3.68542592e+02	-2.49313488e-01	2.73921803e-02
5.34000000e-01	3.68542343e+02	-2.48405009e-01	2.73888655e-02
5.35000000e-01	3.68542095e+02	-2.47501476e-01	2.73855637e-02
5.36000000e-01	3.68541848e+02	-2.46602855e-01	2.73822747e-02
5.37000000e-01	3.68541602e+02	-2.45709108e-01	2.73789986e-02
5.38000000e-01	3.68541357e+02	-2.44820203e-01	2.73757352e-02
5.39000000e-01	3.68541113e+02	-2.43936103e-01	2.73724845e-02
5.40000000e-01	3.68540869e+02	-2.43056774e-01	2.73692464e-02
5.41000000e-01	3.68540626e+02	-2.42182182e-01	2.73660208e-02
5.42000000e-01	3.68540385e+02	-2.41312292e-01	2.73628077e-02
5.43000000e-01	3.68540144e+02	-2.40447073e-01	2.73596070e-02
5.44000000e-01	3.68539904e+02	-2.39586489e-01	2.73564186e-02
5.45000000e-01	3.68539665e+02	-2.38730509e-01	2.73532424e-02
5.46000000e-01	3.68539426e+02	-2.37879099e-01	2.73500783e-02
5.47000000e-01	3.68539189e+02	-2.37032227e-01	2.73469264e-02
5.48000000e-01	3.68538952e+02	-2.36189861e-01	2.73437865e-02
5.49000000e-01	3.68538717e+02	-2.35351969e-01	2.73406586e-02
5.50000000e-01	3.68538482e+02	-2.34518520e-01	2.73375426e-02
5.51000000e-01	3.68538247e+02	-2.33689481e-01	2.73344384e-02
5.52000000e-01	3.68538014e+02	-2.32864823e-01	2.73313459e-02
5.53000000e-01	3.68537782e+02	-2.32044515e-01	2.73282652e-02
5.54000000e-01	3.68537550e+02	-2.31228525e-01	2.73251961e-02
5.55000000e-01	3.68537319e+02	-2.30416824e-01	2.73221385e-02
5.56000000e-01	3.68537089e+02	-2.29609382e-01	2.73190924e-02
5.57000000e-01	3.68536860e+02	-2.28806169e-01	2.73160578e-02
5.58000000e-01	3.68536632e+02	-2.28007156e-01	2.73130345e-02
5.59000000e-01	3.68536404e+02	-2.27212314e-01	2.73100225e-02
5.60000000e-01	3.68536177e+02	-2.26421613e-01	2.73070218e-02
5.61000000e-01	3.68535951e+02	-2.25635025e-01	2.73040323e-02
5.62000000e-01	3.68535726e+02	-2.24852521e-01	2.73010538e-02
5.63000000e-01	3.68535502e+02	-2.24074074e-01	2.72980865e-02
5.64000000e-01	3.68535278e+02	-2.23299655e-01	2.72951301e-02
5.65000000e-01	3.68535055e+02	-2.22529237e-01	2.72921846e-02
5.66000000e-01	3.68534833e+02	-2.21762793e-01	2.72892500e-02
5.67000000e-01	3.68534611e+02	-2.21000294e-01	2.72863262e-02
5.68000000e-01	3.68534391e+02	-2.20241715e-01	2.72834132e-02
5.69000000e-01	3.68534171e+02	-2.19487027e-01	2.72805109e-02
5.70000000e-01	3.68533952e+02	-2.18736206e-01	2.72776192e-02
5.71000000e-01	3.68533733e+02	-2.17989224e-01	2.72747381e-02
5.72000000e-01	3.68533516e+02	-2.17246055e-01	2.72718675e-02
5.73000000e-01	3.68533299e+02	-2.16506674e-01	2.72690073e-02
5.74000000e-01	3.68533083e+02	-2.15771055e-01	2.72661576e-02
5.75000000e-01	3.68532867e+02	-2.15039172e-01	2.72633182e-02
5.76000000e-01	3.68532653e+02	-2.14311000e-01	2.72604890e-02
5.77000000e-01	3.68532439e+02	-2.13586515e-01	2.72576702e-02
5.78000000e-01	3.68532226e+02	-2.12865691e-01	2.72548615e-02
5.79000000e-01	3.68532013e+02	-2.12148504e-01	2.72520629e-02
5.80000000e-01	3.68531801e+02	-2.11434929e-01	2.72492744e-02
5.81000000e-01	3.68531590e+02	-2.10724943e-01	2.72464959e-02
5.82000000e-01	3.68531380e+02	-2.10018521e-01	2.72437274e-02
5.83000000e-01	3.68531170e+02	-2.09315639e-01	2.72409688e-02
5.84000000e-01	3.68530961e+02	-2.08616274e-01	2.72382200e-02
5.85000000e-01	3.68530753e+02	-2.07920403e-01	2.72354810e-02
5.86000000e-01	3.68530545e+02	-2.07228003e-01	2.72327518e-02
5.87000000e-01	3.68530338e+02	-2.06539049e-01	2.72300323e-02
5.88000000e-01	3.68530132e+02	-2.05853521e-01	2.72273224e-02
5.89000000e-01	3.68529927e+02	-2.05171394e-01	2.72246222e-02
5.90000000e-01	3.68529722e+02	-2.04492646e-01	2.72219314e-02
5.91000000e-01	3.68529518e+02	-2.03817256e-01	2.72192502e-02
5.92000000e-01	3.68529314e+02	-2.03145202e-01	2.72165784e-02
5.93000000e-01	3.68529112e+02	-2.02476460e-01	2.72139160e-02
5.94000000e-01	3.68528909e+02	-2.01811010e-01	2.72112630e-02
5.95000000e-01	3.68528708e+02	-2.01148830e-01	2.72086192e-02
5.96000000e-01	3.68528507e+02	-2.00489899e-01	2.72059847e-02
5.97000000e-01	3.68528307e+02	-1.99834196e-01	2.72033594e-02
5.98000000e-01	3.68528107e+02	-1.99181698e-01	2.72007432e-02
5.99000000e-01	3.68527909e+02	-1.98532387e-01	2.71981362e-02
6.00000000e-01	3.68527710e+02	-1.97886241e-01	2.71955382e-02
6.01000000e-01	3.68527513e+02	-1.97243239e-01	2.71929492e-02
6.02000000e-01	3.68527316e+02	-1.96603361e-01	2.71903691e-02
6.03000000e-01	3.68527120e+02	-1.95966588e-01	2.71877980e-02
6.04000000e-01	3.68526924e+02	-1.95332898e-01	2.71852358e-02
6.05000000e-01	3.68526729e+02	-1.94702272e-01	2.71826823e-02
6.06000000e-01	3.68526535e+02	-1.94074691e-01	2.71801377e-02
6.07000000e-01	3.68526341e+02	-1.93450135e-01	2.71776018e-02
6.08000000e-01	3.68526148e+02	-1.92828585e-01	2.71750745e-02
6.09000000e-01	3.68525955e+02	-1.92210020e-01	2.71725560e-02
6.10000000e-01	3.68525763e+02	-1.91594423e-01	2.71700460e-02
6.11000000e-01	3.68525572e+02	-1.90981775e-01	2.71675445e-02
6.12000000e-01	3.68525381e+02	-1.90372055e-01	2.71650516e-02
6.13000000e-01	3.68525191e+02	-1.89765247e-01	2.71625672e-02
6.14000000e-01	3.68525002e+02	-1.89161331e-01	2.71600912e-02
6.15000000e-01	3.68524813e+02	-1.88560290e-01	2.71576235e-02
6.16000000e-01	3.68524625e+02	-1.87962104e-01	2.71551642e-02
6.17000000e-01	3.68524437e+02	-1.87366757e-01	2.71527132e-02
6.18000000e-01	3.68524250e+02	-1.86774229e-01	2.71502705e-02
6.19000000e-01	3.68524063e+02	-1.86184504e-01	2.71478359e-02
6.20000000e-01	3.68523878e+02	-1.85597563e-01	2.71454096e-02
6.21000000e-01	3.68523692e+02	-1.85013389e-01	2.71429913e-02
6.22000000e-01	3.68523507e+02	-1.84431966e-01	2.71405812e-02
6.23000000e-01	3.68523323e+02	-1.83853274e-01	2.71381791e-02
6.24000000e-01	3.68523140e+02	-1.83277299e-01	2.71357850e-02
6.25000000e-01	3.68522957e+02	-1.82704022e-01	2.71333989e-02
6.26000000e-01	3.68522774e+02	-1.82133427e-01	2.71310207e-02
6.27000000e-01	3.68522593e+02	-1.81565497e-01	2.71286504e-02
6.28000000e-01	3.68522411e+02	-1.81000216e-01	2.71262880e-02
6.29000000e-01	3.68522231e+02	-1.80437567e-01	2.71239334e-02
6.30000000e-01	3.68522050e+02	-1.79877533e-01	2.71215865e-02
6.31000000e-01	3.68521871e+02	-1.79320100e-01	2.71192474e-02
6.32000000e-01	3.68521692e+02	-1.78765250e-01	2.71169160e-02
6.33000000e-01	3.68521513e+02	-1.78212968e-01	2.71145923e-02
6.34000000e-01	3.68521335e+02	-1.77663238e-01	2.71122761e-02
6.35000000e-01	3.68521158e+02	-1.77116044e-01	2.71099676e-02
6.36000000e-01	3.68520981e+02	-1.76571371e-01	2.71076666e-02
6.37000000e-01	3.68520805e+02	-1.76029203e-01	2.71053731e-02
6.38000000e-01	3.68520629e+02	-1.75489525e-01	2.71030871e-02
6.39000000e-01	3.68520454e+02	-1.74952322e-01	2.71008085e-02
6.40000000e-01	3.68520279e+02	-1.74417578e-01	2.70985373e-02
6.41000000e-01	3.68520105e+02	-1.73885280e-01	2.70962735e-02
6.42000000e-01	3.68519931e+02	-1.73355411e-01	2.70940171e-02
6.43000000e-01	3.68519758e+02	-1.72827957e-01	2.70917679e-02
6.44000000e-01	3.68519586e+02	-1.72302904e-01	2.70895260e-02
6.45000000e-01	3.68519414e+02	-1.71780236e-01	2.70872913e-02
6.46000000e-01	3.68519242e+02	-1.71259941e-01	2.70850637e-02
6.47000000e-01	3.68519071e+02	-1.70742002e-01	2.70828434e-02
6.48000000e-01	3.68518901e+02	-1.70226407e-01	2.70806302e-02
6.49000000e-01	3.68518731e+02	-1.69713140e-01	2.70784240e-02
6.50000000e-01	3.68518561e+02	-1.69202188e-01	2.70762249e-02
6.51000000e-01	3.68518392e+02	-1.68693538e-01	2.70740328e-02
6.52000000e-01	3.68518224e+02	-1.68187174e-01	2.70718477e-02
6.53000000e-01	3.68518056e+02	-1.67683085e-01	2.70696696e-02
6.54000000e-01	3.68517889e+02	-1.67181255e-01	2.70674984e-02
6.55000000e-01	3.68517722e+02	-1.66681672e-01	2.70653340e-02
6.56000000e-01	3.68517555e+02	-1.66184322e-01	2.70631765e-02
6.57000000e-01	3.68517389e+02	-1.65689192e-01	2.70610259e-02
6.58000000e-01	3.68517224e+02	-1.65196269e-01	2.70588820e-02
6.59000000e-01	3.68517059e+02	-1.64705540e-01	2.70567449e-02
6.60000000e-01	3.68516894e+02	-1.64216991e-01	2.70546145e-02
6.61000000e-01	3.68516730e+02	-1.63730610e-01	2.70524907e-02
6.62000000e-01	3.68516567e+02	-1.63246384e-01	2.70503737e-02
6.63000000e-01	3.68516404e+02	-1.62764300e-01	2.70482633e-02
6.64000000e-01	3.68516241e+02	-1.62284346e-01	2.70461595e-02
6.65000000e-01	3.68516079e+02	-1.61806510e-01	2.70440622e-02
6.66000000e-01	3.68515918e+02	-1.61330778e-01	2.70419715e-02
6.67000000e-01	3.68515757e+02	-1.60857138e-01	2.70398873e-02
6.68000000e-01	3.68515596e+02	-1.60385579e-01	2.70378096e-02
6.69000000e-01	3.68515436e+02	-1.59916088e-01	2.70357383e-02
6.70000000e-01	3.68515276e+02	-1.59448653e-01	2.70336734e-02
6.71000000e-01	3.68515117e+02	-1.58983262e-01	2.70316149e-02
6.72000000e-01	3.68514958e+02	-1.58519903e-01	2.70295628e-02
6.73000000e-01	3.68514800e+02	-1.58058565e-01	2.70275170e-02
6.74000000e-01	3.68514642e+02	-1.57599235e-01	2.70254775e-02
6.75000000e-01	3.68514485e+02	-1.57141902e-01	2.70234443e-02
6.76000000e-01	3.68514328e+02	-1.56686555e-01	2.70214173e-02
6.77000000e-01	3.68514171e+02	-1.56233181e-01	2.70193965e-02
6.78000000e-01	3.68514015e+02	-1.55781771e-01	2.70173819e-02
6.79000000e-01	3.68513860e+02	-1.55332311e-01	2.70153735e-02
6.80000000e-01	3.68513705e+02	-1.54884792e-01	2.70133712e-02
6.81000000e-01	3.68513550e+02	-1.54439202e-01	2.70113750e-02
6.82000000e-01	3.68513396e+02	-1.53995529e-01	2.70093848e-02
6.83000000e-01	3.68513242e+02	-1.53553764e-01	2.70074007e-02
6.84000000e-01	3.68513089e+02	-1.53113894e-01	2.70054227e-02
6.85000000e-01	3.68512936e+02	-1.52675910e-01	2.70034506e-02
6.86000000e-01	3.68512783e+02	-1.52239801e-01	2.70014844e-02
6.87000000e-01	3.68512631e+02	-1.51805555e-01	2.69995242e-02
6.88000000e-01	3.68512480e+02	-1.51373162e-01	2.69975699e-02
6.89000000e-01	3.68512329e+02	-1.50942612e-01	2.69956215e-02
6.90000000e-01	3.68512178e+02	-1.50513895e-01	2.69936790e-02
6.91000000e-01	3.68512028e+02	-1.50086999e-01	2.69917423e-02
6.92000000e-01	3.68511878e+02	-1.49661915e-01	2.69898113e-02
6.93000000e-01	3.68511728e+02	-1.49238632e-01	2.69878862e-02
6.94000000e-01	3.68511579e+02	-1.48817141e-01	2.69859668e-02
6.95000000e-01	3.68511431e+02	-1.48397430e-01	2.69840531e-02
6.96000000e-01	3.68511283e+02	-1.47979491e-01	2.69821451e-02
6.97000000e-01	3.68511135e+02	-1.47563313e-01	2.69802428e-02
6.98000000e-01	3.68510987e+02	-1.47148886e-01	2.69783462e-02
6.99000000e-01	3.68510840e+02	-1.46736201e-01	2.69764552e-02
7.00000000e-01	3.68510694e+02	-1.46325248e-01	2.69745697e-02
7.01000000e-01	3.68510548e+02	-1.45916017e-01	2.69726899e-02
7.02000000e-01	3.68510402e+02	-1.45508498e-01	2.69708156e-02
7.03000000e-01	3.68510257e+02	-1.45102682e-01	2.69689468e-02
7.04000000e-01	3.68510112e+02	-1.44698560e-01	2.69670835e-02
7.05000000e-01	3.68509967e+02	-1.44296122e-01	2.69652257e-02
7.06000000e-01	3.68509823e+02	-1.43895358e-01	2.69633733e-02
7.07000000e-01	3.68509680e+02	-1.43496261e-01	2.69615264e-02
7.08000000e-01	3.68509536e+02	-1.43098819e-01	2.69596849e-02
7.09000000e-01	3.68509393e+02	-1.42703025e-01	2.69578487e-02
7.10000000e-01	3.68509251e+02	-1.42308869e-01	2.69560180e-02
7.11000000e-01	3.68509109e+02	-1.41916341e-01	2.69541925e-02
7.12000000e-01	3.68508967e+02	-1.41525434e-01	2.69523724e-02
7.13000000e-01	3.68508826e+02	-1.41136139e-01	2.69505575e-02
7.14000000e-01	3.68508685e+02	-1.40748445e-01	2.69487479e-02
7.15000000e-01	3.68508544e+02	-1.40362346e-01	2.69469436e-02
7.16000000e-01	3.68508404e+02	-1.39977831e-01	2.69451444e-02
7.17000000e-01	3.68508264e+02	-1.39594892e-01	2.69433505e-02
7.18000000e-01	3.68508125e+02	-1.39213521e-01	2.69415617e-02
7.19000000e-01	3.68507986e+02	-1.38833710e-01	2.69397781e-02
7.20000000e-01	3.68507847e+02	-1.38455449e-01	2.69379996e-02
7.21000000e-01	3.68507709e+02	-1.38078730e-01	2.69362262e-02
7.22000000e-01	3.68507571e+02	-1.37703545e-01	2.69344580e-02
7.23000000e-01	3.68507434e+02	-1.37329885e-01	2.69326947e-02
7.24000000e-01	3.68507296e+02	-1.36957743e-01	2.69309365e-02
7.25000000e-01	3.68507160e+02	-1.36587110e-01	2.69291834e-02
7.26000000e-01	3.68507023e+02	-1.36217978e-01	2.69274352e-02
7.27000000e-01	3.68506887e+02	-1.35850339e-01	2.69256920e-02
7.28000000e-01	3.68506752e+02	-1.35484185e-01	2.69239538e-02
7.29000000e-01	3.68506616e+02	-1.35119507e-01	2.69222204e-02
7.30000000e-01	3.68506481e+02	-1.34756299e-01	2.69204921e-02
7.31000000e-01	3.68506347e+02	-1.34394551e-01	2.69187686e-02
7.32000000e-01	3.68506213e+02	-1.34034257e-01	2.69170499e-02
7.33000000e-01	3.68506079e+02	-1.33675409e-01	2.69153362e-02
7.34000000e-01	3.68505945e+02	-1.33317998e-01	2.69136272e-02
7.35000000e-01	3.68505812e+02	-1.32962017e-01	2.69119231e-02
7.36000000e-01	3.68505679e+02	-1.32607459e-01	2.69102237e-02
7.37000000e-01	3.68505547e+02	-1.32254316e-01	2.69085292e-02
7.38000000e-01	3.68505415e+02	-1.31902580e-01	2.69068393e-02
7.39000000e-01	3.68505283e+02	-1.31552244e-01	2.69051542e-02
7.40000000e-01	3.68505152e+02	-1.31203301e-01	2.69034739e-02
7.41000000e-01	3.68505021e+02	-1.30855743e-01	2.69017982e-02
7.42000000e-01	3.68504890e+02	-1.30509563e-01	2.69001271e-02
7.43000000e-01	3.68504760e+02	-1.30164754e-01	2.68984608e-02
7.44000000e-01	3.68504630e+02	-1.29821308e-01	2.68967990e-02
7.45000000e-01	3.68504500e+02	-1.29479218e-01	2.68951419e-02
7.46000000e-01	3.68504371e+02	-1.29138477e-01	2.68934894e-02
7.47000000e-01	3.68504242e+02	-1.28799078e-01	2.68918414e-02
7.48000000e-01	3.68504113e+02	-1.28461015e-01	2.68901980e-02
7.49000000e-01	3.68503985e+02	-1.28124279e-01	2.68885592e-02
7.50000000e-01	3.68503857e+02	-1.27788864e-01	2.68869248e-02
7.51000000e-01	3.68503729e+02	-1.27454764e-01	2.68852950e-02
7.52000000e-01	3.68503602e+02	-1.27121971e-01	2.68836696e-02
7.53000000e-01	3.68503475e+02	-1.26790478e-01	2.68820487e-02
7.54000000e-01	3.68503348e+02	-1.26460279e-01	2.68804322e-02
7.55000000e-01	3.68503222e+02	-1.26131368e-01	2.68788202e-02
7.56000000e-01	3.68503096e+02	-1.25803736e-01	2.68772126e-02
7.57000000e-01	3.68502970e+02	-1.25477379e-01	2.68756093e-02
7.58000000e-01	3.68502845e+02	-1.25152288e-01	2.68740105e-02
7.59000000e-01	3.68502720e+02	-1.24828458e-01	2.68724159e-02
7.60000000e-01	3.68502595e+02	-1.24505883e-01	2.68708258e-02
7.61000000e-01	3.68502471e+02	-1.24184555e-01	2.68692399e-02
7.62000000e-01	3.68502347e+02	-1.23864468e-01	2.68676584e-02
7.63000000e-01	3.68502223e+02	-1.23545616e-01	2.68660811e-02
7.64000000e-01	3.68502100e+02	-1.23227992e-01	2.68645081e-02
7.65000000e-01	3.68501977e+02	-1.22911591e-01	2.68629393e-02
7.66000000e-01	3.68501854e+02	-1.22596405e-01	2.68613748e-02
7.67000000e-01	3.68501732e+02	-1.22282430e-01	2.68598145e-02
7.68000000e-01	3.68501610e+02	-1.21969658e-01	2.68582584e-02
7.69000000e-01	3.68501488e+02	-1.21658083e-01	2.68567064e-02
7.70000000e-01	3.68501366e+02	-1.21347700e-01	2.68551587e-02
7.71000000e-01	3.68501245e+02	-1.21038502e-01	2.68536150e-02
7.72000000e-01	3.68501124e+02	-1.20730483e-01	2.68520755e-02
7.73000000e-01	3.68501004e+02	-1.20423638e-01	2.68505402e-02
7.74000000e-01	3.68500883e+02	-1.20117959e-01	2.68490089e-02
7.75000000e-01	3.68500763e+02	-1.19813443e-01	2.68474817e-02
7.76000000e-01	3.68500644e+02	-1.19510081e-01	2.68459585e-02
7.77000000e-01	3.68500524e+02	-1.19207870e-01	2.68444394e-02
7.78000000e-01	3.68500405e+02	-1.18906802e-01	2.68429244e-02
7.79000000e-01	3.68500287e+02	-1.18606873e-01	2.68414134e-02
7.80000000e-01	3.68500168e+02	-1.18308076e-01	2.68399063e-02
7.81000000e-01	3.68500050e+02	-1.18010405e-01	2.68384033e-02
7.82000000e-01	3.68499932e+02	-1.17713856e-01	2.68369042e-02
7.83000000e-01	3.68499815e+02	-1.17418422e-01	2.68354090e-02
7.84000000e-01	3.68499697e+02	-1.17124098e-01	2.68339178e-02
7.85000000e-01	3.68499580e+02	-1.16830879e-01	2.68324306e-02
7.86000000e-01	3.68499464e+02	-1.16538758e-01	2.68309472e-02
7.87000000e-01	3.68499347e+02	-1.16247730e-01	2.68294677e-02
7.88000000e-01	3.68499231e+02	-1.15957791e-01	2.68279921e-02
7.89000000e-01	3.68499115e+02	-1.15668934e-01	2.68265204e-02
7.90000000e-01	3.68499000e+02	-1.15381154e-01	2.68250525e-02
7.91000000e-01	3.68498885e+02	-1.15094446e-01	2.68235884e-02
7.92000000e-01	3.68498770e+02	-1.14808804e-01	2.68221282e-02
7.93000000e-01	3.68498655e+02	-1.14524223e-01	2.68206717e-02
7.94000000e-01	3.68498541e+02	-1.14240699e-01	2.68192191e-02
7.95000000e-01	3.68498427e+02	-1.13958225e-01	2.68177702e-02
7.96000000e-01	3.68498313e+02	-1.13676797e-01	2.68163251e-02
7.97000000e-01	3.68498199e+02	-1.13396409e-01	2.68148837e-02
7.98000000e-01	3.68498086e+02	-1.13117056e-01	2.68134460e-02
7.99000000e-01	3.68497973e+02	-1.12838733e-01	2.68120121e-02
8.00000000e-01	3.68497860e+02	-1.12561436e-01	2.68105818e-02
8.01000000e-01	3.68497748e+02	-1.12285159e-01	2.68091552e-02
8.02000000e-01	3.68497636e+02	-1.12009896e-01	2.68077323e-02
8.03000000e-01	3.68497524e+02	-1.11735644e-01	2.68063131e-02
8.04000000e-01	3.68497412e+02	-1.11462398e-01	2.68048975e-02
8.05000000e-01	3.68497301e+02	-1.11190151e-01	2.68034855e-02
8.06000000e-01	3.68497190e+02	-1.10918900e-01	2.68020772e-02
8.07000000e-01	3.68497079e+02	-1.10648640e-01	2.68006724e-02
8.08000000e-01	3.68496969e+02	-1.10379365e-01	2.67992712e-02
8.09000000e-01	3.68496858e+02	-1.10111071e-01	2.67978736e-02
8.10000000e-01	3.68496748e+02	-1.09843754e-01	2.67964796e-02
8.11000000e-01	3.68496639e+02	-1.09577408e-01	2.67950891e-02
8.12000000e-01	3.68496529e+02	-1.09312029e-01	2.67937022e-02
8.13000000e-01	3.68496420e+02	-1.09047612e-01	2.67923187e-02
8.14000000e-01	3.68496311e+02	-1.08784153e-01	2.67909388e-02
8.15000000e-01	3.68496202e+02	-1.08521646e-01	2.67895623e-02
8.16000000e-01	3.68496094e+02	-1.08260088e-01	2.67881894e-02
8.17000000e-01	3.68495986e+02	-1.07999473e-01	2.67868199e-02
8.18000000e-01	3.68495878e+02	-1.07739798e-01	2.67854538e-02
8.19000000e-01	3.68495770e+02	-1.07481058e-01	2.67840912e-02
8.20000000e-01	3.68495663e+02	-1.07223247e-01	2.67827320e-02
8.21000000e-01	3.68495556e+02	-1.06966363e-01	2.67813762e-02
8.22000000e-01	3.68495449e+02	-1.06710400e-01	2.67800239e-02
8.23000000e-01	3.68495343e+02	-1.06455353e-01	2.67786749e-02
8.24000000e-01	3.68495236e+02	-1.06201220e-01	2.67773293e-02
8.25000000e-01	3.68495130e+02	-1.05947995e-01	2.67759870e-02
8.26000000e-01	3.68495024e+02	-1.05695673e-01	2.67746481e-02
8.27000000e-01	3.68494919e+02	-1.05444251e-01	2.67733126e-02
8.28000000e-01	3.68494813e+02	-1.05193725e-01	2.67719803e-02
8.29000000e-01	3.68494708e+02	-1.04944090e-01	2.67706514e-02
8.30000000e-01	3.68494604e+02	-1.04695341e-01	2.67693258e-02
8.31000000e-01	3.68494499e+02	-1.04447476e-01	2.67680035e-02
8.32000000e-01	3.68494395e+02	-1.04200489e-01	2.67666844e-02
8.33000000e-01	3.68494291e+02	-1.03954376e-01	2.67653686e-02
8.34000000e-01	3.68494187e+02	-1.03709134e-01	2.67640561e-02
8.35000000e-01	3.68494083e+02	-1.03464757e-01	2.67627468e-02
8.36000000e-01	3.68493980e+02	-1.03221243e-01	2.67614407e-02
8.37000000e-01	3.68493877e+02	-1.02978587e-01	2.67601378e-02
8.38000000e-01	3.68493774e+02	-1.02736785e-01	2.67588382e-02
8.39000000e-01	3.68493671e+02	-1.02495833e-01	2.67575417e-02
8.40000000e-01	3.68493569e+02	-1.02255727e-01	2.67562484e-02
8.41000000e-01	3.68493467e+02	-1.02016464e-01	2.67549583e-02
8.42000000e-01	3.68493365e+02	-1.01778038e-01	2.67536714e-02
8.43000000e-01	3.68493263e+02	-1.01540447e-01	2.67523875e-02
8.44000000e-01	3.68493162e+02	-1.01303686e-01	2.67511069e-02
8.45000000e-01	3.68493061e+02	-1.01067752e-01	2.67498293e-02
8.46000000e-01	3.68492960e+02	-1.00832640e-01	2.67485549e-02
8.47000000e-01	3.68492859e+02	-1.00598347e-01	2.67472835e-02
8.48000000e-01	3.68492758e+02	-1.00364869e-01	2.67460153e-02
8.49000000e-01	3.68492658e+02	-1.00132203e-01	2.67447501e-02
8.50000000e-01	3.68492558e+02	-9.99003442e-02	2.67434880e-02
8.51000000e-01	3.68492458e+02	-9.96692891e-02	2.67422289e-02
8.52000000e-01	3.68492359e+02	-9.94390342e-02	2.67409729e-02
8.53000000e-01	3.68492260e+02	-9.92095757e-02	2.67397199e-02
8.54000000e-01	3.68492160e+02	-9.89809100e-02	2.67384699e-02
8.55000000e-01	3.68492062e+02	-9.87530333e-02	2.67372230e-02
8.56000000e-01	3.68491963e+02	-9.85259422e-02	2.67359790e-02
8.57000000e-01	3.68491865e+02	-9.82996330e-02	2.67347381e-02
8.58000000e-01	3.68491766e+02	-9.80741020e-02	2.67335001e-02
8.59000000e-01	3.68491668e+02	-9.78493458e-02	2.67322651e-02
8.60000000e-01	3.68491571e+02	-9.76253608e-02	2.67310330e-02
8.61000000e-01	3.68491473e+02	-9.74021435e-02	2.67298039e-02
8.62000000e-01	3.68491376e+02	-9.71796904e-02	2.67285777e-02
8.63000000e-01	3.68491279e+02	-9.69579980e-02	2.67273545e-02
8.64000000e-01	3.68491182e+02	-9.67370627e-02	2.67261341e-02
8.65000000e-01	3.68491085e+02	-9.65168813e-02	2.67249167e-02
8.66000000e-01	3.68490989e+02	-9.62974503e-02	2.67237021e-02
8.67000000e-01	3.68490893e+02	-9.60787662e-02	2.67224905e-02
8.68000000e-01	3.68490797e+02	-9.58608257e-02	2.67212817e-02
8.69000000e-01	3.68490701e+02	-9.56436254e-02	2.67200758e-02
8.70000000e-01	3.68490606e+02	-9.54271620e-02	2.67188727e-02
8.71000000e-01	3.68490510e+02	-9.52114322e-02	2.67176725e-02
8.72000000e-01	3.68490415e+02	-9.49964326e-02	2.67164751e-02
8.73000000e-01	3.68490320e+02	-9.47821599e-02	2.67152805e-02
8.74000000e-01	3.68490226e+02	-9.45686109e-02	2.67140888e-02
8.75000000e-01	3.68490131e+02	-9.43557823e-02	2.67128998e-02
8.76000000e-01	3.68490037e+02	-9.41436709e-02	2.67117137e-02
8.77000000e-01	3.68489943e+02	-9.39322735e-02	2.67105303e-02
8.78000000e-01	3.68489849e+02	-9.37215868e-02	2.67093497e-02
8.79000000e-01	3.68489755e+02	-9.35116078e-02	2.67081719e-02
8.80000000e-01	3.68489662e+02	-9.33023331e-02	2.67069968e-02
8.81000000e-01	3.68489569e+02	-9.30937598e-02	2.67058245e-02
8.82000000e-01	3.68489476e+02	-9.28858846e-02	2.67046549e-02
8.83000000e-01	3.68489383e+02	-9.26787045e-02	2.67034880e-02
8.84000000e-01	3.68489290e+02	-9.24722163e-02	2.67023238e-02
8.85000000e-01	3.68489198e+02	-9.22664170e-02	2.67011624e-02
8.86000000e-01	3.68489106e+02	-9.20613035e-02	2.67000036e-02
8.87000000e-01	3.68489014e+02	-9.18568727e-02	2.66988475e-02
8.88000000e-01	3.68488922e+02	-9.16531218e-02	2.66976942e-02
8.89000000e-01	3.68488831e+02	-9.14500476e-02	2.66965434e-02
8.90000000e-01	3.68488739e+02	-9.12476471e-02	2.66953954e-02
8.91000000e-01	3.68488648e+02	-9.10459174e-02	2.66942500e-02
8.92000000e-01	3.68488557e+02	-9.08448555e-02	2.66931072e-02
8.93000000e-01	3.68488466e+02	-9.06444585e-02	2.66919670e-02
8.94000000e-01	3.68488376e+02	-9.04447234e-02	2.66908295e-02
8.95000000e-01	3.68488286e+02	-9.02456474e-02	2.66896946e-02
8.96000000e-01	3.68488195e+02	-9.00472275e-02	2.66885623e-02
8.97000000e-01	3.68488105e+02	-8.98494609e-02	2.66874326e-02
8.98000000e-01	3.68488016e+02	-8.96523447e-02	2.66863055e-02
8.99000000e-01	3.68487926e+02	-8.94558761e-02	2.66851810e-02
9.00000000e-01	3.68487837e+02	-8.92600522e-02	2.66840590e-02
9.01000000e-01	3.68487748e+02	-8.90648702e-02	2.66829396e-02
9.02000000e-01	3.68487659e+02	-8.88703272e-02	2.66818228e-02
9.03000000e-01	3.68487570e+02	-8.86764207e-02	2.66807085e-02
9.04000000e-01	3.68487481e+02	-8.84831476e-02	2.66795967e-02
9.05000000e-01	3.68487393e+02	-8.82905054e-02	2.66784874e-02
9.06000000e-01	3.68487305e+02	-8.80984912e-02	2.66773807e-02
9.07000000e-01	3.68487217e+02	-8.79071024e-02	2.66762765e-02
9.08000000e-01	3.68487129e+02	-8.77163361e-02	2.66751748e-02
9.09000000e-01	3.68487041e+02	-8.75261898e-02	2.66740755e-02
9.10000000e-01	3.68486954e+02	-8.73366608e-02	2.66729788e-02
9.11000000e-01	3.68486867e+02	-8.71477463e-02	2.66718845e-02
9.12000000e-01	3.68486780e+02	-8.69594437e-02	2.66707927e-02
9.13000000e-01	3.68486693e+02	-8.67717505e-02	2.66697034e-02
9.14000000e-01	3.68486606e+02	-8.65846639e-02	2.66686165e-02
9.15000000e-01	3.68486520e+02	-8.63981813e-02	2.66675320e-02
9.16000000e-01	3.68486433e+02	-8.62123002e-02	2.66664500e-02
9.17000000e-01	3.68486347e+02	-8.60270180e-02	2.66653704e-02
9.18000000e-01	3.68486261e+02	-8.58423320e-02	2.66642932e-02
9.19000000e-01	3.68486175e+02	-8.56582399e-02	2.66632185e-02
9.20000000e-01	3.68486090e+02	-8.54747389e-02	2.66621461e-02
9.21000000e-01	3.68486005e+02	-8.52918266e-02	2.66610761e-02
9.22000000e-01	3.68485919e+02	-8.51095005e-02	2.66600085e-02
9.23000000e-01	3.68485834e+02	-8.49277581e-02	2.66589433e-02
9.24000000e-01	3.68485749e+02	-8.47465968e-02	2.66578805e-02
9.25000000e-01	3.68485665e+02	-8.45660143e-02	2.66568200e-02
9.26000000e-01	3.68485580e+02	-8.43860079e-02	2.66557618e-02
9.27000000e-01	3.68485496e+02	-8.42065754e-02	2.66547061e-02
9.28000000e-01	3.68485412e+02	-8.40277143e-02	2.66536526e-02
9.29000000e-01	3.68485328e+02	-8.38494221e-02	2.66526015e-02
9.30000000e-01	3.68485244e+02	-8.36716964e-02	2.66515527e-02
9.31000000e-01	3.68485161e+02	-8.34945349e-02	2.66505062e-02
9.32000000e-01	3.68485077e+02	-8.33179351e-02	2.66494621e-02
9.33000000e-01	3.68484994e+02	-8.31418947e-02	2.66484202e-02
9.34000000e-01	3.68484911e+02	-8.29664114e-02	2.66473806e-02
9.35000000e-01	3.68484828e+02	-8.27914827e-02	2.66463433e-02
9.36000000e-01	3.68484745e+02	-8.26171063e-02	2.66453083e-02
9.37000000e-01	3.68484663e+02	-8.24432800e-02	2.66442755e-02
9.38000000e-01	3.68484581e+02	-8.22700014e-02	2.66432450e-02
9.39000000e-01	3.68484498e+02	-8.20972682e-02	2.66422168e-02
9.40000000e-01	3.68484416e+02	-8.19250781e-02	2.66411908e-02
9.41000000e-01	3.68484334e+02	-8.17534289e-02	2.66401671e-02
9.42000000e-01	3.68484253e+02	-8.15823183e-02	2.66391456e-02
9.43000000e-01	3.68484171e+02	-8.14117440e-02	2.66381263e-02
9.44000000e-01	3.68484090e+02	-8.12417039e-02	2.66371092e-02
9.45000000e-01	3.68484009e+02	-8.10721956e-02	2.66360943e-02
9.46000000e-01	3.68483928e+02	-8.09032170e-02	2.66350817e-02
9.47000000e-01	3.68483847e+02	-8.07347659e-02	2.66340712e-02
9.48000000e-01	3.68483766e+02	-8.05668400e-02	2.66330629e-02
9.49000000e-01	3.68483686e+02	-8.03994372e-02	2.66320568e-02
9.50000000e-01	3.68483606e+02	-8.02325554e-02	2.66310529e-02
9.51000000e-01	3.68483525e+02	-8.00661923e-02	2.66300512e-02
9.52000000e-01	3.68483445e+02	-7.99003458e-02	2.66290516e-02
9.53000000e-01	3.68483366e+02	-7.97350138e-02	2.66280541e-02
9.54000000e-01	3.68483286e+02	-7.95701942e-02	2.66270589e-02
9.55000000e-01	3.68483207e+02	-7.94058848e-02	2.66260657e-02
9.56000000e-01	3.68483127e+02	-7.92420836e-02	2.66250747e-02
9.57000000e-01	3.68483048e+02	-7.90787884e-02	2.66240858e-02
9.58000000e-01	3.68482969e+02	-7.89159972e-02	2.66230990e-02
9.59000000e-01	3.68482890e+02	-7.87537079e-02	2.66221144e-02
9.60000000e-01	3.68482812e+02	-7.85919184e-02	2.66211318e-02
9.61000000e-01	3.68482733e+02	-7.84306267e-02	2.66201514e-02
9.62000000e-01	3.68482655e+02	-7.82698308e-02	2.66191730e-02
9.63000000e-01	3.68482577e+02	-7.81095285e-02	2.66181967e-02
9.64000000e-01	3.68482498e+02	-7.79497180e-02	2.66172225e-02
9.65000000e-01	3.68482421e+02	-7.77903972e-02	2.66162504e-02
9.66000000e-01	3.68482343e+02	-7.76315641e-02	2.66152804e-02
9.67000000e-01	3.68482265e+02	-7.74732167e-02	2.66143124e-02
9.68000000e-01	3.68482188e+02	-7.73153530e-02	2.66133464e-02
9.69000000e-01	3.68482111e+02	-7.71579711e-02	2.66123825e-02
9.70000000e-01	3.68482034e+02	-7.70010690e-02	2.66114207e-02
9.71000000e-01	3.68481957e+02	-7.68446448e-02	2.66104608e-02
9.72000000e-01	3.68481880e+02	-7.66886964e-02	2.66095030e-02
9.73000000e-01	3.68481803e+02	-7.65332221e-02	2.66085472e-02
9.74000000e-01	3.68481727e+02	-7.63782199e-02	2.66075935e-02
9.75000000e-01	3.68481651e+02	-7.62236878e-02	2.66066417e-02
9.76000000e-01	3.68481574e+02	-7.60696240e-02	2.66056920e-02
9.77000000e-01	3.68481498e+02	-7.59160266e-02	2.66047442e-02
9.78000000e-01	3.68481423e+02	-7.57628937e-02	2.66037984e-02
9.79000000e-01	3.68481347e+02	-7.56102235e-02	2.66028546e-02
9.80000000e-01	3.68481271e+02	-7.54580140e-02	2.66019128e-02
9.81000000e-01	3.68481196e+02	-7.53062634e-02	2.66009730e-02
9.82000000e-01	3.68481121e+02	-7.51549699e-02	2.66000351e-02
9.83000000e-01	3.68481046e+02	-7.50041316e-02	2.65990992e-02
9.84000000e-01	3.68480971e+02	-7.48537468e-02	2.65981652e-02
9.85000000e-01	3.68480896e+02	-7.47038136e-02	2.65972332e-02
9.86000000e-01	3.68480821e+02	-7.45543302e-02	2.65963031e-02
9.87000000e-01	3.68480747e+02	-7.44052948e-02	2.65953749e-02
9.88000000e-01	3.68480673e+02	-7.42567056e-02	2.65944487e-02
9.89000000e-01	3.68480598e+02	-7.41085608e-02	2.65935244e-02
9.90000000e-01	3.68480524e+02	-7.39608588e-02	2.65926020e-02
9.91000000e-01	3.68480450e+02	-7.38135976e-02	2.65916815e-02
9.92000000e-01	3.68480377e+02	-7.36667756e-02	2.65907629e-02
9.93000000e-01	3.68480303e+02	-7.35203910e-02	2.65898462e-02
9.94000000e-01	3.68480230e+02	-7.33744421e-02	2.65889315e-02
9.95000000e-01	3.68480156e+02	-7.32289271e-02	2.65880185e-02
9.96000000e-01	3.68480083e+02	-7.30838444e-02	2.65871075e-02
9.97000000e-01	3.68480010e+02	-7.29391922e-02	2.65861984e-02
9.98000000e-01	3.68479937e+02	-7.27949688e-02	2.65852911e-02
9.99000000e-01	3.68479865e+02	-7.26511725e-02	2.65843857e-02
