1.00000000e-03	4.81947556e+02	-9.99710728e+04	4.98086737e-03
2.00000000e-03	4.31990288e+02	-2.49438819e+04	9.85037067e-03
3.00000000e-03	4.15392082e+02	-1.10309120e+04	1.45128212e-02
4.00000000e-03	4.07149373e+02	-6.14963916e+03	1.88980813e-02
5.00000000e-03	4.02258077e+02	-3.88364469e+03	2.29636463e-02
6.00000000e-03	3.99047417e+02	-2.64942012e+03	2.66908917e-02
7.00000000e-03	3.96799316e+02	-1.90402386e+03	3.00788405e-02
8.00000000e-03	3.95153323e+02	-1.42031126e+03	3.31380146e-02
9.00000000e-03	3.93908257e+02	-1.08948388e+03	3.58855602e-02
1.00000000e-02	3.92942822e+02	-8.54027681e+02	3.83418534e-02
1.10000000e-02	3.92179474e+02	-6.81164062e+02	4.05283417e-02
1.20000000e-02	3.91566314e+02	-5.51071752e+02	4.24662727e-02
1.30000000e-02	3.91067310e+02	-4.51178150e+02	4.41760080e-02
1.40000000e-02	3.90656685e+02	-3.73188906e+02	4.56766955e-02
1.50000000e-02	3.90315534e+02	-3.11449551e+02	4.69861543e-02
1.60000000e-02	3.90029702e+02	-2.61996733e+02	4.81208753e-02
1.70000000e-02	3.89788402e+02	-2.21985621e+02	4.90960825e-02
1.80000000e-02	3.89583284e+02	-1.89331876e+02	4.99258195e-02
1.90000000e-02	3.89407808e+02	-1.62480798e+02	5.06230447e-02
2.00000000e-02	3.89256784e+02	-1.40254419e+02	5.11997229e-02
2.10000000e-02	3.89126061e+02	-1.21747802e+02	5.16669103e-02
2.20000000e-02	3.89012285e+02	-1.06257203e+02	5.20348299e-02
2.30000000e-02	3.88912727e+02	-9.32293723e+01	5.23129384e-02
2.40000000e-02	3.88825153e+02	-8.22251487e+01	5.25099841e-02
2.50000000e-02	3.88747720e+02	-7.28929208e+01	5.26340574e-02
2.60000000e-02	3.88678905e+02	-6.49490019e+01	5.26926359e-02
2.70000000e-02	3.88617437e+02	-5.81629339e+01	5.26926234e-02
2.80000000e-02	3.88562256e+02	-5.23463481e+01	5.26403862e-02
2.90000000e-02	3.88512473e+02	-4.73444323e+01	5.25417852e-02
3.00000000e-02	3.88467338e+02	-4.30293274e+01	5.24022064e-02
3.10000000e-02	3.88426221e+02	-3.92949697e+01	5.22265897e-02
3.20000000e-02	3.88388584e+02	-3.60530275e+01	5.20194551e-02
3.30000000e-02	3.88353975e+02	-3.32296755e+01	5.17849296e-02
3.40000000e-02	3.88322006e+02	-3.07630147e+01	5.15267717e-02
3.50000000e-02	3.88292348e+02	-2.86009950e+01	5.12483958e-02
3.60000000e-02	3.88264717e+02	-2.66997325e+01	5.09528953e-02
3.70000000e-02	3.88238874e+02	-2.50221394e+01	5.06430654e-02
3.80000000e-02	3.88214609e+02	-2.35368017e+01	5.03214250e-02
3.90000000e-02	3.88191745e+02	-2.22170565e+01	4.99902374e-02
4.00000000e-02	3.88170127e+02	-2.10402300e+01	4.96515302e-02
4.10000000e-02	3.88149623e+02	-1.99870058e+01	4.93071144e-02
4.20000000e-02	3.88130118e+02	-1.90408999e+01	4.89586029e-02
4.30000000e-02	3.88111510e+02	-1.81878219e+01	4.86074268e-02
4.40000000e-02	3.88093715e+02	-1.74157084e+01	4.82548520e-02
4.50000000e-02	3.88076655e+02	-1.67142160e+01	4.79019939e-02
4.60000000e-02	3.88060266e+02	-1.60744621e+01	4.75498314e-02
4.70000000e-02	3.88044489e+02	-1.54888074e+01	4.71992202e-02
4.80000000e-02	3.88029273e+02	-1.49506726e+01	4.68509044e-02
4.90000000e-02	3.88014573e+02	-1.44543822e+01	4.65055276e-02
5.00000000e-02	3.88000351e+02	-1.39950337e+01	4.61636434e-02
5.10000000e-02	3.87986572e+02	-1.35683856e+01	4.58257243e-02
5.20000000e-02	3.87973205e+02	-1.31707627e+01	4.54921705e-02
5.30000000e-02	3.87960222e+02	-1.27989758e+01	4.51633177e-02
5.40000000e-02	3.87947599e+02	-1.24502526e+01	4.48394438e-02
5.50000000e-02	3.87935315e+02	-1.21221798e+01	4.45207755e-02
5.60000000e-02	3.87923349e+02	-1.18126527e+01	4.42074944e-02
5.70000000e-02	3.87911684e+02	-1.15198327e+01	4.38997415e-02
5.80000000e-02	3.87900304e+02	-1.12421109e+01	4.35976225e-02
5.90000000e-02	3.87889195e+02	-1.09780767e+01	4.33012120e-02
6.00000000e-02	3.87878344e+02	-1.07264910e+01	4.30105570e-02
6.10000000e-02	3.87867738e+02	-1.04862633e+01	4.27256805e-02
6.20000000e-02	3.87857368e+02	-1.02564320e+01	4.24465846e-02
6.30000000e-02	3.87847222e+02	-1.00361472e+01	4.21732532e-02
6.40000000e-02	3.87837293e+02	-9.82465614e+00	4.19056544e-02
6.50000000e-02	3.87827570e+02	-9.62129081e+00	4.16437428e-02
6.60000000e-02	3.87818047e+02	-9.42545678e+00	4.13874612e-02
6.70000000e-02	3.87808717e+02	-9.23662398e+00	4.11367426e-02
6.80000000e-02	3.87799572e+02	-9.05431854e+00	4.08915115e-02
6.90000000e-02	3.87790606e+02	-8.87811576e+00	4.06516857e-02
7.00000000e-02	3.87781814e+02	-8.70763405e+00	4.04171768e-02
7.10000000e-02	3.87773189e+02	-8.54252966e+00	4.01878919e-02
7.20000000e-02	3.87764727e+02	-8.38249206e+00	3.99637342e-02
7.30000000e-02	3.87756423e+02	-8.22724001e+00	3.97446039e-02
7.40000000e-02	3.87748271e+02	-8.07651807e+00	3.95303992e-02
7.50000000e-02	3.87740268e+02	-7.93009361e+00	3.93210162e-02
7.60000000e-02	3.87732410e+02	-7.78775418e+00	3.91163506e-02
7.70000000e-02	3.87724691e+02	-7.64930518e+00	3.89162969e-02
7.80000000e-02	3.87717110e+02	-7.51456793e+00	3.87207500e-02
7.90000000e-02	3.87709661e+02	-7.38337787e+00	3.85296047e-02
8.00000000e-02	3.87702342e+02	-7.25558302e+00	3.83427564e-02
8.10000000e-02	3.87695149e+02	-7.13104268e+00	3.81601016e-02
8.20000000e-02	3.87688079e+02	-7.00962620e+00	3.79815375e-02
8.30000000e-02	3.87681129e+02	-6.89121200e+00	3.78069629e-02
8.40000000e-02	3.87674295e+02	-6.77568660e+00	3.76362777e-02
8.50000000e-02	3.87667576e+02	-6.66294385e+00	3.74693837e-02
8.60000000e-02	3.87660969e+02	-6.55288422e+00	3.73061841e-02
8.70000000e-02	3.87654470e+02	-6.44541417e+00	3.71465841e-02
8.80000000e-02	3.87648077e+02	-6.34044558e+00	3.69904907e-02
8.90000000e-02	3.87641788e+02	-6.23789530e+00	3.68378128e-02
9.00000000e-02	3.87635600e+02	-6.13768465e+00	3.66884613e-02
9.10000000e-02	3.87629512e+02	-6.03973911e+00	3.65423490e-02
9.20000000e-02	3.87623520e+02	-5.94398791e+00	3.63993910e-02
9.30000000e-02	3.87617623e+02	-5.85036376e+00	3.62595040e-02
9.40000000e-02	3.87611819e+02	-5.75880256e+00	3.61226071e-02
9.50000000e-02	3.87606105e+02	-5.66924316e+00	3.59886213e-02
9.60000000e-02	3.87600480e+02	-5.58162714e+00	3.58574696e-02
9.70000000e-02	3.87594941e+02	-5.49589861e+00	3.57290770e-02
9.80000000e-02	3.87589487e+02	-5.41200405e+00	3.56033705e-02
9.90000000e-02	3.87584116e+02	-5.32989210e+00	3.54802791e-02
1.00000000e-01	3.87578827e+02	-5.24951348e+00	3.53597336e-02
1.01000000e-01	3.87573617e+02	-5.17082081e+00	3.52416669e-02
1.02000000e-01	3.87568485e+02	-5.09376853e+00	3.51260134e-02
1.03000000e-01	3.87563429e+02	-5.01831275e+00	3.50127098e-02
1.04000000e-01	3.87558448e+02	-4.94441118e+00	3.49016942e-02
1.05000000e-01	3.87553539e+02	-4.87202303e+00	3.47929065e-02
1.06000000e-01	3.87548703e+02	-4.80110895e+00	3.46862886e-02
1.07000000e-01	3.87543937e+02	-4.73163091e+00	3.45817838e-02
1.08000000e-01	3.87539239e+02	-4.66355218e+00	3.44793370e-02
1.09000000e-01	3.87534609e+02	-4.59683722e+00	3.43788948e-02
1.10000000e-01	3.87530045e+02	-4.53145167e+00	3.42804054e-02
1.11000000e-01	3.87525546e+02	-4.46736226e+00	3.41838183e-02
1.12000000e-01	3.87521110e+02	-4.40453675e+00	3.40890847e-02
1.13000000e-01	3.87516736e+02	-4.34294394e+00	3.39961570e-02
1.14000000e-01	3.87512424e+02	-4.28255356e+00	3.39049893e-02
1.15000000e-01	3.87508171e+02	-4.22333627e+00	3.38155366e-02
1.16000000e-01	3.87503977e+02	-4.16526361e+00	3.37277557e-02
1.17000000e-01	3.87499840e+02	-4.10830797e+00	3.36416042e-02
1.18000000e-01	3.87495760e+02	-4.05244254e+00	3.35570412e-02
1.19000000e-01	3.87491735e+02	-3.99764131e+00	3.34740271e-02
1.20000000e-01	3.87487764e+02	-3.94387900e+00	3.33925232e-02
1.21000000e-01	3.87483847e+02	-3.89113106e+00	3.33124920e-02
1.22000000e-01	3.87479981e+02	-3.83937363e+00	3.32338973e-02
1.23000000e-01	3.87476168e+02	-3.78858355e+00	3.31567036e-02
1.24000000e-01	3.87472404e+02	-3.73873827e+00	3.30808767e-02
1.25000000e-01	3.87468690e+02	-3.68981589e+00	3.30063834e-02
1.26000000e-01	3.87465024e+02	-3.64179511e+00	3.29331912e-02
1.27000000e-01	3.87461406e+02	-3.59465519e+00	3.28612688e-02
1.28000000e-01	3.87457834e+02	-3.54837600e+00	3.27905858e-02
1.29000000e-01	3.87454309e+02	-3.50293791e+00	3.27211125e-02
1.30000000e-01	3.87450828e+02	-3.45832185e+00	3.26528202e-02
1.31000000e-01	3.87447392e+02	-3.41450924e+00	3.25856809e-02
1.32000000e-01	3.87443999e+02	-3.37148201e+00	3.25196676e-02
1.33000000e-01	3.87440649e+02	-3.32922255e+00	3.24547538e-02
1.34000000e-01	3.87437340e+02	-3.28771374e+00	3.23909140e-02
1.35000000e-01	3.87434073e+02	-3.24693888e+00	3.23281232e-02
1.36000000e-01	3.87430846e+02	-3.20688174e+00	3.22663574e-02
1.37000000e-01	3.87427659e+02	-3.16752647e+00	3.22055930e-02
1.38000000e-01	3.87424511e+02	-3.12885768e+00	3.21458071e-02
1.39000000e-01	3.87421401e+02	-3.09086034e+00	3.20869776e-02
1.40000000e-01	3.87418329e+02	-3.05351981e+00	3.20290830e-02
1.41000000e-01	3.87415294e+02	-3.01682185e+00	3.19721021e-02
1.42000000e-01	3.87412295e+02	-2.98075255e+00	3.19160147e-02
1.43000000e-01	3.87409332e+02	-2.94529838e+00	3.18608008e-02
1.44000000e-01	3.87406404e+02	-2.91044614e+00	3.18064412e-02
1.45000000e-01	3.87403511e+02	-2.87618296e+00	3.17529172e-02
1.46000000e-01	3.87400652e+02	-2.84249630e+00	3.17002105e-02
1.47000000e-01	3.87397826e+02	-2.80937392e+00	3.16483033e-02
1.48000000e-01	3.87395033e+02	-2.77680392e+00	3.15971783e-02
1.49000000e-01	3.87392272e+02	-2.74477466e+00	3.15468188e-02
1.50000000e-01	3.87389543e+02	-2.71327479e+00	3.14972084e-02
1.51000000e-01	3.87386845e+02	-2.68229327e+00	3.14483311e-02
1.52000000e-01	3.87384178e+02	-2.65181930e+00	3.14001715e-02
1.53000000e-01	3.87381542e+02	-2.62184237e+00	3.13527145e-02
1.54000000e-01	3.87378935e+02	-2.59235220e+00	3.13059454e-02
1.55000000e-01	3.87376357e+02	-2.56333878e+00	3.12598499e-02
1.56000000e-01	3.87373808e+02	-2.53479235e+00	3.12144141e-02
1.57000000e-01	3.87371287e+02	-2.50670335e+00	3.11696244e-02
1.58000000e-01	3.87368794e+02	-2.47906250e+00	3.11254676e-02
1.59000000e-01	3.87366329e+02	-2.45186070e+00	3.10819308e-02
1.60000000e-01	3.87363890e+02	-2.42508909e+00	3.10390014e-02
1.61000000e-01	3.87361478e+02	-2.39873902e+00	3.09966674e-02
1.62000000e-01	3.87359093e+02	-2.37280204e+00	3.09549167e-02
1.63000000e-01	3.87356733e+02	-2.34726990e+00	3.09137378e-02
1.64000000e-01	3.87354398e+02	-2.32213457e+00	3.08731193e-02
1.65000000e-01	3.87352088e+02	-2.29738817e+00	3.08330502e-02
1.66000000e-01	3.87349803e+02	-2.27302302e+00	3.07935198e-02
1.67000000e-01	3.87347542e+02	-2.24903164e+00	3.07545176e-02
1.68000000e-01	3.87345305e+02	-2.22540669e+00	3.07160334e-02
1.69000000e-01	3.87343091e+02	-2.20214104e+00	3.06780571e-02
1.70000000e-01	3.87340901e+02	-2.17922769e+00	3.06405791e-02
1.71000000e-01	3.87338733e+02	-2.15665982e+00	3.06035899e-02
1.72000000e-01	3.87336587e+02	-2.13443076e+00	3.05670801e-02
1.73000000e-01	3.87334464e+02	-2.11253401e+00	3.05310409e-02
1.74000000e-01	3.87332362e+02	-2.09096319e+00	3.04954634e-02
1.75000000e-01	3.87330282e+02	-2.06971210e+00	3.04603389e-02
1.76000000e-01	3.87328222e+02	-2.04877464e+00	3.04256591e-02
1.77000000e-01	3.87326184e+02	-2.02814489e+00	3.03914157e-02
1.78000000e-01	3.87324166e+02	-2.00781704e+00	3.03576009e-02
1.79000000e-01	3.87322168e+02	-1.98778542e+00	3.03242067e-02
1.80000000e-01	3.87320190e+02	-1.96804447e+00	3.02912255e-02
1.81000000e-01	3.87318232e+02	-1.94858879e+00	3.02586499e-02
1.82000000e-01	3.87316293e+02	-1.92941306e+00	3.02264726e-02
1.83000000e-01	3.87314373e+02	-1.91051210e+00	3.01946865e-02
1.84000000e-01	3.87312472e+02	-1.89188085e+00	3.01632846e-02
1.85000000e-01	3.87310589e+02	-1.87351435e+00	3.01322602e-02
1.86000000e-01	3.87308725e+02	-1.85540776e+00	3.01016066e-02
1.87000000e-01	3.87306878e+02	-1.83755632e+00	3.00713173e-02
1.88000000e-01	3.87305050e+02	-1.81995542e+00	3.00413861e-02
1.89000000e-01	3.87303238e+02	-1.80260051e+00	3.00118066e-02
1.90000000e-01	3.87301444e+02	-1.78548715e+00	2.99825729e-02
1.91000000e-01	3.87299667e+02	-1.76861101e+00	2.99536790e-02
1.92000000e-01	3.87297907e+02	-1.75196784e+00	2.99251191e-02
1.93000000e-01	3.87296163e+02	-1.73555348e+00	2.98968877e-02
1.94000000e-01	3.87294436e+02	-1.71936387e+00	2.98689790e-02
1.95000000e-01	3.87292725e+02	-1.70339503e+00	2.98413878e-02
1.96000000e-01	3.87291029e+02	-1.68764306e+00	2.98141088e-02
1.97000000e-01	3.87289349e+02	-1.67210416e+00	2.97871366e-02
1.98000000e-01	3.87287685e+02	-1.65677460e+00	2.97604664e-02
1.99000000e-01	3.87286036e+02	-1.64165072e+00	2.97340930e-02
2.00000000e-01	3.87284401e+02	-1.62672895e+00	2.97080118e-02
2.01000000e-01	3.87282782e+02	-1.61200578e+00	2.96822178e-02
2.02000000e-01	3.87281177e+02	-1.59747780e+00	2.96567065e-02
2.03000000e-01	3.87279587e+02	-1.58314165e+00	2.96314733e-02
2.04000000e-01	3.87278011e+02	-1.56899405e+00	2.96065137e-02
2.05000000e-01	3.87276449e+02	-1.55503176e+00	2.95818234e-02
2.06000000e-01	3.87274901e+02	-1.54125166e+00	2.95573981e-02
2.07000000e-01	3.87273366e+02	-1.52765064e+00	2.95332336e-02
2.08000000e-01	3.87271846e+02	-1.51422570e+00	2.95093258e-02
2.09000000e-01	3.87270338e+02	-1.50097386e+00	2.94856707e-02
2.10000000e-01	3.87268844e+02	-1.48789222e+00	2.94622644e-02
2.11000000e-01	3.87267362e+02	-1.47497795e+00	2.94391030e-02
2.12000000e-01	3.87265894e+02	-1.46222827e+00	2.94161827e-02
2.13000000e-01	3.87264438e+02	-1.44964044e+00	2.93934999e-02
2.14000000e-01	3.87262994e+02	-1.43721178e+00	2.93710508e-02
2.15000000e-01	3.87261563e+02	-1.42493969e+00	2.93488321e-02
2.16000000e-01	3.87260144e+02	-1.41282160e+00	2.93268401e-02
2.17000000e-01	3.87258737e+02	-1.40085499e+00	2.93050714e-02
2.18000000e-01	3.87257343e+02	-1.38903738e+00	2.92835228e-02
2.19000000e-01	3.87255959e+02	-1.37736638e+00	2.92621908e-02
2.20000000e-01	3.87254588e+02	-1.36583960e+00	2.92410724e-02
2.21000000e-01	3.87253228e+02	-1.35445473e+00	2.92201644e-02
2.22000000e-01	3.87251879e+02	-1.34320949e+00	2.91994636e-02
2.23000000e-01	3.87250541e+02	-1.33210164e+00	2.91789670e-02
2.24000000e-01	3.87249215e+02	-1.32112899e+00	2.91586717e-02
2.25000000e-01	3.87247899e+02	-1.31028941e+00	2.91385748e-02
2.26000000e-01	3.87246594e+02	-1.29958077e+00	2.91186733e-02
2.27000000e-01	3.87245300e+02	-1.28900103e+00	2.90989644e-02
2.28000000e-01	3.87244016e+02	-1.27854815e+00	2.90794455e-02
2.29000000e-01	3.87242743e+02	-1.26822015e+00	2.90601137e-02
2.30000000e-01	3.87241479e+02	-1.25801508e+00	2.90409665e-02
2.31000000e-01	3.87240226e+02	-1.24793103e+00	2.90220013e-02
2.32000000e-01	3.87238984e+02	-1.23796612e+00	2.90032154e-02
2.33000000e-01	3.87237750e+02	-1.22811851e+00	2.89846064e-02
2.34000000e-01	3.87236527e+02	-1.21838641e+00	2.89661718e-02
2.35000000e-01	3.87235314e+02	-1.20876803e+00	2.89479092e-02
2.36000000e-01	3.87234110e+02	-1.19926164e+00	2.89298162e-02
2.37000000e-01	3.87232915e+02	-1.18986554e+00	2.89118905e-02
2.38000000e-01	3.87231730e+02	-1.18057805e+00	2.88941298e-02
2.39000000e-01	3.87230554e+02	-1.17139754e+00	2.88765318e-02
2.40000000e-01	3.87229387e+02	-1.16232237e+00	2.88590944e-02
2.41000000e-01	3.87228229e+02	-1.15335099e+00	2.88418153e-02
2.42000000e-01	3.87227080e+02	-1.14448183e+00	2.88246925e-02
2.43000000e-01	3.87225940e+02	-1.13571336e+00	2.88077238e-02
2.44000000e-01	3.87224809e+02	-1.12704409e+00	2.87909072e-02
2.45000000e-01	3.87223686e+02	-1.11847256e+00	2.87742407e-02
2.46000000e-01	3.87222572e+02	-1.10999731e+00	2.87577223e-02
2.47000000e-01	3.87221466e+02	-1.10161693e+00	2.87413500e-02
2.48000000e-01	3.87220369e+02	-1.09333003e+00	2.87251220e-02
2.49000000e-01	3.87219279e+02	-1.08513524e+00	2.87090363e-02
2.50000000e-01	3.87218198e+02	-1.07703123e+00	2.86930911e-02
2.51000000e-01	3.87217125e+02	-1.06901666e+00	2.86772845e-02
2.52000000e-01	3.87216060e+02	-1.06109025e+00	2.86616148e-02
2.53000000e-01	3.87215003e+02	-1.05325073e+00	2.86460803e-02
2.54000000e-01	3.87213954e+02	-1.04549685e+00	2.86306791e-02
2.55000000e-01	3.87212912e+02	-1.03782737e+00	2.86154097e-02
2.56000000e-01	3.87211878e+02	-1.03024110e+00	2.86002703e-02
2.57000000e-01	3.87210852e+02	-1.02273685e+00	2.85852592e-02
2.58000000e-01	3.87209833e+02	-1.01531346e+00	2.85703750e-02
2.59000000e-01	3.87208821e+02	-1.00796978e+00	2.85556159e-02
2.60000000e-01	3.87207817e+02	-1.00070469e+00	2.85409804e-02
2.61000000e-01	3.87206820e+02	-9.93517080e-01	2.85264670e-02
2.62000000e-01	3.87205830e+02	-9.86405874e-01	2.85120742e-02
2.63000000e-01	3.87204847e+02	-9.79370001e-01	2.84978005e-02
2.64000000e-01	3.87203871e+02	-9.72408414e-01	2.84836444e-02
2.65000000e-01	3.87202902e+02	-9.65520082e-01	2.84696045e-02
2.66000000e-01	3.87201940e+02	-9.58703993e-01	2.84556794e-02
2.67000000e-01	3.87200984e+02	-9.51959151e-01	2.84418676e-02
2.68000000e-01	3.87200036e+02	-9.45284578e-01	2.84281678e-02
2.69000000e-01	3.87199094e+02	-9.38679311e-01	2.84145787e-02
2.70000000e-01	3.87198158e+02	-9.32142405e-01	2.84010989e-02
2.71000000e-01	3.87197230e+02	-9.25672930e-01	2.83877272e-02
2.72000000e-01	3.87196307e+02	-9.19269970e-01	2.83744622e-02
2.73000000e-01	3.87195391e+02	-9.12932628e-01	2.83613026e-02
2.74000000e-01	3.87194481e+02	-9.06660019e-01	2.83482473e-02
2.75000000e-01	3.87193578e+02	-9.00451273e-01	2.83352950e-02
2.76000000e-01	3.87192680e+02	-8.94305535e-01	2.83224445e-02
2.77000000e-01	3.87191789e+02	-8.88221964e-01	2.83096945e-02
2.78000000e-01	3.87190904e+02	-8.82199733e-01	2.82970440e-02
2.79000000e-01	3.87190025e+02	-8.76238027e-01	2.82844918e-02
2.80000000e-01	3.87189151e+02	-8.70336048e-01	2.82720368e-02
2.81000000e-01	3.87188284e+02	-8.64493006e-01	2.82596778e-02
2.82000000e-01	3.87187422e+02	-8.58708128e-01	2.82474137e-02
2.83000000e-01	3.87186566e+02	-8.52980652e-01	2.82352434e-02
2.84000000e-01	3.87185716e+02	-8.47309827e-01	2.82231659e-02
2.85000000e-01	3.87184872e+02	-8.41694917e-01	2.82111802e-02
2.86000000e-01	3.87184033e+02	-8.36135194e-01	2.81992851e-02
2.87000000e-01	3.87183200e+02	-8.30629946e-01	2.81874797e-02
2.88000000e-01	3.87182372e+02	-8.25178468e-01	2.81757630e-02
2.89000000e-01	3.87181549e+02	-8.19780070e-01	2.81641339e-02
2.90000000e-01	3.87180732e+02	-8.14434071e-01	2.81525916e-02
2.91000000e-01	3.87179920e+02	-8.09139800e-01	2.81411350e-02
2.92000000e-01	3.87179114e+02	-8.03896599e-01	2.81297632e-02
2.93000000e-01	3.87178312e+02	-7.98703818e-01	2.81184752e-02
2.94000000e-01	3.87177516e+02	-7.93560818e-01	2.81072702e-02
2.95000000e-01	3.87176725e+02	-7.88466971e-01	2.80961472e-02
2.96000000e-01	3.87175939e+02	-7.83421658e-01	2.80851053e-02
2.97000000e-01	3.87175159e+02	-7.78424269e-01	2.80741437e-02
2.98000000e-01	3.87174383e+02	-7.73474205e-01	2.80632615e-02
2.99000000e-01	3.87173612e+02	-7.68570873e-01	2.80524579e-02
3.00000000e-01	3.87172845e+02	-7.63713693e-01	2.80417319e-02
3.01000000e-01	3.87172084e+02	-7.58902093e-01	2.80310828e-02
3.02000000e-01	3.87171328e+02	-7.54135508e-01	2.80205097e-02
3.03000000e-01	3.87170576e+02	-7.49413382e-01	2.80100119e-02
3.04000000e-01	3.87169829e+02	-7.44735170e-01	2.79995885e-02
3.05000000e-01	3.87169086e+02	-7.40100332e-01	2.79892387e-02
3.06000000e-01	3.87168349e+02	-7.35508338e-01	2.79789618e-02
3.07000000e-01	3.87167615e+02	-7.30958665e-01	2.79687570e-02
3.08000000e-01	3.87166887e+02	-7.26450800e-01	2.79586236e-02
3.09000000e-01	3.87166162e+02	-7.21984236e-01	2.79485608e-02
3.10000000e-01	3.87165443e+02	-7.17558472e-01	2.79385679e-02
3.11000000e-01	3.87164727e+02	-7.13173018e-01	2.79286442e-02
3.12000000e-01	3.87164016e+02	-7.08827389e-01	2.79187889e-02
3.13000000e-01	3.87163310e+02	-7.04521108e-01	2.79090013e-02
3.14000000e-01	3.87162607e+02	-7.00253704e-01	2.78992808e-02
3.15000000e-01	3.87161909e+02	-6.96024715e-01	2.78896267e-02
3.16000000e-01	3.87161215e+02	-6.91833684e-01	2.78800382e-02
3.17000000e-01	3.87160525e+02	-6.87680161e-01	2.78705148e-02
3.18000000e-01	3.87159840e+02	-6.83563703e-01	2.78610558e-02
3.19000000e-01	3.87159158e+02	-6.79483874e-01	2.78516605e-02
3.20000000e-01	3.87158481e+02	-6.75440243e-01	2.78423282e-02
3.21000000e-01	3.87157807e+02	-6.71432387e-01	2.78330585e-02
3.22000000e-01	3.87157138e+02	-6.67459886e-01	2.78238505e-02
3.23000000e-01	3.87156472e+02	-6.63522331e-01	2.78147038e-02
3.24000000e-01	3.87155811e+02	-6.59619313e-01	2.78056177e-02
3.25000000e-01	3.87155153e+02	-6.55750435e-01	2.77965916e-02
3.26000000e-01	3.87154499e+02	-6.51915300e-01	2.77876249e-02
3.27000000e-01	3.87153849e+02	-6.48113521e-01	2.77787170e-02
3.28000000e-01	3.87153203e+02	-6.44344714e-01	2.77698674e-02
3.29000000e-01	3.87152561e+02	-6.40608502e-01	2.77610755e-02
3.30000000e-01	3.87151922e+02	-6.36904512e-01	2.77523408e-02
3.31000000e-01	3.87151287e+02	-6.33232376e-01	2.77436626e-02
3.32000000e-01	3.87150655e+02	-6.29591734e-01	2.77350405e-02
3.33000000e-01	3.87150028e+02	-6.25982228e-01	2.77264739e-02
3.34000000e-01	3.87149403e+02	-6.22403507e-01	2.77179622e-02
3.35000000e-01	3.87148783e+02	-6.18855222e-01	2.77095049e-02
3.36000000e-01	3.87148166e+02	-6.15337034e-01	2.77011016e-02
3.37000000e-01	3.87147552e+02	-6.11848603e-01	2.76927517e-02
3.38000000e-01	3.87146942e+02	-6.08389597e-01	2.76844547e-02
3.39000000e-01	3.87146335e+02	-6.04959689e-01	2.76762101e-02
3.40000000e-01	3.87145732e+02	-6.01558555e-01	2.76680174e-02
3.41000000e-01	3.87145132e+02	-5.98185875e-01	2.76598762e-02
3.42000000e-01	3.87144536e+02	-5.94841336e-01	2.76517859e-02
3.43000000e-01	3.87143943e+02	-5.91524626e-01	2.76437460e-02
3.44000000e-01	3.87143353e+02	-5.88235439e-01	2.76357561e-02
3.45000000e-01	3.87142766e+02	-5.84973475e-01	2.76278158e-02
3.46000000e-01	3.87142183e+02	-5.81738434e-01	2.76199245e-02
3.47000000e-01	3.87141603e+02	-5.78530022e-01	2.76120819e-02
3.48000000e-01	3.87141026e+02	-5.75347951e-01	2.76042875e-02
3.49000000e-01	3.87140452e+02	-5.72191934e-01	2.75965408e-02
3.50000000e-01	3.87139881e+02	-5.69061689e-01	2.75888413e-02
3.51000000e-01	3.87139314e+02	-5.65956938e-01	2.75811888e-02
3.52000000e-01	3.87138749e+02	-5.62877405e-01	2.75735827e-02
3.53000000e-01	3.87138188e+02	-5.59822821e-01	2.75660226e-02
3.54000000e-01	3.87137630e+02	-5.56792918e-01	2.75585081e-02
3.55000000e-01	3.87137074e+02	-5.53787432e-01	2.75510389e-02
3.56000000e-01	3.87136522e+02	-5.50806102e-01	2.75436144e-02
3.57000000e-01	3.87135973e+02	-5.47848673e-01	2.75362343e-02
3.58000000e-01	3.87135426e+02	-5.44914890e-01	2.75288982e-02
3.59000000e-01	3.87134883e+02	-5.42004503e-01	2.75216057e-02
3.60000000e-01	3.87134342e+02	-5.39117266e-01	2.75143565e-02
3.61000000e-01	3.87133805e+02	-5.36252934e-01	2.75071500e-02
3.62000000e-01	3.87133270e+02	-5.33411269e-01	2.74999861e-02
3.63000000e-01	3.87132738e+02	-5.30592031e-01	2.74928642e-02
3.64000000e-01	3.87132209e+02	-5.27794987e-01	2.74857840e-02
3.65000000e-01	3.87131682e+02	-5.25019906e-01	2.74787452e-02
3.66000000e-01	3.87131159e+02	-5.22266559e-01	2.74717474e-02
3.67000000e-01	3.87130638e+02	-5.19534722e-01	2.74647902e-02
3.68000000e-01	3.87130120e+02	-5.16824172e-01	2.74578733e-02
3.69000000e-01	3.87129604e+02	-5.14134688e-01	2.74509963e-02
3.70000000e-01	3.87129091e+02	-5.11466056e-01	2.74441590e-02
3.71000000e-01	3.87128581e+02	-5.08818060e-01	2.74373608e-02
3.72000000e-01	3.87128074e+02	-5.06190489e-01	2.74306016e-02
3.73000000e-01	3.87127569e+02	-5.03583136e-01	2.74238810e-02
3.74000000e-01	3.87127067e+02	-5.00995793e-01	2.74171987e-02
3.75000000e-01	3.87126567e+02	-4.98428258e-01	2.74105542e-02
3.76000000e-01	3.87126070e+02	-4.95880330e-01	2.74039474e-02
3.77000000e-01	3.87125575e+02	-4.93351810e-01	2.73973779e-02
3.78000000e-01	3.87125083e+02	-4.90842504e-01	2.73908453e-02
3.79000000e-01	3.87124593e+02	-4.88352217e-01	2.73843495e-02
3.80000000e-01	3.87124106e+02	-4.85880759e-01	2.73778899e-02
3.81000000e-01	3.87123622e+02	-4.83427941e-01	2.73714665e-02
3.82000000e-01	3.87123139e+02	-4.80993577e-01	2.73650788e-02
3.83000000e-01	3.87122660e+02	-4.78577484e-01	2.73587265e-02
3.84000000e-01	3.87122182e+02	-4.76179479e-01	2.73524094e-02
3.85000000e-01	3.87121707e+02	-4.73799384e-01	2.73461272e-02
3.86000000e-01	3.87121235e+02	-4.71437021e-01	2.73398796e-02
3.87000000e-01	3.87120764e+02	-4.69092215e-01	2.73336663e-02
3.88000000e-01	3.87120296e+02	-4.66764793e-01	2.73274870e-02
3.89000000e-01	3.87119831e+02	-4.64454586e-01	2.73213414e-02
3.90000000e-01	3.87119368e+02	-4.62161423e-01	2.73152293e-02
3.91000000e-01	3.87118907e+02	-4.59885139e-01	2.73091504e-02
3.92000000e-01	3.87118448e+02	-4.57625569e-01	2.73031045e-02
3.93000000e-01	3.87117991e+02	-4.55382550e-01	2.72970912e-02
3.94000000e-01	3.87117537e+02	-4.53155923e-01	2.72911103e-02
3.95000000e-01	3.87117085e+02	-4.50945527e-01	2.72851615e-02
3.96000000e-01	3.87116635e+02	-4.48751207e-01	2.72792447e-02
3.97000000e-01	3.87116187e+02	-4.46572807e-01	2.72733594e-02
3.98000000e-01	3.87115742e+02	-4.44410175e-01	2.72675055e-02
3.99000000e-01	3.87115299e+02	-4.42263159e-01	2.72616828e-02
4.00000000e-01	3.87114857e+02	-4.40131609e-01	2.72558909e-02
4.01000000e-01	3.87114418e+02	-4.38015379e-01	2.72501296e-02
4.02000000e-01	3.87113981e+02	-4.35914323e-01	2.72443988e-02
4.03000000e-01	3.87113547e+02	-4.33828296e-01	2.72386981e-02
4.04000000e-01	3.87113114e+02	-4.31757155e-01	2.72330273e-02
4.05000000e-01	3.87112683e+02	-4.29700761e-01	2.72273862e-02
4.06000000e-01	3.87112254e+02	-4.27658973e-01	2.72217745e-02
4.07000000e-01	3.87111828e+02	-4.25631654e-01	2.72161921e-02
4.08000000e-01	3.87111403e+02	-4.23618670e-01	2.72106386e-02
4.09000000e-01	3.87110980e+02	-4.21619884e-01	2.72051139e-02
4.10000000e-01	3.87110560e+02	-4.19635165e-01	2.71996178e-02
4.11000000e-01	3.87110141e+02	-4.17664381e-01	2.71941499e-02
4.12000000e-01	3.87109725e+02	-4.15707402e-01	2.71887102e-02
4.13000000e-01	3.87109310e+02	-4.13764101e-01	2.71832984e-02
4.14000000e-01	3.87108897e+02	-4.11834351e-01	2.71779142e-02
4.15000000e-01	3.87108486e+02	-4.09918026e-01	2.71725576e-02
4.16000000e-01	3.87108077e+02	-4.08015003e-01	2.71672281e-02
4.17000000e-01	3.87107670e+02	-4.06125159e-01	2.71619258e-02
4.18000000e-01	3.87107265e+02	-4.04248373e-01	2.71566502e-02
4.19000000e-01	3.87106862e+02	-4.02384526e-01	2.71514013e-02
4.20000000e-01	3.87106460e+02	-4.00533500e-01	2.71461789e-02
4.21000000e-01	3.87106061e+02	-3.98695177e-01	2.71409827e-02
4.22000000e-01	3.87105663e+02	-3.96869441e-01	2.71358125e-02
4.23000000e-01	3.87105267e+02	-3.95056180e-01	2.71306682e-02
4.24000000e-01	3.87104873e+02	-3.93255279e-01	2.71255495e-02
4.25000000e-01	3.87104480e+02	-3.91466627e-01	2.71204563e-02
4.26000000e-01	3.87104090e+02	-3.89690114e-01	2.71153884e-02
4.27000000e-01	3.87103701e+02	-3.87925630e-01	2.71103455e-02
4.28000000e-01	3.87103314e+02	-3.86173067e-01	2.71053276e-02
4.29000000e-01	3.87102929e+02	-3.84432319e-01	2.71003344e-02
4.30000000e-01	3.87102545e+02	-3.82703279e-01	2.70953657e-02
4.31000000e-01	3.87102163e+02	-3.80985844e-01	2.70904214e-02
4.32000000e-01	3.87101783e+02	-3.79279910e-01	2.70855013e-02
4.33000000e-01	3.87101405e+02	-3.77585375e-01	2.70806051e-02
4.34000000e-01	3.87101028e+02	-3.75902139e-01	2.70757328e-02
4.35000000e-01	3.87100653e+02	-3.74230100e-01	2.70708842e-02
4.36000000e-01	3.87100279e+02	-3.72569161e-01	2.70660590e-02
4.37000000e-01	3.87099908e+02	-3.70919223e-01	2.70612572e-02
4.38000000e-01	3.87099538e+02	-3.69280190e-01	2.70564785e-02
4.39000000e-01	3.87099169e+02	-3.67651967e-01	2.70517227e-02
4.40000000e-01	3.87098802e+02	-3.66034459e-01	2.70469898e-02
4.41000000e-01	3.87098437e+02	-3.64427571e-01	2.70422795e-02
4.42000000e-01	3.87098073e+02	-3.62831213e-01	2.70375918e-02
4.43000000e-01	3.87097711e+02	-3.61245292e-01	2.70329263e-02
4.44000000e-01	3.87097351e+02	-3.59669718e-01	2.70282830e-02
4.45000000e-01	3.87096992e+02	-3.58104401e-01	2.70236617e-02
4.46000000e-01	3.87096635e+02	-3.56549253e-01	2.70190623e-02
4.47000000e-01	3.87096279e+02	-3.55004186e-01	2.70144846e-02
4.48000000e-01	3.87095925e+02	-3.53469113e-01	2.70099284e-02
4.49000000e-01	3.87095572e+02	-3.51943949e-01	2.70053937e-02
4.50000000e-01	3.87095221e+02	-3.50428608e-01	2.70008801e-02
4.51000000e-01	3.87094871e+02	-3.48923008e-01	2.69963877e-02
4.52000000e-01	3.87094523e+02	-3.47427064e-01	2.69919162e-02
4.53000000e-01	3.87094176e+02	-3.45940695e-01	2.69874655e-02
4.54000000e-01	3.87093831e+02	-3.44463819e-01	2.69830355e-02
4.55000000e-01	3.87093487e+02	-3.42996356e-01	2.69786260e-02
4.56000000e-01	3.87093145e+02	-3.41538226e-01	2.69742369e-02
4.57000000e-01	3.87092804e+02	-3.40089351e-01	2.69698680e-02
4.58000000e-01	3.87092465e+02	-3.38649653e-01	2.69655192e-02
4.59000000e-01	3.87092127e+02	-3.37219054e-01	2.69611904e-02
4.60000000e-01	3.87091790e+02	-3.35797478e-01	2.69568814e-02
4.61000000e-01	3.87091455e+02	-3.34384850e-01	2.69525920e-02
4.62000000e-01	3.87091122e+02	-3.32981094e-01	2.69483222e-02
4.63000000e-01	3.87090789e+02	-3.31586138e-01	2.69440719e-02
4.64000000e-01	3.87090459e+02	-3.30199908e-01	2.69398408e-02
4.65000000e-01	3.87090129e+02	-3.28822330e-01	2.69356288e-02
4.66000000e-01	3.87089801e+02	-3.27453335e-01	2.69314359e-02
4.67000000e-01	3.87089474e+02	-3.26092850e-01	2.69272619e-02
4.68000000e-01	3.87089149e+02	-3.24740806e-01	2.69231067e-02
4.69000000e-01	3.87088825e+02	-3.23397133e-01	2.69189701e-02
4.70000000e-01	3.87088502e+02	-3.22061762e-01	2.69148520e-02
4.71000000e-01	3.87088181e+02	-3.20734626e-01	2.69107523e-02
4.72000000e-01	3.87087860e+02	-3.19415656e-01	2.69066709e-02
4.73000000e-01	3.87087542e+02	-3.18104786e-01	2.69026076e-02
4.74000000e-01	3.87087224e+02	-3.16801951e-01	2.68985624e-02
4.75000000e-01	3.87086908e+02	-3.15507084e-01	2.68945350e-02
4.76000000e-01	3.87086593e+02	-3.14220121e-01	2.68905255e-02
4.77000000e-01	3.87086280e+02	-3.12940998e-01	2.68865336e-02
4.78000000e-01	3.87085967e+02	-3.11669652e-01	2.68825593e-02
4.79000000e-01	3.87085656e+02	-3.10406020e-01	2.68786024e-02
4.80000000e-01	3.87085347e+02	-3.09150039e-01	2.68746629e-02
4.81000000e-01	3.87085038e+02	-3.07901649e-01	2.68707405e-02
4.82000000e-01	3.87084731e+02	-3.06660788e-01	2.68668353e-02
4.83000000e-01	3.87084425e+02	-3.05427397e-01	2.68629471e-02
4.84000000e-01	3.87084120e+02	-3.04201414e-01	2.68590757e-02
4.85000000e-01	3.87083816e+02	-3.02982782e-01	2.68552211e-02
4.86000000e-01	3.87083514e+02	-3.01771442e-01	2.68513832e-02
4.87000000e-01	3.87083213e+02	-3.00567336e-01	2.68475618e-02
4.88000000e-01	3.87082913e+02	-2.99370406e-01	2.68437568e-02
4.89000000e-01	3.87082614e+02	-2.98180596e-01	2.68399683e-02
4.90000000e-01	3.87082316e+02	-2.96997850e-01	2.68361959e-02
4.91000000e-01	3.87082020e+02	-2.95822111e-01	2.68324397e-02
4.92000000e-01	3.87081725e+02	-2.94653326e-01	2.68286995e-02
4.93000000e-01	3.87081431e+02	-2.93491438e-01	2.68249752e-02
4.94000000e-01	3.87081138e+02	-2.92336395e-01	2.68212668e-02
4.95000000e-01	3.87080846e+02	-2.91188142e-01	2.68175740e-02
4.96000000e-01	3.87080555e+02	-2.90046627e-01	2.68138969e-02
4.97000000e-01	3.87080266e+02	-2.88911797e-01	2.68102354e-02
4.98000000e-01	3.87079978e+02	-2.87783600e-01	2.68065892e-02
4.99000000e-01	3.87079690e+02	-2.86661985e-01	2.68029584e-02
5.00000000e-01	3.87079404e+02	-2.85546901e-01	2.67993428e-02
5.01000000e-01	3.87079119e+02	-2.84438297e-01	2.67957424e-02
5.02000000e-01	3.87078835e+02	-2.83336123e-01	2.67921570e-02
5.03000000e-01	3.87078553e+02	-2.82240329e-01	2.67885866e-02
5.04000000e-01	3.87078271e+02	-2.81150868e-01	2.67850310e-02
5.05000000e-01	3.87077990e+02	-2.80067689e-01	2.67814902e-02
5.06000000e-01	3.87077711e+02	-2.78990745e-01	2.67779640e-02
5.07000000e-01	3.87077432e+02	-2.77919989e-01	2.67744524e-02
5.08000000e-01	3.87077155e+02	-2.76855373e-01	2.67709554e-02
5.09000000e-01	3.87076879e+02	-2.75796850e-01	2.67674727e-02
5.10000000e-01	3.87076603e+02	-2.74744374e-01	2.67640043e-02
5.11000000e-01	3.87076329e+02	-2.73697899e-01	2.67605502e-02
5.12000000e-01	3.87076056e+02	-2.72657380e-01	2.67571102e-02
5.13000000e-01	3.87075784e+02	-2.71622772e-01	2.67536843e-02
5.14000000e-01	3.87075513e+02	-2.70594030e-01	2.67502723e-02
5.15000000e-01	3.87075243e+02	-2.69571109e-01	2.67468742e-02
5.16000000e-01	3.87074974e+02	-2.68553967e-01	2.67434899e-02
5.17000000e-01	3.87074706e+02	-2.67542560e-01	2.67401193e-02
5.18000000e-01	3.87074439e+02	-2.66536845e-01	2.67367624e-02
5.19000000e-01	3.87074172e+02	-2.65536779e-01	2.67334190e-02
5.20000000e-01	3.87073907e+02	-2.64542320e-01	2.67300890e-02
5.21000000e-01	3.87073643e+02	-2.63553427e-01	2.67267725e-02
5.22000000e-01	3.87073380e+02	-2.62570058e-01	2.67234692e-02
5.23000000e-01	3.87073118e+02	-2.61592171e-01	2.67201792e-02
5.24000000e-01	3.87072857e+02	-2.60619728e-01	2.67169023e-02
5.25000000e-01	3.87072597e+02	-2.59652687e-01	2.67136385e-02
5.26000000e-01	3.87072338e+02	-2.58691008e-01	2.67103877e-02
5.27000000e-01	3.87072080e+02	-2.57734652e-01	2.67071498e-02
5.28000000e-01	3.87071822e+02	-2.56783580e-01	2.67039247e-02
5.29000000e-01	3.87071566e+02	-2.55837753e-01	2.67007124e-02
5.30000000e-01	3.87071311e+02	-2.54897132e-01	2.66975127e-02
5.31000000e-01	3.87071056e+02	-2.53961680e-01	2.66943257e-02
5.32000000e-01	3.87070803e+02	-2.53031359e-01	2.66911512e-02
5.33000000e-01	3.87070550e+02	-2.52106131e-01	2.66879892e-02
5.34000000e-01	3.87070299e+02	-2.51185960e-01	2.66848395e-02
5.35000000e-01	3.87070048e+02	-2.50270808e-01	2.66817022e-02
5.36000000e-01	3.87069798e+02	-2.49360640e-01	2.66785771e-02
5.37000000e-01	3.87069549e+02	-2.48455419e-01	2.66754642e-02
5.38000000e-01	3.87069301e+02	-2.47555109e-01	2.66723633e-02
5.39000000e-01	3.87069054e+02	-2.46659675e-01	2.66692746e-02
5.40000000e-01	3.87068808e+02	-2.45769083e-01	2.66661977e-02
5.41000000e-01	3.87068562e+02	-2.44883297e-01	2.66631328e-02
5.42000000e-01	3.87068318e+02	-2.44002283e-01	2.66600797e-02
5.43000000e-01	3.87068074e+02	-2.43126006e-01	2.66570383e-02
5.44000000e-01	3.87067832e+02	-2.42254433e-01	2.66540086e-02
5.45000000e-01	3.87067590e+02	-2.41387531e-01	2.66509906e-02
5.46000000e-01	3.87067349e+02	-2.40525265e-01	2.66479841e-02
5.47000000e-01	3.87067109e+02	-2.39667604e-01	2.66449891e-02
5.48000000e-01	3.87066870e+02	-2.38814514e-01	2.66420055e-02
5.49000000e-01	3.87066631e+02	-2.37965963e-01	2.66390332e-02
5.50000000e-01	3.87066394e+02	-2.37121920e-01	2.66360723e-02
5.51000000e-01	3.87066157e+02	-2.36282351e-01	2.66331226e-02
5.52000000e-01	3.87065921e+02	-2.35447226e-01	2.66301840e-02
5.53000000e-01	3.87065686e+02	-2.34616513e-01	2.66272565e-02
5.54000000e-01	3.87065452e+02	-2.33790182e-01	2.66243401e-02
5.55000000e-01	3.87065219e+02	-2.32968201e-01	2.66214347e-02
5.56000000e-01	3.87064986e+02	-2.32150541e-01	2.66185401e-02
5.57000000e-01	3.87064754e+02	-2.31337171e-01	2.66156565e-02
5.58000000e-01	3.87064523e+02	-2.30528061e-01	2.66127836e-02
5.59000000e-01	3.87064293e+02	-2.29723182e-01	2.66099214e-02
5.60000000e-01	3.87064064e+02	-2.28922504e-01	2.66070699e-02
5.61000000e-01	3.87063835e+02	-2.28125998e-01	2.66042290e-02
5.62000000e-01	3.87063608e+02	-2.27333635e-01	2.66013987e-02
5.63000000e-01	3.87063381e+02	-2.26545387e-01	2.65985789e-02
5.64000000e-01	3.87063155e+02	-2.25761224e-01	2.65957695e-02
5.65000000e-01	3.87062929e+02	-2.24981120e-01	2.65929705e-02
5.66000000e-01	3.87062705e+02	-2.24205046e-01	2.65901818e-02
5.67000000e-01	3.87062481e+02	-2.23432974e-01	2.65874033e-02
5.68000000e-01	3.87062258e+02	-2.22664877e-01	2.65846351e-02
5.69000000e-01	3.87062035e+02	-2.21900728e-01	2.65818770e-02
5.70000000e-01	3.87061814e+02	-2.21140500e-01	2.65791291e-02
5.71000000e-01	3.87061593e+02	-2.20384166e-01	2.65763911e-02
5.72000000e-01	3.87061373e+02	-2.19631700e-01	2.65736632e-02
5.73000000e-01	3.87061154e+02	-2.18883074e-01	2.65709451e-02
5.74000000e-01	3.87060935e+02	-2.18138264e-01	2.65682370e-02
5.75000000e-01	3.87060718e+02	-2.17397244e-01	2.65655386e-02
5.76000000e-01	3.87060501e+02	-2.16659987e-01	2.65628501e-02
5.77000000e-01	3.87060284e+02	-2.15926469e-01	2.65601713e-02
5.78000000e-01	3.87060069e+02	-2.15196664e-01	2.65575021e-02
5.79000000e-01	3.87059854e+02	-2.14470547e-01	2.65548425e-02
5.80000000e-01	3.87059640e+02	-2.13748093e-01	2.65521925e-02
5.81000000e-01	3.87059426e+02	-2.13029279e-01	2.65495520e-02
5.82000000e-01	3.87059214e+02	-2.12314079e-01	2.65469210e-02
5.83000000e-01	3.87059002e+02	-2.11602469e-01	2.65442993e-02
5.84000000e-01	3.87058791e+02	-2.10894426e-01	2.65416871e-02
5.85000000e-01	3.87058580e+02	-2.10189925e-01	2.65390841e-02
5.86000000e-01	3.87058370e+02	-2.09488943e-01	2.65364904e-02
5.87000000e-01	3.87058161e+02	-2.08791458e-01	2.65339059e-02
5.88000000e-01	3.87057953e+02	-2.08097445e-01	2.65313305e-02
5.89000000e-01	3.87057745e+02	-2.07406881e-01	2.65287643e-02
5.90000000e-01	3.87057538e+02	-2.06719744e-01	2.65262071e-02
5.91000000e-01	3.87057331e+02	-2.06036011e-01	2.65236590e-02
5.92000000e-01	3.87057126e+02	-2.05355661e-01	2.65211198e-02
5.93000000e-01	3.87056921e+02	-2.04678669e-01	2.65185895e-02
5.94000000e-01	3.87056716e+02	-2.04005016e-01	2.65160681e-02
5.95000000e-01	3.87056513e+02	-2.03334678e-01	2.65135555e-02
5.96000000e-01	3.87056310e+02	-2.02667633e-01	2.65110517e-02
5.97000000e-01	3.87056107e+02	-2.02003862e-01	2.65085567e-02
5.98000000e-01	3.87055906e+02	-2.01343341e-01	2.65060703e-02
5.99000000e-01	3.87055705e+02	-2.00686050e-01	2.65035926e-02
6.00000000e-01	3.87055504e+02	-2.00031969e-01	2.65011235e-02
6.01000000e-01	3.87055305e+02	-1.99381075e-01	2.64986629e-02
6.02000000e-01	3.87055106e+02	-1.98733349e-01	2.64962108e-02
6.03000000e-01	3.87054907e+02	-1.98088770e-01	2.64937672e-02
6.04000000e-01	3.87054709e+02	-1.97447317e-01	2.64913320e-02
6.05000000e-01	3.87054512e+02	-1.96808971e-01	2.64889052e-02
6.06000000e-01	3.87054316e+02	-1.96173711e-01	2.64864868e-02
6.07000000e-01	3.87054120e+02	-1.95541518e-01	2.64840766e-02
6.08000000e-01	3.87053925e+02	-1.94912372e-01	2.64816747e-02
6.09000000e-01	3.87053730e+02	-1.94286254e-01	2.64792810e-02
6.10000000e-01	3.87053536e+02	-1.93663144e-01	2.64768954e-02
6.11000000e-01	3.87053343e+02	-1.93043022e-01	2.64745180e-02
6.12000000e-01	3.87053150e+02	-1.92425870e-01	2.64721486e-02
6.13000000e-01	3.87052958e+02	-1.91811670e-01	2.64697873e-02
6.14000000e-01	3.87052766e+02	-1.91200401e-01	2.64674340e-02
6.15000000e-01	3.87052576e+02	-1.90592046e-01	2.64650887e-02
6.16000000e-01	3.87052385e+02	-1.89986586e-01	2.64627513e-02
6.17000000e-01	3.87052196e+02	-1.89384003e-01	2.64604217e-02
6.18000000e-01	3.87052007e+02	-1.88784278e-01	2.64581000e-02
6.19000000e-01	3.87051818e+02	-1.88187394e-01	2.64557861e-02
6.20000000e-01	3.87051630e+02	-1.87593333e-01	2.64534800e-02
6.21000000e-01	3.87051443e+02	-1.87002076e-01	2.64511815e-02
6.22000000e-01	3.87051256e+02	-1.86413607e-01	2.64488908e-02
6.23000000e-01	3.87051070e+02	-1.85827908e-01	2.64466077e-02
6.24000000e-01	3.87050884e+02	-1.85244961e-01	2.64443322e-02
6.25000000e-01	3.87050700e+02	-1.84664750e-01	2.64420643e-02
6.26000000e-01	3.87050515e+02	-1.84087257e-01	2.64398039e-02
6.27000000e-01	3.87050331e+02	-1.83512465e-01	2.64375510e-02
6.28000000e-01	3.87050148e+02	-1.82940358e-01	2.64353056e-02
6.29000000e-01	3.87049965e+02	-1.82370919e-01	2.64330676e-02
6.30000000e-01	3.87049783e+02	-1.81804131e-01	2.64308370e-02
6.31000000e-01	3.87049602e+02	-1.81239978e-01	2.64286137e-02
6.32000000e-01	3.87049421e+02	-1.80678443e-01	2.64263977e-02
6.33000000e-01	3.87049241e+02	-1.80119511e-01	2.64241890e-02
6.34000000e-01	3.87049061e+02	-1.79563166e-01	2.64219875e-02
6.35000000e-01	3.87048881e+02	-1.79009391e-01	2.64197933e-02
6.36000000e-01	3.87048703e+02	-1.78458170e-01	2.64176062e-02
6.37000000e-01	3.87048524e+02	-1.77909489e-01	2.64154262e-02
6.38000000e-01	3.87048347e+02	-1.77363332e-01	2.64132534e-02
6.39000000e-01	3.87048170e+02	-1.76819682e-01	2.64110876e-02
6.40000000e-01	3.87047993e+02	-1.76278525e-01	2.64089288e-02
6.41000000e-01	3.87047817e+02	-1.75739846e-01	2.64067770e-02
6.42000000e-01	3.87047642e+02	-1.75203629e-01	2.64046322e-02
6.43000000e-01	3.87047467e+02	-1.74669860e-01	2.64024943e-02
6.44000000e-01	3.87047292e+02	-1.74138524e-01	2.64003633e-02
6.45000000e-01	3.87047119e+02	-1.73609605e-01	2.63982392e-02
6.46000000e-01	3.87046945e+02	-1.73083090e-01	2.63961219e-02
6.47000000e-01	3.87046772e+02	-1.72558963e-01	2.63940114e-02
6.48000000e-01	3.87046600e+02	-1.72037211e-01	2.63919076e-02
6.49000000e-01	3.87046428e+02	-1.71517819e-01	2.63898106e-02
6.50000000e-01	3.87046257e+02	-1.71000773e-01	2.63877203e-02
6.51000000e-01	3.87046086e+02	-1.70486058e-01	2.63856367e-02
6.52000000e-01	3.87045916e+02	-1.69973662e-01	2.63835596e-02
6.53000000e-01	3.87045746e+02	-1.69463569e-01	2.63814892e-02
6.54000000e-01	3.87045577e+02	-1.68955766e-01	2.63794254e-02
6.55000000e-01	3.87045408e+02	-1.68450240e-01	2.63773681e-02
6.56000000e-01	3.87045240e+02	-1.67946977e-01	2.63753173e-02
6.57000000e-01	3.87045073e+02	-1.67445963e-01	2.63732729e-02
6.58000000e-01	3.87044905e+02	-1.66947186e-01	2.63712351e-02
6.59000000e-01	3.87044739e+02	-1.66450631e-01	2.63692036e-02
6.60000000e-01	3.87044572e+02	-1.65956285e-01	2.63671785e-02
6.61000000e-01	3.87044407e+02	-1.65464137e-01	2.63651598e-02
6.62000000e-01	3.87044242e+02	-1.64974172e-01	2.63631474e-02
6.63000000e-01	3.87044077e+02	-1.64486377e-01	2.63611413e-02
6.64000000e-01	3.87043913e+02	-1.64000741e-01	2.63591415e-02
6.65000000e-01	3.87043749e+02	-1.63517249e-01	2.63571479e-02
6.66000000e-01	3.87043586e+02	-1.63035890e-01	2.63551606e-02
6.67000000e-01	3.87043423e+02	-1.62556652e-01	2.63531794e-02
6.68000000e-01	3.87043260e+02	-1.62079521e-01	2.63512043e-02
6.69000000e-01	3.87043099e+02	-1.61604485e-01	2.63492354e-02
6.70000000e-01	3.87042937e+02	-1.61131533e-01	2.63472725e-02
6.71000000e-01	3.87042776e+02	-1.60660651e-01	2.63453158e-02
6.72000000e-01	3.87042616e+02	-1.60191828e-01	2.63433651e-02
6.73000000e-01	3.87042456e+02	-1.59725052e-01	2.63414203e-02
6.74000000e-01	3.87042296e+02	-1.59260311e-01	2.63394816e-02
6.75000000e-01	3.87042137e+02	-1.58797594e-01	2.63375488e-02
6.76000000e-01	3.87041979e+02	-1.58336888e-01	2.63356220e-02
6.77000000e-01	3.87041821e+02	-1.57878182e-01	2.63337010e-02
6.78000000e-01	3.87041663e+02	-1.57421464e-01	2.63317859e-02
6.79000000e-01	3.87041506e+02	-1.56966724e-01	2.63298767e-02
6.80000000e-01	3.87041349e+02	-1.56513948e-01	2.63279733e-02
6.81000000e-01	3.87041193e+02	-1.56063127e-01	2.63260757e-02
6.82000000e-01	3.87041037e+02	-1.55614249e-01	2.63241838e-02
6.83000000e-01	3.87040882e+02	-1.55167303e-01	2.63222977e-02
6.84000000e-01	3.87040727e+02	-1.54722278e-01	2.63204173e-02
6.85000000e-01	3.87040572e+02	-1.54279162e-01	2.63185426e-02
6.86000000e-01	3.87040418e+02	-1.53837945e-01	2.63166735e-02
6.87000000e-01	3.87040265e+02	-1.53398617e-01	2.63148101e-02
6.88000000e-01	3.87040111e+02	-1.52961166e-01	2.63129523e-02
6.89000000e-01	3.87039959e+02	-1.52525581e-01	2.63111001e-02
6.90000000e-01	3.87039806e+02	-1.52091853e-01	2.63092535e-02
6.91000000e-01	3.87039654e+02	-1.51659970e-01	2.63074123e-02
6.92000000e-01	3.87039503e+02	-1.51229922e-01	2.63055767e-02
6.93000000e-01	3.87039352e+02	-1.50801699e-01	2.63037466e-02
6.94000000e-01	3.87039201e+02	-1.50375291e-01	2.63019220e-02
6.95000000e-01	3.87039051e+02	-1.49950687e-01	2.63001027e-02
6.96000000e-01	3.87038902e+02	-1.49527877e-01	2.62982889e-02
6.97000000e-01	3.87038752e+02	-1.49106850e-01	2.62964805e-02
6.98000000e-01	3.87038603e+02	-1.48687598e-01	2.62946775e-02
6.99000000e-01	3.87038455e+02	-1.48270110e-01	2.62928798e-02
7.00000000e-01	3.87038307e+02	-1.47854376e-01	2.62910874e-02
7.01000000e-01	3.87038159e+02	-1.47440387e-01	2.62893003e-02
7.02000000e-01	3.87038012e+02	-1.47028132e-01	2.62875184e-02
7.03000000e-01	3.87037865e+02	-1.46617602e-01	2.62857419e-02
7.04000000e-01	3.87037719e+02	-1.46208787e-01	2.62839705e-02
7.05000000e-01	3.87037573e+02	-1.45801678e-01	2.62822043e-02
7.06000000e-01	3.87037427e+02	-1.45396266e-01	2.62804434e-02
7.07000000e-01	3.87037282e+02	-1.44992540e-01	2.62786876e-02
7.08000000e-01	3.87037137e+02	-1.44590492e-01	2.62769369e-02
7.09000000e-01	3.87036993e+02	-1.44190113e-01	2.62751913e-02
7.10000000e-01	3.87036849e+02	-1.43791393e-01	2.62734508e-02
7.11000000e-01	3.87036705e+02	-1.43394322e-01	2.62717154e-02
7.12000000e-01	3.87036562e+02	-1.42998893e-01	2.62699850e-02
7.13000000e-01	3.87036419e+02	-1.42605095e-01	2.62682597e-02
7.14000000e-01	3.87036277e+02	-1.42212921e-01	2.62665393e-02
7.15000000e-01	3.87036135e+02	-1.41822360e-01	2.62648239e-02
7.16000000e-01	3.87035993e+02	-1.41433405e-01	2.62631135e-02
7.17000000e-01	3.87035852e+02	-1.41046046e-01	2.62614080e-02
7.18000000e-01	3.87035711e+02	-1.40660275e-01	2.62597075e-02
7.19000000e-01	3.87035571e+02	-1.40276082e-01	2.62580118e-02
7.20000000e-01	3.87035430e+02	-1.39893461e-01	2.62563210e-02
7.21000000e-01	3.87035291e+02	-1.39512401e-01	2.62546350e-02
7.22000000e-01	3.87035151e+02	-1.39132895e-01	2.62529539e-02
7.23000000e-01	3.87035012e+02	-1.38754933e-01	2.62512776e-02
7.24000000e-01	3.87034874e+02	-1.38378509e-01	2.62496061e-02
7.25000000e-01	3.87034736e+02	-1.38003612e-01	2.62479393e-02
7.26000000e-01	3.87034598e+02	-1.37630236e-01	2.62462773e-02
7.27000000e-01	3.87034460e+02	-1.37258372e-01	2.62446200e-02
7.28000000e-01	3.87034323e+02	-1.36888011e-01	2.62429675e-02
7.29000000e-01	3.87034187e+02	-1.36519146e-01	2.62413196e-02
7.30000000e-01	3.87034050e+02	-1.36151769e-01	2.62396764e-02
7.31000000e-01	3.87033914e+02	-1.35785871e-01	2.62380378e-02
7.32000000e-01	3.87033779e+02	-1.35421445e-01	2.62364039e-02
7.33000000e-01	3.87033644e+02	-1.35058483e-01	2.62347745e-02
7.34000000e-01	3.87033509e+02	-1.34696976e-01	2.62331498e-02
7.35000000e-01	3.87033374e+02	-1.34336919e-01	2.62315296e-02
7.36000000e-01	3.87033240e+02	-1.33978301e-01	2.62299140e-02
7.37000000e-01	3.87033106e+02	-1.33621117e-01	2.62283029e-02
7.38000000e-01	3.87032973e+02	-1.33265357e-01	2.62266963e-02
7.39000000e-01	3.87032840e+02	-1.32911016e-01	2.62250942e-02
7.40000000e-01	3.87032707e+02	-1.32558084e-01	2.62234966e-02
7.41000000e-01	3.87032575e+02	-1.32206555e-01	2.62219035e-02
7.42000000e-01	3.87032443e+02	-1.31856422e-01	2.62203148e-02
7.43000000e-01	3.87032311e+02	-1.31507676e-01	2.62187305e-02
7.44000000e-01	3.87032180e+02	-1.31160311e-01	2.62171506e-02
7.45000000e-01	3.87032049e+02	-1.30814319e-01	2.62155751e-02
7.46000000e-01	3.87031918e+02	-1.30469694e-01	2.62140039e-02
7.47000000e-01	3.87031788e+02	-1.30126427e-01	2.62124371e-02
7.48000000e-01	3.87031658e+02	-1.29784512e-01	2.62108746e-02
7.49000000e-01	3.87031528e+02	-1.29443942e-01	2.62093165e-02
7.50000000e-01	3.87031399e+02	-1.29104709e-01	2.62077626e-02
7.51000000e-01	3.87031270e+02	-1.28766807e-01	2.62062130e-02
7.52000000e-01	3.87031141e+02	-1.28430229e-01	2.62046677e-02
7.53000000e-01	3.87031013e+02	-1.28094968e-01	2.62031266e-02
7.54000000e-01	3.87030885e+02	-1.27761017e-01	2.62015897e-02
7.55000000e-01	3.87030757e+02	-1.27428368e-01	2.62000570e-02
7.56000000e-01	3.87030630e+02	-1.27097017e-01	2.61985285e-02
7.57000000e-01	3.87030503e+02	-1.26766955e-01	2.61970042e-02
7.58000000e-01	3.87030377e+02	-1.26438176e-01	2.61954841e-02
7.59000000e-01	3.87030250e+02	-1.26110673e-01	2.61939680e-02
7.60000000e-01	3.87030124e+02	-1.25784440e-01	2.61924561e-02
7.61000000e-01	3.87029999e+02	-1.25459471e-01	2.61909483e-02
7.62000000e-01	3.87029874e+02	-1.25135758e-01	2.61894446e-02
7.63000000e-01	3.87029749e+02	-1.24813295e-01	2.61879450e-02
7.64000000e-01	3.87029624e+02	-1.24492076e-01	2.61864494e-02
7.65000000e-01	3.87029500e+02	-1.24172095e-01	2.61849578e-02
7.66000000e-01	3.87029376e+02	-1.23853344e-01	2.61834703e-02
7.67000000e-01	3.87029252e+02	-1.23535819e-01	2.61819867e-02
7.68000000e-01	3.87029129e+02	-1.23219512e-01	2.61805072e-02
7.69000000e-01	3.87029005e+02	-1.22904417e-01	2.61790316e-02
7.70000000e-01	3.87028883e+02	-1.22590529e-01	2.61775600e-02
7.71000000e-01	3.87028760e+02	-1.22277840e-01	2.61760923e-02
7.72000000e-01	3.87028638e+02	-1.21966346e-01	2.61746286e-02
7.73000000e-01	3.87028516e+02	-1.21656039e-01	2.61731687e-02
7.74000000e-01	3.87028395e+02	-1.21346914e-01	2.61717128e-02
7.75000000e-01	3.87028274e+02	-1.21038965e-01	2.61702607e-02
7.76000000e-01	3.87028153e+02	-1.20732186e-01	2.61688125e-02
7.77000000e-01	3.87028032e+02	-1.20426570e-01	2.61673681e-02
7.78000000e-01	3.87027912e+02	-1.20122113e-01	2.61659276e-02
7.79000000e-01	3.87027792e+02	-1.19818808e-01	2.61644909e-02
7.80000000e-01	3.87027672e+02	-1.19516649e-01	2.61630579e-02
7.81000000e-01	3.87027553e+02	-1.19215631e-01	2.61616288e-02
7.82000000e-01	3.87027434e+02	-1.18915748e-01	2.61602035e-02
7.83000000e-01	3.87027315e+02	-1.18616995e-01	2.61587818e-02
7.84000000e-01	3.87027197e+02	-1.18319364e-01	2.61573640e-02
7.85000000e-01	3.87027078e+02	-1.18022852e-01	2.61559498e-02
7.86000000e-01	3.87026961e+02	-1.17727452e-01	2.61545394e-02
7.87000000e-01	3.87026843e+02	-1.17433159e-01	2.61531327e-02
7.88000000e-01	3.87026726e+02	-1.17139968e-01	2.61517296e-02
7.89000000e-01	3.87026609e+02	-1.16847872e-01	2.61503303e-02
7.90000000e-01	3.87026492e+02	-1.16556866e-01	2.61489345e-02
7.91000000e-01	3.87026376e+02	-1.16266945e-01	2.61475425e-02
7.92000000e-01	3.87026260e+02	-1.15978104e-01	2.61461540e-02
7.93000000e-01	3.87026144e+02	-1.15690338e-01	2.61447692e-02
7.94000000e-01	3.87026028e+02	-1.15403640e-01	2.61433879e-02
7.95000000e-01	3.87025913e+02	-1.15118005e-01	2.61420102e-02
7.96000000e-01	3.87025798e+02	-1.14833430e-01	2.61406361e-02
7.97000000e-01	3.87025683e+02	-1.14549907e-01	2.61392656e-02
7.98000000e-01	3.87025569e+02	-1.14267432e-01	2.61378986e-02
7.99000000e-01	3.87025455e+02	-1.13986000e-01	2.61365351e-02
8.00000000e-01	3.87025341e+02	-1.13705606e-01	2.61351752e-02
8.01000000e-01	3.87025227e+02	-1.13426244e-01	2.61338187e-02
8.02000000e-01	3.87025114e+02	-1.13147910e-01	2.61324657e-02
8.03000000e-01	3.87025001e+02	-1.12870598e-01	2.61311162e-02
8.04000000e-01	3.87024888e+02	-1.12594304e-01	2.61297702e-02
8.05000000e-01	3.87024776e+02	-1.12319022e-01	2.61284276e-02
8.06000000e-01	3.87024664e+02	-1.12044748e-01	2.61270885e-02
8.07000000e-01	3.87024552e+02	-1.11771477e-01	2.61257527e-02
8.08000000e-01	3.87024440e+02	-1.11499204e-01	2.61244204e-02
8.09000000e-01	3.87024329e+02	-1.11227923e-01	2.61230915e-02
8.10000000e-01	3.87024218e+02	-1.10957631e-01	2.61217659e-02
8.11000000e-01	3.87024107e+02	-1.10688322e-01	2.61204438e-02
8.12000000e-01	3.87023996e+02	-1.10419991e-01	2.61191249e-02
8.13000000e-01	3.87023886e+02	-1.10152635e-01	2.61178094e-02
8.14000000e-01	3.87023776e+02	-1.09886248e-01	2.61164973e-02
8.15000000e-01	3.87023666e+02	-1.09620825e-01	2.61151885e-02
8.16000000e-01	3.87023557e+02	-1.09356362e-01	2.61138829e-02
8.17000000e-01	3.87023447e+02	-1.09092854e-01	2.61125807e-02
8.18000000e-01	3.87023339e+02	-1.08830297e-01	2.61112817e-02
8.19000000e-01	3.87023230e+02	-1.08568686e-01	2.61099861e-02
8.20000000e-01	3.87023121e+02	-1.08308016e-01	2.61086936e-02
8.21000000e-01	3.87023013e+02	-1.08048284e-01	2.61074044e-02
8.22000000e-01	3.87022905e+02	-1.07789483e-01	2.61061185e-02
8.23000000e-01	3.87022798e+02	-1.07531612e-01	2.61048358e-02
8.24000000e-01	3.87022690e+02	-1.07274663e-01	2.61035562e-02
8.25000000e-01	3.87022583e+02	-1.07018634e-01	2.61022799e-02
8.26000000e-01	3.87022476e+02	-1.06763520e-01	2.61010067e-02
8.27000000e-01	3.87022370e+02	-1.06509317e-01	2.60997368e-02
8.28000000e-01	3.87022263e+02	-1.06256019e-01	2.60984699e-02
8.29000000e-01	3.87022157e+02	-1.06003624e-01	2.60972063e-02
8.30000000e-01	3.87022051e+02	-1.05752126e-01	2.60959457e-02
8.31000000e-01	3.87021946e+02	-1.05501521e-01	2.60946883e-02
8.32000000e-01	3.87021840e+02	-1.05251806e-01	2.60934340e-02
8.33000000e-01	3.87021735e+02	-1.05002976e-01	2.60921828e-02
8.34000000e-01	3.87021630e+02	-1.04755026e-01	2.60909347e-02
8.35000000e-01	3.87021526e+02	-1.04507953e-01	2.60896897e-02
8.36000000e-01	3.87021421e+02	-1.04261753e-01	2.60884477e-02
8.37000000e-01	3.87021317e+02	-1.04016421e-01	2.60872088e-02
8.38000000e-01	3.87021213e+02	-1.03771953e-01	2.60859730e-02
8.39000000e-01	3.87021110e+02	-1.03528345e-01	2.60847401e-02
8.40000000e-01	3.87021006e+02	-1.03285594e-01	2.60835103e-02
8.41000000e-01	3.87020903e+02	-1.03043695e-01	2.60822835e-02
8.42000000e-01	3.87020800e+02	-1.02802645e-01	2.60810597e-02
8.43000000e-01	3.87020697e+02	-1.02562438e-01	2.60798389e-02
8.44000000e-01	3.87020595e+02	-1.02323072e-01	2.60786211e-02
8.45000000e-01	3.87020493e+02	-1.02084543e-01	2.60774062e-02
8.46000000e-01	3.87020391e+02	-1.01846846e-01	2.60761943e-02
8.47000000e-01	3.87020289e+02	-1.01609978e-01	2.60749854e-02
8.48000000e-01	3.87020188e+02	-1.01373934e-01	2.60737793e-02
8.49000000e-01	3.87020086e+02	-1.01138712e-01	2.60725762e-02
8.50000000e-01	3.87019985e+02	-1.00904307e-01	2.60713760e-02
8.51000000e-01	3.87019884e+02	-1.00670715e-01	2.60701788e-02
8.52000000e-01	3.87019784e+02	-1.00437933e-01	2.60689844e-02
8.53000000e-01	3.87019684e+02	-1.00205957e-01	2.60677929e-02
8.54000000e-01	3.87019584e+02	-9.99747832e-02	2.60666042e-02
8.55000000e-01	3.87019484e+02	-9.97444080e-02	2.60654184e-02
8.56000000e-01	3.87019384e+02	-9.95148276e-02	2.60642355e-02
8.57000000e-01	3.87019285e+02	-9.92860385e-02	2.60630554e-02
8.58000000e-01	3.87019185e+02	-9.90580370e-02	2.60618782e-02
8.59000000e-01	3.87019087e+02	-9.88308195e-02	2.60607037e-02
8.60000000e-01	3.87018988e+02	-9.86043823e-02	2.60595321e-02
8.61000000e-01	3.87018889e+02	-9.83787221e-02	2.60583633e-02
8.62000000e-01	3.87018791e+02	-9.81538351e-02	2.60571972e-02
8.63000000e-01	3.87018693e+02	-9.79297179e-02	2.60560340e-02
8.64000000e-01	3.87018595e+02	-9.77063669e-02	2.60548735e-02
8.65000000e-01	3.87018498e+02	-9.74837787e-02	2.60537158e-02
8.66000000e-01	3.87018400e+02	-9.72619498e-02	2.60525608e-02
8.67000000e-01	3.87018303e+02	-9.70408768e-02	2.60514086e-02
8.68000000e-01	3.87018206e+02	-9.68205562e-02	2.60502591e-02
8.69000000e-01	3.87018109e+02	-9.66009846e-02	2.60491123e-02
8.70000000e-01	3.87018013e+02	-9.63821587e-02	2.60479682e-02
8.71000000e-01	3.87017917e+02	-9.61640750e-02	2.60468268e-02
8.72000000e-01	3.87017821e+02	-9.59467302e-02	2.60456882e-02
8.73000000e-01	3.87017725e+02	-9.57301210e-02	2.60445522e-02
8.74000000e-01	3.87017629e+02	-9.55142441e-02	2.60434188e-02
8.75000000e-01	3.87017534e+02	-9.52990961e-02	2.60422882e-02
8.76000000e-01	3.87017439e+02	-9.50846738e-02	2.60411602e-02
8.77000000e-01	3.87017344e+02	-9.48709740e-02	2.60400348e-02
8.78000000e-01	3.87017249e+02	-9.46579934e-02	2.60389121e-02
8.79000000e-01	3.87017154e+02	-9.44457287e-02	2.60377920e-02
8.80000000e-01	3.87017060e+02	-9.42341768e-02	2.60366745e-02
8.81000000e-01	3.87016966e+02	-9.40233345e-02	2.60355597e-02
8.82000000e-01	3.87016872e+02	-9.38131986e-02	2.60344474e-02
8.83000000e-01	3.87016778e+02	-9.36037660e-02	2.60333377e-02
8.84000000e-01	3.87016685e+02	-9.33950335e-02	2.60322306e-02
8.85000000e-01	3.87016591e+02	-9.31869980e-02	2.60311261e-02
8.86000000e-01	3.87016498e+02	-9.29796564e-02	2.60300241e-02
8.87000000e-01	3.87016405e+02	-9.27730057e-02	2.60289247e-02
8.88000000e-01	3.87016313e+02	-9.25670428e-02	2.60278279e-02
8.89000000e-01	3.87016220e+02	-9.23617646e-02	2.60267335e-02
8.90000000e-01	3.87016128e+02	-9.21571680e-02	2.60256417e-02
8.91000000e-01	3.87016036e+02	-9.19532502e-02	2.60245524e-02
8.92000000e-01	3.87015944e+02	-9.17500081e-02	2.60234657e-02
8.93000000e-01	3.87015853e+02	-9.15474386e-02	2.60223814e-02
8.94000000e-01	3.87015761e+02	-9.13455390e-02	2.60212996e-02
8.95000000e-01	3.87015670e+02	-9.11443061e-02	2.60202203e-02
8.96000000e-01	3.87015579e+02	-9.09437370e-02	2.60191435e-02
8.97000000e-01	3.87015488e+02	-9.07438290e-02	2.60180692e-02
8.98000000e-01	3.87015397e+02	-9.05445790e-02	2.60169973e-02
8.99000000e-01	3.87015307e+02	-9.03459841e-02	2.60159279e-02
9.00000000e-01	3.87015217e+02	-9.01480416e-02	2.60148609e-02
9.01000000e-01	3.87015127e+02	-8.99507485e-02	2.60137963e-02
9.02000000e-01	3.87015037e+02	-8.97541020e-02	2.60127342e-02
9.03000000e-01	3.87014947e+02	-8.95580993e-02	2.60116744e-02
9.04000000e-01	3.87014858e+02	-8.93627376e-02	2.60106171e-02
9.05000000e-01	3.87014768e+02	-8.91680141e-02	2.60095622e-02
9.06000000e-01	3.87014679e+02	-8.89739260e-02	2.60085097e-02
9.07000000e-01	3.87014590e+02	-8.87804706e-02	2.60074596e-02
9.08000000e-01	3.87014502e+02	-8.85876451e-02	2.60064118e-02
9.09000000e-01	3.87014413e+02	-8.83954467e-02	2.60053664e-02
9.10000000e-01	3.87014325e+02	-8.82038729e-02	2.60043234e-02
9.11000000e-01	3.87014237e+02	-8.80129208e-02	2.60032827e-02
9.12000000e-01	3.87014149e+02	-8.78225878e-02	2.60022444e-02
9.13000000e-01	3.87014061e+02	-8.76328712e-02	2.60012084e-02
9.14000000e-01	3.87013974e+02	-8.74437684e-02	2.60001747e-02
9.15000000e-01	3.87013886e+02	-8.72552766e-02	2.59991434e-02
9.16000000e-01	3.87013799e+02	-8.70673934e-02	2.59981144e-02
9.17000000e-01	3.87013712e+02	-8.68801160e-02	2.59970876e-02
9.18000000e-01	3.87013625e+02	-8.66934419e-02	2.59960632e-02
9.19000000e-01	3.87013539e+02	-8.65073685e-02	2.59950411e-02
9.20000000e-01	3.87013452e+02	-8.63218932e-02	2.59940212e-02
9.21000000e-01	3.87013366e+02	-8.61370134e-02	2.59930036e-02
9.22000000e-01	3.87013280e+02	-8.59527266e-02	2.59919883e-02
9.23000000e-01	3.87013194e+02	-8.57690303e-02	2.59909752e-02
9.24000000e-01	3.87013109e+02	-8.55859220e-02	2.59899644e-02
9.25000000e-01	3.87013023e+02	-8.54033991e-02	2.59889559e-02
9.26000000e-01	3.87012938e+02	-8.52214592e-02	2.59879495e-02
9.27000000e-01	3.87012853e+02	-8.50400997e-02	2.59869454e-02
9.28000000e-01	3.87012768e+02	-8.48593182e-02	2.59859436e-02
9.29000000e-01	3.87012683e+02	-8.46791123e-02	2.59849439e-02
9.30000000e-01	3.87012598e+02	-8.44994796e-02	2.59839465e-02
9.31000000e-01	3.87012514e+02	-8.43204175e-02	2.59829512e-02
9.32000000e-01	3.87012430e+02	-8.41419237e-02	2.59819582e-02
9.33000000e-01	3.87012346e+02	-8.39639958e-02	2.59809673e-02
9.34000000e-01	3.87012262e+02	-8.37866313e-02	2.59799786e-02
9.35000000e-01	3.87012178e+02	-8.36098280e-02	2.59789921e-02
9.36000000e-01	3.87012095e+02	-8.34335835e-02	2.59780077e-02
9.37000000e-01	3.87012011e+02	-8.32578953e-02	2.59770255e-02
9.38000000e-01	3.87011928e+02	-8.30827612e-02	2.59760454e-02
9.39000000e-01	3.87011845e+02	-8.29081788e-02	2.59750675e-02
9.40000000e-01	3.87011762e+02	-8.27341459e-02	2.59740918e-02
9.41000000e-01	3.87011680e+02	-8.25606601e-02	2.59731181e-02
9.42000000e-01	3.87011597e+02	-8.23877191e-02	2.59721466e-02
9.43000000e-01	3.87011515e+02	-8.22153207e-02	2.59711772e-02
9.44000000e-01	3.87011433e+02	-8.20434625e-02	2.59702099e-02
9.45000000e-01	3.87011351e+02	-8.18721424e-02	2.59692447e-02
9.46000000e-01	3.87011269e+02	-8.17013581e-02	2.59682816e-02
9.47000000e-01	3.87011187e+02	-8.15311074e-02	2.59673205e-02
9.48000000e-01	3.87011106e+02	-8.13613880e-02	2.59663616e-02
9.49000000e-01	3.87011025e+02	-8.11921977e-02	2.59654047e-02
9.50000000e-01	3.87010944e+02	-8.10235343e-02	2.59644499e-02
9.51000000e-01	3.87010863e+02	-8.08553958e-02	2.59634972e-02
9.52000000e-01	3.87010782e+02	-8.06877797e-02	2.59625465e-02
9.53000000e-01	3.87010701e+02	-8.05206842e-02	2.59615979e-02
9.54000000e-01	3.87010621e+02	-8.03541068e-02	2.59606513e-02
9.55000000e-01	3.87010541e+02	-8.01880456e-02	2.59597067e-02
9.56000000e-01	3.87010460e+02	-8.00224985e-02	2.59587642e-02
9.57000000e-01	3.87010380e+02	-7.98574631e-02	2.59578237e-02
9.58000000e-01	3.87010301e+02	-7.96929376e-02	2.59568852e-02
9.59000000e-01	3.87010221e+02	-7.95289197e-02	2.59559487e-02
9.60000000e-01	3.87010142e+02	-7.93654075e-02	2.59550142e-02
9.61000000e-01	3.87010062e+02	-7.92023987e-02	2.59540817e-02
9.62000000e-01	3.87009983e+02	-7.90398914e-02	2.59531512e-02
9.63000000e-01	3.87009904e+02	-7.88778835e-02	2.59522227e-02
9.64000000e-01	3.87009825e+02	-7.87163729e-02	2.59512961e-02
9.65000000e-01	3.87009747e+02	-7.85553577e-02	2.59503715e-02
9.66000000e-01	3.87009668e+02	-7.83948358e-02	2.59494489e-02
9.67000000e-01	3.87009590e+02	-7.82348051e-02	2.59485283e-02
9.68000000e-01	3.87009512e+02	-7.80752638e-02	2.59476096e-02
9.69000000e-01	3.87009434e+02	-7.79162097e-02	2.59466928e-02
9.70000000e-01	3.87009356e+02	-7.77576410e-02	2.59457780e-02
9.71000000e-01	3.87009278e+02	-7.75995556e-02	2.59448651e-02
9.72000000e-01	3.87009201e+02	-7.74419516e-02	2.59439541e-02
9.73000000e-01	3.87009124e+02	-7.72848270e-02	2.59430451e-02
9.74000000e-01	3.87009046e+02	-7.71281799e-02	2.59421380e-02
9.75000000e-01	3.87008969e+02	-7.69720083e-02	2.59412327e-02
9.76000000e-01	3.87008892e+02	-7.68163104e-02	2.59403294e-02
9.77000000e-01	3.87008816e+02	-7.66610842e-02	2.59394280e-02
9.78000000e-01	3.87008739e+02	-7.65063278e-02	2.59385285e-02
9.79000000e-01	3.87008663e+02	-7.63520394e-02	2.59376308e-02
9.80000000e-01	3.87008586e+02	-7.61982170e-02	2.59367350e-02
9.81000000e-01	3.87008510e+02	-7.60448587e-02	2.59358411e-02
9.82000000e-01	3.87008434e+02	-7.58919628e-02	2.59349491e-02
9.83000000e-01	3.87008358e+02	-7.57395273e-02	2.59340589e-02
9.84000000e-01	3.87008283e+02	-7.55875504e-02	2.59331706e-02
9.85000000e-01	3.87008207e+02	-7.54360303e-02	2.59322842e-02
9.86000000e-01	3.87008132e+02	-7.52849651e-02	2.59313995e-02
9.87000000e-01	3.87008057e+02	-7.51343531e-02	2.59305168e-02
9.88000000e-01	3.87007982e+02	-7.49841923e-02	2.59296358e-02
9.89000000e-01	3.87007907e+02	-7.48344810e-02	2.59287567e-02
9.90000000e-01	3.87007832e+02	-7.46852175e-02	2.59278794e-02
9.91000000e-01	3.87007757e+02	-7.45363999e-02	2.59270039e-02
9.92000000e-01	3.87007683e+02	-7.43880265e-02	2.59261302e-02
9.93000000e-01	3.87007609e+02	-7.42400954e-02	2.59252583e-02
9.94000000e-01	3.87007534e+02	-7.40926050e-02	2.59243883e-02
9.95000000e-01	3.87007460e+02	-7.39455535e-02	2.59235200e-02
9.96000000e-01	3.87007387e+02	-7.37989392e-02	2.59226535e-02
9.97000000e-01	3.87007313e+02	-7.36527603e-02	2.59217888e-02
9.98000000e-01	3.87007239e+02	-7.35070150e-02	2.59209258e-02
9.99000000e-01	3.87007166e+02	-7.33617018e-02	2.59200646e-02
