1.00000000e-03	4.65208452e+02	-9.99719174e+04	4.98129140e-03
2.00000000e-03	4.15249946e+02	-2.49454958e+04	9.85365060e-03
3.00000000e-03	3.98649794e+02	-1.10331638e+04	1.45233223e-02
4.00000000e-03	3.90404581e+02	-6.15236967e+03	1.89213404e-02
5.00000000e-03	3.85510382e+02	-3.88669342e+03	2.30056330e-02
6.00000000e-03	3.82296576e+02	-2.65264239e+03	2.67574621e-02
7.00000000e-03	3.80045217e+02	-1.90729892e+03	3.01754112e-02
8.00000000e-03	3.78395963e+02	-1.42354378e+03	3.32694092e-02
9.00000000e-03	3.77147717e+02	-1.09260190e+03	3.60559625e-02
1.00000000e-02	3.76179244e+02	-8.56979077e+02	3.85548152e-02
1.10000000e-02	3.75413043e+02	-6.83912857e+02	4.07868153e-02
1.20000000e-02	3.74797246e+02	-5.53594748e+02	4.27726509e-02
1.30000000e-02	3.74295837e+02	-4.53462104e+02	4.45321632e-02
1.40000000e-02	3.73883050e+02	-3.75228245e+02	4.60840161e-02
1.50000000e-02	3.73539982e+02	-3.13244556e+02	4.74455777e-02
1.60000000e-02	3.73252476e+02	-2.63552108e+02	4.86329187e-02
1.70000000e-02	3.73009737e+02	-2.23309367e+02	4.96608716e-02
1.80000000e-02	3.72803407e+02	-1.90434400e+02	5.05431170e-02
1.90000000e-02	3.72626934e+02	-1.63374207e+02	5.12922778e-02
2.00000000e-02	3.72475116e+02	-1.40951960e+02	5.19200121e-02
2.10000000e-02	3.72343787e+02	-1.22263409e+02	5.24370981e-02
2.20000000e-02	3.72229580e+02	-1.06605139e+02	5.28535103e-02
2.30000000e-02	3.72129753e+02	-9.34239390e+01	5.31784870e-02
2.40000000e-02	3.72042054e+02	-8.22804584e+01	5.34205878e-02
2.50000000e-02	3.71964630e+02	-7.28227144e+01	5.35877451e-02
2.60000000e-02	3.71895942e+02	-6.47665102e+01	5.36873072e-02
2.70000000e-02	3.71834708e+02	-5.78807716e+01	5.37260782e-02
2.80000000e-02	3.71779854e+02	-5.19764381e+01	5.37103513e-02
2.90000000e-02	3.71730480e+02	-4.68979552e+01	5.36459408e-02
3.00000000e-02	3.71685826e+02	-4.25166910e+01	5.35382099e-02
3.10000000e-02	3.71645250e+02	-3.87257966e+01	5.33920976e-02
3.20000000e-02	3.71608207e+02	-3.54361578e+01	5.32121430e-02
3.30000000e-02	3.71574235e+02	-3.25731803e+01	5.30025096e-02
3.40000000e-02	3.71542940e+02	-3.00742198e+01	5.27670074e-02
3.50000000e-02	3.71513983e+02	-2.78865113e+01	5.25091151e-02
3.60000000e-02	3.71487078e+02	-2.59654926e+01	5.22320011e-02
3.70000000e-02	3.71461976e+02	-2.42734369e+01	5.19385440e-02
3.80000000e-02	3.71438465e+02	-2.27783335e+01	5.16313525e-02
3.90000000e-02	3.71416363e+02	-2.14529660e+01	5.13127842e-02
4.00000000e-02	3.71395511e+02	-2.02741508e+01	5.09849643e-02
4.10000000e-02	3.71375772e+02	-1.92221044e+01	5.06498030e-02
4.20000000e-02	3.71357030e+02	-1.82799170e+01	5.03090124e-02
4.30000000e-02	3.71339181e+02	-1.74331125e+01	4.99641222e-02
4.40000000e-02	3.71322136e+02	-1.66692798e+01	4.96164955e-02
4.50000000e-02	3.71305818e+02	-1.59777631e+01	4.92673423e-02
4.60000000e-02	3.71290159e+02	-1.53494007e+01	4.89177333e-02
4.70000000e-02	3.71275101e+02	-1.47763052e+01	4.85686124e-02
4.80000000e-02	3.71260591e+02	-1.42516768e+01	4.82208081e-02
4.90000000e-02	3.71246583e+02	-1.37696461e+01	4.78750448e-02
5.00000000e-02	3.71233039e+02	-1.33251397e+01	4.75319524e-02
5.10000000e-02	3.71219922e+02	-1.29137667e+01	4.71920757e-02
5.20000000e-02	3.71207201e+02	-1.25317218e+01	4.68558830e-02
5.30000000e-02	3.71194850e+02	-1.21757029e+01	4.65237737e-02
5.40000000e-02	3.71182842e+02	-1.18428403e+01	4.61960854e-02
5.50000000e-02	3.71171157e+02	-1.15306369e+01	4.58731007e-02
5.60000000e-02	3.71159775e+02	-1.12369167e+01	4.55550529e-02
5.70000000e-02	3.71148678e+02	-1.09597805e+01	4.52421313e-02
5.80000000e-02	3.71137850e+02	-1.06975683e+01	4.49344864e-02
5.90000000e-02	3.71127278e+02	-1.04488271e+01	4.46322340e-02
6.00000000e-02	3.71116949e+02	-1.02122827e+01	4.43354591e-02
6.10000000e-02	3.71106850e+02	-9.98681591e+00	4.40442202e-02
6.20000000e-02	3.71096972e+02	-9.77144212e+00	4.37585515e-02
6.30000000e-02	3.71087304e+02	-9.56529343e+00	4.34784666e-02
6.40000000e-02	3.71077838e+02	-9.36760343e+00	4.32039610e-02
6.50000000e-02	3.71068566e+02	-9.17769396e+00	4.29350140e-02
6.60000000e-02	3.71059480e+02	-8.99496379e+00	4.26715914e-02
6.70000000e-02	3.71050574e+02	-8.81887872e+00	4.24136470e-02
6.80000000e-02	3.71041841e+02	-8.64896311e+00	4.21611243e-02
6.90000000e-02	3.71033274e+02	-8.48479248e+00	4.19139582e-02
7.00000000e-02	3.71024869e+02	-8.32598715e+00	4.16720761e-02
7.10000000e-02	3.71016621e+02	-8.17220665e+00	4.14353993e-02
7.20000000e-02	3.71008523e+02	-8.02314496e+00	4.12038438e-02
7.30000000e-02	3.71000573e+02	-7.87852629e+00	4.09773216e-02
7.40000000e-02	3.70992765e+02	-7.73810144e+00	4.07557410e-02
7.50000000e-02	3.70985095e+02	-7.60164469e+00	4.05390081e-02
7.60000000e-02	3.70977560e+02	-7.46895097e+00	4.03270265e-02
7.70000000e-02	3.70970156e+02	-7.33983346e+00	4.01196987e-02
7.80000000e-02	3.70962880e+02	-7.21412157e+00	3.99169260e-02
7.90000000e-02	3.70955727e+02	-7.09165898e+00	3.97186095e-02
8.00000000e-02	3.70948695e+02	-6.97230214e+00	3.95246498e-02
8.10000000e-02	3.70941781e+02	-6.85591881e+00	3.93349481e-02
8.20000000e-02	3.70934982e+02	-6.74238683e+00	3.91494057e-02
8.30000000e-02	3.70928296e+02	-6.63159305e+00	3.89679250e-02
8.40000000e-02	3.70921718e+02	-6.52343239e+00	3.87904091e-02
8.50000000e-02	3.70915248e+02	-6.41780699e+00	3.86167623e-02
8.60000000e-02	3.70908882e+02	-6.31462547e+00	3.84468903e-02
8.70000000e-02	3.70902618e+02	-6.21380230e+00	3.82807001e-02
8.80000000e-02	3.70896454e+02	-6.11525721e+00	3.81181003e-02
8.90000000e-02	3.70890387e+02	-6.01891470e+00	3.79590011e-02
9.00000000e-02	3.70884415e+02	-5.92470359e+00	3.78033144e-02
9.10000000e-02	3.70878537e+02	-5.83255664e+00	3.76509539e-02
9.20000000e-02	3.70872749e+02	-5.74241017e+00	3.75018349e-02
9.30000000e-02	3.70867051e+02	-5.65420375e+00	3.73558748e-02
9.40000000e-02	3.70861440e+02	-5.56787996e+00	3.72129928e-02
9.50000000e-02	3.70855915e+02	-5.48338413e+00	3.70731097e-02
9.60000000e-02	3.70850473e+02	-5.40066407e+00	3.69361484e-02
9.70000000e-02	3.70845113e+02	-5.31966997e+00	3.68020338e-02
9.80000000e-02	3.70839833e+02	-5.24035412e+00	3.66706923e-02
9.90000000e-02	3.70834632e+02	-5.16267084e+00	3.65420524e-02
1.00000000e-01	3.70829507e+02	-5.08657629e+00	3.64160443e-02
1.01000000e-01	3.70824458e+02	-5.01202836e+00	3.62926002e-02
1.02000000e-01	3.70819482e+02	-4.93898654e+00	3.61716539e-02
1.03000000e-01	3.70814579e+02	-4.86741183e+00	3.60531409e-02
1.04000000e-01	3.70809747e+02	-4.79726666e+00	3.59369987e-02
1.05000000e-01	3.70804984e+02	-4.72851478e+00	3.58231663e-02
1.06000000e-01	3.70800290e+02	-4.66112119e+00	3.57115844e-02
1.07000000e-01	3.70795662e+02	-4.59505207e+00	3.56021952e-02
1.08000000e-01	3.70791099e+02	-4.53027474e+00	3.54949428e-02
1.09000000e-01	3.70786601e+02	-4.46675755e+00	3.53897726e-02
1.10000000e-01	3.70782165e+02	-4.40446988e+00	3.52866316e-02
1.11000000e-01	3.70777791e+02	-4.34338206e+00	3.51854683e-02
1.12000000e-01	3.70773478e+02	-4.28346533e+00	3.50862326e-02
1.13000000e-01	3.70769224e+02	-4.22469181e+00	3.49888760e-02
1.14000000e-01	3.70765028e+02	-4.16703444e+00	3.48933512e-02
1.15000000e-01	3.70760890e+02	-4.11046696e+00	3.47996121e-02
1.16000000e-01	3.70756807e+02	-4.05496387e+00	3.47076143e-02
1.17000000e-01	3.70752779e+02	-4.00050041e+00	3.46173144e-02
1.18000000e-01	3.70748806e+02	-3.94705252e+00	3.45286702e-02
1.19000000e-01	3.70744885e+02	-3.89459680e+00	3.44416409e-02
1.20000000e-01	3.70741016e+02	-3.84311051e+00	3.43561866e-02
1.21000000e-01	3.70737198e+02	-3.79257154e+00	3.42722689e-02
1.22000000e-01	3.70733431e+02	-3.74295839e+00	3.41898502e-02
1.23000000e-01	3.70729712e+02	-3.69425011e+00	3.41088940e-02
1.24000000e-01	3.70726042e+02	-3.64642634e+00	3.40293649e-02
1.25000000e-01	3.70722419e+02	-3.59946726e+00	3.39512286e-02
1.26000000e-01	3.70718843e+02	-3.55335356e+00	3.38744517e-02
1.27000000e-01	3.70715312e+02	-3.50806645e+00	3.37990016e-02
1.28000000e-01	3.70711826e+02	-3.46358762e+00	3.37248469e-02
1.29000000e-01	3.70708385e+02	-3.41989924e+00	3.36519568e-02
1.30000000e-01	3.70704986e+02	-3.37698395e+00	3.35803016e-02
1.31000000e-01	3.70701630e+02	-3.33482482e+00	3.35098524e-02
1.32000000e-01	3.70698316e+02	-3.29340536e+00	3.34405809e-02
1.33000000e-01	3.70695043e+02	-3.25270949e+00	3.33724600e-02
1.34000000e-01	3.70691811e+02	-3.21272156e+00	3.33054629e-02
1.35000000e-01	3.70688618e+02	-3.17342629e+00	3.32395638e-02
1.36000000e-01	3.70685464e+02	-3.13480880e+00	3.31747377e-02
1.37000000e-01	3.70682348e+02	-3.09685456e+00	3.31109600e-02
1.38000000e-01	3.70679270e+02	-3.05954943e+00	3.30482072e-02
1.39000000e-01	3.70676229e+02	-3.02287960e+00	3.29864560e-02
1.40000000e-01	3.70673224e+02	-2.98683161e+00	3.29256840e-02
1.41000000e-01	3.70670255e+02	-2.95139233e+00	3.28658694e-02
1.42000000e-01	3.70667321e+02	-2.91654894e+00	3.28069910e-02
1.43000000e-01	3.70664421e+02	-2.88228896e+00	3.27490280e-02
1.44000000e-01	3.70661556e+02	-2.84860018e+00	3.26919605e-02
1.45000000e-01	3.70658724e+02	-2.81547073e+00	3.26357687e-02
1.46000000e-01	3.70655925e+02	-2.78288898e+00	3.25804338e-02
1.47000000e-01	3.70653158e+02	-2.75084361e+00	3.25259371e-02
1.48000000e-01	3.70650423e+02	-2.71932358e+00	3.24722607e-02
1.49000000e-01	3.70647719e+02	-2.68831808e+00	3.24193871e-02
1.50000000e-01	3.70645046e+02	-2.65781659e+00	3.23672991e-02
1.51000000e-01	3.70642403e+02	-2.62780882e+00	3.23159801e-02
1.52000000e-01	3.70639790e+02	-2.59828475e+00	3.22654140e-02
1.53000000e-01	3.70637207e+02	-2.56923457e+00	3.22155849e-02
1.54000000e-01	3.70634652e+02	-2.54064872e+00	3.21664777e-02
1.55000000e-01	3.70632125e+02	-2.51251786e+00	3.21180772e-02
1.56000000e-01	3.70629627e+02	-2.48483286e+00	3.20703689e-02
1.57000000e-01	3.70627155e+02	-2.45758483e+00	3.20233387e-02
1.58000000e-01	3.70624711e+02	-2.43076506e+00	3.19769728e-02
1.59000000e-01	3.70622294e+02	-2.40436505e+00	3.19312577e-02
1.60000000e-01	3.70619902e+02	-2.37837651e+00	3.18861802e-02
1.61000000e-01	3.70617537e+02	-2.35279133e+00	3.18417276e-02
1.62000000e-01	3.70615197e+02	-2.32760159e+00	3.17978874e-02
1.63000000e-01	3.70612882e+02	-2.30279956e+00	3.17546475e-02
1.64000000e-01	3.70610591e+02	-2.27837768e+00	3.17119960e-02
1.65000000e-01	3.70608325e+02	-2.25432856e+00	3.16699214e-02
1.66000000e-01	3.70606082e+02	-2.23064499e+00	3.16284124e-02
1.67000000e-01	3.70603863e+02	-2.20731991e+00	3.15874581e-02
1.68000000e-01	3.70601668e+02	-2.18434644e+00	3.15470477e-02
1.69000000e-01	3.70599495e+02	-2.16171783e+00	3.15071707e-02
1.70000000e-01	3.70597344e+02	-2.13942752e+00	3.14678171e-02
1.71000000e-01	3.70595216e+02	-2.11746905e+00	3.14289769e-02
1.72000000e-01	3.70593109e+02	-2.09583614e+00	3.13906403e-02
1.73000000e-01	3.70591024e+02	-2.07452265e+00	3.13527978e-02
1.74000000e-01	3.70588960e+02	-2.05352256e+00	3.13154404e-02
1.75000000e-01	3.70586917e+02	-2.03282999e+00	3.12785588e-02
1.76000000e-01	3.70584894e+02	-2.01243919e+00	3.12421443e-02
1.77000000e-01	3.70582892e+02	-1.99234455e+00	3.12061884e-02
1.78000000e-01	3.70580909e+02	-1.97254058e+00	3.11706826e-02
1.79000000e-01	3.70578946e+02	-1.95302189e+00	3.11356187e-02
1.80000000e-01	3.70577003e+02	-1.93378323e+00	3.11009888e-02
1.81000000e-01	3.70575079e+02	-1.91481946e+00	3.10667849e-02
1.82000000e-01	3.70573173e+02	-1.89612555e+00	3.10329995e-02
1.83000000e-01	3.70571287e+02	-1.87769658e+00	3.09996252e-02
1.84000000e-01	3.70569418e+02	-1.85952774e+00	3.09666545e-02
1.85000000e-01	3.70567567e+02	-1.84161432e+00	3.09340804e-02
1.86000000e-01	3.70565735e+02	-1.82395172e+00	3.09018959e-02
1.87000000e-01	3.70563919e+02	-1.80653541e+00	3.08700943e-02
1.88000000e-01	3.70562121e+02	-1.78936101e+00	3.08386688e-02
1.89000000e-01	3.70560341e+02	-1.77242418e+00	3.08076130e-02
1.90000000e-01	3.70558577e+02	-1.75572070e+00	3.07769205e-02
1.91000000e-01	3.70556829e+02	-1.73924644e+00	3.07465850e-02
1.92000000e-01	3.70555098e+02	-1.72299735e+00	3.07166006e-02
1.93000000e-01	3.70553383e+02	-1.70696948e+00	3.06869613e-02
1.94000000e-01	3.70551684e+02	-1.69115893e+00	3.06576612e-02
1.95000000e-01	3.70550001e+02	-1.67556192e+00	3.06286946e-02
1.96000000e-01	3.70548333e+02	-1.66017473e+00	3.06000561e-02
1.97000000e-01	3.70546680e+02	-1.64499372e+00	3.05717401e-02
1.98000000e-01	3.70545043e+02	-1.63001532e+00	3.05437414e-02
1.99000000e-01	3.70543420e+02	-1.61523605e+00	3.05160546e-02
2.00000000e-01	3.70541812e+02	-1.60065249e+00	3.04886748e-02
2.01000000e-01	3.70540219e+02	-1.58626129e+00	3.04615969e-02
2.02000000e-01	3.70538640e+02	-1.57205917e+00	3.04348160e-02
2.03000000e-01	3.70537075e+02	-1.55804292e+00	3.04083274e-02
2.04000000e-01	3.70535523e+02	-1.54420941e+00	3.03821264e-02
2.05000000e-01	3.70533986e+02	-1.53055554e+00	3.03562083e-02
2.06000000e-01	3.70532462e+02	-1.51707829e+00	3.03305687e-02
2.07000000e-01	3.70530952e+02	-1.50377472e+00	3.03052031e-02
2.08000000e-01	3.70529455e+02	-1.49064192e+00	3.02801074e-02
2.09000000e-01	3.70527971e+02	-1.47767706e+00	3.02552772e-02
2.10000000e-01	3.70526499e+02	-1.46487735e+00	3.02307084e-02
2.11000000e-01	3.70525041e+02	-1.45224006e+00	3.02063970e-02
2.12000000e-01	3.70523595e+02	-1.43976252e+00	3.01823390e-02
2.13000000e-01	3.70522161e+02	-1.42744212e+00	3.01585305e-02
2.14000000e-01	3.70520740e+02	-1.41527629e+00	3.01349677e-02
2.15000000e-01	3.70519331e+02	-1.40326250e+00	3.01116469e-02
2.16000000e-01	3.70517933e+02	-1.39139830e+00	3.00885644e-02
2.17000000e-01	3.70516548e+02	-1.37968126e+00	3.00657166e-02
2.18000000e-01	3.70515174e+02	-1.36810902e+00	3.00431000e-02
2.19000000e-01	3.70513811e+02	-1.35667924e+00	3.00207111e-02
2.20000000e-01	3.70512460e+02	-1.34538966e+00	2.99985466e-02
2.21000000e-01	3.70511121e+02	-1.33423803e+00	2.99766032e-02
2.22000000e-01	3.70509792e+02	-1.32322216e+00	2.99548775e-02
2.23000000e-01	3.70508474e+02	-1.31233990e+00	2.99333665e-02
2.24000000e-01	3.70507167e+02	-1.30158915e+00	2.99120669e-02
2.25000000e-01	3.70505871e+02	-1.29096783e+00	2.98909757e-02
2.26000000e-01	3.70504585e+02	-1.28047392e+00	2.98700900e-02
2.27000000e-01	3.70503310e+02	-1.27010543e+00	2.98494067e-02
2.28000000e-01	3.70502045e+02	-1.25986040e+00	2.98289229e-02
2.29000000e-01	3.70500790e+02	-1.24973692e+00	2.98086358e-02
2.30000000e-01	3.70499545e+02	-1.23973311e+00	2.97885427e-02
2.31000000e-01	3.70498311e+02	-1.22984713e+00	2.97686407e-02
2.32000000e-01	3.70497086e+02	-1.22007717e+00	2.97489272e-02
2.33000000e-01	3.70495870e+02	-1.21042145e+00	2.97293996e-02
2.34000000e-01	3.70494665e+02	-1.20087822e+00	2.97100552e-02
2.35000000e-01	3.70493469e+02	-1.19144579e+00	2.96908915e-02
2.36000000e-01	3.70492282e+02	-1.18212247e+00	2.96719061e-02
2.37000000e-01	3.70491104e+02	-1.17290661e+00	2.96530964e-02
2.38000000e-01	3.70489936e+02	-1.16379660e+00	2.96344601e-02
2.39000000e-01	3.70488777e+02	-1.15479085e+00	2.96159947e-02
2.40000000e-01	3.70487626e+02	-1.14588780e+00	2.95976981e-02
2.41000000e-01	3.70486485e+02	-1.13708592e+00	2.95795678e-02
2.42000000e-01	3.70485352e+02	-1.12838371e+00	2.95616017e-02
2.43000000e-01	3.70484228e+02	-1.11977970e+00	2.95437976e-02
2.44000000e-01	3.70483113e+02	-1.11127243e+00	2.95261532e-02
2.45000000e-01	3.70482006e+02	-1.10286049e+00	2.95086665e-02
2.46000000e-01	3.70480907e+02	-1.09454247e+00	2.94913354e-02
2.47000000e-01	3.70479817e+02	-1.08631701e+00	2.94741579e-02
2.48000000e-01	3.70478734e+02	-1.07818276e+00	2.94571318e-02
2.49000000e-01	3.70477660e+02	-1.07013839e+00	2.94402553e-02
2.50000000e-01	3.70476594e+02	-1.06218261e+00	2.94235264e-02
2.51000000e-01	3.70475536e+02	-1.05431414e+00	2.94069432e-02
2.52000000e-01	3.70474485e+02	-1.04653173e+00	2.93905037e-02
2.53000000e-01	3.70473443e+02	-1.03883413e+00	2.93742063e-02
2.54000000e-01	3.70472408e+02	-1.03122015e+00	2.93580489e-02
2.55000000e-01	3.70471380e+02	-1.02368859e+00	2.93420299e-02
2.56000000e-01	3.70470360e+02	-1.01623829e+00	2.93261475e-02
2.57000000e-01	3.70469348e+02	-1.00886809e+00	2.93104000e-02
2.58000000e-01	3.70468342e+02	-1.00157687e+00	2.92947857e-02
2.59000000e-01	3.70467345e+02	-9.94363513e-01	2.92793028e-02
2.60000000e-01	3.70466354e+02	-9.87226937e-01	2.92639498e-02
2.61000000e-01	3.70465370e+02	-9.80166068e-01	2.92487251e-02
2.62000000e-01	3.70464393e+02	-9.73179852e-01	2.92336269e-02
2.63000000e-01	3.70463424e+02	-9.66267256e-01	2.92186539e-02
2.64000000e-01	3.70462461e+02	-9.59427260e-01	2.92038045e-02
2.65000000e-01	3.70461505e+02	-9.52658866e-01	2.91890771e-02
2.66000000e-01	3.70460555e+02	-9.45961089e-01	2.91744702e-02
2.67000000e-01	3.70459613e+02	-9.39332964e-01	2.91599824e-02
2.68000000e-01	3.70458677e+02	-9.32773539e-01	2.91456123e-02
2.69000000e-01	3.70457747e+02	-9.26281881e-01	2.91313584e-02
2.70000000e-01	3.70456824e+02	-9.19857069e-01	2.91172193e-02
2.71000000e-01	3.70455908e+02	-9.13498201e-01	2.91031937e-02
2.72000000e-01	3.70454997e+02	-9.07204388e-01	2.90892802e-02
2.73000000e-01	3.70454093e+02	-9.00974755e-01	2.90754775e-02
2.74000000e-01	3.70453195e+02	-8.94808444e-01	2.90617842e-02
2.75000000e-01	3.70452303e+02	-8.88704609e-01	2.90481991e-02
2.76000000e-01	3.70451418e+02	-8.82662419e-01	2.90347210e-02
2.77000000e-01	3.70450538e+02	-8.76681055e-01	2.90213484e-02
2.78000000e-01	3.70449664e+02	-8.70759713e-01	2.90080804e-02
2.79000000e-01	3.70448797e+02	-8.64897601e-01	2.89949155e-02
2.80000000e-01	3.70447935e+02	-8.59093941e-01	2.89818527e-02
2.81000000e-01	3.70447078e+02	-8.53347967e-01	2.89688907e-02
2.82000000e-01	3.70446228e+02	-8.47658925e-01	2.89560284e-02
2.83000000e-01	3.70445383e+02	-8.42026073e-01	2.89432647e-02
2.84000000e-01	3.70444544e+02	-8.36448682e-01	2.89305984e-02
2.85000000e-01	3.70443710e+02	-8.30926034e-01	2.89180284e-02
2.86000000e-01	3.70442882e+02	-8.25457421e-01	2.89055536e-02
2.87000000e-01	3.70442059e+02	-8.20042149e-01	2.88931731e-02
2.88000000e-01	3.70441242e+02	-8.14679533e-01	2.88808856e-02
2.89000000e-01	3.70440430e+02	-8.09368899e-01	2.88686902e-02
2.90000000e-01	3.70439623e+02	-8.04109585e-01	2.88565859e-02
2.91000000e-01	3.70438822e+02	-7.98900938e-01	2.88445716e-02
2.92000000e-01	3.70438025e+02	-7.93742316e-01	2.88326463e-02
2.93000000e-01	3.70437234e+02	-7.88633086e-01	2.88208091e-02
2.94000000e-01	3.70436448e+02	-7.83572626e-01	2.88090589e-02
2.95000000e-01	3.70435667e+02	-7.78560322e-01	2.87973949e-02
2.96000000e-01	3.70434891e+02	-7.73595573e-01	2.87858161e-02
2.97000000e-01	3.70434120e+02	-7.68677782e-01	2.87743216e-02
2.98000000e-01	3.70433354e+02	-7.63806367e-01	2.87629105e-02
2.99000000e-01	3.70432592e+02	-7.58980751e-01	2.87515818e-02
3.00000000e-01	3.70431836e+02	-7.54200367e-01	2.87403346e-02
3.01000000e-01	3.70431084e+02	-7.49464657e-01	2.87291682e-02
3.02000000e-01	3.70430337e+02	-7.44773069e-01	2.87180816e-02
3.03000000e-01	3.70429594e+02	-7.40125064e-01	2.87070740e-02
3.04000000e-01	3.70428856e+02	-7.35520107e-01	2.86961446e-02
3.05000000e-01	3.70428123e+02	-7.30957674e-01	2.86852925e-02
3.06000000e-01	3.70427394e+02	-7.26437246e-01	2.86745169e-02
3.07000000e-01	3.70426670e+02	-7.21958315e-01	2.86638170e-02
3.08000000e-01	3.70425950e+02	-7.17520378e-01	2.86531920e-02
3.09000000e-01	3.70425235e+02	-7.13122940e-01	2.86426412e-02
3.10000000e-01	3.70424524e+02	-7.08765515e-01	2.86321637e-02
3.11000000e-01	3.70423818e+02	-7.04447622e-01	2.86217588e-02
3.12000000e-01	3.70423115e+02	-7.00168789e-01	2.86114258e-02
3.13000000e-01	3.70422417e+02	-6.95928550e-01	2.86011640e-02
3.14000000e-01	3.70421723e+02	-6.91726446e-01	2.85909725e-02
3.15000000e-01	3.70421034e+02	-6.87562025e-01	2.85808507e-02
3.16000000e-01	3.70420348e+02	-6.83434840e-01	2.85707978e-02
3.17000000e-01	3.70419667e+02	-6.79344453e-01	2.85608133e-02
3.18000000e-01	3.70418990e+02	-6.75290431e-01	2.85508963e-02
3.19000000e-01	3.70418316e+02	-6.71272348e-01	2.85410462e-02
3.20000000e-01	3.70417647e+02	-6.67289784e-01	2.85312623e-02
3.21000000e-01	3.70416982e+02	-6.63342323e-01	2.85215440e-02
3.22000000e-01	3.70416320e+02	-6.59429559e-01	2.85118906e-02
3.23000000e-01	3.70415663e+02	-6.55551088e-01	2.85023014e-02
3.24000000e-01	3.70415009e+02	-6.51706514e-01	2.84927759e-02
3.25000000e-01	3.70414359e+02	-6.47895446e-01	2.84833133e-02
3.26000000e-01	3.70413713e+02	-6.44117499e-01	2.84739132e-02
3.27000000e-01	3.70413071e+02	-6.40372292e-01	2.84645748e-02
3.28000000e-01	3.70412433e+02	-6.36659452e-01	2.84552975e-02
3.29000000e-01	3.70411798e+02	-6.32978609e-01	2.84460809e-02
3.30000000e-01	3.70411167e+02	-6.29329399e-01	2.84369241e-02
3.31000000e-01	3.70410539e+02	-6.25711464e-01	2.84278268e-02
3.32000000e-01	3.70409915e+02	-6.22124448e-01	2.84187883e-02
3.33000000e-01	3.70409295e+02	-6.18568005e-01	2.84098081e-02
3.34000000e-01	3.70408678e+02	-6.15041788e-01	2.84008855e-02
3.35000000e-01	3.70408065e+02	-6.11545460e-01	2.83920201e-02
3.36000000e-01	3.70407455e+02	-6.08078685e-01	2.83832113e-02
3.37000000e-01	3.70406849e+02	-6.04641134e-01	2.83744585e-02
3.38000000e-01	3.70406246e+02	-6.01232482e-01	2.83657613e-02
3.39000000e-01	3.70405646e+02	-5.97852407e-01	2.83571190e-02
3.40000000e-01	3.70405050e+02	-5.94500593e-01	2.83485313e-02
3.41000000e-01	3.70404457e+02	-5.91176728e-01	2.83399975e-02
3.42000000e-01	3.70403868e+02	-5.87880504e-01	2.83315171e-02
3.43000000e-01	3.70403281e+02	-5.84611618e-01	2.83230898e-02
3.44000000e-01	3.70402699e+02	-5.81369769e-01	2.83147149e-02
3.45000000e-01	3.70402119e+02	-5.78154663e-01	2.83063920e-02
3.46000000e-01	3.70401542e+02	-5.74966008e-01	2.82981206e-02
3.47000000e-01	3.70400969e+02	-5.71803516e-01	2.82899002e-02
3.48000000e-01	3.70400399e+02	-5.68666904e-01	2.82817304e-02
3.49000000e-01	3.70399831e+02	-5.65555892e-01	2.82736106e-02
3.50000000e-01	3.70399267e+02	-5.62470203e-01	2.82655406e-02
3.51000000e-01	3.70398707e+02	-5.59409566e-01	2.82575197e-02
3.52000000e-01	3.70398149e+02	-5.56373711e-01	2.82495475e-02
3.53000000e-01	3.70397594e+02	-5.53362373e-01	2.82416237e-02
3.54000000e-01	3.70397042e+02	-5.50375291e-01	2.82337477e-02
3.55000000e-01	3.70396493e+02	-5.47412206e-01	2.82259191e-02
3.56000000e-01	3.70395947e+02	-5.44472863e-01	2.82181375e-02
3.57000000e-01	3.70395404e+02	-5.41557011e-01	2.82104026e-02
3.58000000e-01	3.70394864e+02	-5.38664402e-01	2.82027137e-02
3.59000000e-01	3.70394327e+02	-5.35794791e-01	2.81950707e-02
3.60000000e-01	3.70393792e+02	-5.32947935e-01	2.81874730e-02
3.61000000e-01	3.70393261e+02	-5.30123597e-01	2.81799202e-02
3.62000000e-01	3.70392732e+02	-5.27321540e-01	2.81724120e-02
3.63000000e-01	3.70392206e+02	-5.24541533e-01	2.81649480e-02
3.64000000e-01	3.70391683e+02	-5.21783346e-01	2.81575277e-02
3.65000000e-01	3.70391163e+02	-5.19046752e-01	2.81501509e-02
3.66000000e-01	3.70390645e+02	-5.16331527e-01	2.81428170e-02
3.67000000e-01	3.70390130e+02	-5.13637452e-01	2.81355258e-02
3.68000000e-01	3.70389618e+02	-5.10964308e-01	2.81282769e-02
3.69000000e-01	3.70389108e+02	-5.08311880e-01	2.81210698e-02
3.70000000e-01	3.70388601e+02	-5.05679956e-01	2.81139043e-02
3.71000000e-01	3.70388097e+02	-5.03068325e-01	2.81067800e-02
3.72000000e-01	3.70387595e+02	-5.00476782e-01	2.80996965e-02
3.73000000e-01	3.70387096e+02	-4.97905121e-01	2.80926535e-02
3.74000000e-01	3.70386599e+02	-4.95353141e-01	2.80856506e-02
3.75000000e-01	3.70386105e+02	-4.92820643e-01	2.80786876e-02
3.76000000e-01	3.70385613e+02	-4.90307429e-01	2.80717640e-02
3.77000000e-01	3.70385124e+02	-4.87813306e-01	2.80648795e-02
3.78000000e-01	3.70384638e+02	-4.85338081e-01	2.80580338e-02
3.79000000e-01	3.70384154e+02	-4.82881565e-01	2.80512266e-02
3.80000000e-01	3.70383672e+02	-4.80443570e-01	2.80444575e-02
3.81000000e-01	3.70383193e+02	-4.78023913e-01	2.80377263e-02
3.82000000e-01	3.70382716e+02	-4.75622411e-01	2.80310325e-02
3.83000000e-01	3.70382242e+02	-4.73238882e-01	2.80243760e-02
3.84000000e-01	3.70381770e+02	-4.70873150e-01	2.80177564e-02
3.85000000e-01	3.70381300e+02	-4.68525038e-01	2.80111733e-02
3.86000000e-01	3.70380832e+02	-4.66194372e-01	2.80046266e-02
3.87000000e-01	3.70380367e+02	-4.63880982e-01	2.79981158e-02
3.88000000e-01	3.70379905e+02	-4.61584697e-01	2.79916407e-02
3.89000000e-01	3.70379444e+02	-4.59305349e-01	2.79852011e-02
3.90000000e-01	3.70378986e+02	-4.57042775e-01	2.79787965e-02
3.91000000e-01	3.70378530e+02	-4.54796810e-01	2.79724267e-02
3.92000000e-01	3.70378076e+02	-4.52567292e-01	2.79660915e-02
3.93000000e-01	3.70377625e+02	-4.50354063e-01	2.79597906e-02
3.94000000e-01	3.70377176e+02	-4.48156965e-01	2.79535237e-02
3.95000000e-01	3.70376729e+02	-4.45975841e-01	2.79472904e-02
3.96000000e-01	3.70376284e+02	-4.43810539e-01	2.79410906e-02
3.97000000e-01	3.70375841e+02	-4.41660906e-01	2.79349240e-02
3.98000000e-01	3.70375401e+02	-4.39526792e-01	2.79287903e-02
3.99000000e-01	3.70374962e+02	-4.37408049e-01	2.79226893e-02
4.00000000e-01	3.70374526e+02	-4.35304531e-01	2.79166206e-02
4.01000000e-01	3.70374091e+02	-4.33216091e-01	2.79105841e-02
4.02000000e-01	3.70373659e+02	-4.31142587e-01	2.79045794e-02
4.03000000e-01	3.70373229e+02	-4.29083879e-01	2.78986064e-02
4.04000000e-01	3.70372801e+02	-4.27039824e-01	2.78926647e-02
4.05000000e-01	3.70372375e+02	-4.25010287e-01	2.78867542e-02
4.06000000e-01	3.70371951e+02	-4.22995130e-01	2.78808746e-02
4.07000000e-01	3.70371529e+02	-4.20994217e-01	2.78750256e-02
4.08000000e-01	3.70371109e+02	-4.19007417e-01	2.78692070e-02
4.09000000e-01	3.70370691e+02	-4.17034596e-01	2.78634186e-02
4.10000000e-01	3.70370275e+02	-4.15075625e-01	2.78576601e-02
4.11000000e-01	3.70369861e+02	-4.13130374e-01	2.78519314e-02
4.12000000e-01	3.70369449e+02	-4.11198717e-01	2.78462321e-02
4.13000000e-01	3.70369039e+02	-4.09280528e-01	2.78405621e-02
4.14000000e-01	3.70368630e+02	-4.07375681e-01	2.78349211e-02
4.15000000e-01	3.70368224e+02	-4.05484055e-01	2.78293089e-02
4.16000000e-01	3.70367819e+02	-4.03605527e-01	2.78237253e-02
4.17000000e-01	3.70367417e+02	-4.01739978e-01	2.78181701e-02
4.18000000e-01	3.70367016e+02	-3.99887289e-01	2.78126430e-02
4.19000000e-01	3.70366617e+02	-3.98047341e-01	2.78071439e-02
4.20000000e-01	3.70366220e+02	-3.96220020e-01	2.78016725e-02
4.21000000e-01	3.70365824e+02	-3.94405210e-01	2.77962286e-02
4.22000000e-01	3.70365431e+02	-3.92602798e-01	2.77908120e-02
4.23000000e-01	3.70365039e+02	-3.90812671e-01	2.77854226e-02
4.24000000e-01	3.70364649e+02	-3.89034718e-01	2.77800600e-02
4.25000000e-01	3.70364261e+02	-3.87268830e-01	2.77747242e-02
4.26000000e-01	3.70363875e+02	-3.85514899e-01	2.77694149e-02
4.27000000e-01	3.70363490e+02	-3.83772816e-01	2.77641319e-02
4.28000000e-01	3.70363107e+02	-3.82042476e-01	2.77588750e-02
4.29000000e-01	3.70362726e+02	-3.80323774e-01	2.77536440e-02
4.30000000e-01	3.70362346e+02	-3.78616606e-01	2.77484387e-02
4.31000000e-01	3.70361969e+02	-3.76920870e-01	2.77432590e-02
4.32000000e-01	3.70361593e+02	-3.75236464e-01	2.77381047e-02
4.33000000e-01	3.70361218e+02	-3.73563288e-01	2.77329755e-02
4.34000000e-01	3.70360845e+02	-3.71901242e-01	2.77278714e-02
4.35000000e-01	3.70360474e+02	-3.70250228e-01	2.77227920e-02
4.36000000e-01	3.70360105e+02	-3.68610150e-01	2.77177372e-02
4.37000000e-01	3.70359737e+02	-3.66980911e-01	2.77127070e-02
4.38000000e-01	3.70359371e+02	-3.65362416e-01	2.77077009e-02
4.39000000e-01	3.70359006e+02	-3.63754571e-01	2.77027190e-02
4.40000000e-01	3.70358644e+02	-3.62157284e-01	2.76977610e-02
4.41000000e-01	3.70358282e+02	-3.60570463e-01	2.76928267e-02
4.42000000e-01	3.70357922e+02	-3.58994016e-01	2.76879161e-02
4.43000000e-01	3.70357564e+02	-3.57427853e-01	2.76830288e-02
4.44000000e-01	3.70357208e+02	-3.55871886e-01	2.76781648e-02
4.45000000e-01	3.70356852e+02	-3.54326027e-01	2.76733239e-02
4.46000000e-01	3.70356499e+02	-3.52790189e-01	2.76685059e-02
4.47000000e-01	3.70356147e+02	-3.51264285e-01	2.76637106e-02
4.48000000e-01	3.70355796e+02	-3.49748230e-01	2.76589380e-02
4.49000000e-01	3.70355447e+02	-3.48241940e-01	2.76541877e-02
4.50000000e-01	3.70355100e+02	-3.46745331e-01	2.76494598e-02
4.51000000e-01	3.70354754e+02	-3.45258322e-01	2.76447540e-02
4.52000000e-01	3.70354409e+02	-3.43780830e-01	2.76400701e-02
4.53000000e-01	3.70354066e+02	-3.42312774e-01	2.76354081e-02
4.54000000e-01	3.70353725e+02	-3.40854076e-01	2.76307677e-02
4.55000000e-01	3.70353385e+02	-3.39404654e-01	2.76261488e-02
4.56000000e-01	3.70353046e+02	-3.37964432e-01	2.76215513e-02
4.57000000e-01	3.70352709e+02	-3.36533332e-01	2.76169751e-02
4.58000000e-01	3.70352373e+02	-3.35111277e-01	2.76124198e-02
4.59000000e-01	3.70352038e+02	-3.33698191e-01	2.76078856e-02
4.60000000e-01	3.70351705e+02	-3.32294000e-01	2.76033720e-02
4.61000000e-01	3.70351374e+02	-3.30898629e-01	2.75988792e-02
4.62000000e-01	3.70351044e+02	-3.29512004e-01	2.75944068e-02
4.63000000e-01	3.70350715e+02	-3.28134053e-01	2.75899548e-02
4.64000000e-01	3.70350387e+02	-3.26764704e-01	2.75855230e-02
4.65000000e-01	3.70350061e+02	-3.25403886e-01	2.75811113e-02
4.66000000e-01	3.70349737e+02	-3.24051528e-01	2.75767195e-02
4.67000000e-01	3.70349413e+02	-3.22707560e-01	2.75723476e-02
4.68000000e-01	3.70349091e+02	-3.21371913e-01	2.75679953e-02
4.69000000e-01	3.70348770e+02	-3.20044520e-01	2.75636626e-02
4.70000000e-01	3.70348451e+02	-3.18725312e-01	2.75593493e-02
4.71000000e-01	3.70348133e+02	-3.17414222e-01	2.75550552e-02
4.72000000e-01	3.70347816e+02	-3.16111184e-01	2.75507804e-02
4.73000000e-01	3.70347501e+02	-3.14816133e-01	2.75465245e-02
4.74000000e-01	3.70347187e+02	-3.13529003e-01	2.75422876e-02
4.75000000e-01	3.70346874e+02	-3.12249730e-01	2.75380694e-02
4.76000000e-01	3.70346562e+02	-3.10978251e-01	2.75338699e-02
4.77000000e-01	3.70346252e+02	-3.09714502e-01	2.75296889e-02
4.78000000e-01	3.70345943e+02	-3.08458422e-01	2.75255263e-02
4.79000000e-01	3.70345635e+02	-3.07209948e-01	2.75213820e-02
4.80000000e-01	3.70345328e+02	-3.05969020e-01	2.75172559e-02
4.81000000e-01	3.70345023e+02	-3.04735576e-01	2.75131478e-02
4.82000000e-01	3.70344719e+02	-3.03509557e-01	2.75090577e-02
4.83000000e-01	3.70344416e+02	-3.02290904e-01	2.75049853e-02
4.84000000e-01	3.70344114e+02	-3.01079558e-01	2.75009307e-02
4.85000000e-01	3.70343814e+02	-2.99875460e-01	2.74968936e-02
4.86000000e-01	3.70343514e+02	-2.98678554e-01	2.74928740e-02
4.87000000e-01	3.70343216e+02	-2.97488781e-01	2.74888718e-02
4.88000000e-01	3.70342920e+02	-2.96306087e-01	2.74848868e-02
4.89000000e-01	3.70342624e+02	-2.95130414e-01	2.74809189e-02
4.90000000e-01	3.70342329e+02	-2.93961708e-01	2.74769681e-02
4.91000000e-01	3.70342036e+02	-2.92799914e-01	2.74730341e-02
4.92000000e-01	3.70341744e+02	-2.91644977e-01	2.74691170e-02
4.93000000e-01	3.70341453e+02	-2.90496844e-01	2.74652165e-02
4.94000000e-01	3.70341163e+02	-2.89355462e-01	2.74613327e-02
4.95000000e-01	3.70340874e+02	-2.88220777e-01	2.74574653e-02
4.96000000e-01	3.70340586e+02	-2.87092738e-01	2.74536143e-02
4.97000000e-01	3.70340300e+02	-2.85971294e-01	2.74497796e-02
4.98000000e-01	3.70340014e+02	-2.84856392e-01	2.74459611e-02
4.99000000e-01	3.70339730e+02	-2.83747982e-01	2.74421586e-02
5.00000000e-01	3.70339447e+02	-2.82646014e-01	2.74383721e-02
5.01000000e-01	3.70339165e+02	-2.81550439e-01	2.74346015e-02
5.02000000e-01	3.70338884e+02	-2.80461207e-01	2.74308466e-02
5.03000000e-01	3.70338604e+02	-2.79378269e-01	2.74271074e-02
5.04000000e-01	3.70338325e+02	-2.78301578e-01	2.74233838e-02
5.05000000e-01	3.70338047e+02	-2.77231084e-01	2.74196757e-02
5.06000000e-01	3.70337770e+02	-2.76166742e-01	2.74159829e-02
5.07000000e-01	3.70337495e+02	-2.75108503e-01	2.74123055e-02
5.08000000e-01	3.70337220e+02	-2.74056322e-01	2.74086432e-02
5.09000000e-01	3.70336947e+02	-2.73010153e-01	2.74049960e-02
5.10000000e-01	3.70336674e+02	-2.71969949e-01	2.74013638e-02
5.11000000e-01	3.70336403e+02	-2.70935666e-01	2.73977466e-02
5.12000000e-01	3.70336132e+02	-2.69907259e-01	2.73941441e-02
5.13000000e-01	3.70335863e+02	-2.68884684e-01	2.73905564e-02
5.14000000e-01	3.70335595e+02	-2.67867896e-01	2.73869834e-02
5.15000000e-01	3.70335327e+02	-2.66856853e-01	2.73834248e-02
5.16000000e-01	3.70335061e+02	-2.65851511e-01	2.73798808e-02
5.17000000e-01	3.70334796e+02	-2.64851827e-01	2.73763511e-02
5.18000000e-01	3.70334531e+02	-2.63857759e-01	2.73728357e-02
5.19000000e-01	3.70334268e+02	-2.62869266e-01	2.73693345e-02
5.20000000e-01	3.70334005e+02	-2.61886306e-01	2.73658474e-02
5.21000000e-01	3.70333744e+02	-2.60908837e-01	2.73623743e-02
5.22000000e-01	3.70333484e+02	-2.59936819e-01	2.73589152e-02
5.23000000e-01	3.70333224e+02	-2.58970212e-01	2.73554700e-02
5.24000000e-01	3.70332966e+02	-2.58008975e-01	2.73520385e-02
5.25000000e-01	3.70332708e+02	-2.57053070e-01	2.73486207e-02
5.26000000e-01	3.70332452e+02	-2.56102456e-01	2.73452165e-02
5.27000000e-01	3.70332196e+02	-2.55157094e-01	2.73418259e-02
5.28000000e-01	3.70331941e+02	-2.54216947e-01	2.73384487e-02
5.29000000e-01	3.70331688e+02	-2.53281976e-01	2.73350849e-02
5.30000000e-01	3.70331435e+02	-2.52352144e-01	2.73317344e-02
5.31000000e-01	3.70331183e+02	-2.51427412e-01	2.73283971e-02
5.32000000e-01	3.70330932e+02	-2.50507743e-01	2.73250729e-02
5.33000000e-01	3.70330682e+02	-2.49593102e-01	2.73217618e-02
5.34000000e-01	3.70330433e+02	-2.48683450e-01	2.73184637e-02
5.35000000e-01	3.70330184e+02	-2.47778753e-01	2.73151785e-02
5.36000000e-01	3.70329937e+02	-2.46878974e-01	2.73119061e-02
5.37000000e-01	3.70329691e+02	-2.45984077e-01	2.73086465e-02
5.38000000e-01	3.70329445e+02	-2.45094029e-01	2.73053996e-02
5.39000000e-01	3.70329201e+02	-2.44208793e-01	2.73021652e-02
5.40000000e-01	3.70328957e+02	-2.43328335e-01	2.72989434e-02
5.41000000e-01	3.70328714e+02	-2.42452621e-01	2.72957341e-02
5.42000000e-01	3.70328472e+02	-2.41581616e-01	2.72925372e-02
5.43000000e-01	3.70328231e+02	-2.40715289e-01	2.72893525e-02
5.44000000e-01	3.70327990e+02	-2.39853604e-01	2.72861801e-02
5.45000000e-01	3.70327751e+02	-2.38996528e-01	2.72830199e-02
5.46000000e-01	3.70327512e+02	-2.38144031e-01	2.72798719e-02
5.47000000e-01	3.70327275e+02	-2.37296077e-01	2.72767358e-02
5.48000000e-01	3.70327038e+02	-2.36452636e-01	2.72736117e-02
5.49000000e-01	3.70326802e+02	-2.35613676e-01	2.72704995e-02
5.50000000e-01	3.70326567e+02	-2.34779165e-01	2.72673992e-02
5.51000000e-01	3.70326332e+02	-2.33949071e-01	2.72643106e-02
5.52000000e-01	3.70326099e+02	-2.33123364e-01	2.72612337e-02
5.53000000e-01	3.70325866e+02	-2.32302013e-01	2.72581684e-02
5.54000000e-01	3.70325634e+02	-2.31484987e-01	2.72551147e-02
5.55000000e-01	3.70325403e+02	-2.30672255e-01	2.72520726e-02
5.56000000e-01	3.70325173e+02	-2.29863789e-01	2.72490418e-02
5.57000000e-01	3.70324943e+02	-2.29059558e-01	2.72460224e-02
5.58000000e-01	3.70324715e+02	-2.28259533e-01	2.72430144e-02
5.59000000e-01	3.70324487e+02	-2.27463685e-01	2.72400175e-02
5.60000000e-01	3.70324260e+02	-2.26671984e-01	2.72370319e-02
5.61000000e-01	3.70324033e+02	-2.25884402e-01	2.72340574e-02
5.62000000e-01	3.70323808e+02	-2.25100910e-01	2.72310939e-02
5.63000000e-01	3.70323583e+02	-2.24321481e-01	2.72281415e-02
5.64000000e-01	3.70323359e+02	-2.23546086e-01	2.72251999e-02
5.65000000e-01	3.70323136e+02	-2.22774697e-01	2.72222693e-02
5.66000000e-01	3.70322914e+02	-2.22007288e-01	2.72193494e-02
5.67000000e-01	3.70322692e+02	-2.21243830e-01	2.72164403e-02
5.68000000e-01	3.70322471e+02	-2.20484296e-01	2.72135420e-02
5.69000000e-01	3.70322251e+02	-2.19728661e-01	2.72106542e-02
5.70000000e-01	3.70322032e+02	-2.18976897e-01	2.72077770e-02
5.71000000e-01	3.70321813e+02	-2.18228977e-01	2.72049104e-02
5.72000000e-01	3.70321595e+02	-2.17484877e-01	2.72020542e-02
5.73000000e-01	3.70321378e+02	-2.16744569e-01	2.71992084e-02
5.74000000e-01	3.70321162e+02	-2.16008029e-01	2.71963730e-02
5.75000000e-01	3.70320946e+02	-2.15275231e-01	2.71935478e-02
5.76000000e-01	3.70320731e+02	-2.14546149e-01	2.71907329e-02
5.77000000e-01	3.70320517e+02	-2.13820758e-01	2.71879282e-02
5.78000000e-01	3.70320304e+02	-2.13099034e-01	2.71851336e-02
5.79000000e-01	3.70320091e+02	-2.12380952e-01	2.71823491e-02
5.80000000e-01	3.70319879e+02	-2.11666488e-01	2.71795746e-02
5.81000000e-01	3.70319668e+02	-2.10955617e-01	2.71768101e-02
5.82000000e-01	3.70319457e+02	-2.10248315e-01	2.71740554e-02
5.83000000e-01	3.70319247e+02	-2.09544559e-01	2.71713107e-02
5.84000000e-01	3.70319038e+02	-2.08844324e-01	2.71685757e-02
5.85000000e-01	3.70318829e+02	-2.08147588e-01	2.71658505e-02
5.86000000e-01	3.70318622e+02	-2.07454328e-01	2.71631350e-02
5.87000000e-01	3.70318415e+02	-2.06764520e-01	2.71604291e-02
5.88000000e-01	3.70318208e+02	-2.06078141e-01	2.71577328e-02
5.89000000e-01	3.70318002e+02	-2.05395168e-01	2.71550461e-02
5.90000000e-01	3.70317797e+02	-2.04715580e-01	2.71523689e-02
5.91000000e-01	3.70317593e+02	-2.04039354e-01	2.71497011e-02
5.92000000e-01	3.70317389e+02	-2.03366468e-01	2.71470427e-02
5.93000000e-01	3.70317186e+02	-2.02696900e-01	2.71443937e-02
5.94000000e-01	3.70316984e+02	-2.02030628e-01	2.71417539e-02
5.95000000e-01	3.70316782e+02	-2.01367631e-01	2.71391234e-02
5.96000000e-01	3.70316581e+02	-2.00707887e-01	2.71365021e-02
5.97000000e-01	3.70316381e+02	-2.00051375e-01	2.71338900e-02
5.98000000e-01	3.70316181e+02	-1.99398074e-01	2.71312869e-02
5.99000000e-01	3.70315982e+02	-1.98747963e-01	2.71286930e-02
6.00000000e-01	3.70315784e+02	-1.98101021e-01	2.71261080e-02
6.01000000e-01	3.70315586e+02	-1.97457229e-01	2.71235320e-02
6.02000000e-01	3.70315389e+02	-1.96816565e-01	2.71209649e-02
6.03000000e-01	3.70315192e+02	-1.96179009e-01	2.71184066e-02
6.04000000e-01	3.70314996e+02	-1.95544542e-01	2.71158572e-02
6.05000000e-01	3.70314801e+02	-1.94913142e-01	2.71133166e-02
6.06000000e-01	3.70314606e+02	-1.94284792e-01	2.71107847e-02
6.07000000e-01	3.70314412e+02	-1.93659471e-01	2.71082615e-02
6.08000000e-01	3.70314219e+02	-1.93037159e-01	2.71057470e-02
6.09000000e-01	3.70314026e+02	-1.92417838e-01	2.71032410e-02
6.10000000e-01	3.70313834e+02	-1.91801488e-01	2.71007436e-02
6.11000000e-01	3.70313643e+02	-1.91188091e-01	2.70982547e-02
6.12000000e-01	3.70313452e+02	-1.90577627e-01	2.70957743e-02
6.13000000e-01	3.70313262e+02	-1.89970078e-01	2.70933023e-02
6.14000000e-01	3.70313072e+02	-1.89365426e-01	2.70908386e-02
6.15000000e-01	3.70312883e+02	-1.88763651e-01	2.70883834e-02
6.16000000e-01	3.70312694e+02	-1.88164737e-01	2.70859364e-02
6.17000000e-01	3.70312507e+02	-1.87568664e-01	2.70834976e-02
6.18000000e-01	3.70312319e+02	-1.86975415e-01	2.70810671e-02
6.19000000e-01	3.70312133e+02	-1.86384973e-01	2.70786448e-02
6.20000000e-01	3.70311947e+02	-1.85797319e-01	2.70762306e-02
6.21000000e-01	3.70311761e+02	-1.85212436e-01	2.70738245e-02
6.22000000e-01	3.70311576e+02	-1.84630306e-01	2.70714264e-02
6.23000000e-01	3.70311392e+02	-1.84050913e-01	2.70690363e-02
6.24000000e-01	3.70311208e+02	-1.83474239e-01	2.70666542e-02
6.25000000e-01	3.70311025e+02	-1.82900267e-01	2.70642801e-02
6.26000000e-01	3.70310842e+02	-1.82328981e-01	2.70619138e-02
6.27000000e-01	3.70310660e+02	-1.81760364e-01	2.70595554e-02
6.28000000e-01	3.70310479e+02	-1.81194399e-01	2.70572048e-02
6.29000000e-01	3.70310298e+02	-1.80631069e-01	2.70548619e-02
6.30000000e-01	3.70310117e+02	-1.80070359e-01	2.70525268e-02
6.31000000e-01	3.70309938e+02	-1.79512252e-01	2.70501994e-02
6.32000000e-01	3.70309758e+02	-1.78956733e-01	2.70478797e-02
6.33000000e-01	3.70309580e+02	-1.78403785e-01	2.70455676e-02
6.34000000e-01	3.70309402e+02	-1.77853392e-01	2.70432630e-02
6.35000000e-01	3.70309224e+02	-1.77305539e-01	2.70409660e-02
6.36000000e-01	3.70309047e+02	-1.76760209e-01	2.70386765e-02
6.37000000e-01	3.70308871e+02	-1.76217389e-01	2.70363945e-02
6.38000000e-01	3.70308695e+02	-1.75677062e-01	2.70341200e-02
6.39000000e-01	3.70308519e+02	-1.75139213e-01	2.70318528e-02
6.40000000e-01	3.70308344e+02	-1.74603827e-01	2.70295930e-02
6.41000000e-01	3.70308170e+02	-1.74070889e-01	2.70273405e-02
6.42000000e-01	3.70307996e+02	-1.73540385e-01	2.70250953e-02
6.43000000e-01	3.70307823e+02	-1.73012298e-01	2.70228574e-02
6.44000000e-01	3.70307650e+02	-1.72486615e-01	2.70206267e-02
6.45000000e-01	3.70307478e+02	-1.71963322e-01	2.70184031e-02
6.46000000e-01	3.70307306e+02	-1.71442403e-01	2.70161868e-02
6.47000000e-01	3.70307135e+02	-1.70923845e-01	2.70139775e-02
6.48000000e-01	3.70306964e+02	-1.70407632e-01	2.70117753e-02
6.49000000e-01	3.70306794e+02	-1.69893752e-01	2.70095802e-02
6.50000000e-01	3.70306625e+02	-1.69382190e-01	2.70073921e-02
6.51000000e-01	3.70306456e+02	-1.68872932e-01	2.70052110e-02
6.52000000e-01	3.70306287e+02	-1.68365964e-01	2.70030368e-02
6.53000000e-01	3.70306119e+02	-1.67861273e-01	2.70008696e-02
6.54000000e-01	3.70305951e+02	-1.67358845e-01	2.69987092e-02
6.55000000e-01	3.70305784e+02	-1.66858667e-01	2.69965557e-02
6.56000000e-01	3.70305617e+02	-1.66360725e-01	2.69944090e-02
6.57000000e-01	3.70305451e+02	-1.65865005e-01	2.69922690e-02
6.58000000e-01	3.70305286e+02	-1.65371496e-01	2.69901359e-02
6.59000000e-01	3.70305121e+02	-1.64880183e-01	2.69880094e-02
6.60000000e-01	3.70304956e+02	-1.64391053e-01	2.69858897e-02
6.61000000e-01	3.70304792e+02	-1.63904094e-01	2.69837766e-02
6.62000000e-01	3.70304628e+02	-1.63419294e-01	2.69816701e-02
6.63000000e-01	3.70304465e+02	-1.62936638e-01	2.69795702e-02
6.64000000e-01	3.70304302e+02	-1.62456115e-01	2.69774769e-02
6.65000000e-01	3.70304140e+02	-1.61977712e-01	2.69753902e-02
6.66000000e-01	3.70303978e+02	-1.61501416e-01	2.69733099e-02
6.67000000e-01	3.70303817e+02	-1.61027216e-01	2.69712361e-02
6.68000000e-01	3.70303656e+02	-1.60555099e-01	2.69691687e-02
6.69000000e-01	3.70303496e+02	-1.60085052e-01	2.69671078e-02
6.70000000e-01	3.70303336e+02	-1.59617064e-01	2.69650533e-02
6.71000000e-01	3.70303177e+02	-1.59151123e-01	2.69630051e-02
6.72000000e-01	3.70303018e+02	-1.58687217e-01	2.69609632e-02
6.73000000e-01	3.70302859e+02	-1.58225334e-01	2.69589276e-02
6.74000000e-01	3.70302701e+02	-1.57765462e-01	2.69568983e-02
6.75000000e-01	3.70302544e+02	-1.57307590e-01	2.69548752e-02
6.76000000e-01	3.70302387e+02	-1.56851706e-01	2.69528583e-02
6.77000000e-01	3.70302230e+02	-1.56397799e-01	2.69508476e-02
6.78000000e-01	3.70302074e+02	-1.55945856e-01	2.69488431e-02
6.79000000e-01	3.70301918e+02	-1.55495868e-01	2.69468447e-02
6.80000000e-01	3.70301763e+02	-1.55047822e-01	2.69448524e-02
6.81000000e-01	3.70301608e+02	-1.54601708e-01	2.69428661e-02
6.82000000e-01	3.70301454e+02	-1.54157514e-01	2.69408859e-02
6.83000000e-01	3.70301300e+02	-1.53715230e-01	2.69389117e-02
6.84000000e-01	3.70301146e+02	-1.53274844e-01	2.69369435e-02
6.85000000e-01	3.70300993e+02	-1.52836346e-01	2.69349813e-02
6.86000000e-01	3.70300841e+02	-1.52399725e-01	2.69330250e-02
6.87000000e-01	3.70300689e+02	-1.51964970e-01	2.69310745e-02
6.88000000e-01	3.70300537e+02	-1.51532071e-01	2.69291300e-02
6.89000000e-01	3.70300385e+02	-1.51101017e-01	2.69271913e-02
6.90000000e-01	3.70300235e+02	-1.50671797e-01	2.69252585e-02
6.91000000e-01	3.70300084e+02	-1.50244402e-01	2.69233314e-02
6.92000000e-01	3.70299934e+02	-1.49818821e-01	2.69214101e-02
6.93000000e-01	3.70299784e+02	-1.49395043e-01	2.69194946e-02
6.94000000e-01	3.70299635e+02	-1.48973059e-01	2.69175847e-02
6.95000000e-01	3.70299487e+02	-1.48552859e-01	2.69156806e-02
6.96000000e-01	3.70299338e+02	-1.48134432e-01	2.69137822e-02
6.97000000e-01	3.70299190e+02	-1.47717768e-01	2.69118893e-02
6.98000000e-01	3.70299043e+02	-1.47302858e-01	2.69100022e-02
6.99000000e-01	3.70298896e+02	-1.46889692e-01	2.69081206e-02
7.00000000e-01	3.70298749e+02	-1.46478259e-01	2.69062445e-02
7.01000000e-01	3.70298603e+02	-1.46068552e-01	2.69043741e-02
7.02000000e-01	3.70298457e+02	-1.45660559e-01	2.69025091e-02
7.03000000e-01	3.70298311e+02	-1.45254271e-01	2.69006496e-02
7.04000000e-01	3.70298166e+02	-1.44849678e-01	2.68987956e-02
7.05000000e-01	3.70298022e+02	-1.44446772e-01	2.68969471e-02
7.06000000e-01	3.70297877e+02	-1.44045544e-01	2.68951040e-02
7.07000000e-01	3.70297734e+02	-1.43645982e-01	2.68932663e-02
7.08000000e-01	3.70297590e+02	-1.43248079e-01	2.68914339e-02
7.09000000e-01	3.70297447e+02	-1.42851826e-01	2.68896069e-02
7.10000000e-01	3.70297304e+02	-1.42457213e-01	2.68877853e-02
7.11000000e-01	3.70297162e+02	-1.42064231e-01	2.68859689e-02
7.12000000e-01	3.70297020e+02	-1.41672871e-01	2.68841578e-02
7.13000000e-01	3.70296879e+02	-1.41283124e-01	2.68823520e-02
7.14000000e-01	3.70296738e+02	-1.40894982e-01	2.68805514e-02
7.15000000e-01	3.70296597e+02	-1.40508435e-01	2.68787561e-02
7.16000000e-01	3.70296457e+02	-1.40123476e-01	2.68769659e-02
7.17000000e-01	3.70296317e+02	-1.39740095e-01	2.68751809e-02
7.18000000e-01	3.70296177e+02	-1.39358283e-01	2.68734011e-02
7.19000000e-01	3.70296038e+02	-1.38978033e-01	2.68716263e-02
7.20000000e-01	3.70295899e+02	-1.38599335e-01	2.68698567e-02
7.21000000e-01	3.70295761e+02	-1.38222181e-01	2.68680922e-02
7.22000000e-01	3.70295623e+02	-1.37846563e-01	2.68663327e-02
7.23000000e-01	3.70295485e+02	-1.37472473e-01	2.68645782e-02
7.24000000e-01	3.70295348e+02	-1.37099902e-01	2.68628288e-02
7.25000000e-01	3.70295211e+02	-1.36728842e-01	2.68610844e-02
7.26000000e-01	3.70295075e+02	-1.36359285e-01	2.68593449e-02
7.27000000e-01	3.70294938e+02	-1.35991223e-01	2.68576104e-02
7.28000000e-01	3.70294803e+02	-1.35624647e-01	2.68558808e-02
7.29000000e-01	3.70294667e+02	-1.35259551e-01	2.68541561e-02
7.30000000e-01	3.70294532e+02	-1.34895925e-01	2.68524364e-02
7.31000000e-01	3.70294397e+02	-1.34533762e-01	2.68507214e-02
7.32000000e-01	3.70294263e+02	-1.34173054e-01	2.68490114e-02
7.33000000e-01	3.70294129e+02	-1.33813793e-01	2.68473061e-02
7.34000000e-01	3.70293995e+02	-1.33455972e-01	2.68456057e-02
7.35000000e-01	3.70293862e+02	-1.33099583e-01	2.68439101e-02
7.36000000e-01	3.70293729e+02	-1.32744619e-01	2.68422192e-02
7.37000000e-01	3.70293597e+02	-1.32391071e-01	2.68405330e-02
7.38000000e-01	3.70293464e+02	-1.32038932e-01	2.68388516e-02
7.39000000e-01	3.70293332e+02	-1.31688195e-01	2.68371749e-02
7.40000000e-01	3.70293201e+02	-1.31338853e-01	2.68355029e-02
7.41000000e-01	3.70293070e+02	-1.30990897e-01	2.68338355e-02
7.42000000e-01	3.70292939e+02	-1.30644321e-01	2.68321728e-02
7.43000000e-01	3.70292809e+02	-1.30299117e-01	2.68305148e-02
7.44000000e-01	3.70292678e+02	-1.29955279e-01	2.68288613e-02
7.45000000e-01	3.70292549e+02	-1.29612798e-01	2.68272124e-02
7.46000000e-01	3.70292419e+02	-1.29271669e-01	2.68255681e-02
7.47000000e-01	3.70292290e+02	-1.28931883e-01	2.68239284e-02
7.48000000e-01	3.70292161e+02	-1.28593433e-01	2.68222931e-02
7.49000000e-01	3.70292033e+02	-1.28256314e-01	2.68206624e-02
7.50000000e-01	3.70291905e+02	-1.27920517e-01	2.68190362e-02
7.51000000e-01	3.70291777e+02	-1.27586036e-01	2.68174145e-02
7.52000000e-01	3.70291650e+02	-1.27252863e-01	2.68157972e-02
7.53000000e-01	3.70291523e+02	-1.26920994e-01	2.68141844e-02
7.54000000e-01	3.70291396e+02	-1.26590419e-01	2.68125759e-02
7.55000000e-01	3.70291269e+02	-1.26261133e-01	2.68109719e-02
7.56000000e-01	3.70291143e+02	-1.25933129e-01	2.68093723e-02
7.57000000e-01	3.70291018e+02	-1.25606401e-01	2.68077770e-02
7.58000000e-01	3.70290892e+02	-1.25280941e-01	2.68061861e-02
7.59000000e-01	3.70290767e+02	-1.24956743e-01	2.68045995e-02
7.60000000e-01	3.70290642e+02	-1.24633801e-01	2.68030173e-02
7.61000000e-01	3.70290518e+02	-1.24312109e-01	2.68014393e-02
7.62000000e-01	3.70290394e+02	-1.23991659e-01	2.67998656e-02
7.63000000e-01	3.70290270e+02	-1.23672445e-01	2.67982962e-02
7.64000000e-01	3.70290146e+02	-1.23354461e-01	2.67967310e-02
7.65000000e-01	3.70290023e+02	-1.23037702e-01	2.67951700e-02
7.66000000e-01	3.70289900e+02	-1.22722159e-01	2.67936133e-02
7.67000000e-01	3.70289778e+02	-1.22407828e-01	2.67920607e-02
7.68000000e-01	3.70289655e+02	-1.22094702e-01	2.67905124e-02
7.69000000e-01	3.70289533e+02	-1.21782775e-01	2.67889681e-02
7.70000000e-01	3.70289412e+02	-1.21472041e-01	2.67874281e-02
7.71000000e-01	3.70289290e+02	-1.21162493e-01	2.67858921e-02
7.72000000e-01	3.70289169e+02	-1.20854127e-01	2.67843603e-02
7.73000000e-01	3.70289049e+02	-1.20546935e-01	2.67828325e-02
7.74000000e-01	3.70288928e+02	-1.20240911e-01	2.67813089e-02
7.75000000e-01	3.70288808e+02	-1.19936051e-01	2.67797893e-02
7.76000000e-01	3.70288688e+02	-1.19632347e-01	2.67782737e-02
7.77000000e-01	3.70288569e+02	-1.19329795e-01	2.67767622e-02
7.78000000e-01	3.70288450e+02	-1.19028388e-01	2.67752546e-02
7.79000000e-01	3.70288331e+02	-1.18728120e-01	2.67737511e-02
7.80000000e-01	3.70288212e+02	-1.18428987e-01	2.67722516e-02
7.81000000e-01	3.70288094e+02	-1.18130981e-01	2.67707560e-02
7.82000000e-01	3.70287976e+02	-1.17834098e-01	2.67692643e-02
7.83000000e-01	3.70287858e+02	-1.17538332e-01	2.67677766e-02
7.84000000e-01	3.70287741e+02	-1.17243677e-01	2.67662928e-02
7.85000000e-01	3.70287624e+02	-1.16950128e-01	2.67648130e-02
7.86000000e-01	3.70287507e+02	-1.16657679e-01	2.67633370e-02
7.87000000e-01	3.70287391e+02	-1.16366324e-01	2.67618648e-02
7.88000000e-01	3.70287274e+02	-1.16076059e-01	2.67603966e-02
7.89000000e-01	3.70287158e+02	-1.15786878e-01	2.67589322e-02
7.90000000e-01	3.70287043e+02	-1.15498775e-01	2.67574716e-02
7.91000000e-01	3.70286927e+02	-1.15211745e-01	2.67560148e-02
7.92000000e-01	3.70286812e+02	-1.14925783e-01	2.67545618e-02
7.93000000e-01	3.70286698e+02	-1.14640883e-01	2.67531126e-02
7.94000000e-01	3.70286583e+02	-1.14357041e-01	2.67516671e-02
7.95000000e-01	3.70286469e+02	-1.14074251e-01	2.67502254e-02
7.96000000e-01	3.70286355e+02	-1.13792507e-01	2.67487875e-02
7.97000000e-01	3.70286241e+02	-1.13511805e-01	2.67473532e-02
7.98000000e-01	3.70286128e+02	-1.13232140e-01	2.67459227e-02
7.99000000e-01	3.70286015e+02	-1.12953506e-01	2.67444959e-02
8.00000000e-01	3.70285902e+02	-1.12675899e-01	2.67430727e-02
8.01000000e-01	3.70285790e+02	-1.12399313e-01	2.67416533e-02
8.02000000e-01	3.70285677e+02	-1.12123743e-01	2.67402374e-02
8.03000000e-01	3.70285565e+02	-1.11849185e-01	2.67388252e-02
8.04000000e-01	3.70285454e+02	-1.11575633e-01	2.67374167e-02
8.05000000e-01	3.70285342e+02	-1.11303082e-01	2.67360117e-02
8.06000000e-01	3.70285231e+02	-1.11031529e-01	2.67346103e-02
8.07000000e-01	3.70285120e+02	-1.10760967e-01	2.67332126e-02
8.08000000e-01	3.70285009e+02	-1.10491392e-01	2.67318183e-02
8.09000000e-01	3.70284899e+02	-1.10222799e-01	2.67304277e-02
8.10000000e-01	3.70284789e+02	-1.09955184e-01	2.67290406e-02
8.11000000e-01	3.70284679e+02	-1.09688541e-01	2.67276570e-02
8.12000000e-01	3.70284570e+02	-1.09422867e-01	2.67262769e-02
8.13000000e-01	3.70284460e+02	-1.09158156e-01	2.67249003e-02
8.14000000e-01	3.70284351e+02	-1.08894403e-01	2.67235272e-02
8.15000000e-01	3.70284243e+02	-1.08631605e-01	2.67221576e-02
8.16000000e-01	3.70284134e+02	-1.08369756e-01	2.67207915e-02
8.17000000e-01	3.70284026e+02	-1.08108851e-01	2.67194288e-02
8.18000000e-01	3.70283918e+02	-1.07848888e-01	2.67180695e-02
8.19000000e-01	3.70283810e+02	-1.07589860e-01	2.67167136e-02
8.20000000e-01	3.70283703e+02	-1.07331763e-01	2.67153612e-02
8.21000000e-01	3.70283595e+02	-1.07074594e-01	2.67140122e-02
8.22000000e-01	3.70283489e+02	-1.06818346e-01	2.67126665e-02
8.23000000e-01	3.70283382e+02	-1.06563017e-01	2.67113242e-02
8.24000000e-01	3.70283275e+02	-1.06308602e-01	2.67099853e-02
8.25000000e-01	3.70283169e+02	-1.06055096e-01	2.67086497e-02
8.26000000e-01	3.70283063e+02	-1.05802495e-01	2.67073174e-02
8.27000000e-01	3.70282958e+02	-1.05550795e-01	2.67059885e-02
8.28000000e-01	3.70282852e+02	-1.05299991e-01	2.67046629e-02
8.29000000e-01	3.70282747e+02	-1.05050079e-01	2.67033406e-02
8.30000000e-01	3.70282642e+02	-1.04801056e-01	2.67020215e-02
8.31000000e-01	3.70282537e+02	-1.04552916e-01	2.67007057e-02
8.32000000e-01	3.70282433e+02	-1.04305656e-01	2.66993932e-02
8.33000000e-01	3.70282329e+02	-1.04059271e-01	2.66980840e-02
8.34000000e-01	3.70282225e+02	-1.03813757e-01	2.66967779e-02
8.35000000e-01	3.70282121e+02	-1.03569111e-01	2.66954751e-02
8.36000000e-01	3.70282018e+02	-1.03325328e-01	2.66941755e-02
8.37000000e-01	3.70281915e+02	-1.03082404e-01	2.66928791e-02
8.38000000e-01	3.70281812e+02	-1.02840336e-01	2.66915859e-02
8.39000000e-01	3.70281709e+02	-1.02599118e-01	2.66902959e-02
8.40000000e-01	3.70281606e+02	-1.02358747e-01	2.66890090e-02
8.41000000e-01	3.70281504e+02	-1.02119220e-01	2.66877253e-02
8.42000000e-01	3.70281402e+02	-1.01880531e-01	2.66864447e-02
8.43000000e-01	3.70281300e+02	-1.01642678e-01	2.66851673e-02
8.44000000e-01	3.70281199e+02	-1.01405656e-01	2.66838929e-02
8.45000000e-01	3.70281098e+02	-1.01169462e-01	2.66826217e-02
8.46000000e-01	3.70280997e+02	-1.00934092e-01	2.66813536e-02
8.47000000e-01	3.70280896e+02	-1.00699541e-01	2.66800886e-02
8.48000000e-01	3.70280795e+02	-1.00465807e-01	2.66788266e-02
8.49000000e-01	3.70280695e+02	-1.00232884e-01	2.66775677e-02
8.50000000e-01	3.70280595e+02	-1.00000771e-01	2.66763118e-02
8.51000000e-01	3.70280495e+02	-9.97694616e-02	2.66750590e-02
8.52000000e-01	3.70280395e+02	-9.95389537e-02	2.66738092e-02
8.53000000e-01	3.70280296e+02	-9.93092431e-02	2.66725624e-02
8.54000000e-01	3.70280197e+02	-9.90803263e-02	2.66713187e-02
8.55000000e-01	3.70280098e+02	-9.88521996e-02	2.66700779e-02
8.56000000e-01	3.70279999e+02	-9.86248593e-02	2.66688401e-02
8.57000000e-01	3.70279900e+02	-9.83983018e-02	2.66676053e-02
8.58000000e-01	3.70279802e+02	-9.81725235e-02	2.66663735e-02
8.59000000e-01	3.70279704e+02	-9.79475210e-02	2.66651446e-02
8.60000000e-01	3.70279606e+02	-9.77232905e-02	2.66639186e-02
8.61000000e-01	3.70279509e+02	-9.74998286e-02	2.66626956e-02
8.62000000e-01	3.70279411e+02	-9.72771319e-02	2.66614755e-02
8.63000000e-01	3.70279314e+02	-9.70551967e-02	2.66602583e-02
8.64000000e-01	3.70279217e+02	-9.68340197e-02	2.66590440e-02
8.65000000e-01	3.70279120e+02	-9.66135974e-02	2.66578326e-02
8.66000000e-01	3.70279024e+02	-9.63939263e-02	2.66566241e-02
8.67000000e-01	3.70278928e+02	-9.61750031e-02	2.66554184e-02
8.68000000e-01	3.70278832e+02	-9.59568243e-02	2.66542156e-02
8.69000000e-01	3.70278736e+02	-9.57393867e-02	2.66530157e-02
8.70000000e-01	3.70278640e+02	-9.55226868e-02	2.66518186e-02
8.71000000e-01	3.70278545e+02	-9.53067213e-02	2.66506243e-02
8.72000000e-01	3.70278449e+02	-9.50914869e-02	2.66494329e-02
8.73000000e-01	3.70278354e+02	-9.48769804e-02	2.66482442e-02
8.74000000e-01	3.70278260e+02	-9.46631983e-02	2.66470584e-02
8.75000000e-01	3.70278165e+02	-9.44501376e-02	2.66458753e-02
8.76000000e-01	3.70278071e+02	-9.42377949e-02	2.66446950e-02
8.77000000e-01	3.70277977e+02	-9.40261670e-02	2.66435175e-02
8.78000000e-01	3.70277883e+02	-9.38152507e-02	2.66423428e-02
8.79000000e-01	3.70277789e+02	-9.36050429e-02	2.66411708e-02
8.80000000e-01	3.70277696e+02	-9.33955403e-02	2.66400015e-02
8.81000000e-01	3.70277602e+02	-9.31867398e-02	2.66388350e-02
8.82000000e-01	3.70277509e+02	-9.29786383e-02	2.66376712e-02
8.83000000e-01	3.70277416e+02	-9.27712327e-02	2.66365101e-02
8.84000000e-01	3.70277324e+02	-9.25645199e-02	2.66353517e-02
8.85000000e-01	3.70277231e+02	-9.23584968e-02	2.66341960e-02
8.86000000e-01	3.70277139e+02	-9.21531602e-02	2.66330429e-02
8.87000000e-01	3.70277047e+02	-9.19485073e-02	2.66318926e-02
8.88000000e-01	3.70276955e+02	-9.17445349e-02	2.66307449e-02
8.89000000e-01	3.70276863e+02	-9.15412401e-02	2.66295999e-02
8.90000000e-01	3.70276772e+02	-9.13386198e-02	2.66284575e-02
8.91000000e-01	3.70276681e+02	-9.11366711e-02	2.66273178e-02
8.92000000e-01	3.70276590e+02	-9.09353910e-02	2.66261807e-02
8.93000000e-01	3.70276499e+02	-9.07347765e-02	2.66250462e-02
8.94000000e-01	3.70276408e+02	-9.05348248e-02	2.66239143e-02
8.95000000e-01	3.70276318e+02	-9.03355329e-02	2.66227850e-02
8.96000000e-01	3.70276228e+02	-9.01368979e-02	2.66216583e-02
8.97000000e-01	3.70276137e+02	-8.99389169e-02	2.66205342e-02
8.98000000e-01	3.70276048e+02	-8.97415872e-02	2.66194127e-02
8.99000000e-01	3.70275958e+02	-8.95449057e-02	2.66182937e-02
9.00000000e-01	3.70275869e+02	-8.93488697e-02	2.66171773e-02
9.01000000e-01	3.70275779e+02	-8.91534764e-02	2.66160634e-02
9.02000000e-01	3.70275690e+02	-8.89587229e-02	2.66149521e-02
9.03000000e-01	3.70275601e+02	-8.87646065e-02	2.66138433e-02
9.04000000e-01	3.70275513e+02	-8.85711245e-02	2.66127371e-02
9.05000000e-01	3.70275424e+02	-8.83782739e-02	2.66116333e-02
9.06000000e-01	3.70275336e+02	-8.81860521e-02	2.66105320e-02
9.07000000e-01	3.70275248e+02	-8.79944564e-02	2.66094333e-02
9.08000000e-01	3.70275160e+02	-8.78034841e-02	2.66083370e-02
9.09000000e-01	3.70275072e+02	-8.76131324e-02	2.66072432e-02
9.10000000e-01	3.70274985e+02	-8.74233987e-02	2.66061519e-02
9.11000000e-01	3.70274897e+02	-8.72342803e-02	2.66050631e-02
9.12000000e-01	3.70274810e+02	-8.70457745e-02	2.66039767e-02
9.13000000e-01	3.70274723e+02	-8.68578787e-02	2.66028927e-02
9.14000000e-01	3.70274637e+02	-8.66705903e-02	2.66018112e-02
9.15000000e-01	3.70274550e+02	-8.64839066e-02	2.66007321e-02
9.16000000e-01	3.70274464e+02	-8.62978251e-02	2.65996554e-02
9.17000000e-01	3.70274377e+02	-8.61123432e-02	2.65985812e-02
9.18000000e-01	3.70274291e+02	-8.59274583e-02	2.65975093e-02
9.19000000e-01	3.70274206e+02	-8.57431678e-02	2.65964399e-02
9.20000000e-01	3.70274120e+02	-8.55594692e-02	2.65953728e-02
9.21000000e-01	3.70274034e+02	-8.53763600e-02	2.65943081e-02
9.22000000e-01	3.70273949e+02	-8.51938377e-02	2.65932458e-02
9.23000000e-01	3.70273864e+02	-8.50118997e-02	2.65921859e-02
9.24000000e-01	3.70273779e+02	-8.48305436e-02	2.65911283e-02
9.25000000e-01	3.70273694e+02	-8.46497668e-02	2.65900731e-02
9.26000000e-01	3.70273610e+02	-8.44695670e-02	2.65890202e-02
9.27000000e-01	3.70273525e+02	-8.42899416e-02	2.65879696e-02
9.28000000e-01	3.70273441e+02	-8.41108882e-02	2.65869214e-02
9.29000000e-01	3.70273357e+02	-8.39324045e-02	2.65858754e-02
9.30000000e-01	3.70273273e+02	-8.37544880e-02	2.65848318e-02
9.31000000e-01	3.70273190e+02	-8.35771362e-02	2.65837905e-02
9.32000000e-01	3.70273106e+02	-8.34003469e-02	2.65827515e-02
9.33000000e-01	3.70273023e+02	-8.32241176e-02	2.65817148e-02
9.34000000e-01	3.70272940e+02	-8.30484459e-02	2.65806804e-02
9.35000000e-01	3.70272857e+02	-8.28733296e-02	2.65796482e-02
9.36000000e-01	3.70272774e+02	-8.26987663e-02	2.65786183e-02
9.37000000e-01	3.70272691e+02	-8.25247536e-02	2.65775907e-02
9.38000000e-01	3.70272609e+02	-8.23512893e-02	2.65765653e-02
9.39000000e-01	3.70272527e+02	-8.21783710e-02	2.65755421e-02
9.40000000e-01	3.70272445e+02	-8.20059965e-02	2.65745212e-02
9.41000000e-01	3.70272363e+02	-8.18341635e-02	2.65735025e-02
9.42000000e-01	3.70272281e+02	-8.16628697e-02	2.65724860e-02
9.43000000e-01	3.70272199e+02	-8.14921129e-02	2.65714718e-02
9.44000000e-01	3.70272118e+02	-8.13218908e-02	2.65704598e-02
9.45000000e-01	3.70272037e+02	-8.11522012e-02	2.65694499e-02
9.46000000e-01	3.70271956e+02	-8.09830419e-02	2.65684423e-02
9.47000000e-01	3.70271875e+02	-8.08144106e-02	2.65674368e-02
9.48000000e-01	3.70271794e+02	-8.06463052e-02	2.65664335e-02
9.49000000e-01	3.70271714e+02	-8.04787236e-02	2.65654324e-02
9.50000000e-01	3.70271633e+02	-8.03116634e-02	2.65644334e-02
9.51000000e-01	3.70271553e+02	-8.01451226e-02	2.65634366e-02
9.52000000e-01	3.70271473e+02	-7.99790991e-02	2.65624420e-02
9.53000000e-01	3.70271393e+02	-7.98135906e-02	2.65614495e-02
9.54000000e-01	3.70271313e+02	-7.96485951e-02	2.65604591e-02
9.55000000e-01	3.70271234e+02	-7.94841104e-02	2.65594709e-02
9.56000000e-01	3.70271154e+02	-7.93201344e-02	2.65584847e-02
9.57000000e-01	3.70271075e+02	-7.91566650e-02	2.65575007e-02
9.58000000e-01	3.70270996e+02	-7.89937003e-02	2.65565189e-02
9.59000000e-01	3.70270917e+02	-7.88312379e-02	2.65555391e-02
9.60000000e-01	3.70270838e+02	-7.86692760e-02	2.65545614e-02
9.61000000e-01	3.70270760e+02	-7.85078125e-02	2.65535858e-02
9.62000000e-01	3.70270681e+02	-7.83468453e-02	2.65526122e-02
9.63000000e-01	3.70270603e+02	-7.81863724e-02	2.65516408e-02
9.64000000e-01	3.70270525e+02	-7.80263917e-02	2.65506714e-02
9.65000000e-01	3.70270447e+02	-7.78669013e-02	2.65497041e-02
9.66000000e-01	3.70270369e+02	-7.77078992e-02	2.65487388e-02
9.67000000e-01	3.70270292e+02	-7.75493833e-02	2.65477756e-02
9.68000000e-01	3.70270214e+02	-7.73913518e-02	2.65468144e-02
9.69000000e-01	3.70270137e+02	-7.72338025e-02	2.65458553e-02
9.70000000e-01	3.70270060e+02	-7.70767336e-02	2.65448982e-02
9.71000000e-01	3.70269983e+02	-7.69201431e-02	2.65439431e-02
9.72000000e-01	3.70269906e+02	-7.67640291e-02	2.65429900e-02
9.73000000e-01	3.70269829e+02	-7.66083897e-02	2.65420390e-02
9.74000000e-01	3.70269753e+02	-7.64532228e-02	2.65410899e-02
9.75000000e-01	3.70269676e+02	-7.62985267e-02	2.65401429e-02
9.76000000e-01	3.70269600e+02	-7.61442993e-02	2.65391978e-02
9.77000000e-01	3.70269524e+02	-7.59905389e-02	2.65382547e-02
9.78000000e-01	3.70269448e+02	-7.58372436e-02	2.65373136e-02
9.79000000e-01	3.70269372e+02	-7.56844114e-02	2.65363745e-02
9.80000000e-01	3.70269297e+02	-7.55320404e-02	2.65354373e-02
9.81000000e-01	3.70269221e+02	-7.53801290e-02	2.65345021e-02
9.82000000e-01	3.70269146e+02	-7.52286751e-02	2.65335689e-02
9.83000000e-01	3.70269071e+02	-7.50776770e-02	2.65326376e-02
9.84000000e-01	3.70268996e+02	-7.49271329e-02	2.65317082e-02
9.85000000e-01	3.70268921e+02	-7.47770408e-02	2.65307808e-02
9.86000000e-01	3.70268846e+02	-7.46273991e-02	2.65298553e-02
9.87000000e-01	3.70268772e+02	-7.44782059e-02	2.65289317e-02
9.88000000e-01	3.70268697e+02	-7.43294595e-02	2.65280100e-02
9.89000000e-01	3.70268623e+02	-7.41811580e-02	2.65270903e-02
9.90000000e-01	3.70268549e+02	-7.40332996e-02	2.65261725e-02
9.91000000e-01	3.70268475e+02	-7.38858827e-02	2.65252565e-02
9.92000000e-01	3.70268401e+02	-7.37389054e-02	2.65243425e-02
9.93000000e-01	3.70268327e+02	-7.35923661e-02	2.65234303e-02
9.94000000e-01	3.70268254e+02	-7.34462629e-02	2.65225201e-02
9.95000000e-01	3.70268181e+02	-7.33005942e-02	2.65216117e-02
9.96000000e-01	3.70268107e+02	-7.31553582e-02	2.65207051e-02
9.97000000e-01	3.70268034e+02	-7.30105532e-02	2.65198005e-02
9.98000000e-01	3.70267961e+02	-7.28661775e-02	2.65188977e-02
9.99000000e-01	3.70267889e+02	-7.27222295e-02	2.65179967e-02
