1.00000000e-03	6.33380172e+02	-9.99634403e+04	4.97703236e-03
2.00000000e-03	5.83434065e+02	-2.49293727e+04	9.82078010e-03
3.00000000e-03	5.66853277e+02	-1.10108328e+04	1.44184416e-02
4.00000000e-03	5.58632786e+02	-6.12554848e+03	1.86900086e-02
5.00000000e-03	5.53766936e+02	-3.85708703e+03	2.25899792e-02
6.00000000e-03	5.50583491e+02	-2.62175747e+03	2.61016684e-02
7.00000000e-03	5.48363132e+02	-1.87636400e+03	2.92288663e-02
8.00000000e-03	5.46744434e+02	-1.39350156e+03	3.19881164e-02
9.00000000e-03	5.45525488e+02	-1.06413848e+03	3.44029010e-02
1.00000000e-02	5.44584485e+02	-8.30566572e+02	3.64997719e-02
1.10000000e-02	5.43843539e+02	-6.59852351e+02	3.83059938e-02
1.20000000e-02	5.43250552e+02	-5.32054302e+02	3.98482143e-02
1.30000000e-02	5.42769393e+02	-4.34508268e+02	4.11517747e-02
1.40000000e-02	5.42374268e+02	-3.58851343e+02	4.22403999e-02
1.50000000e-02	5.42046314e+02	-2.99378676e+02	4.31360993e-02
1.60000000e-02	5.41771461e+02	-2.52090790e+02	4.38591788e-02
1.70000000e-02	5.41539036e+02	-2.14117905e+02	4.44283070e-02
1.80000000e-02	5.41340826e+02	-1.83359487e+02	4.48606037e-02
1.90000000e-02	5.41170437e+02	-1.58251489e+02	4.51717335e-02
2.00000000e-02	5.41022837e+02	-1.37611942e+02	4.53759993e-02
2.10000000e-02	5.40894028e+02	-1.20536041e+02	4.54864300e-02
2.20000000e-02	5.40780812e+02	-1.06323340e+02	4.55148638e-02
2.30000000e-02	5.40680610e+02	-9.44262534e+01	4.54720265e-02
2.40000000e-02	5.40591332e+02	-8.44129978e+01	4.53676062e-02
2.50000000e-02	5.40511272e+02	-7.59405212e+01	4.52103251e-02
2.60000000e-02	5.40439030e+02	-6.87344388e+01	4.50080085e-02
2.70000000e-02	5.40373455e+02	-6.25739820e+01	4.47676522e-02
2.80000000e-02	5.40313593e+02	-5.72805750e+01	4.44954865e-02
2.90000000e-02	5.40258653e+02	-5.27090784e+01	4.41970400e-02
3.00000000e-02	5.40207974e+02	-4.87410141e+01	4.38771989e-02
3.10000000e-02	5.40161003e+02	-4.52792804e+01	4.35402652e-02
3.20000000e-02	5.40117273e+02	-4.22439999e+01	4.31900114e-02
3.30000000e-02	5.40076394e+02	-3.95692354e+01	4.28297320e-02
3.40000000e-02	5.40038033e+02	-3.72003773e+01	4.24622920e-02
3.50000000e-02	5.40001907e+02	-3.50920549e+01	4.20901719e-02
3.60000000e-02	5.39967775e+02	-3.32064579e+01	4.17155091e-02
3.70000000e-02	5.39935430e+02	-3.15119829e+01	4.13401365e-02
3.80000000e-02	5.39904696e+02	-2.99821365e+01	4.09656169e-02
3.90000000e-02	5.39875419e+02	-2.85946452e+01	4.05932749e-02
4.00000000e-02	5.39847466e+02	-2.73307286e+01	4.02242257e-02
4.10000000e-02	5.39820721e+02	-2.61745057e+01	3.98594002e-02
4.20000000e-02	5.39795085e+02	-2.51125085e+01	3.94995689e-02
4.30000000e-02	5.39770469e+02	-2.41332815e+01	3.91453617e-02
4.40000000e-02	5.39746794e+02	-2.32270525e+01	3.87972866e-02
4.50000000e-02	5.39723993e+02	-2.23854599e+01	3.84557459e-02
4.60000000e-02	5.39702004e+02	-2.16013276e+01	3.81210504e-02
4.70000000e-02	5.39680773e+02	-2.08684780e+01	3.77934321e-02
4.80000000e-02	5.39660252e+02	-2.01815762e+01	3.74730552e-02
4.90000000e-02	5.39640396e+02	-1.95360011e+01	3.71600262e-02
5.00000000e-02	5.39621168e+02	-1.89277365e+01	3.68544019e-02
5.10000000e-02	5.39602530e+02	-1.83532813e+01	3.65561974e-02
5.20000000e-02	5.39584451e+02	-1.78095728e+01	3.62653923e-02
5.30000000e-02	5.39566901e+02	-1.72939237e+01	3.59819364e-02
5.40000000e-02	5.39549854e+02	-1.68039681e+01	3.57057547e-02
5.50000000e-02	5.39533285e+02	-1.63376160e+01	3.54367518e-02
5.60000000e-02	5.39517172e+02	-1.58930152e+01	3.51748152e-02
5.70000000e-02	5.39501493e+02	-1.54685190e+01	3.49198189e-02
5.80000000e-02	5.39486229e+02	-1.50626581e+01	3.46716262e-02
5.90000000e-02	5.39471362e+02	-1.46741179e+01	3.44300915e-02
6.00000000e-02	5.39456875e+02	-1.43017178e+01	3.41950631e-02
6.10000000e-02	5.39442753e+02	-1.39443947e+01	3.39663845e-02
6.20000000e-02	5.39428981e+02	-1.36011877e+01	3.37438959e-02
6.30000000e-02	5.39415546e+02	-1.32712263e+01	3.35274357e-02
6.40000000e-02	5.39402435e+02	-1.29537190e+01	3.33168412e-02
6.50000000e-02	5.39389635e+02	-1.26479442e+01	3.31119501e-02
6.60000000e-02	5.39377135e+02	-1.23532424e+01	3.29126007e-02
6.70000000e-02	5.39364925e+02	-1.20690087e+01	3.27186328e-02
6.80000000e-02	5.39352994e+02	-1.17946871e+01	3.25298882e-02
6.90000000e-02	5.39341332e+02	-1.15297654e+01	3.23462110e-02
7.00000000e-02	5.39329931e+02	-1.12737700e+01	3.21674484e-02
7.10000000e-02	5.39318782e+02	-1.10262628e+01	3.19934503e-02
7.20000000e-02	5.39307876e+02	-1.07868366e+01	3.18240702e-02
7.30000000e-02	5.39297206e+02	-1.05551129e+01	3.16591648e-02
7.40000000e-02	5.39286764e+02	-1.03307390e+01	3.14985946e-02
7.50000000e-02	5.39276542e+02	-1.01133852e+01	3.13422236e-02
7.60000000e-02	5.39266535e+02	-9.90274306e+00	3.11899196e-02
7.70000000e-02	5.39256734e+02	-9.69852344e+00	3.10415543e-02
7.80000000e-02	5.39247135e+02	-9.50045481e+00	3.08970029e-02
7.90000000e-02	5.39237732e+02	-9.30828176e+00	3.07561447e-02
8.00000000e-02	5.39228517e+02	-9.12176369e+00	3.06188624e-02
8.10000000e-02	5.39219486e+02	-8.94067360e+00	3.04850425e-02
8.20000000e-02	5.39210634e+02	-8.76479706e+00	3.03545752e-02
8.30000000e-02	5.39201955e+02	-8.59393124e+00	3.02273543e-02
8.40000000e-02	5.39193444e+02	-8.42788401e+00	3.01032768e-02
8.50000000e-02	5.39185098e+02	-8.26647322e+00	2.99822435e-02
8.60000000e-02	5.39176910e+02	-8.10952597e+00	2.98641583e-02
8.70000000e-02	5.39168877e+02	-7.95687796e+00	2.97489284e-02
8.80000000e-02	5.39160995e+02	-7.80837292e+00	2.96364642e-02
8.90000000e-02	5.39153259e+02	-7.66386207e+00	2.95266791e-02
9.00000000e-02	5.39145666e+02	-7.52320367e+00	2.94194895e-02
9.10000000e-02	5.39138211e+02	-7.38626253e+00	2.93148147e-02
9.20000000e-02	5.39130892e+02	-7.25290962e+00	2.92125769e-02
9.30000000e-02	5.39123704e+02	-7.12302173e+00	2.91127009e-02
9.40000000e-02	5.39116645e+02	-6.99648108e+00	2.90151140e-02
9.50000000e-02	5.39109710e+02	-6.87317502e+00	2.89197464e-02
9.60000000e-02	5.39102898e+02	-6.75299577e+00	2.88265303e-02
9.70000000e-02	5.39096203e+02	-6.63584009e+00	2.87354007e-02
9.80000000e-02	5.39089625e+02	-6.52160907e+00	2.86462945e-02
9.90000000e-02	5.39083159e+02	-6.41020791e+00	2.85591511e-02
1.00000000e-01	5.39076804e+02	-6.30154565e+00	2.84739119e-02
1.01000000e-01	5.39070555e+02	-6.19553503e+00	2.83905202e-02
1.02000000e-01	5.39064412e+02	-6.09209225e+00	2.83089215e-02
1.03000000e-01	5.39058370e+02	-5.99113684e+00	2.82290632e-02
1.04000000e-01	5.39052429e+02	-5.89259144e+00	2.81508944e-02
1.05000000e-01	5.39046584e+02	-5.79638172e+00	2.80743659e-02
1.06000000e-01	5.39040835e+02	-5.70243616e+00	2.79994305e-02
1.07000000e-01	5.39035179e+02	-5.61068599e+00	2.79260423e-02
1.08000000e-01	5.39029613e+02	-5.52106497e+00	2.78541571e-02
1.09000000e-01	5.39024136e+02	-5.43350938e+00	2.77837324e-02
1.10000000e-01	5.39018745e+02	-5.34795781e+00	2.77147269e-02
1.11000000e-01	5.39013439e+02	-5.26435112e+00	2.76471008e-02
1.12000000e-01	5.39008216e+02	-5.18263230e+00	2.75808157e-02
1.13000000e-01	5.39003073e+02	-5.10274640e+00	2.75158344e-02
1.14000000e-01	5.38998010e+02	-5.02464042e+00	2.74521211e-02
1.15000000e-01	5.38993024e+02	-4.94826324e+00	2.73896410e-02
1.16000000e-01	5.38988113e+02	-4.87356554e+00	2.73283606e-02
1.17000000e-01	5.38983276e+02	-4.80049973e+00	2.72682476e-02
1.18000000e-01	5.38978511e+02	-4.72901983e+00	2.72092706e-02
1.19000000e-01	5.38973817e+02	-4.65908149e+00	2.71513993e-02
1.20000000e-01	5.38969193e+02	-4.59064183e+00	2.70946043e-02
1.21000000e-01	5.38964636e+02	-4.52365945e+00	2.70388575e-02
1.22000000e-01	5.38960145e+02	-4.45809433e+00	2.69841313e-02
1.23000000e-01	5.38955719e+02	-4.39390780e+00	2.69303993e-02
1.24000000e-01	5.38951357e+02	-4.33106245e+00	2.68776358e-02
1.25000000e-01	5.38947056e+02	-4.26952214e+00	2.68258158e-02
1.26000000e-01	5.38942817e+02	-4.20925189e+00	2.67749155e-02
1.27000000e-01	5.38938638e+02	-4.15021786e+00	2.67249115e-02
1.28000000e-01	5.38934516e+02	-4.09238732e+00	2.66757812e-02
1.29000000e-01	5.38930452e+02	-4.03572858e+00	2.66275029e-02
1.30000000e-01	5.38926444e+02	-3.98021097e+00	2.65800553e-02
1.31000000e-01	5.38922492e+02	-3.92580481e+00	2.65334180e-02
1.32000000e-01	5.38918593e+02	-3.87248132e+00	2.64875712e-02
1.33000000e-01	5.38914746e+02	-3.82021266e+00	2.64424956e-02
1.34000000e-01	5.38910952e+02	-3.76897185e+00	2.63981726e-02
1.35000000e-01	5.38907208e+02	-3.71873274e+00	2.63545840e-02
1.36000000e-01	5.38903514e+02	-3.66947000e+00	2.63117124e-02
1.37000000e-01	5.38899869e+02	-3.62115907e+00	2.62695408e-02
1.38000000e-01	5.38896271e+02	-3.57377615e+00	2.62280526e-02
1.39000000e-01	5.38892721e+02	-3.52729814e+00	2.61872318e-02
1.40000000e-01	5.38889216e+02	-3.48170267e+00	2.61470631e-02
1.41000000e-01	5.38885757e+02	-3.43696802e+00	2.61075312e-02
1.42000000e-01	5.38882342e+02	-3.39307313e+00	2.60686217e-02
1.43000000e-01	5.38878971e+02	-3.34999757e+00	2.60303202e-02
1.44000000e-01	5.38875642e+02	-3.30772149e+00	2.59926130e-02
1.45000000e-01	5.38872355e+02	-3.26622565e+00	2.59554868e-02
1.46000000e-01	5.38869109e+02	-3.22549136e+00	2.59189285e-02
1.47000000e-01	5.38865904e+02	-3.18550049e+00	2.58829255e-02
1.48000000e-01	5.38862738e+02	-3.14623542e+00	2.58474657e-02
1.49000000e-01	5.38859611e+02	-3.10767904e+00	2.58125369e-02
1.50000000e-01	5.38856522e+02	-3.06981473e+00	2.57781278e-02
1.51000000e-01	5.38853471e+02	-3.03262635e+00	2.57442270e-02
1.52000000e-01	5.38850457e+02	-2.99609823e+00	2.57108236e-02
1.53000000e-01	5.38847479e+02	-2.96021510e+00	2.56779069e-02
1.54000000e-01	5.38844536e+02	-2.92496218e+00	2.56454666e-02
1.55000000e-01	5.38841629e+02	-2.89032504e+00	2.56134927e-02
1.56000000e-01	5.38838756e+02	-2.85628971e+00	2.55819753e-02
1.57000000e-01	5.38835916e+02	-2.82284256e+00	2.55509049e-02
1.58000000e-01	5.38833110e+02	-2.78997037e+00	2.55202724e-02
1.59000000e-01	5.38830336e+02	-2.75766025e+00	2.54900685e-02
1.60000000e-01	5.38827594e+02	-2.72589970e+00	2.54602847e-02
1.61000000e-01	5.38824884e+02	-2.69467653e+00	2.54309122e-02
1.62000000e-01	5.38822205e+02	-2.66397889e+00	2.54019429e-02
1.63000000e-01	5.38819556e+02	-2.63379525e+00	2.53733686e-02
1.64000000e-01	5.38816937e+02	-2.60411439e+00	2.53451814e-02
1.65000000e-01	5.38814347e+02	-2.57492538e+00	2.53173736e-02
1.66000000e-01	5.38811787e+02	-2.54621758e+00	2.52899377e-02
1.67000000e-01	5.38809255e+02	-2.51798065e+00	2.52628665e-02
1.68000000e-01	5.38806751e+02	-2.49020451e+00	2.52361528e-02
1.69000000e-01	5.38804274e+02	-2.46287933e+00	2.52097897e-02
1.70000000e-01	5.38801825e+02	-2.43599555e+00	2.51837705e-02
1.71000000e-01	5.38799402e+02	-2.40954387e+00	2.51580885e-02
1.72000000e-01	5.38797006e+02	-2.38351520e+00	2.51327373e-02
1.73000000e-01	5.38794635e+02	-2.35790071e+00	2.51077107e-02
1.74000000e-01	5.38792290e+02	-2.33269178e+00	2.50830025e-02
1.75000000e-01	5.38789969e+02	-2.30788002e+00	2.50586069e-02
1.76000000e-01	5.38787674e+02	-2.28345724e+00	2.50345179e-02
1.77000000e-01	5.38785402e+02	-2.25941547e+00	2.50107299e-02
1.78000000e-01	5.38783155e+02	-2.23574694e+00	2.49872374e-02
1.79000000e-01	5.38780931e+02	-2.21244405e+00	2.49640350e-02
1.80000000e-01	5.38778730e+02	-2.18949942e+00	2.49411174e-02
1.81000000e-01	5.38776552e+02	-2.16690583e+00	2.49184794e-02
1.82000000e-01	5.38774396e+02	-2.14465626e+00	2.48961160e-02
1.83000000e-01	5.38772262e+02	-2.12274385e+00	2.48740224e-02
1.84000000e-01	5.38770150e+02	-2.10116190e+00	2.48521936e-02
1.85000000e-01	5.38768060e+02	-2.07990389e+00	2.48306251e-02
1.86000000e-01	5.38765990e+02	-2.05896343e+00	2.48093122e-02
1.87000000e-01	5.38763942e+02	-2.03833433e+00	2.47882505e-02
1.88000000e-01	5.38761914e+02	-2.01801050e+00	2.47674356e-02
1.89000000e-01	5.38759906e+02	-1.99798603e+00	2.47468633e-02
1.90000000e-01	5.38757918e+02	-1.97825514e+00	2.47265293e-02
1.91000000e-01	5.38755949e+02	-1.95881217e+00	2.47064297e-02
1.92000000e-01	5.38754000e+02	-1.93965162e+00	2.46865603e-02
1.93000000e-01	5.38752070e+02	-1.92076811e+00	2.46669173e-02
1.94000000e-01	5.38750158e+02	-1.90215638e+00	2.46474970e-02
1.95000000e-01	5.38748265e+02	-1.88381130e+00	2.46282955e-02
1.96000000e-01	5.38746391e+02	-1.86572785e+00	2.46093093e-02
1.97000000e-01	5.38744534e+02	-1.84790114e+00	2.45905347e-02
1.98000000e-01	5.38742695e+02	-1.83032638e+00	2.45719683e-02
1.99000000e-01	5.38740873e+02	-1.81299888e+00	2.45536066e-02
2.00000000e-01	5.38739069e+02	-1.79591410e+00	2.45354464e-02
2.01000000e-01	5.38737281e+02	-1.77906755e+00	2.45174843e-02
2.02000000e-01	5.38735510e+02	-1.76245487e+00	2.44997171e-02
2.03000000e-01	5.38733756e+02	-1.74607181e+00	2.44821418e-02
2.04000000e-01	5.38732018e+02	-1.72991418e+00	2.44647553e-02
2.05000000e-01	5.38730296e+02	-1.71397791e+00	2.44475545e-02
2.06000000e-01	5.38728590e+02	-1.69825901e+00	2.44305365e-02
2.07000000e-01	5.38726900e+02	-1.68275360e+00	2.44136985e-02
2.08000000e-01	5.38725225e+02	-1.66745784e+00	2.43970376e-02
2.09000000e-01	5.38723565e+02	-1.65236802e+00	2.43805510e-02
2.10000000e-01	5.38721920e+02	-1.63748049e+00	2.43642362e-02
2.11000000e-01	5.38720290e+02	-1.62279169e+00	2.43480903e-02
2.12000000e-01	5.38718674e+02	-1.60829811e+00	2.43321109e-02
2.13000000e-01	5.38717073e+02	-1.59399636e+00	2.43162954e-02
2.14000000e-01	5.38715486e+02	-1.57988308e+00	2.43006412e-02
2.15000000e-01	5.38713913e+02	-1.56595501e+00	2.42851460e-02
2.16000000e-01	5.38712354e+02	-1.55220895e+00	2.42698074e-02
2.17000000e-01	5.38710809e+02	-1.53864177e+00	2.42546229e-02
2.18000000e-01	5.38709277e+02	-1.52525041e+00	2.42395904e-02
2.19000000e-01	5.38707758e+02	-1.51203186e+00	2.42247076e-02
2.20000000e-01	5.38706253e+02	-1.49898319e+00	2.42099722e-02
2.21000000e-01	5.38704760e+02	-1.48610152e+00	2.41953820e-02
2.22000000e-01	5.38703280e+02	-1.47338405e+00	2.41809351e-02
2.23000000e-01	5.38701813e+02	-1.46082800e+00	2.41666292e-02
2.24000000e-01	5.38700359e+02	-1.44843069e+00	2.41524624e-02
2.25000000e-01	5.38698916e+02	-1.43618946e+00	2.41384326e-02
2.26000000e-01	5.38697486e+02	-1.42410174e+00	2.41245378e-02
2.27000000e-01	5.38696068e+02	-1.41216497e+00	2.41107762e-02
2.28000000e-01	5.38694662e+02	-1.40037669e+00	2.40971459e-02
2.29000000e-01	5.38693267e+02	-1.38873444e+00	2.40836449e-02
2.30000000e-01	5.38691884e+02	-1.37723586e+00	2.40702714e-02
2.31000000e-01	5.38690513e+02	-1.36587860e+00	2.40570238e-02
2.32000000e-01	5.38689153e+02	-1.35466037e+00	2.40439002e-02
2.33000000e-01	5.38687803e+02	-1.34357893e+00	2.40308988e-02
2.34000000e-01	5.38686465e+02	-1.33263208e+00	2.40180181e-02
2.35000000e-01	5.38685138e+02	-1.32181766e+00	2.40052563e-02
2.36000000e-01	5.38683822e+02	-1.31113356e+00	2.39926118e-02
2.37000000e-01	5.38682516e+02	-1.30057771e+00	2.39800830e-02
2.38000000e-01	5.38681221e+02	-1.29014808e+00	2.39676683e-02
2.39000000e-01	5.38679936e+02	-1.27984268e+00	2.39553662e-02
2.40000000e-01	5.38678661e+02	-1.26965955e+00	2.39431752e-02
2.41000000e-01	5.38677396e+02	-1.25959678e+00	2.39310938e-02
2.42000000e-01	5.38676142e+02	-1.24965249e+00	2.39191205e-02
2.43000000e-01	5.38674897e+02	-1.23982484e+00	2.39072539e-02
2.44000000e-01	5.38673662e+02	-1.23011204e+00	2.38954926e-02
2.45000000e-01	5.38672437e+02	-1.22051229e+00	2.38838351e-02
2.46000000e-01	5.38671221e+02	-1.21102388e+00	2.38722801e-02
2.47000000e-01	5.38670014e+02	-1.20164509e+00	2.38608264e-02
2.48000000e-01	5.38668817e+02	-1.19237425e+00	2.38494725e-02
2.49000000e-01	5.38667630e+02	-1.18320972e+00	2.38382171e-02
2.50000000e-01	5.38666451e+02	-1.17414990e+00	2.38270591e-02
2.51000000e-01	5.38665281e+02	-1.16519319e+00	2.38159971e-02
2.52000000e-01	5.38664121e+02	-1.15633806e+00	2.38050299e-02
2.53000000e-01	5.38662969e+02	-1.14758298e+00	2.37941563e-02
2.54000000e-01	5.38661825e+02	-1.13892646e+00	2.37833751e-02
2.55000000e-01	5.38660691e+02	-1.13036703e+00	2.37726852e-02
2.56000000e-01	5.38659565e+02	-1.12190325e+00	2.37620854e-02
2.57000000e-01	5.38658447e+02	-1.11353371e+00	2.37515745e-02
2.58000000e-01	5.38657338e+02	-1.10525703e+00	2.37411516e-02
2.59000000e-01	5.38656236e+02	-1.09707185e+00	2.37308153e-02
2.60000000e-01	5.38655143e+02	-1.08897682e+00	2.37205648e-02
2.61000000e-01	5.38654058e+02	-1.08097064e+00	2.37103989e-02
2.62000000e-01	5.38652981e+02	-1.07305202e+00	2.37003166e-02
2.63000000e-01	5.38651912e+02	-1.06521968e+00	2.36903169e-02
2.64000000e-01	5.38650851e+02	-1.05747240e+00	2.36803988e-02
2.65000000e-01	5.38649797e+02	-1.04980894e+00	2.36705612e-02
2.66000000e-01	5.38648751e+02	-1.04222812e+00	2.36608033e-02
2.67000000e-01	5.38647713e+02	-1.03472874e+00	2.36511240e-02
2.68000000e-01	5.38646682e+02	-1.02730966e+00	2.36415223e-02
2.69000000e-01	5.38645658e+02	-1.01996974e+00	2.36319975e-02
2.70000000e-01	5.38644642e+02	-1.01270786e+00	2.36225485e-02
2.71000000e-01	5.38643633e+02	-1.00552293e+00	2.36131745e-02
2.72000000e-01	5.38642631e+02	-9.98413860e-01	2.36038746e-02
2.73000000e-01	5.38641636e+02	-9.91379599e-01	2.35946478e-02
2.74000000e-01	5.38640648e+02	-9.84419104e-01	2.35854934e-02
2.75000000e-01	5.38639667e+02	-9.77531353e-01	2.35764106e-02
2.76000000e-01	5.38638693e+02	-9.70715339e-01	2.35673983e-02
2.77000000e-01	5.38637726e+02	-9.63970075e-01	2.35584560e-02
2.78000000e-01	5.38636765e+02	-9.57294590e-01	2.35495826e-02
2.79000000e-01	5.38635811e+02	-9.50687928e-01	2.35407776e-02
2.80000000e-01	5.38634864e+02	-9.44149151e-01	2.35320400e-02
2.81000000e-01	5.38633923e+02	-9.37677335e-01	2.35233691e-02
2.82000000e-01	5.38632988e+02	-9.31271575e-01	2.35147641e-02
2.83000000e-01	5.38632060e+02	-9.24930978e-01	2.35062244e-02
2.84000000e-01	5.38631138e+02	-9.18654667e-01	2.34977491e-02
2.85000000e-01	5.38630223e+02	-9.12441779e-01	2.34893375e-02
2.86000000e-01	5.38629313e+02	-9.06291467e-01	2.34809890e-02
2.87000000e-01	5.38628410e+02	-9.00202896e-01	2.34727027e-02
2.88000000e-01	5.38627513e+02	-8.94175246e-01	2.34644781e-02
2.89000000e-01	5.38626622e+02	-8.88207711e-01	2.34563145e-02
2.90000000e-01	5.38625737e+02	-8.82299498e-01	2.34482111e-02
2.91000000e-01	5.38624857e+02	-8.76449824e-01	2.34401673e-02
2.92000000e-01	5.38623984e+02	-8.70657924e-01	2.34321824e-02
2.93000000e-01	5.38623116e+02	-8.64923041e-01	2.34242559e-02
2.94000000e-01	5.38622254e+02	-8.59244433e-01	2.34163871e-02
2.95000000e-01	5.38621397e+02	-8.53621369e-01	2.34085753e-02
2.96000000e-01	5.38620547e+02	-8.48053130e-01	2.34008199e-02
2.97000000e-01	5.38619701e+02	-8.42539007e-01	2.33931204e-02
2.98000000e-01	5.38618861e+02	-8.37078304e-01	2.33854760e-02
2.99000000e-01	5.38618027e+02	-8.31670337e-01	2.33778864e-02
3.00000000e-01	5.38617198e+02	-8.26314432e-01	2.33703507e-02
3.01000000e-01	5.38616374e+02	-8.21009923e-01	2.33628686e-02
3.02000000e-01	5.38615556e+02	-8.15756159e-01	2.33554394e-02
3.03000000e-01	5.38614743e+02	-8.10552496e-01	2.33480625e-02
3.04000000e-01	5.38613935e+02	-8.05398303e-01	2.33407374e-02
3.05000000e-01	5.38613132e+02	-8.00292955e-01	2.33334636e-02
3.06000000e-01	5.38612334e+02	-7.95235840e-01	2.33262406e-02
3.07000000e-01	5.38611542e+02	-7.90226355e-01	2.33190677e-02
3.08000000e-01	5.38610754e+02	-7.85263905e-01	2.33119445e-02
3.09000000e-01	5.38609971e+02	-7.80347905e-01	2.33048705e-02
3.10000000e-01	5.38609193e+02	-7.75477780e-01	2.32978451e-02
3.11000000e-01	5.38608420e+02	-7.70652963e-01	2.32908680e-02
3.12000000e-01	5.38607652e+02	-7.65872895e-01	2.32839384e-02
3.13000000e-01	5.38606888e+02	-7.61137026e-01	2.32770561e-02
3.14000000e-01	5.38606130e+02	-7.56444815e-01	2.32702205e-02
3.15000000e-01	5.38605376e+02	-7.51795728e-01	2.32634311e-02
3.16000000e-01	5.38604626e+02	-7.47189242e-01	2.32566875e-02
3.17000000e-01	5.38603881e+02	-7.42624837e-01	2.32499892e-02
3.18000000e-01	5.38603141e+02	-7.38102006e-01	2.32433357e-02
3.19000000e-01	5.38602405e+02	-7.33620247e-01	2.32367267e-02
3.20000000e-01	5.38601674e+02	-7.29179065e-01	2.32301616e-02
3.21000000e-01	5.38600947e+02	-7.24777973e-01	2.32236400e-02
3.22000000e-01	5.38600224e+02	-7.20416492e-01	2.32171616e-02
3.23000000e-01	5.38599506e+02	-7.16094149e-01	2.32107258e-02
3.24000000e-01	5.38598792e+02	-7.11810480e-01	2.32043323e-02
3.25000000e-01	5.38598082e+02	-7.07565025e-01	2.31979806e-02
3.26000000e-01	5.38597377e+02	-7.03357333e-01	2.31916703e-02
3.27000000e-01	5.38596675e+02	-6.99186959e-01	2.31854011e-02
3.28000000e-01	5.38595978e+02	-6.95053463e-01	2.31791725e-02
3.29000000e-01	5.38595285e+02	-6.90956414e-01	2.31729841e-02
3.30000000e-01	5.38594596e+02	-6.86895386e-01	2.31668356e-02
3.31000000e-01	5.38593911e+02	-6.82869958e-01	2.31607265e-02
3.32000000e-01	5.38593231e+02	-6.78879718e-01	2.31546566e-02
3.33000000e-01	5.38592554e+02	-6.74924258e-01	2.31486253e-02
3.34000000e-01	5.38591881e+02	-6.71003175e-01	2.31426325e-02
3.35000000e-01	5.38591212e+02	-6.67116074e-01	2.31366775e-02
3.36000000e-01	5.38590546e+02	-6.63262564e-01	2.31307603e-02
3.37000000e-01	5.38589885e+02	-6.59442261e-01	2.31248802e-02
3.38000000e-01	5.38589228e+02	-6.55654784e-01	2.31190371e-02
3.39000000e-01	5.38588574e+02	-6.51899761e-01	2.31132306e-02
3.40000000e-01	5.38587924e+02	-6.48176822e-01	2.31074603e-02
3.41000000e-01	5.38587277e+02	-6.44485603e-01	2.31017259e-02
3.42000000e-01	5.38586635e+02	-6.40825748e-01	2.30960271e-02
3.43000000e-01	5.38585996e+02	-6.37196901e-01	2.30903635e-02
3.44000000e-01	5.38585360e+02	-6.33598716e-01	2.30847348e-02
3.45000000e-01	5.38584729e+02	-6.30030848e-01	2.30791407e-02
3.46000000e-01	5.38584100e+02	-6.26492958e-01	2.30735809e-02
3.47000000e-01	5.38583476e+02	-6.22984713e-01	2.30680550e-02
3.48000000e-01	5.38582854e+02	-6.19505783e-01	2.30625628e-02
3.49000000e-01	5.38582237e+02	-6.16055844e-01	2.30571039e-02
3.50000000e-01	5.38581622e+02	-6.12634575e-01	2.30516780e-02
3.51000000e-01	5.38581011e+02	-6.09241659e-01	2.30462849e-02
3.52000000e-01	5.38580404e+02	-6.05876786e-01	2.30409242e-02
3.53000000e-01	5.38579800e+02	-6.02539648e-01	2.30355957e-02
3.54000000e-01	5.38579199e+02	-5.99229941e-01	2.30302991e-02
3.55000000e-01	5.38578601e+02	-5.95947367e-01	2.30250340e-02
3.56000000e-01	5.38578007e+02	-5.92691631e-01	2.30198003e-02
3.57000000e-01	5.38577416e+02	-5.89462441e-01	2.30145975e-02
3.58000000e-01	5.38576828e+02	-5.86259511e-01	2.30094255e-02
3.59000000e-01	5.38576243e+02	-5.83082557e-01	2.30042840e-02
3.60000000e-01	5.38575662e+02	-5.79931300e-01	2.29991727e-02
3.61000000e-01	5.38575083e+02	-5.76805464e-01	2.29940913e-02
3.62000000e-01	5.38574508e+02	-5.73704777e-01	2.29890397e-02
3.63000000e-01	5.38573936e+02	-5.70628971e-01	2.29840174e-02
3.64000000e-01	5.38573367e+02	-5.67577780e-01	2.29790243e-02
3.65000000e-01	5.38572801e+02	-5.64550944e-01	2.29740601e-02
3.66000000e-01	5.38572238e+02	-5.61548204e-01	2.29691246e-02
3.67000000e-01	5.38571678e+02	-5.58569307e-01	2.29642175e-02
3.68000000e-01	5.38571121e+02	-5.55614000e-01	2.29593386e-02
3.69000000e-01	5.38570566e+02	-5.52682036e-01	2.29544876e-02
3.70000000e-01	5.38570015e+02	-5.49773170e-01	2.29496643e-02
3.71000000e-01	5.38569467e+02	-5.46887161e-01	2.29448685e-02
3.72000000e-01	5.38568921e+02	-5.44023771e-01	2.29400999e-02
3.73000000e-01	5.38568379e+02	-5.41182765e-01	2.29353582e-02
3.74000000e-01	5.38567839e+02	-5.38363909e-01	2.29306434e-02
3.75000000e-01	5.38567302e+02	-5.35566975e-01	2.29259551e-02
3.76000000e-01	5.38566768e+02	-5.32791738e-01	2.29212931e-02
3.77000000e-01	5.38566236e+02	-5.30037972e-01	2.29166572e-02
3.78000000e-01	5.38565708e+02	-5.27305459e-01	2.29120471e-02
3.79000000e-01	5.38565182e+02	-5.24593980e-01	2.29074628e-02
3.80000000e-01	5.38564659e+02	-5.21903321e-01	2.29029038e-02
3.81000000e-01	5.38564138e+02	-5.19233269e-01	2.28983702e-02
3.82000000e-01	5.38563620e+02	-5.16583614e-01	2.28938615e-02
3.83000000e-01	5.38563105e+02	-5.13954151e-01	2.28893777e-02
3.84000000e-01	5.38562592e+02	-5.11344675e-01	2.28849185e-02
3.85000000e-01	5.38562082e+02	-5.08754984e-01	2.28804837e-02
3.86000000e-01	5.38561575e+02	-5.06184879e-01	2.28760731e-02
3.87000000e-01	5.38561070e+02	-5.03634163e-01	2.28716865e-02
3.88000000e-01	5.38560567e+02	-5.01102643e-01	2.28673238e-02
3.89000000e-01	5.38560068e+02	-4.98590127e-01	2.28629847e-02
3.90000000e-01	5.38559570e+02	-4.96096425e-01	2.28586690e-02
3.91000000e-01	5.38559075e+02	-4.93621350e-01	2.28543766e-02
3.92000000e-01	5.38558583e+02	-4.91164718e-01	2.28501072e-02
3.93000000e-01	5.38558093e+02	-4.88726346e-01	2.28458607e-02
3.94000000e-01	5.38557606e+02	-4.86306054e-01	2.28416370e-02
3.95000000e-01	5.38557120e+02	-4.83903664e-01	2.28374357e-02
3.96000000e-01	5.38556638e+02	-4.81519000e-01	2.28332568e-02
3.97000000e-01	5.38556157e+02	-4.79151889e-01	2.28291000e-02
3.98000000e-01	5.38555679e+02	-4.76802159e-01	2.28249652e-02
3.99000000e-01	5.38555204e+02	-4.74469641e-01	2.28208522e-02
4.00000000e-01	5.38554731e+02	-4.72154167e-01	2.28167608e-02
4.01000000e-01	5.38554260e+02	-4.69855572e-01	2.28126909e-02
4.02000000e-01	5.38553791e+02	-4.67573693e-01	2.28086424e-02
4.03000000e-01	5.38553324e+02	-4.65308368e-01	2.28046149e-02
4.04000000e-01	5.38552860e+02	-4.63059438e-01	2.28006084e-02
4.05000000e-01	5.38552398e+02	-4.60826745e-01	2.27966227e-02
4.06000000e-01	5.38551939e+02	-4.58610133e-01	2.27926577e-02
4.07000000e-01	5.38551481e+02	-4.56409450e-01	2.27887131e-02
4.08000000e-01	5.38551026e+02	-4.54224542e-01	2.27847889e-02
4.09000000e-01	5.38550573e+02	-4.52055261e-01	2.27808848e-02
4.10000000e-01	5.38550122e+02	-4.49901456e-01	2.27770008e-02
4.11000000e-01	5.38549673e+02	-4.47762982e-01	2.27731366e-02
4.12000000e-01	5.38549226e+02	-4.45639694e-01	2.27692921e-02
4.13000000e-01	5.38548782e+02	-4.43531449e-01	2.27654671e-02
4.14000000e-01	5.38548339e+02	-4.41438105e-01	2.27616616e-02
4.15000000e-01	5.38547899e+02	-4.39359522e-01	2.27578753e-02
4.16000000e-01	5.38547460e+02	-4.37295562e-01	2.27541082e-02
4.17000000e-01	5.38547024e+02	-4.35246088e-01	2.27503600e-02
4.18000000e-01	5.38546590e+02	-4.33210966e-01	2.27466307e-02
4.19000000e-01	5.38546158e+02	-4.31190062e-01	2.27429200e-02
4.20000000e-01	5.38545727e+02	-4.29183244e-01	2.27392279e-02
4.21000000e-01	5.38545299e+02	-4.27190382e-01	2.27355542e-02
4.22000000e-01	5.38544873e+02	-4.25211346e-01	2.27318988e-02
4.23000000e-01	5.38544449e+02	-4.23246010e-01	2.27282615e-02
4.24000000e-01	5.38544027e+02	-4.21294247e-01	2.27246422e-02
4.25000000e-01	5.38543606e+02	-4.19355933e-01	2.27210408e-02
4.26000000e-01	5.38543188e+02	-4.17430945e-01	2.27174571e-02
4.27000000e-01	5.38542771e+02	-4.15519161e-01	2.27138910e-02
4.28000000e-01	5.38542357e+02	-4.13620461e-01	2.27103424e-02
4.29000000e-01	5.38541944e+02	-4.11734727e-01	2.27068112e-02
4.30000000e-01	5.38541533e+02	-4.09861839e-01	2.27032972e-02
4.31000000e-01	5.38541124e+02	-4.08001683e-01	2.26998002e-02
4.32000000e-01	5.38540717e+02	-4.06154142e-01	2.26963203e-02
4.33000000e-01	5.38540312e+02	-4.04319105e-01	2.26928572e-02
4.34000000e-01	5.38539909e+02	-4.02496457e-01	2.26894108e-02
4.35000000e-01	5.38539507e+02	-4.00686089e-01	2.26859810e-02
4.36000000e-01	5.38539107e+02	-3.98887889e-01	2.26825677e-02
4.37000000e-01	5.38538709e+02	-3.97101750e-01	2.26791708e-02
4.38000000e-01	5.38538313e+02	-3.95327565e-01	2.26757902e-02
4.39000000e-01	5.38537919e+02	-3.93565226e-01	2.26724256e-02
4.40000000e-01	5.38537526e+02	-3.91814628e-01	2.26690771e-02
4.41000000e-01	5.38537135e+02	-3.90075669e-01	2.26657445e-02
4.42000000e-01	5.38536746e+02	-3.88348244e-01	2.26624277e-02
4.43000000e-01	5.38536358e+02	-3.86632253e-01	2.26591266e-02
4.44000000e-01	5.38535973e+02	-3.84927595e-01	2.26558410e-02
4.45000000e-01	5.38535589e+02	-3.83234171e-01	2.26525709e-02
4.46000000e-01	5.38535206e+02	-3.81551881e-01	2.26493162e-02
4.47000000e-01	5.38534825e+02	-3.79880629e-01	2.26460767e-02
4.48000000e-01	5.38534446e+02	-3.78220319e-01	2.26428523e-02
4.49000000e-01	5.38534069e+02	-3.76570855e-01	2.26396430e-02
4.50000000e-01	5.38533693e+02	-3.74932144e-01	2.26364485e-02
4.51000000e-01	5.38533319e+02	-3.73304092e-01	2.26332690e-02
4.52000000e-01	5.38532947e+02	-3.71686606e-01	2.26301041e-02
4.53000000e-01	5.38532576e+02	-3.70079597e-01	2.26269539e-02
4.54000000e-01	5.38532206e+02	-3.68482974e-01	2.26238181e-02
4.55000000e-01	5.38531839e+02	-3.66896647e-01	2.26206968e-02
4.56000000e-01	5.38531473e+02	-3.65320529e-01	2.26175898e-02
4.57000000e-01	5.38531108e+02	-3.63754532e-01	2.26144971e-02
4.58000000e-01	5.38530745e+02	-3.62198569e-01	2.26114184e-02
4.59000000e-01	5.38530384e+02	-3.60652556e-01	2.26083538e-02
4.60000000e-01	5.38530024e+02	-3.59116408e-01	2.26053031e-02
4.61000000e-01	5.38529666e+02	-3.57590041e-01	2.26022662e-02
4.62000000e-01	5.38529309e+02	-3.56073373e-01	2.25992431e-02
4.63000000e-01	5.38528953e+02	-3.54566321e-01	2.25962337e-02
4.64000000e-01	5.38528600e+02	-3.53068804e-01	2.25932378e-02
4.65000000e-01	5.38528247e+02	-3.51580743e-01	2.25902553e-02
4.66000000e-01	5.38527896e+02	-3.50102058e-01	2.25872863e-02
4.67000000e-01	5.38527547e+02	-3.48632670e-01	2.25843305e-02
4.68000000e-01	5.38527199e+02	-3.47172503e-01	2.25813879e-02
4.69000000e-01	5.38526853e+02	-3.45721478e-01	2.25784584e-02
4.70000000e-01	5.38526508e+02	-3.44279520e-01	2.25755420e-02
4.71000000e-01	5.38526164e+02	-3.42846554e-01	2.25726385e-02
4.72000000e-01	5.38525822e+02	-3.41422505e-01	2.25697478e-02
4.73000000e-01	5.38525481e+02	-3.40007299e-01	2.25668699e-02
4.74000000e-01	5.38525142e+02	-3.38600864e-01	2.25640047e-02
4.75000000e-01	5.38524804e+02	-3.37203127e-01	2.25611520e-02
4.76000000e-01	5.38524468e+02	-3.35814017e-01	2.25583119e-02
4.77000000e-01	5.38524132e+02	-3.34433462e-01	2.25554842e-02
4.78000000e-01	5.38523799e+02	-3.33061394e-01	2.25526689e-02
4.79000000e-01	5.38523466e+02	-3.31697742e-01	2.25498659e-02
4.80000000e-01	5.38523135e+02	-3.30342438e-01	2.25470750e-02
4.81000000e-01	5.38522806e+02	-3.28995414e-01	2.25442962e-02
4.82000000e-01	5.38522477e+02	-3.27656603e-01	2.25415295e-02
4.83000000e-01	5.38522150e+02	-3.26325938e-01	2.25387747e-02
4.84000000e-01	5.38521825e+02	-3.25003353e-01	2.25360318e-02
4.85000000e-01	5.38521500e+02	-3.23688784e-01	2.25333007e-02
4.86000000e-01	5.38521177e+02	-3.22382165e-01	2.25305813e-02
4.87000000e-01	5.38520856e+02	-3.21083433e-01	2.25278736e-02
4.88000000e-01	5.38520535e+02	-3.19792525e-01	2.25251775e-02
4.89000000e-01	5.38520216e+02	-3.18509377e-01	2.25224928e-02
4.90000000e-01	5.38519898e+02	-3.17233928e-01	2.25198196e-02
4.91000000e-01	5.38519582e+02	-3.15966117e-01	2.25171577e-02
4.92000000e-01	5.38519266e+02	-3.14705882e-01	2.25145071e-02
4.93000000e-01	5.38518952e+02	-3.13453164e-01	2.25118678e-02
4.94000000e-01	5.38518639e+02	-3.12207902e-01	2.25092395e-02
4.95000000e-01	5.38518328e+02	-3.10970039e-01	2.25066224e-02
4.96000000e-01	5.38518017e+02	-3.09739514e-01	2.25040162e-02
4.97000000e-01	5.38517708e+02	-3.08516272e-01	2.25014209e-02
4.98000000e-01	5.38517400e+02	-3.07300254e-01	2.24988366e-02
4.99000000e-01	5.38517094e+02	-3.06091403e-01	2.24962630e-02
5.00000000e-01	5.38516788e+02	-3.04889664e-01	2.24937001e-02
5.01000000e-01	5.38516484e+02	-3.03694980e-01	2.24911479e-02
5.02000000e-01	5.38516181e+02	-3.02507298e-01	2.24886063e-02
5.03000000e-01	5.38515879e+02	-3.01326562e-01	2.24860753e-02
5.04000000e-01	5.38515578e+02	-3.00152718e-01	2.24835546e-02
5.05000000e-01	5.38515279e+02	-2.98985712e-01	2.24810444e-02
5.06000000e-01	5.38514980e+02	-2.97825493e-01	2.24785445e-02
5.07000000e-01	5.38514683e+02	-2.96672007e-01	2.24760549e-02
5.08000000e-01	5.38514387e+02	-2.95525202e-01	2.24735755e-02
5.09000000e-01	5.38514092e+02	-2.94385028e-01	2.24711063e-02
5.10000000e-01	5.38513798e+02	-2.93251432e-01	2.24686471e-02
5.11000000e-01	5.38513505e+02	-2.92124365e-01	2.24661979e-02
5.12000000e-01	5.38513214e+02	-2.91003777e-01	2.24637587e-02
5.13000000e-01	5.38512923e+02	-2.89889617e-01	2.24613294e-02
5.14000000e-01	5.38512634e+02	-2.88781838e-01	2.24589100e-02
5.15000000e-01	5.38512346e+02	-2.87680390e-01	2.24565003e-02
5.16000000e-01	5.38512059e+02	-2.86585225e-01	2.24541003e-02
5.17000000e-01	5.38511773e+02	-2.85496297e-01	2.24517100e-02
5.18000000e-01	5.38511488e+02	-2.84413556e-01	2.24493293e-02
5.19000000e-01	5.38511204e+02	-2.83336958e-01	2.24469582e-02
5.20000000e-01	5.38510921e+02	-2.82266455e-01	2.24445965e-02
5.21000000e-01	5.38510639e+02	-2.81202001e-01	2.24422443e-02
5.22000000e-01	5.38510359e+02	-2.80143552e-01	2.24399014e-02
5.23000000e-01	5.38510079e+02	-2.79091061e-01	2.24375679e-02
5.24000000e-01	5.38509800e+02	-2.78044485e-01	2.24352436e-02
5.25000000e-01	5.38509523e+02	-2.77003780e-01	2.24329285e-02
5.26000000e-01	5.38509246e+02	-2.75968901e-01	2.24306226e-02
5.27000000e-01	5.38508971e+02	-2.74939805e-01	2.24283258e-02
5.28000000e-01	5.38508697e+02	-2.73916449e-01	2.24260380e-02
5.29000000e-01	5.38508423e+02	-2.72898791e-01	2.24237593e-02
5.30000000e-01	5.38508151e+02	-2.71886788e-01	2.24214894e-02
5.31000000e-01	5.38507879e+02	-2.70880399e-01	2.24192285e-02
5.32000000e-01	5.38507609e+02	-2.69879582e-01	2.24169764e-02
5.33000000e-01	5.38507340e+02	-2.68884296e-01	2.24147331e-02
5.34000000e-01	5.38507071e+02	-2.67894501e-01	2.24124985e-02
5.35000000e-01	5.38506804e+02	-2.66910157e-01	2.24102726e-02
5.36000000e-01	5.38506537e+02	-2.65931222e-01	2.24080553e-02
5.37000000e-01	5.38506272e+02	-2.64957659e-01	2.24058466e-02
5.38000000e-01	5.38506007e+02	-2.63989427e-01	2.24036464e-02
5.39000000e-01	5.38505744e+02	-2.63026488e-01	2.24014547e-02
5.40000000e-01	5.38505481e+02	-2.62068804e-01	2.23992715e-02
5.41000000e-01	5.38505220e+02	-2.61116336e-01	2.23970966e-02
5.42000000e-01	5.38504959e+02	-2.60169046e-01	2.23949301e-02
5.43000000e-01	5.38504700e+02	-2.59226897e-01	2.23927719e-02
5.44000000e-01	5.38504441e+02	-2.58289853e-01	2.23906219e-02
5.45000000e-01	5.38504183e+02	-2.57357875e-01	2.23884801e-02
5.46000000e-01	5.38503926e+02	-2.56430928e-01	2.23863464e-02
5.47000000e-01	5.38503670e+02	-2.55508976e-01	2.23842208e-02
5.48000000e-01	5.38503415e+02	-2.54591983e-01	2.23821034e-02
5.49000000e-01	5.38503161e+02	-2.53679913e-01	2.23799939e-02
5.50000000e-01	5.38502908e+02	-2.52772731e-01	2.23778923e-02
5.51000000e-01	5.38502655e+02	-2.51870403e-01	2.23757987e-02
5.52000000e-01	5.38502404e+02	-2.50972894e-01	2.23737130e-02
5.53000000e-01	5.38502153e+02	-2.50080169e-01	2.23716351e-02
5.54000000e-01	5.38501904e+02	-2.49192195e-01	2.23695650e-02
5.55000000e-01	5.38501655e+02	-2.48308938e-01	2.23675026e-02
5.56000000e-01	5.38501407e+02	-2.47430365e-01	2.23654479e-02
5.57000000e-01	5.38501160e+02	-2.46556443e-01	2.23634009e-02
5.58000000e-01	5.38500914e+02	-2.45687139e-01	2.23613615e-02
5.59000000e-01	5.38500669e+02	-2.44822420e-01	2.23593297e-02
5.60000000e-01	5.38500424e+02	-2.43962255e-01	2.23573054e-02
5.61000000e-01	5.38500181e+02	-2.43106611e-01	2.23552886e-02
5.62000000e-01	5.38499938e+02	-2.42255457e-01	2.23532792e-02
5.63000000e-01	5.38499696e+02	-2.41408762e-01	2.23512772e-02
5.64000000e-01	5.38499455e+02	-2.40566494e-01	2.23492827e-02
5.65000000e-01	5.38499215e+02	-2.39728623e-01	2.23472954e-02
5.66000000e-01	5.38498976e+02	-2.38895119e-01	2.23453154e-02
5.67000000e-01	5.38498737e+02	-2.38065950e-01	2.23433426e-02
5.68000000e-01	5.38498500e+02	-2.37241087e-01	2.23413771e-02
5.69000000e-01	5.38498263e+02	-2.36420500e-01	2.23394187e-02
5.70000000e-01	5.38498027e+02	-2.35604160e-01	2.23374675e-02
5.71000000e-01	5.38497792e+02	-2.34792038e-01	2.23355233e-02
5.72000000e-01	5.38497557e+02	-2.33984104e-01	2.23335862e-02
5.73000000e-01	5.38497324e+02	-2.33180330e-01	2.23316561e-02
5.74000000e-01	5.38497091e+02	-2.32380687e-01	2.23297329e-02
5.75000000e-01	5.38496859e+02	-2.31585148e-01	2.23278167e-02
5.76000000e-01	5.38496628e+02	-2.30793683e-01	2.23259074e-02
5.77000000e-01	5.38496397e+02	-2.30006266e-01	2.23240050e-02
5.78000000e-01	5.38496168e+02	-2.29222868e-01	2.23221093e-02
5.79000000e-01	5.38495939e+02	-2.28443463e-01	2.23202205e-02
5.80000000e-01	5.38495711e+02	-2.27668024e-01	2.23183384e-02
5.81000000e-01	5.38495484e+02	-2.26896523e-01	2.23164630e-02
5.82000000e-01	5.38495257e+02	-2.26128934e-01	2.23145943e-02
5.83000000e-01	5.38495031e+02	-2.25365231e-01	2.23127323e-02
5.84000000e-01	5.38494806e+02	-2.24605387e-01	2.23108768e-02
5.85000000e-01	5.38494582e+02	-2.23849376e-01	2.23090279e-02
5.86000000e-01	5.38494359e+02	-2.23097174e-01	2.23071856e-02
5.87000000e-01	5.38494136e+02	-2.22348753e-01	2.23053498e-02
5.88000000e-01	5.38493914e+02	-2.21604090e-01	2.23035204e-02
5.89000000e-01	5.38493693e+02	-2.20863159e-01	2.23016975e-02
5.90000000e-01	5.38493472e+02	-2.20125934e-01	2.22998809e-02
5.91000000e-01	5.38493253e+02	-2.19392392e-01	2.22980708e-02
5.92000000e-01	5.38493034e+02	-2.18662508e-01	2.22962669e-02
5.93000000e-01	5.38492815e+02	-2.17936257e-01	2.22944694e-02
5.94000000e-01	5.38492598e+02	-2.17213616e-01	2.22926781e-02
5.95000000e-01	5.38492381e+02	-2.16494561e-01	2.22908931e-02
5.96000000e-01	5.38492165e+02	-2.15779068e-01	2.22891142e-02
5.97000000e-01	5.38491949e+02	-2.15067113e-01	2.22873416e-02
5.98000000e-01	5.38491735e+02	-2.14358674e-01	2.22855751e-02
5.99000000e-01	5.38491521e+02	-2.13653727e-01	2.22838146e-02
6.00000000e-01	5.38491307e+02	-2.12952249e-01	2.22820603e-02
6.01000000e-01	5.38491095e+02	-2.12254217e-01	2.22803120e-02
6.02000000e-01	5.38490883e+02	-2.11559610e-01	2.22785697e-02
6.03000000e-01	5.38490672e+02	-2.10868404e-01	2.22768334e-02
6.04000000e-01	5.38490461e+02	-2.10180578e-01	2.22751030e-02
6.05000000e-01	5.38490251e+02	-2.09496110e-01	2.22733786e-02
6.06000000e-01	5.38490042e+02	-2.08814977e-01	2.22716600e-02
6.07000000e-01	5.38489834e+02	-2.08137159e-01	2.22699473e-02
6.08000000e-01	5.38489626e+02	-2.07462633e-01	2.22682405e-02
6.09000000e-01	5.38489419e+02	-2.06791379e-01	2.22665394e-02
6.10000000e-01	5.38489212e+02	-2.06123375e-01	2.22648441e-02
6.11000000e-01	5.38489006e+02	-2.05458601e-01	2.22631546e-02
6.12000000e-01	5.38488801e+02	-2.04797035e-01	2.22614707e-02
6.13000000e-01	5.38488597e+02	-2.04138657e-01	2.22597926e-02
6.14000000e-01	5.38488393e+02	-2.03483447e-01	2.22581201e-02
6.15000000e-01	5.38488190e+02	-2.02831384e-01	2.22564532e-02
6.16000000e-01	5.38487987e+02	-2.02182448e-01	2.22547919e-02
6.17000000e-01	5.38487785e+02	-2.01536619e-01	2.22531362e-02
6.18000000e-01	5.38487584e+02	-2.00893878e-01	2.22514860e-02
6.19000000e-01	5.38487384e+02	-2.00254205e-01	2.22498414e-02
6.20000000e-01	5.38487184e+02	-1.99617580e-01	2.22482022e-02
6.21000000e-01	5.38486984e+02	-1.98983984e-01	2.22465685e-02
6.22000000e-01	5.38486786e+02	-1.98353398e-01	2.22449402e-02
6.23000000e-01	5.38486588e+02	-1.97725803e-01	2.22433173e-02
6.24000000e-01	5.38486390e+02	-1.97101180e-01	2.22416998e-02
6.25000000e-01	5.38486194e+02	-1.96479510e-01	2.22400876e-02
6.26000000e-01	5.38485997e+02	-1.95860775e-01	2.22384808e-02
6.27000000e-01	5.38485802e+02	-1.95244956e-01	2.22368793e-02
6.28000000e-01	5.38485607e+02	-1.94632035e-01	2.22352830e-02
6.29000000e-01	5.38485413e+02	-1.94021993e-01	2.22336920e-02
6.30000000e-01	5.38485219e+02	-1.93414814e-01	2.22321062e-02
6.31000000e-01	5.38485026e+02	-1.92810478e-01	2.22305256e-02
6.32000000e-01	5.38484833e+02	-1.92208969e-01	2.22289502e-02
6.33000000e-01	5.38484641e+02	-1.91610268e-01	2.22273799e-02
6.34000000e-01	5.38484450e+02	-1.91014359e-01	2.22258148e-02
6.35000000e-01	5.38484259e+02	-1.90421223e-01	2.22242547e-02
6.36000000e-01	5.38484069e+02	-1.89830844e-01	2.22226997e-02
6.37000000e-01	5.38483880e+02	-1.89243205e-01	2.22211497e-02
6.38000000e-01	5.38483691e+02	-1.88658288e-01	2.22196048e-02
6.39000000e-01	5.38483502e+02	-1.88076077e-01	2.22180648e-02
6.40000000e-01	5.38483315e+02	-1.87496556e-01	2.22165299e-02
6.41000000e-01	5.38483127e+02	-1.86919708e-01	2.22149998e-02
6.42000000e-01	5.38482941e+02	-1.86345515e-01	2.22134747e-02
6.43000000e-01	5.38482755e+02	-1.85773963e-01	2.22119545e-02
6.44000000e-01	5.38482569e+02	-1.85205035e-01	2.22104392e-02
6.45000000e-01	5.38482384e+02	-1.84638715e-01	2.22089287e-02
6.46000000e-01	5.38482200e+02	-1.84074987e-01	2.22074231e-02
6.47000000e-01	5.38482016e+02	-1.83513835e-01	2.22059222e-02
6.48000000e-01	5.38481833e+02	-1.82955244e-01	2.22044262e-02
6.49000000e-01	5.38481650e+02	-1.82399197e-01	2.22029349e-02
6.50000000e-01	5.38481468e+02	-1.81845681e-01	2.22014483e-02
6.51000000e-01	5.38481287e+02	-1.81294678e-01	2.21999665e-02
6.52000000e-01	5.38481106e+02	-1.80746175e-01	2.21984893e-02
6.53000000e-01	5.38480925e+02	-1.80200156e-01	2.21970168e-02
6.54000000e-01	5.38480745e+02	-1.79656605e-01	2.21955490e-02
6.55000000e-01	5.38480566e+02	-1.79115509e-01	2.21940858e-02
6.56000000e-01	5.38480387e+02	-1.78576853e-01	2.21926272e-02
6.57000000e-01	5.38480209e+02	-1.78040621e-01	2.21911732e-02
6.58000000e-01	5.38480031e+02	-1.77506799e-01	2.21897237e-02
6.59000000e-01	5.38479854e+02	-1.76975374e-01	2.21882788e-02
6.60000000e-01	5.38479677e+02	-1.76446330e-01	2.21868384e-02
6.61000000e-01	5.38479501e+02	-1.75919653e-01	2.21854025e-02
6.62000000e-01	5.38479325e+02	-1.75395329e-01	2.21839710e-02
6.63000000e-01	5.38479150e+02	-1.74873345e-01	2.21825441e-02
6.64000000e-01	5.38478975e+02	-1.74353687e-01	2.21811215e-02
6.65000000e-01	5.38478801e+02	-1.73836339e-01	2.21797034e-02
6.66000000e-01	5.38478628e+02	-1.73321290e-01	2.21782897e-02
6.67000000e-01	5.38478455e+02	-1.72808525e-01	2.21768803e-02
6.68000000e-01	5.38478282e+02	-1.72298031e-01	2.21754753e-02
6.69000000e-01	5.38478110e+02	-1.71789795e-01	2.21740747e-02
6.70000000e-01	5.38477938e+02	-1.71283803e-01	2.21726783e-02
6.71000000e-01	5.38477767e+02	-1.70780041e-01	2.21712862e-02
6.72000000e-01	5.38477597e+02	-1.70278498e-01	2.21698984e-02
6.73000000e-01	5.38477427e+02	-1.69779159e-01	2.21685149e-02
6.74000000e-01	5.38477257e+02	-1.69282013e-01	2.21671356e-02
6.75000000e-01	5.38477088e+02	-1.68787046e-01	2.21657605e-02
6.76000000e-01	5.38476920e+02	-1.68294245e-01	2.21643896e-02
6.77000000e-01	5.38476752e+02	-1.67803599e-01	2.21630229e-02
6.78000000e-01	5.38476584e+02	-1.67315093e-01	2.21616603e-02
6.79000000e-01	5.38476417e+02	-1.66828717e-01	2.21603019e-02
6.80000000e-01	5.38476251e+02	-1.66344457e-01	2.21589476e-02
6.81000000e-01	5.38476084e+02	-1.65862301e-01	2.21575974e-02
6.82000000e-01	5.38475919e+02	-1.65382238e-01	2.21562513e-02
6.83000000e-01	5.38475754e+02	-1.64904255e-01	2.21549092e-02
6.84000000e-01	5.38475589e+02	-1.64428340e-01	2.21535712e-02
6.85000000e-01	5.38475425e+02	-1.63954481e-01	2.21522372e-02
6.86000000e-01	5.38475261e+02	-1.63482666e-01	2.21509073e-02
6.87000000e-01	5.38475098e+02	-1.63012884e-01	2.21495813e-02
6.88000000e-01	5.38474935e+02	-1.62545123e-01	2.21482593e-02
6.89000000e-01	5.38474773e+02	-1.62079372e-01	2.21469412e-02
6.90000000e-01	5.38474611e+02	-1.61615618e-01	2.21456271e-02
6.91000000e-01	5.38474450e+02	-1.61153851e-01	2.21443169e-02
6.92000000e-01	5.38474289e+02	-1.60694059e-01	2.21430106e-02
6.93000000e-01	5.38474128e+02	-1.60236231e-01	2.21417082e-02
6.94000000e-01	5.38473968e+02	-1.59780356e-01	2.21404097e-02
6.95000000e-01	5.38473809e+02	-1.59326423e-01	2.21391150e-02
6.96000000e-01	5.38473649e+02	-1.58874420e-01	2.21378241e-02
6.97000000e-01	5.38473491e+02	-1.58424337e-01	2.21365371e-02
6.98000000e-01	5.38473333e+02	-1.57976163e-01	2.21352538e-02
6.99000000e-01	5.38473175e+02	-1.57529887e-01	2.21339744e-02
7.00000000e-01	5.38473018e+02	-1.57085499e-01	2.21326987e-02
7.01000000e-01	5.38472861e+02	-1.56642987e-01	2.21314267e-02
7.02000000e-01	5.38472704e+02	-1.56202342e-01	2.21301585e-02
7.03000000e-01	5.38472548e+02	-1.55763552e-01	2.21288940e-02
7.04000000e-01	5.38472393e+02	-1.55326608e-01	2.21276332e-02
7.05000000e-01	5.38472238e+02	-1.54891499e-01	2.21263761e-02
7.06000000e-01	5.38472083e+02	-1.54458215e-01	2.21251227e-02
7.07000000e-01	5.38471929e+02	-1.54026745e-01	2.21238729e-02
7.08000000e-01	5.38471775e+02	-1.53597080e-01	2.21226267e-02
7.09000000e-01	5.38471622e+02	-1.53169210e-01	2.21213842e-02
7.10000000e-01	5.38471469e+02	-1.52743124e-01	2.21201452e-02
7.11000000e-01	5.38471316e+02	-1.52318812e-01	2.21189099e-02
7.12000000e-01	5.38471164e+02	-1.51896265e-01	2.21176781e-02
7.13000000e-01	5.38471012e+02	-1.51475474e-01	2.21164499e-02
7.14000000e-01	5.38470861e+02	-1.51056427e-01	2.21152252e-02
7.15000000e-01	5.38470710e+02	-1.50639116e-01	2.21140041e-02
7.16000000e-01	5.38470560e+02	-1.50223532e-01	2.21127865e-02
7.17000000e-01	5.38470410e+02	-1.49809664e-01	2.21115723e-02
7.18000000e-01	5.38470260e+02	-1.49397503e-01	2.21103617e-02
7.19000000e-01	5.38470111e+02	-1.48987040e-01	2.21091545e-02
7.20000000e-01	5.38469962e+02	-1.48578265e-01	2.21079508e-02
7.21000000e-01	5.38469814e+02	-1.48171169e-01	2.21067505e-02
7.22000000e-01	5.38469666e+02	-1.47765744e-01	2.21055536e-02
7.23000000e-01	5.38469518e+02	-1.47361980e-01	2.21043601e-02
7.24000000e-01	5.38469371e+02	-1.46959867e-01	2.21031700e-02
7.25000000e-01	5.38469224e+02	-1.46559397e-01	2.21019833e-02
7.26000000e-01	5.38469078e+02	-1.46160562e-01	2.21008000e-02
7.27000000e-01	5.38468932e+02	-1.45763351e-01	2.20996200e-02
7.28000000e-01	5.38468786e+02	-1.45367757e-01	2.20984434e-02
7.29000000e-01	5.38468641e+02	-1.44973770e-01	2.20972700e-02
7.30000000e-01	5.38468497e+02	-1.44581382e-01	2.20961000e-02
7.31000000e-01	5.38468352e+02	-1.44190584e-01	2.20949333e-02
7.32000000e-01	5.38468208e+02	-1.43801368e-01	2.20937699e-02
7.33000000e-01	5.38468065e+02	-1.43413725e-01	2.20926097e-02
7.34000000e-01	5.38467921e+02	-1.43027646e-01	2.20914528e-02
7.35000000e-01	5.38467779e+02	-1.42643124e-01	2.20902991e-02
7.36000000e-01	5.38467636e+02	-1.42260149e-01	2.20891486e-02
7.37000000e-01	5.38467494e+02	-1.41878715e-01	2.20880014e-02
7.38000000e-01	5.38467352e+02	-1.41498811e-01	2.20868573e-02
7.39000000e-01	5.38467211e+02	-1.41120431e-01	2.20857164e-02
7.40000000e-01	5.38467070e+02	-1.40743566e-01	2.20845787e-02
7.41000000e-01	5.38466930e+02	-1.40368207e-01	2.20834442e-02
7.42000000e-01	5.38466789e+02	-1.39994348e-01	2.20823128e-02
7.43000000e-01	5.38466650e+02	-1.39621979e-01	2.20811846e-02
7.44000000e-01	5.38466510e+02	-1.39251094e-01	2.20800594e-02
7.45000000e-01	5.38466371e+02	-1.38881684e-01	2.20789374e-02
7.46000000e-01	5.38466232e+02	-1.38513741e-01	2.20778184e-02
7.47000000e-01	5.38466094e+02	-1.38147258e-01	2.20767026e-02
7.48000000e-01	5.38465956e+02	-1.37782227e-01	2.20755898e-02
7.49000000e-01	5.38465818e+02	-1.37418640e-01	2.20744800e-02
7.50000000e-01	5.38465681e+02	-1.37056490e-01	2.20733734e-02
7.51000000e-01	5.38465544e+02	-1.36695769e-01	2.20722697e-02
7.52000000e-01	5.38465408e+02	-1.36336469e-01	2.20711690e-02
7.53000000e-01	5.38465272e+02	-1.35978584e-01	2.20700714e-02
7.54000000e-01	5.38465136e+02	-1.35622105e-01	2.20689768e-02
7.55000000e-01	5.38465000e+02	-1.35267026e-01	2.20678851e-02
7.56000000e-01	5.38464865e+02	-1.34913339e-01	2.20667964e-02
7.57000000e-01	5.38464731e+02	-1.34561036e-01	2.20657106e-02
7.58000000e-01	5.38464596e+02	-1.34210111e-01	2.20646278e-02
7.59000000e-01	5.38464462e+02	-1.33860557e-01	2.20635480e-02
7.60000000e-01	5.38464329e+02	-1.33512366e-01	2.20624710e-02
7.61000000e-01	5.38464195e+02	-1.33165531e-01	2.20613970e-02
7.62000000e-01	5.38464062e+02	-1.32820045e-01	2.20603259e-02
7.63000000e-01	5.38463930e+02	-1.32475902e-01	2.20592576e-02
7.64000000e-01	5.38463797e+02	-1.32133093e-01	2.20581922e-02
7.65000000e-01	5.38463665e+02	-1.31791614e-01	2.20571297e-02
7.66000000e-01	5.38463534e+02	-1.31451455e-01	2.20560701e-02
7.67000000e-01	5.38463402e+02	-1.31112611e-01	2.20550132e-02
7.68000000e-01	5.38463271e+02	-1.30775076e-01	2.20539592e-02
7.69000000e-01	5.38463141e+02	-1.30438841e-01	2.20529081e-02
7.70000000e-01	5.38463011e+02	-1.30103901e-01	2.20518597e-02
7.71000000e-01	5.38462881e+02	-1.29770249e-01	2.20508141e-02
7.72000000e-01	5.38462751e+02	-1.29437878e-01	2.20497713e-02
7.73000000e-01	5.38462622e+02	-1.29106783e-01	2.20487313e-02
7.74000000e-01	5.38462493e+02	-1.28776955e-01	2.20476940e-02
7.75000000e-01	5.38462364e+02	-1.28448389e-01	2.20466595e-02
7.76000000e-01	5.38462236e+02	-1.28121078e-01	2.20456277e-02
7.77000000e-01	5.38462108e+02	-1.27795017e-01	2.20445987e-02
7.78000000e-01	5.38461980e+02	-1.27470198e-01	2.20435723e-02
7.79000000e-01	5.38461853e+02	-1.27146615e-01	2.20425487e-02
7.80000000e-01	5.38461726e+02	-1.26824263e-01	2.20415278e-02
7.81000000e-01	5.38461599e+02	-1.26503134e-01	2.20405095e-02
7.82000000e-01	5.38461473e+02	-1.26183223e-01	2.20394940e-02
7.83000000e-01	5.38461347e+02	-1.25864524e-01	2.20384811e-02
7.84000000e-01	5.38461221e+02	-1.25547030e-01	2.20374708e-02
7.85000000e-01	5.38461096e+02	-1.25230735e-01	2.20364632e-02
7.86000000e-01	5.38460971e+02	-1.24915634e-01	2.20354582e-02
7.87000000e-01	5.38460846e+02	-1.24601719e-01	2.20344559e-02
7.88000000e-01	5.38460722e+02	-1.24288987e-01	2.20334562e-02
7.89000000e-01	5.38460598e+02	-1.23977429e-01	2.20324590e-02
7.90000000e-01	5.38460474e+02	-1.23667042e-01	2.20314645e-02
7.91000000e-01	5.38460350e+02	-1.23357818e-01	2.20304725e-02
7.92000000e-01	5.38460227e+02	-1.23049752e-01	2.20294831e-02
7.93000000e-01	5.38460104e+02	-1.22742838e-01	2.20284963e-02
7.94000000e-01	5.38459982e+02	-1.22437070e-01	2.20275120e-02
7.95000000e-01	5.38459859e+02	-1.22132443e-01	2.20265303e-02
7.96000000e-01	5.38459737e+02	-1.21828952e-01	2.20255511e-02
7.97000000e-01	5.38459616e+02	-1.21526589e-01	2.20245744e-02
7.98000000e-01	5.38459494e+02	-1.21225351e-01	2.20236002e-02
7.99000000e-01	5.38459373e+02	-1.20925231e-01	2.20226286e-02
8.00000000e-01	5.38459252e+02	-1.20626223e-01	2.20216594e-02
8.01000000e-01	5.38459132e+02	-1.20328323e-01	2.20206927e-02
8.02000000e-01	5.38459012e+02	-1.20031524e-01	2.20197285e-02
8.03000000e-01	5.38458892e+02	-1.19735822e-01	2.20187667e-02
8.04000000e-01	5.38458772e+02	-1.19441211e-01	2.20178074e-02
8.05000000e-01	5.38458653e+02	-1.19147685e-01	2.20168506e-02
8.06000000e-01	5.38458534e+02	-1.18855240e-01	2.20158962e-02
8.07000000e-01	5.38458415e+02	-1.18563869e-01	2.20149442e-02
8.08000000e-01	5.38458297e+02	-1.18273569e-01	2.20139946e-02
8.09000000e-01	5.38458179e+02	-1.17984333e-01	2.20130475e-02
8.10000000e-01	5.38458061e+02	-1.17696156e-01	2.20121027e-02
8.11000000e-01	5.38457943e+02	-1.17409033e-01	2.20111604e-02
8.12000000e-01	5.38457826e+02	-1.17122960e-01	2.20102204e-02
8.13000000e-01	5.38457709e+02	-1.16837930e-01	2.20092828e-02
8.14000000e-01	5.38457592e+02	-1.16553939e-01	2.20083475e-02
8.15000000e-01	5.38457476e+02	-1.16270982e-01	2.20074146e-02
8.16000000e-01	5.38457360e+02	-1.15989054e-01	2.20064841e-02
8.17000000e-01	5.38457244e+02	-1.15708149e-01	2.20055559e-02
8.18000000e-01	5.38457128e+02	-1.15428263e-01	2.20046300e-02
8.19000000e-01	5.38457013e+02	-1.15149392e-01	2.20037064e-02
8.20000000e-01	5.38456898e+02	-1.14871529e-01	2.20027852e-02
8.21000000e-01	5.38456783e+02	-1.14594670e-01	2.20018662e-02
8.22000000e-01	5.38456669e+02	-1.14318811e-01	2.20009496e-02
8.23000000e-01	5.38456555e+02	-1.14043947e-01	2.20000352e-02
8.24000000e-01	5.38456441e+02	-1.13770072e-01	2.19991231e-02
8.25000000e-01	5.38456327e+02	-1.13497182e-01	2.19982133e-02
8.26000000e-01	5.38456214e+02	-1.13225273e-01	2.19973057e-02
8.27000000e-01	5.38456101e+02	-1.12954339e-01	2.19964004e-02
8.28000000e-01	5.38455988e+02	-1.12684376e-01	2.19954973e-02
8.29000000e-01	5.38455875e+02	-1.12415380e-01	2.19945965e-02
8.30000000e-01	5.38455763e+02	-1.12147345e-01	2.19936979e-02
8.31000000e-01	5.38455651e+02	-1.11880267e-01	2.19928015e-02
8.32000000e-01	5.38455539e+02	-1.11614142e-01	2.19919073e-02
8.33000000e-01	5.38455428e+02	-1.11348965e-01	2.19910153e-02
8.34000000e-01	5.38455317e+02	-1.11084732e-01	2.19901255e-02
8.35000000e-01	5.38455206e+02	-1.10821438e-01	2.19892379e-02
8.36000000e-01	5.38455095e+02	-1.10559078e-01	2.19883525e-02
8.37000000e-01	5.38454985e+02	-1.10297649e-01	2.19874692e-02
8.38000000e-01	5.38454874e+02	-1.10037145e-01	2.19865881e-02
8.39000000e-01	5.38454765e+02	-1.09777563e-01	2.19857092e-02
8.40000000e-01	5.38454655e+02	-1.09518899e-01	2.19848324e-02
8.41000000e-01	5.38454546e+02	-1.09261147e-01	2.19839577e-02
8.42000000e-01	5.38454436e+02	-1.09004303e-01	2.19830852e-02
8.43000000e-01	5.38454328e+02	-1.08748364e-01	2.19822148e-02
8.44000000e-01	5.38454219e+02	-1.08493325e-01	2.19813465e-02
8.45000000e-01	5.38454111e+02	-1.08239182e-01	2.19804803e-02
8.46000000e-01	5.38454002e+02	-1.07985930e-01	2.19796162e-02
8.47000000e-01	5.38453895e+02	-1.07733566e-01	2.19787542e-02
8.48000000e-01	5.38453787e+02	-1.07482086e-01	2.19778943e-02
8.49000000e-01	5.38453680e+02	-1.07231484e-01	2.19770364e-02
8.50000000e-01	5.38453573e+02	-1.06981758e-01	2.19761807e-02
8.51000000e-01	5.38453466e+02	-1.06732903e-01	2.19753270e-02
8.52000000e-01	5.38453359e+02	-1.06484914e-01	2.19744753e-02
8.53000000e-01	5.38453253e+02	-1.06237789e-01	2.19736257e-02
8.54000000e-01	5.38453147e+02	-1.05991523e-01	2.19727781e-02
8.55000000e-01	5.38453041e+02	-1.05746112e-01	2.19719326e-02
8.56000000e-01	5.38452935e+02	-1.05501552e-01	2.19710891e-02
8.57000000e-01	5.38452830e+02	-1.05257839e-01	2.19702476e-02
8.58000000e-01	5.38452725e+02	-1.05014969e-01	2.19694081e-02
8.59000000e-01	5.38452620e+02	-1.04772938e-01	2.19685706e-02
8.60000000e-01	5.38452515e+02	-1.04531744e-01	2.19677351e-02
8.61000000e-01	5.38452411e+02	-1.04291380e-01	2.19669016e-02
8.62000000e-01	5.38452306e+02	-1.04051845e-01	2.19660701e-02
8.63000000e-01	5.38452203e+02	-1.03813134e-01	2.19652406e-02
8.64000000e-01	5.38452099e+02	-1.03575242e-01	2.19644130e-02
8.65000000e-01	5.38451995e+02	-1.03338168e-01	2.19635874e-02
8.66000000e-01	5.38451892e+02	-1.03101906e-01	2.19627637e-02
8.67000000e-01	5.38451789e+02	-1.02866453e-01	2.19619420e-02
8.68000000e-01	5.38451686e+02	-1.02631806e-01	2.19611222e-02
8.69000000e-01	5.38451584e+02	-1.02397960e-01	2.19603044e-02
8.70000000e-01	5.38451482e+02	-1.02164913e-01	2.19594885e-02
8.71000000e-01	5.38451380e+02	-1.01932660e-01	2.19586745e-02
8.72000000e-01	5.38451278e+02	-1.01701197e-01	2.19578624e-02
8.73000000e-01	5.38451176e+02	-1.01470522e-01	2.19570522e-02
8.74000000e-01	5.38451075e+02	-1.01240631e-01	2.19562439e-02
8.75000000e-01	5.38450974e+02	-1.01011520e-01	2.19554375e-02
8.76000000e-01	5.38450873e+02	-1.00783185e-01	2.19546330e-02
8.77000000e-01	5.38450772e+02	-1.00555624e-01	2.19538304e-02
8.78000000e-01	5.38450672e+02	-1.00328832e-01	2.19530296e-02
8.79000000e-01	5.38450572e+02	-1.00102806e-01	2.19522308e-02
8.80000000e-01	5.38450472e+02	-9.98775433e-02	2.19514337e-02
8.81000000e-01	5.38450372e+02	-9.96530397e-02	2.19506386e-02
8.82000000e-01	5.38450272e+02	-9.94292919e-02	2.19498452e-02
8.83000000e-01	5.38450173e+02	-9.92062966e-02	2.19490537e-02
8.84000000e-01	5.38450074e+02	-9.89840504e-02	2.19482641e-02
8.85000000e-01	5.38449975e+02	-9.87625500e-02	2.19474763e-02
8.86000000e-01	5.38449876e+02	-9.85417921e-02	2.19466902e-02
8.87000000e-01	5.38449778e+02	-9.83217732e-02	2.19459061e-02
8.88000000e-01	5.38449680e+02	-9.81024902e-02	2.19451237e-02
8.89000000e-01	5.38449582e+02	-9.78839398e-02	2.19443431e-02
8.90000000e-01	5.38449484e+02	-9.76661186e-02	2.19435643e-02
8.91000000e-01	5.38449386e+02	-9.74490236e-02	2.19427873e-02
8.92000000e-01	5.38449289e+02	-9.72326513e-02	2.19420121e-02
8.93000000e-01	5.38449192e+02	-9.70169987e-02	2.19412387e-02
8.94000000e-01	5.38449095e+02	-9.68020625e-02	2.19404670e-02
8.95000000e-01	5.38448998e+02	-9.65878396e-02	2.19396971e-02
8.96000000e-01	5.38448902e+02	-9.63743269e-02	2.19389290e-02
8.97000000e-01	5.38448806e+02	-9.61615211e-02	2.19381626e-02
8.98000000e-01	5.38448710e+02	-9.59494192e-02	2.19373979e-02
8.99000000e-01	5.38448614e+02	-9.57380180e-02	2.19366350e-02
9.00000000e-01	5.38448518e+02	-9.55273146e-02	2.19358739e-02
9.01000000e-01	5.38448423e+02	-9.53173058e-02	2.19351145e-02
9.02000000e-01	5.38448327e+02	-9.51079885e-02	2.19343567e-02
9.03000000e-01	5.38448232e+02	-9.48993598e-02	2.19336007e-02
9.04000000e-01	5.38448138e+02	-9.46914167e-02	2.19328465e-02
9.05000000e-01	5.38448043e+02	-9.44841560e-02	2.19320939e-02
9.06000000e-01	5.38447949e+02	-9.42775749e-02	2.19313430e-02
9.07000000e-01	5.38447854e+02	-9.40716704e-02	2.19305938e-02
9.08000000e-01	5.38447761e+02	-9.38664395e-02	2.19298464e-02
9.09000000e-01	5.38447667e+02	-9.36618793e-02	2.19291005e-02
9.10000000e-01	5.38447573e+02	-9.34579869e-02	2.19283564e-02
9.11000000e-01	5.38447480e+02	-9.32547594e-02	2.19276140e-02
9.12000000e-01	5.38447387e+02	-9.30521938e-02	2.19268732e-02
9.13000000e-01	5.38447294e+02	-9.28502874e-02	2.19261340e-02
9.14000000e-01	5.38447201e+02	-9.26490372e-02	2.19253966e-02
9.15000000e-01	5.38447108e+02	-9.24484404e-02	2.19246607e-02
9.16000000e-01	5.38447016e+02	-9.22484942e-02	2.19239265e-02
9.17000000e-01	5.38446924e+02	-9.20491959e-02	2.19231940e-02
9.18000000e-01	5.38446832e+02	-9.18505425e-02	2.19224631e-02
9.19000000e-01	5.38446740e+02	-9.16525313e-02	2.19217338e-02
9.20000000e-01	5.38446649e+02	-9.14551595e-02	2.19210061e-02
9.21000000e-01	5.38446557e+02	-9.12584245e-02	2.19202801e-02
9.22000000e-01	5.38446466e+02	-9.10623234e-02	2.19195556e-02
9.23000000e-01	5.38446375e+02	-9.08668536e-02	2.19188328e-02
9.24000000e-01	5.38446284e+02	-9.06720123e-02	2.19181116e-02
9.25000000e-01	5.38446194e+02	-9.04777969e-02	2.19173920e-02
9.26000000e-01	5.38446104e+02	-9.02842046e-02	2.19166739e-02
9.27000000e-01	5.38446013e+02	-9.00912328e-02	2.19159574e-02
9.28000000e-01	5.38445923e+02	-8.98988789e-02	2.19152426e-02
9.29000000e-01	5.38445834e+02	-8.97071402e-02	2.19145293e-02
9.30000000e-01	5.38445744e+02	-8.95160141e-02	2.19138175e-02
9.31000000e-01	5.38445655e+02	-8.93254981e-02	2.19131073e-02
9.32000000e-01	5.38445565e+02	-8.91355894e-02	2.19123987e-02
9.33000000e-01	5.38445476e+02	-8.89462855e-02	2.19116917e-02
9.34000000e-01	5.38445387e+02	-8.87575840e-02	2.19109862e-02
9.35000000e-01	5.38445299e+02	-8.85694821e-02	2.19102822e-02
9.36000000e-01	5.38445210e+02	-8.83819774e-02	2.19095798e-02
9.37000000e-01	5.38445122e+02	-8.81950673e-02	2.19088789e-02
9.38000000e-01	5.38445034e+02	-8.80087494e-02	2.19081795e-02
9.39000000e-01	5.38444946e+02	-8.78230211e-02	2.19074816e-02
9.40000000e-01	5.38444858e+02	-8.76378800e-02	2.19067853e-02
9.41000000e-01	5.38444771e+02	-8.74533236e-02	2.19060905e-02
9.42000000e-01	5.38444683e+02	-8.72693494e-02	2.19053972e-02
9.43000000e-01	5.38444596e+02	-8.70859549e-02	2.19047054e-02
9.44000000e-01	5.38444509e+02	-8.69031378e-02	2.19040151e-02
9.45000000e-01	5.38444422e+02	-8.67208957e-02	2.19033263e-02
9.46000000e-01	5.38444336e+02	-8.65392260e-02	2.19026389e-02
9.47000000e-01	5.38444249e+02	-8.63581265e-02	2.19019531e-02
9.48000000e-01	5.38444163e+02	-8.61775948e-02	2.19012687e-02
9.49000000e-01	5.38444077e+02	-8.59976283e-02	2.19005859e-02
9.50000000e-01	5.38443991e+02	-8.58182250e-02	2.18999044e-02
9.51000000e-01	5.38443905e+02	-8.56393822e-02	2.18992245e-02
9.52000000e-01	5.38443820e+02	-8.54610978e-02	2.18985460e-02
9.53000000e-01	5.38443734e+02	-8.52833695e-02	2.18978690e-02
9.54000000e-01	5.38443649e+02	-8.51061948e-02	2.18971934e-02
9.55000000e-01	5.38443564e+02	-8.49295715e-02	2.18965193e-02
9.56000000e-01	5.38443479e+02	-8.47534974e-02	2.18958466e-02
9.57000000e-01	5.38443395e+02	-8.45779701e-02	2.18951753e-02
9.58000000e-01	5.38443310e+02	-8.44029874e-02	2.18945055e-02
9.59000000e-01	5.38443226e+02	-8.42285471e-02	2.18938371e-02
9.60000000e-01	5.38443142e+02	-8.40546468e-02	2.18931701e-02
9.61000000e-01	5.38443058e+02	-8.38812844e-02	2.18925045e-02
9.62000000e-01	5.38442974e+02	-8.37084577e-02	2.18918404e-02
9.63000000e-01	5.38442890e+02	-8.35361644e-02	2.18911777e-02
9.64000000e-01	5.38442807e+02	-8.33644024e-02	2.18905163e-02
9.65000000e-01	5.38442724e+02	-8.31931694e-02	2.18898564e-02
9.66000000e-01	5.38442641e+02	-8.30224634e-02	2.18891979e-02
9.67000000e-01	5.38442558e+02	-8.28522821e-02	2.18885408e-02
9.68000000e-01	5.38442475e+02	-8.26826235e-02	2.18878850e-02
9.69000000e-01	5.38442392e+02	-8.25134852e-02	2.18872306e-02
9.70000000e-01	5.38442310e+02	-8.23448654e-02	2.18865776e-02
9.71000000e-01	5.38442228e+02	-8.21767617e-02	2.18859260e-02
9.72000000e-01	5.38442145e+02	-8.20091722e-02	2.18852758e-02
9.73000000e-01	5.38442064e+02	-8.18420947e-02	2.18846269e-02
9.74000000e-01	5.38441982e+02	-8.16755271e-02	2.18839794e-02
9.75000000e-01	5.38441900e+02	-8.15094674e-02	2.18833332e-02
9.76000000e-01	5.38441819e+02	-8.13439136e-02	2.18826884e-02
9.77000000e-01	5.38441738e+02	-8.11788634e-02	2.18820450e-02
9.78000000e-01	5.38441656e+02	-8.10143150e-02	2.18814029e-02
9.79000000e-01	5.38441575e+02	-8.08502663e-02	2.18807621e-02
9.80000000e-01	5.38441495e+02	-8.06867152e-02	2.18801226e-02
9.81000000e-01	5.38441414e+02	-8.05236598e-02	2.18794845e-02
9.82000000e-01	5.38441334e+02	-8.03610981e-02	2.18788478e-02
9.83000000e-01	5.38441253e+02	-8.01990280e-02	2.18782123e-02
9.84000000e-01	5.38441173e+02	-8.00374476e-02	2.18775782e-02
9.85000000e-01	5.38441093e+02	-7.98763549e-02	2.18769453e-02
9.86000000e-01	5.38441014e+02	-7.97157479e-02	2.18763138e-02
9.87000000e-01	5.38440934e+02	-7.95556248e-02	2.18756836e-02
9.88000000e-01	5.38440854e+02	-7.93959835e-02	2.18750547e-02
9.89000000e-01	5.38440775e+02	-7.92368222e-02	2.18744271e-02
9.90000000e-01	5.38440696e+02	-7.90781388e-02	2.18738008e-02
9.91000000e-01	5.38440617e+02	-7.89199316e-02	2.18731758e-02
9.92000000e-01	5.38440538e+02	-7.87621985e-02	2.18725521e-02
9.93000000e-01	5.38440459e+02	-7.86049378e-02	2.18719296e-02
9.94000000e-01	5.38440381e+02	-7.84481474e-02	2.18713085e-02
9.95000000e-01	5.38440303e+02	-7.82918256e-02	2.18706886e-02
9.96000000e-01	5.38440224e+02	-7.81359705e-02	2.18700700e-02
9.97000000e-01	5.38440146e+02	-7.79805803e-02	2.18694526e-02
9.98000000e-01	5.38440068e+02	-7.78256530e-02	2.18688365e-02
9.99000000e-01	5.38439991e+02	-7.76711868e-02	2.18682217e-02
