0.000000e+00	0.000000e+00	7.970841e-17
5.137500e-04	4.100999e-20	7.994119e-17
1.027500e-03	8.101800e-20	7.580772e-17
1.541250e-03	1.192637e-19	7.308083e-17
2.055000e-03	1.574332e-19	7.551079e-17
2.568750e-03	1.972840e-19	7.962612e-17
3.082500e-03	2.392037e-19	8.356505e-17
3.596250e-03	2.831896e-19	8.766927e-17
4.110000e-03	3.292691e-19	9.171575e-17
4.623750e-03	3.774700e-19	9.592759e-17
5.137500e-03	4.279884e-19	1.007378e-16
5.651250e-03	4.811000e-19	1.060226e-16
6.165000e-03	5.370757e-19	1.118876e-16
6.678750e-03	5.961793e-19	1.181995e-16
7.192500e-03	6.586531e-19	1.250074e-16
7.706250e-03	7.247931e-19	1.324720e-16
8.220000e-03	7.949288e-19	1.405626e-16
8.733750e-03	8.694085e-19	1.493827e-16
9.247500e-03	9.486493e-19	1.590972e-16
9.761250e-03	1.033119e-18	1.697381e-16
1.027500e-02	1.123283e-18	1.812658e-16
1.078875e-02	1.218249e-18	1.884310e-16
1.130250e-02	1.317274e-18	1.970691e-16
1.181625e-02	1.421126e-18	2.072182e-16
1.233000e-02	1.530600e-18	2.189609e-16
1.284375e-02	1.646525e-18	2.323262e-16
1.335750e-02	1.769731e-18	2.473082e-16
1.387125e-02	1.901062e-18	2.639579e-16
1.438500e-02	2.041382e-18	2.822976e-16
1.489875e-02	2.190591e-18	2.985655e-16
1.541250e-02	2.348700e-18	3.169436e-16
1.592625e-02	2.516803e-18	3.374733e-16
1.644000e-02	2.696029e-18	3.602422e-16
1.695375e-02	2.888425e-18	3.887457e-16
1.746750e-02	3.095203e-18	4.162298e-16
1.798125e-02	3.316759e-18	4.462764e-16
1.849500e-02	3.554460e-18	4.790775e-16
1.900875e-02	3.809754e-18	5.147699e-16
1.952250e-02	4.083432e-18	5.506437e-16
2.003625e-02	4.376427e-18	5.899687e-16
2.055000e-02	4.690558e-18	6.329251e-16
2.106375e-02	5.027060e-18	6.770565e-16
2.157750e-02	5.387319e-18	7.254123e-16
2.209125e-02	5.772896e-18	7.756192e-16
2.260500e-02	6.185507e-18	8.306528e-16
2.311875e-02	6.627717e-18	8.908467e-16
2.363250e-02	7.102260e-18	9.565191e-16
2.414625e-02	7.611421e-18	1.025617e-15
2.466000e-02	8.157095e-18	1.098663e-15
2.517375e-02	8.742034e-18	1.178471e-15
2.568750e-02	9.369250e-18	1.263244e-15
2.620125e-02	1.004145e-17	1.353580e-15
2.671500e-02	1.076219e-17	1.452225e-15
2.722875e-02	1.153534e-17	1.557622e-15
2.774250e-02	1.236456e-17	1.670458e-15
2.825625e-02	1.325383e-17	1.791447e-15
2.877000e-02	1.420756e-17	1.921356e-15
2.928375e-02	1.523103e-17	2.062960e-15
2.979750e-02	1.632996e-17	2.215116e-15
3.031125e-02	1.750953e-17	2.376871e-15
3.082500e-02	1.877542e-17	2.551162e-15
3.133875e-02	2.013433e-17	2.739025e-15
3.185250e-02	2.159308e-17	2.939786e-15
3.236625e-02	2.315906e-17	3.156509e-15
3.288000e-02	2.484083e-17	3.390505e-15
3.339375e-02	2.664672e-17	3.639736e-15
3.390750e-02	2.858542e-17	3.907498e-15
3.442125e-02	3.066685e-17	4.195428e-15
3.493500e-02	3.290185e-17	4.505286e-15
3.544875e-02	3.530215e-17	4.838959e-15
3.596250e-02	3.788011e-17	5.196865e-15
3.647625e-02	4.064872e-17	5.581208e-15
3.699000e-02	4.362219e-17	5.994348e-15
3.750375e-02	4.681596e-17	6.438800e-15
3.801750e-02	5.024680e-17	6.917264e-15
3.853125e-02	5.393216e-17	7.429650e-15
3.904500e-02	5.789104e-17	7.982060e-15
3.955875e-02	6.214411e-17	8.574894e-15
4.007250e-02	6.671343e-17	9.213209e-15
4.058625e-02	7.162263e-17	9.898019e-15
4.110000e-02	7.689703e-17	1.063492e-14
4.161375e-02	8.256418e-17	1.142698e-14
4.212750e-02	8.865330e-17	1.227762e-14
4.264125e-02	9.519616e-17	1.319337e-14
4.315500e-02	1.022273e-16	1.417839e-14
4.366875e-02	1.097834e-16	1.523730e-14
4.418250e-02	1.179039e-16	1.637519e-14
4.469625e-02	1.266310e-16	1.759893e-14
4.521000e-02	1.360104e-16	1.891464e-14
4.572375e-02	1.460911e-16	2.032899e-14
4.623750e-02	1.569260e-16	2.185050e-14
4.675125e-02	1.685721e-16	2.348707e-14
4.726500e-02	1.810907e-16	2.524733e-14
4.777875e-02	1.945476e-16	2.713945e-14
4.829250e-02	2.090130e-16	2.917363e-14
4.880625e-02	2.245628e-16	3.136092e-14
4.932000e-02	2.412790e-16	3.371447e-14
4.983375e-02	2.592499e-16	3.624491e-14
5.034750e-02	2.785697e-16	3.896630e-14
5.086125e-02	2.993407e-16	4.189383e-14
5.137500e-02	3.216725e-16	4.504279e-14
5.188875e-02	3.456833e-16	4.842983e-14
5.240250e-02	3.715000e-16	5.207301e-14
5.291625e-02	3.992592e-16	5.599199e-14
5.343000e-02	4.291081e-16	6.020804e-14
5.394375e-02	4.612049e-16	6.474317e-14
5.445750e-02	4.957200e-16	6.962237e-14
5.497125e-02	5.328367e-16	7.487061e-14
5.548500e-02	5.727517e-16	8.051615e-14
5.599875e-02	6.156770e-16	8.658963e-14
5.651250e-02	6.618410e-16	9.312424e-14
5.702625e-02	7.114895e-16	1.001549e-13
5.754000e-02	7.648871e-16	1.077186e-13
5.805375e-02	8.223179e-16	1.158565e-13
5.856750e-02	8.840883e-16	1.246121e-13
5.908125e-02	9.505275e-16	1.340319e-13
5.959500e-02	1.021990e-15	1.441680e-13
6.010875e-02	1.098858e-15	1.550742e-13
6.062250e-02	1.181542e-15	1.668088e-13
6.113625e-02	1.270483e-15	1.794359e-13
6.165000e-02	1.366159e-15	1.930232e-13
6.216375e-02	1.469080e-15	2.076443e-13
6.267750e-02	1.579799e-15	2.233777e-13
6.319125e-02	1.698908e-15	2.403089e-13
6.370500e-02	1.827047e-15	2.585276e-13
6.421875e-02	1.964902e-15	2.781342e-13
6.473250e-02	2.113214e-15	2.992344e-13
6.524625e-02	2.272778e-15	3.219413e-13
6.576000e-02	2.444453e-15	3.463783e-13
6.627375e-02	2.629160e-15	3.726784e-13
6.678750e-02	2.827895e-15	4.009832e-13
6.730125e-02	3.041725e-15	4.314460e-13
6.781500e-02	3.271802e-15	4.642324e-13
6.832875e-02	3.519366e-15	4.995201e-13
6.884250e-02	3.785751e-15	5.375008e-13
6.935625e-02	4.072393e-15	5.783799e-13
6.987000e-02	4.380838e-15	6.223791e-13
7.038375e-02	4.712750e-15	6.697382e-13
7.089750e-02	5.069923e-15	7.207141e-13
7.141125e-02	5.454284e-15	7.755834e-13
7.192500e-02	5.867911e-15	8.346446e-13
7.243875e-02	6.313041e-15	8.982199e-13
7.295250e-02	6.792081e-15	9.666542e-13
7.346625e-02	7.307622e-15	1.040320e-12
7.398000e-02	7.862456e-15	1.119619e-12
7.449375e-02	8.459589e-15	1.204983e-12
7.500750e-02	9.102254e-15	1.296878e-12
7.552125e-02	9.793936e-15	1.395803e-12
7.603500e-02	1.053839e-14	1.502298e-12
7.654875e-02	1.133964e-14	1.616945e-12
7.706250e-02	1.220205e-14	1.740368e-12
7.757625e-02	1.313030e-14	1.873243e-12
7.809000e-02	1.412942e-14	2.016293e-12
7.860375e-02	1.520485e-14	2.170301e-12
7.911750e-02	1.636244e-14	2.336108e-12
7.963125e-02	1.760847e-14	2.514620e-12
8.014500e-02	1.894972e-14	2.706813e-12
8.065875e-02	2.039350e-14	2.913739e-12
8.117250e-02	2.194767e-14	3.136530e-12
8.168625e-02	2.362068e-14	3.376404e-12
8.220000e-02	2.542165e-14	3.634675e-12
8.271375e-02	2.736039e-14	3.912758e-12
8.322750e-02	2.944749e-14	4.212176e-12
8.374125e-02	3.169431e-14	4.534568e-12
8.425500e-02	3.411311e-14	4.881703e-12
8.476875e-02	3.671710e-14	5.255485e-12
8.528250e-02	3.952049e-14	5.657961e-12
8.579625e-02	4.253859e-14	6.091342e-12
8.631000e-02	4.578789e-14	6.558004e-12
8.682375e-02	4.928615e-14	7.060511e-12
8.733750e-02	5.305249e-14	7.601620e-12
8.785125e-02	5.710750e-14	8.184305e-12
8.836500e-02	6.147336e-14	8.811765e-12
8.887875e-02	6.617397e-14	9.487449e-12
8.939250e-02	7.123506e-14	1.021507e-11
8.990625e-02	7.668433e-14	1.099863e-11
9.042000e-02	8.255163e-14	1.184245e-11
9.093375e-02	8.886911e-14	1.275115e-11
9.144750e-02	9.567139e-14	1.372974e-11
9.196125e-02	1.029958e-13	1.478361e-11
9.247500e-02	1.108824e-13	1.591856e-11
9.298875e-02	1.193745e-13	1.714085e-11
9.350250e-02	1.285188e-13	1.845719e-11
9.401625e-02	1.383653e-13	1.987486e-11
9.453000e-02	1.489682e-13	2.140165e-11
9.504375e-02	1.603857e-13	2.304599e-11
9.555750e-02	1.726805e-13	2.481695e-11
9.607125e-02	1.859201e-13	2.672429e-11
9.658500e-02	2.001774e-13	2.877853e-11
9.709875e-02	2.155307e-13	3.099102e-11
9.761250e-02	2.320645e-13	3.337396e-11
9.812625e-02	2.498696e-13	3.594050e-11
9.864000e-02	2.690442e-13	3.870483e-11
9.915375e-02	2.896936e-13	4.168221e-11
9.966750e-02	3.119316e-13	4.488909e-11
1.001812e-01	3.358806e-13	4.834319e-11
1.006950e-01	3.616726e-13	5.206360e-11
1.012088e-01	3.894497e-13	5.607089e-11
1.017225e-01	4.193648e-13	6.038723e-11
1.022363e-01	4.515831e-13	6.503648e-11
1.027500e-01	4.862820e-13	7.004436e-11
1.032638e-01	5.236529e-13	7.543859e-11
1.037775e-01	5.639020e-13	8.124903e-11
1.042913e-01	6.072514e-13	8.750783e-11
1.048050e-01	6.539404e-13	9.424965e-11
1.053188e-01	7.042266e-13	1.015118e-10
1.058325e-01	7.583878e-13	1.093346e-10
1.063463e-01	8.167231e-13	1.177613e-10
1.068600e-01	8.795547e-13	1.268387e-10
1.073738e-01	9.472299e-13	1.366169e-10
1.078875e-01	1.020123e-12	1.471504e-10
1.084013e-01	1.098636e-12	1.584974e-10
1.089150e-01	1.183204e-12	1.707209e-10
1.094288e-01	1.274294e-12	1.838887e-10
1.099425e-01	1.372411e-12	1.980739e-10
1.104562e-01	1.478097e-12	2.133552e-10
1.109700e-01	1.591937e-12	2.298174e-10
1.114837e-01	1.714561e-12	2.475519e-10
1.119975e-01	1.846648e-12	2.666571e-10
1.125112e-01	1.988930e-12	2.872393e-10
1.130250e-01	2.142195e-12	3.094127e-10
1.135387e-01	2.307292e-12	3.333005e-10
1.140525e-01	2.485136e-12	3.590355e-10
1.145662e-01	2.676713e-12	3.867606e-10
1.150800e-01	2.883083e-12	4.166301e-10
1.155937e-01	3.105393e-12	4.488100e-10
1.161075e-01	3.344875e-12	4.834792e-10
1.166212e-01	3.602857e-12	5.208307e-10
1.171350e-01	3.880771e-12	5.610721e-10
1.176487e-01	4.180159e-12	6.044274e-10
1.181625e-01	4.502682e-12	6.511378e-10
1.186762e-01	4.850131e-12	7.014634e-10
1.191900e-01	5.224436e-12	7.556844e-10
1.197037e-01	5.627675e-12	8.141025e-10
1.202175e-01	6.062088e-12	8.770432e-10
1.207312e-01	6.530089e-12	9.448570e-10
1.212450e-01	7.034278e-12	1.017922e-09
1.217587e-01	7.577457e-12	1.096644e-09
1.222725e-01	8.162646e-12	1.181464e-09
1.227862e-01	8.793098e-12	1.272853e-09
1.233000e-01	9.472320e-12	1.371320e-09
1.238138e-01	1.020409e-11	1.477416e-09
1.243275e-01	1.099248e-11	1.591731e-09
1.248413e-01	1.184187e-11	1.714903e-09
1.253550e-01	1.275699e-11	1.847619e-09
1.258688e-01	1.374294e-11	1.990620e-09
1.263825e-01	1.480520e-11	2.144704e-09
1.268962e-01	1.594969e-11	2.310730e-09
1.274100e-01	1.718278e-11	2.489624e-09
1.279238e-01	1.851134e-11	2.682387e-09
1.284375e-01	1.994277e-11	2.890094e-09
1.289512e-01	2.148505e-11	3.113905e-09
1.294650e-01	2.314677e-11	3.355069e-09
1.299788e-01	2.493719e-11	3.614935e-09
1.304925e-01	2.686629e-11	3.894953e-09
1.310062e-01	2.894483e-11	4.196689e-09
1.315200e-01	3.118440e-11	4.521829e-09
1.320338e-01	3.359749e-11	4.872190e-09
1.325475e-01	3.619756e-11	5.249730e-09
1.330612e-01	3.899911e-11	5.656560e-09
1.335750e-01	4.201778e-11	6.094956e-09
1.340888e-01	4.527041e-11	6.567368e-09
1.346025e-01	4.877517e-11	7.076440e-09
1.351162e-01	5.255160e-11	7.625018e-09
1.356300e-01	5.662081e-11	8.216172e-09
1.361438e-01	6.100551e-11	8.853211e-09
1.366575e-01	6.573019e-11	9.539698e-09
1.371712e-01	7.082124e-11	1.027948e-08
1.376850e-01	7.630710e-11	1.107669e-08
1.381988e-01	8.221843e-11	1.193580e-08
1.387125e-01	8.858827e-11	1.286161e-08
1.392262e-01	9.545220e-11	1.385931e-08
1.397400e-01	1.028486e-10	1.493450e-08
1.402538e-01	1.108189e-10	1.609318e-08
1.407675e-01	1.194075e-10	1.734186e-08
1.412812e-01	1.286625e-10	1.868753e-08
1.417950e-01	1.386358e-10	2.013773e-08
1.423088e-01	1.493830e-10	2.170059e-08
1.428225e-01	1.609643e-10	2.338487e-08
1.433362e-01	1.734446e-10	2.520001e-08
1.438500e-01	1.868936e-10	2.715618e-08
1.443637e-01	2.013866e-10	2.926437e-08
1.448775e-01	2.170048e-10	3.153638e-08
1.453912e-01	2.338356e-10	3.398497e-08
1.459050e-01	2.519732e-10	3.662386e-08
1.464187e-01	2.715193e-10	3.946787e-08
1.469325e-01	2.925832e-10	4.253295e-08
1.474463e-01	3.152831e-10	4.583630e-08
1.479600e-01	3.397460e-10	4.939646e-08
1.484737e-01	3.661090e-10	5.323341e-08
1.489875e-01	3.945200e-10	5.736870e-08
1.495013e-01	4.251380e-10	6.182553e-08
1.500150e-01	4.581347e-10	6.662894e-08
1.505287e-01	4.936952e-10	7.180589e-08
1.510425e-01	5.320187e-10	7.738547e-08
1.515563e-01	5.733202e-10	8.339900e-08
1.520700e-01	6.178313e-10	8.988028e-08
1.525837e-01	6.658017e-10	9.686572e-08
1.530975e-01	7.175004e-10	1.043946e-07
1.536113e-01	7.732176e-10	1.125091e-07
1.541250e-01	8.332657e-10	1.212550e-07
1.546387e-01	8.979819e-10	1.306814e-07
1.551525e-01	9.677292e-10	1.408412e-07
1.556663e-01	1.042899e-09	1.517916e-07
1.561800e-01	1.123914e-09	1.635941e-07
1.566937e-01	1.211228e-09	1.763152e-07
1.572075e-01	1.305332e-09	1.900264e-07
1.577213e-01	1.406754e-09	2.048047e-07
1.582350e-01	1.516064e-09	2.207333e-07
1.587487e-01	1.633876e-09	2.379018e-07
1.592625e-01	1.760852e-09	2.564069e-07
1.597763e-01	1.897705e-09	2.763526e-07
1.602900e-01	2.045203e-09	2.978511e-07
1.608037e-01	2.204177e-09	3.210236e-07
1.613175e-01	2.375518e-09	3.460003e-07
1.618313e-01	2.560191e-09	3.729219e-07
1.623450e-01	2.759234e-09	4.019400e-07
1.628587e-01	2.973765e-09	4.332180e-07
1.633725e-01	3.204991e-09	4.669318e-07
1.638863e-01	3.454212e-09	5.032716e-07
1.644000e-01	3.722830e-09	5.424418e-07
1.649137e-01	4.012355e-09	5.846631e-07
1.654275e-01	4.324416e-09	6.301733e-07
1.659412e-01	4.660769e-09	6.792289e-07
1.664550e-01	5.023305e-09	7.321063e-07
1.669687e-01	5.414066e-09	7.891033e-07
1.674825e-01	5.835250e-09	8.505413e-07
1.679962e-01	6.289227e-09	9.167663e-07
1.685100e-01	6.778553e-09	9.881518e-07
1.690238e-01	7.305982e-09	1.065100e-06
1.695375e-01	7.874484e-09	1.148045e-06
1.700512e-01	8.487259e-09	1.237454e-06
1.705650e-01	9.147758e-09	1.333832e-06
1.710788e-01	9.859701e-09	1.437721e-06
1.715925e-01	1.062710e-08	1.549709e-06
1.721062e-01	1.145427e-08	1.670426e-06
1.726200e-01	1.234588e-08	1.800553e-06
1.731338e-01	1.330694e-08	1.940824e-06
1.736475e-01	1.434288e-08	2.092031e-06
1.741612e-01	1.545953e-08	2.255028e-06
1.746750e-01	1.666319e-08	2.430733e-06
1.751888e-01	1.796063e-08	2.620138e-06
1.757025e-01	1.935917e-08	2.824312e-06
1.762162e-01	2.086670e-08	3.044408e-06
1.767300e-01	2.249171e-08	3.281668e-06
1.772438e-01	2.424337e-08	3.537431e-06
1.777575e-01	2.613155e-08	3.813142e-06
1.782712e-01	2.816689e-08	4.110357e-06
1.787850e-01	3.036089e-08	4.430754e-06
1.792988e-01	3.272591e-08	4.776143e-06
1.798125e-01	3.527530e-08	5.148474e-06
1.803262e-01	3.802343e-08	5.549851e-06
1.808400e-01	4.098582e-08	5.982540e-06
1.813538e-01	4.417916e-08	6.448986e-06
1.818675e-01	4.762150e-08	6.951825e-06
1.823812e-01	5.133224e-08	7.493897e-06
1.828950e-01	5.533234e-08	8.078265e-06
1.834088e-01	5.964437e-08	8.708231e-06
1.839225e-01	6.429268e-08	9.387357e-06
1.844362e-01	6.930349e-08	1.011948e-05
1.849500e-01	7.470512e-08	1.090874e-05
1.854638e-01	8.052805e-08	1.175959e-05
1.859775e-01	8.680516e-08	1.267686e-05
1.864912e-01	9.357191e-08	1.366571e-05
1.870050e-01	1.008665e-07	1.473175e-05
1.875187e-01	1.087302e-07	1.588100e-05
1.880325e-01	1.172073e-07	1.711997e-05
1.885462e-01	1.263458e-07	1.845565e-05
1.890600e-01	1.361972e-07	1.989561e-05
1.895737e-01	1.468174e-07	2.144799e-05
1.900875e-01	1.582662e-07	2.312156e-05
1.906012e-01	1.706084e-07	2.492581e-05
1.911150e-01	1.839136e-07	2.687093e-05
1.916287e-01	1.982573e-07	2.896793e-05
1.921425e-01	2.137203e-07	3.122868e-05
1.926563e-01	2.303901e-07	3.366598e-05
1.931700e-01	2.483609e-07	3.629361e-05
1.936837e-01	2.677345e-07	3.912645e-05
1.941975e-01	2.886202e-07	4.218053e-05
1.947113e-01	3.111362e-07	4.547315e-05
1.952250e-01	3.354099e-07	4.902293e-05
1.957387e-01	3.615785e-07	5.284999e-05
1.962525e-01	3.897901e-07	5.697599e-05
1.967663e-01	4.202041e-07	6.142428e-05
1.972800e-01	4.529928e-07	6.622007e-05
1.977937e-01	4.883415e-07	7.139052e-05
1.983075e-01	5.264503e-07	7.696489e-05
1.988213e-01	5.675348e-07	8.297478e-05
1.993350e-01	6.118275e-07	8.945422e-05
1.998487e-01	6.595791e-07	9.643992e-05
2.003625e-01	7.110597e-07	1.039714e-04
2.008763e-01	7.665609e-07	1.120915e-04
2.013900e-01	8.263967e-07	1.208460e-04
2.019037e-01	8.909059e-07	1.302847e-04
2.024175e-01	9.604537e-07	1.404610e-04
2.029313e-01	1.035434e-06	1.514326e-04
2.034450e-01	1.116271e-06	1.632616e-04
2.039587e-01	1.203423e-06	1.760151e-04
2.044725e-01	1.297383e-06	1.897655e-04
2.049863e-01	1.398683e-06	2.045906e-04
2.055000e-01	1.507897e-06	2.205745e-04
2.060137e-01	1.625644e-06	2.378078e-04
2.065275e-01	1.752591e-06	2.563883e-04
2.070413e-01	1.889456e-06	2.764212e-04
2.075550e-01	2.037016e-06	2.980203e-04
2.080687e-01	2.196106e-06	3.213079e-04
2.085825e-01	2.367627e-06	3.464162e-04
2.090962e-01	2.552552e-06	3.734875e-04
2.096100e-01	2.751929e-06	4.026755e-04
2.101237e-01	2.966888e-06	4.341457e-04
2.106375e-01	3.198646e-06	4.680766e-04
2.111512e-01	3.448518e-06	5.046608e-04
2.116650e-01	3.717920e-06	5.441057e-04
2.121787e-01	4.008379e-06	5.866352e-04
2.126925e-01	4.321542e-06	6.324907e-04
2.132062e-01	4.659184e-06	6.819323e-04
2.137200e-01	5.023221e-06	7.352407e-04
2.142338e-01	5.415715e-06	7.927184e-04
2.147475e-01	5.838894e-06	8.546915e-04
2.152612e-01	6.295156e-06	9.215120e-04
2.157750e-01	6.787090e-06	9.935591e-04
2.162888e-01	7.317486e-06	1.071242e-03
2.168025e-01	7.889352e-06	1.155001e-03
2.173162e-01	8.505932e-06	1.245313e-03
2.178300e-01	9.170725e-06	1.342689e-03
2.183438e-01	9.887502e-06	1.447684e-03
2.188575e-01	1.066033e-05	1.560892e-03
2.193712e-01	1.149359e-05	1.682958e-03
2.198850e-01	1.239202e-05	1.814573e-03
2.203988e-01	1.336071e-05	1.956487e-03
2.209125e-01	1.440517e-05	2.109505e-03
2.214262e-01	1.553131e-05	2.274495e-03
2.219400e-01	1.674553e-05	2.452396e-03
2.224538e-01	1.805472e-05	2.644218e-03
2.229675e-01	1.946631e-05	2.851050e-03
2.234812e-01	2.098833e-05	3.074069e-03
2.239950e-01	2.262940e-05	3.314540e-03
2.245088e-01	2.439885e-05	3.573831e-03
2.250225e-01	2.630673e-05	3.853415e-03
2.255362e-01	2.836386e-05	4.154881e-03
2.260500e-01	3.058193e-05	4.479942e-03
2.265638e-01	3.297354e-05	4.830446e-03
2.270775e-01	3.555226e-05	5.208385e-03
2.275912e-01	3.833275e-05	5.615906e-03
2.281050e-01	4.133080e-05	6.055328e-03
2.286188e-01	4.456344e-05	6.529147e-03
2.291325e-01	4.804903e-05	7.040058e-03
2.296462e-01	5.180737e-05	7.590965e-03
2.301600e-01	5.585982e-05	8.185001e-03
2.306737e-01	6.022940e-05	8.825544e-03
2.311875e-01	6.494095e-05	9.516235e-03
2.317012e-01	7.002123e-05	1.026100e-02
2.322150e-01	7.549911e-05	1.106408e-02
2.327287e-01	8.140572e-05	1.193004e-02
2.332425e-01	8.777464e-05	1.286381e-02
2.337562e-01	9.464207e-05	1.387069e-02
2.342700e-01	1.020470e-04	1.495641e-02
2.347837e-01	1.100316e-04	1.612715e-02
2.352975e-01	1.186412e-04	1.738958e-02
2.358113e-01	1.279248e-04	1.875086e-02
2.363250e-01	1.379351e-04	2.021876e-02
2.368387e-01	1.487291e-04	2.180161e-02
2.373525e-01	1.603681e-04	2.350843e-02
2.378663e-01	1.729184e-04	2.534892e-02
2.383800e-01	1.864512e-04	2.733357e-02
2.388937e-01	2.010435e-04	2.947366e-02
2.394075e-01	2.167784e-04	3.178138e-02
2.399213e-01	2.337453e-04	3.426986e-02
2.404350e-01	2.520408e-04	3.695326e-02
2.409487e-01	2.717688e-04	3.984686e-02
2.414625e-01	2.930416e-04	4.296714e-02
2.419763e-01	3.159803e-04	4.633184e-02
2.424900e-01	3.407153e-04	4.996013e-02
2.430037e-01	3.673874e-04	5.387267e-02
2.435175e-01	3.961482e-04	5.809173e-02
2.440313e-01	4.271615e-04	6.264133e-02
2.445450e-01	4.606038e-04	6.754738e-02
2.450587e-01	4.966652e-04	7.283782e-02
2.455725e-01	5.355511e-04	7.854278e-02
2.460863e-01	5.774827e-04	8.469473e-02
2.466000e-01	6.226988e-04	9.132873e-02
2.471137e-01	6.714565e-04	9.848255e-02
2.476275e-01	7.240336e-04	1.061969e-01
2.481413e-01	7.807292e-04	1.145158e-01
2.486550e-01	8.418661e-04	1.234867e-01
2.491687e-01	9.077923e-04	1.331605e-01
2.496825e-01	9.788832e-04	1.435924e-01
2.501963e-01	1.055543e-03	1.548419e-01
2.507100e-01	1.138210e-03	1.669730e-01
2.512238e-01	1.227352e-03	1.800549e-01
2.517375e-01	1.323479e-03	1.941620e-01
2.522512e-01	1.427138e-03	2.093749e-01
2.527650e-01	1.538918e-03	2.257802e-01
2.532787e-01	1.659457e-03	2.434713e-01
2.537925e-01	1.789441e-03	2.625492e-01
2.543063e-01	1.929611e-03	2.831225e-01
2.548200e-01	2.080764e-03	3.053085e-01
2.553337e-01	2.243762e-03	3.292337e-01
2.558475e-01	2.419533e-03	3.550344e-01
2.563612e-01	2.609080e-03	3.828578e-01
2.568750e-01	2.813480e-03	4.128625e-01
2.573887e-01	3.033900e-03	4.452196e-01
2.579025e-01	3.271595e-03	4.801135e-01
2.584163e-01	3.527919e-03	5.177432e-01
2.589300e-01	3.804334e-03	5.583235e-01
2.594437e-01	4.102414e-03	6.020856e-01
2.599575e-01	4.423858e-03	6.492792e-01
2.604712e-01	4.770499e-03	7.001736e-01
2.609850e-01	5.144312e-03	7.550591e-01
2.614988e-01	5.547428e-03	8.142489e-01
2.620125e-01	5.982145e-03	8.780808e-01
2.625263e-01	6.450942e-03	9.469190e-01
2.630400e-01	6.956491e-03	1.021157e+00
