1.00000000e-03	7.81366583e+03	-2.00000000e+04	6.10564300e-03
2.00000000e-03	7.80366583e+03	-5.00000001e+03	6.10564300e-03
3.00000000e-03	7.80033250e+03	-2.22222224e+03	6.10564300e-03
4.00000000e-03	7.79866583e+03	-1.25000002e+03	6.10564300e-03
5.00000000e-03	7.79766583e+03	-8.00000026e+02	6.10564300e-03
6.00000000e-03	7.79699916e+03	-5.55555587e+02	6.10564300e-03
7.00000000e-03	7.79652297e+03	-4.08163302e+02	6.10564300e-03
8.00000000e-03	7.79616583e+03	-3.12500042e+02	6.10564300e-03
9.00000000e-03	7.79588805e+03	-2.46913627e+02	6.10564300e-03
1.00000000e-02	7.79566583e+03	-2.00000052e+02	6.10564300e-03
1.10000000e-02	7.79548401e+03	-1.65289313e+02	6.10564300e-03
1.20000000e-02	7.79533250e+03	-1.38888951e+02	6.10564300e-03
1.30000000e-02	7.79520429e+03	-1.18343263e+02	6.10564300e-03
1.40000000e-02	7.79509440e+03	-1.02040889e+02	6.10564300e-03
1.50000000e-02	7.79499916e+03	-8.88889668e+01	6.10564300e-03
1.60000000e-02	7.79491583e+03	-7.81250831e+01	6.10564300e-03
1.70000000e-02	7.79484230e+03	-6.92042406e+01	6.10564300e-03
1.80000000e-02	7.79477694e+03	-6.17284886e+01	6.10564300e-03
1.90000000e-02	7.79471846e+03	-5.54017608e+01	6.10564300e-03
2.00000000e-02	7.79466583e+03	-5.00001039e+01	6.10564300e-03
2.10000000e-02	7.79461821e+03	-4.53515830e+01	6.10564300e-03
2.20000000e-02	7.79457492e+03	-4.13224283e+01	6.10564300e-03
2.30000000e-02	7.79453539e+03	-3.78073029e+01	6.10564300e-03
2.40000000e-02	7.79449916e+03	-3.47223469e+01	6.10564300e-03
2.50000000e-02	7.79446583e+03	-3.20001299e+01	6.10564300e-03
2.60000000e-02	7.79443506e+03	-2.95859339e+01	6.10564300e-03
2.70000000e-02	7.79440657e+03	-2.74349825e+01	6.10564300e-03
2.80000000e-02	7.79438011e+03	-2.55103495e+01	6.10564300e-03
2.90000000e-02	7.79435548e+03	-2.37813635e+01	6.10564300e-03
3.00000000e-02	7.79433250e+03	-2.22223781e+01	6.10564300e-03
3.10000000e-02	7.79431099e+03	-2.08118156e+01	6.10564300e-03
3.20000000e-02	7.79429083e+03	-1.95314162e+01	6.10564300e-03
3.30000000e-02	7.79427189e+03	-1.83656444e+01	6.10564300e-03
3.40000000e-02	7.79425406e+03	-1.73012147e+01	6.10564300e-03
3.50000000e-02	7.79423726e+03	-1.63267124e+01	6.10564300e-03
3.60000000e-02	7.79422138e+03	-1.54322858e+01	6.10564300e-03
3.70000000e-02	7.79420637e+03	-1.46093960e+01	6.10564300e-03
3.80000000e-02	7.79419214e+03	-1.38506129e+01	6.10564300e-03
3.90000000e-02	7.79417865e+03	-1.31494465e+01	6.10564300e-03
4.00000000e-02	7.79416583e+03	-1.25002078e+01	6.10564300e-03
4.10000000e-02	7.79415363e+03	-1.18978930e+01	6.10564300e-03
4.20000000e-02	7.79414202e+03	-1.13380867e+01	6.10564300e-03
4.30000000e-02	7.79413094e+03	-1.08168810e+01	6.10564300e-03
4.40000000e-02	7.79412037e+03	-1.03308071e+01	6.10564300e-03
4.50000000e-02	7.79411027e+03	-9.87677699e+00	6.10564300e-03
4.60000000e-02	7.79410061e+03	-9.45203482e+00	6.10564300e-03
4.70000000e-02	7.79409136e+03	-9.05411470e+00	6.10564300e-03
4.80000000e-02	7.79408249e+03	-8.68080492e+00	6.10564300e-03
4.90000000e-02	7.79407399e+03	-8.33011712e+00	6.10564300e-03
5.00000000e-02	7.79406582e+03	-8.00025976e+00	6.10564300e-03
5.10000000e-02	7.79405798e+03	-7.68961520e+00	6.10564300e-03
5.20000000e-02	7.79405044e+03	-7.39671985e+00	6.10564300e-03
5.30000000e-02	7.79404318e+03	-7.12024686e+00	6.10564300e-03
5.40000000e-02	7.79403619e+03	-6.85899110e+00	6.10564300e-03
5.50000000e-02	7.79402946e+03	-6.61185598e+00	6.10564300e-03
5.60000000e-02	7.79402297e+03	-6.37784195e+00	6.10564300e-03
5.70000000e-02	7.79401670e+03	-6.15603635e+00	6.10564300e-03
5.80000000e-02	7.79401065e+03	-5.94560453e+00	6.10564300e-03
5.90000000e-02	7.79400480e+03	-5.74578195e+00	6.10564300e-03
6.00000000e-02	7.79399915e+03	-5.55586727e+00	6.10564300e-03
6.10000000e-02	7.79399369e+03	-5.37521613e+00	6.10564300e-03
6.20000000e-02	7.79398840e+03	-5.20323573e+00	6.10564300e-03
6.30000000e-02	7.79398328e+03	-5.03937995e+00	6.10564300e-03
6.40000000e-02	7.79397832e+03	-4.88314499e+00	6.10564300e-03
6.50000000e-02	7.79397351e+03	-4.73406550e+00	6.10564300e-03
6.60000000e-02	7.79396885e+03	-4.59171111e+00	6.10564300e-03
6.70000000e-02	7.79396433e+03	-4.45568334e+00	6.10564300e-03
6.80000000e-02	7.79395994e+03	-4.32561279e+00	6.10564300e-03
6.90000000e-02	7.79395567e+03	-4.20115662e+00	6.10564300e-03
7.00000000e-02	7.79395153e+03	-4.08199632e+00	6.10564300e-03
7.10000000e-02	7.79394751e+03	-3.96783563e+00	6.10564300e-03
7.20000000e-02	7.79394360e+03	-3.85839874e+00	6.10564300e-03
7.30000000e-02	7.79393979e+03	-3.75342860e+00	6.10564300e-03
7.40000000e-02	7.79393609e+03	-3.65268539e+00	6.10564300e-03
7.50000000e-02	7.79393248e+03	-3.55594519e+00	6.10564300e-03
7.60000000e-02	7.79392897e+03	-3.46299871e+00	6.10564300e-03
7.70000000e-02	7.79392556e+03	-3.37365015e+00	6.10564300e-03
7.80000000e-02	7.79392223e+03	-3.28771620e+00	6.10564300e-03
7.90000000e-02	7.79391898e+03	-3.20502506e+00	6.10564300e-03
8.00000000e-02	7.79391581e+03	-3.12541561e+00	6.10564300e-03
8.10000000e-02	7.79391273e+03	-3.04873661e+00	6.10564300e-03
8.20000000e-02	7.79390972e+03	-2.97484599e+00	6.10564301e-03
8.30000000e-02	7.79390678e+03	-2.90361018e+00	6.10564301e-03
8.40000000e-02	7.79390391e+03	-2.83490351e+00	6.10564301e-03
8.50000000e-02	7.79390111e+03	-2.76860768e+00	6.10564301e-03
8.60000000e-02	7.79389837e+03	-2.70461120e+00	6.10564301e-03
8.70000000e-02	7.79389570e+03	-2.64280896e+00	6.10564301e-03
8.80000000e-02	7.79389308e+03	-2.58310180e+00	6.10564301e-03
8.90000000e-02	7.79389053e+03	-2.52539609e+00	6.10564301e-03
9.00000000e-02	7.79388803e+03	-2.46960337e+00	6.10564301e-03
9.10000000e-02	7.79388559e+03	-2.41564001e+00	6.10564301e-03
9.20000000e-02	7.79388320e+03	-2.36342692e+00	6.10564301e-03
9.30000000e-02	7.79388086e+03	-2.31288921e+00	6.10564301e-03
9.40000000e-02	7.79387857e+03	-2.26395598e+00	6.10564301e-03
9.50000000e-02	7.79387633e+03	-2.21656002e+00	6.10564301e-03
9.60000000e-02	7.79387414e+03	-2.17063763e+00	6.10564301e-03
9.70000000e-02	7.79387199e+03	-2.12612833e+00	6.10564301e-03
9.80000000e-02	7.79386989e+03	-2.08297477e+00	6.10564301e-03
9.90000000e-02	7.79386783e+03	-2.04112242e+00	6.10564301e-03
1.00000000e-01	7.79386580e+03	-2.00051952e+00	6.10564301e-03
1.01000000e-01	7.79386382e+03	-1.96111681e+00	6.10564301e-03
1.02000000e-01	7.79386188e+03	-1.92286747e+00	6.10564301e-03
1.03000000e-01	7.79385998e+03	-1.88572692e+00	6.10564301e-03
1.04000000e-01	7.79385811e+03	-1.84965272e+00	6.10564301e-03
1.05000000e-01	7.79385628e+03	-1.81460445e+00	6.10564301e-03
1.06000000e-01	7.79385448e+03	-1.78054357e+00	6.10564301e-03
1.07000000e-01	7.79385272e+03	-1.74743334e+00	6.10564301e-03
1.08000000e-01	7.79385099e+03	-1.71523872e+00	6.10564301e-03
1.09000000e-01	7.79384929e+03	-1.68392626e+00	6.10564301e-03
1.10000000e-01	7.79384762e+03	-1.65346403e+00	6.10564301e-03
1.11000000e-01	7.79384598e+03	-1.62382153e+00	6.10564301e-03
1.12000000e-01	7.79384437e+03	-1.59496961e+00	6.10564301e-03
1.13000000e-01	7.79384279e+03	-1.56688042e+00	6.10564301e-03
1.14000000e-01	7.79384124e+03	-1.53952731e+00	6.10564301e-03
1.15000000e-01	7.79383971e+03	-1.51288478e+00	6.10564301e-03
1.16000000e-01	7.79383821e+03	-1.48692844e+00	6.10564301e-03
1.17000000e-01	7.79383674e+03	-1.46163494e+00	6.10564301e-03
1.18000000e-01	7.79383529e+03	-1.43698189e+00	6.10564301e-03
1.19000000e-01	7.79383386e+03	-1.41294786e+00	6.10564301e-03
1.20000000e-01	7.79383246e+03	-1.38951231e+00	6.10564301e-03
1.21000000e-01	7.79383108e+03	-1.36665553e+00	6.10564301e-03
1.22000000e-01	7.79382973e+03	-1.34435862e+00	6.10564301e-03
1.23000000e-01	7.79382839e+03	-1.32260345e+00	6.10564301e-03
1.24000000e-01	7.79382708e+03	-1.30137261e+00	6.10564301e-03
1.25000000e-01	7.79382579e+03	-1.28064940e+00	6.10564301e-03
1.26000000e-01	7.79382452e+03	-1.26041776e+00	6.10564302e-03
1.27000000e-01	7.79382327e+03	-1.24066227e+00	6.10564302e-03
1.28000000e-01	7.79382204e+03	-1.22136811e+00	6.10564302e-03
1.29000000e-01	7.79382083e+03	-1.20252103e+00	6.10564302e-03
1.30000000e-01	7.79381963e+03	-1.18410733e+00	6.10564302e-03
1.31000000e-01	7.79381846e+03	-1.16611382e+00	6.10564302e-03
1.32000000e-01	7.79381730e+03	-1.14852782e+00	6.10564302e-03
1.33000000e-01	7.79381616e+03	-1.13133712e+00	6.10564302e-03
1.34000000e-01	7.79381504e+03	-1.11452997e+00	6.10564302e-03
1.35000000e-01	7.79381393e+03	-1.09809504e+00	6.10564302e-03
1.36000000e-01	7.79381284e+03	-1.08202142e+00	6.10564302e-03
1.37000000e-01	7.79381177e+03	-1.06629861e+00	6.10564302e-03
1.38000000e-01	7.79381071e+03	-1.05091647e+00	6.10564302e-03
1.39000000e-01	7.79380967e+03	-1.03586524e+00	6.10564302e-03
1.40000000e-01	7.79380864e+03	-1.02113549e+00	6.10564302e-03
1.41000000e-01	7.79380762e+03	-1.00671813e+00	6.10564302e-03
1.42000000e-01	7.79380662e+03	-9.92604408e-01	6.10564302e-03
1.43000000e-01	7.79380564e+03	-9.78785846e-01	6.10564302e-03
1.44000000e-01	7.79380467e+03	-9.65254278e-01	6.10564302e-03
1.45000000e-01	7.79380371e+03	-9.52001814e-01	6.10564302e-03
1.46000000e-01	7.79380276e+03	-9.39020833e-01	6.10564302e-03
1.47000000e-01	7.79380183e+03	-9.26303975e-01	6.10564302e-03
1.48000000e-01	7.79380091e+03	-9.13844123e-01	6.10564302e-03
1.49000000e-01	7.79380000e+03	-9.01634402e-01	6.10564302e-03
1.50000000e-01	7.79379911e+03	-8.89668165e-01	6.10564302e-03
1.51000000e-01	7.79379822e+03	-8.77938982e-01	6.10564302e-03
1.52000000e-01	7.79379735e+03	-8.66440636e-01	6.10564302e-03
1.53000000e-01	7.79379649e+03	-8.55167111e-01	6.10564302e-03
1.54000000e-01	7.79379564e+03	-8.44112588e-01	6.10564302e-03
1.55000000e-01	7.79379480e+03	-8.33271433e-01	6.10564302e-03
1.56000000e-01	7.79379397e+03	-8.22638192e-01	6.10564302e-03
1.57000000e-01	7.79379316e+03	-8.12207585e-01	6.10564302e-03
1.58000000e-01	7.79379235e+03	-8.01974499e-01	6.10564303e-03
1.59000000e-01	7.79379155e+03	-7.91933979e-01	6.10564303e-03
1.60000000e-01	7.79379076e+03	-7.82081228e-01	6.10564303e-03
1.61000000e-01	7.79378999e+03	-7.72411594e-01	6.10564303e-03
1.62000000e-01	7.79378922e+03	-7.62920569e-01	6.10564303e-03
1.63000000e-01	7.79378846e+03	-7.53603786e-01	6.10564303e-03
1.64000000e-01	7.79378771e+03	-7.44457005e-01	6.10564303e-03
1.65000000e-01	7.79378697e+03	-7.35476120e-01	6.10564303e-03
1.66000000e-01	7.79378624e+03	-7.26657144e-01	6.10564303e-03
1.67000000e-01	7.79378552e+03	-7.17996211e-01	6.10564303e-03
1.68000000e-01	7.79378481e+03	-7.09489569e-01	6.10564303e-03
1.69000000e-01	7.79378410e+03	-7.01133578e-01	6.10564303e-03
1.70000000e-01	7.79378340e+03	-6.92924702e-01	6.10564303e-03
1.71000000e-01	7.79378271e+03	-6.84859511e-01	6.10564303e-03
1.72000000e-01	7.79378203e+03	-6.76934673e-01	6.10564303e-03
1.73000000e-01	7.79378136e+03	-6.69146952e-01	6.10564303e-03
1.74000000e-01	7.79378069e+03	-6.61493206e-01	6.10564303e-03
1.75000000e-01	7.79378004e+03	-6.53970380e-01	6.10564303e-03
1.76000000e-01	7.79377939e+03	-6.46575507e-01	6.10564303e-03
1.77000000e-01	7.79377874e+03	-6.39305705e-01	6.10564303e-03
1.78000000e-01	7.79377811e+03	-6.32158171e-01	6.10564303e-03
1.79000000e-01	7.79377748e+03	-6.25130179e-01	6.10564303e-03
1.80000000e-01	7.79377686e+03	-6.18219082e-01	6.10564303e-03
1.81000000e-01	7.79377624e+03	-6.11422302e-01	6.10564303e-03
1.82000000e-01	7.79377564e+03	-6.04737334e-01	6.10564303e-03
1.83000000e-01	7.79377503e+03	-5.98161741e-01	6.10564303e-03
1.84000000e-01	7.79377444e+03	-5.91693152e-01	6.10564303e-03
1.85000000e-01	7.79377385e+03	-5.85329259e-01	6.10564304e-03
1.86000000e-01	7.79377327e+03	-5.79067817e-01	6.10564304e-03
1.87000000e-01	7.79377269e+03	-5.72906640e-01	6.10564304e-03
1.88000000e-01	7.79377212e+03	-5.66843601e-01	6.10564304e-03
1.89000000e-01	7.79377156e+03	-5.60876628e-01	6.10564304e-03
1.90000000e-01	7.79377100e+03	-5.55003703e-01	6.10564304e-03
1.91000000e-01	7.79377045e+03	-5.49222864e-01	6.10564304e-03
1.92000000e-01	7.79376990e+03	-5.43532195e-01	6.10564304e-03
1.93000000e-01	7.79376936e+03	-5.37929834e-01	6.10564304e-03
1.94000000e-01	7.79376883e+03	-5.32413964e-01	6.10564304e-03
1.95000000e-01	7.79376830e+03	-5.26982815e-01	6.10564304e-03
1.96000000e-01	7.79376777e+03	-5.21634664e-01	6.10564304e-03
1.97000000e-01	7.79376725e+03	-5.16367828e-01	6.10564304e-03
1.98000000e-01	7.79376674e+03	-5.11180670e-01	6.10564304e-03
1.99000000e-01	7.79376623e+03	-5.06071591e-01	6.10564304e-03
2.00000000e-01	7.79376573e+03	-5.01039035e-01	6.10564304e-03
2.01000000e-01	7.79376523e+03	-4.96081481e-01	6.10564304e-03
2.02000000e-01	7.79376473e+03	-4.91197450e-01	6.10564304e-03
2.03000000e-01	7.79376425e+03	-4.86385494e-01	6.10564304e-03
2.04000000e-01	7.79376376e+03	-4.81644206e-01	6.10564304e-03
2.05000000e-01	7.79376328e+03	-4.76972209e-01	6.10564304e-03
2.06000000e-01	7.79376281e+03	-4.72368160e-01	6.10564304e-03
2.07000000e-01	7.79376234e+03	-4.67830751e-01	6.10564304e-03
2.08000000e-01	7.79376187e+03	-4.63358703e-01	6.10564305e-03
2.09000000e-01	7.79376141e+03	-4.58950767e-01	6.10564305e-03
2.10000000e-01	7.79376095e+03	-4.54605726e-01	6.10564305e-03
2.11000000e-01	7.79376050e+03	-4.50322389e-01	6.10564305e-03
2.12000000e-01	7.79376005e+03	-4.46099597e-01	6.10564305e-03
2.13000000e-01	7.79375961e+03	-4.41936213e-01	6.10564305e-03
2.14000000e-01	7.79375917e+03	-4.37831131e-01	6.10564305e-03
2.15000000e-01	7.79375873e+03	-4.33783268e-01	6.10564305e-03
2.16000000e-01	7.79375830e+03	-4.29791568e-01	6.10564305e-03
2.17000000e-01	7.79375787e+03	-4.25854996e-01	6.10564305e-03
2.18000000e-01	7.79375745e+03	-4.21972544e-01	6.10564305e-03
2.19000000e-01	7.79375703e+03	-4.18143227e-01	6.10564305e-03
2.20000000e-01	7.79375661e+03	-4.14366079e-01	6.10564305e-03
2.21000000e-01	7.79375620e+03	-4.10640158e-01	6.10564305e-03
2.22000000e-01	7.79375579e+03	-4.06964545e-01	6.10564305e-03
2.23000000e-01	7.79375539e+03	-4.03338338e-01	6.10564305e-03
2.24000000e-01	7.79375499e+03	-3.99760658e-01	6.10564305e-03
2.25000000e-01	7.79375459e+03	-3.96230642e-01	6.10564305e-03
2.26000000e-01	7.79375419e+03	-3.92747451e-01	6.10564305e-03
2.27000000e-01	7.79375380e+03	-3.89310260e-01	6.10564305e-03
2.28000000e-01	7.79375342e+03	-3.85918264e-01	6.10564305e-03
2.29000000e-01	7.79375303e+03	-3.82570675e-01	6.10564306e-03
2.30000000e-01	7.79375265e+03	-3.79266723e-01	6.10564306e-03
2.31000000e-01	7.79375227e+03	-3.76005655e-01	6.10564306e-03
2.32000000e-01	7.79375190e+03	-3.72786731e-01	6.10564306e-03
2.33000000e-01	7.79375153e+03	-3.69609230e-01	6.10564306e-03
2.34000000e-01	7.79375116e+03	-3.66472446e-01	6.10564306e-03
2.35000000e-01	7.79375079e+03	-3.63375687e-01	6.10564306e-03
2.36000000e-01	7.79375043e+03	-3.60318276e-01	6.10564306e-03
2.37000000e-01	7.79375007e+03	-3.57299550e-01	6.10564306e-03
2.38000000e-01	7.79374972e+03	-3.54318861e-01	6.10564306e-03
2.39000000e-01	7.79374936e+03	-3.51375573e-01	6.10564306e-03
2.40000000e-01	7.79374901e+03	-3.48469064e-01	6.10564306e-03
2.41000000e-01	7.79374867e+03	-3.45598725e-01	6.10564306e-03
2.42000000e-01	7.79374832e+03	-3.42763960e-01	6.10564306e-03
2.43000000e-01	7.79374798e+03	-3.39964183e-01	6.10564306e-03
2.44000000e-01	7.79374764e+03	-3.37198824e-01	6.10564306e-03
2.45000000e-01	7.79374731e+03	-3.34467320e-01	6.10564306e-03
2.46000000e-01	7.79374697e+03	-3.31769122e-01	6.10564306e-03
2.47000000e-01	7.79374664e+03	-3.29103693e-01	6.10564306e-03
2.48000000e-01	7.79374632e+03	-3.26470505e-01	6.10564307e-03
2.49000000e-01	7.79374599e+03	-3.23869040e-01	6.10564307e-03
2.50000000e-01	7.79374567e+03	-3.21298793e-01	6.10564307e-03
2.51000000e-01	7.79374535e+03	-3.18759267e-01	6.10564307e-03
2.52000000e-01	7.79374503e+03	-3.16249975e-01	6.10564307e-03
2.53000000e-01	7.79374472e+03	-3.13770440e-01	6.10564307e-03
2.54000000e-01	7.79374440e+03	-3.11320194e-01	6.10564307e-03
2.55000000e-01	7.79374409e+03	-3.08898779e-01	6.10564307e-03
2.56000000e-01	7.79374379e+03	-3.06505746e-01	6.10564307e-03
2.57000000e-01	7.79374348e+03	-3.04140652e-01	6.10564307e-03
2.58000000e-01	7.79374318e+03	-3.01803067e-01	6.10564307e-03
2.59000000e-01	7.79374288e+03	-2.99492566e-01	6.10564307e-03
2.60000000e-01	7.79374258e+03	-2.97208733e-01	6.10564307e-03
2.61000000e-01	7.79374228e+03	-2.94951160e-01	6.10564307e-03
2.62000000e-01	7.79374199e+03	-2.92719448e-01	6.10564307e-03
2.63000000e-01	7.79374170e+03	-2.90513203e-01	6.10564307e-03
2.64000000e-01	7.79374141e+03	-2.88332040e-01	6.10564307e-03
2.65000000e-01	7.79374112e+03	-2.86175582e-01	6.10564307e-03
2.66000000e-01	7.79374084e+03	-2.84043457e-01	6.10564308e-03
2.67000000e-01	7.79374055e+03	-2.81935302e-01	6.10564308e-03
2.68000000e-01	7.79374027e+03	-2.79850760e-01	6.10564308e-03
2.69000000e-01	7.79373999e+03	-2.77789481e-01	6.10564308e-03
2.70000000e-01	7.79373972e+03	-2.75751119e-01	6.10564308e-03
2.71000000e-01	7.79373944e+03	-2.73735338e-01	6.10564308e-03
2.72000000e-01	7.79373917e+03	-2.71741807e-01	6.10564308e-03
2.73000000e-01	7.79373890e+03	-2.69770199e-01	6.10564308e-03
2.74000000e-01	7.79373863e+03	-2.67820195e-01	6.10564308e-03
2.75000000e-01	7.79373836e+03	-2.65891482e-01	6.10564308e-03
2.76000000e-01	7.79373810e+03	-2.63983752e-01	6.10564308e-03
2.77000000e-01	7.79373783e+03	-2.62096702e-01	6.10564308e-03
2.78000000e-01	7.79373757e+03	-2.60230035e-01	6.10564308e-03
2.79000000e-01	7.79373731e+03	-2.58383460e-01	6.10564308e-03
2.80000000e-01	7.79373706e+03	-2.56556689e-01	6.10564308e-03
2.81000000e-01	7.79373680e+03	-2.54749442e-01	6.10564308e-03
2.82000000e-01	7.79373655e+03	-2.52961442e-01	6.10564308e-03
2.83000000e-01	7.79373629e+03	-2.51192418e-01	6.10564309e-03
2.84000000e-01	7.79373604e+03	-2.49442102e-01	6.10564309e-03
2.85000000e-01	7.79373580e+03	-2.47710233e-01	6.10564309e-03
2.86000000e-01	7.79373555e+03	-2.45996553e-01	6.10564309e-03
2.87000000e-01	7.79373530e+03	-2.44300810e-01	6.10564309e-03
2.88000000e-01	7.79373506e+03	-2.42622753e-01	6.10564309e-03
2.89000000e-01	7.79373482e+03	-2.40962139e-01	6.10564309e-03
2.90000000e-01	7.79373458e+03	-2.39318729e-01	6.10564309e-03
2.91000000e-01	7.79373434e+03	-2.37692284e-01	6.10564309e-03
2.92000000e-01	7.79373410e+03	-2.36082575e-01	6.10564309e-03
2.93000000e-01	7.79373387e+03	-2.34489372e-01	6.10564309e-03
2.94000000e-01	7.79373363e+03	-2.32912452e-01	6.10564309e-03
2.95000000e-01	7.79373340e+03	-2.31351594e-01	6.10564309e-03
2.96000000e-01	7.79373317e+03	-2.29806581e-01	6.10564309e-03
2.97000000e-01	7.79373294e+03	-2.28277200e-01	6.10564309e-03
2.98000000e-01	7.79373271e+03	-2.26763242e-01	6.10564309e-03
2.99000000e-01	7.79373249e+03	-2.25264501e-01	6.10564310e-03
3.00000000e-01	7.79373226e+03	-2.23780774e-01	6.10564310e-03
3.01000000e-01	7.79373204e+03	-2.22311862e-01	6.10564310e-03
3.02000000e-01	7.79373182e+03	-2.20857570e-01	6.10564310e-03
3.03000000e-01	7.79373160e+03	-2.19417704e-01	6.10564310e-03
3.04000000e-01	7.79373138e+03	-2.17992075e-01	6.10564310e-03
3.05000000e-01	7.79373116e+03	-2.16580497e-01	6.10564310e-03
3.06000000e-01	7.79373095e+03	-2.15182785e-01	6.10564310e-03
3.07000000e-01	7.79373073e+03	-2.13798761e-01	6.10564310e-03
3.08000000e-01	7.79373052e+03	-2.12428246e-01	6.10564310e-03
3.09000000e-01	7.79373031e+03	-2.11071066e-01	6.10564310e-03
3.10000000e-01	7.79373010e+03	-2.09727049e-01	6.10564310e-03
3.11000000e-01	7.79372989e+03	-2.08396026e-01	6.10564310e-03
3.12000000e-01	7.79372968e+03	-2.07077830e-01	6.10564310e-03
3.13000000e-01	7.79372947e+03	-2.05772299e-01	6.10564310e-03
3.14000000e-01	7.79372927e+03	-2.04479270e-01	6.10564311e-03
3.15000000e-01	7.79372907e+03	-2.03198586e-01	6.10564311e-03
3.16000000e-01	7.79372886e+03	-2.01930090e-01	6.10564311e-03
3.17000000e-01	7.79372866e+03	-2.00673629e-01	6.10564311e-03
3.18000000e-01	7.79372846e+03	-1.99429052e-01	6.10564311e-03
3.19000000e-01	7.79372826e+03	-1.98196209e-01	6.10564311e-03
3.20000000e-01	7.79372806e+03	-1.96974955e-01	6.10564311e-03
3.21000000e-01	7.79372787e+03	-1.95765146e-01	6.10564311e-03
3.22000000e-01	7.79372767e+03	-1.94566638e-01	6.10564311e-03
3.23000000e-01	7.79372748e+03	-1.93379294e-01	6.10564311e-03
3.24000000e-01	7.79372729e+03	-1.92202974e-01	6.10564311e-03
3.25000000e-01	7.79372710e+03	-1.91037544e-01	6.10564311e-03
3.26000000e-01	7.79372690e+03	-1.89882869e-01	6.10564311e-03
3.27000000e-01	7.79372672e+03	-1.88738820e-01	6.10564311e-03
3.28000000e-01	7.79372653e+03	-1.87605266e-01	6.10564312e-03
3.29000000e-01	7.79372634e+03	-1.86482080e-01	6.10564312e-03
3.30000000e-01	7.79372615e+03	-1.85369136e-01	6.10564312e-03
3.31000000e-01	7.79372597e+03	-1.84266311e-01	6.10564312e-03
3.32000000e-01	7.79372579e+03	-1.83173484e-01	6.10564312e-03
3.33000000e-01	7.79372560e+03	-1.82090533e-01	6.10564312e-03
3.34000000e-01	7.79372542e+03	-1.81017342e-01	6.10564312e-03
3.35000000e-01	7.79372524e+03	-1.79953793e-01	6.10564312e-03
3.36000000e-01	7.79372506e+03	-1.78899773e-01	6.10564312e-03
3.37000000e-01	7.79372488e+03	-1.77855168e-01	6.10564312e-03
3.38000000e-01	7.79372471e+03	-1.76819867e-01	6.10564312e-03
3.39000000e-01	7.79372453e+03	-1.75793760e-01	6.10564312e-03
3.40000000e-01	7.79372435e+03	-1.74776739e-01	6.10564312e-03
3.41000000e-01	7.79372418e+03	-1.73768699e-01	6.10564313e-03
3.42000000e-01	7.79372401e+03	-1.72769533e-01	6.10564313e-03
3.43000000e-01	7.79372383e+03	-1.71779139e-01	6.10564313e-03
3.44000000e-01	7.79372366e+03	-1.70797415e-01	6.10564313e-03
3.45000000e-01	7.79372349e+03	-1.69824261e-01	6.10564313e-03
3.46000000e-01	7.79372332e+03	-1.68859577e-01	6.10564313e-03
3.47000000e-01	7.79372316e+03	-1.67903266e-01	6.10564313e-03
3.48000000e-01	7.79372299e+03	-1.66955232e-01	6.10564313e-03
3.49000000e-01	7.79372282e+03	-1.66015380e-01	6.10564313e-03
3.50000000e-01	7.79372266e+03	-1.65083617e-01	6.10564313e-03
3.51000000e-01	7.79372249e+03	-1.64159850e-01	6.10564313e-03
3.52000000e-01	7.79372233e+03	-1.63243990e-01	6.10564313e-03
3.53000000e-01	7.79372216e+03	-1.62335946e-01	6.10564313e-03
3.54000000e-01	7.79372200e+03	-1.61435631e-01	6.10564313e-03
3.55000000e-01	7.79372184e+03	-1.60542957e-01	6.10564314e-03
3.56000000e-01	7.79372168e+03	-1.59657839e-01	6.10564314e-03
3.57000000e-01	7.79372152e+03	-1.58780192e-01	6.10564314e-03
3.58000000e-01	7.79372136e+03	-1.57909933e-01	6.10564314e-03
3.59000000e-01	7.79372121e+03	-1.57046979e-01	6.10564314e-03
3.60000000e-01	7.79372105e+03	-1.56191250e-01	6.10564314e-03
3.61000000e-01	7.79372089e+03	-1.55342665e-01	6.10564314e-03
3.62000000e-01	7.79372074e+03	-1.54501146e-01	6.10564314e-03
3.63000000e-01	7.79372059e+03	-1.53666616e-01	6.10564314e-03
3.64000000e-01	7.79372043e+03	-1.52838996e-01	6.10564314e-03
3.65000000e-01	7.79372028e+03	-1.52018212e-01	6.10564314e-03
3.66000000e-01	7.79372013e+03	-1.51204189e-01	6.10564314e-03
3.67000000e-01	7.79371998e+03	-1.50396854e-01	6.10564315e-03
3.68000000e-01	7.79371983e+03	-1.49596134e-01	6.10564315e-03
3.69000000e-01	7.79371968e+03	-1.48801956e-01	6.10564315e-03
3.70000000e-01	7.79371953e+03	-1.48014252e-01	6.10564315e-03
3.71000000e-01	7.79371938e+03	-1.47232950e-01	6.10564315e-03
3.72000000e-01	7.79371923e+03	-1.46457983e-01	6.10564315e-03
3.73000000e-01	7.79371909e+03	-1.45689282e-01	6.10564315e-03
3.74000000e-01	7.79371894e+03	-1.44926780e-01	6.10564315e-03
3.75000000e-01	7.79371880e+03	-1.44170412e-01	6.10564315e-03
3.76000000e-01	7.79371866e+03	-1.43420112e-01	6.10564315e-03
3.77000000e-01	7.79371851e+03	-1.42675816e-01	6.10564315e-03
3.78000000e-01	7.79371837e+03	-1.41937460e-01	6.10564315e-03
3.79000000e-01	7.79371823e+03	-1.41204983e-01	6.10564316e-03
3.80000000e-01	7.79371809e+03	-1.40478321e-01	6.10564316e-03
3.81000000e-01	7.79371795e+03	-1.39757414e-01	6.10564316e-03
3.82000000e-01	7.79371781e+03	-1.39042202e-01	6.10564316e-03
3.83000000e-01	7.79371767e+03	-1.38332626e-01	6.10564316e-03
3.84000000e-01	7.79371753e+03	-1.37628627e-01	6.10564316e-03
3.85000000e-01	7.79371739e+03	-1.36930147e-01	6.10564316e-03
3.86000000e-01	7.79371726e+03	-1.36237128e-01	6.10564316e-03
3.87000000e-01	7.79371712e+03	-1.35549515e-01	6.10564316e-03
3.88000000e-01	7.79371699e+03	-1.34867252e-01	6.10564316e-03
3.89000000e-01	7.79371685e+03	-1.34190284e-01	6.10564316e-03
3.90000000e-01	7.79371672e+03	-1.33518557e-01	6.10564316e-03
3.91000000e-01	7.79371658e+03	-1.32852016e-01	6.10564317e-03
3.92000000e-01	7.79371645e+03	-1.32190610e-01	6.10564317e-03
3.93000000e-01	7.79371632e+03	-1.31534286e-01	6.10564317e-03
3.94000000e-01	7.79371619e+03	-1.30882993e-01	6.10564317e-03
3.95000000e-01	7.79371606e+03	-1.30236679e-01	6.10564317e-03
3.96000000e-01	7.79371593e+03	-1.29595295e-01	6.10564317e-03
3.97000000e-01	7.79371580e+03	-1.28958790e-01	6.10564317e-03
3.98000000e-01	7.79371567e+03	-1.28327117e-01	6.10564317e-03
3.99000000e-01	7.79371554e+03	-1.27700226e-01	6.10564317e-03
4.00000000e-01	7.79371542e+03	-1.27078069e-01	6.10564317e-03
4.01000000e-01	7.79371529e+03	-1.26460600e-01	6.10564317e-03
4.02000000e-01	7.79371516e+03	-1.25847772e-01	6.10564317e-03
4.03000000e-01	7.79371504e+03	-1.25239539e-01	6.10564318e-03
4.04000000e-01	7.79371491e+03	-1.24635856e-01	6.10564318e-03
4.05000000e-01	7.79371479e+03	-1.24036677e-01	6.10564318e-03
4.06000000e-01	7.79371466e+03	-1.23441959e-01	6.10564318e-03
4.07000000e-01	7.79371454e+03	-1.22851657e-01	6.10564318e-03
4.08000000e-01	7.79371442e+03	-1.22265728e-01	6.10564318e-03
4.09000000e-01	7.79371430e+03	-1.21684130e-01	6.10564318e-03
4.10000000e-01	7.79371417e+03	-1.21106820e-01	6.10564318e-03
4.11000000e-01	7.79371405e+03	-1.20533757e-01	6.10564318e-03
4.12000000e-01	7.79371393e+03	-1.19964900e-01	6.10564318e-03
4.13000000e-01	7.79371381e+03	-1.19400207e-01	6.10564318e-03
4.14000000e-01	7.79371369e+03	-1.18839639e-01	6.10564319e-03
4.15000000e-01	7.79371358e+03	-1.18283156e-01	6.10564319e-03
4.16000000e-01	7.79371346e+03	-1.17730719e-01	6.10564319e-03
4.17000000e-01	7.79371334e+03	-1.17182288e-01	6.10564319e-03
4.18000000e-01	7.79371322e+03	-1.16637826e-01	6.10564319e-03
4.19000000e-01	7.79371311e+03	-1.16097295e-01	6.10564319e-03
4.20000000e-01	7.79371299e+03	-1.15560657e-01	6.10564319e-03
4.21000000e-01	7.79371288e+03	-1.15027876e-01	6.10564319e-03
4.22000000e-01	7.79371276e+03	-1.14498915e-01	6.10564319e-03
4.23000000e-01	7.79371265e+03	-1.13973737e-01	6.10564319e-03
4.24000000e-01	7.79371253e+03	-1.13452308e-01	6.10564319e-03
4.25000000e-01	7.79371242e+03	-1.12934592e-01	6.10564320e-03
4.26000000e-01	7.79371231e+03	-1.12420554e-01	6.10564320e-03
4.27000000e-01	7.79371220e+03	-1.11910160e-01	6.10564320e-03
4.28000000e-01	7.79371208e+03	-1.11403375e-01	6.10564320e-03
4.29000000e-01	7.79371197e+03	-1.10900166e-01	6.10564320e-03
4.30000000e-01	7.79371186e+03	-1.10400501e-01	6.10564320e-03
4.31000000e-01	7.79371175e+03	-1.09904345e-01	6.10564320e-03
4.32000000e-01	7.79371164e+03	-1.09411667e-01	6.10564320e-03
4.33000000e-01	7.79371153e+03	-1.08922435e-01	6.10564320e-03
4.34000000e-01	7.79371142e+03	-1.08436616e-01	6.10564320e-03
4.35000000e-01	7.79371132e+03	-1.07954179e-01	6.10564320e-03
4.36000000e-01	7.79371121e+03	-1.07475094e-01	6.10564321e-03
4.37000000e-01	7.79371110e+03	-1.06999330e-01	6.10564321e-03
4.38000000e-01	7.79371099e+03	-1.06526857e-01	6.10564321e-03
4.39000000e-01	7.79371089e+03	-1.06057643e-01	6.10564321e-03
4.40000000e-01	7.79371078e+03	-1.05591661e-01	6.10564321e-03
4.41000000e-01	7.79371068e+03	-1.05128881e-01	6.10564321e-03
4.42000000e-01	7.79371057e+03	-1.04669273e-01	6.10564321e-03
4.43000000e-01	7.79371047e+03	-1.04212809e-01	6.10564321e-03
4.44000000e-01	7.79371036e+03	-1.03759461e-01	6.10564321e-03
4.45000000e-01	7.79371026e+03	-1.03309201e-01	6.10564321e-03
4.46000000e-01	7.79371016e+03	-1.02862001e-01	6.10564322e-03
4.47000000e-01	7.79371005e+03	-1.02417834e-01	6.10564322e-03
4.48000000e-01	7.79370995e+03	-1.01976672e-01	6.10564322e-03
4.49000000e-01	7.79370985e+03	-1.01538490e-01	6.10564322e-03
4.50000000e-01	7.79370975e+03	-1.01103260e-01	6.10564322e-03
4.51000000e-01	7.79370965e+03	-1.00670956e-01	6.10564322e-03
4.52000000e-01	7.79370955e+03	-1.00241554e-01	6.10564322e-03
4.53000000e-01	7.79370945e+03	-9.98150256e-02	6.10564322e-03
4.54000000e-01	7.79370935e+03	-9.93913473e-02	6.10564322e-03
4.55000000e-01	7.79370925e+03	-9.89704936e-02	6.10564322e-03
4.56000000e-01	7.79370915e+03	-9.85524398e-02	6.10564323e-03
4.57000000e-01	7.79370905e+03	-9.81371614e-02	6.10564323e-03
4.58000000e-01	7.79370895e+03	-9.77246342e-02	6.10564323e-03
4.59000000e-01	7.79370886e+03	-9.73148343e-02	6.10564323e-03
4.60000000e-01	7.79370876e+03	-9.69077379e-02	6.10564323e-03
4.61000000e-01	7.79370866e+03	-9.65033216e-02	6.10564323e-03
4.62000000e-01	7.79370857e+03	-9.61015622e-02	6.10564323e-03
4.63000000e-01	7.79370847e+03	-9.57024368e-02	6.10564323e-03
4.64000000e-01	7.79370838e+03	-9.53059228e-02	6.10564323e-03
4.65000000e-01	7.79370828e+03	-9.49119977e-02	6.10564323e-03
4.66000000e-01	7.79370819e+03	-9.45206392e-02	6.10564324e-03
4.67000000e-01	7.79370809e+03	-9.41318254e-02	6.10564324e-03
4.68000000e-01	7.79370800e+03	-9.37455347e-02	6.10564324e-03
4.69000000e-01	7.79370790e+03	-9.33617455e-02	6.10564324e-03
4.70000000e-01	7.79370781e+03	-9.29804365e-02	6.10564324e-03
4.71000000e-01	7.79370772e+03	-9.26015867e-02	6.10564324e-03
4.72000000e-01	7.79370763e+03	-9.22251752e-02	6.10564324e-03
4.73000000e-01	7.79370753e+03	-9.18511816e-02	6.10564324e-03
4.74000000e-01	7.79370744e+03	-9.14795853e-02	6.10564324e-03
4.75000000e-01	7.79370735e+03	-9.11103663e-02	6.10564324e-03
4.76000000e-01	7.79370726e+03	-9.07435046e-02	6.10564325e-03
4.77000000e-01	7.79370717e+03	-9.03789803e-02	6.10564325e-03
4.78000000e-01	7.79370708e+03	-9.00167741e-02	6.10564325e-03
4.79000000e-01	7.79370699e+03	-8.96568665e-02	6.10564325e-03
4.80000000e-01	7.79370690e+03	-8.92992384e-02	6.10564325e-03
4.81000000e-01	7.79370681e+03	-8.89438710e-02	6.10564325e-03
4.82000000e-01	7.79370672e+03	-8.85907453e-02	6.10564325e-03
4.83000000e-01	7.79370663e+03	-8.82398429e-02	6.10564325e-03
4.84000000e-01	7.79370654e+03	-8.78911455e-02	6.10564325e-03
4.85000000e-01	7.79370646e+03	-8.75446348e-02	6.10564326e-03
4.86000000e-01	7.79370637e+03	-8.72002930e-02	6.10564326e-03
4.87000000e-01	7.79370628e+03	-8.68581021e-02	6.10564326e-03
4.88000000e-01	7.79370620e+03	-8.65180446e-02	6.10564326e-03
4.89000000e-01	7.79370611e+03	-8.61801030e-02	6.10564326e-03
4.90000000e-01	7.79370602e+03	-8.58442602e-02	6.10564326e-03
4.91000000e-01	7.79370594e+03	-8.55104989e-02	6.10564326e-03
4.92000000e-01	7.79370585e+03	-8.51788024e-02	6.10564326e-03
4.93000000e-01	7.79370577e+03	-8.48491538e-02	6.10564326e-03
4.94000000e-01	7.79370568e+03	-8.45215367e-02	6.10564326e-03
4.95000000e-01	7.79370560e+03	-8.41959345e-02	6.10564327e-03
4.96000000e-01	7.79370551e+03	-8.38723311e-02	6.10564327e-03
4.97000000e-01	7.79370543e+03	-8.35507105e-02	6.10564327e-03
4.98000000e-01	7.79370535e+03	-8.32310566e-02	6.10564327e-03
4.99000000e-01	7.79370526e+03	-8.29133537e-02	6.10564327e-03
5.00000000e-01	7.79370518e+03	-8.25975863e-02	6.10564327e-03
5.01000000e-01	7.79370510e+03	-8.22837389e-02	6.10564327e-03
5.02000000e-01	7.79370502e+03	-8.19717963e-02	6.10564327e-03
5.03000000e-01	7.79370494e+03	-8.16617432e-02	6.10564327e-03
5.04000000e-01	7.79370485e+03	-8.13535648e-02	6.10564328e-03
5.05000000e-01	7.79370477e+03	-8.10472461e-02	6.10564328e-03
5.06000000e-01	7.79370469e+03	-8.07427726e-02	6.10564328e-03
5.07000000e-01	7.79370461e+03	-8.04401296e-02	6.10564328e-03
5.08000000e-01	7.79370453e+03	-8.01393027e-02	6.10564328e-03
5.09000000e-01	7.79370445e+03	-7.98402777e-02	6.10564328e-03
5.10000000e-01	7.79370437e+03	-7.95430405e-02	6.10564328e-03
5.11000000e-01	7.79370429e+03	-7.92475771e-02	6.10564328e-03
5.12000000e-01	7.79370421e+03	-7.89538737e-02	6.10564328e-03
5.13000000e-01	7.79370413e+03	-7.86619165e-02	6.10564329e-03
5.14000000e-01	7.79370406e+03	-7.83716919e-02	6.10564329e-03
5.15000000e-01	7.79370398e+03	-7.80831866e-02	6.10564329e-03
5.16000000e-01	7.79370390e+03	-7.77963872e-02	6.10564329e-03
5.17000000e-01	7.79370382e+03	-7.75112805e-02	6.10564329e-03
5.18000000e-01	7.79370374e+03	-7.72278535e-02	6.10564329e-03
5.19000000e-01	7.79370367e+03	-7.69460932e-02	6.10564329e-03
5.20000000e-01	7.79370359e+03	-7.66659868e-02	6.10564329e-03
5.21000000e-01	7.79370351e+03	-7.63875216e-02	6.10564330e-03
5.22000000e-01	7.79370344e+03	-7.61106852e-02	6.10564330e-03
5.23000000e-01	7.79370336e+03	-7.58354649e-02	6.10564330e-03
5.24000000e-01	7.79370329e+03	-7.55618486e-02	6.10564330e-03
5.25000000e-01	7.79370321e+03	-7.52898239e-02	6.10564330e-03
5.26000000e-01	7.79370314e+03	-7.50193788e-02	6.10564330e-03
5.27000000e-01	7.79370306e+03	-7.47505014e-02	6.10564330e-03
5.28000000e-01	7.79370299e+03	-7.44831797e-02	6.10564330e-03
5.29000000e-01	7.79370291e+03	-7.42174020e-02	6.10564330e-03
5.30000000e-01	7.79370284e+03	-7.39531567e-02	6.10564331e-03
5.31000000e-01	7.79370276e+03	-7.36904322e-02	6.10564331e-03
5.32000000e-01	7.79370269e+03	-7.34292171e-02	6.10564331e-03
5.33000000e-01	7.79370262e+03	-7.31695001e-02	6.10564331e-03
5.34000000e-01	7.79370254e+03	-7.29112699e-02	6.10564331e-03
5.35000000e-01	7.79370247e+03	-7.26545156e-02	6.10564331e-03
5.36000000e-01	7.79370240e+03	-7.23992260e-02	6.10564331e-03
5.37000000e-01	7.79370233e+03	-7.21453903e-02	6.10564331e-03
5.38000000e-01	7.79370225e+03	-7.18929976e-02	6.10564331e-03
5.39000000e-01	7.79370218e+03	-7.16420373e-02	6.10564332e-03
5.40000000e-01	7.79370211e+03	-7.13924988e-02	6.10564332e-03
5.41000000e-01	7.79370204e+03	-7.11443716e-02	6.10564332e-03
5.42000000e-01	7.79370197e+03	-7.08976452e-02	6.10564332e-03
5.43000000e-01	7.79370190e+03	-7.06523093e-02	6.10564332e-03
5.44000000e-01	7.79370183e+03	-7.04083538e-02	6.10564332e-03
5.45000000e-01	7.79370176e+03	-7.01657685e-02	6.10564332e-03
5.46000000e-01	7.79370169e+03	-6.99245434e-02	6.10564332e-03
5.47000000e-01	7.79370162e+03	-6.96846685e-02	6.10564333e-03
5.48000000e-01	7.79370155e+03	-6.94461341e-02	6.10564333e-03
5.49000000e-01	7.79370148e+03	-6.92089302e-02	6.10564333e-03
5.50000000e-01	7.79370141e+03	-6.89730474e-02	6.10564333e-03
5.51000000e-01	7.79370134e+03	-6.87384759e-02	6.10564333e-03
5.52000000e-01	7.79370127e+03	-6.85052064e-02	6.10564333e-03
5.53000000e-01	7.79370120e+03	-6.82732293e-02	6.10564333e-03
5.54000000e-01	7.79370113e+03	-6.80425354e-02	6.10564333e-03
5.55000000e-01	7.79370107e+03	-6.78131154e-02	6.10564334e-03
5.56000000e-01	7.79370100e+03	-6.75849602e-02	6.10564334e-03
5.57000000e-01	7.79370093e+03	-6.73580607e-02	6.10564334e-03
5.58000000e-01	7.79370086e+03	-6.71324079e-02	6.10564334e-03
5.59000000e-01	7.79370080e+03	-6.69079929e-02	6.10564334e-03
5.60000000e-01	7.79370073e+03	-6.66848068e-02	6.10564334e-03
5.61000000e-01	7.79370066e+03	-6.64628410e-02	6.10564334e-03
5.62000000e-01	7.79370060e+03	-6.62420866e-02	6.10564334e-03
5.63000000e-01	7.79370053e+03	-6.60225352e-02	6.10564334e-03
5.64000000e-01	7.79370047e+03	-6.58041782e-02	6.10564335e-03
5.65000000e-01	7.79370040e+03	-6.55870071e-02	6.10564335e-03
5.66000000e-01	7.79370033e+03	-6.53710137e-02	6.10564335e-03
5.67000000e-01	7.79370027e+03	-6.51561895e-02	6.10564335e-03
5.68000000e-01	7.79370020e+03	-6.49425263e-02	6.10564335e-03
5.69000000e-01	7.79370014e+03	-6.47300160e-02	6.10564335e-03
5.70000000e-01	7.79370007e+03	-6.45186506e-02	6.10564335e-03
5.71000000e-01	7.79370001e+03	-6.43084220e-02	6.10564335e-03
5.72000000e-01	7.79369995e+03	-6.40993222e-02	6.10564336e-03
5.73000000e-01	7.79369988e+03	-6.38913434e-02	6.10564336e-03
5.74000000e-01	7.79369982e+03	-6.36844777e-02	6.10564336e-03
5.75000000e-01	7.79369975e+03	-6.34787176e-02	6.10564336e-03
5.76000000e-01	7.79369969e+03	-6.32740552e-02	6.10564336e-03
5.77000000e-01	7.79369963e+03	-6.30704829e-02	6.10564336e-03
5.78000000e-01	7.79369957e+03	-6.28679933e-02	6.10564336e-03
5.79000000e-01	7.79369950e+03	-6.26665788e-02	6.10564336e-03
5.80000000e-01	7.79369944e+03	-6.24662321e-02	6.10564337e-03
5.81000000e-01	7.79369938e+03	-6.22669458e-02	6.10564337e-03
5.82000000e-01	7.79369932e+03	-6.20687127e-02	6.10564337e-03
5.83000000e-01	7.79369925e+03	-6.18715254e-02	6.10564337e-03
5.84000000e-01	7.79369919e+03	-6.16753769e-02	6.10564337e-03
5.85000000e-01	7.79369913e+03	-6.14802600e-02	6.10564337e-03
5.86000000e-01	7.79369907e+03	-6.12861677e-02	6.10564337e-03
5.87000000e-01	7.79369901e+03	-6.10930931e-02	6.10564338e-03
5.88000000e-01	7.79369895e+03	-6.09010292e-02	6.10564338e-03
5.89000000e-01	7.79369889e+03	-6.07099691e-02	6.10564338e-03
5.90000000e-01	7.79369883e+03	-6.05199061e-02	6.10564338e-03
5.91000000e-01	7.79369876e+03	-6.03308335e-02	6.10564338e-03
5.92000000e-01	7.79369870e+03	-6.01427444e-02	6.10564338e-03
5.93000000e-01	7.79369864e+03	-5.99556324e-02	6.10564338e-03
5.94000000e-01	7.79369858e+03	-5.97694908e-02	6.10564338e-03
5.95000000e-01	7.79369852e+03	-5.95843131e-02	6.10564339e-03
5.96000000e-01	7.79369847e+03	-5.94000929e-02	6.10564339e-03
5.97000000e-01	7.79369841e+03	-5.92168237e-02	6.10564339e-03
5.98000000e-01	7.79369835e+03	-5.90344992e-02	6.10564339e-03
5.99000000e-01	7.79369829e+03	-5.88531130e-02	6.10564339e-03
6.00000000e-01	7.79369823e+03	-5.86726590e-02	6.10564339e-03
6.01000000e-01	7.79369817e+03	-5.84931309e-02	6.10564339e-03
6.02000000e-01	7.79369811e+03	-5.83145226e-02	6.10564339e-03
6.03000000e-01	7.79369805e+03	-5.81368280e-02	6.10564340e-03
6.04000000e-01	7.79369800e+03	-5.79600411e-02	6.10564340e-03
6.05000000e-01	7.79369794e+03	-5.77841557e-02	6.10564340e-03
6.06000000e-01	7.79369788e+03	-5.76091661e-02	6.10564340e-03
6.07000000e-01	7.79369782e+03	-5.74350663e-02	6.10564340e-03
6.08000000e-01	7.79369777e+03	-5.72618504e-02	6.10564340e-03
6.09000000e-01	7.79369771e+03	-5.70895127e-02	6.10564340e-03
6.10000000e-01	7.79369765e+03	-5.69180474e-02	6.10564341e-03
6.11000000e-01	7.79369759e+03	-5.67474487e-02	6.10564341e-03
6.12000000e-01	7.79369754e+03	-5.65777111e-02	6.10564341e-03
6.13000000e-01	7.79369748e+03	-5.64088289e-02	6.10564341e-03
6.14000000e-01	7.79369742e+03	-5.62407966e-02	6.10564341e-03
6.15000000e-01	7.79369737e+03	-5.60736086e-02	6.10564341e-03
6.16000000e-01	7.79369731e+03	-5.59072594e-02	6.10564341e-03
6.17000000e-01	7.79369726e+03	-5.57417437e-02	6.10564341e-03
6.18000000e-01	7.79369720e+03	-5.55770559e-02	6.10564342e-03
6.19000000e-01	7.79369715e+03	-5.54131909e-02	6.10564342e-03
6.20000000e-01	7.79369709e+03	-5.52501432e-02	6.10564342e-03
6.21000000e-01	7.79369704e+03	-5.50879076e-02	6.10564342e-03
6.22000000e-01	7.79369698e+03	-5.49264789e-02	6.10564342e-03
6.23000000e-01	7.79369693e+03	-5.47658520e-02	6.10564342e-03
6.24000000e-01	7.79369687e+03	-5.46060216e-02	6.10564342e-03
6.25000000e-01	7.79369682e+03	-5.44469827e-02	6.10564343e-03
6.26000000e-01	7.79369676e+03	-5.42887303e-02	6.10564343e-03
6.27000000e-01	7.79369671e+03	-5.41312592e-02	6.10564343e-03
6.28000000e-01	7.79369665e+03	-5.39745647e-02	6.10564343e-03
6.29000000e-01	7.79369660e+03	-5.38186416e-02	6.10564343e-03
6.30000000e-01	7.79369655e+03	-5.36634852e-02	6.10564343e-03
6.31000000e-01	7.79369649e+03	-5.35090905e-02	6.10564343e-03
6.32000000e-01	7.79369644e+03	-5.33554527e-02	6.10564344e-03
6.33000000e-01	7.79369639e+03	-5.32025672e-02	6.10564344e-03
6.34000000e-01	7.79369633e+03	-5.30504290e-02	6.10564344e-03
6.35000000e-01	7.79369628e+03	-5.28990336e-02	6.10564344e-03
6.36000000e-01	7.79369623e+03	-5.27483763e-02	6.10564344e-03
6.37000000e-01	7.79369617e+03	-5.25984523e-02	6.10564344e-03
6.38000000e-01	7.79369612e+03	-5.24492572e-02	6.10564344e-03
6.39000000e-01	7.79369607e+03	-5.23007864e-02	6.10564344e-03
6.40000000e-01	7.79369602e+03	-5.21530353e-02	6.10564345e-03
6.41000000e-01	7.79369596e+03	-5.20059994e-02	6.10564345e-03
6.42000000e-01	7.79369591e+03	-5.18596744e-02	6.10564345e-03
6.43000000e-01	7.79369586e+03	-5.17140558e-02	6.10564345e-03
6.44000000e-01	7.79369581e+03	-5.15691391e-02	6.10564345e-03
6.45000000e-01	7.79369576e+03	-5.14249201e-02	6.10564345e-03
6.46000000e-01	7.79369571e+03	-5.12813945e-02	6.10564345e-03
6.47000000e-01	7.79369566e+03	-5.11385579e-02	6.10564346e-03
6.48000000e-01	7.79369560e+03	-5.09964061e-02	6.10564346e-03
6.49000000e-01	7.79369555e+03	-5.08549349e-02	6.10564346e-03
6.50000000e-01	7.79369550e+03	-5.07141401e-02	6.10564346e-03
6.51000000e-01	7.79369545e+03	-5.05740175e-02	6.10564346e-03
6.52000000e-01	7.79369540e+03	-5.04345631e-02	6.10564346e-03
6.53000000e-01	7.79369535e+03	-5.02957727e-02	6.10564346e-03
6.54000000e-01	7.79369530e+03	-5.01576423e-02	6.10564347e-03
6.55000000e-01	7.79369525e+03	-5.00201678e-02	6.10564347e-03
6.56000000e-01	7.79369520e+03	-4.98833453e-02	6.10564347e-03
6.57000000e-01	7.79369515e+03	-4.97471708e-02	6.10564347e-03
6.58000000e-01	7.79369510e+03	-4.96116403e-02	6.10564347e-03
6.59000000e-01	7.79369505e+03	-4.94767500e-02	6.10564347e-03
6.60000000e-01	7.79369500e+03	-4.93424960e-02	6.10564347e-03
6.61000000e-01	7.79369495e+03	-4.92088743e-02	6.10564348e-03
6.62000000e-01	7.79369490e+03	-4.90758813e-02	6.10564348e-03
6.63000000e-01	7.79369486e+03	-4.89435131e-02	6.10564348e-03
6.64000000e-01	7.79369481e+03	-4.88117660e-02	6.10564348e-03
6.65000000e-01	7.79369476e+03	-4.86806361e-02	6.10564348e-03
6.66000000e-01	7.79369471e+03	-4.85501199e-02	6.10564348e-03
6.67000000e-01	7.79369466e+03	-4.84202136e-02	6.10564349e-03
6.68000000e-01	7.79369461e+03	-4.82909136e-02	6.10564349e-03
6.69000000e-01	7.79369456e+03	-4.81622163e-02	6.10564349e-03
6.70000000e-01	7.79369452e+03	-4.80341180e-02	6.10564349e-03
6.71000000e-01	7.79369447e+03	-4.79066153e-02	6.10564349e-03
6.72000000e-01	7.79369442e+03	-4.77797045e-02	6.10564349e-03
6.73000000e-01	7.79369437e+03	-4.76533821e-02	6.10564349e-03
6.74000000e-01	7.79369432e+03	-4.75276447e-02	6.10564350e-03
6.75000000e-01	7.79369428e+03	-4.74024888e-02	6.10564350e-03
6.76000000e-01	7.79369423e+03	-4.72779110e-02	6.10564350e-03
6.77000000e-01	7.79369418e+03	-4.71539078e-02	6.10564350e-03
6.78000000e-01	7.79369414e+03	-4.70304758e-02	6.10564350e-03
6.79000000e-01	7.79369409e+03	-4.69076118e-02	6.10564350e-03
6.80000000e-01	7.79369404e+03	-4.67853123e-02	6.10564350e-03
6.81000000e-01	7.79369399e+03	-4.66635740e-02	6.10564351e-03
6.82000000e-01	7.79369395e+03	-4.65423937e-02	6.10564351e-03
6.83000000e-01	7.79369390e+03	-4.64217680e-02	6.10564351e-03
6.84000000e-01	7.79369386e+03	-4.63016938e-02	6.10564351e-03
6.85000000e-01	7.79369381e+03	-4.61821678e-02	6.10564351e-03
6.86000000e-01	7.79369376e+03	-4.60631869e-02	6.10564351e-03
6.87000000e-01	7.79369372e+03	-4.59447478e-02	6.10564351e-03
6.88000000e-01	7.79369367e+03	-4.58268474e-02	6.10564352e-03
6.89000000e-01	7.79369363e+03	-4.57094826e-02	6.10564352e-03
6.90000000e-01	7.79369358e+03	-4.55926503e-02	6.10564352e-03
6.91000000e-01	7.79369353e+03	-4.54763474e-02	6.10564352e-03
6.92000000e-01	7.79369349e+03	-4.53605709e-02	6.10564352e-03
6.93000000e-01	7.79369344e+03	-4.52453176e-02	6.10564352e-03
6.94000000e-01	7.79369340e+03	-4.51305846e-02	6.10564353e-03
6.95000000e-01	7.79369335e+03	-4.50163690e-02	6.10564353e-03
6.96000000e-01	7.79369331e+03	-4.49026677e-02	6.10564353e-03
6.97000000e-01	7.79369326e+03	-4.47894777e-02	6.10564353e-03
6.98000000e-01	7.79369322e+03	-4.46767963e-02	6.10564353e-03
6.99000000e-01	7.79369317e+03	-4.45646203e-02	6.10564353e-03
7.00000000e-01	7.79369313e+03	-4.44529470e-02	6.10564353e-03
7.01000000e-01	7.79369309e+03	-4.43417736e-02	6.10564354e-03
7.02000000e-01	7.79369304e+03	-4.42310970e-02	6.10564354e-03
7.03000000e-01	7.79369300e+03	-4.41209146e-02	6.10564354e-03
7.04000000e-01	7.79369295e+03	-4.40112235e-02	6.10564354e-03
7.05000000e-01	7.79369291e+03	-4.39020209e-02	6.10564354e-03
7.06000000e-01	7.79369286e+03	-4.37933041e-02	6.10564354e-03
7.07000000e-01	7.79369282e+03	-4.36850703e-02	6.10564355e-03
7.08000000e-01	7.79369278e+03	-4.35773169e-02	6.10564355e-03
7.09000000e-01	7.79369273e+03	-4.34700409e-02	6.10564355e-03
7.10000000e-01	7.79369269e+03	-4.33632399e-02	6.10564355e-03
7.11000000e-01	7.79369265e+03	-4.32569111e-02	6.10564355e-03
7.12000000e-01	7.79369260e+03	-4.31510519e-02	6.10564355e-03
7.13000000e-01	7.79369256e+03	-4.30456597e-02	6.10564355e-03
7.14000000e-01	7.79369252e+03	-4.29407317e-02	6.10564356e-03
7.15000000e-01	7.79369248e+03	-4.28362655e-02	6.10564356e-03
7.16000000e-01	7.79369243e+03	-4.27322584e-02	6.10564356e-03
7.17000000e-01	7.79369239e+03	-4.26287080e-02	6.10564356e-03
7.18000000e-01	7.79369235e+03	-4.25256116e-02	6.10564356e-03
7.19000000e-01	7.79369230e+03	-4.24229667e-02	6.10564356e-03
7.20000000e-01	7.79369226e+03	-4.23207708e-02	6.10564357e-03
7.21000000e-01	7.79369222e+03	-4.22190215e-02	6.10564357e-03
7.22000000e-01	7.79369218e+03	-4.21177162e-02	6.10564357e-03
7.23000000e-01	7.79369214e+03	-4.20168526e-02	6.10564357e-03
7.24000000e-01	7.79369209e+03	-4.19164281e-02	6.10564357e-03
7.25000000e-01	7.79369205e+03	-4.18164403e-02	6.10564357e-03
7.26000000e-01	7.79369201e+03	-4.17168869e-02	6.10564358e-03
7.27000000e-01	7.79369197e+03	-4.16177654e-02	6.10564358e-03
7.28000000e-01	7.79369193e+03	-4.15190736e-02	6.10564358e-03
7.29000000e-01	7.79369189e+03	-4.14208089e-02	6.10564358e-03
7.30000000e-01	7.79369184e+03	-4.13229691e-02	6.10564358e-03
7.31000000e-01	7.79369180e+03	-4.12255519e-02	6.10564358e-03
7.32000000e-01	7.79369176e+03	-4.11285550e-02	6.10564358e-03
7.33000000e-01	7.79369172e+03	-4.10319760e-02	6.10564359e-03
7.34000000e-01	7.79369168e+03	-4.09358127e-02	6.10564359e-03
7.35000000e-01	7.79369164e+03	-4.08400628e-02	6.10564359e-03
7.36000000e-01	7.79369160e+03	-4.07447241e-02	6.10564359e-03
7.37000000e-01	7.79369156e+03	-4.06497944e-02	6.10564359e-03
7.38000000e-01	7.79369152e+03	-4.05552714e-02	6.10564359e-03
7.39000000e-01	7.79369148e+03	-4.04611529e-02	6.10564360e-03
7.40000000e-01	7.79369144e+03	-4.03674368e-02	6.10564360e-03
7.41000000e-01	7.79369140e+03	-4.02741209e-02	6.10564360e-03
7.42000000e-01	7.79369135e+03	-4.01812029e-02	6.10564360e-03
7.43000000e-01	7.79369131e+03	-4.00886809e-02	6.10564360e-03
7.44000000e-01	7.79369127e+03	-3.99965526e-02	6.10564360e-03
7.45000000e-01	7.79369123e+03	-3.99048160e-02	6.10564361e-03
7.46000000e-01	7.79369119e+03	-3.98134689e-02	6.10564361e-03
7.47000000e-01	7.79369116e+03	-3.97225093e-02	6.10564361e-03
7.48000000e-01	7.79369112e+03	-3.96319351e-02	6.10564361e-03
7.49000000e-01	7.79369108e+03	-3.95417442e-02	6.10564361e-03
7.50000000e-01	7.79369104e+03	-3.94519346e-02	6.10564361e-03
7.51000000e-01	7.79369100e+03	-3.93625042e-02	6.10564362e-03
7.52000000e-01	7.79369096e+03	-3.92734511e-02	6.10564362e-03
7.53000000e-01	7.79369092e+03	-3.91847732e-02	6.10564362e-03
7.54000000e-01	7.79369088e+03	-3.90964686e-02	6.10564362e-03
7.55000000e-01	7.79369084e+03	-3.90085353e-02	6.10564362e-03
7.56000000e-01	7.79369080e+03	-3.89209713e-02	6.10564362e-03
7.57000000e-01	7.79369076e+03	-3.88337746e-02	6.10564363e-03
7.58000000e-01	7.79369072e+03	-3.87469434e-02	6.10564363e-03
7.59000000e-01	7.79369068e+03	-3.86604756e-02	6.10564363e-03
7.60000000e-01	7.79369065e+03	-3.85743695e-02	6.10564363e-03
7.61000000e-01	7.79369061e+03	-3.84886230e-02	6.10564363e-03
7.62000000e-01	7.79369057e+03	-3.84032344e-02	6.10564363e-03
7.63000000e-01	7.79369053e+03	-3.83182016e-02	6.10564364e-03
7.64000000e-01	7.79369049e+03	-3.82335230e-02	6.10564364e-03
7.65000000e-01	7.79369045e+03	-3.81491965e-02	6.10564364e-03
7.66000000e-01	7.79369042e+03	-3.80652205e-02	6.10564364e-03
7.67000000e-01	7.79369038e+03	-3.79815930e-02	6.10564364e-03
7.68000000e-01	7.79369034e+03	-3.78983122e-02	6.10564364e-03
7.69000000e-01	7.79369030e+03	-3.78153764e-02	6.10564365e-03
7.70000000e-01	7.79369026e+03	-3.77327837e-02	6.10564365e-03
7.71000000e-01	7.79369023e+03	-3.76505323e-02	6.10564365e-03
7.72000000e-01	7.79369019e+03	-3.75686206e-02	6.10564365e-03
7.73000000e-01	7.79369015e+03	-3.74870467e-02	6.10564365e-03
7.74000000e-01	7.79369011e+03	-3.74058089e-02	6.10564365e-03
7.75000000e-01	7.79369008e+03	-3.73249055e-02	6.10564366e-03
7.76000000e-01	7.79369004e+03	-3.72443347e-02	6.10564366e-03
7.77000000e-01	7.79369000e+03	-3.71640948e-02	6.10564366e-03
7.78000000e-01	7.79368997e+03	-3.70841842e-02	6.10564366e-03
7.79000000e-01	7.79368993e+03	-3.70046011e-02	6.10564366e-03
7.80000000e-01	7.79368989e+03	-3.69253439e-02	6.10564366e-03
7.81000000e-01	7.79368985e+03	-3.68464108e-02	6.10564367e-03
7.82000000e-01	7.79368982e+03	-3.67678003e-02	6.10564367e-03
7.83000000e-01	7.79368978e+03	-3.66895107e-02	6.10564367e-03
7.84000000e-01	7.79368974e+03	-3.66115404e-02	6.10564367e-03
7.85000000e-01	7.79368971e+03	-3.65338876e-02	6.10564367e-03
7.86000000e-01	7.79368967e+03	-3.64565509e-02	6.10564367e-03
7.87000000e-01	7.79368964e+03	-3.63795286e-02	6.10564368e-03
7.88000000e-01	7.79368960e+03	-3.63028191e-02	6.10564368e-03
7.89000000e-01	7.79368956e+03	-3.62264208e-02	6.10564368e-03
7.90000000e-01	7.79368953e+03	-3.61503322e-02	6.10564368e-03
7.91000000e-01	7.79368949e+03	-3.60745517e-02	6.10564368e-03
7.92000000e-01	7.79368945e+03	-3.59990777e-02	6.10564368e-03
7.93000000e-01	7.79368942e+03	-3.59239087e-02	6.10564369e-03
7.94000000e-01	7.79368938e+03	-3.58490431e-02	6.10564369e-03
7.95000000e-01	7.79368935e+03	-3.57744795e-02	6.10564369e-03
7.96000000e-01	7.79368931e+03	-3.57002163e-02	6.10564369e-03
7.97000000e-01	7.79368928e+03	-3.56262519e-02	6.10564369e-03
7.98000000e-01	7.79368924e+03	-3.55525850e-02	6.10564370e-03
7.99000000e-01	7.79368920e+03	-3.54792140e-02	6.10564370e-03
8.00000000e-01	7.79368917e+03	-3.54061375e-02	6.10564370e-03
8.01000000e-01	7.79368913e+03	-3.53333539e-02	6.10564370e-03
8.02000000e-01	7.79368910e+03	-3.52608618e-02	6.10564370e-03
8.03000000e-01	7.79368906e+03	-3.51886598e-02	6.10564370e-03
8.04000000e-01	7.79368903e+03	-3.51167464e-02	6.10564371e-03
8.05000000e-01	7.79368899e+03	-3.50451201e-02	6.10564371e-03
8.06000000e-01	7.79368896e+03	-3.49737797e-02	6.10564371e-03
8.07000000e-01	7.79368892e+03	-3.49027236e-02	6.10564371e-03
8.08000000e-01	7.79368889e+03	-3.48319504e-02	6.10564371e-03
8.09000000e-01	7.79368885e+03	-3.47614587e-02	6.10564371e-03
8.10000000e-01	7.79368882e+03	-3.46912472e-02	6.10564372e-03
8.11000000e-01	7.79368878e+03	-3.46213145e-02	6.10564372e-03
8.12000000e-01	7.79368875e+03	-3.45516591e-02	6.10564372e-03
8.13000000e-01	7.79368871e+03	-3.44822798e-02	6.10564372e-03
8.14000000e-01	7.79368868e+03	-3.44131752e-02	6.10564372e-03
8.15000000e-01	7.79368865e+03	-3.43443439e-02	6.10564373e-03
8.16000000e-01	7.79368861e+03	-3.42757846e-02	6.10564373e-03
8.17000000e-01	7.79368858e+03	-3.42074959e-02	6.10564373e-03
8.18000000e-01	7.79368854e+03	-3.41394766e-02	6.10564373e-03
8.19000000e-01	7.79368851e+03	-3.40717253e-02	6.10564373e-03
8.20000000e-01	7.79368847e+03	-3.40042407e-02	6.10564373e-03
8.21000000e-01	7.79368844e+03	-3.39370216e-02	6.10564374e-03
8.22000000e-01	7.79368841e+03	-3.38700665e-02	6.10564374e-03
8.23000000e-01	7.79368837e+03	-3.38033743e-02	6.10564374e-03
8.24000000e-01	7.79368834e+03	-3.37369437e-02	6.10564374e-03
8.25000000e-01	7.79368831e+03	-3.36707734e-02	6.10564374e-03
8.26000000e-01	7.79368827e+03	-3.36048621e-02	6.10564375e-03
8.27000000e-01	7.79368824e+03	-3.35392086e-02	6.10564375e-03
8.28000000e-01	7.79368820e+03	-3.34738116e-02	6.10564375e-03
8.29000000e-01	7.79368817e+03	-3.34086699e-02	6.10564375e-03
8.30000000e-01	7.79368814e+03	-3.33437824e-02	6.10564375e-03
8.31000000e-01	7.79368810e+03	-3.32791476e-02	6.10564375e-03
8.32000000e-01	7.79368807e+03	-3.32147645e-02	6.10564376e-03
8.33000000e-01	7.79368804e+03	-3.31506319e-02	6.10564376e-03
8.34000000e-01	7.79368800e+03	-3.30867485e-02	6.10564376e-03
8.35000000e-01	7.79368797e+03	-3.30231131e-02	6.10564376e-03
8.36000000e-01	7.79368794e+03	-3.29597245e-02	6.10564376e-03
8.37000000e-01	7.79368791e+03	-3.28965817e-02	6.10564377e-03
8.38000000e-01	7.79368787e+03	-3.28336833e-02	6.10564377e-03
8.39000000e-01	7.79368784e+03	-3.27710283e-02	6.10564377e-03
8.40000000e-01	7.79368781e+03	-3.27086154e-02	6.10564377e-03
8.41000000e-01	7.79368777e+03	-3.26464436e-02	6.10564377e-03
8.42000000e-01	7.79368774e+03	-3.25845117e-02	6.10564377e-03
8.43000000e-01	7.79368771e+03	-3.25228185e-02	6.10564378e-03
8.44000000e-01	7.79368768e+03	-3.24613629e-02	6.10564378e-03
8.45000000e-01	7.79368764e+03	-3.24001438e-02	6.10564378e-03
8.46000000e-01	7.79368761e+03	-3.23391601e-02	6.10564378e-03
8.47000000e-01	7.79368758e+03	-3.22784106e-02	6.10564378e-03
8.48000000e-01	7.79368755e+03	-3.22178943e-02	6.10564379e-03
8.49000000e-01	7.79368752e+03	-3.21576101e-02	6.10564379e-03
8.50000000e-01	7.79368748e+03	-3.20975568e-02	6.10564379e-03
8.51000000e-01	7.79368745e+03	-3.20377334e-02	6.10564379e-03
8.52000000e-01	7.79368742e+03	-3.19781388e-02	6.10564379e-03
8.53000000e-01	7.79368739e+03	-3.19187720e-02	6.10564379e-03
8.54000000e-01	7.79368736e+03	-3.18596318e-02	6.10564380e-03
8.55000000e-01	7.79368732e+03	-3.18007172e-02	6.10564380e-03
8.56000000e-01	7.79368729e+03	-3.17420272e-02	6.10564380e-03
8.57000000e-01	7.79368726e+03	-3.16835607e-02	6.10564380e-03
8.58000000e-01	7.79368723e+03	-3.16253166e-02	6.10564380e-03
8.59000000e-01	7.79368720e+03	-3.15672940e-02	6.10564381e-03
8.60000000e-01	7.79368717e+03	-3.15094917e-02	6.10564381e-03
8.61000000e-01	7.79368713e+03	-3.14519089e-02	6.10564381e-03
8.62000000e-01	7.79368710e+03	-3.13945444e-02	6.10564381e-03
8.63000000e-01	7.79368707e+03	-3.13373972e-02	6.10564381e-03
8.64000000e-01	7.79368704e+03	-3.12804664e-02	6.10564382e-03
8.65000000e-01	7.79368701e+03	-3.12237509e-02	6.10564382e-03
8.66000000e-01	7.79368698e+03	-3.11672498e-02	6.10564382e-03
8.67000000e-01	7.79368695e+03	-3.11109621e-02	6.10564382e-03
8.68000000e-01	7.79368692e+03	-3.10548867e-02	6.10564382e-03
8.69000000e-01	7.79368688e+03	-3.09990227e-02	6.10564382e-03
8.70000000e-01	7.79368685e+03	-3.09433691e-02	6.10564383e-03
8.71000000e-01	7.79368682e+03	-3.08879250e-02	6.10564383e-03
8.72000000e-01	7.79368679e+03	-3.08326894e-02	6.10564383e-03
8.73000000e-01	7.79368676e+03	-3.07776614e-02	6.10564383