1.00000000e-03	8.74491738e+02	-9.99523384e+04	4.97144308e-03
2.00000000e-03	8.24561773e+02	-2.49085073e+04	9.77789171e-03
3.00000000e-03	8.08005811e+02	-1.09824723e+04	1.42827846e-02
4.00000000e-03	7.99816336e+02	-6.09231525e+03	1.83939828e-02
5.00000000e-03	7.94985102e+02	-3.82147598e+03	2.20643878e-02
6.00000000e-03	7.91837564e+02	-2.58586103e+03	2.52828150e-02
7.00000000e-03	7.89652557e+02	-1.84178116e+03	2.80622626e-02
8.00000000e-03	7.88067298e+02	-1.36135909e+03	3.04298480e-02
9.00000000e-03	7.86878958e+02	-1.03516193e+03	3.24196817e-02
1.00000000e-02	7.85965167e+02	-8.05163034e+02	3.40683700e-02
1.10000000e-02	7.85247762e+02	-6.38187411e+02	3.54123994e-02
1.20000000e-02	7.84674569e+02	-5.14116867e+02	3.64867157e-02
1.30000000e-02	7.84209536e+02	-4.20162618e+02	3.73240134e-02
1.40000000e-02	7.83827049e+02	-3.47877847e+02	3.79544266e-02
1.50000000e-02	7.83508495e+02	-2.91505107e+02	3.84054415e-02
1.60000000e-02	7.83240090e+02	-2.47016099e+02	3.87019268e-02
1.70000000e-02	7.83011470e+02	-2.11529991e+02	3.88662289e-02
1.80000000e-02	7.82814735e+02	-1.82948217e+02	3.89183008e-02
1.90000000e-02	7.82643794e+02	-1.59717957e+02	3.88758513e-02
2.00000000e-02	7.82493906e+02	-1.40674761e+02	3.87545040e-02
2.10000000e-02	7.82361345e+02	-1.24935315e+02	3.85679617e-02
2.20000000e-02	7.82243161e+02	-1.11822831e+02	3.83281730e-02
2.30000000e-02	7.82137000e+02	-1.00814190e+02	3.80454962e-02
2.40000000e-02	7.82040969e+02	-9.15018794e+01	3.77288601e-02
2.50000000e-02	7.81953538e+02	-8.35661954e+01	3.73859171e-02
2.60000000e-02	7.81873462e+02	-7.67547037e+01	3.70231885e-02
2.70000000e-02	7.81799721e+02	-7.08668862e+01	3.66461990e-02
2.80000000e-02	7.81731474e+02	-6.57425645e+01	3.62596021e-02
2.90000000e-02	7.81668025e+02	-6.12530941e+01	3.58672926e-02
3.00000000e-02	7.81608791e+02	-5.72946205e+01	3.54725087e-02
3.10000000e-02	7.81553287e+02	-5.37828774e+01	3.50779235e-02
3.20000000e-02	7.81501099e+02	-5.06491536e+01	3.46857256e-02
3.30000000e-02	7.81451881e+02	-4.78371470e+01	3.42976897e-02
3.40000000e-02	7.81405333e+02	-4.53004998e+01	3.39152391e-02
3.50000000e-02	7.81361201e+02	-4.30008579e+01	3.35394994e-02
3.60000000e-02	7.81319263e+02	-4.09063366e+01	3.31713451e-02
3.70000000e-02	7.81279329e+02	-3.89903025e+01	3.28114398e-02
3.80000000e-02	7.81241231e+02	-3.72304018e+01	3.24602709e-02
3.90000000e-02	7.81204822e+02	-3.56077838e+01	3.21181783e-02
4.00000000e-02	7.81169975e+02	-3.41064758e+01	3.17853805e-02
4.10000000e-02	7.81136574e+02	-3.27128807e+01	3.14619950e-02
4.20000000e-02	7.81104517e+02	-3.14153687e+01	3.11480570e-02
4.30000000e-02	7.81073714e+02	-3.02039469e+01	3.08435343e-02
4.40000000e-02	7.81044083e+02	-2.90699897e+01	3.05483405e-02
4.50000000e-02	7.81015551e+02	-2.80060179e+01	3.02623455e-02
4.60000000e-02	7.80988050e+02	-2.70055175e+01	2.99853852e-02
4.70000000e-02	7.80961521e+02	-2.60627907e+01	2.97172682e-02
4.80000000e-02	7.80935907e+02	-2.51728325e+01	2.94577830e-02
4.90000000e-02	7.80911159e+02	-2.43312280e+01	2.92067032e-02
5.00000000e-02	7.80887230e+02	-2.35340672e+01	2.89637913e-02
5.10000000e-02	7.80864077e+02	-2.27778741e+01	2.87288032e-02
5.20000000e-02	7.80841661e+02	-2.20595465e+01	2.85014905e-02
5.30000000e-02	7.80819946e+02	-2.13763058e+01	2.82816034e-02
5.40000000e-02	7.80798898e+02	-2.07256548e+01	2.80688923e-02
5.50000000e-02	7.80778485e+02	-2.01053413e+01	2.78631100e-02
5.60000000e-02	7.80758678e+02	-1.95133278e+01	2.76640125e-02
5.70000000e-02	7.80739449e+02	-1.89477655e+01	2.74713600e-02
5.80000000e-02	7.80720774e+02	-1.84069713e+01	2.72849183e-02
5.90000000e-02	7.80702628e+02	-1.78894093e+01	2.71044586e-02
6.00000000e-02	7.80684988e+02	-1.73936739e+01	2.69297587e-02
6.10000000e-02	7.80667834e+02	-1.69184756e+01	2.67606026e-02
6.20000000e-02	7.80651145e+02	-1.64626286e+01	2.65967815e-02
6.30000000e-02	7.80634902e+02	-1.60250397e+01	2.64380932e-02
6.40000000e-02	7.80619089e+02	-1.56046993e+01	2.62843427e-02
6.50000000e-02	7.80603687e+02	-1.52006727e+01	2.61353418e-02
6.60000000e-02	7.80588682e+02	-1.48120933e+01	2.59909095e-02
6.70000000e-02	7.80574058e+02	-1.44381558e+01	2.58508712e-02
6.80000000e-02	7.80559801e+02	-1.40781108e+01	2.57150595e-02
6.90000000e-02	7.80545898e+02	-1.37312595e+01	2.55833131e-02
7.00000000e-02	7.80532335e+02	-1.33969497e+01	2.54554774e-02
7.10000000e-02	7.80519100e+02	-1.30745713e+01	2.53314040e-02
7.20000000e-02	7.80506182e+02	-1.27635532e+01	2.52109503e-02
7.30000000e-02	7.80493569e+02	-1.24633598e+01	2.50939798e-02
7.40000000e-02	7.80481251e+02	-1.21734885e+01	2.49803614e-02
7.50000000e-02	7.80469219e+02	-1.18934667e+01	2.48699697e-02
7.60000000e-02	7.80457461e+02	-1.16228498e+01	2.47626842e-02
7.70000000e-02	7.80445970e+02	-1.13612189e+01	2.46583896e-02
7.80000000e-02	7.80434736e+02	-1.11081791e+01	2.45569756e-02
7.90000000e-02	7.80423751e+02	-1.08633577e+01	2.44583362e-02
8.00000000e-02	7.80413007e+02	-1.06264026e+01	2.43623700e-02
8.10000000e-02	7.80402496e+02	-1.03969807e+01	2.42689800e-02
8.20000000e-02	7.80392210e+02	-1.01747769e+01	2.41780730e-02
8.30000000e-02	7.80382144e+02	-9.95949284e+00	2.40895599e-02
8.40000000e-02	7.80372289e+02	-9.75084555e+00	2.40033553e-02
8.50000000e-02	7.80362640e+02	-9.54856673e+00	2.39193773e-02
8.60000000e-02	7.80353190e+02	-9.35240166e+00	2.38375476e-02
8.70000000e-02	7.80343933e+02	-9.16210839e+00	2.37577909e-02
8.80000000e-02	7.80334864e+02	-8.97745697e+00	2.36800353e-02
8.90000000e-02	7.80325977e+02	-8.79822869e+00	2.36042117e-02
9.00000000e-02	7.80317266e+02	-8.62421540e+00	2.35302538e-02
9.10000000e-02	7.80308726e+02	-8.45521891e+00	2.34580983e-02
9.20000000e-02	7.80300354e+02	-8.29105040e+00	2.33876842e-02
9.30000000e-02	7.80292143e+02	-8.13152986e+00	2.33189532e-02
9.40000000e-02	7.80284089e+02	-7.97648563e+00	2.32518492e-02
9.50000000e-02	7.80276188e+02	-7.82575387e+00	2.31863185e-02
9.60000000e-02	7.80268436e+02	-7.67917819e+00	2.31223095e-02
9.70000000e-02	7.80260829e+02	-7.53660921e+00	2.30597727e-02
9.80000000e-02	7.80253362e+02	-7.39790417e+00	2.29986605e-02
9.90000000e-02	7.80246032e+02	-7.26292661e+00	2.29389273e-02
1.00000000e-01	7.80238835e+02	-7.13154598e+00	2.28805292e-02
1.01000000e-01	7.80231767e+02	-7.00363741e+00	2.28234241e-02
1.02000000e-01	7.80224826e+02	-6.87908134e+00	2.27675714e-02
1.03000000e-01	7.80218008e+02	-6.75776328e+00	2.27129324e-02
1.04000000e-01	7.80211310e+02	-6.63957357e+00	2.26594695e-02
1.05000000e-01	7.80204728e+02	-6.52440711e+00	2.26071467e-02
1.06000000e-01	7.80198260e+02	-6.41216312e+00	2.25559295e-02
1.07000000e-01	7.80191903e+02	-6.30274497e+00	2.25057846e-02
1.08000000e-01	7.80185654e+02	-6.19605997e+00	2.24566798e-02
1.09000000e-01	7.80179510e+02	-6.09201912e+00	2.24085845e-02
1.10000000e-01	7.80173469e+02	-5.99053703e+00	2.23614688e-02
1.11000000e-01	7.80167528e+02	-5.89153164e+00	2.23153042e-02
1.12000000e-01	7.80161685e+02	-5.79492418e+00	2.22700632e-02
1.13000000e-01	7.80155937e+02	-5.70063890e+00	2.22257191e-02
1.14000000e-01	7.80150283e+02	-5.60860301e+00	2.21822465e-02
1.15000000e-01	7.80144719e+02	-5.51874653e+00	2.21396207e-02
1.16000000e-01	7.80139245e+02	-5.43100213e+00	2.20978178e-02
1.17000000e-01	7.80133857e+02	-5.34530504e+00	2.20568151e-02
1.18000000e-01	7.80128553e+02	-5.26159293e+00	2.20165903e-02
1.19000000e-01	7.80123333e+02	-5.17980579e+00	2.19771222e-02
1.20000000e-01	7.80118193e+02	-5.09988583e+00	2.19383902e-02
1.21000000e-01	7.80113132e+02	-5.02177741e+00	2.19003743e-02
1.22000000e-01	7.80108149e+02	-4.94542689e+00	2.18630555e-02
1.23000000e-01	7.80103241e+02	-4.87078261e+00	2.18264151e-02
1.24000000e-01	7.80098407e+02	-4.79779475e+00	2.17904353e-02
1.25000000e-01	7.80093645e+02	-4.72641529e+00	2.17550988e-02
1.26000000e-01	7.80088954e+02	-4.65659791e+00	2.17203888e-02
1.27000000e-01	7.80084331e+02	-4.58829791e+00	2.16862892e-02
1.28000000e-01	7.80079776e+02	-4.52147219e+00	2.16527844e-02
1.29000000e-01	7.80075288e+02	-4.45607913e+00	2.16198592e-02
1.30000000e-01	7.80070864e+02	-4.39207857e+00	2.15874992e-02
1.31000000e-01	7.80066503e+02	-4.32943170e+00	2.15556900e-02
1.32000000e-01	7.80062205e+02	-4.26810107e+00	2.15244180e-02
1.33000000e-01	7.80057967e+02	-4.20805048e+00	2.14936701e-02
1.34000000e-01	7.80053788e+02	-4.14924497e+00	2.14634333e-02
1.35000000e-01	7.80049668e+02	-4.09165074e+00	2.14336952e-02
1.36000000e-01	7.80045604e+02	-4.03523511e+00	2.14044438e-02
1.37000000e-01	7.80041597e+02	-3.97996651e+00	2.13756675e-02
1.38000000e-01	7.80037644e+02	-3.92581437e+00	2.13473550e-02
1.39000000e-01	7.80033745e+02	-3.87274915e+00	2.13194953e-02
1.40000000e-01	7.80029898e+02	-3.82074226e+00	2.12920778e-02
1.41000000e-01	7.80026103e+02	-3.76976604e+00	2.12650922e-02
1.42000000e-01	7.80022358e+02	-3.71979370e+00	2.12385285e-02
1.43000000e-01	7.80018663e+02	-3.67079933e+00	2.12123772e-02
1.44000000e-01	7.80015016e+02	-3.62275783e+00	2.11866287e-02
1.45000000e-01	7.80011417e+02	-3.57564489e+00	2.11612739e-02
1.46000000e-01	7.80007865e+02	-3.52943696e+00	2.11363041e-02
1.47000000e-01	7.80004358e+02	-3.48411124e+00	2.11117107e-02
1.48000000e-01	7.80000896e+02	-3.43964561e+00	2.10874852e-02
1.49000000e-01	7.79997479e+02	-3.39601866e+00	2.10636196e-02
1.50000000e-01	7.79994104e+02	-3.35320963e+00	2.10401061e-02
1.51000000e-01	7.79990772e+02	-3.31119837e+00	2.10169370e-02
1.52000000e-01	7.79987481e+02	-3.26996536e+00	2.09941048e-02
1.53000000e-01	7.79984232e+02	-3.22949167e+00	2.09716024e-02
1.54000000e-01	7.79981022e+02	-3.18975894e+00	2.09494228e-02
1.55000000e-01	7.79977852e+02	-3.15074932e+00	2.09275591e-02
1.56000000e-01	7.79974720e+02	-3.11244554e+00	2.09060047e-02
1.57000000e-01	7.79971627e+02	-3.07483081e+00	2.08847532e-02
1.58000000e-01	7.79968571e+02	-3.03788884e+00	2.08637982e-02
1.59000000e-01	7.79965551e+02	-3.00160380e+00	2.08431338e-02
1.60000000e-01	7.79962567e+02	-2.96596033e+00	2.08227538e-02
1.61000000e-01	7.79959619e+02	-2.93094353e+00	2.08026527e-02
1.62000000e-01	7.79956705e+02	-2.89653889e+00	2.07828246e-02
1.63000000e-01	7.79953825e+02	-2.86273235e+00	2.07632642e-02
1.64000000e-01	7.79950979e+02	-2.82951021e+00	2.07439662e-02
1.65000000e-01	7.79948166e+02	-2.79685920e+00	2.07249253e-02
1.66000000e-01	7.79945385e+02	-2.76476638e+00	2.07061364e-02
1.67000000e-01	7.79942637e+02	-2.73321921e+00	2.06875947e-02
1.68000000e-01	7.79939919e+02	-2.70220546e+00	2.06692953e-02
1.69000000e-01	7.79937232e+02	-2.67171327e+00	2.06512336e-02
1.70000000e-01	7.79934575e+02	-2.64173109e+00	2.06334050e-02
1.71000000e-01	7.79931948e+02	-2.61224767e+00	2.06158050e-02
1.72000000e-01	7.79929351e+02	-2.58325211e+00	2.05984293e-02
1.73000000e-01	7.79926782e+02	-2.55473376e+00	2.05812738e-02
1.74000000e-01	7.79924241e+02	-2.52668228e+00	2.05643341e-02
1.75000000e-01	7.79921728e+02	-2.49908759e+00	2.05476065e-02
1.76000000e-01	7.79919243e+02	-2.47193991e+00	2.05310868e-02
1.77000000e-01	7.79916784e+02	-2.44522969e+00	2.05147713e-02
1.78000000e-01	7.79914352e+02	-2.41894763e+00	2.04986563e-02
1.79000000e-01	7.79911946e+02	-2.39308469e+00	2.04827381e-02
1.80000000e-01	7.79909566e+02	-2.36763206e+00	2.04670132e-02
1.81000000e-01	7.79907211e+02	-2.34258117e+00	2.04514780e-02
1.82000000e-01	7.79904881e+02	-2.31792364e+00	2.04361292e-02
1.83000000e-01	7.79902575e+02	-2.29365134e+00	2.04209635e-02
1.84000000e-01	7.79900293e+02	-2.26975633e+00	2.04059776e-02
1.85000000e-01	7.79898035e+02	-2.24623087e+00	2.03911684e-02
1.86000000e-01	7.79895801e+02	-2.22306742e+00	2.03765328e-02
1.87000000e-01	7.79893589e+02	-2.20025865e+00	2.03620677e-02
1.88000000e-01	7.79891400e+02	-2.17779737e+00	2.03477703e-02
1.89000000e-01	7.79889233e+02	-2.15567662e+00	2.03336376e-02
1.90000000e-01	7.79887088e+02	-2.13388957e+00	2.03196669e-02
1.91000000e-01	7.79884965e+02	-2.11242958e+00	2.03058554e-02
1.92000000e-01	7.79882863e+02	-2.09129018e+00	2.02922003e-02
1.93000000e-01	7.79880783e+02	-2.07046504e+00	2.02786991e-02
1.94000000e-01	7.79878722e+02	-2.04994800e+00	2.02653493e-02
1.95000000e-01	7.79876683e+02	-2.02973304e+00	2.02521481e-02
1.96000000e-01	7.79874663e+02	-2.00981428e+00	2.02390934e-02
1.97000000e-01	7.79872663e+02	-1.99018600e+00	2.02261825e-02
1.98000000e-01	7.79870682e+02	-1.97084261e+00	2.02134132e-02
1.99000000e-01	7.79868721e+02	-1.95177864e+00	2.02007831e-02
2.00000000e-01	7.79866779e+02	-1.93298877e+00	2.01882900e-02
2.01000000e-01	7.79864855e+02	-1.91446778e+00	2.01759318e-02
2.02000000e-01	7.79862950e+02	-1.89621060e+00	2.01637062e-02
2.03000000e-01	7.79861063e+02	-1.87821226e+00	2.01516110e-02
2.04000000e-01	7.79859193e+02	-1.86046792e+00	2.01396444e-02
2.05000000e-01	7.79857342e+02	-1.84297284e+00	2.01278042e-02
2.06000000e-01	7.79855507e+02	-1.82572239e+00	2.01160884e-02
2.07000000e-01	7.79853690e+02	-1.80871206e+00	2.01044951e-02
2.08000000e-01	7.79851890e+02	-1.79193742e+00	2.00930225e-02
2.09000000e-01	7.79850106e+02	-1.77539417e+00	2.00816685e-02
2.10000000e-01	7.79848339e+02	-1.75907808e+00	2.00704315e-02
2.11000000e-01	7.79846588e+02	-1.74298503e+00	2.00593096e-02
2.12000000e-01	7.79844853e+02	-1.72711099e+00	2.00483011e-02
2.13000000e-01	7.79843134e+02	-1.71145203e+00	2.00374042e-02
2.14000000e-01	7.79841430e+02	-1.69600428e+00	2.00266173e-02
2.15000000e-01	7.79839741e+02	-1.68076399e+00	2.00159387e-02
2.16000000e-01	7.79838068e+02	-1.66572746e+00	2.00053669e-02
2.17000000e-01	7.79836410e+02	-1.65089110e+00	1.99949001e-02
2.18000000e-01	7.79834766e+02	-1.63625139e+00	1.99845369e-02
2.19000000e-01	7.79833137e+02	-1.62180487e+00	1.99742758e-02
2.20000000e-01	7.79831523e+02	-1.60754818e+00	1.99641152e-02
2.21000000e-01	7.79829922e+02	-1.59347802e+00	1.99540537e-02
2.22000000e-01	7.79828336e+02	-1.57959115e+00	1.99440898e-02
2.23000000e-01	7.79826763e+02	-1.56588443e+00	1.99342222e-02
2.24000000e-01	7.79825204e+02	-1.55235475e+00	1.99244494e-02
2.25000000e-01	7.79823658e+02	-1.53899910e+00	1.99147701e-02
2.26000000e-01	7.79822126e+02	-1.52581451e+00	1.99051830e-02
2.27000000e-01	7.79820607e+02	-1.51279809e+00	1.98956868e-02
2.28000000e-01	7.79819100e+02	-1.49994699e+00	1.98862802e-02
2.29000000e-01	7.79817607e+02	-1.48725844e+00	1.98769618e-02
2.30000000e-01	7.79816126e+02	-1.47472973e+00	1.98677306e-02
2.31000000e-01	7.79814657e+02	-1.46235817e+00	1.98585853e-02
2.32000000e-01	7.79813201e+02	-1.45014117e+00	1.98495246e-02
2.33000000e-01	7.79811757e+02	-1.43807617e+00	1.98405475e-02
2.34000000e-01	7.79810325e+02	-1.42616066e+00	1.98316527e-02
2.35000000e-01	7.79808904e+02	-1.41439220e+00	1.98228392e-02
2.36000000e-01	7.79807496e+02	-1.40276839e+00	1.98141059e-02
2.37000000e-01	7.79806099e+02	-1.39128686e+00	1.98054516e-02
2.38000000e-01	7.79804713e+02	-1.37994532e+00	1.97968753e-02
2.39000000e-01	7.79803339e+02	-1.36874150e+00	1.97883760e-02
2.40000000e-01	7.79801976e+02	-1.35767320e+00	1.97799526e-02
2.41000000e-01	7.79800624e+02	-1.34673824e+00	1.97716041e-02
2.42000000e-01	7.79799282e+02	-1.33593449e+00	1.97633296e-02
2.43000000e-01	7.79797952e+02	-1.32525987e+00	1.97551280e-02
2.44000000e-01	7.79796632e+02	-1.31471233e+00	1.97469983e-02
2.45000000e-01	7.79795322e+02	-1.30428988e+00	1.97389398e-02
2.46000000e-01	7.79794023e+02	-1.29399055e+00	1.97309513e-02
2.47000000e-01	7.79792734e+02	-1.28381241e+00	1.97230321e-02
2.48000000e-01	7.79791455e+02	-1.27375357e+00	1.97151812e-02
2.49000000e-01	7.79790187e+02	-1.26381219e+00	1.97073978e-02
2.50000000e-01	7.79788928e+02	-1.25398644e+00	1.96996809e-02
2.51000000e-01	7.79787679e+02	-1.24427455e+00	1.96920298e-02
2.52000000e-01	7.79786439e+02	-1.23467476e+00	1.96844436e-02
2.53000000e-01	7.79785209e+02	-1.22518536e+00	1.96769215e-02
2.54000000e-01	7.79783989e+02	-1.21580468e+00	1.96694626e-02
2.55000000e-01	7.79782778e+02	-1.20653105e+00	1.96620662e-02
2.56000000e-01	7.79781576e+02	-1.19736287e+00	1.96547315e-02
2.57000000e-01	7.79780383e+02	-1.18829854e+00	1.96474578e-02
2.58000000e-01	7.79779199e+02	-1.17933651e+00	1.96402443e-02
2.59000000e-01	7.79778024e+02	-1.17047525e+00	1.96330901e-02
2.60000000e-01	7.79776858e+02	-1.16171324e+00	1.96259947e-02
2.61000000e-01	7.79775701e+02	-1.15304904e+00	1.96189573e-02
2.62000000e-01	7.79774552e+02	-1.14448117e+00	1.96119772e-02
2.63000000e-01	7.79773412e+02	-1.13600823e+00	1.96050537e-02
2.64000000e-01	7.79772280e+02	-1.12762883e+00	1.95981860e-02
2.65000000e-01	7.79771156e+02	-1.11934158e+00	1.95913736e-02
2.66000000e-01	7.79770041e+02	-1.11114516e+00	1.95846158e-02
2.67000000e-01	7.79768934e+02	-1.10303824e+00	1.95779119e-02
2.68000000e-01	7.79767835e+02	-1.09501952e+00	1.95712613e-02
2.69000000e-01	7.79766744e+02	-1.08708774e+00	1.95646633e-02
2.70000000e-01	7.79765661e+02	-1.07924164e+00	1.95581174e-02
2.71000000e-01	7.79764586e+02	-1.07148000e+00	1.95516229e-02
2.72000000e-01	7.79763518e+02	-1.06380162e+00	1.95451792e-02
2.73000000e-01	7.79762458e+02	-1.05620530e+00	1.95387857e-02
2.74000000e-01	7.79761405e+02	-1.04868989e+00	1.95324418e-02
2.75000000e-01	7.79760361e+02	-1.04125425e+00	1.95261471e-02
2.76000000e-01	7.79759323e+02	-1.03389724e+00	1.95199008e-02
2.77000000e-01	7.79758293e+02	-1.02661778e+00	1.95137024e-02
2.78000000e-01	7.79757270e+02	-1.01941477e+00	1.95075515e-02
2.79000000e-01	7.79756254e+02	-1.01228715e+00	1.95014474e-02
2.80000000e-01	7.79755245e+02	-1.00523387e+00	1.94953896e-02
2.81000000e-01	7.79754243e+02	-9.98253918e-01	1.94893776e-02
2.82000000e-01	7.79753249e+02	-9.91346267e-01	1.94834109e-02
2.83000000e-01	7.79752261e+02	-9.84509930e-01	1.94774890e-02
2.84000000e-01	7.79751280e+02	-9.77743929e-01	1.94716113e-02
2.85000000e-01	7.79750305e+02	-9.71047306e-01	1.94657774e-02
2.86000000e-01	7.79749337e+02	-9.64419116e-01	1.94599869e-02
2.87000000e-01	7.79748376e+02	-9.57858433e-01	1.94542391e-02
2.88000000e-01	7.79747422e+02	-9.51364345e-01	1.94485336e-02
2.89000000e-01	7.79746474e+02	-9.44935955e-01	1.94428701e-02
2.90000000e-01	7.79745532e+02	-9.38572381e-01	1.94372479e-02
2.91000000e-01	7.79744596e+02	-9.32272758e-01	1.94316667e-02
2.92000000e-01	7.79743667e+02	-9.26036233e-01	1.94261260e-02
2.93000000e-01	7.79742744e+02	-9.19861967e-01	1.94206255e-02
2.94000000e-01	7.79741827e+02	-9.13749136e-01	1.94151645e-02
2.95000000e-01	7.79740917e+02	-9.07696929e-01	1.94097428e-02
2.96000000e-01	7.79740012e+02	-9.01704549e-01	1.94043599e-02
2.97000000e-01	7.79739113e+02	-8.95771211e-01	1.93990153e-02
2.98000000e-01	7.79738221e+02	-8.89896144e-01	1.93937088e-02
2.99000000e-01	7.79737334e+02	-8.84078589e-01	1.93884398e-02
3.00000000e-01	7.79736452e+02	-8.78317798e-01	1.93832080e-02
3.01000000e-01	7.79735577e+02	-8.72613037e-01	1.93780130e-02
3.02000000e-01	7.79734707e+02	-8.66963583e-01	1.93728544e-02
3.03000000e-01	7.79733843e+02	-8.61368725e-01	1.93677318e-02
3.04000000e-01	7.79732984e+02	-8.55827762e-01	1.93626449e-02
3.05000000e-01	7.79732131e+02	-8.50340006e-01	1.93575932e-02
3.06000000e-01	7.79731284e+02	-8.44904779e-01	1.93525764e-02
3.07000000e-01	7.79730441e+02	-8.39521414e-01	1.93475942e-02
3.08000000e-01	7.79729605e+02	-8.34189254e-01	1.93426462e-02
3.09000000e-01	7.79728773e+02	-8.28907653e-01	1.93377321e-02
3.10000000e-01	7.79727947e+02	-8.23675975e-01	1.93328514e-02
3.11000000e-01	7.79727126e+02	-8.18493594e-01	1.93280039e-02
3.12000000e-01	7.79726310e+02	-8.13359893e-01	1.93231892e-02
3.13000000e-01	7.79725499e+02	-8.08274266e-01	1.93184070e-02
3.14000000e-01	7.79724693e+02	-8.03236115e-01	1.93136570e-02
3.15000000e-01	7.79723893e+02	-7.98244852e-01	1.93089388e-02
3.16000000e-01	7.79723097e+02	-7.93299898e-01	1.93042521e-02
3.17000000e-01	7.79722306e+02	-7.88400683e-01	1.92995967e-02
3.18000000e-01	7.79721520e+02	-7.83546646e-01	1.92949721e-02
3.19000000e-01	7.79720739e+02	-7.78737233e-01	1.92903781e-02
3.20000000e-01	7.79719962e+02	-7.73971900e-01	1.92858145e-02
3.21000000e-01	7.79719191e+02	-7.69250110e-01	1.92812808e-02
3.22000000e-01	7.79718424e+02	-7.64571337e-01	1.92767768e-02
3.23000000e-01	7.79717662e+02	-7.59935059e-01	1.92723022e-02
3.24000000e-01	7.79716904e+02	-7.55340764e-01	1.92678568e-02
3.25000000e-01	7.79716151e+02	-7.50787949e-01	1.92634401e-02
3.26000000e-01	7.79715402e+02	-7.46276115e-01	1.92590521e-02
3.27000000e-01	7.79714658e+02	-7.41804773e-01	1.92546923e-02
3.28000000e-01	7.79713919e+02	-7.37373440e-01	1.92503605e-02
3.29000000e-01	7.79713184e+02	-7.32981642e-01	1.92460565e-02
3.30000000e-01	7.79712453e+02	-7.28628911e-01	1.92417799e-02
3.31000000e-01	7.79711726e+02	-7.24314784e-01	1.92375306e-02
3.32000000e-01	7.79711004e+02	-7.20038808e-01	1.92333082e-02
3.33000000e-01	7.79710286e+02	-7.15800534e-01	1.92291125e-02
3.34000000e-01	7.79709573e+02	-7.11599521e-01	1.92249433e-02
3.35000000e-01	7.79708863e+02	-7.07435335e-01	1.92208003e-02
3.36000000e-01	7.79708158e+02	-7.03307547e-01	1.92166832e-02
3.37000000e-01	7.79707457e+02	-6.99215734e-01	1.92125918e-02
3.38000000e-01	7.79706759e+02	-6.95159481e-01	1.92085259e-02
3.39000000e-01	7.79706066e+02	-6.91138376e-01	1.92044853e-02
3.40000000e-01	7.79705377e+02	-6.87152016e-01	1.92004696e-02
3.41000000e-01	7.79704692e+02	-6.83200001e-01	1.91964787e-02
3.42000000e-01	7.79704011e+02	-6.79281940e-01	1.91925124e-02
3.43000000e-01	7.79703333e+02	-6.75397445e-01	1.91885703e-02
3.44000000e-01	7.79702660e+02	-6.71546133e-01	1.91846524e-02
3.45000000e-01	7.79701990e+02	-6.67727629e-01	1.91807583e-02
3.46000000e-01	7.79701324e+02	-6.63941562e-01	1.91768879e-02
3.47000000e-01	7.79700662e+02	-6.60187565e-01	1.91730409e-02
3.48000000e-01	7.79700004e+02	-6.56465278e-01	1.91692172e-02
3.49000000e-01	7.79699349e+02	-6.52774345e-01	1.91654165e-02
3.50000000e-01	7.79698698e+02	-6.49114416e-01	1.91616386e-02
3.51000000e-01	7.79698051e+02	-6.45485144e-01	1.91578833e-02
3.52000000e-01	7.79697407e+02	-6.41886189e-01	1.91541504e-02
3.53000000e-01	7.79696767e+02	-6.38317214e-01	1.91504397e-02
3.54000000e-01	7.79696131e+02	-6.34777888e-01	1.91467510e-02
3.55000000e-01	7.79695498e+02	-6.31267884e-01	1.91430842e-02
3.56000000e-01	7.79694868e+02	-6.27786879e-01	1.91394390e-02
3.57000000e-01	7.79694242e+02	-6.24334554e-01	1.91358151e-02
3.58000000e-01	7.79693620e+02	-6.20910597e-01	1.91322126e-02
3.59000000e-01	7.79693000e+02	-6.17514697e-01	1.91286311e-02
3.60000000e-01	7.79692385e+02	-6.14146549e-01	1.91250705e-02
3.61000000e-01	7.79691772e+02	-6.10805852e-01	1.91215305e-02
3.62000000e-01	7.79691163e+02	-6.07492308e-01	1.91180111e-02
3.63000000e-01	7.79690557e+02	-6.04205626e-01	1.91145120e-02
3.64000000e-01	7.79689955e+02	-6.00945514e-01	1.91110331e-02
3.65000000e-01	7.79689355e+02	-5.97711689e-01	1.91075741e-02
3.66000000e-01	7.79688759e+02	-5.94503869e-01	1.91041350e-02
3.67000000e-01	7.79688166e+02	-5.91321775e-01	1.91007155e-02
3.68000000e-01	7.79687576e+02	-5.88165134e-01	1.90973155e-02
3.69000000e-01	7.79686990e+02	-5.85033675e-01	1.90939348e-02
3.70000000e-01	7.79686406e+02	-5.81927132e-01	1.90905732e-02
3.71000000e-01	7.79685826e+02	-5.78845241e-01	1.90872306e-02
3.72000000e-01	7.79685249e+02	-5.75787742e-01	1.90839069e-02
3.73000000e-01	7.79684674e+02	-5.72754379e-01	1.90806018e-02
3.74000000e-01	7.79684103e+02	-5.69744899e-01	1.90773153e-02
3.75000000e-01	7.79683535e+02	-5.66759052e-01	1.90740470e-02
3.76000000e-01	7.79682970e+02	-5.63796592e-01	1.90707970e-02
3.77000000e-01	7.79682407e+02	-5.60857274e-01	1.90675651e-02
3.78000000e-01	7.79681848e+02	-5.57940860e-01	1.90643510e-02
3.79000000e-01	7.79681291e+02	-5.55047111e-01	1.90611547e-02
3.80000000e-01	7.79680738e+02	-5.52175794e-01	1.90579760e-02
3.81000000e-01	7.79680187e+02	-5.49326678e-01	1.90548148e-02
3.82000000e-01	7.79679639e+02	-5.46499535e-01	1.90516708e-02
3.83000000e-01	7.79679094e+02	-5.43694140e-01	1.90485441e-02
3.84000000e-01	7.79678552e+02	-5.40910270e-01	1.90454344e-02
3.85000000e-01	7.79678012e+02	-5.38147706e-01	1.90423416e-02
3.86000000e-01	7.79677476e+02	-5.35406231e-01	1.90392655e-02
3.87000000e-01	7.79676941e+02	-5.32685632e-01	1.90362061e-02
3.88000000e-01	7.79676410e+02	-5.29985697e-01	1.90331631e-02
3.89000000e-01	7.79675882e+02	-5.27306218e-01	1.90301366e-02
3.90000000e-01	7.79675356e+02	-5.24646989e-01	1.90271262e-02
3.91000000e-01	7.79674832e+02	-5.22007806e-01	1.90241319e-02
3.92000000e-01	7.79674312e+02	-5.19388468e-01	1.90211536e-02
3.93000000e-01	7.79673793e+02	-5.16788779e-01	1.90181912e-02
3.94000000e-01	7.79673278e+02	-5.14208541e-01	1.90152444e-02
3.95000000e-01	7.79672765e+02	-5.11647561e-01	1.90123133e-02
3.96000000e-01	7.79672255e+02	-5.09105648e-01	1.90093976e-02
3.97000000e-01	7.79671747e+02	-5.06582614e-01	1.90064973e-02
3.98000000e-01	7.79671241e+02	-5.04078272e-01	1.90036121e-02
3.99000000e-01	7.79670739e+02	-5.01592438e-01	1.90007421e-02
4.00000000e-01	7.79670238e+02	-4.99124931e-01	1.89978871e-02
4.01000000e-01	7.79669740e+02	-4.96675571e-01	1.89950469e-02
4.02000000e-01	7.79669245e+02	-4.94244181e-01	1.89922215e-02
4.03000000e-01	7.79668752e+02	-4.91830585e-01	1.89894107e-02
4.04000000e-01	7.79668261e+02	-4.89434610e-01	1.89866145e-02
4.05000000e-01	7.79667773e+02	-4.87056086e-01	1.89838327e-02
4.06000000e-01	7.79667287e+02	-4.84694844e-01	1.89810651e-02
4.07000000e-01	7.79666804e+02	-4.82350716e-01	1.89783118e-02
4.08000000e-01	7.79666322e+02	-4.80023538e-01	1.89755725e-02
4.09000000e-01	7.79665844e+02	-4.77713147e-01	1.89728473e-02
4.10000000e-01	7.79665367e+02	-4.75419382e-01	1.89701359e-02
4.11000000e-01	7.79664893e+02	-4.73142083e-01	1.89674382e-02
4.12000000e-01	7.79664421e+02	-4.70881095e-01	1.89647542e-02
4.13000000e-01	7.79663951e+02	-4.68636262e-01	1.89620838e-02
4.14000000e-01	7.79663484e+02	-4.66407430e-01	1.89594268e-02
4.15000000e-01	7.79663018e+02	-4.64194447e-01	1.89567832e-02
4.16000000e-01	7.79662555e+02	-4.61997165e-01	1.89541528e-02
4.17000000e-01	7.79662094e+02	-4.59815434e-01	1.89515356e-02
4.18000000e-01	7.79661635e+02	-4.57649109e-01	1.89489314e-02
4.19000000e-01	7.79661179e+02	-4.55498045e-01	1.89463402e-02
4.20000000e-01	7.79660724e+02	-4.53362099e-01	1.89437619e-02
4.21000000e-01	7.79660272e+02	-4.51241130e-01	1.89411963e-02
4.22000000e-01	7.79659822e+02	-4.49134998e-01	1.89386433e-02
4.23000000e-01	7.79659374e+02	-4.47043565e-01	1.89361030e-02
4.24000000e-01	7.79658928e+02	-4.44966696e-01	1.89335752e-02
4.25000000e-01	7.79658484e+02	-4.42904255e-01	1.89310597e-02
4.26000000e-01	7.79658042e+02	-4.40856109e-01	1.89285565e-02
4.27000000e-01	7.79657602e+02	-4.38822126e-01	1.89260656e-02
4.28000000e-01	7.79657164e+02	-4.36802176e-01	1.89235868e-02
4.29000000e-01	7.79656729e+02	-4.34796131e-01	1.89211200e-02
4.30000000e-01	7.79656295e+02	-4.32803863e-01	1.89186651e-02
4.31000000e-01	7.79655863e+02	-4.30825246e-01	1.89162221e-02
4.32000000e-01	7.79655433e+02	-4.28860156e-01	1.89137909e-02
4.33000000e-01	7.79655005e+02	-4.26908471e-01	1.89113714e-02
4.34000000e-01	7.79654579e+02	-4.24970068e-01	1.89089635e-02
4.35000000e-01	7.79654155e+02	-4.23044828e-01	1.89065671e-02
4.36000000e-01	7.79653733e+02	-4.21132631e-01	1.89041821e-02
4.37000000e-01	7.79653313e+02	-4.19233361e-01	1.89018085e-02
4.38000000e-01	7.79652895e+02	-4.17346900e-01	1.88994462e-02
4.39000000e-01	7.79652478e+02	-4.15473135e-01	1.88970951e-02
4.40000000e-01	7.79652064e+02	-4.13611952e-01	1.88947551e-02
4.41000000e-01	7.79651651e+02	-4.11763237e-01	1.88924262e-02
4.42000000e-01	7.79651240e+02	-4.09926881e-01	1.88901082e-02
4.43000000e-01	7.79650831e+02	-4.08102774e-01	1.88878011e-02
4.44000000e-01	7.79650424e+02	-4.06290806e-01	1.88855047e-02
4.45000000e-01	7.79650019e+02	-4.04490871e-01	1.88832192e-02
4.46000000e-01	7.79649615e+02	-4.02702861e-01	1.88809443e-02
4.47000000e-01	7.79649213e+02	-4.00926673e-01	1.88786799e-02
4.48000000e-01	7.79648813e+02	-3.99162203e-01	1.88764261e-02
4.49000000e-01	7.79648415e+02	-3.97409346e-01	1.88741827e-02
4.50000000e-01	7.79648019e+02	-3.95668003e-01	1.88719497e-02
4.51000000e-01	7.79647624e+02	-3.93938072e-01	1.88697270e-02
4.52000000e-01	7.79647231e+02	-3.92219454e-01	1.88675145e-02
4.53000000e-01	7.79646839e+02	-3.90512050e-01	1.88653121e-02
4.54000000e-01	7.79646450e+02	-3.88815764e-01	1.88631198e-02
4.55000000e-01	7.79646062e+02	-3.87130498e-01	1.88609376e-02
4.56000000e-01	7.79645675e+02	-3.85456159e-01	1.88587653e-02
4.57000000e-01	7.79645291e+02	-3.83792651e-01	1.88566028e-02
4.58000000e-01	7.79644908e+02	-3.82139881e-01	1.88544502e-02
4.59000000e-01	7.79644526e+02	-3.80497758e-01	1.88523073e-02
4.60000000e-01	7.79644147e+02	-3.78866190e-01	1.88501741e-02
4.61000000e-01	7.79643769e+02	-3.77245087e-01	1.88480505e-02
4.62000000e-01	7.79643392e+02	-3.75634359e-01	1.88459364e-02
4.63000000e-01	7.79643017e+02	-3.74033919e-01	1.88438319e-02
4.64000000e-01	7.79642644e+02	-3.72443679e-01	1.88417367e-02
4.65000000e-01	7.79642273e+02	-3.70863552e-01	1.88396509e-02
4.66000000e-01	7.79641903e+02	-3.69293454e-01	1.88375744e-02
4.67000000e-01	7.79641534e+02	-3.67733299e-01	1.88355072e-02
4.68000000e-01	7.79641167e+02	-3.66183004e-01	1.88334491e-02
4.69000000e-01	7.79640802e+02	-3.64642485e-01	1.88314001e-02
4.70000000e-01	7.79640438e+02	-3.63111662e-01	1.88293601e-02
4.71000000e-01	7.79640075e+02	-3.61590452e-01	1.88273292e-02
4.72000000e-01	7.79639715e+02	-3.60078776e-01	1.88253072e-02
4.73000000e-01	7.79639355e+02	-3.58576554e-01	1.88232940e-02
4.74000000e-01	7.79638997e+02	-3.57083707e-01	1.88212897e-02
4.75000000e-01	7.79638641e+02	-3.55600158e-01	1.88192941e-02
4.76000000e-01	7.79638286e+02	-3.54125829e-01	1.88173072e-02
4.77000000e-01	7.79637933e+02	-3.52660645e-01	1.88153290e-02
4.78000000e-01	7.79637581e+02	-3.51204530e-01	1.88133593e-02
4.79000000e-01	7.79637230e+02	-3.49757409e-01	1.88113982e-02
4.80000000e-01	7.79636881e+02	-3.48319208e-01	1.88094455e-02
4.81000000e-01	7.79636534e+02	-3.46889855e-01	1.88075013e-02
4.82000000e-01	7.79636188e+02	-3.45469277e-01	1.88055654e-02
4.83000000e-01	7.79635843e+02	-3.44057403e-01	1.88036379e-02
4.84000000e-01	7.79635500e+02	-3.42654160e-01	1.88017186e-02
4.85000000e-01	7.79635158e+02	-3.41259480e-01	1.87998075e-02
4.86000000e-01	7.79634817e+02	-3.39873293e-01	1.87979046e-02
4.87000000e-01	7.79634478e+02	-3.38495530e-01	1.87960097e-02
4.88000000e-01	7.79634140e+02	-3.37126122e-01	1.87941229e-02
4.89000000e-01	7.79633804e+02	-3.35765003e-01	1.87922441e-02
4.90000000e-01	7.79633469e+02	-3.34412106e-01	1.87903733e-02
4.91000000e-01	7.79633135e+02	-3.33067365e-01	1.87885103e-02
4.92000000e-01	7.79632802e+02	-3.31730714e-01	1.87866552e-02
4.93000000e-01	7.79632471e+02	-3.30402089e-01	1.87848079e-02
4.94000000e-01	7.79632142e+02	-3.29081425e-01	1.87829684e-02
4.95000000e-01	7.79631813e+02	-3.27768660e-01	1.87811365e-02
4.96000000e-01	7.79631486e+02	-3.26463729e-01	1.87793123e-02
4.97000000e-01	7.79631160e+02	-3.25166572e-01	1.87774957e-02
4.98000000e-01	7.79630836e+02	-3.23877126e-01	1.87756867e-02
4.99000000e-01	7.79630512e+02	-3.22595331e-01	1.87738851e-02
5.00000000e-01	7.79630191e+02	-3.21321126e-01	1.87720911e-02
5.01000000e-01	7.79629870e+02	-3.20054452e-01	1.87703044e-02
5.02000000e-01	7.79629550e+02	-3.18795249e-01	1.87685251e-02
5.03000000e-01	7.79629232e+02	-3.17543458e-01	1.87667532e-02
5.04000000e-01	7.79628915e+02	-3.16299022e-01	1.87649885e-02
5.05000000e-01	7.79628600e+02	-3.15061883e-01	1.87632310e-02
5.06000000e-01	7.79628285e+02	-3.13831984e-01	1.87614808e-02
5.07000000e-01	7.79627972e+02	-3.12609269e-01	1.87597377e-02
5.08000000e-01	7.79627660e+02	-3.11393683e-01	1.87580017e-02
5.09000000e-01	7.79627349e+02	-3.10185168e-01	1.87562727e-02
5.10000000e-01	7.79627040e+02	-3.08983672e-01	1.87545508e-02
5.11000000e-01	7.79626731e+02	-3.07789140e-01	1.87528358e-02
5.12000000e-01	7.79626424e+02	-3.06601518e-01	1.87511278e-02
5.13000000e-01	7.79626118e+02	-3.05420753e-01	1.87494267e-02
5.14000000e-01	7.79625813e+02	-3.04246793e-01	1.87477324e-02
5.15000000e-01	7.79625510e+02	-3.03079584e-01	1.87460449e-02
5.16000000e-01	7.79625207e+02	-3.01919076e-01	1.87443642e-02
5.17000000e-01	7.79624906e+02	-3.00765217e-01	1.87426902e-02
5.18000000e-01	7.79624606e+02	-2.99617957e-01	1.87410229e-02
5.19000000e-01	7.79624306e+02	-2.98477246e-01	1.87393623e-02
5.20000000e-01	7.79624009e+02	-2.97343033e-01	1.87377083e-02
5.21000000e-01	7.79623712e+02	-2.96215270e-01	1.87360608e-02
5.22000000e-01	7.79623416e+02	-2.95093908e-01	1.87344198e-02
5.23000000e-01	7.79623122e+02	-2.93978898e-01	1.87327854e-02
5.24000000e-01	7.79622828e+02	-2.92870192e-01	1.87311574e-02
5.25000000e-01	7.79622536e+02	-2.91767744e-01	1.87295358e-02
5.26000000e-01	7.79622245e+02	-2.90671506e-01	1.87279205e-02
5.27000000e-01	7.79621955e+02	-2.89581432e-01	1.87263116e-02
5.28000000e-01	7.79621666e+02	-2.88497475e-01	1.87247091e-02
5.29000000e-01	7.79621378e+02	-2.87419590e-01	1.87231127e-02
5.30000000e-01	7.79621091e+02	-2.86347732e-01	1.87215226e-02
5.31000000e-01	7.79620805e+02	-2.85281855e-01	1.87199387e-02
5.32000000e-01	7.79620520e+02	-2.84221916e-01	1.87183610e-02
5.33000000e-01	7.79620236e+02	-2.83167870e-01	1.87167893e-02
5.34000000e-01	7.79619954e+02	-2.82119674e-01	1.87152238e-02
5.35000000e-01	7.79619672e+02	-2.81077285e-01	1.87136643e-02
5.36000000e-01	7.79619392e+02	-2.80040660e-01	1.87121108e-02
5.37000000e-01	7.79619112e+02	-2.79009756e-01	1.87105633e-02
5.38000000e-01	7.79618834e+02	-2.77984531e-01	1.87090217e-02
5.39000000e-01	7.79618556e+02	-2.76964944e-01	1.87074860e-02
5.40000000e-01	7.79618280e+02	-2.75950953e-01	1.87059563e-02
5.41000000e-01	7.79618004e+02	-2.74942519e-01	1.87044323e-02
5.42000000e-01	7.79617730e+02	-2.73939600e-01	1.87029142e-02
5.43000000e-01	7.79617456e+02	-2.72942156e-01	1.87014018e-02
5.44000000e-01	7.79617184e+02	-2.71950147e-01	1.86998952e-02
5.45000000e-01	7.79616912e+02	-2.70963535e-01	1.86983943e-02
5.46000000e-01	7.79616642e+02	-2.69982279e-01	1.86968991e-02
5.47000000e-01	7.79616373e+02	-2.69006341e-01	1.86954095e-02
5.48000000e-01	7.79616104e+02	-2.68035683e-01	1.86939255e-02
5.49000000e-01	7.79615836e+02	-2.67070267e-01	1.86924471e-02
5.50000000e-01	7.79615570e+02	-2.66110056e-01	1.86909743e-02
5.51000000e-01	7.79615304e+02	-2.65155011e-01	1.86895070e-02
5.52000000e-01	7.79615040e+02	-2.64205096e-01	1.86880451e-02
5.53000000e-01	7.79614776e+02	-2.63260274e-01	1.86865888e-02
5.54000000e-01	7.79614513e+02	-2.62320509e-01	1.86851378e-02
5.55000000e-01	7.79614251e+02	-2.61385765e-01	1.86836923e-02
5.56000000e-01	7.79613990e+02	-2.60456007e-01	1.86822521e-02
5.57000000e-01	7.79613730e+02	-2.59531198e-01	1.86808172e-02
5.58000000e-01	7.79613471e+02	-2.58611304e-01	1.86793877e-02
5.59000000e-01	7.79613213e+02	-2.57696290e-01	1.86779634e-02
5.60000000e-01	7.79612956e+02	-2.56786121e-01	1.86765444e-02
5.61000000e-01	7.79612700e+02	-2.55880764e-01	1.86751306e-02
5.62000000e-01	7.79612444e+02	-2.54980185e-01	1.86737220e-02
5.63000000e-01	7.79612190e+02	-2.54084350e-01	1.86723186e-02
5.64000000e-01	7.79611936e+02	-2.53193225e-01	1.86709203e-02
5.65000000e-01	7.79611683e+02	-2.52306779e-01	1.86695271e-02
5.66000000e-01	7.79611431e+02	-2.51424977e-01	1.86681389e-02
5.67000000e-01	7.79611180e+02	-2.50547789e-01	1.86667559e-02
5.68000000e-01	7.79610930e+02	-2.49675181e-01	1.86653778e-02
5.69000000e-01	7.79610681e+02	-2.48807122e-01	1.86640048e-02
5.70000000e-01	7.79610433e+02	-2.47943581e-01	1.86626367e-02
5.71000000e-01	7.79610185e+02	-2.47084525e-01	1.86612735e-02
5.72000000e-01	7.79609938e+02	-2.46229924e-01	1.86599153e-02
5.73000000e-01	7.79609693e+02	-2.45379748e-01	1.86585620e-02
5.74000000e-01	7.79609448e+02	-2.44533966e-01	1.86572135e-02
5.75000000e-01	7.79609204e+02	-2.43692547e-01	1.86558698e-02
5.76000000e-01	7.79608960e+02	-2.42855462e-01	1.86545310e-02
5.77000000e-01	7.79608718e+02	-2.42022681e-01	1.86531970e-02
5.78000000e-01	7.79608476e+02	-2.41194175e-01	1.86518677e-02
5.79000000e-01	7.79608235e+02	-2.40369914e-01	1.86505431e-02
5.80000000e-01	7.79607996e+02	-2.39549869e-01	1.86492233e-02
5.81000000e-01	7.79607756e+02	-2.38734012e-01	1.86479081e-02
5.82000000e-01	7.79607518e+02	-2.37922314e-01	1.86465976e-02
5.83000000e-01	7.79607281e+02	-2.37114747e-01	1.86452917e-02
5.84000000e-01	7.79607044e+02	-2.36311283e-01	1.86439905e-02
5.85000000e-01	7.79606808e+02	-2.35511895e-01	1.86426938e-02
5.86000000e-01	7.79606573e+02	-2.34716555e-01	1.86414017e-02
5.87000000e-01	7.79606339e+02	-2.33925235e-01	1.86401141e-02
5.88000000e-01	7.79606105e+02	-2.33137908e-01	1.86388310e-02
5.89000000e-01	7.79605872e+02	-2.32354548e-01	1.86375524e-02
5.90000000e-01	7.79605640e+02	-2.31575129e-01	1.86362783e-02
5.91000000e-01	7.79605409e+02	-2.30799623e-01	1.86350086e-02
5.92000000e-01	7.79605179e+02	-2.30028004e-01	1.86337434e-02
5.93000000e-01	7.79604949e+02	-2.29260248e-01	1.86324825e-02
5.94000000e-01	7.79604720e+02	-2.28496327e-01	1.86312260e-02
5.95000000e-01	7.79604492e+02	-2.27736216e-01	1.86299739e-02
5.96000000e-01	7.79604265e+02	-2.26979891e-01	1.86287261e-02
5.97000000e-01	7.79604038e+02	-2.26227326e-01	1.86274826e-02
5.98000000e-01	7.79603812e+02	-2.25478496e-01	1.86262433e-02
5.99000000e-01	7.79603587e+02	-2.24733377e-01	1.86250084e-02
6.00000000e-01	7.79603363e+02	-2.23991944e-01	1.86237777e-02
6.01000000e-01	7.79603139e+02	-2.23254172e-01	1.86225512e-02
6.02000000e-01	7.79602916e+02	-2.22520038e-01	1.86213289e-02
6.03000000e-01	7.79602694e+02	-2.21789518e-01	1.86201107e-02
6.04000000e-01	7.79602473e+02	-2.21062589e-01	1.86188967e-02
6.05000000e-01	7.79602252e+02	-2.20339226e-01	1.86176869e-02
6.06000000e-01	7.79602032e+02	-2.19619406e-01	1.86164812e-02
6.07000000e-01	7.79601813e+02	-2.18903107e-01	1.86152795e-02
6.08000000e-01	7.79601594e+02	-2.18190305e-01	1.86140819e-02
6.09000000e-01	7.79601376e+02	-2.17480978e-01	1.86128884e-02
6.10000000e-01	7.79601159e+02	-2.16775103e-01	1.86116989e-02
6.11000000e-01	7.79600943e+02	-2.16072658e-01	1.86105134e-02
6.12000000e-01	7.79600727e+02	-2.15373620e-01	1.86093319e-02
6.13000000e-01	7.79600512e+02	-2.14677968e-01	1.86081543e-02
6.14000000e-01	7.79600298e+02	-2.13985680e-01	1.86069807e-02
6.15000000e-01	7.79600084e+02	-2.13296734e-01	1.86058111e-02
6.16000000e-01	7.79599871e+02	-2.12611109e-01	1.86046453e-02
6.17000000e-01	7.79599659e+02	-2.11928783e-01	1.86034834e-02
6.18000000e-01	7.79599447e+02	-2.11249736e-01	1.86023254e-02
6.19000000e-01	7.79599236e+02	-2.10573945e-01	1.86011713e-02
6.20000000e-01	7.79599026e+02	-2.09901392e-01	1.86000210e-02
6.21000000e-01	7.79598817e+02	-2.09232054e-01	1.85988744e-02
6.22000000e-01	7.79598608e+02	-2.08565911e-01	1.85977317e-02
6.23000000e-01	7.79598400e+02	-2.07902944e-01	1.85965928e-02
6.24000000e-01	7.79598192e+02	-2.07243132e-01	1.85954576e-02
6.25000000e-01	7.79597985e+02	-2.06586455e-01	1.85943261e-02
6.26000000e-01	7.79597779e+02	-2.05932892e-01	1.85931984e-02
6.27000000e-01	7.79597573e+02	-2.05282426e-01	1.85920744e-02
6.28000000e-01	7.79597368e+02	-2.04635035e-01	1.85909540e-02
6.29000000e-01	7.79597164e+02	-2.03990701e-01	1.85898373e-02
6.30000000e-01	7.79596960e+02	-2.03349405e-01	1.85887243e-02
6.31000000e-01	7.79596757e+02	-2.02711127e-01	1.85876148e-02
6.32000000e-01	7.79596555e+02	-2.02075848e-01	1.85865090e-02
6.33000000e-01	7.79596353e+02	-2.01443550e-01	1.85854068e-02
6.34000000e-01	7.79596152e+02	-2.00814214e-01	1.85843082e-02
6.35000000e-01	7.79595951e+02	-2.00187822e-01	1.85832131e-02
6.36000000e-01	7.79595752e+02	-1.99564355e-01	1.85821216e-02
6.37000000e-01	7.79595552e+02	-1.98943796e-01	1.85810335e-02
6.38000000e-01	7.79595354e+02	-1.98326125e-01	1.85799490e-02
6.39000000e-01	7.79595156e+02	-1.97711326e-01	1.85788680e-02
6.40000000e-01	7.79594958e+02	-1.97099380e-01	1.85777904e-02
6.41000000e-01	7.79594761e+02	-1.96490270e-01	1.85767164e-02
6.42000000e-01	7.79594565e+02	-1.95883978e-01	1.85756457e-02
6.43000000e-01	7.79594370e+02	-1.95280487e-01	1.85745785e-02
6.44000000e-01	7.79594175e+02	-1.94679780e-01	1.85735146e-02
6.45000000e-01	7.79593980e+02	-1.94081840e-01	1.85724542e-02
6.46000000e-01	7.79593787e+02	-1.93486649e-01	1.85713971e-02
6.47000000e-01	7.79593593e+02	-1.92894191e-01	1.85703434e-02
6.48000000e-01	7.79593401e+02	-1.92304450e-01	1.85692931e-02
6.49000000e-01	7.79593209e+02	-1.91717407e-01	1.85682460e-02
6.50000000e-01	7.79593017e+02	-1.91133049e-01	1.85672023e-02
6.51000000e-01	7.79592827e+02	-1.90551357e-01	1.85661619e-02
6.52000000e-01	7.79592636e+02	-1.89972315e-01	1.85651247e-02
6.53000000e-01	7.79592447e+02	-1.89395908e-01	1.85640908e-02
6.54000000e-01	7.79592257e+02	-1.88822120e-01	1.85630602e-02
6.55000000e-01	7.79592069e+02	-1.88250934e-01	1.85620328e-02
6.56000000e-01	7.79591881e+02	-1.87682336e-01	1.85610086e-02
6.57000000e-01	7.79591694e+02	-1.87116309e-01	1.85599876e-02
6.58000000e-01	7.79591507e+02	-1.86552838e-01	1.85589698e-02
6.59000000e-01	7.79591320e+02	-1.85991908e-01	1.85579552e-02
6.60000000e-01	7.79591135e+02	-1.85433503e-01	1.85569437e-02
6.61000000e-01	7.79590950e+02	-1.84877608e-01	1.85559354e-02
6.62000000e-01	7.79590765e+02	-1.84324209e-01	1.85549302e-02
6.63000000e-01	7.79590581e+02	-1.83773290e-01	1.85539281e-02
6.64000000e-01	7.79590397e+02	-1.83224836e-01	1.85529291e-02
6.65000000e-01	7.79590215e+02	-1.82678833e-01	1.85519332e-02
6.66000000e-01	7.79590032e+02	-1.82135267e-01	1.85509404e-02
6.67000000e-01	7.79589850e+02	-1.81594122e-01	1.85499506e-02
6.68000000e-01	7.79589669e+02	-1.81055385e-01	1.85489639e-02
6.69000000e-01	7.79589488e+02	-1.80519041e-01	1.85479802e-02
6.70000000e-01	7.79589308e+02	-1.79985076e-01	1.85469995e-02
6.71000000e-01	7.79589128e+02	-1.79453476e-01	1.85460218e-02
6.72000000e-01	7.79588949e+02	-1.78924227e-01	1.85450471e-02
6.73000000e-01	7.79588770e+02	-1.78397315e-01	1.85440754e-02
6.74000000e-01	7.79588592e+02	-1.77872726e-01	1.85431066e-02
6.75000000e-01	7.79588415e+02	-1.77350448e-01	1.85421408e-02
6.76000000e-01	7.79588238e+02	-1.76830466e-01	1.85411779e-02
6.77000000e-01	7.79588061e+02	-1.76312766e-01	1.85402179e-02
6.78000000e-01	7.79587885e+02	-1.75797337e-01	1.85392609e-02
6.79000000e-01	7.79587709e+02	-1.75284163e-01	1.85383067e-02
6.80000000e-01	7.79587534e+02	-1.74773233e-01	1.85373554e-02
6.81000000e-01	7.79587360e+02	-1.74264532e-01	1.85364070e-02
6.82000000e-01	7.79587186e+02	-1.73758049e-01	1.85354614e-02
6.83000000e-01	7.79587012e+02	-1.73253770e-01	1.85345187e-02
6.84000000e-01	7.79586839e+02	-1.72751683e-01	1.85335788e-02
6.85000000e-01	7.79586667e+02	-1.72251774e-01	1.85326418e-02
6.86000000e-01	7.79586495e+02	-1.71754032e-01	1.85317075e-02
6.87000000e-01	7.79586323e+02	-1.71258443e-01	1.85307760e-02
6.88000000e-01	7.79586152e+02	-1.70764996e-01	1.85298473e-02
6.89000000e-01	7.79585982e+02	-1.70273677e-01	1.85289213e-02
6.90000000e-01	7.79585812e+02	-1.69784476e-01	1.85279982e-02
6.91000000e-01	7.79585642e+02	-1.69297379e-01	1.85270777e-02
6.92000000e-01	7.79585473e+02	-1.68812375e-01	1.85261600e-02
6.93000000e-01	7.79585305e+02	-1.68329451e-01	1.85252450e-02
6.94000000e-01	7.79585137e+02	-1.67848596e-01	1.85243327e-02
6.95000000e-01	7.79584969e+02	-1.67369799e-01	1.85234231e-02
6.96000000e-01	7.79584802e+02	-1.66893046e-01	1.85225162e-02
6.97000000e-01	7.79584635e+02	-1.66418327e-01	1.85216119e-02
6.98000000e-01	7.79584469e+02	-1.65945630e-01	1.85207103e-02
6.99000000e-01	7.79584303e+02	-1.65474944e-01	1.85198114e-02
7.00000000e-01	7.79584138e+02	-1.65006257e-01	1.85189151e-02
7.01000000e-01	7.79583973e+02	-1.64539557e-01	1.85180214e-02
7.02000000e-01	7.79583809e+02	-1.64074835e-01	1.85171303e-02
7.03000000e-01	7.79583645e+02	-1.63612078e-01	1.85162418e-02
7.04000000e-01	7.79583482e+02	-1.63151275e-01	1.85153559e-02
7.05000000e-01	7.79583319e+02	-1.62692417e-01	1.85144726e-02
7.06000000e-01	7.79583156e+02	-1.62235490e-01	1.85135919e-02
7.07000000e-01	7.79582994e+02	-1.61780486e-01	1.85127137e-02
7.08000000e-01	7.79582833e+02	-1.61327392e-01	1.85118380e-02
7.09000000e-01	7.79582672e+02	-1.60876199e-01	1.85109649e-02
7.10000000e-01	7.79582511e+02	-1.60426895e-01	1.85100943e-02
7.11000000e-01	7.79582351e+02	-1.59979471e-01	1.85092262e-02
7.12000000e-01	7.79582191e+02	-1.59533915e-01	1.85083606e-02
7.13000000e-01	7.79582032e+02	-1.59090218e-01	1.85074975e-02
7.14000000e-01	7.79581873e+02	-1.58648368e-01	1.85066369e-02
7.15000000e-01	7.79581714e+02	-1.58208356e-01	1.85057787e-02
7.16000000e-01	7.79581557e+02	-1.57770172e-01	1.85049230e-02
7.17000000e-01	7.79581399e+02	-1.57333806e-01	1.85040698e-02
7.18000000e-01	7.79581242e+02	-1.56899247e-01	1.85032190e-02
7.19000000e-01	7.79581085e+02	-1.56466485e-01	1.85023706e-02
7.20000000e-01	7.79580929e+02	-1.56035511e-01	1.85015246e-02
7.21000000e-01	7.79580773e+02	-1.55606315e-01	1.85006810e-02
7.22000000e-01	7.79580618e+02	-1.55178886e-01	1.84998399e-02
7.23000000e-01	7.79580463e+02	-1.54753216e-01	1.84990011e-02
7.24000000e-01	7.79580308e+02	-1.54329295e-01	1.84981647e-02
7.25000000e-01	7.79580154e+02	-1.53907112e-01	1.84973306e-02
7.26000000e-01	7.79580000e+02	-1.53486660e-01	1.84964989e-02
7.27000000e-01	7.79579847e+02	-1.53067927e-01	1.84956696e-02
7.28000000e-01	7.79579694e+02	-1.52650905e-01	1.84948425e-02
7.29000000e-01	7.79579542e+02	-1.52235585e-01	1.84940178e-02
7.30000000e-01	7.79579390e+02	-1.51821957e-01	1.84931955e-02
7.31000000e-01	7.79579238e+02	-1.51410012e-01	1.84923754e-02
7.32000000e-01	7.79579087e+02	-1.50999741e-01	1.84915576e-02
7.33000000e-01	7.79578936e+02	-1.50591135e-01	1.84907421e-02
7.34000000e-01	7.79578786e+02	-1.50184185e-01	1.84899289e-02
7.35000000e-01	7.79578636e+02	-1.49778882e-01	1.84891180e-02
7.36000000e-01	7.79578486e+02	-1.49375217e-01	1.84883093e-02
7.37000000e-01	7.79578337e+02	-1.48973181e-01	1.84875028e-02
7.38000000e-01	7.79578188e+02	-1.48572766e-01	1.84866986e-02
7.39000000e-01	7.79578040e+02	-1.48173963e-01	1.84858966e-02
7.40000000e-01	7.79577892e+02	-1.47776763e-01	1.84850969e-02
7.41000000e-01	7.79577744e+02	-1.47381157e-01	1.84842993e-02
7.42000000e-01	7.79577597e+02	-1.46987138e-01	1.84835040e-02
7.43000000e-01	7.79577450e+02	-1.46594696e-01	1.84827108e-02
7.44000000e-01	7.79577304e+02	-1.46203824e-01	1.84819199e-02
7.45000000e-01	7.79577158e+02	-1.45814512e-01	1.84811311e-02
7.46000000e-01	7.79577012e+02	-1.45426753e-01	1.84803445e-02
7.47000000e-01	7.79576867e+02	-1.45040538e-01	1.84795600e-02
7.48000000e-01	7.79576722e+02	-1.44655859e-01	1.84787777e-02
7.49000000e-01	7.79576578e+02	-1.44272709e-01	1.84779975e-02
7.50000000e-01	7.79576434e+02	-1.43891078e-01	1.84772194e-02
7.51000000e-01	7.79576290e+02	-1.43510959e-01	1.84764435e-02
7.52000000e-01	7.79576147e+02	-1.43132345e-01	1.84756697e-02
7.53000000e-01	7.79576004e+02	-1.42755226e-01	1.84748979e-02
7.54000000e-01	7.79575861e+02	-1.42379595e-01	1.84741283e-02
7.55000000e-01	7.79575719e+02	-1.42005445e-01	1.84733608e-02
7.56000000e-01	7.79575577e+02	-1.41632767e-01	1.84725953e-02
7.57000000e-01	7.79575436e+02	-1.41261554e-01	1.84718319e-02
7.58000000e-01	7.79575295e+02	-1.40891798e-01	1.84710706e-02
7.59000000e-01	7.79575154e+02	-1.40523492e-01	1.84703114e-02
7.60000000e-01	7.79575014e+02	-1.40156628e-01	1.84695541e-02
7.61000000e-01	7.79574874e+02	-1.39791198e-01	1.84687989e-02
7.62000000e-01	7.79574734e+02	-1.39427195e-01	1.84680458e-02
7.63000000e-01	7.79574595e+02	-1.39064612e-01	1.84672946e-02
7.64000000e-01	7.79574456e+02	-1.38703441e-01	1.84665455e-02
7.65000000e-01	7.79574317e+02	-1.38343675e-01	1.84657984e-02
7.66000000e-01	7.79574179e+02	-1.37985307e-01	1.84650533e-02
7.67000000e-01	7.79574042e+02	-1.37628329e-01	1.84643101e-02
7.68000000e-01	7.79573904e+02	-1.37272734e-01	1.84635690e-02
7.69000000e-01	7.79573767e+02	-1.36918516e-01	1.84628298e-02
7.70000000e-01	7.79573630e+02	-1.36565666e-01	1.84620926e-02
7.71000000e-01	7.79573494e+02	-1.36214178e-01	1.84613573e-02
7.72000000e-01	7.79573358e+02	-1.35864046e-01	1.84606240e-02
7.73000000e-01	7.79573222e+02	-1.35515261e-01	1.84598926e-02
7.74000000e-01	7.79573087e+02	-1.35167817e-01	1.84591632e-02
7.75000000e-01	7.79572952e+02	-1.34821708e-01	1.84584357e-02
7.76000000e-01	7.79572817e+02	-1.34476925e-01	1.84577101e-02
7.77000000e-01	7.79572683e+02	-1.34133464e-01	1.84569864e-02
7.78000000e-01	7.79572549e+02	-1.33791316e-01	1.84562646e-02
7.79000000e-01	7.79572415e+02	-1.33450476e-01	1.84555447e-02
7.80000000e-01	7.79572282e+02	-1.33110936e-01	1.84548267e-02
7.81000000e-01	7.79572149e+02	-1.32772690e-01	1.84541106e-02
7.82000000e-01	7.79572016e+02	-1.32435732e-01	1.84533964e-02
7.83000000e-01	7.79571884e+02	-1.32100054e-01	1.84526840e-02
7.84000000e-01	7.79571752e+02	-1.31765651e-01	1.84519735e-02
7.85000000e-01	7.79571621e+02	-1.31432516e-01	1.84512648e-02
7.86000000e-01	7.79571489e+02	-1.31100642e-01	1.84505580e-02
7.87000000e-01	7.79571358e+02	-1.30770023e-01	1.84498530e-02
7.88000000e-01	7.79571228e+02	-1.30440653e-01	1.84491498e-02
7.89000000e-01	7.79571098e+02	-1.30112526e-01	1.84484485e-02
7.90000000e-01	7.79570968e+02	-1.29785635e-01	1.84477490e-02
7.91000000e-01	7.79570838e+02	-1.29459974e-01	1.84470513e-02
7.92000000e-01	7.79570709e+02	-1.29135537e-01	1.84463554e-02
7.93000000e-01	7.79570580e+02	-1.28812318e-01	1.84456613e-02
7.94000000e-01	7.79570451e+02	-1.28490311e-01	1.84449689e-02
7.95000000e-01	7.79570323e+02	-1.28169510e-01	1.84442784e-02
7.96000000e-01	7.79570195e+02	-1.27849908e-01	1.84435896e-02
7.97000000e-01	7.79570067e+02	-1.27531500e-01	1.84429026e-02
7.98000000e-01	7.79569940e+02	-1.27214279e-01	1.84422174e-02
7.99000000e-01	7.79569813e+02	-1.26898241e-01	1.84415339e-02
8.00000000e-01	7.79569686e+02	-1.26583378e-01	1.84408522e-02
8.01000000e-01	7.79569560e+02	-1.26269686e-01	1.84401722e-02
8.02000000e-01	7.79569433e+02	-1.25957158e-01	1.84394939e-02
8.03000000e-01	7.79569308e+02	-1.25645789e-01	1.84388173e-02
8.04000000e-01	7.79569182e+02	-1.25335573e-01	1.84381425e-02
8.05000000e-01	7.79569057e+02	-1.25026504e-01	1.84374694e-02
8.06000000e-01	7.79568932e+02	-1.24718576e-01	1.84367980e-02
8.07000000e-01	7.79568808e+02	-1.24411785e-01	1.84361283e-02
8.08000000e-01	7.79568683e+02	-1.24106124e-01	1.84354603e-02
8.09000000e-01	7.79568559e+02	-1.23801588e-01	1.84347940e-02
8.10000000e-01	7.79568436e+02	-1.23498171e-01	1.84341294e-02
8.11000000e-01	7.79568312e+02	-1.23195868e-01	1.84334664e-02
8.12000000e-01	7.79568189e+02	-1.22894673e-01	1.84328051e-02
8.13000000e-01	7.79568067e+02	-1.22594582e-01	1.84321455e-02
8.14000000e-01	7.79567944e+02	-1.22295588e-01	1.84314875e-02
8.15000000e-01	7.79567822e+02	-1.21997686e-01	1.84308312e-02
8.16000000e-01	7.79567700e+02	-1.21700872e-01	1.84301765e-02
8.17000000e-01	7.79567579e+02	-1.21405139e-01	1.84295235e-02
8.18000000e-01	7.79567457e+02	-1.21110482e-01	1.84288721e-02
8.19000000e-01	7.79567336e+02	-1.20816897e-01	1.84282223e-02
8.20000000e-01	7.79567216e+02	-1.20524378e-01	1.84275742e-02
8.21000000e-01	7.79567095e+02	-1.20232920e-01	1.84269276e-02
8.22000000e-01	7.79566975e+02	-1.19942517e-01	1.84262827e-02
8.23000000e-01	7.79566855e+02	-1.19653165e-01	1.84256393e-02
8.24000000e-01	7.79566736e+02	-1.19364859e-01	1.84249976e-02
8.25000000e-01	7.79566617e+02	-1.19077593e-01	1.84243574e-02
8.26000000e-01	7.79566498e+02	-1.18791363e-01	1.84237189e-02
8.27000000e-01	7.79566379e+02	-1.18506164e-01	1.84230819e-02
8.28000000e-01	7.79566261e+02	-1.18221990e-01	1.84224464e-02
8.29000000e-01	7.79566143e+02	-1.17938837e-01	1.84218126e-02
8.30000000e-01	7.79566025e+02	-1.17656700e-01	1.84211803e-02
8.31000000e-01	7.79565907e+02	-1.17375573e-01	1.84205496e-02
8.32000000e-01	7.79565790e+02	-1.17095453e-01	1.84199204e-02
8.33000000e-01	7.79565673e+02	-1.16816335e-01	1.84192927e-02
8.34000000e-01	7.79565557e+02	-1.16538213e-01	1.84186666e-02
8.35000000e-01	7.79565440e+02	-1.16261083e-01	1.84180420e-02
8.36000000e-01	7.79565324e+02	-1.15984940e-01	1.84174190e-02
8.37000000e-01	7.79565208e+02	-1.15709780e-01	1.84167974e-02
8.38000000e-01	7.79565093e+02	-1.15435597e-01	1.84161774e-02
8.39000000e-01	7.79564977e+02	-1.15162388e-01	1.84155589e-02
8.40000000e-01	7.79564862e+02	-1.14890148e-01	1.84149419e-02
8.41000000e-01	7.79564748e+02	-1.14618871e-01	1.84143264e-02
8.42000000e-01	7.79564633e+02	-1.14348554e-01	1.84137124e-02
8.43000000e-01	7.79564519e+02	-1.14079192e-01	1.84130999e-02
8.44000000e-01	7.79564405e+02	-1.13810781e-01	1.84124888e-02
8.45000000e-01	7.79564291e+02	-1.13543315e-01	1.84118793e-02
8.46000000e-01	7.79564178e+02	-1.13276791e-01	1.84112712e-02
8.47000000e-01	7.79564065e+02	-1.13011204e-01	1.84106646e-02
8.48000000e-01	7.79563952e+02	-1.12746550e-01	1.84100594e-02
8.49000000e-01	7.79563839e+02	-1.12482825e-01	1.84094557e-02
8.50000000e-01	7.79563727e+02	-1.12220023e-01	1.84088534e-02
8.51000000e-01	7.79563615e+02	-1.11958142e-01	1.84082526e-02
8.52000000e-01	7.79563503e+02	-1.11697176e-01	1.84076532e-02
8.53000000e-01	7.79563391e+02	-1.11437121e-01	1.84070553e-02
8.54000000e-01	7.79563280e+02	-1.11177973e-01	1.84064588e-02
8.55000000e-01	7.79563169e+02	-1.10919728e-01	1.84058637e-02
8.56000000e-01	7.79563058e+02	-1.10662381e-01	1.84052700e-02
8.57000000e-01	7.79562948e+02	-1.10405929e-01	1.84046778e-02
8.58000000e-01	7.79562837e+02	-1.10150367e-01	1.84040869e-02
8.59000000e-01	7.79562727e+02	-1.09895691e-01	1.84034975e-02
8.60000000e-01	7.79562618e+02	-1.09641898e-01	1.84029095e-02
8.61000000e-01	7.79562508e+02	-1.09388982e-01	1.84023228e-02
8.62000000e-01	7.79562399e+02	-1.09136941e-01	1.84017376e-02
8.63000000e-01	7.79562290e+02	-1.08885769e-01	1.84011537e-02
8.64000000e-01	7.79562181e+02	-1.08635463e-01	1.84005712e-02
8.65000000e-01	7.79562073e+02	-1.08386020e-01	1.83999901e-02
8.66000000e-01	7.79561964e+02	-1.08137434e-01	1.83994103e-02
8.67000000e-01	7.79561856e+02	-1.07889703e-01	1.83988320e-02
8.68000000e-01	7.79561749e+02	-1.07642821e-01	1.83982549e-02
8.69000000e-01	7.79561641e+02	-1.07396786e-01	1.83976793e-02
8.70000000e-01	7.79561534e+02	-1.07151593e-01	1.83971050e-02
8.71000000e-01	7.79561427e+02	-1.06907239e-01	1.83965320e-02
8.72000000e-01	7.79561320e+02	-1.06663720e-01	1.83959604e-02
8.73000000e-01	7.79561213e+02	-1.06421032e-01	1.83953901e-02
8.74000000e-01	7.79561107e+02	-1.06179171e-01	1.83948211e-02
8.75000000e-01	7.79561001e+02	-1.05938133e-01	1.83942535e-02
8.76000000e-01	7.79560895e+02	-1.05697915e-01	1.83936872e-02
8.77000000e-01	7.79560790e+02	-1.05458513e-01	1.83931222e-02
8.78000000e-01	7.79560684e+02	-1.05219924e-01	1.83925585e-02
8.79000000e-01	7.79560579e+02	-1.04982143e-01	1.83919961e-02
8.80000000e-01	7.79560474e+02	-1.04745167e-01	1.83914351e-02
8.81000000e-01	7.79560370e+02	-1.04508992e-01	1.83908753e-02
8.82000000e-01	7.79560265e+02	-1.04273615e-01	1.83903168e-02
8.83000000e-01	7.79560161e+02	-1.04039033e-01	1.83897596e-02
8.84000000e-01	7.79560057e+02	-1.03805241e-01	1.83892038e-02
8.85000000e-01	7.79559954e+02	-1.03572236e-01	1.83886491e-02
8.86000000e-01	7.79559850e+02	-1.03340014e-01	1.83880958e-02
8.87000000e-01	7.79559747e+02	-1.03108573e-01	1.83875437e-02
8.88000000e-01	7.79559644e+02	-1.02877908e-01	1.83869929e-02
8.89000000e-01	7.79559541e+02	-1.02648016e-01	1.83864434e-02
8.90000000e-01	7.79559439e+02	-1.02418894e-01	1.83858951e-02
8.91000000e-01	7.79559336e+02	-1.02190537e-01	1.83853481e-02
8.92000000e-01	7.79559234e+02	-1.01962944e-01	1.83848024e-02
8.93000000e-01	7.79559132e+02	-1.01736110e-01	1.83842579e-02
8.94000000e-01	7.79559031e+02	-1.01510032e-01	1.83837146e-02
8.95000000e-01	7.79558929e+02	-1.01284707e-01	1.83831725e-02
8.96000000e-01	7.79558828e+02	-1.01060131e-01	1.83826317e-02
8.97000000e-01	7.79558727e+02	-1.00836301e-01	1.83820922e-02
8.98000000e-01	7.79558627e+02	-1.00613213e-01	1.83815538e-02
8.99000000e-01	7.79558526e+02	-1.00390866e-01	1.83810167e-02
9.00000000e-01	7.79558426e+02	-1.00169254e-01	1.83804808e-02
9.01000000e-01	7.79558326e+02	-9.99483749e-02	1.83799461e-02
9.02000000e-01	7.79558226e+02	-9.97282256e-02	1.83794126e-02
9.03000000e-01	7.79558126e+02	-9.95088029e-02	1.83788803e-02
9.04000000e-01	7.79558027e+02	-9.92901034e-02	1.83783493e-02
9.05000000e-01	7.79557928e+02	-9.90721240e-02	1.83778194e-02
9.06000000e-01	7.79557829e+02	-9.88548616e-02	1.83772907e-02
9.07000000e-01	7.79557730e+02	-9.86383129e-02	1.83767632e-02
9.08000000e-01	7.79557631e+02	-9.84224749e-02	1.83762369e-02
9.09000000e-01	7.79557533e+02	-9.82073445e-02	1.83757117e-02
9.10000000e-01	7.79557435e+02	-9.79929185e-02	1.83751878e-02
9.11000000e-01	7.79557337e+02	-9.77791940e-02	1.83746650e-02
9.12000000e-01	7.79557240e+02	-9.75661678e-02	1.83741434e-02
9.13000000e-01	7.79557142e+02	-9.73538370e-02	1.83736229e-02
9.14000000e-01	7.79557045e+02	-9.71421984e-02	1.83731036e-02
9.15000000e-01	7.79556948e+02	-9.69312491e-02	1.83725855e-02
9.16000000e-01	7.79556851e+02	-9.67209861e-02	1.83720685e-02
9.17000000e-01	7.79556754e+02	-9.65114064e-02	1.83715527e-02
9.18000000e-01	7.79556658e+02	-9.63025071e-02	1.83710380e-02
9.19000000e-01	7.79556562e+02	-9.60942852e-02	1.83705245e-02
9.20000000e-01	7.79556466e+02	-9.58867378e-02	1.83700121e-02
9.21000000e-01	7.79556370e+02	-9.56798620e-02	1.83695008e-02
9.22000000e-01	7.79556274e+02	-9.54736549e-02	1.83689907e-02
9.23000000e-01	7.79556179e+02	-9.52681136e-02	1.83684817e-02
9.24000000e-01	7.79556084e+02	-9.50632353e-02	1.83679738e-02
9.25000000e-01	7.79555989e+02	-9.48590170e-02	1.83674670e-02
9.26000000e-01	7.79555894e+02	-9.46554560e-02	1.83669613e-02
9.27000000e-01	7.79555800e+02	-9.44525495e-02	1.83664568e-02
9.28000000e-01	7.79555705e+02	-9.42502947e-02	1.83659534e-02
9.29000000e-01	7.79555611e+02	-9.40486887e-02	1.83654510e-02
9.30000000e-01	7.79555517e+02	-9.38477288e-02	1.83649498e-02
9.31000000e-01	7.79555423e+02	-9.36474122e-02	1.83644497e-02
9.32000000e-01	7.79555330e+02	-9.34477363e-02	1.83639506e-02
9.33000000e-01	7.79555237e+02	-9.32486982e-02	1.83634527e-02
9.34000000e-01	7.79555143e+02	-9.30502953e-02	1.83629558e-02
9.35000000e-01	7.79555050e+02	-9.28525248e-02	1.83624601e-02
9.36000000e-01	7.79554958e+02	-9.26553840e-02	1.83619654e-02
9.37000000e-01	7.79554865e+02	-9.24588704e-02	1.83614718e-02
9.38000000e-01	7.79554773e+02	-9.22629812e-02	1.83609792e-02
9.39000000e-01	7.79554681e+02	-9.20677139e-02	1.83604877e-02
9.40000000e-01	7.79554589e+02	-9.18730657e-02	1.83599973e-02
9.41000000e-01	7.79554497e+02	-9.16790340e-02	1.83595080e-02
9.42000000e-01	7.79554405e+02	-9.14856163e-02	1.83590197e-02
9.43000000e-01	7.79554314e+02	-9.12928100e-02	1.83585324e-02
9.44000000e-01	7.79554223e+02	-9.11006124e-02	1.83580463e-02
9.45000000e-01	7.79554132e+02	-9.09090211e-02	1.83575611e-02
9.46000000e-01	7.79554041e+02	-9.07180335e-02	1.83570770e-02
9.47000000e-01	7.79553950e+02	-9.05276471e-02	1.83565940e-02
9.48000000e-01	7.79553860e+02	-9.03378592e-02	1.83561120e-02
9.49000000e-01	7.79553770e+02	-9.01486676e-02	1.83556310e-02
9.50000000e-01	7.79553680e+02	-8.99600695e-02	1.83551511e-02
9.51000000e-01	7.79553590e+02	-8.97720626e-02	1.83546721e-02
9.52000000e-01	7.79553500e+02	-8.95846444e-02	1.83541942e-02
9.53000000e-01	7.79553411e+02	-8.93978124e-02	1.83537174e-02
9.54000000e-01	7.79553321e+02	-8.92115642e-02	1.83532415e-02
9.55000000e-01	7.79553232e+02	-8.90258973e-02	1.83527667e-02
9.56000000e-01	7.79553143e+02	-8.88408095e-02	1.83522929e-02
9.57000000e-01	7.79553054e+02	-8.86562981e-02	1.83518201e-02
9.58000000e-01	7.79552966e+02	-8.84723609e-02	1.83513483e-02
9.59000000e-01	7.79552878e+02	-8.82889955e-02	1.83508774e-02
9.60000000e-01	7.79552789e+02	-8.81061994e-02	1.83504076e-02
9.61000000e-01	7.79552701e+02	-8.79239704e-02	1.83499388e-02
9.62000000e-01	7.79552613e+02	-8.77423061e-02	1.83494710e-02
9.63000000e-01	7.79552526e+02	-8.75612042e-02	1.83490042e-02
9.64000000e-01	7.79552438e+02	-8.73806624e-02	1.83485383e-02
9.65000000e-01	7.79552351e+02	-8.72006783e-02	1.83480735e-02
9.66000000e-01	7.79552264e+02	-8.70212496e-02	1.83476096e-02
9.67000000e-01	7.79552177e+02	-8.68423741e-02	1.83471467e-02
9.68000000e-01	7.79552090e+02	-8.66640495e-02	1.83466848e-02
9.69000000e-01	7.79552004e+02	-8.64862736e-02	1.83462238e-02
9.70000000e-01	7.79551917e+02	-8.63090440e-02	1.83457638e-02
9.71000000e-01	7.79551831e+02	-8.61323586e-02	1.83453048e-02
9.72000000e-01	7.79551745e+02	-8.59562152e-02	1.83448468e-02
9.73000000e-01	7.79551659e+02	-8.57806114e-02	1.83443896e-02
9.74000000e-01	7.79551574e+02	-8.56055452e-02	1.83439335e-02
9.75000000e-01	7.79551488e+02	-8.54310143e-02	1.83434783e-02
9.76000000e-01	7.79551403e+02	-8.52570165e-02	1.83430241e-02
9.77000000e-01	7.79551317e+02	-8.50835497e-02	1.83425708e-02
9.78000000e-01	7.79551232e+02	-8.49106117e-02	1.83421184e-02
9.79000000e-01	7.79551148e+02	-8.47382004e-02	1.83416670e-02
9.80000000e-01	7.79551063e+02	-8.45663136e-02	1.83412165e-02
9.81000000e-01	7.79550979e+02	-8.43949492e-02	1.83407670e-02
9.82000000e-01	7.79550894e+02	-8.42241052e-02	1.83403184e-02
9.83000000e-01	7.79550810e+02	-8.40537793e-02	1.83398707e-02
9.84000000e-01	7.79550726e+02	-8.38839695e-02	1.83394240e-02
9.85000000e-01	7.79550642e+02	-8.37146737e-02	1.83389781e-02
9.86000000e-01	7.79550559e+02	-8.35458899e-02	1.83385332e-02
9.87000000e-01	7.79550475e+02	-8.33776159e-02	1.83380892e-02
9.88000000e-01	7.79550392e+02	-8.32098498e-02	1.83376462e-02
9.89000000e-01	7.79550309e+02	-8.30425894e-02	1.83372040e-02
9.90000000e-01	7.79550226e+02	-8.28758328e-02	1.83367628e-02
9.91000000e-01	7.79550143e+02	-8.27095780e-02	1.83363224e-02
9.92000000e-01	7.79550060e+02	-8.25438228e-02	1.83358830e-02
9.93000000e-01	7.79549978e+02	-8.23785654e-02	1.83354444e-02
9.94000000e-01	7.79549896e+02	-8.22138038e-02	1.83350068e-02
9.95000000e-01	7.79549814e+02	-8.20495359e-02	1.83345701e-02
9.96000000e-01	7.79549732e+02	-8.18857597e-02	1.83341342e-02
9.97000000e-01	7.79549650e+02	-8.17224734e-02	1.83336992e-02
9.98000000e-01	7.79549568e+02	-8.15596750e-02	1.83332652e-02
9.99000000e-01	7.79549487e+02	-8.13973624e-02	1.83328320e-02
