1.00000000e-03	8.74521428e+02	-9.99523370e+04	4.97144240e-03
2.00000000e-03	8.24591466e+02	-2.49085048e+04	9.77788650e-03
3.00000000e-03	8.08035506e+02	-1.09824689e+04	1.42827682e-02
4.00000000e-03	7.99846035e+02	-6.09231133e+03	1.83939473e-02
5.00000000e-03	7.95014805e+02	-3.82147185e+03	2.20643251e-02
6.00000000e-03	7.91867271e+02	-2.58585695e+03	2.52827180e-02
7.00000000e-03	7.89682269e+02	-1.84177732e+03	2.80621254e-02
8.00000000e-03	7.88097013e+02	-1.36135562e+03	3.04296662e-02
9.00000000e-03	7.86908676e+02	-1.03515890e+03	3.24194521e-02
1.00000000e-02	7.85994888e+02	-8.05160473e+02	3.40680908e-02
1.10000000e-02	7.85277485e+02	-6.38185326e+02	3.54120699e-02
1.20000000e-02	7.84704294e+02	-5.14115242e+02	3.64863362e-02
1.30000000e-02	7.84239262e+02	-4.20161421e+02	3.73235850e-02
1.40000000e-02	7.83856777e+02	-3.47877040e+02	3.79539512e-02
1.50000000e-02	7.83538223e+02	-2.91504646e+02	3.84049215e-02
1.60000000e-02	7.83269819e+02	-2.47015940e+02	3.87013650e-02
1.70000000e-02	7.83041198e+02	-2.11530090e+02	3.88656285e-02
1.80000000e-02	7.82844463e+02	-1.82948533e+02	3.89176652e-02
1.90000000e-02	7.82673522e+02	-1.59718453e+02	3.88751840e-02
2.00000000e-02	7.82523633e+02	-1.40675402e+02	3.87538084e-02
2.10000000e-02	7.82391072e+02	-1.24936069e+02	3.85672412e-02
2.20000000e-02	7.82272887e+02	-1.11823673e+02	3.83274308e-02
2.30000000e-02	7.82166725e+02	-1.00815097e+02	3.80447356e-02
2.40000000e-02	7.82070693e+02	-9.15028306e+01	3.77280840e-02
2.50000000e-02	7.81983261e+02	-8.35671752e+01	3.73851282e-02
2.60000000e-02	7.81903184e+02	-7.67556983e+01	3.70223893e-02
2.70000000e-02	7.81829442e+02	-7.08678846e+01	3.66453918e-02
2.80000000e-02	7.81761194e+02	-6.57435576e+01	3.62587890e-02
2.90000000e-02	7.81697744e+02	-6.12540749e+01	3.58664753e-02
3.00000000e-02	7.81638509e+02	-5.72955833e+01	3.54716890e-02
3.10000000e-02	7.81583004e+02	-5.37838180e+01	3.50771029e-02
3.20000000e-02	7.81530816e+02	-5.06500688e+01	3.46849052e-02
3.30000000e-02	7.81481596e+02	-4.78380345e+01	3.42968708e-02
3.40000000e-02	7.81435048e+02	-4.53013580e+01	3.39144225e-02
3.50000000e-02	7.81390915e+02	-4.30016859e+01	3.35386860e-02
3.60000000e-02	7.81348976e+02	-4.09071340e+01	3.31705357e-02
3.70000000e-02	7.81309041e+02	-3.89910692e+01	3.28106350e-02
3.80000000e-02	7.81270942e+02	-3.72311381e+01	3.24594711e-02
3.90000000e-02	7.81234533e+02	-3.56084900e+01	3.21173841e-02
4.00000000e-02	7.81199685e+02	-3.41071528e+01	3.17845921e-02
4.10000000e-02	7.81166283e+02	-3.27135291e+01	3.14612127e-02
4.20000000e-02	7.81134226e+02	-3.14159894e+01	3.11472810e-02
4.30000000e-02	7.81103422e+02	-3.02045409e+01	3.08427649e-02
4.40000000e-02	7.81073791e+02	-2.90705580e+01	3.05475777e-02
4.50000000e-02	7.81045258e+02	-2.80065615e+01	3.02615896e-02
4.60000000e-02	7.81017756e+02	-2.70060374e+01	2.99846360e-02
4.70000000e-02	7.80991226e+02	-2.60632880e+01	2.97165258e-02
4.80000000e-02	7.80965612e+02	-2.51733082e+01	2.94570476e-02
4.90000000e-02	7.80940864e+02	-2.43316829e+01	2.92059745e-02
5.00000000e-02	7.80916934e+02	-2.35345025e+01	2.89630695e-02
5.10000000e-02	7.80893781e+02	-2.27782906e+01	2.87280881e-02
5.20000000e-02	7.80871365e+02	-2.20599451e+01	2.85007821e-02
5.30000000e-02	7.80849649e+02	-2.13766874e+01	2.82809015e-02
5.40000000e-02	7.80828601e+02	-2.07260202e+01	2.80681969e-02
5.50000000e-02	7.80808187e+02	-2.01056913e+01	2.78624210e-02
5.60000000e-02	7.80788380e+02	-1.95136632e+01	2.76633298e-02
5.70000000e-02	7.80769151e+02	-1.89480869e+01	2.74706835e-02
5.80000000e-02	7.80750475e+02	-1.84072794e+01	2.72842479e-02
5.90000000e-02	7.80732329e+02	-1.78897049e+01	2.71037942e-02
6.00000000e-02	7.80714689e+02	-1.73939575e+01	2.69291000e-02
6.10000000e-02	7.80697534e+02	-1.69187479e+01	2.67599497e-02
6.20000000e-02	7.80680845e+02	-1.64628900e+01	2.65961341e-02
6.30000000e-02	7.80664602e+02	-1.60252908e+01	2.64374513e-02
6.40000000e-02	7.80648788e+02	-1.56049406e+01	2.62837062e-02
6.50000000e-02	7.80633387e+02	-1.52009047e+01	2.61347106e-02
6.60000000e-02	7.80618381e+02	-1.48123164e+01	2.59902833e-02
6.70000000e-02	7.80603757e+02	-1.44383705e+01	2.58502501e-02
6.80000000e-02	7.80589500e+02	-1.40783174e+01	2.57144432e-02
6.90000000e-02	7.80575596e+02	-1.37314584e+01	2.55827017e-02
7.00000000e-02	7.80562033e+02	-1.33971413e+01	2.54548707e-02
7.10000000e-02	7.80548798e+02	-1.30747559e+01	2.53308018e-02
7.20000000e-02	7.80535880e+02	-1.27637312e+01	2.52103525e-02
7.30000000e-02	7.80523267e+02	-1.24635315e+01	2.50933864e-02
7.40000000e-02	7.80510949e+02	-1.21736541e+01	2.49797722e-02
7.50000000e-02	7.80498916e+02	-1.18936265e+01	2.48693846e-02
7.60000000e-02	7.80487159e+02	-1.16230041e+01	2.47621032e-02
7.70000000e-02	7.80475667e+02	-1.13613679e+01	2.46578126e-02
7.80000000e-02	7.80464433e+02	-1.11083231e+01	2.45564024e-02
7.90000000e-02	7.80453448e+02	-1.08634969e+01	2.44577667e-02
8.00000000e-02	7.80442704e+02	-1.06265372e+01	2.43618043e-02
8.10000000e-02	7.80432192e+02	-1.03971109e+01	2.42684178e-02
8.20000000e-02	7.80421907e+02	-1.01749029e+01	2.41775143e-02
8.30000000e-02	7.80411840e+02	-9.95961482e+00	2.40890046e-02
8.40000000e-02	7.80401986e+02	-9.75096368e+00	2.40028033e-02
8.50000000e-02	7.80392336e+02	-9.54868116e+00	2.39188286e-02
8.60000000e-02	7.80382886e+02	-9.35251255e+00	2.38370021e-02
8.70000000e-02	7.80373629e+02	-9.16221589e+00	2.37572485e-02
8.80000000e-02	7.80364560e+02	-8.97756122e+00	2.36794959e-02
8.90000000e-02	7.80355672e+02	-8.79832981e+00	2.36036752e-02
9.00000000e-02	7.80346961e+02	-8.62431353e+00	2.35297203e-02
9.10000000e-02	7.80338422e+02	-8.45531416e+00	2.34575676e-02
9.20000000e-02	7.80330049e+02	-8.29114289e+00	2.33871563e-02
9.30000000e-02	7.80321838e+02	-8.13161970e+00	2.33184279e-02
9.40000000e-02	7.80313784e+02	-7.97657291e+00	2.32513266e-02
9.50000000e-02	7.80305884e+02	-7.82583870e+00	2.31857985e-02
9.60000000e-02	7.80298131e+02	-7.67926067e+00	2.31217920e-02
9.70000000e-02	7.80290524e+02	-7.53668942e+00	2.30592576e-02
9.80000000e-02	7.80283057e+02	-7.39798220e+00	2.29981478e-02
9.90000000e-02	7.80275727e+02	-7.26300254e+00	2.29384170e-02
1.00000000e-01	7.80268530e+02	-7.13161989e+00	2.28800212e-02
1.01000000e-01	7.80261462e+02	-7.00370937e+00	2.28229183e-02
1.02000000e-01	7.80254521e+02	-6.87915142e+00	2.27670679e-02
1.03000000e-01	7.80247703e+02	-6.75783155e+00	2.27124310e-02
1.04000000e-01	7.80241004e+02	-6.63964010e+00	2.26589702e-02
1.05000000e-01	7.80234422e+02	-6.52447195e+00	2.26066495e-02
1.06000000e-01	7.80227954e+02	-6.41222634e+00	2.25554343e-02
1.07000000e-01	7.80221597e+02	-6.30280663e+00	2.25052914e-02
1.08000000e-01	7.80215348e+02	-6.19612011e+00	2.24561886e-02
1.09000000e-01	7.80209204e+02	-6.09207780e+00	2.24080952e-02
1.10000000e-01	7.80203163e+02	-5.99059429e+00	2.23609813e-02
1.11000000e-01	7.80197222e+02	-5.89158755e+00	2.23148186e-02
1.12000000e-01	7.80191379e+02	-5.79497876e+00	2.22695793e-02
1.13000000e-01	7.80185631e+02	-5.70069220e+00	2.22252370e-02
1.14000000e-01	7.80179977e+02	-5.60865509e+00	2.21817661e-02
1.15000000e-01	7.80174413e+02	-5.51879741e+00	2.21391420e-02
1.16000000e-01	7.80168938e+02	-5.43105186e+00	2.20973408e-02
1.17000000e-01	7.80163550e+02	-5.34535365e+00	2.20563397e-02
1.18000000e-01	7.80158247e+02	-5.26164046e+00	2.20161165e-02
1.19000000e-01	7.80153027e+02	-5.17985227e+00	2.19766500e-02
1.20000000e-01	7.80147887e+02	-5.09993130e+00	2.19379195e-02
1.21000000e-01	7.80142826e+02	-5.02182189e+00	2.18999051e-02
1.22000000e-01	7.80137843e+02	-4.94547042e+00	2.18625878e-02
1.23000000e-01	7.80132935e+02	-4.87082521e+00	2.18259488e-02
1.24000000e-01	7.80128100e+02	-4.79783646e+00	2.17899704e-02
1.25000000e-01	7.80123338e+02	-4.72645613e+00	2.17546353e-02
1.26000000e-01	7.80118647e+02	-4.65663790e+00	2.17199267e-02
1.27000000e-01	7.80114025e+02	-4.58833709e+00	2.16858284e-02
1.28000000e-01	7.80109470e+02	-4.52151057e+00	2.16523250e-02
1.29000000e-01	7.80104981e+02	-4.45611674e+00	2.16194011e-02
1.30000000e-01	7.80100557e+02	-4.39211542e+00	2.15870423e-02
1.31000000e-01	7.80096196e+02	-4.32946783e+00	2.15552344e-02
1.32000000e-01	7.80091898e+02	-4.26813649e+00	2.15239637e-02
1.33000000e-01	7.80087660e+02	-4.20808522e+00	2.14932169e-02
1.34000000e-01	7.80083481e+02	-4.14927904e+00	2.14629813e-02
1.35000000e-01	7.80079361e+02	-4.09168415e+00	2.14332444e-02
1.36000000e-01	7.80075297e+02	-4.03526789e+00	2.14039942e-02
1.37000000e-01	7.80071290e+02	-3.97999867e+00	2.13752191e-02
1.38000000e-01	7.80067337e+02	-3.92584593e+00	2.13469076e-02
1.39000000e-01	7.80063438e+02	-3.87278013e+00	2.13190490e-02
1.40000000e-01	7.80059591e+02	-3.82077268e+00	2.12916326e-02
1.41000000e-01	7.80055796e+02	-3.76979590e+00	2.12646480e-02
1.42000000e-01	7.80052051e+02	-3.71982303e+00	2.12380855e-02
1.43000000e-01	7.80048356e+02	-3.67082813e+00	2.12119351e-02
1.44000000e-01	7.80044709e+02	-3.62278612e+00	2.11861876e-02
1.45000000e-01	7.80041110e+02	-3.57567268e+00	2.11608339e-02
1.46000000e-01	7.80037558e+02	-3.52946427e+00	2.11358650e-02
1.47000000e-01	7.80034051e+02	-3.48413807e+00	2.11112725e-02
1.48000000e-01	7.80030589e+02	-3.43967198e+00	2.10870480e-02
1.49000000e-01	7.80027171e+02	-3.39604459e+00	2.10631834e-02
1.50000000e-01	7.80023797e+02	-3.35323511e+00	2.10396708e-02
1.51000000e-01	7.80020464e+02	-3.31122343e+00	2.10165026e-02
1.52000000e-01	7.80017174e+02	-3.26999000e+00	2.09936713e-02
1.53000000e-01	7.80013924e+02	-3.22951591e+00	2.09711698e-02
1.54000000e-01	7.80010715e+02	-3.18978277e+00	2.09489910e-02
1.55000000e-01	7.80007544e+02	-3.15077277e+00	2.09271282e-02
1.56000000e-01	7.80004413e+02	-3.11246861e+00	2.09055747e-02
1.57000000e-01	7.80001319e+02	-3.07485351e+00	2.08843239e-02
1.58000000e-01	7.79998263e+02	-3.03791117e+00	2.08633698e-02
1.59000000e-01	7.79995243e+02	-3.00162578e+00	2.08427061e-02
1.60000000e-01	7.79992260e+02	-2.96598197e+00	2.08223270e-02
1.61000000e-01	7.79989311e+02	-2.93096483e+00	2.08022266e-02
1.62000000e-01	7.79986397e+02	-2.89655987e+00	2.07823994e-02
1.63000000e-01	7.79983518e+02	-2.86275300e+00	2.07628397e-02
1.64000000e-01	7.79980672e+02	-2.82953055e+00	2.07435424e-02
1.65000000e-01	7.79977859e+02	-2.79687923e+00	2.07245022e-02
1.66000000e-01	7.79975078e+02	-2.76478611e+00	2.07057141e-02
1.67000000e-01	7.79972329e+02	-2.73323864e+00	2.06871731e-02
1.68000000e-01	7.79969611e+02	-2.70222461e+00	2.06688745e-02
1.69000000e-01	7.79966924e+02	-2.67173213e+00	2.06508134e-02
1.70000000e-01	7.79964267e+02	-2.64174967e+00	2.06329855e-02
1.71000000e-01	7.79961640e+02	-2.61226599e+00	2.06153862e-02
1.72000000e-01	7.79959043e+02	-2.58327016e+00	2.05980112e-02
1.73000000e-01	7.79956474e+02	-2.55475155e+00	2.05808563e-02
1.74000000e-01	7.79953933e+02	-2.52669982e+00	2.05639174e-02
1.75000000e-01	7.79951420e+02	-2.49910489e+00	2.05471903e-02
1.76000000e-01	7.79948935e+02	-2.47195696e+00	2.05306713e-02
1.77000000e-01	7.79946476e+02	-2.44524650e+00	2.05143565e-02
1.78000000e-01	7.79944044e+02	-2.41896421e+00	2.04982421e-02
1.79000000e-01	7.79941638e+02	-2.39310104e+00	2.04823245e-02
1.80000000e-01	7.79939258e+02	-2.36764819e+00	2.04666002e-02
1.81000000e-01	7.79936903e+02	-2.34259708e+00	2.04510656e-02
1.82000000e-01	7.79934572e+02	-2.31793933e+00	2.04357174e-02
1.83000000e-01	7.79932267e+02	-2.29366682e+00	2.04205522e-02
1.84000000e-01	7.79929985e+02	-2.26977160e+00	2.04055669e-02
1.85000000e-01	7.79927727e+02	-2.24624594e+00	2.03907583e-02
1.86000000e-01	7.79925492e+02	-2.22308230e+00	2.03761232e-02
1.87000000e-01	7.79923281e+02	-2.20027333e+00	2.03616588e-02
1.88000000e-01	7.79921092e+02	-2.17781186e+00	2.03473619e-02
1.89000000e-01	7.79918925e+02	-2.15569092e+00	2.03332298e-02
1.90000000e-01	7.79916780e+02	-2.13390369e+00	2.03192596e-02
1.91000000e-01	7.79914657e+02	-2.11244352e+00	2.03054486e-02
1.92000000e-01	7.79912555e+02	-2.09130394e+00	2.02917941e-02
1.93000000e-01	7.79910474e+02	-2.07047863e+00	2.02782934e-02
1.94000000e-01	7.79908414e+02	-2.04996142e+00	2.02649440e-02
1.95000000e-01	7.79906374e+02	-2.02974629e+00	2.02517434e-02
1.96000000e-01	7.79904355e+02	-2.00982737e+00	2.02386891e-02
1.97000000e-01	7.79902355e+02	-1.99019893e+00	2.02257788e-02
1.98000000e-01	7.79900374e+02	-1.97085538e+00	2.02130099e-02
1.99000000e-01	7.79898413e+02	-1.95179125e+00	2.02003804e-02
2.00000000e-01	7.79896470e+02	-1.93300122e+00	2.01878878e-02
2.01000000e-01	7.79894547e+02	-1.91448009e+00	2.01755300e-02
2.02000000e-01	7.79892641e+02	-1.89622276e+00	2.01633048e-02
2.03000000e-01	7.79890754e+02	-1.87822428e+00	2.01512102e-02
2.04000000e-01	7.79888885e+02	-1.86047979e+00	2.01392440e-02
2.05000000e-01	7.79887033e+02	-1.84298457e+00	2.01274042e-02
2.06000000e-01	7.79885199e+02	-1.82573399e+00	2.01156889e-02
2.07000000e-01	7.79883382e+02	-1.80872352e+00	2.01040961e-02
2.08000000e-01	7.79881581e+02	-1.79194875e+00	2.00926239e-02
2.09000000e-01	7.79879798e+02	-1.77540537e+00	2.00812704e-02
2.10000000e-01	7.79878030e+02	-1.75908915e+00	2.00700338e-02
2.11000000e-01	7.79876279e+02	-1.74299597e+00	2.00589123e-02
2.12000000e-01	7.79874544e+02	-1.72712181e+00	2.00479042e-02
2.13000000e-01	7.79872825e+02	-1.71146272e+00	2.00370077e-02
2.14000000e-01	7.79871121e+02	-1.69601486e+00	2.00262213e-02
2.15000000e-01	7.79869433e+02	-1.68077445e+00	2.00155431e-02
2.16000000e-01	7.79867760e+02	-1.66573780e+00	2.00049716e-02
2.17000000e-01	7.79866102e+02	-1.65090133e+00	1.99945053e-02
2.18000000e-01	7.79864458e+02	-1.63626151e+00	1.99841425e-02
2.19000000e-01	7.79862829e+02	-1.62181488e+00	1.99738817e-02
2.20000000e-01	7.79861214e+02	-1.60755808e+00	1.99637215e-02
2.21000000e-01	7.79859614e+02	-1.59348781e+00	1.99536604e-02
2.22000000e-01	7.79858027e+02	-1.57960084e+00	1.99436969e-02
2.23000000e-01	7.79856454e+02	-1.56589401e+00	1.99338296e-02
2.24000000e-01	7.79854895e+02	-1.55236423e+00	1.99240572e-02
2.25000000e-01	7.79853350e+02	-1.53900848e+00	1.99143783e-02
2.26000000e-01	7.79851817e+02	-1.52582379e+00	1.99047916e-02
2.27000000e-01	7.79850298e+02	-1.51280727e+00	1.98952957e-02
2.28000000e-01	7.79848792e+02	-1.49995608e+00	1.98858895e-02
2.29000000e-01	7.79847298e+02	-1.48726744e+00	1.98765715e-02
2.30000000e-01	7.79845817e+02	-1.47473863e+00	1.98673406e-02
2.31000000e-01	7.79844349e+02	-1.46236698e+00	1.98581956e-02
2.32000000e-01	7.79842892e+02	-1.45014989e+00	1.98491353e-02
2.33000000e-01	7.79841448e+02	-1.43808480e+00	1.98401585e-02
2.34000000e-01	7.79840016e+02	-1.42616921e+00	1.98312641e-02
2.35000000e-01	7.79838596e+02	-1.41440066e+00	1.98224509e-02
2.36000000e-01	7.79837187e+02	-1.40277676e+00	1.98137179e-02
2.37000000e-01	7.79835790e+02	-1.39129515e+00	1.98050640e-02
2.38000000e-01	7.79834405e+02	-1.37995353e+00	1.97964880e-02
2.39000000e-01	7.79833030e+02	-1.36874963e+00	1.97879890e-02
2.40000000e-01	7.79831667e+02	-1.35768125e+00	1.97795659e-02
2.41000000e-01	7.79830315e+02	-1.34674620e+00	1.97712178e-02
2.42000000e-01	7.79828974e+02	-1.33594238e+00	1.97629435e-02
2.43000000e-01	7.79827643e+02	-1.32526768e+00	1.97547422e-02
2.44000000e-01	7.79826323e+02	-1.31472007e+00	1.97466129e-02
2.45000000e-01	7.79825013e+02	-1.30429755e+00	1.97385547e-02
2.46000000e-01	7.79823714e+02	-1.29399814e+00	1.97305665e-02
2.47000000e-01	7.79822425e+02	-1.28381993e+00	1.97226476e-02
2.48000000e-01	7.79821147e+02	-1.27376102e+00	1.97147970e-02
2.49000000e-01	7.79819878e+02	-1.26381957e+00	1.97070139e-02
2.50000000e-01	7.79818619e+02	-1.25399375e+00	1.96992973e-02
2.51000000e-01	7.79817370e+02	-1.24428179e+00	1.96916465e-02
2.52000000e-01	7.79816130e+02	-1.23468193e+00	1.96840606e-02
2.53000000e-01	7.79814900e+02	-1.22519247e+00	1.96765387e-02
2.54000000e-01	7.79813680e+02	-1.21581172e+00	1.96690801e-02
2.55000000e-01	7.79812469e+02	-1.20653803e+00	1.96616840e-02
2.56000000e-01	7.79811267e+02	-1.19736978e+00	1.96543496e-02
2.57000000e-01	7.79810074e+02	-1.18830539e+00	1.96470762e-02
2.58000000e-01	7.79808890e+02	-1.17934330e+00	1.96398629e-02
2.59000000e-01	7.79807715e+02	-1.17048197e+00	1.96327090e-02
2.60000000e-01	7.79806549e+02	-1.16171991e+00	1.96256139e-02
2.61000000e-01	7.79805392e+02	-1.15305564e+00	1.96185768e-02
2.62000000e-01	7.79804243e+02	-1.14448772e+00	1.96115969e-02
2.63000000e-01	7.79803103e+02	-1.13601472e+00	1.96046736e-02
2.64000000e-01	7.79801971e+02	-1.12763526e+00	1.95978063e-02
2.65000000e-01	7.79800848e+02	-1.11934796e+00	1.95909941e-02
2.66000000e-01	7.79799732e+02	-1.11115148e+00	1.95842366e-02
2.67000000e-01	7.79798625e+02	-1.10304450e+00	1.95775329e-02
2.68000000e-01	7.79797526e+02	-1.09502573e+00	1.95708826e-02
2.69000000e-01	7.79796435e+02	-1.08709390e+00	1.95642848e-02
2.70000000e-01	7.79795352e+02	-1.07924775e+00	1.95577391e-02
2.71000000e-01	7.79794277e+02	-1.07148606e+00	1.95512449e-02
2.72000000e-01	7.79793209e+02	-1.06380762e+00	1.95448014e-02
2.73000000e-01	7.79792149e+02	-1.05621125e+00	1.95384082e-02
2.74000000e-01	7.79791097e+02	-1.04869579e+00	1.95320646e-02
2.75000000e-01	7.79790052e+02	-1.04126010e+00	1.95257700e-02
2.76000000e-01	7.79789014e+02	-1.03390304e+00	1.95195240e-02
2.77000000e-01	7.79787984e+02	-1.02662353e+00	1.95133258e-02
2.78000000e-01	7.79786961e+02	-1.01942047e+00	1.95071751e-02
2.79000000e-01	7.79785945e+02	-1.01229281e+00	1.95010713e-02
2.80000000e-01	7.79784936e+02	-1.00523948e+00	1.94950137e-02
2.81000000e-01	7.79783934e+02	-9.98259482e-01	1.94890020e-02
2.82000000e-01	7.79782940e+02	-9.91351786e-01	1.94830355e-02
2.83000000e-01	7.79781952e+02	-9.84515403e-01	1.94771138e-02
2.84000000e-01	7.79780971e+02	-9.77749358e-01	1.94712363e-02
2.85000000e-01	7.79779996e+02	-9.71052691e-01	1.94654027e-02
2.86000000e-01	7.79779028e+02	-9.64424458e-01	1.94596123e-02
2.87000000e-01	7.79778067e+02	-9.57863732e-01	1.94538647e-02
2.88000000e-01	7.79777113e+02	-9.51369601e-01	1.94481595e-02
2.89000000e-01	7.79776165e+02	-9.44941169e-01	1.94424961e-02
2.90000000e-01	7.79775223e+02	-9.38577555e-01	1.94368742e-02
2.91000000e-01	7.79774287e+02	-9.32277891e-01	1.94312932e-02
2.92000000e-01	7.79773358e+02	-9.26041325e-01	1.94257528e-02
2.93000000e-01	7.79772435e+02	-9.19867019e-01	1.94202524e-02
2.94000000e-01	7.79771518e+02	-9.13754148e-01	1.94147916e-02
2.95000000e-01	7.79770608e+02	-9.07701903e-01	1.94093701e-02
2.96000000e-01	7.79769703e+02	-9.01709484e-01	1.94039874e-02
2.97000000e-01	7.79768804e+02	-8.95776108e-01	1.93986431e-02
2.98000000e-01	7.79767911e+02	-8.89901004e-01	1.93933367e-02
2.99000000e-01	7.79767024e+02	-8.84083411e-01	1.93880679e-02
3.00000000e-01	7.79766143e+02	-8.78322583e-01	1.93828363e-02
3.01000000e-01	7.79765268e+02	-8.72617786e-01	1.93776415e-02
3.02000000e-01	7.79764398e+02	-8.66968296e-01	1.93724831e-02
3.03000000e-01	7.79763534e+02	-8.61373402e-01	1.93673607e-02
3.04000000e-01	7.79762675e+02	-8.55832404e-01	1.93622739e-02
3.05000000e-01	7.79761822e+02	-8.50344613e-01	1.93572225e-02
3.06000000e-01	7.79760975e+02	-8.44909351e-01	1.93522059e-02
3.07000000e-01	7.79760132e+02	-8.39525952e-01	1.93472239e-02
3.08000000e-01	7.79759296e+02	-8.34193759e-01	1.93422761e-02
3.09000000e-01	7.79758464e+02	-8.28912124e-01	1.93373621e-02
3.10000000e-01	7.79757638e+02	-8.23680414e-01	1.93324816e-02
3.11000000e-01	7.79756817e+02	-8.18498000e-01	1.93276343e-02
3.12000000e-01	7.79756001e+02	-8.13364267e-01	1.93228198e-02
3.13000000e-01	7.79755190e+02	-8.08278608e-01	1.93180377e-02
3.14000000e-01	7.79754384e+02	-8.03240425e-01	1.93132879e-02
3.15000000e-01	7.79753583e+02	-7.98249131e-01	1.93085699e-02
3.16000000e-01	7.79752788e+02	-7.93304147e-01	1.93038834e-02
3.17000000e-01	7.79751997e+02	-7.88404901e-01	1.92992281e-02
3.18000000e-01	7.79751211e+02	-7.83550834e-01	1.92946037e-02
3.19000000e-01	7.79750430e+02	-7.78741391e-01	1.92900099e-02
3.20000000e-01	7.79749653e+02	-7.73976028e-01	1.92854464e-02
3.21000000e-01	7.79748882e+02	-7.69254209e-01	1.92809129e-02
3.22000000e-01	7.79748115e+02	-7.64575407e-01	1.92764091e-02
3.23000000e-01	7.79747353e+02	-7.59939101e-01	1.92719347e-02
3.24000000e-01	7.79746595e+02	-7.55344778e-01	1.92674894e-02
3.25000000e-01	7.79745842e+02	-7.50791934e-01	1.92630729e-02
3.26000000e-01	7.79745093e+02	-7.46280072e-01	1.92586850e-02
3.27000000e-01	7.79744349e+02	-7.41808703e-01	1.92543254e-02
3.28000000e-01	7.79743610e+02	-7.37377343e-01	1.92499938e-02
3.29000000e-01	7.79742875e+02	-7.32985518e-01	1.92456899e-02
3.30000000e-01	7.79742144e+02	-7.28632760e-01	1.92414135e-02
3.31000000e-01	7.79741417e+02	-7.24318607e-01	1.92371644e-02
3.32000000e-01	7.79740695e+02	-7.20042604e-01	1.92329421e-02
3.33000000e-01	7.79739977e+02	-7.15804305e-01	1.92287466e-02
3.34000000e-01	7.79739263e+02	-7.11603267e-01	1.92245775e-02
3.35000000e-01	7.79738554e+02	-7.07439055e-01	1.92204347e-02
3.36000000e-01	7.79737849e+02	-7.03311242e-01	1.92163177e-02
3.37000000e-01	7.79737147e+02	-6.99219405e-01	1.92122265e-02
3.38000000e-01	7.79736450e+02	-6.95163126e-01	1.92081608e-02
3.39000000e-01	7.79735757e+02	-6.91141997e-01	1.92041203e-02
3.40000000e-01	7.79735068e+02	-6.87155613e-01	1.92001047e-02
3.41000000e-01	7.79734383e+02	-6.83203575e-01	1.91961140e-02
3.42000000e-01	7.79733701e+02	-6.79285490e-01	1.91921478e-02
3.43000000e-01	7.79733024e+02	-6.75400971e-01	1.91882059e-02
3.44000000e-01	7.79732351e+02	-6.71549637e-01	1.91842881e-02
3.45000000e-01	7.79731681e+02	-6.67731110e-01	1.91803942e-02
3.46000000e-01	7.79731015e+02	-6.63945020e-01	1.91765239e-02
3.47000000e-01	7.79730353e+02	-6.60191000e-01	1.91726771e-02
3.48000000e-01	7.79729695e+02	-6.56468691e-01	1.91688535e-02
3.49000000e-01	7.79729040e+02	-6.52777736e-01	1.91650529e-02
3.50000000e-01	7.79728389e+02	-6.49117785e-01	1.91612752e-02
3.51000000e-01	7.79727742e+02	-6.45488492e-01	1.91575200e-02
3.52000000e-01	7.79727098e+02	-6.41889515e-01	1.91537873e-02
3.53000000e-01	7.79726458e+02	-6.38320520e-01	1.91500767e-02
3.54000000e-01	7.79725822e+02	-6.34781173e-01	1.91463882e-02
3.55000000e-01	7.79725189e+02	-6.31271147e-01	1.91427215e-02
3.56000000e-01	7.79724559e+02	-6.27790121e-01	1.91390764e-02
3.57000000e-01	7.79723933e+02	-6.24337777e-01	1.91354527e-02
3.58000000e-01	7.79723310e+02	-6.20913799e-01	1.91318503e-02
3.59000000e-01	7.79722691e+02	-6.17517879e-01	1.91282689e-02
3.60000000e-01	7.79722075e+02	-6.14149711e-01	1.91247084e-02
3.61000000e-01	7.79721463e+02	-6.10808994e-01	1.91211686e-02
3.62000000e-01	7.79720854e+02	-6.07495431e-01	1.91176493e-02
3.63000000e-01	7.79720248e+02	-6.04208729e-01	1.91141503e-02
3.64000000e-01	7.79719645e+02	-6.00948599e-01	1.91106715e-02
3.65000000e-01	7.79719046e+02	-5.97714755e-01	1.91072127e-02
3.66000000e-01	7.79718450e+02	-5.94506915e-01	1.91037737e-02
3.67000000e-01	7.79717857e+02	-5.91324803e-01	1.91003543e-02
3.68000000e-01	7.79717267e+02	-5.88168144e-01	1.90969545e-02
3.69000000e-01	7.79716681e+02	-5.85036667e-01	1.90935739e-02
3.70000000e-01	7.79716097e+02	-5.81930105e-01	1.90902125e-02
3.71000000e-01	7.79715517e+02	-5.78848196e-01	1.90868700e-02
3.72000000e-01	7.79714939e+02	-5.75790680e-01	1.90835464e-02
3.73000000e-01	7.79714365e+02	-5.72757299e-01	1.90802414e-02
3.74000000e-01	7.79713794e+02	-5.69747802e-01	1.90769550e-02
3.75000000e-01	7.79713226e+02	-5.66761938e-01	1.90736869e-02
3.76000000e-01	7.79712660e+02	-5.63799460e-01	1.90704370e-02
3.77000000e-01	7.79712098e+02	-5.60860125e-01	1.90672052e-02
3.78000000e-01	7.79711539e+02	-5.57943694e-01	1.90639912e-02
3.79000000e-01	7.79710982e+02	-5.55049929e-01	1.90607950e-02
3.80000000e-01	7.79710429e+02	-5.52178595e-01	1.90576165e-02
3.81000000e-01	7.79709878e+02	-5.49329463e-01	1.90544553e-02
3.82000000e-01	7.79709330e+02	-5.46502304e-01	1.90513115e-02
3.83000000e-01	7.79708785e+02	-5.43696892e-01	1.90481849e-02
3.84000000e-01	7.79708242e+02	-5.40913006e-01	1.90450753e-02
3.85000000e-01	7.79707703e+02	-5.38150426e-01	1.90419826e-02
3.86000000e-01	7.79707166e+02	-5.35408936e-01	1.90389067e-02
3.87000000e-01	7.79706632e+02	-5.32688321e-01	1.90358473e-02
3.88000000e-01	7.79706101e+02	-5.29988371e-01	1.90328045e-02
3.89000000e-01	7.79705572e+02	-5.27308876e-01	1.90297780e-02
3.90000000e-01	7.79705046e+02	-5.24649632e-01	1.90267678e-02
3.91000000e-01	7.79704523e+02	-5.22010434e-01	1.90237736e-02
3.92000000e-01	7.79704002e+02	-5.19391082e-01	1.90207954e-02
3.93000000e-01	7.79703484e+02	-5.16791377e-01	1.90178331e-02
3.94000000e-01	7.79702969e+02	-5.14211124e-01	1.90148865e-02
3.95000000e-01	7.79702456e+02	-5.11650130e-01	1.90119554e-02
3.96000000e-01	7.79701945e+02	-5.09108203e-01	1.90090398e-02
3.97000000e-01	7.79701437e+02	-5.06585154e-01	1.90061396e-02
3.98000000e-01	7.79700932e+02	-5.04080798e-01	1.90032546e-02
3.99000000e-01	7.79700429e+02	-5.01594951e-01	1.90003847e-02
4.00000000e-01	7.79699929e+02	-4.99127430e-01	1.89975298e-02
4.01000000e-01	7.79699431e+02	-4.96678056e-01	1.89946897e-02
4.02000000e-01	7.79698936e+02	-4.94246652e-01	1.89918644e-02
4.03000000e-01	7.79698443e+02	-4.91833042e-01	1.89890537e-02
4.04000000e-01	7.79697952e+02	-4.89437054e-01	1.89862576e-02
4.05000000e-01	7.79697464e+02	-4.87058517e-01	1.89834759e-02
4.06000000e-01	7.79696978e+02	-4.84697261e-01	1.89807084e-02
4.07000000e-01	7.79696494e+02	-4.82353120e-01	1.89779552e-02
4.08000000e-01	7.79696013e+02	-4.80025928e-01	1.89752160e-02
4.09000000e-01	7.79695534e+02	-4.77715524e-01	1.89724909e-02
4.10000000e-01	7.79695058e+02	-4.75421746e-01	1.89697796e-02
4.11000000e-01	7.79694583e+02	-4.73144436e-01	1.89670820e-02
4.12000000e-01	7.79694111e+02	-4.70883435e-01	1.89643981e-02
4.13000000e-01	7.79693642e+02	-4.68638589e-01	1.89617278e-02
4.14000000e-01	7.79693174e+02	-4.66409744e-01	1.89590709e-02
4.15000000e-01	7.79692709e+02	-4.64196749e-01	1.89564274e-02
4.16000000e-01	7.79692246e+02	-4.61999454e-01	1.89537971e-02
4.17000000e-01	7.79691785e+02	-4.59817712e-01	1.89511800e-02
4.18000000e-01	7.79691326e+02	-4.57651374e-01	1.89485759e-02
4.19000000e-01	7.79690869e+02	-4.55500298e-01	1.89459848e-02
4.20000000e-01	7.79690415e+02	-4.53364341e-01	1.89434065e-02
4.21000000e-01	7.79689963e+02	-4.51243360e-01	1.89408410e-02
4.22000000e-01	7.79689513e+02	-4.49137216e-01	1.89382882e-02
4.23000000e-01	7.79689064e+02	-4.47045772e-01	1.89357480e-02
4.24000000e-01	7.79688618e+02	-4.44968891e-01	1.89332202e-02
4.25000000e-01	7.79688175e+02	-4.42906439e-01	1.89307048e-02
4.26000000e-01	7.79687733e+02	-4.40858281e-01	1.89282018e-02
4.27000000e-01	7.79687293e+02	-4.38824287e-01	1.89257109e-02
4.28000000e-01	7.79686855e+02	-4.36804326e-01	1.89232322e-02
4.29000000e-01	7.79686419e+02	-4.34798270e-01	1.89207655e-02
4.30000000e-01	7.79685985e+02	-4.32805991e-01	1.89183107e-02
4.31000000e-01	7.79685554e+02	-4.30827363e-01	1.89158678e-02
4.32000000e-01	7.79685124e+02	-4.28862263e-01	1.89134367e-02
4.33000000e-01	7.79684696e+02	-4.26910567e-01	1.89110173e-02
4.34000000e-01	7.79684270e+02	-4.24972153e-01	1.89086094e-02
4.35000000e-01	7.79683846e+02	-4.23046902e-01	1.89062131e-02
4.36000000e-01	7.79683424e+02	-4.21134695e-01	1.89038283e-02
4.37000000e-01	7.79683004e+02	-4.19235414e-01	1.89014548e-02
4.38000000e-01	7.79682585e+02	-4.17348944e-01	1.88990925e-02
4.39000000e-01	7.79682169e+02	-4.15475168e-01	1.88967415e-02
4.40000000e-01	7.79681754e+02	-4.13613974e-01	1.88944016e-02
4.41000000e-01	7.79681342e+02	-4.11765250e-01	1.88920727e-02
4.42000000e-01	7.79680931e+02	-4.09928884e-01	1.88897548e-02
4.43000000e-01	7.79680522e+02	-4.08104766e-01	1.88874478e-02
4.44000000e-01	7.79680115e+02	-4.06292789e-01	1.88851516e-02
4.45000000e-01	7.79679709e+02	-4.04492844e-01	1.88828661e-02
4.46000000e-01	7.79679306e+02	-4.02704825e-01	1.88805913e-02
4.47000000e-01	7.79678904e+02	-4.00928627e-01	1.88783270e-02
4.48000000e-01	7.79678504e+02	-3.99164147e-01	1.88760733e-02
4.49000000e-01	7.79678106e+02	-3.97411281e-01	1.88738300e-02
4.50000000e-01	7.79677709e+02	-3.95669928e-01	1.88715970e-02
4.51000000e-01	7.79677314e+02	-3.93939988e-01	1.88693744e-02
4.52000000e-01	7.79676921e+02	-3.92221360e-01	1.88671620e-02
4.53000000e-01	7.79676530e+02	-3.90513947e-01	1.88649597e-02
4.54000000e-01	7.79676140e+02	-3.88817652e-01	1.88627675e-02
4.55000000e-01	7.79675752e+02	-3.87132377e-01	1.88605853e-02
4.56000000e-01	7.79675366e+02	-3.85458028e-01	1.88584131e-02
4.57000000e-01	7.79674981e+02	-3.83794511e-01	1.88562507e-02
4.58000000e-01	7.79674598e+02	-3.82141733e-01	1.88540982e-02
4.59000000e-01	7.79674217e+02	-3.80499601e-01	1.88519554e-02
4.60000000e-01	7.79673837e+02	-3.78868024e-01	1.88498222e-02
4.61000000e-01	7.79673459e+02	-3.77246912e-01	1.88476987e-02
4.62000000e-01	7.79673083e+02	-3.75636176e-01	1.88455847e-02
4.63000000e-01	7.79672708e+02	-3.74035727e-01	1.88434802e-02
4.64000000e-01	7.79672335e+02	-3.72445479e-01	1.88413852e-02
4.65000000e-01	7.79671963e+02	-3.70865344e-01	1.88392994e-02
4.66000000e-01	7.79671593e+02	-3.69295237e-01	1.88372230e-02
4.67000000e-01	7.79671224e+02	-3.67735074e-01	1.88351558e-02
4.68000000e-01	7.79670858e+02	-3.66184770e-01	1.88330978e-02
4.69000000e-01	7.79670492e+02	-3.64644243e-01	1.88310489e-02
4.70000000e-01	7.79670128e+02	-3.63113412e-01	1.88290090e-02
4.71000000e-01	7.79669766e+02	-3.61592194e-01	1.88269782e-02
4.72000000e-01	7.79669405e+02	-3.60080509e-01	1.88249562e-02
4.73000000e-01	7.79669046e+02	-3.58578279e-01	1.88229431e-02
4.74000000e-01	7.79668688e+02	-3.57085424e-01	1.88209389e-02
4.75000000e-01	7.79668332e+02	-3.55601867e-01	1.88189434e-02
4.76000000e-01	7.79667977e+02	-3.54127531e-01	1.88169566e-02
4.77000000e-01	7.79667623e+02	-3.52662339e-01	1.88149784e-02
4.78000000e-01	7.79667271e+02	-3.51206216e-01	1.88130088e-02
4.79000000e-01	7.79666921e+02	-3.49759087e-01	1.88110477e-02
4.80000000e-01	7.79666572e+02	-3.48320879e-01	1.88090952e-02
4.81000000e-01	7.79666224e+02	-3.46891519e-01	1.88071510e-02
4.82000000e-01	7.79665878e+02	-3.45470933e-01	1.88052152e-02
4.83000000e-01	7.79665533e+02	-3.44059051e-01	1.88032877e-02
4.84000000e-01	7.79665190e+02	-3.42655801e-01	1.88013685e-02
4.85000000e-01	7.79664848e+02	-3.41261114e-01	1.87994575e-02
4.86000000e-01	7.79664507e+02	-3.39874919e-01	1.87975546e-02
4.87000000e-01	7.79664168e+02	-3.38497148e-01	1.87956598e-02
4.88000000e-01	7.79663830e+02	-3.37127734e-01	1.87937731e-02
4.89000000e-01	7.79663494e+02	-3.35766608e-01	1.87918944e-02
4.90000000e-01	7.79663159e+02	-3.34413703e-01	1.87900236e-02
4.91000000e-01	7.79662825e+02	-3.33068955e-01	1.87881607e-02
4.92000000e-01	7.79662493e+02	-3.31732297e-01	1.87863057e-02
4.93000000e-01	7.79662162e+02	-3.30403665e-01	1.87844585e-02
4.94000000e-01	7.79661832e+02	-3.29082994e-01	1.87826190e-02
4.95000000e-01	7.79661504e+02	-3.27770222e-01	1.87807872e-02
4.96000000e-01	7.79661176e+02	-3.26465284e-01	1.87789630e-02
4.97000000e-01	7.79660851e+02	-3.25168120e-01	1.87771465e-02
4.98000000e-01	7.79660526e+02	-3.23878668e-01	1.87753375e-02
4.99000000e-01	7.79660203e+02	-3.22596866e-01	1.87735361e-02
5.00000000e-01	7.79659881e+02	-3.21322655e-01	1.87717421e-02
5.01000000e-01	7.79659560e+02	-3.20055974e-01	1.87699555e-02
5.02000000e-01	7.79659241e+02	-3.18796764e-01	1.87681762e-02
5.03000000e-01	7.79658923e+02	-3.17544966e-01	1.87664043e-02
5.04000000e-01	7.79658606e+02	-3.16300524e-01	1.87646397e-02
5.05000000e-01	7.79658290e+02	-3.15063378e-01	1.87628824e-02
5.06000000e-01	7.79657976e+02	-3.13833473e-01	1.87611322e-02
5.07000000e-01	7.79657662e+02	-3.12610752e-01	1.87593891e-02
5.08000000e-01	7.79657350e+02	-3.11395159e-01	1.87576532e-02
5.09000000e-01	7.79657040e+02	-3.10186638e-01	1.87559243e-02
5.10000000e-01	7.79656730e+02	-3.08985136e-01	1.87542024e-02
5.11000000e-01	7.79656422e+02	-3.07790598e-01	1.87524875e-02
5.12000000e-01	7.79656114e+02	-3.06602970e-01	1.87507796e-02
5.13000000e-01	7.79655808e+02	-3.05422198e-01	1.87490785e-02
5.14000000e-01	7.79655504e+02	-3.04248232e-01	1.87473843e-02
5.15000000e-01	7.79655200e+02	-3.03081017e-01	1.87456969e-02
5.16000000e-01	7.79654897e+02	-3.01920503e-01	1.87440162e-02
5.17000000e-01	7.79654596e+02	-3.00766638e-01	1.87423423e-02
5.18000000e-01	7.79654296e+02	-2.99619372e-01	1.87406751e-02
5.19000000e-01	7.79653997e+02	-2.98478655e-01	1.87390145e-02
5.20000000e-01	7.79653699e+02	-2.97344436e-01	1.87373605e-02
5.21000000e-01	7.79653402e+02	-2.96216667e-01	1.87357131e-02
5.22000000e-01	7.79653107e+02	-2.95095299e-01	1.87340722e-02
5.23000000e-01	7.79652812e+02	-2.93980284e-01	1.87324378e-02
5.24000000e-01	7.79652519e+02	-2.92871572e-01	1.87308099e-02
5.25000000e-01	7.79652226e+02	-2.91769118e-01	1.87291883e-02
5.26000000e-01	7.79651935e+02	-2.90672875e-01	1.87275731e-02
5.27000000e-01	7.79651645e+02	-2.89582795e-01	1.87259643e-02
5.28000000e-01	7.79651356e+02	-2.88498832e-01	1.87243618e-02
5.29000000e-01	7.79651068e+02	-2.87420942e-01	1.87227655e-02
5.30000000e-01	7.79650781e+02	-2.86349078e-01	1.87211755e-02
5.31000000e-01	7.79650495e+02	-2.85283196e-01	1.87195916e-02
5.32000000e-01	7.79650210e+02	-2.84223251e-01	1.87180139e-02
5.33000000e-01	7.79649927e+02	-2.83169200e-01	1.87164424e-02
5.34000000e-01	7.79649644e+02	-2.82120999e-01	1.87148769e-02
5.35000000e-01	7.79649363e+02	-2.81078604e-01	1.87133174e-02
5.36000000e-01	7.79649082e+02	-2.80041973e-01	1.87117640e-02
5.37000000e-01	7.79648802e+02	-2.79011064e-01	1.87102165e-02
5.38000000e-01	7.79648524e+02	-2.77985834e-01	1.87086750e-02
5.39000000e-01	7.79648247e+02	-2.76966241e-01	1.87071394e-02
5.40000000e-01	7.79647970e+02	-2.75952246e-01	1.87056097e-02
5.41000000e-01	7.79647695e+02	-2.74943807e-01	1.87040858e-02
5.42000000e-01	7.79647420e+02	-2.73940882e-01	1.87025677e-02
5.43000000e-01	7.79647147e+02	-2.72943433e-01	1.87010554e-02
5.44000000e-01	7.79646874e+02	-2.71951419e-01	1.86995489e-02
5.45000000e-01	7.79646603e+02	-2.70964802e-01	1.86980480e-02
5.46000000e-01	7.79646332e+02	-2.69983541e-01	1.86965528e-02
5.47000000e-01	7.79646063e+02	-2.69007598e-01	1.86950633e-02
5.48000000e-01	7.79645794e+02	-2.68036935e-01	1.86935794e-02
5.49000000e-01	7.79645527e+02	-2.67071515e-01	1.86921010e-02
5.50000000e-01	7.79645260e+02	-2.66111298e-01	1.86906283e-02
5.51000000e-01	7.79644995e+02	-2.65156248e-01	1.86891610e-02
5.52000000e-01	7.79644730e+02	-2.64206328e-01	1.86876992e-02
5.53000000e-01	7.79644466e+02	-2.63261502e-01	1.86862429e-02
5.54000000e-01	7.79644203e+02	-2.62321732e-01	1.86847920e-02
5.55000000e-01	7.79643942e+02	-2.61386984e-01	1.86833465e-02
5.56000000e-01	7.79643681e+02	-2.60457220e-01	1.86819064e-02
5.57000000e-01	7.79643421e+02	-2.59532407e-01	1.86804716e-02
5.58000000e-01	7.79643162e+02	-2.58612508e-01	1.86790421e-02
5.59000000e-01	7.79642903e+02	-2.57697489e-01	1.86776179e-02
5.60000000e-01	7.79642646e+02	-2.56787316e-01	1.86761989e-02
5.61000000e-01	7.79642390e+02	-2.55881955e-01	1.86747852e-02
5.62000000e-01	7.79642134e+02	-2.54981371e-01	1.86733766e-02
5.63000000e-01	7.79641880e+02	-2.54085531e-01	1.86719732e-02
5.64000000e-01	7.79641626e+02	-2.53194402e-01	1.86705750e-02
5.65000000e-01	7.79641373e+02	-2.52307951e-01	1.86691818e-02
5.66000000e-01	7.79641122e+02	-2.51426145e-01	1.86677937e-02
5.67000000e-01	7.79640871e+02	-2.50548952e-01	1.86664107e-02
5.68000000e-01	7.79640621e+02	-2.49676340e-01	1.86650327e-02
5.69000000e-01	7.79640371e+02	-2.48808276e-01	1.86636597e-02
5.70000000e-01	7.79640123e+02	-2.47944731e-01	1.86622917e-02
5.71000000e-01	7.79639875e+02	-2.47085671e-01	1.86609286e-02
5.72000000e-01	7.79639629e+02	-2.46231066e-01	1.86595704e-02
5.73000000e-01	7.79639383e+02	-2.45380885e-01	1.86582171e-02
5.74000000e-01	7.79639138e+02	-2.44535099e-01	1.86568687e-02
5.75000000e-01	7.79638894e+02	-2.43693676e-01	1.86555251e-02
5.76000000e-01	7.79638651e+02	-2.42856587e-01	1.86541863e-02
5.77000000e-01	7.79638408e+02	-2.42023801e-01	1.86528523e-02
5.78000000e-01	7.79638167e+02	-2.41195291e-01	1.86515231e-02
5.79000000e-01	7.79637926e+02	-2.40371025e-01	1.86501986e-02
5.80000000e-01	7.79637686e+02	-2.39550976e-01	1.86488788e-02
5.81000000e-01	7.79637447e+02	-2.38735115e-01	1.86475636e-02
5.82000000e-01	7.79637208e+02	-2.37923413e-01	1.86462532e-02
5.83000000e-01	7.79636971e+02	-2.37115843e-01	1.86449474e-02
5.84000000e-01	7.79636734e+02	-2.36312375e-01	1.86436461e-02
5.85000000e-01	7.79636498e+02	-2.35512982e-01	1.86423495e-02
5.86000000e-01	7.79636263e+02	-2.34717638e-01	1.86410574e-02
5.87000000e-01	7.79636029e+02	-2.33926314e-01	1.86397699e-02
5.88000000e-01	7.79635795e+02	-2.33138983e-01	1.86384869e-02
5.89000000e-01	7.79635563e+02	-2.32355620e-01	1.86372083e-02
5.90000000e-01	7.79635331e+02	-2.31576196e-01	1.86359343e-02
5.91000000e-01	7.79635099e+02	-2.30800686e-01	1.86346646e-02
5.92000000e-01	7.79634869e+02	-2.30029064e-01	1.86333994e-02
5.93000000e-01	7.79634639e+02	-2.29261304e-01	1.86321386e-02
5.94000000e-01	7.79634410e+02	-2.28497379e-01	1.86308822e-02
5.95000000e-01	7.79634182e+02	-2.27737265e-01	1.86296301e-02
5.96000000e-01	7.79633955e+02	-2.26980936e-01	1.86283823e-02
5.97000000e-01	7.79633728e+02	-2.26228367e-01	1.86271389e-02
5.98000000e-01	7.79633503e+02	-2.25479533e-01	1.86258997e-02
5.99000000e-01	7.79633277e+02	-2.24734410e-01	1.86246648e-02
6.00000000e-01	7.79633053e+02	-2.23992973e-01	1.86234341e-02
6.01000000e-01	7.79632829e+02	-2.23255198e-01	1.86222076e-02
6.02000000e-01	7.79632607e+02	-2.22521061e-01	1.86209854e-02
6.03000000e-01	7.79632384e+02	-2.21790537e-01	1.86197673e-02
6.04000000e-01	7.79632163e+02	-2.21063604e-01	1.86185533e-02
6.05000000e-01	7.79631942e+02	-2.20340237e-01	1.86173435e-02
6.06000000e-01	7.79631722e+02	-2.19620414e-01	1.86161378e-02
6.07000000e-01	7.79631503e+02	-2.18904111e-01	1.86149362e-02
6.08000000e-01	7.79631285e+02	-2.18191306e-01	1.86137387e-02
6.09000000e-01	7.79631067e+02	-2.17481975e-01	1.86125452e-02
6.10000000e-01	7.79630850e+02	-2.16776097e-01	1.86113558e-02
6.11000000e-01	7.79630633e+02	-2.16073648e-01	1.86101703e-02
6.12000000e-01	7.79630417e+02	-2.15374607e-01	1.86089888e-02
6.13000000e-01	7.79630202e+02	-2.14678952e-01	1.86078113e-02
6.14000000e-01	7.79629988e+02	-2.13986660e-01	1.86066378e-02
6.15000000e-01	7.79629774e+02	-2.13297711e-01	1.86054682e-02
6.16000000e-01	7.79629561e+02	-2.12612082e-01	1.86043024e-02
6.17000000e-01	7.79629349e+02	-2.11929753e-01	1.86031406e-02
6.18000000e-01	7.79629138e+02	-2.11250702e-01	1.86019826e-02
6.19000000e-01	7.79628927e+02	-2.10574908e-01	1.86008285e-02
6.20000000e-01	7.79628716e+02	-2.09902351e-01	1.85996783e-02
6.21000000e-01	7.79628507e+02	-2.09233010e-01	1.85985318e-02
6.22000000e-01	7.79628298e+02	-2.08566864e-01	1.85973891e-02
6.23000000e-01	7.79628090e+02	-2.07903894e-01	1.85962502e-02
6.24000000e-01	7.79627882e+02	-2.07244078e-01	1.85951150e-02
6.25000000e-01	7.79627675e+02	-2.06587398e-01	1.85939836e-02
6.26000000e-01	7.79627469e+02	-2.05933832e-01	1.85928559e-02
6.27000000e-01	7.79627263e+02	-2.05283363e-01	1.85917319e-02
6.28000000e-01	7.79627058e+02	-2.04635969e-01	1.85906116e-02
6.29000000e-01	7.79626854e+02	-2.03991632e-01	1.85894950e-02
6.30000000e-01	7.79626650e+02	-2.03350332e-01	1.85883820e-02
6.31000000e-01	7.79626447e+02	-2.02712051e-01	1.85872726e-02
6.32000000e-01	7.79626245e+02	-2.02076769e-01	1.85861668e-02
6.33000000e-01	7.79626043e+02	-2.01444468e-01	1.85850647e-02
6.34000000e-01	7.79625842e+02	-2.00815129e-01	1.85839661e-02
6.35000000e-01	7.79625642e+02	-2.00188734e-01	1.85828710e-02
6.36000000e-01	7.79625442e+02	-1.99565264e-01	1.85817795e-02
6.37000000e-01	7.79625243e+02	-1.98944701e-01	1.85806915e-02
6.38000000e-01	7.79625044e+02	-1.98327028e-01	1.85796071e-02
6.39000000e-01	7.79624846e+02	-1.97712225e-01	1.85785261e-02
6.40000000e-01	7.79624649e+02	-1.97100276e-01	1.85774486e-02
6.41000000e-01	7.79624452e+02	-1.96491163e-01	1.85763745e-02
6.42000000e-01	7.79624256e+02	-1.95884868e-01	1.85753039e-02
6.43000000e-01	7.79624060e+02	-1.95281375e-01	1.85742367e-02
6.44000000e-01	7.79623865e+02	-1.94680665e-01	1.85731729e-02
6.45000000e-01	7.79623671e+02	-1.94082721e-01	1.85721125e-02
6.46000000e-01	7.79623477e+02	-1.93487528e-01	1.85710555e-02
6.47000000e-01	7.79623284e+02	-1.92895067e-01	1.85700018e-02
6.48000000e-01	7.79623091e+02	-1.92305322e-01	1.85689515e-02
6.49000000e-01	7.79622899e+02	-1.91718277e-01	1.85679045e-02
6.50000000e-01	7.79622708e+02	-1.91133916e-01	1.85668608e-02
6.51000000e-01	7.79622517e+02	-1.90552221e-01	1.85658204e-02
6.52000000e-01	7.79622326e+02	-1.89973177e-01	1.85647833e-02
6.53000000e-01	7.79622137e+02	-1.89396767e-01	1.85637494e-02
6.54000000e-01	7.79621948e+02	-1.88822976e-01	1.85627188e-02
6.55000000e-01	7.79621759e+02	-1.88251788e-01	1.85616915e-02
6.56000000e-01	7.79621571e+02	-1.87683186e-01	1.85606673e-02
6.57000000e-01	7.79621384e+02	-1.87117157e-01	1.85596463e-02
6.58000000e-01	7.79621197e+02	-1.86553683e-01	1.85586286e-02
6.59000000e-01	7.79621011e+02	-1.85992750e-01	1.85576140e-02
6.60000000e-01	7.79620825e+02	-1.85434342e-01	1.85566026e-02
6.61000000e-01	7.79620640e+02	-1.84878445e-01	1.85555943e-02
6.62000000e-01	7.79620455e+02	-1.84325043e-01	1.85545891e-02
6.63000000e-01	7.79620271e+02	-1.83774121e-01	1.85535871e-02
6.64000000e-01	7.79620088e+02	-1.83225664e-01	1.85525881e-02
6.65000000e-01	7.79619905e+02	-1.82679659e-01	1.85515922e-02
6.66000000e-01	7.79619722e+02	-1.82136090e-01	1.85505995e-02
6.67000000e-01	7.79619540e+02	-1.81594943e-01	1.85496097e-02
6.68000000e-01	7.79619359e+02	-1.81056203e-01	1.85486230e-02
6.69000000e-01	7.79619178e+02	-1.80519856e-01	1.85476394e-02
6.70000000e-01	7.79618998e+02	-1.79985888e-01	1.85466587e-02
6.71000000e-01	7.79618818e+02	-1.79454286e-01	1.85456811e-02
6.72000000e-01	7.79618639e+02	-1.78925034e-01	1.85447064e-02
6.73000000e-01	7.79618461e+02	-1.78398120e-01	1.85437347e-02
6.74000000e-01	7.79618282e+02	-1.77873529e-01	1.85427660e-02
6.75000000e-01	7.79618105e+02	-1.77351248e-01	1.85418002e-02
6.76000000e-01	7.79617928e+02	-1.76831263e-01	1.85408373e-02
6.77000000e-01	7.79617751e+02	-1.76313561e-01	1.85398774e-02
6.78000000e-01	7.79617575e+02	-1.75798129e-01	1.85389204e-02
6.79000000e-01	7.79617400e+02	-1.75284953e-01	1.85379663e-02
6.80000000e-01	7.79617225e+02	-1.74774020e-01	1.85370150e-02
6.81000000e-01	7.79617050e+02	-1.74265317e-01	1.85360666e-02
6.82000000e-01	7.79616876e+02	-1.73758832e-01	1.85351211e-02
6.83000000e-01	7.79616703e+02	-1.73254550e-01	1.85341784e-02
6.84000000e-01	7.79616530e+02	-1.72752460e-01	1.85332385e-02
6.85000000e-01	7.79616357e+02	-1.72252549e-01	1.85323015e-02
6.86000000e-01	7.79616185e+02	-1.71754805e-01	1.85313673e-02
6.87000000e-01	7.79616014e+02	-1.71259213e-01	1.85304358e-02
6.88000000e-01	7.79615843e+02	-1.70765764e-01	1.85295071e-02
6.89000000e-01	7.79615672e+02	-1.70274443e-01	1.85285812e-02
6.90000000e-01	7.79615502e+02	-1.69785239e-01	1.85276581e-02
6.91000000e-01	7.79615332e+02	-1.69298140e-01	1.85267377e-02
6.92000000e-01	7.79615163e+02	-1.68813133e-01	1.85258200e-02
6.93000000e-01	7.79614995e+02	-1.68330208e-01	1.85249050e-02
6.94000000e-01	7.79614827e+02	-1.67849350e-01	1.85239928e-02
6.95000000e-01	7.79614659e+02	-1.67370550e-01	1.85230832e-02
6.96000000e-01	7.79614492e+02	-1.66893795e-01	1.85221763e-02
6.97000000e-01	7.79614325e+02	-1.66419074e-01	1.85212721e-02
6.98000000e-01	7.79614159e+02	-1.65946375e-01	1.85203705e-02
6.99000000e-01	7.79613993e+02	-1.65475686e-01	1.85194716e-02
7.00000000e-01	7.79613828e+02	-1.65006997e-01	1.85185753e-02
7.01000000e-01	7.79613663e+02	-1.64540295e-01	1.85176817e-02
7.02000000e-01	7.79613499e+02	-1.64075571e-01	1.85167906e-02
7.03000000e-01	7.79613335e+02	-1.63612811e-01	1.85159022e-02
7.04000000e-01	7.79613172e+02	-1.63152007e-01	1.85150163e-02
7.05000000e-01	7.79613009e+02	-1.62693146e-01	1.85141330e-02
7.06000000e-01	7.79612847e+02	-1.62236217e-01	1.85132523e-02
7.07000000e-01	7.79612685e+02	-1.61781210e-01	1.85123741e-02
7.08000000e-01	7.79612523e+02	-1.61328114e-01	1.85114985e-02
7.09000000e-01	7.79612362e+02	-1.60876919e-01	1.85106254e-02
7.10000000e-01	7.79612201e+02	-1.60427613e-01	1.85097549e-02
7.11000000e-01	7.79612041e+02	-1.59980187e-01	1.85088868e-02
7.12000000e-01	7.79611881e+02	-1.59534629e-01	1.85080212e-02
7.13000000e-01	7.79611722e+02	-1.59090929e-01	1.85071582e-02
7.14000000e-01	7.79611563e+02	-1.58649078e-01	1.85062976e-02
7.15000000e-01	7.79611405e+02	-1.58209064e-01	1.85054395e-02
7.16000000e-01	7.79611247e+02	-1.57770878e-01	1.85045838e-02
7.17000000e-01	7.79611089e+02	-1.57334509e-01	1.85037306e-02
7.18000000e-01	7.79610932e+02	-1.56899948e-01	1.85028798e-02
7.19000000e-01	7.79610775e+02	-1.56467184e-01	1.85020314e-02
7.20000000e-01	7.79610619e+02	-1.56036208e-01	1.85011855e-02
7.21000000e-01	7.79610463e+02	-1.55607010e-01	1.85003420e-02
7.22000000e-01	7.79610308e+02	-1.55179579e-01	1.84995008e-02
7.23000000e-01	7.79610153e+02	-1.54753907e-01	1.84986620e-02
7.24000000e-01	7.79609998e+02	-1.54329984e-01	1.84978257e-02
7.25000000e-01	7.79609844e+02	-1.53907799e-01	1.84969916e-02
7.26000000e-01	7.79609691e+02	-1.53487345e-01	1.84961600e-02
7.27000000e-01	7.79609537e+02	-1.53068610e-01	1.84953307e-02
7.28000000e-01	7.79609384e+02	-1.52651586e-01	1.84945037e-02
7.29000000e-01	7.79609232e+02	-1.52236264e-01	1.84936790e-02
7.30000000e-01	7.79609080e+02	-1.51822634e-01	1.84928567e-02
7.31000000e-01	7.79608928e+02	-1.51410687e-01	1.84920366e-02
7.32000000e-01	7.79608777e+02	-1.51000415e-01	1.84912189e-02
7.33000000e-01	7.79608626e+02	-1.50591807e-01	1.84904034e-02
7.34000000e-01	7.79608476e+02	-1.50184855e-01	1.84895902e-02
7.35000000e-01	7.79608326e+02	-1.49779549e-01	1.84887793e-02
7.36000000e-01	7.79608176e+02	-1.49375883e-01	1.84879706e-02
7.37000000e-01	7.79608027e+02	-1.48973845e-01	1.84871642e-02
7.38000000e-01	7.79607878e+02	-1.48573428e-01	1.84863600e-02
7.39000000e-01	7.79607730e+02	-1.48174623e-01	1.84855581e-02
7.40000000e-01	7.79607582e+02	-1.47777421e-01	1.84847584e-02
7.41000000e-01	7.79607435e+02	-1.47381813e-01	1.84839608e-02
7.42000000e-01	7.79607287e+02	-1.46987792e-01	1.84831655e-02
7.43000000e-01	7.79607141e+02	-1.46595348e-01	1.84823724e-02
7.44000000e-01	7.79606994e+02	-1.46204474e-01	1.84815815e-02
7.45000000e-01	7.79606848e+02	-1.45815160e-01	1.84807927e-02
7.46000000e-01	7.79606703e+02	-1.45427399e-01	1.84800061e-02
7.47000000e-01	7.79606557e+02	-1.45041183e-01	1.84792217e-02
7.48000000e-01	7.79606412e+02	-1.44656502e-01	1.84784394e-02
7.49000000e-01	7.79606268e+02	-1.44273350e-01	1.84776592e-02
7.50000000e-01	7.79606124e+02	-1.43891717e-01	1.84768812e-02
7.51000000e-01	7.79605980e+02	-1.43511597e-01	1.84761053e-02
7.52000000e-01	7.79605837e+02	-1.43132980e-01	1.84753315e-02
7.53000000e-01	7.79605694e+02	-1.42755860e-01	1.84745598e-02
7.54000000e-01	7.79605551e+02	-1.42380227e-01	1.84737902e-02
7.55000000e-01	7.79605409e+02	-1.42006075e-01	1.84730227e-02
7.56000000e-01	7.79605267e+02	-1.41633396e-01	1.84722573e-02
7.57000000e-01	7.79605126e+02	-1.41262181e-01	1.84714939e-02
7.58000000e-01	7.79604985e+02	-1.40892423e-01	1.84707326e-02
7.59000000e-01	7.79604844e+02	-1.40524115e-01	1.84699734e-02
7.60000000e-01	7.79604704e+02	-1.40157249e-01	1.84692162e-02
7.61000000e-01	7.79604564e+02	-1.39791818e-01	1.84684610e-02
7.62000000e-01	7.79604424e+02	-1.39427814e-01	1.84677079e-02
7.63000000e-01	7.79604285e+02	-1.39065229e-01	1.84669568e-02
7.64000000e-01	7.79604146e+02	-1.38704056e-01	1.84662077e-02
7.65000000e-01	7.79604008e+02	-1.38344288e-01	1.84654606e-02
7.66000000e-01	7.79603869e+02	-1.37985918e-01	1.84647155e-02
7.67000000e-01	7.79603732e+02	-1.37628939e-01	1.84639724e-02
7.68000000e-01	7.79603594e+02	-1.37273342e-01	1.84632312e-02
7.69000000e-01	7.79603457e+02	-1.36919122e-01	1.84624921e-02
7.70000000e-01	7.79603320e+02	-1.36566271e-01	1.84617549e-02
7.71000000e-01	7.79603184e+02	-1.36214781e-01	1.84610196e-02
7.72000000e-01	7.79603048e+02	-1.35864647e-01	1.84602864e-02
7.73000000e-01	7.79602912e+02	-1.35515860e-01	1.84595550e-02
7.74000000e-01	7.79602777e+02	-1.35168415e-01	1.84588256e-02
7.75000000e-01	7.79602642e+02	-1.34822304e-01	1.84580981e-02
7.76000000e-01	7.79602507e+02	-1.34477520e-01	1.84573725e-02
7.77000000e-01	7.79602373e+02	-1.34134057e-01	1.84566489e-02
7.78000000e-01	7.79602239e+02	-1.33791908e-01	1.84559271e-02
7.79000000e-01	7.79602105e+02	-1.33451066e-01	1.84552073e-02
7.80000000e-01	7.79601972e+02	-1.33111524e-01	1.84544893e-02
7.81000000e-01	7.79601839e+02	-1.32773277e-01	1.84537732e-02
7.82000000e-01	7.79601707e+02	-1.32436317e-01	1.84530590e-02
7.83000000e-01	7.79601574e+02	-1.32100638e-01	1.84523466e-02
7.84000000e-01	7.79601442e+02	-1.31766233e-01	1.84516361e-02
7.85000000e-01	7.79601311e+02	-1.31433096e-01	1.84509275e-02
7.86000000e-01	7.79601180e+02	-1.31101220e-01	1.84502207e-02
7.87000000e-01	7.79601049e+02	-1.30770600e-01	1.84495157e-02
7.88000000e-01	7.79600918e+02	-1.30441229e-01	1.84488126e-02
7.89000000e-01	7.79600788e+02	-1.30113100e-01	1.84481113e-02
7.90000000e-01	7.79600658e+02	-1.29786208e-01	1.84474118e-02
7.91000000e-01	7.79600528e+02	-1.29460545e-01	1.84467141e-02
7.92000000e-01	7.79600399e+02	-1.29136107e-01	1.84460183e-02
7.93000000e-01	7.79600270e+02	-1.28812886e-01	1.84453242e-02
7.94000000e-01	7.79600141e+02	-1.28490878e-01	1.84446319e-02
7.95000000e-01	7.79600013e+02	-1.28170075e-01	1.84439414e-02
7.96000000e-01	7.79599885e+02	-1.27850471e-01	1.84432526e-02
7.97000000e-01	7.79599757e+02	-1.27532062e-01	1.84425656e-02
7.98000000e-01	7.79599630e+02	-1.27214840e-01	1.84418804e-02
7.99000000e-01	7.79599503e+02	-1.26898800e-01	1.84411970e-02
8.00000000e-01	7.79599376e+02	-1.26583936e-01	1.84405152e-02
8.01000000e-01	7.79599250e+02	-1.26270242e-01	1.84398353e-02
8.02000000e-01	7.79599124e+02	-1.25957713e-01	1.84391570e-02
8.03000000e-01	7.79598998e+02	-1.25646342e-01	1.84384805e-02
8.04000000e-01	7.79598872e+02	-1.25336125e-01	1.84378057e-02
8.05000000e-01	7.79598747e+02	-1.25027054e-01	1.84371326e-02
8.06000000e-01	7.79598622e+02	-1.24719125e-01	1.84364613e-02
8.07000000e-01	7.79598498e+02	-1.24412332e-01	1.84357916e-02
8.08000000e-01	7.79598373e+02	-1.24106670e-01	1.84351236e-02
8.09000000e-01	7.79598249e+02	-1.23802132e-01	1.84344573e-02
8.10000000e-01	7.79598126e+02	-1.23498714e-01	1.84337927e-02
8.11000000e-01	7.79598002e+02	-1.23196410e-01	1.84331298e-02
8.12000000e-01	7.79597879e+02	-1.22895214e-01	1.84324685e-02
8.13000000e-01	7.79597757e+02	-1.22595121e-01	1.84318089e-02
8.14000000e-01	7.79597634e+02	-1.22296125e-01	1.84311510e-02
8.15000000e-01	7.79597512e+02	-1.21998222e-01	1.84304947e-02
8.16000000e-01	7.79597390e+02	-1.21701406e-01	1.84298400e-02
8.17000000e-01	7.79597269e+02	-1.21405672e-01	1.84291870e-02
8.18000000e-01	7.79597147e+02	-1.21111014e-01	1.84285356e-02
8.19000000e-01	7.79597026e+02	-1.20817428e-01	1.84278859e-02
8.20000000e-01	7.79596906e+02	-1.20524907e-01	1.84272377e-02
8.21000000e-01	7.79596785e+02	-1.20233447e-01	1.84265912e-02
8.22000000e-01	7.79596665e+02	-1.19943043e-01	1.84259463e-02
8.23000000e-01	7.79596546e+02	-1.19653690e-01	1.84253030e-02
8.24000000e-01	7.79596426e+02	-1.19365383e-01	1.84246612e-02
8.25000000e-01	7.79596307e+02	-1.19078116e-01	1.84240211e-02
8.26000000e-01	7.79596188e+02	-1.18791884e-01	1.84233826e-02
8.27000000e-01	7.79596069e+02	-1.18506683e-01	1.84227456e-02
8.28000000e-01	7.79595951e+02	-1.18222508e-01	1.84221102e-02
8.29000000e-01	7.79595833e+02	-1.17939354e-01	1.84214764e-02
8.30000000e-01	7.79595715e+02	-1.17657215e-01	1.84208441e-02
8.31000000e-01	7.79595597e+02	-1.17376088e-01	1.84202134e-02
8.32000000e-01	7.79595480e+02	-1.17095967e-01	1.84195842e-02
8.33000000e-01	7.79595363e+02	-1.16816847e-01	1.84189566e-02
8.34000000e-01	7.79595247e+02	-1.16538724e-01	1.84183305e-02
8.35000000e-01	7.79595130e+02	-1.16261592e-01	1.84177059e-02
8.36000000e-01	7.79595014e+02	-1.15985448e-01	1.84170829e-02
8.37000000e-01	7.79594898e+02	-1.15710287e-01	1.84164614e-02
8.38000000e-01	7.79594783e+02	-1.15436103e-01	1.84158414e-02
8.39000000e-01	7.79594667e+02	-1.15162892e-01	1.84152229e-02
8.40000000e-01	7.79594552e+02	-1.14890651e-01	1.84146059e-02
8.41000000e-01	7.79594438e+02	-1.14619373e-01	1.84139905e-02
8.42000000e-01	7.79594323e+02	-1.14349055e-01	1.84133765e-02
8.43000000e-01	7.79594209e+02	-1.14079691e-01	1.84127640e-02
8.44000000e-01	7.79594095e+02	-1.13811278e-01	1.84121529e-02
8.45000000e-01	7.79593981e+02	-1.13543812e-01	1.84115434e-02
8.46000000e-01	7.79593868e+02	-1.13277287e-01	1.84109353e-02
8.47000000e-01	7.79593755e+02	-1.13011699e-01	1.84103287e-02
8.48000000e-01	7.79593642e+02	-1.12747043e-01	1.84097236e-02
8.49000000e-01	7.79593529e+02	-1.12483317e-01	1.84091199e-02
8.50000000e-01	7.79593417e+02	-1.12220514e-01	1.84085177e-02
8.51000000e-01	7.79593305e+02	-1.11958631e-01	1.84079169e-02
8.52000000e-01	7.79593193e+02	-1.11697664e-01	1.84073175e-02
8.53000000e-01	7.79593081e+02	-1.11437608e-01	1.84067196e-02
8.54000000e-01	7.79592970e+02	-1.11178458e-01	1.84061231e-02
8.55000000e-01	7.79592859e+02	-1.10920212e-01	1.84055280e-02
8.56000000e-01	7.79592748e+02	-1.10662864e-01	1.84049344e-02
8.57000000e-01	7.79592638e+02	-1.10406411e-01	1.84043422e-02
8.58000000e-01	7.79592527e+02	-1.10150848e-01	1.84037513e-02
8.59000000e-01	7.79592417e+02	-1.09896171e-01	1.84031619e-02
8.60000000e-01	7.79592308e+02	-1.09642377e-01	1.84025739e-02
8.61000000e-01	7.79592198e+02	-1.09389460e-01	1.84019873e-02
8.62000000e-01	7.79592089e+02	-1.09137417e-01	1.84014021e-02
8.63000000e-01	7.79591980e+02	-1.08886244e-01	1.84008182e-02
8.64000000e-01	7.79591871e+02	-1.08635937e-01	1.84002357e-02
8.65000000e-01	7.79591763e+02	-1.08386493e-01	1.83996546e-02
8.66000000e-01	7.79591654e+02	-1.08137906e-01	1.83990749e-02
8.67000000e-01	7.79591546e+02	-1.07890173e-01	1.83984966e-02
8.68000000e-01	7.79591439e+02	-1.07643291e-01	1.83979196e-02
8.69000000e-01	7.79591331e+02	-1.07397254e-01	1.83973439e-02
8.70000000e-01	7.79591224e+02	-1.07152061e-01	1.83967696e-02
8.71000000e-01	7.79591117e+02	-1.06907705e-01	1.83961967e-02
8.72000000e-01	7.79591010e+02	-1.06664185e-01	1.83956251e-02
8.73000000e-01	7.79590903e+02	-1.06421496e-01	1.83950548e-02
8.74000000e-01	7.79590797e+02	-1.06179633e-01	1.83944859e-02
8.75000000e-01	7.79590691e+02	-1.05938595e-01	1.83939182e-02
8.76000000e-01	7.79590585e+02	-1.05698376e-01	1.83933520e-02
8.77000000e-01	7.79590480e+02	-1.05458973e-01	1.83927870e-02
8.78000000e-01	7.79590374e+02	-1.05220382e-01	1.83922233e-02
8.79000000e-01	7.79590269e+02	-1.04982600e-01	1.83916610e-02
8.80000000e-01	7.79590164e+02	-1.04745623e-01	1.83910999e-02
8.81000000e-01	7.79590060e+02	-1.04509447e-01	1.83905402e-02
8.82000000e-01	7.79589955e+02	-1.04274069e-01	1.83899817e-02
8.83000000e-01	7.79589851e+02	-1.04039485e-01	1.83894246e-02
8.84000000e-01	7.79589747e+02	-1.03805692e-01	1.83888687e-02
8.85000000e-01	7.79589644e+02	-1.03572686e-01	1.83883141e-02
8.86000000e-01	7.79589540e+02	-1.03340464e-01	1.83877608e-02
8.87000000e-01	7.79589437e+02	-1.03109021e-01	1.83872088e-02
8.88000000e-01	7.79589334e+02	-1.02878355e-01	1.83866580e-02
8.89000000e-01	7.79589231e+02	-1.02648462e-01	1.83861085e-02
8.90000000e-01	7.79589129e+02	-1.02419339e-01	1.83855602e-02
8.91000000e-01	7.79589026e+02	-1.02190982e-01	1.83850132e-02
8.92000000e-01	7.79588924e+02	-1.01963387e-01	1.83844675e-02
8.93000000e-01	7.79588822e+02	-1.01736552e-01	1.83839230e-02
8.94000000e-01	7.79588721e+02	-1.01510473e-01	1.83833797e-02
8.95000000e-01	7.79588619e+02	-1.01285147e-01	1.83828377e-02
8.96000000e-01	7.79588518e+02	-1.01060570e-01	1.83822969e-02
8.97000000e-01	7.79588417e+02	-1.00836739e-01	1.83817574e-02
8.98000000e-01	7.79588317e+02	-1.00613650e-01	1.83812191e-02
8.99000000e-01	7.79588216e+02	-1.00391302e-01	1.83806819e-02
9.00000000e-01	7.79588116e+02	-1.00169689e-01	1.83801461e-02
9.01000000e-01	7.79588016e+02	-9.99488088e-02	1.83796114e-02
9.02000000e-01	7.79587916e+02	-9.97286586e-02	1.83790779e-02
9.03000000e-01	7.79587816e+02	-9.95092348e-02	1.83785457e-02
9.04000000e-01	7.79587717e+02	-9.92905343e-02	1.83780146e-02
9.05000000e-01	7.79587618e+02	-9.90725539e-02	1.83774847e-02
9.06000000e-01	7.79587519e+02	-9.88552905e-02	1.83769561e-02
9.07000000e-01	7.79587420e+02	-9.86387408e-02	1.83764286e-02
9.08000000e-01	7.79587322e+02	-9.84229019e-02	1.83759023e-02
9.09000000e-01	7.79587223e+02	-9.82077704e-02	1.83753772e-02
9.10000000e-01	7.79587125e+02	-9.79933435e-02	1.83748532e-02
9.11000000e-01	7.79587027e+02	-9.77796180e-02	1.83743305e-02
9.12000000e-01	7.79586930e+02	-9.75665909e-02	1.83738089e-02
9.13000000e-01	7.79586832e+02	-9.73542590e-02	1.83732884e-02
9.14000000e-01	7.79586735e+02	-9.71426195e-02	1.83727692e-02
9.15000000e-01	7.79586638e+02	-9.69316692e-02	1.83722511e-02
9.16000000e-01	7.79586541e+02	-9.67214052e-02	1.83717341e-02
9.17000000e-01	7.79586444e+02	-9.65118246e-02	1.83712183e-02
9.18000000e-01	7.79586348e+02	-9.63029243e-02	1.83707036e-02
9.19000000e-01	7.79586252e+02	-9.60947015e-02	1.83701901e-02
9.20000000e-01	7.79586156e+02	-9.58871531e-02	1.83696777e-02
9.21000000e-01	7.79586060e+02	-9.56802764e-02	1.83691665e-02
9.22000000e-01	7.79585964e+02	-9.54740683e-02	1.83686563e-02
9.23000000e-01	7.79585869e+02	-9.52685261e-02	1.83681474e-02
9.24000000e-01	7.79585774e+02	-9.50636468e-02	1.83676395e-02
9.25000000e-01	7.79585679e+02	-9.48594277e-02	1.83671327e-02
9.26000000e-01	7.79585584e+02	-9.46558658e-02	1.83666271e-02
9.27000000e-01	7.79585490e+02	-9.44529583e-02	1.83661226e-02
9.28000000e-01	7.79585395e+02	-9.42507025e-02	1.83656192e-02
9.29000000e-01	7.79585301e+02	-9.40490956e-02	1.83651169e-02
9.30000000e-01	7.79585207e+02	-9.38481348e-02	1.83646156e-02
9.31000000e-01	7.79585113e+02	-9.36478174e-02	1.83641155e-02
9.32000000e-01	7.79585020e+02	-9.34481405e-02	1.83636165e-02
9.33000000e-01	7.79584927e+02	-9.32491015e-02	1.83631186e-02
9.34000000e-01	7.79584833e+02	-9.30506976e-02	1.83626217e-02
9.35000000e-01	7.79584741e+02	-9.28529262e-02	1.83621260e-02
9.36000000e-01	7.79584648e+02	-9.26557846e-02	1.83616313e-02
9.37000000e-01	7.79584555e+02	-9.24592701e-02	1.83611377e-02
9.38000000e-01	7.79584463e+02	-9.22633800e-02	1.83606452e-02
9.39000000e-01	7.79584371e+02	-9.20681118e-02	1.83601537e-02
9.40000000e-01	7.79584279e+02	-9.18734627e-02	1.83596633e-02
9.41000000e-01	7.79584187e+02	-9.16794301e-02	1.83591740e-02
9.42000000e-01	7.79584095e+02	-9.14860115e-02	1.83586857e-02
9.43000000e-01	7.79584004e+02	-9.12932043e-02	1.83581985e-02
9.44000000e-01	7.79583913e+02	-9.11010059e-02	1.83577123e-02
9.45000000e-01	7.79583822e+02	-9.09094138e-02	1.83572272e-02
9.46000000e-01	7.79583731e+02	-9.07184253e-02	1.83567431e-02
9.47000000e-01	7.79583640e+02	-9.05280379e-02	1.83562601e-02
9.48000000e-01	7.79583550e+02	-9.03382493e-02	1.83557781e-02
9.49000000e-01	7.79583460e+02	-9.01490567e-02	1.83552972e-02
9.50000000e-01	7.79583370e+02	-8.99604578e-02	1.83548172e-02
9.51000000e-01	7.79583280e+02	-8.97724500e-02	1.83543383e-02
9.52000000e-01	7.79583190e+02	-8.95850310e-02	1.83538605e-02
9.53000000e-01	7.79583101e+02	-8.93981981e-02	1.83533836e-02
9.54000000e-01	7.79583011e+02	-8.92119491e-02	1.83529078e-02
9.55000000e-01	7.79582922e+02	-8.90262814e-02	1.83524330e-02
9.56000000e-01	7.79582833e+02	-8.88411927e-02	1.83519592e-02
9.57000000e-01	7.79582745e+02	-8.86566805e-02	1.83514864e-02
9.58000000e-01	7.79582656e+02	-8.84727424e-02	1.83510146e-02
9.59000000e-01	7.79582568e+02	-8.82893761e-02	1.83505438e-02
9.60000000e-01	7.79582479e+02	-8.81065793e-02	1.83500740e-02
9.61000000e-01	7.79582391e+02	-8.79243495e-02	1.83496052e-02
9.62000000e-01	7.79582304e+02	-8.77426844e-02	1.83491374e-02
9.63000000e-01	7.79582216e+02	-8.75615816e-02	1.83486706e-02
9.64000000e-01	7.79582128e+02	-8.73810389e-02	1.83482048e-02
9.65000000e-01	7.79582041e+02	-8.72010540e-02	1.83477399e-02
9.66000000e-01	7.79581954e+02	-8.70216245e-02	1.83472761e-02
9.67000000e-01	7.79581867e+02	-8.68427482e-02	1.83468132e-02
9.68000000e-01	7.79581780e+02	-8.66644228e-02	1.83463513e-02
9.69000000e-01	7.79581694e+02	-8.64866461e-02	1.83458903e-02
9.70000000e-01	7.79581607e+02	-8.63094157e-02	1.83454304e-02
9.71000000e-01	7.79581521e+02	-8.61327295e-02	1.83449714e-02
9.72000000e-01	7.79581435e+02	-8.59565853e-02	1.83445133e-02
9.73000000e-01	7.79581349e+02	-8.57809807e-02	1.83440562e-02
9.74000000e-01	7.79581264e+02	-8.56059137e-02	1.83436001e-02
9.75000000e-01	7.79581178e+02	-8.54313820e-02	1.83431449e-02
9.76000000e-01	7.79581093e+02	-8.52573834e-02	1.83426907e-02
9.77000000e-01	7.79581008e+02	-8.50839158e-02	1.83422374e-02
9.78000000e-01	7.79580923e+02	-8.49109771e-02	1.83417851e-02
9.79000000e-01	7.79580838e+02	-8.47385650e-02	1.83413337e-02
9.80000000e-01	7.79580753e+02	-8.45666774e-02	1.83408832e-02
9.81000000e-01	7.79580669e+02	-8.43953123e-02	1.83404337e-02
9.82000000e-01	7.79580584e+02	-8.42244674e-02	1.83399851e-02
9.83000000e-01	7.79580500e+02	-8.40541408e-02	1.83395375e-02
9.84000000e-01	7.79580416e+02	-8.38843302e-02	1.83390907e-02
9.85000000e-01	7.79580332e+02	-8.37150336e-02	1.83386449e-02
9.86000000e-01	7.79580249e+02	-8.35462490e-02	1.83382000e-02
9.87000000e-01	7.79580165e+02	-8.33779743e-02	1.83377560e-02
9.88000000e-01	7.79580082e+02	-8.32102074e-02	1.83373130e-02
9.89000000e-01	7.79579999e+02	-8.30429463e-02	1.83368708e-02
9.90000000e-01	7.79579916e+02	-8.28761890e-02	1.83364296e-02
9.91000000e-01	7.79579833e+02	-8.27099334e-02	1.83359893e-02
9.92000000e-01	7.79579751e+02	-8.25441775e-02	1.83355499e-02
9.93000000e-01	7.79579668e+02	-8.23789194e-02	1.83351113e-02
9.94000000e-01	7.79579586e+02	-8.22141569e-02	1.83346737e-02
9.95000000e-01	7.79579504e+02	-8.20498883e-02	1.83342370e-02
9.96000000e-01	7.79579422e+02	-8.18861114e-02	1.83338011e-02
9.97000000e-01	7.79579340e+02	-8.17228244e-02	1.83333662e-02
9.98000000e-01	7.79579258e+02	-8.15600252e-02	1.83329321e-02
9.99000000e-01	7.79579177e+02	-8.13977119e-02	1.83324990e-02
