1.00000000e-03	8.71529239e+02	-9.99524732e+04	4.97151104e-03
2.00000000e-03	8.21599079e+02	-2.49087591e+04	9.77841153e-03
3.00000000e-03	8.05042819e+02	-1.09828108e+04	1.42844209e-02
4.00000000e-03	7.96852976e+02	-6.09270647e+03	1.83975320e-02
5.00000000e-03	7.92021338e+02	-3.82188814e+03	2.20706475e-02
6.00000000e-03	7.88873389e+02	-2.58626831e+03	2.52924985e-02
7.00000000e-03	7.86687985e+02	-1.84216461e+03	2.80759573e-02
8.00000000e-03	7.85102360e+02	-1.36170612e+03	3.04480023e-02
9.00000000e-03	7.83913694e+02	-1.03546516e+03	3.24426072e-02
1.00000000e-02	7.82999623e+02	-8.05419135e+02	3.40962519e-02
1.10000000e-02	7.82281986e+02	-6.38396006e+02	3.54453094e-02
1.20000000e-02	7.81708607e+02	-5.14279641e+02	3.65246257e-02
1.30000000e-02	7.81243433e+02	-4.20282617e+02	3.73668101e-02
1.40000000e-02	7.80860847e+02	-3.47958943e+02	3.80019262e-02
1.50000000e-02	7.80542229e+02	-2.91551594e+02	3.84574028e-02
1.60000000e-02	7.80273793e+02	-2.47032399e+02	3.87580654e-02
1.70000000e-02	7.80045170e+02	-2.11520444e+02	3.89262289e-02
1.80000000e-02	7.79848455e+02	-1.82916939e+02	3.89818269e-02
1.90000000e-02	7.79677555e+02	-1.59668751e+02	3.89425583e-02
2.00000000e-02	7.79527724e+02	-1.40611065e+02	3.88240455e-02
2.10000000e-02	7.79395233e+02	-1.24860180e+02	3.86399973e-02
2.20000000e-02	7.79277129e+02	-1.11738924e+02	3.84023740e-02
2.30000000e-02	7.79171054e+02	-1.00723811e+02	3.81215498e-02
2.40000000e-02	7.79075116e+02	-9.14069808e+01	3.78064726e-02
2.50000000e-02	7.78987782e+02	-8.34684190e+01	3.74648156e-02
2.60000000e-02	7.78907805e+02	-7.66554106e+01	3.71031220e-02
2.70000000e-02	7.78834163e+02	-7.07671913e+01	3.67269390e-02
2.80000000e-02	7.78766016e+02	-6.56433684e+01	3.63409419e-02
2.90000000e-02	7.78702665e+02	-6.11551142e+01	3.59490467e-02
3.00000000e-02	7.78643529e+02	-5.71984178e+01	3.55545120e-02
3.10000000e-02	7.78588119e+02	-5.36888820e+01	3.51600298e-02
3.20000000e-02	7.78536025e+02	-5.05576859e+01	3.47678062e-02
3.30000000e-02	7.78486896e+02	-4.77484368e+01	3.43796323e-02
3.40000000e-02	7.78440436e+02	-4.52147027e+01	3.39969461e-02
3.50000000e-02	7.78396388e+02	-4.29180692e+01	3.36208866e-02
3.60000000e-02	7.78354532e+02	-4.08266030e+01	3.32523404e-02
3.70000000e-02	7.78314675e+02	-3.89136316e+01	3.28919819e-02
3.80000000e-02	7.78276652e+02	-3.71567711e+01	3.25403080e-02
3.90000000e-02	7.78240316e+02	-3.55371466e+01	3.21976676e-02
4.00000000e-02	7.78205538e+02	-3.40387677e+01	3.18642863e-02
4.10000000e-02	7.78172203e+02	-3.26480234e+01	3.15402887e-02
4.20000000e-02	7.78140210e+02	-3.13532743e+01	3.12257156e-02
4.30000000e-02	7.78109468e+02	-3.01445209e+01	3.09205402e-02
4.40000000e-02	7.78079895e+02	-2.90131330e+01	3.06246806e-02
4.50000000e-02	7.78051418e+02	-2.79516292e+01	3.03380105e-02
4.60000000e-02	7.78023970e+02	-2.69534948e+01	3.00603692e-02
4.70000000e-02	7.77997492e+02	-2.60130324e+01	2.97915685e-02
4.80000000e-02	7.77971927e+02	-2.51252381e+01	2.95313993e-02
4.90000000e-02	7.77947225e+02	-2.42856992e+01	2.92796373e-02
5.00000000e-02	7.77923341e+02	-2.34905085e+01	2.90360472e-02
5.10000000e-02	7.77900231e+02	-2.27361927e+01	2.88003862e-02
5.20000000e-02	7.77877856e+02	-2.20196530e+01	2.85724073e-02
5.30000000e-02	7.77856180e+02	-2.13381142e+01	2.83518619e-02
5.40000000e-02	7.77835169e+02	-2.06890826e+01	2.81385014e-02
5.50000000e-02	7.77814791e+02	-2.00703096e+01	2.79320794e-02
5.60000000e-02	7.77795019e+02	-1.94797614e+01	2.77323523e-02
5.70000000e-02	7.77775823e+02	-1.89155923e+01	2.75390811e-02
5.80000000e-02	7.77757179e+02	-1.83761230e+01	2.73520318e-02
5.90000000e-02	7.77739063e+02	-1.78598209e+01	2.71709761e-02
6.00000000e-02	7.77721452e+02	-1.73652837e+01	2.69956917e-02
6.10000000e-02	7.77704326e+02	-1.68912249e+01	2.68259632e-02
6.20000000e-02	7.77687663e+02	-1.64364616e+01	2.66615814e-02
6.30000000e-02	7.77671447e+02	-1.59999038e+01	2.65023445e-02
6.40000000e-02	7.77655658e+02	-1.55805443e+01	2.63480573e-02
6.50000000e-02	7.77640280e+02	-1.51774514e+01	2.61985317e-02
6.60000000e-02	7.77625298e+02	-1.47897607e+01	2.60535863e-02
6.70000000e-02	7.77610696e+02	-1.44166694e+01	2.59130468e-02
6.80000000e-02	7.77596460e+02	-1.40574303e+01	2.57767453e-02
6.90000000e-02	7.77582577e+02	-1.37113468e+01	2.56445205e-02
7.00000000e-02	7.77569033e+02	-1.33777686e+01	2.55162176e-02
7.10000000e-02	7.77555817e+02	-1.30560877e+01	2.53916880e-02
7.20000000e-02	7.77542917e+02	-1.27457346e+01	2.52707889e-02
7.30000000e-02	7.77530322e+02	-1.24461757e+01	2.51533835e-02
7.40000000e-02	7.77518021e+02	-1.21569097e+01	2.50393407e-02
7.50000000e-02	7.77506005e+02	-1.18774657e+01	2.49285346e-02
7.60000000e-02	7.77494263e+02	-1.16074004e+01	2.48208447e-02
7.70000000e-02	7.77482787e+02	-1.13462965e+01	2.47161553e-02
7.80000000e-02	7.77471568e+02	-1.10937603e+01	2.46143560e-02
7.90000000e-02	7.77460597e+02	-1.08494202e+01	2.45153404e-02
8.00000000e-02	7.77449866e+02	-1.06129252e+01	2.44190071e-02
8.10000000e-02	7.77439369e+02	-1.03839435e+01	2.43252586e-02
8.20000000e-02	7.77429096e+02	-1.01621610e+01	2.42340017e-02
8.30000000e-02	7.77419042e+02	-9.94728012e+00	2.41451470e-02
8.40000000e-02	7.77409199e+02	-9.73901893e+00	2.40586089e-02
8.50000000e-02	7.77399562e+02	-9.53710996e+00	2.39743052e-02
8.60000000e-02	7.77390123e+02	-9.34129929e+00	2.38921574e-02
8.70000000e-02	7.77380877e+02	-9.15134577e+00	2.38120902e-02
8.80000000e-02	7.77371818e+02	-8.96702015e+00	2.37340311e-02
8.90000000e-02	7.77362941e+02	-8.78810440e+00	2.36579111e-02
9.00000000e-02	7.77354241e+02	-8.61439104e+00	2.35836638e-02
9.10000000e-02	7.77345711e+02	-8.44568247e+00	2.35112253e-02
9.20000000e-02	7.77337348e+02	-8.28179045e+00	2.34405348e-02
9.30000000e-02	7.77329146e+02	-8.12253553e+00	2.33715336e-02
9.40000000e-02	7.77321101e+02	-7.96774655e+00	2.33041655e-02
9.50000000e-02	7.77313209e+02	-7.81726018e+00	2.32383767e-02
9.60000000e-02	7.77305465e+02	-7.67092048e+00	2.31741153e-02
9.70000000e-02	7.77297866e+02	-7.52857851e+00	2.31113316e-02
9.80000000e-02	7.77290407e+02	-7.39009193e+00	2.30499781e-02
9.90000000e-02	7.77283084e+02	-7.25532466e+00	2.29900087e-02
1.00000000e-01	7.77275895e+02	-7.12414654e+00	2.29313797e-02
1.01000000e-01	7.77268835e+02	-6.99643304e+00	2.28740486e-02
1.02000000e-01	7.77261901e+02	-6.87206493e+00	2.28179748e-02
1.03000000e-01	7.77255090e+02	-6.75092807e+00	2.27631193e-02
1.04000000e-01	7.77248398e+02	-6.63291306e+00	2.27094445e-02
1.05000000e-01	7.77241823e+02	-6.51791510e+00	2.26569143e-02
1.06000000e-01	7.77235361e+02	-6.40583370e+00	2.26054941e-02
1.07000000e-01	7.77229010e+02	-6.29657247e+00	2.25551503e-02
1.08000000e-01	7.77222767e+02	-6.19003896e+00	2.25058507e-02
1.09000000e-01	7.77216629e+02	-6.08614442e+00	2.24575646e-02
1.10000000e-01	7.77210594e+02	-5.98480366e+00	2.24102620e-02
1.11000000e-01	7.77204659e+02	-5.88593485e+00	2.23639142e-02
1.12000000e-01	7.77198821e+02	-5.78945940e+00	2.23184937e-02
1.13000000e-01	7.77193079e+02	-5.69530176e+00	2.22739737e-02
1.14000000e-01	7.77187430e+02	-5.60338933e+00	2.22303285e-02
1.15000000e-01	7.77181872e+02	-5.51365229e+00	2.21875336e-02
1.16000000e-01	7.77176402e+02	-5.42602347e+00	2.21455649e-02
1.17000000e-01	7.77171019e+02	-5.34043827e+00	2.21043996e-02
1.18000000e-01	7.77165720e+02	-5.25683449e+00	2.20640153e-02
1.19000000e-01	7.77160505e+02	-5.17515228e+00	2.20243907e-02
1.20000000e-01	7.77155370e+02	-5.09533397e+00	2.19855051e-02
1.21000000e-01	7.77150313e+02	-5.01732405e+00	2.19473385e-02
1.22000000e-01	7.77145334e+02	-4.94106902e+00	2.19098718e-02
1.23000000e-01	7.77140431e+02	-4.86651732e+00	2.18730862e-02
1.24000000e-01	7.77135601e+02	-4.79361925e+00	2.18369639e-02
1.25000000e-01	7.77130843e+02	-4.72232689e+00	2.18014874e-02
1.26000000e-01	7.77126156e+02	-4.65259402e+00	2.17666400e-02
1.27000000e-01	7.77121537e+02	-4.58437604e+00	2.17324055e-02
1.28000000e-01	7.77116986e+02	-4.51762995e+00	2.16987681e-02
1.29000000e-01	7.77112501e+02	-4.45231422e+00	2.16657128e-02
1.30000000e-01	7.77108081e+02	-4.38838875e+00	2.16332248e-02
1.31000000e-01	7.77103724e+02	-4.32581484e+00	2.16012899e-02
1.32000000e-01	7.77099429e+02	-4.26455511e+00	2.15698944e-02
1.33000000e-01	7.77095195e+02	-4.20457343e+00	2.15390250e-02
1.34000000e-01	7.77091020e+02	-4.14583490e+00	2.15086688e-02
1.35000000e-01	7.77086903e+02	-4.08830581e+00	2.14788133e-02
1.36000000e-01	7.77082843e+02	-4.03195354e+00	2.14494466e-02
1.37000000e-01	7.77078838e+02	-3.97674656e+00	2.14205568e-02
1.38000000e-01	7.77074889e+02	-3.92265439e+00	2.13921327e-02
1.39000000e-01	7.77070993e+02	-3.86964754e+00	2.13641631e-02
1.40000000e-01	7.77067149e+02	-3.81769746e+00	2.13366376e-02
1.41000000e-01	7.77063357e+02	-3.76677656e+00	2.13095458e-02
1.42000000e-01	7.77059615e+02	-3.71685809e+00	2.12828776e-02
1.43000000e-01	7.77055923e+02	-3.66791619e+00	2.12566233e-02
1.44000000e-01	7.77052279e+02	-3.61992581e+00	2.12307736e-02
1.45000000e-01	7.77048683e+02	-3.57286268e+00	2.12053192e-02
1.46000000e-01	7.77045133e+02	-3.52670330e+00	2.11802512e-02
1.47000000e-01	7.77041629e+02	-3.48142490e+00	2.11555612e-02
1.48000000e-01	7.77038170e+02	-3.43700542e+00	2.11312406e-02
1.49000000e-01	7.77034755e+02	-3.39342347e+00	2.11072814e-02
1.50000000e-01	7.77031383e+02	-3.35065832e+00	2.10836756e-02
1.51000000e-01	7.77028053e+02	-3.30868987e+00	2.10604156e-02
1.52000000e-01	7.77024765e+02	-3.26749864e+00	2.10374940e-02
1.53000000e-01	7.77021518e+02	-3.22706572e+00	2.10149034e-02
1.54000000e-01	7.77018311e+02	-3.18737277e+00	2.09926369e-02
1.55000000e-01	7.77015143e+02	-3.14840201e+00	2.09706876e-02
1.56000000e-01	7.77012014e+02	-3.11013616e+00	2.09490489e-02
1.57000000e-01	7.77008922e+02	-3.07255846e+00	2.09277142e-02
1.58000000e-01	7.77005868e+02	-3.03565267e+00	2.09066774e-02
1.59000000e-01	7.77002851e+02	-2.99940297e+00	2.08859321e-02
1.60000000e-01	7.76999869e+02	-2.96379404e+00	2.08654726e-02
1.61000000e-01	7.76996923e+02	-2.92881098e+00	2.08452929e-02
1.62000000e-01	7.76994012e+02	-2.89443932e+00	2.08253875e-02
1.63000000e-01	7.76991134e+02	-2.86066501e+00	2.08057508e-02
1.64000000e-01	7.76988290e+02	-2.82747440e+00	2.07863774e-02
1.65000000e-01	7.76985479e+02	-2.79485421e+00	2.07672623e-02
1.66000000e-01	7.76982700e+02	-2.76279153e+00	2.07484002e-02
1.67000000e-01	7.76979953e+02	-2.73127384e+00	2.07297862e-02
1.68000000e-01	7.76977237e+02	-2.70028893e+00	2.07114156e-02
1.69000000e-01	7.76974552e+02	-2.66982496e+00	2.06932836e-02
1.70000000e-01	7.76971898e+02	-2.63987039e+00	2.06753856e-02
1.71000000e-01	7.76969273e+02	-2.61041400e+00	2.06577172e-02
1.72000000e-01	7.76966677e+02	-2.58144488e+00	2.06402739e-02
1.73000000e-01	7.76964109e+02	-2.55295243e+00	2.06230517e-02
1.74000000e-01	7.76961571e+02	-2.52492630e+00	2.06060463e-02
1.75000000e-01	7.76959059e+02	-2.49735645e+00	2.05892536e-02
1.76000000e-01	7.76956576e+02	-2.47023308e+00	2.05726698e-02
1.77000000e-01	7.76954119e+02	-2.44354667e+00	2.05562911e-02
1.78000000e-01	7.76951689e+02	-2.41728795e+00	2.05401135e-02
1.79000000e-01	7.76949284e+02	-2.39144787e+00	2.05241336e-02
1.80000000e-01	7.76946905e+02	-2.36601764e+00	2.05083477e-02
1.81000000e-01	7.76944552e+02	-2.34098869e+00	2.04927523e-02
1.82000000e-01	7.76942223e+02	-2.31635268e+00	2.04773441e-02
1.83000000e-01	7.76939919e+02	-2.29210147e+00	2.04621197e-02
1.84000000e-01	7.76937639e+02	-2.26822713e+00	2.04470758e-02
1.85000000e-01	7.76935383e+02	-2.24472195e+00	2.04322093e-02
1.86000000e-01	7.76933149e+02	-2.22157838e+00	2.04175170e-02
1.87000000e-01	7.76930939e+02	-2.19878910e+00	2.04029961e-02
1.88000000e-01	7.76928752e+02	-2.17634695e+00	2.03886434e-02
1.89000000e-01	7.76926587e+02	-2.15424495e+00	2.03744562e-02
1.90000000e-01	7.76924443e+02	-2.13247631e+00	2.03604315e-02
1.91000000e-01	7.76922321e+02	-2.11103438e+00	2.03465666e-02
1.92000000e-01	7.76920221e+02	-2.08991269e+00	2.03328589e-02
1.93000000e-01	7.76918142e+02	-2.06910494e+00	2.03193056e-02
1.94000000e-01	7.76916083e+02	-2.04860497e+00	2.03059042e-02
1.95000000e-01	7.76914044e+02	-2.02840676e+00	2.02926522e-02
1.96000000e-01	7.76912026e+02	-2.00850445e+00	2.02795471e-02
1.97000000e-01	7.76910027e+02	-1.98889232e+00	2.02665865e-02
1.98000000e-01	7.76908048e+02	-1.96956478e+00	2.02537680e-02
1.99000000e-01	7.76906088e+02	-1.95051638e+00	2.02410893e-02
2.00000000e-01	7.76904147e+02	-1.93174180e+00	2.02285482e-02
2.01000000e-01	7.76902224e+02	-1.91323583e+00	2.02161424e-02
2.02000000e-01	7.76900320e+02	-1.89499341e+00	2.02038697e-02
2.03000000e-01	7.76898434e+02	-1.87700956e+00	2.01917281e-02
2.04000000e-01	7.76896566e+02	-1.85927946e+00	2.01797155e-02
2.05000000e-01	7.76894716e+02	-1.84179838e+00	2.01678298e-02
2.06000000e-01	7.76892883e+02	-1.82456168e+00	2.01560690e-02
2.07000000e-01	7.76891066e+02	-1.80756486e+00	2.01444312e-02
2.08000000e-01	7.76889267e+02	-1.79080351e+00	2.01329145e-02
2.09000000e-01	7.76887485e+02	-1.77427331e+00	2.01215170e-02
2.10000000e-01	7.76885719e+02	-1.75797006e+00	2.01102368e-02
2.11000000e-01	7.76883969e+02	-1.74188963e+00	2.00990723e-02
2.12000000e-01	7.76882235e+02	-1.72602801e+00	2.00880216e-02
2.13000000e-01	7.76880517e+02	-1.71038124e+00	2.00770829e-02
2.14000000e-01	7.76878814e+02	-1.69494549e+00	2.00662547e-02
2.15000000e-01	7.76877127e+02	-1.67971700e+00	2.00555352e-02
2.16000000e-01	7.76875455e+02	-1.66469209e+00	2.00449228e-02
2.17000000e-01	7.76873797e+02	-1.64986715e+00	2.00344160e-02
2.18000000e-01	7.76872155e+02	-1.63523867e+00	2.00240132e-02
2.19000000e-01	7.76870527e+02	-1.62080321e+00	2.00137128e-02
2.20000000e-01	7.76868913e+02	-1.60655739e+00	2.00035133e-02
2.21000000e-01	7.76867314e+02	-1.59249793e+00	1.99934133e-02
2.22000000e-01	7.76865728e+02	-1.57862159e+00	1.99834114e-02
2.23000000e-01	7.76864156e+02	-1.56492523e+00	1.99735060e-02
2.24000000e-01	7.76862598e+02	-1.55140576e+00	1.99636959e-02
2.25000000e-01	7.76861053e+02	-1.53806015e+00	1.99539797e-02
2.26000000e-01	7.76859522e+02	-1.52488545e+00	1.99443560e-02
2.27000000e-01	7.76858004e+02	-1.51187875e+00	1.99348235e-02
2.28000000e-01	7.76856498e+02	-1.49903724e+00	1.99253809e-02
2.29000000e-01	7.76855005e+02	-1.48635813e+00	1.99160271e-02
2.30000000e-01	7.76853525e+02	-1.47383870e+00	1.99067606e-02
2.31000000e-01	7.76852058e+02	-1.46147629e+00	1.98975804e-02
2.32000000e-01	7.76850602e+02	-1.44926830e+00	1.98884852e-02
2.33000000e-01	7.76849159e+02	-1.43721217e+00	1.98794738e-02
2.34000000e-01	7.76847728e+02	-1.42530541e+00	1.98705452e-02
2.35000000e-01	7.76846308e+02	-1.41354556e+00	1.98616981e-02
2.36000000e-01	7.76844901e+02	-1.40193023e+00	1.98529315e-02
2.37000000e-01	7.76843505e+02	-1.39045706e+00	1.98442443e-02
2.38000000e-01	7.76842120e+02	-1.37912375e+00	1.98356354e-02
2.39000000e-01	7.76840746e+02	-1.36792805e+00	1.98271037e-02
2.40000000e-01	7.76839384e+02	-1.35686774e+00	1.98186483e-02
2.41000000e-01	7.76838033e+02	-1.34594066e+00	1.98102680e-02
2.42000000e-01	7.76836692e+02	-1.33514467e+00	1.98019620e-02
2.43000000e-01	7.76835362e+02	-1.32447771e+00	1.97937292e-02
2.44000000e-01	7.76834043e+02	-1.31393772e+00	1.97855687e-02
2.45000000e-01	7.76832734e+02	-1.30352271e+00	1.97774795e-02
2.46000000e-01	7.76831436e+02	-1.29323071e+00	1.97694608e-02
2.47000000e-01	7.76830148e+02	-1.28305980e+00	1.97615115e-02
2.48000000e-01	7.76828870e+02	-1.27300809e+00	1.97536308e-02
2.49000000e-01	7.76827602e+02	-1.26307373e+00	1.97458178e-02
2.50000000e-01	7.76826344e+02	-1.25325491e+00	1.97380716e-02
2.51000000e-01	7.76825095e+02	-1.24354985e+00	1.97303915e-02
2.52000000e-01	7.76823856e+02	-1.23395680e+00	1.97227765e-02
2.53000000e-01	7.76822627e+02	-1.22447405e+00	1.97152258e-02
2.54000000e-01	7.76821407e+02	-1.21509992e+00	1.97077387e-02
2.55000000e-01	7.76820197e+02	-1.20583276e+00	1.97003142e-02
2.56000000e-01	7.76818996e+02	-1.19667096e+00	1.96929518e-02
2.57000000e-01	7.76817804e+02	-1.18761293e+00	1.96856505e-02
2.58000000e-01	7.76816621e+02	-1.17865710e+00	1.96784096e-02
2.59000000e-01	7.76815446e+02	-1.16980196e+00	1.96712284e-02
2.60000000e-01	7.76814281e+02	-1.16104600e+00	1.96641061e-02
2.61000000e-01	7.76813124e+02	-1.15238776e+00	1.96570421e-02
2.62000000e-01	7.76811976e+02	-1.14382578e+00	1.96500355e-02
2.63000000e-01	7.76810837e+02	-1.13535864e+00	1.96430858e-02
2.64000000e-01	7.76809705e+02	-1.12698497e+00	1.96361922e-02
2.65000000e-01	7.76808583e+02	-1.11870338e+00	1.96293540e-02
2.66000000e-01	7.76807468e+02	-1.11051254e+00	1.96225706e-02
2.67000000e-01	7.76806361e+02	-1.10241113e+00	1.96158414e-02
2.68000000e-01	7.76805263e+02	-1.09439785e+00	1.96091656e-02
2.69000000e-01	7.76804173e+02	-1.08647144e+00	1.96025427e-02
2.70000000e-01	7.76803090e+02	-1.07863064e+00	1.95959721e-02
2.71000000e-01	7.76802015e+02	-1.07087424e+00	1.95894530e-02
2.72000000e-01	7.76800948e+02	-1.06320102e+00	1.95829850e-02
2.73000000e-01	7.76799889e+02	-1.05560980e+00	1.95765673e-02
2.74000000e-01	7.76798837e+02	-1.04809943e+00	1.95701995e-02
2.75000000e-01	7.76797793e+02	-1.04066876e+00	1.95638810e-02
2.76000000e-01	7.76796756e+02	-1.03331667e+00	1.95576111e-02
2.77000000e-01	7.76795726e+02	-1.02604205e+00	1.95513894e-02
2.78000000e-01	7.76794704e+02	-1.01884383e+00	1.95452153e-02
2.79000000e-01	7.76793688e+02	-1.01172095e+00	1.95390881e-02
2.80000000e-01	7.76792680e+02	-1.00467235e+00	1.95330075e-02
2.81000000e-01	7.76791679e+02	-9.97697008e-01	1.95269729e-02
2.82000000e-01	7.76790685e+02	-9.90793919e-01	1.95209837e-02
2.83000000e-01	7.76789697e+02	-9.83962087e-01	1.95150394e-02
2.84000000e-01	7.76788717e+02	-9.77200537e-01	1.95091396e-02
2.85000000e-01	7.76787743e+02	-9.70508311e-01	1.95032837e-02
2.86000000e-01	7.76786776e+02	-9.63884466e-01	1.94974713e-02
2.87000000e-01	7.76785815e+02	-9.57328076e-01	1.94917019e-02
2.88000000e-01	7.76784861e+02	-9.50838229e-01	1.94859750e-02
2.89000000e-01	7.76783913e+02	-9.44414031e-01	1.94802901e-02
2.90000000e-01	7.76782972e+02	-9.38054599e-01	1.94746468e-02
2.91000000e-01	7.76782037e+02	-9.31759069e-01	1.94690446e-02
2.92000000e-01	7.76781109e+02	-9.25526589e-01	1.94634831e-02
2.93000000e-01	7.76780186e+02	-9.19356321e-01	1.94579618e-02
2.94000000e-01	7.76779270e+02	-9.13247442e-01	1.94524803e-02
2.95000000e-01	7.76778360e+02	-9.07199141e-01	1.94470382e-02
2.96000000e-01	7.76777456e+02	-9.01210621e-01	1.94416350e-02
2.97000000e-01	7.76776557e+02	-8.95281100e-01	1.94362704e-02
2.98000000e-01	7.76775665e+02	-8.89409806e-01	1.94309439e-02
2.99000000e-01	7.76774779e+02	-8.83595980e-01	1.94256551e-02
3.00000000e-01	7.76773898e+02	-8.77838876e-01	1.94204037e-02
3.01000000e-01	7.76773023e+02	-8.72137760e-01	1.94151892e-02
3.02000000e-01	7.76772154e+02	-8.66491910e-01	1.94100112e-02
3.03000000e-01	7.76771290e+02	-8.60900616e-01	1.94048694e-02
3.04000000e-01	7.76770432e+02	-8.55363176e-01	1.93997633e-02
3.05000000e-01	7.76769579e+02	-8.49878905e-01	1.93946927e-02
3.06000000e-01	7.76768732e+02	-8.44447123e-01	1.93896571e-02
3.07000000e-01	7.76767890e+02	-8.39067166e-01	1.93846562e-02
3.08000000e-01	7.76767054e+02	-8.33738376e-01	1.93796896e-02
3.09000000e-01	7.76766223e+02	-8.28460107e-01	1.93747570e-02
3.10000000e-01	7.76765397e+02	-8.23231725e-01	1.93698580e-02
3.11000000e-01	7.76764576e+02	-8.18052604e-01	1.93649924e-02
3.12000000e-01	7.76763761e+02	-8.12922128e-01	1.93601596e-02
3.13000000e-01	7.76762950e+02	-8.07839691e-01	1.93553595e-02
3.14000000e-01	7.76762145e+02	-8.02804695e-01	1.93505917e-02
3.15000000e-01	7.76761345e+02	-7.97816553e-01	1.93458558e-02
3.16000000e-01	7.76760549e+02	-7.92874687e-01	1.93411516e-02
3.17000000e-01	7.76759759e+02	-7.87978527e-01	1.93364787e-02
3.18000000e-01	7.76758973e+02	-7.83127511e-01	1.93318368e-02
3.19000000e-01	7.76758193e+02	-7.78321088e-01	1.93272256e-02
3.20000000e-01	7.76757417e+02	-7.73558713e-01	1.93226448e-02
3.21000000e-01	7.76756646e+02	-7.68839851e-01	1.93180942e-02
3.22000000e-01	7.76755879e+02	-7.64163973e-01	1.93135733e-02
3.23000000e-01	7.76755117e+02	-7.59530561e-01	1.93090820e-02
3.24000000e-01	7.76754360e+02	-7.54939103e-01	1.93046199e-02
3.25000000e-01	7.76753607e+02	-7.50389094e-01	1.93001868e-02
3.26000000e-01	7.76752859e+02	-7.45880037e-01	1.92957823e-02
3.27000000e-01	7.76752116e+02	-7.41411443e-01	1.92914062e-02
3.28000000e-01	7.76751376e+02	-7.36982831e-01	1.92870582e-02
3.29000000e-01	7.76750642e+02	-7.32593725e-01	1.92827381e-02
3.30000000e-01	7.76749911e+02	-7.28243658e-01	1.92784455e-02
3.31000000e-01	7.76749185e+02	-7.23932169e-01	1.92741803e-02
3.32000000e-01	7.76748463e+02	-7.19658804e-01	1.92699421e-02
3.33000000e-01	7.76747746e+02	-7.15423114e-01	1.92657308e-02
3.34000000e-01	7.76747032e+02	-7.11224660e-01	1.92615460e-02
3.35000000e-01	7.76746323e+02	-7.07063006e-01	1.92573875e-02
3.36000000e-01	7.76745618e+02	-7.02937725e-01	1.92532550e-02
3.37000000e-01	7.76744917e+02	-6.98848394e-01	1.92491483e-02
3.38000000e-01	7.76744221e+02	-6.94794597e-01	1.92450673e-02
3.39000000e-01	7.76743528e+02	-6.90775925e-01	1.92410115e-02
3.40000000e-01	7.76742839e+02	-6.86791974e-01	1.92369809e-02
3.41000000e-01	7.76742154e+02	-6.82842344e-01	1.92329751e-02
3.42000000e-01	7.76741473e+02	-6.78926645e-01	1.92289939e-02
3.43000000e-01	7.76740796e+02	-6.75044487e-01	1.92250372e-02
3.44000000e-01	7.76740123e+02	-6.71195491e-01	1.92211046e-02
3.45000000e-01	7.76739454e+02	-6.67379280e-01	1.92171960e-02
3.46000000e-01	7.76738789e+02	-6.63595483e-01	1.92133111e-02
3.47000000e-01	7.76738127e+02	-6.59843735e-01	1.92094498e-02
3.48000000e-01	7.76737469e+02	-6.56123674e-01	1.92056118e-02
3.49000000e-01	7.76736815e+02	-6.52434947e-01	1.92017969e-02
3.50000000e-01	7.76736164e+02	-6.48777202e-01	1.91980049e-02
3.51000000e-01	7.76735517e+02	-6.45150093e-01	1.91942356e-02
3.52000000e-01	7.76734874e+02	-6.41553281e-01	1.91904888e-02
3.53000000e-01	7.76734234e+02	-6.37986428e-01	1.91867643e-02
3.54000000e-01	7.76733598e+02	-6.34449205e-01	1.91830619e-02
3.55000000e-01	7.76732965e+02	-6.30941282e-01	1.91793814e-02
3.56000000e-01	7.76732336e+02	-6.27462340e-01	1.91757226e-02
3.57000000e-01	7.76731710e+02	-6.24012059e-01	1.91720853e-02
3.58000000e-01	7.76731088e+02	-6.20590125e-01	1.91684693e-02
3.59000000e-01	7.76730469e+02	-6.17196230e-01	1.91648744e-02
3.60000000e-01	7.76729853e+02	-6.13830069e-01	1.91613005e-02
3.61000000e-01	7.76729241e+02	-6.10491340e-01	1.91577474e-02
3.62000000e-01	7.76728632e+02	-6.07179747e-01	1.91542149e-02
3.63000000e-01	7.76728027e+02	-6.03894996e-01	1.91507028e-02
3.64000000e-01	7.76727425e+02	-6.00636799e-01	1.91472109e-02
3.65000000e-01	7.76726826e+02	-5.97404871e-01	1.91437391e-02
3.66000000e-01	7.76726230e+02	-5.94198929e-01	1.91402871e-02
3.67000000e-01	7.76725637e+02	-5.91018698e-01	1.91368549e-02
3.68000000e-01	7.76725048e+02	-5.87863902e-01	1.91334422e-02
3.69000000e-01	7.76724461e+02	-5.84734272e-01	1.91300490e-02
3.70000000e-01	7.76723878e+02	-5.81629541e-01	1.91266749e-02
3.71000000e-01	7.76723298e+02	-5.78549446e-01	1.91233199e-02
3.72000000e-01	7.76722721e+02	-5.75493727e-01	1.91199838e-02
3.73000000e-01	7.76722147e+02	-5.72462127e-01	1.91166664e-02
3.74000000e-01	7.76721576e+02	-5.69454395e-01	1.91133676e-02
3.75000000e-01	7.76721008e+02	-5.66470281e-01	1.91100873e-02
3.76000000e-01	7.76720443e+02	-5.63509537e-01	1.91068252e-02
3.77000000e-01	7.76719881e+02	-5.60571922e-01	1.91035812e-02
3.78000000e-01	7.76719322e+02	-5.57657194e-01	1.91003552e-02
3.79000000e-01	7.76718766e+02	-5.54765117e-01	1.90971470e-02
3.80000000e-01	7.76718213e+02	-5.51895458e-01	1.90939565e-02
3.81000000e-01	7.76717662e+02	-5.49047985e-01	1.90907835e-02
3.82000000e-01	7.76717115e+02	-5.46222470e-01	1.90876279e-02
3.83000000e-01	7.76716570e+02	-5.43418689e-01	1.90844896e-02
3.84000000e-01	7.76716028e+02	-5.40636419e-01	1.90813683e-02
3.85000000e-01	7.76715488e+02	-5.37875442e-01	1.90782640e-02
3.86000000e-01	7.76714952e+02	-5.35135540e-01	1.90751765e-02
3.87000000e-01	7.76714418e+02	-5.32416500e-01	1.90721057e-02
3.88000000e-01	7.76713887e+02	-5.29718111e-01	1.90690515e-02
3.89000000e-01	7.76713359e+02	-5.27040165e-01	1.90660137e-02
3.90000000e-01	7.76712833e+02	-5.24382455e-01	1.90629921e-02
3.91000000e-01	7.76712310e+02	-5.21744779e-01	1.90599868e-02
3.92000000e-01	7.76711790e+02	-5.19126936e-01	1.90569974e-02
3.93000000e-01	7.76711272e+02	-5.16528727e-01	1.90540240e-02
3.94000000e-01	7.76710756e+02	-5.13949958e-01	1.90510663e-02
3.95000000e-01	7.76710244e+02	-5.11390434e-01	1.90481243e-02
3.96000000e-01	7.76709734e+02	-5.08849966e-01	1.90451978e-02
3.97000000e-01	7.76709226e+02	-5.06328364e-01	1.90422867e-02
3.98000000e-01	7.76708721e+02	-5.03825442e-01	1.90393909e-02
3.99000000e-01	7.76708218e+02	-5.01341017e-01	1.90365102e-02
4.00000000e-01	7.76707718e+02	-4.98874907e-01	1.90336446e-02
4.01000000e-01	7.76707221e+02	-4.96426932e-01	1.90307939e-02
4.02000000e-01	7.76706726e+02	-4.93996915e-01	1.90279580e-02
4.03000000e-01	7.76706233e+02	-4.91584682e-01	1.90251368e-02
4.04000000e-01	7.76705742e+02	-4.89190059e-01	1.90223302e-02
4.05000000e-01	7.76705254e+02	-4.86812875e-01	1.90195381e-02
4.06000000e-01	7.76704769e+02	-4.84452961e-01	1.90167603e-02
4.07000000e-01	7.76704285e+02	-4.82110152e-01	1.90139967e-02
4.08000000e-01	7.76703804e+02	-4.79784282e-01	1.90112473e-02
4.09000000e-01	7.76703326e+02	-4.77475188e-01	1.90085120e-02
4.10000000e-01	7.76702850e+02	-4.75182709e-01	1.90057905e-02
4.11000000e-01	7.76702376e+02	-4.72906687e-01	1.90030829e-02
4.12000000e-01	7.76701904e+02	-4.70646965e-01	1.90003889e-02
4.13000000e-01	7.76701434e+02	-4.68403388e-01	1.89977086e-02
4.14000000e-01	7.76700967e+02	-4.66175802e-01	1.89950418e-02
4.15000000e-01	7.76700502e+02	-4.63964055e-01	1.89923884e-02
4.16000000e-01	7.76700039e+02	-4.61767999e-01	1.89897483e-02
4.17000000e-01	7.76699578e+02	-4.59587484e-01	1.89871214e-02
4.18000000e-01	7.76699120e+02	-4.57422366e-01	1.89845076e-02
4.19000000e-01	7.76698663e+02	-4.55272499e-01	1.89819068e-02
4.20000000e-01	7.76698209e+02	-4.53137741e-01	1.89793189e-02
4.21000000e-01	7.76697757e+02	-4.51017950e-01	1.89767438e-02
4.22000000e-01	7.76697307e+02	-4.48912988e-01	1.89741814e-02
4.23000000e-01	7.76696859e+02	-4.46822716e-01	1.89716317e-02
4.24000000e-01	7.76696414e+02	-4.44746998e-01	1.89690945e-02
4.25000000e-01	7.76695970e+02	-4.42685699e-01	1.89665697e-02
4.26000000e-01	7.76695528e+02	-4.40638686e-01	1.89640573e-02
4.27000000e-01	7.76695089e+02	-4.38605827e-01	1.89615571e-02
4.28000000e-01	7.76694651e+02	-4.36586994e-01	1.89590691e-02
4.29000000e-01	7.76694215e+02	-4.34582056e-01	1.89565932e-02
4.30000000e-01	7.76693782e+02	-4.32590886e-01	1.89541293e-02
4.31000000e-01	7.76693350e+02	-4.30613360e-01	1.89516773e-02
4.32000000e-01	7.76692921e+02	-4.28649353e-01	1.89492371e-02
4.33000000e-01	7.76692493e+02	-4.26698741e-01	1.89468086e-02
4.34000000e-01	7.76692067e+02	-4.24761404e-01	1.89443918e-02
4.35000000e-01	7.76691643e+02	-4.22837222e-01	1.89419866e-02
4.36000000e-01	7.76691222e+02	-4.20926075e-01	1.89395928e-02
4.37000000e-01	7.76690802e+02	-4.19027846e-01	1.89372104e-02
4.38000000e-01	7.76690384e+02	-4.17142420e-01	1.89348394e-02
4.39000000e-01	7.76689967e+02	-4.15269680e-01	1.89324796e-02
4.40000000e-01	7.76689553e+02	-4.13409515e-01	1.89301310e-02
4.41000000e-01	7.76689140e+02	-4.11561812e-01	1.89277934e-02
4.42000000e-01	7.76688730e+02	-4.09726459e-01	1.89254668e-02
4.43000000e-01	7.76688321e+02	-4.07903348e-01	1.89231512e-02
4.44000000e-01	7.76687914e+02	-4.06092368e-01	1.89208464e-02
4.45000000e-01	7.76687509e+02	-4.04293414e-01	1.89185524e-02
4.46000000e-01	7.76687105e+02	-4.02506379e-01	1.89162691e-02
4.47000000e-01	7.76686704e+02	-4.00731158e-01	1.89139964e-02
4.48000000e-01	7.76686304e+02	-3.98967647e-01	1.89117343e-02
4.49000000e-01	7.76685906e+02	-3.97215744e-01	1.89094826e-02
4.50000000e-01	7.76685510e+02	-3.95475346e-01	1.89072413e-02
4.51000000e-01	7.76685115e+02	-3.93746354e-01	1.89050104e-02
4.52000000e-01	7.76684722e+02	-3.92028668e-01	1.89027897e-02
4.53000000e-01	7.76684331e+02	-3.90322189e-01	1.89005793e-02
4.54000000e-01	7.76683941e+02	-3.88626822e-01	1.88983789e-02
4.55000000e-01	7.76683554e+02	-3.86942468e-01	1.88961886e-02
4.56000000e-01	7.76683168e+02	-3.85269034e-01	1.88940082e-02
4.57000000e-01	7.76682783e+02	-3.83606425e-01	1.88918378e-02
4.58000000e-01	7.76682400e+02	-3.81954548e-01	1.88896773e-02
4.59000000e-01	7.76682019e+02	-3.80313311e-01	1.88875265e-02
4.60000000e-01	7.76681640e+02	-3.78682623e-01	1.88853854e-02
4.61000000e-01	7.76681262e+02	-3.77062393e-01	1.88832540e-02
4.62000000e-01	7.76680886e+02	-3.75452533e-01	1.88811321e-02
4.63000000e-01	7.76680511e+02	-3.73852954e-01	1.88790198e-02
4.64000000e-01	7.76680138e+02	-3.72263569e-01	1.88769169e-02
4.65000000e-01	7.76679766e+02	-3.70684291e-01	1.88748234e-02
4.66000000e-01	7.76679397e+02	-3.69115036e-01	1.88727393e-02
4.67000000e-01	7.76679028e+02	-3.67555718e-01	1.88706644e-02
4.68000000e-01	7.76678661e+02	-3.66006254e-01	1.88685987e-02
4.69000000e-01	7.76678296e+02	-3.64466562e-01	1.88665422e-02
4.70000000e-01	7.76677932e+02	-3.62936558e-01	1.88644947e-02
4.71000000e-01	7.76677570e+02	-3.61416162e-01	1.88624563e-02
4.72000000e-01	7.76677210e+02	-3.59905294e-01	1.88604268e-02
4.73000000e-01	7.76676851e+02	-3.58403875e-01	1.88584062e-02
4.74000000e-01	7.76676493e+02	-3.56911826e-01	1.88563945e-02
4.75000000e-01	7.76676137e+02	-3.55429068e-01	1.88543916e-02
4.76000000e-01	7.76675782e+02	-3.53955526e-01	1.88523974e-02
4.77000000e-01	7.76675429e+02	-3.52491123e-01	1.88504119e-02
4.78000000e-01	7.76675077e+02	-3.51035783e-01	1.88484349e-02
4.79000000e-01	7.76674727e+02	-3.49589433e-01	1.88464666e-02
4.80000000e-01	7.76674378e+02	-3.48151997e-01	1.88445068e-02
4.81000000e-01	7.76674030e+02	-3.46723404e-01	1.88425554e-02
4.82000000e-01	7.76673684e+02	-3.45303581e-01	1.88406124e-02
4.83000000e-01	7.76673340e+02	-3.43892456e-01	1.88386777e-02
4.84000000e-01	7.76672997e+02	-3.42489958e-01	1.88367514e-02
4.85000000e-01	7.76672655e+02	-3.41096018e-01	1.88348332e-02
4.86000000e-01	7.76672314e+02	-3.39710565e-01	1.88329233e-02
4.87000000e-01	7.76671975e+02	-3.38333531e-01	1.88310215e-02
4.88000000e-01	7.76671638e+02	-3.36964849e-01	1.88291277e-02
4.89000000e-01	7.76671301e+02	-3.35604450e-01	1.88272420e-02
4.90000000e-01	7.76670967e+02	-3.34252268e-01	1.88253643e-02
4.91000000e-01	7.76670633e+02	-3.32908237e-01	1.88234945e-02
4.92000000e-01	7.76670301e+02	-3.31572292e-01	1.88216326e-02
4.93000000e-01	7.76669970e+02	-3.30244368e-01	1.88197785e-02
4.94000000e-01	7.76669640e+02	-3.28924400e-01	1.88179321e-02
4.95000000e-01	7.76669312e+02	-3.27612327e-01	1.88160935e-02
4.96000000e-01	7.76668985e+02	-3.26308084e-01	1.88142626e-02
4.97000000e-01	7.76668659e+02	-3.25011609e-01	1.88124393e-02
4.98000000e-01	7.76668335e+02	-3.23722842e-01	1.88106236e-02
4.99000000e-01	7.76668012e+02	-3.22441721e-01	1.88088155e-02
5.00000000e-01	7.76667690e+02	-3.21168185e-01	1.88070148e-02
5.01000000e-01	7.76667370e+02	-3.19902176e-01	1.88052216e-02
5.02000000e-01	7.76667050e+02	-3.18643633e-01	1.88034358e-02
5.03000000e-01	7.76666732e+02	-3.17392499e-01	1.88016573e-02
5.04000000e-01	7.76666416e+02	-3.16148715e-01	1.87998861e-02
5.05000000e-01	7.76666100e+02	-3.14912224e-01	1.87981222e-02
5.06000000e-01	7.76665786e+02	-3.13682970e-01	1.87963655e-02
5.07000000e-01	7.76665473e+02	-3.12460895e-01	1.87946160e-02
5.08000000e-01	7.76665161e+02	-3.11245943e-01	1.87928736e-02
5.09000000e-01	7.76664850e+02	-3.10038061e-01	1.87911383e-02
5.10000000e-01	7.76664541e+02	-3.08837192e-01	1.87894101e-02
5.11000000e-01	7.76664233e+02	-3.07643284e-01	1.87876888e-02
5.12000000e-01	7.76663925e+02	-3.06456281e-01	1.87859745e-02
5.13000000e-01	7.76663620e+02	-3.05276132e-01	1.87842671e-02
5.14000000e-01	7.76663315e+02	-3.04102783e-01	1.87825666e-02
5.15000000e-01	7.76663011e+02	-3.02936183e-01	1.87808730e-02
5.16000000e-01	7.76662709e+02	-3.01776279e-01	1.87791861e-02
5.17000000e-01	7.76662408e+02	-3.00623020e-01	1.87775060e-02
5.18000000e-01	7.76662108e+02	-2.99476357e-01	1.87758325e-02
5.19000000e-01	7.76661809e+02	-2.98336238e-01	1.87741658e-02
5.20000000e-01	7.76661511e+02	-2.97202615e-01	1.87725057e-02
5.21000000e-01	7.76661215e+02	-2.96075437e-01	1.87708521e-02
5.22000000e-01	7.76660919e+02	-2.94954656e-01	1.87692052e-02
5.23000000e-01	7.76660625e+02	-2.93840225e-01	1.87675647e-02
5.24000000e-01	7.76660331e+02	-2.92732094e-01	1.87659307e-02
5.25000000e-01	7.76660039e+02	-2.91630217e-01	1.87643032e-02
5.26000000e-01	7.76659748e+02	-2.90534546e-01	1.87626820e-02
5.27000000e-01	7.76659458e+02	-2.89445036e-01	1.87610672e-02
5.28000000e-01	7.76659169e+02	-2.88361639e-01	1.87594587e-02
5.29000000e-01	7.76658881e+02	-2.87284311e-01	1.87578566e-02
5.30000000e-01	7.76658595e+02	-2.86213007e-01	1.87562606e-02
5.31000000e-01	7.76658309e+02	-2.85147680e-01	1.87546709e-02
5.32000000e-01	7.76658024e+02	-2.84088288e-01	1.87530874e-02
5.33000000e-01	7.76657741e+02	-2.83034786e-01	1.87515100e-02
5.34000000e-01	7.76657458e+02	-2.81987131e-01	1.87499387e-02
5.35000000e-01	7.76657177e+02	-2.80945278e-01	1.87483734e-02
5.36000000e-01	7.76656896e+02	-2.79909187e-01	1.87468142e-02
5.37000000e-01	7.76656617e+02	-2.78878813e-01	1.87452611e-02
5.38000000e-01	7.76656339e+02	-2.77854116e-01	1.87437138e-02
5.39000000e-01	7.76656061e+02	-2.76835054e-01	1.87421725e-02
5.40000000e-01	7.76655785e+02	-2.75821584e-01	1.87406371e-02
5.41000000e-01	7.76655510e+02	-2.74813667e-01	1.87391076e-02
5.42000000e-01	7.76655235e+02	-2.73811263e-01	1.87375839e-02
5.43000000e-01	7.76654962e+02	-2.72814331e-01	1.87360660e-02
5.44000000e-01	7.76654690e+02	-2.71822831e-01	1.87345539e-02
5.45000000e-01	7.76654418e+02	-2.70836724e-01	1.87330474e-02
5.46000000e-01	7.76654148e+02	-2.69855971e-01	1.87315467e-02
5.47000000e-01	7.76653879e+02	-2.68880533e-01	1.87300517e-02
5.48000000e-01	7.76653610e+02	-2.67910372e-01	1.87285623e-02
5.49000000e-01	7.76653343e+02	-2.66945450e-01	1.87270785e-02
5.50000000e-01	7.76653076e+02	-2.65985729e-01	1.87256002e-02
5.51000000e-01	7.76652811e+02	-2.65031172e-01	1.87241275e-02
5.52000000e-01	7.76652546e+02	-2.64081742e-01	1.87226603e-02
5.53000000e-01	7.76652283e+02	-2.63137403e-01	1.87211986e-02
5.54000000e-01	7.76652020e+02	-2.62198118e-01	1.87197423e-02
5.55000000e-01	7.76651758e+02	-2.61263851e-01	1.87182915e-02
5.56000000e-01	7.76651498e+02	-2.60334566e-01	1.87168460e-02
5.57000000e-01	7.76651238e+02	-2.59410228e-01	1.87154059e-02
5.58000000e-01	7.76650979e+02	-2.58490803e-01	1.87139711e-02
5.59000000e-01	7.76650721e+02	-2.57576254e-01	1.87125417e-02
5.60000000e-01	7.76650464e+02	-2.56666549e-01	1.87111175e-02
5.61000000e-01	7.76650207e+02	-2.55761652e-01	1.87096985e-02
5.62000000e-01	7.76649952e+02	-2.54861531e-01	1.87082847e-02
5.63000000e-01	7.76649698e+02	-2.53966151e-01	1.87068761e-02
5.64000000e-01	7.76649444e+02	-2.53075479e-01	1.87054727e-02
5.65000000e-01	7.76649191e+02	-2.52189482e-01	1.87040744e-02
5.66000000e-01	7.76648940e+02	-2.51308128e-01	1.87026812e-02
5.67000000e-01	7.76648689e+02	-2.50431385e-01	1.87012931e-02
5.68000000e-01	7.76648439e+02	-2.49559219e-01	1.86999100e-02
5.69000000e-01	7.76648190e+02	-2.48691600e-01	1.86985319e-02
5.70000000e-01	7.76647942e+02	-2.47828495e-01	1.86971588e-02
5.71000000e-01	7.76647694e+02	-2.46969875e-01	1.86957906e-02
5.72000000e-01	7.76647448e+02	-2.46115707e-01	1.86944274e-02
5.73000000e-01	7.76647202e+02	-2.45265960e-01	1.86930691e-02
5.74000000e-01	7.76646957e+02	-2.44420606e-01	1.86917157e-02
5.75000000e-01	7.76646713e+02	-2.43579612e-01	1.86903672e-02
5.76000000e-01	7.76646470e+02	-2.42742950e-01	1.86890234e-02
5.77000000e-01	7.76646228e+02	-2.41910589e-01	1.86876845e-02
5.78000000e-01	7.76645986e+02	-2.41082501e-01	1.86863503e-02
5.79000000e-01	7.76645745e+02	-2.40258655e-01	1.86850209e-02
5.80000000e-01	7.76645506e+02	-2.39439024e-01	1.86836963e-02
5.81000000e-01	7.76645267e+02	-2.38623578e-01	1.86823763e-02
5.82000000e-01	7.76645028e+02	-2.37812289e-01	1.86810610e-02
5.83000000e-01	7.76644791e+02	-2.37005129e-01	1.86797503e-02
5.84000000e-01	7.76644554e+02	-2.36202069e-01	1.86784443e-02
5.85000000e-01	7.76644319e+02	-2.35403083e-01	1.86771429e-02
5.86000000e-01	7.76644084e+02	-2.34608142e-01	1.86758460e-02
5.87000000e-01	7.76643849e+02	-2.33817220e-01	1.86745537e-02
5.88000000e-01	7.76643616e+02	-2.33030289e-01	1.86732660e-02
5.89000000e-01	7.76643383e+02	-2.32247322e-01	1.86719827e-02
5.90000000e-01	7.76643151e+02	-2.31468294e-01	1.86707039e-02
5.91000000e-01	7.76642920e+02	-2.30693177e-01	1.86694296e-02
5.92000000e-01	7.76642690e+02	-2.29921946e-01	1.86681597e-02
5.93000000e-01	7.76642460e+02	-2.29154574e-01	1.86668943e-02
5.94000000e-01	7.76642232e+02	-2.28391036e-01	1.86656332e-02
5.95000000e-01	7.76642004e+02	-2.27631306e-01	1.86643765e-02
5.96000000e-01	7.76641776e+02	-2.26875360e-01	1.86631241e-02
5.97000000e-01	7.76641550e+02	-2.26123171e-01	1.86618760e-02
5.98000000e-01	7.76641324e+02	-2.25374716e-01	1.86606323e-02
5.99000000e-01	7.76641099e+02	-2.24629969e-01	1.86593928e-02
6.00000000e-01	7.76640875e+02	-2.23888906e-01	1.86581576e-02
6.01000000e-01	7.76640651e+02	-2.23151503e-01	1.86569266e-02
6.02000000e-01	7.76640429e+02	-2.22417736e-01	1.86556998e-02
6.03000000e-01	7.76640207e+02	-2.21687581e-01	1.86544772e-02
6.04000000e-01	7.76639985e+02	-2.20961013e-01	1.86532588e-02
6.05000000e-01	7.76639765e+02	-2.20238011e-01	1.86520445e-02
6.06000000e-01	7.76639545e+02	-2.19518551e-01	1.86508344e-02
6.07000000e-01	7.76639326e+02	-2.18802608e-01	1.86496283e-02
6.08000000e-01	7.76639107e+02	-2.18090161e-01	1.86484264e-02
6.09000000e-01	7.76638889e+02	-2.17381187e-01	1.86472285e-02
6.10000000e-01	7.76638672e+02	-2.16675664e-01	1.86460346e-02
6.11000000e-01	7.76638456e+02	-2.15973568e-01	1.86448448e-02
6.12000000e-01	7.76638241e+02	-2.15274878e-01	1.86436590e-02
6.13000000e-01	7.76638026e+02	-2.14579572e-01	1.86424771e-02
6.14000000e-01	7.76637811e+02	-2.13887628e-01	1.86412992e-02
6.15000000e-01	7.76637598e+02	-2.13199024e-01	1.86401253e-02
6.16000000e-01	7.76637385e+02	-2.12513740e-01	1.86389553e-02
6.17000000e-01	7.76637173e+02	-2.11831752e-01	1.86377892e-02
6.18000000e-01	7.76636961e+02	-2.11153042e-01	1.86366269e-02
6.19000000e-01	7.76636750e+02	-2.10477587e-01	1.86354686e-02
6.20000000e-01	7.76636540e+02	-2.09805366e-01	1.86343140e-02
6.21000000e-01	7.76636331e+02	-2.09136360e-01	1.86331633e-02
6.22000000e-01	7.76636122e+02	-2.08470548e-01	1.86320164e-02
6.23000000e-01	7.76635914e+02	-2.07807909e-01	1.86308733e-02
6.24000000e-01	7.76635706e+02	-2.07148423e-01	1.86297340e-02
6.25000000e-01	7.76635500e+02	-2.06492071e-01	1.86285984e-02
6.26000000e-01	7.76635294e+02	-2.05838832e-01	1.86274666e-02
6.27000000e-01	7.76635088e+02	-2.05188687e-01	1.86263384e-02
6.28000000e-01	7.76634883e+02	-2.04541616e-01	1.86252140e-02
6.29000000e-01	7.76634679e+02	-2.03897600e-01	1.86240932e-02
6.30000000e-01	7.76634475e+02	-2.03256621e-01	1.86229761e-02
6.31000000e-01	7.76634272e+02	-2.02618658e-01	1.86218626e-02
6.32000000e-01	7.76634070e+02	-2.01983692e-01	1.86207528e-02
6.33000000e-01	7.76633868e+02	-2.01351706e-01	1.86196465e-02
6.34000000e-01	7.76633667e+02	-2.00722681e-01	1.86185439e-02
6.35000000e-01	7.76633467e+02	-2.00096598e-01	1.86174448e-02
6.36000000e-01	7.76633267e+02	-1.99473438e-01	1.86163493e-02
6.37000000e-01	7.76633068e+02	-1.98853184e-01	1.86152573e-02
6.38000000e-01	7.76632870e+02	-1.98235818e-01	1.86141688e-02
6.39000000e-01	7.76632672e+02	-1.97621321e-01	1.86130838e-02
6.40000000e-01	7.76632474e+02	-1.97009676e-01	1.86120023e-02
6.41000000e-01	7.76632278e+02	-1.96400865e-01	1.86109243e-02
6.42000000e-01	7.76632081e+02	-1.95794872e-01	1.86098498e-02
6.43000000e-01	7.76631886e+02	-1.95191677e-01	1.86087786e-02
6.44000000e-01	7.76631691e+02	-1.94591265e-01	1.86077109e-02
6.45000000e-01	7.76631497e+02	-1.93993619e-01	1.86066466e-02
6.46000000e-01	7.76631303e+02	-1.93398720e-01	1.86055857e-02
6.47000000e-01	7.76631110e+02	-1.92806553e-01	1.86045281e-02
6.48000000e-01	7.76630918e+02	-1.92217101e-01	1.86034740e-02
6.49000000e-01	7.76630726e+02	-1.91630346e-01	1.86024231e-02
6.50000000e-01	7.76630534e+02	-1.91046274e-01	1.86013756e-02
6.51000000e-01	7.76630344e+02	-1.90464867e-01	1.86003313e-02
6.52000000e-01	7.76630153e+02	-1.89886109e-01	1.85992904e-02
6.53000000e-01	7.76629964e+02	-1.89309985e-01	1.85982527e-02
6.54000000e-01	7.76629775e+02	-1.88736477e-01	1.85972183e-02
6.55000000e-01	7.76629586e+02	-1.88165571e-01	1.85961872e-02
6.56000000e-01	7.76629398e+02	-1.87597251e-01	1.85951592e-02
6.57000000e-01	7.76629211e+02	-1.87031501e-01	1.85941345e-02
6.58000000e-01	7.76629024e+02	-1.86468305e-01	1.85931130e-02
6.59000000e-01	7.76628838e+02	-1.85907649e-01	1.85920947e-02
6.60000000e-01	7.76628653e+02	-1.85349517e-01	1.85910795e-02
6.61000000e-01	7.76628467e+02	-1.84793894e-01	1.85900675e-02
6.62000000e-01	7.76628283e+02	-1.84240764e-01	1.85890587e-02
6.63000000e-01	7.76628099e+02	-1.83690114e-01	1.85880529e-02
6.64000000e-01	7.76627916e+02	-1.83141928e-01	1.85870503e-02
6.65000000e-01	7.76627733e+02	-1.82596191e-01	1.85860508e-02
6.66000000e-01	7.76627550e+02	-1.82052890e-01	1.85850543e-02
6.67000000e-01	7.76627369e+02	-1.81512009e-01	1.85840609e-02
6.68000000e-01	7.76627187e+02	-1.80973534e-01	1.85830706e-02
6.69000000e-01	7.76627007e+02	-1.80437451e-01	1.85820833e-02
6.70000000e-01	7.76626826e+02	-1.79903746e-01	1.85810991e-02
6.71000000e-01	7.76626647e+02	-1.79372405e-01	1.85801178e-02
6.72000000e-01	7.76626468e+02	-1.78843413e-01	1.85791396e-02
6.73000000e-01	7.76626289e+02	-1.78316758e-01	1.85781643e-02
6.74000000e-01	7.76626111e+02	-1.77792424e-01	1.85771920e-02
6.75000000e-01	7.76625934e+02	-1.77270400e-01	1.85762226e-02
6.76000000e-01	7.76625757e+02	-1.76750670e-01	1.85752563e-02
6.77000000e-01	7.76625580e+02	-1.76233222e-01	1.85742928e-02
6.78000000e-01	7.76625404e+02	-1.75718043e-01	1.85733322e-02
6.79000000e-01	7.76625229e+02	-1.75205118e-01	1.85723746e-02
6.80000000e-01	7.76625054e+02	-1.74694436e-01	1.85714198e-02
6.81000000e-01	7.76624879e+02	-1.74185982e-01	1.85704680e-02
6.82000000e-01	7.76624705e+02	-1.73679745e-01	1.85695190e-02
6.83000000e-01	7.76624532e+02	-1.73175710e-01	1.85685728e-02
6.84000000e-01	7.76624359e+02	-1.72673866e-01	1.85676295e-02
6.85000000e-01	7.76624187e+02	-1.72174199e-01	1.85666890e-02
6.86000000e-01	7.76624015e+02	-1.71676698e-01	1.85657513e-02
6.87000000e-01	7.76623843e+02	-1.71181349e-01	1.85648164e-02
6.88000000e-01	7.76623672e+02	-1.70688141e-01	1.85638843e-02
6.89000000e-01	7.76623502e+02	-1.70197060e-01	1.85629550e-02
6.90000000e-01	7.76623332e+02	-1.69708095e-01	1.85620285e-02
6.91000000e-01	7.76623162e+02	-1.69221234e-01	1.85611047e-02
6.92000000e-01	7.76622993e+02	-1.68736464e-01	1.85601836e-02
6.93000000e-01	7.76622825e+02	-1.68253774e-01	1.85592653e-02
6.94000000e-01	7.76622657e+02	-1.67773151e-01	1.85583497e-02
6.95000000e-01	7.76622489e+02	-1.67294585e-01	1.85574368e-02
6.96000000e-01	7.76622322e+02	-1.66818062e-01	1.85565265e-02
6.97000000e-01	7.76622156e+02	-1.66343572e-01	1.85556190e-02
6.98000000e-01	7.76621990e+02	-1.65871103e-01	1.85547141e-02
6.99000000e-01	7.76621824e+02	-1.65400644e-01	1.85538119e-02
7.00000000e-01	7.76621659e+02	-1.64932183e-01	1.85529123e-02
7.01000000e-01	7.76621494e+02	-1.64465709e-01	1.85520154e-02
7.02000000e-01	7.76621330e+02	-1.64001210e-01	1.85511210e-02
7.03000000e-01	7.76621166e+02	-1.63538676e-01	1.85502293e-02
7.04000000e-01	7.76621003e+02	-1.63078096e-01	1.85493402e-02
7.05000000e-01	7.76620840e+02	-1.62619458e-01	1.85484537e-02
7.06000000e-01	7.76620678e+02	-1.62162751e-01	1.85475697e-02
7.07000000e-01	7.76620516e+02	-1.61707965e-01	1.85466883e-02
7.08000000e-01	7.76620354e+02	-1.61255090e-01	1.85458095e-02
7.09000000e-01	7.76620193e+02	-1.60804113e-01	1.85449332e-02
7.10000000e-01	7.76620033e+02	-1.60355026e-01	1.85440594e-02
7.11000000e-01	7.76619873e+02	-1.59907816e-01	1.85431882e-02
7.12000000e-01	7.76619713e+02	-1.59462475e-01	1.85423194e-02
7.13000000e-01	7.76619554e+02	-1.59018990e-01	1.85414532e-02
7.14000000e-01	7.76619395e+02	-1.58577353e-01	1.85405894e-02
7.15000000e-01	7.76619236e+02	-1.58137553e-01	1.85397281e-02
7.16000000e-01	7.76619079e+02	-1.57699579e-01	1.85388693e-02
7.17000000e-01	7.76618921e+02	-1.57263421e-01	1.85380130e-02
7.18000000e-01	7.76618764e+02	-1.56829071e-01	1.85371591e-02
7.19000000e-01	7.76618607e+02	-1.56396517e-01	1.85363076e-02
7.20000000e-01	7.76618451e+02	-1.55965749e-01	1.85354585e-02
7.21000000e-01	7.76618296e+02	-1.55536758e-01	1.85346119e-02
7.22000000e-01	7.76618140e+02	-1.55109535e-01	1.85337677e-02
7.23000000e-01	7.76617985e+02	-1.54684068e-01	1.85329258e-02
7.24000000e-01	7.76617831e+02	-1.54260350e-01	1.85320864e-02
7.25000000e-01	7.76617677e+02	-1.53838370e-01	1.85312493e-02
7.26000000e-01	7.76617523e+02	-1.53418118e-01	1.85304145e-02
7.27000000e-01	7.76617370e+02	-1.52999586e-01	1.85295822e-02
7.28000000e-01	7.76617217e+02	-1.52582764e-01	1.85287522e-02
7.29000000e-01	7.76617065e+02	-1.52167642e-01	1.85279245e-02
7.30000000e-01	7.76616913e+02	-1.51754212e-01	1.85270991e-02
7.31000000e-01	7.76616761e+02	-1.51342463e-01	1.85262760e-02
7.32000000e-01	7.76616610e+02	-1.50932388e-01	1.85254553e-02
7.33000000e-01	7.76616459e+02	-1.50523978e-01	1.85246368e-02
7.34000000e-01	7.76616309e+02	-1.50117222e-01	1.85238206e-02
7.35000000e-01	7.76616159e+02	-1.49712112e-01	1.85230067e-02
7.36000000e-01	7.76616010e+02	-1.49308640e-01	1.85221951e-02
7.37000000e-01	7.76615861e+02	-1.48906796e-01	1.85213857e-02
7.38000000e-01	7.76615712e+02	-1.48506571e-01	1.85205786e-02
7.39000000e-01	7.76615564e+02	-1.48107958e-01	1.85197737e-02
7.40000000e-01	7.76615416e+02	-1.47710947e-01	1.85189710e-02
7.41000000e-01	7.76615268e+02	-1.47315530e-01	1.85181706e-02
7.42000000e-01	7.76615121e+02	-1.46921698e-01	1.85173724e-02
7.43000000e-01	7.76614974e+02	-1.46529443e-01	1.85165763e-02
7.44000000e-01	7.76614828e+02	-1.46138757e-01	1.85157825e-02
7.45000000e-01	7.76614682e+02	-1.45749631e-01	1.85149908e-02
7.46000000e-01	7.76614537e+02	-1.45362056e-01	1.85142013e-02
7.47000000e-01	7.76614391e+02	-1.44976025e-01	1.85134140e-02
7.48000000e-01	7.76614247e+02	-1.44591529e-01	1.85126288e-02
7.49000000e-01	7.76614102e+02	-1.44208561e-01	1.85118458e-02
7.50000000e-01	7.76613958e+02	-1.43827111e-01	1.85110649e-02
7.51000000e-01	7.76613815e+02	-1.43447173e-01	1.85102862e-02
7.52000000e-01	7.76613671e+02	-1.43068738e-01	1.85095095e-02
7.53000000e-01	7.76613528e+02	-1.42691799e-01	1.85087350e-02
7.54000000e-01	7.76613386e+02	-1.42316346e-01	1.85079626e-02
7.55000000e-01	7.76613244e+02	-1.41942374e-01	1.85071923e-02
7.56000000e-01	7.76613102e+02	-1.41569873e-01	1.85064240e-02
7.57000000e-01	7.76612961e+02	-1.41198836e-01	1.85056579e-02
7.58000000e-01	7.76612820e+02	-1.40829255e-01	1.85048938e-02
7.59000000e-01	7.76612679e+02	-1.40461124e-01	1.85041318e-02
7.60000000e-01	7.76612539e+02	-1.40094433e-01	1.85033718e-02
7.61000000e-01	7.76612399e+02	-1.39729177e-01	1.85026138e-02
7.62000000e-01	7.76612259e+02	-1.39365347e-01	1.85018579e-02
7.63000000e-01	7.76612120e+02	-1.39002935e-01	1.85011041e-02
7.64000000e-01	7.76611981e+02	-1.38641935e-01	1.85003522e-02
7.65000000e-01	7.76611843e+02	-1.38282340e-01	1.84996024e-02
7.66000000e-01	7.76611705e+02	-1.37924141e-01	1.84988546e-02
7.67000000e-01	7.76611567e+02	-1.37567332e-01	1.84981087e-02
7.68000000e-01	7.76611430e+02	-1.37211905e-01	1.84973649e-02
7.69000000e-01	7.76611293e+02	-1.36857854e-01	1.84966230e-02
7.70000000e-01	7.76611156e+02	-1.36505171e-01	1.84958831e-02
7.71000000e-01	7.76611020e+02	-1.36153850e-01	1.84951452e-02
7.72000000e-01	7.76610884e+02	-1.35803882e-01	1.84944092e-02
7.73000000e-01	7.76610748e+02	-1.35455262e-01	1.84936752e-02
7.74000000e-01	7.76610613e+02	-1.35107983e-01	1.84929431e-02
7.75000000e-01	7.76610478e+02	-1.34762037e-01	1.84922129e-02
7.76000000e-01	7.76610343e+02	-1.34417417e-01	1.84914847e-02
7.77000000e-01	7.76610209e+02	-1.34074118e-01	1.84907584e-02
7.78000000e-01	7.76610075e+02	-1.33732132e-01	1.84900340e-02
7.79000000e-01	7.76609941e+02	-1.33391452e-01	1.84893115e-02
7.80000000e-01	7.76609808e+02	-1.33052072e-01	1.84885908e-02
7.81000000e-01	7.76609675e+02	-1.32713986e-01	1.84878721e-02
7.82000000e-01	7.76609543e+02	-1.32377186e-01	1.84871553e-02
7.83000000e-01	7.76609411e+02	-1.32041667e-01	1.84864403e-02
7.84000000e-01	7.76609279e+02	-1.31707421e-01	1.84857272e-02
7.85000000e-01	7.76609147e+02	-1.31374443e-01	1.84850160e-02
7.86000000e-01	7.76609016e+02	-1.31042725e-01	1.84843066e-02
7.87000000e-01	7.76608885e+02	-1.30712262e-01	1.84835991e-02
7.88000000e-01	7.76608755e+02	-1.30383047e-01	1.84828933e-02
7.89000000e-01	7.76608624e+02	-1.30055074e-01	1.84821895e-02
7.90000000e-01	7.76608494e+02	-1.29728337e-01	1.84814874e-02
7.91000000e-01	7.76608365e+02	-1.29402830e-01	1.84807872e-02
7.92000000e-01	7.76608236e+02	-1.29078545e-01	1.84800887e-02
7.93000000e-01	7.76608107e+02	-1.28755478e-01	1.84793921e-02
7.94000000e-01	7.76607978e+02	-1.28433622e-01	1.84786973e-02
7.95000000e-01	7.76607850e+02	-1.28112972e-01	1.84780042e-02
7.96000000e-01	7.76607722e+02	-1.27793520e-01	1.84773129e-02
7.97000000e-01	7.76607594e+02	-1.27475261e-01	1.84766234e-02
7.98000000e-01	7.76607467e+02	-1.27158190e-01	1.84759357e-02
7.99000000e-01	7.76607340e+02	-1.26842300e-01	1.84752497e-02
8.00000000e-01	7.76607213e+02	-1.26527585e-01	1.84745655e-02
8.01000000e-01	7.76607087e+02	-1.26214040e-01	1.84738831e-02
8.02000000e-01	7.76606961e+02	-1.25901659e-01	1.84732023e-02
8.03000000e-01	7.76606835e+02	-1.25590435e-01	1.84725233e-02
8.04000000e-01	7.76606710e+02	-1.25280365e-01	1.84718461e-02
8.05000000e-01	7.76606585e+02	-1.24971440e-01	1.84711705e-02
8.06000000e-01	7.76606460e+02	-1.24663657e-01	1.84704967e-02
8.07000000e-01	7.76606335e+02	-1.24357010e-01	1.84698246e-02
8.08000000e-01	7.76606211e+02	-1.24051492e-01	1.84691541e-02
8.09000000e-01	7.76606087e+02	-1.23747098e-01	1.84684854e-02
8.10000000e-01	7.76605964e+02	-1.23443823e-01	1.84678183e-02
8.11000000e-01	7.76605840e+02	-1.23141662e-01	1.84671530e-02
8.12000000e-01	7.76605717e+02	-1.22840608e-01	1.84664893e-02
8.13000000e-01	7.76605595e+02	-1.22540657e-01	1.84658273e-02
8.14000000e-01	7.76605472e+02	-1.22241803e-01	1.84651669e-02
8.15000000e-01	7.76605350e+02	-1.21944041e-01	1.84645082e-02
8.16000000e-01	7.76605228e+02	-1.21647365e-01	1.84638512e-02
8.17000000e-01	7.76605107e+02	-1.21351770e-01	1.84631958e-02
8.18000000e-01	7.76604986e+02	-1.21057252e-01	1.84625420e-02
8.19000000e-01	7.76604865e+02	-1.20763804e-01	1.84618898e-02
8.20000000e-01	7.76604744e+02	-1.20471421e-01	1.84612393e-02
8.21000000e-01	7.76604624e+02	-1.20180099e-01	1.84605904e-02
8.22000000e-01	7.76604504e+02	-1.19889832e-01	1.84599432e-02
8.23000000e-01	7.76604384e+02	-1.19600615e-01	1.84592975e-02
8.24000000e-01	7.76604265e+02	-1.19312443e-01	1.84586534e-02
8.25000000e-01	7.76604145e+02	-1.19025312e-01	1.84580109e-02
8.26000000e-01	7.76604026e+02	-1.18739215e-01	1.84573700e-02
8.27000000e-01	7.76603908e+02	-1.18454149e-01	1.84567307e-02
8.28000000e-01	7.76603790e+02	-1.18170107e-01	1.84560930e-02
8.29000000e-01	7.76603672e+02	-1.17887086e-01	1.84554569e-02
8.30000000e-01	7.76603554e+02	-1.17605081e-01	1.84548223e-02
8.31000000e-01	7.76603436e+02	-1.17324085e-01	1.84541892e-02
8.32000000e-01	7.76603319e+02	-1.17044096e-01	1.84535578e-02
8.33000000e-01	7.76603202e+02	-1.16765107e-01	1.84529278e-02
8.34000000e-01	7.76603086e+02	-1.16487115e-01	1.84522995e-02
8.35000000e-01	7.76602969e+02	-1.16210114e-01	1.84516726e-02
8.36000000e-01	7.76602853e+02	-1.15934100e-01	1.84510473e-02
8.37000000e-01	7.76602737e+02	-1.15659068e-01	1.84504235e-02
8.38000000e-01	7.76602622e+02	-1.15385013e-01	1.84498013e-02
8.39000000e-01	7.76602507e+02	-1.15111931e-01	1.84491805e-02
8.40000000e-01	7.76602392e+02	-1.14839817e-01	1.84485613e-02
8.41000000e-01	7.76602277e+02	-1.14568666e-01	1.84479435e-02
8.42000000e-01	7.76602163e+02	-1.14298475e-01	1.84473273e-02
8.43000000e-01	7.76602048e+02	-1.14029238e-01	1.84467125e-02
8.44000000e-01	7.76601935e+02	-1.13760951e-01	1.84460993e-02
8.45000000e-01	7.76601821e+02	-1.13493610e-01	1.84454875e-02
8.46000000e-01	7.76601708e+02	-1.13227210e-01	1.84448772e-02
8.47000000e-01	7.76601594e+02	-1.12961746e-01	1.84442684e-02
8.48000000e-01	7.76601482e+02	-1.12697215e-01	1.84436610e-02
8.49000000e-01	7.76601369e+02	-1.12433612e-01	1.84430551e-02
8.50000000e-01	7.76601257e+02	-1.12170933e-01	1.84424507e-02
8.51000000e-01	7.76601145e+02	-1.11909173e-01	1.84418477e-02
8.52000000e-01	7.76601033e+02	-1.11648327e-01	1.84412461e-02
8.53000000e-01	7.76600921e+02	-1.11388393e-01	1.84406460e-02
8.54000000e-01	7.76600810e+02	-1.11129365e-01	1.84400474e-02
8.55000000e-01	7.76600699e+02	-1.10871240e-01	1.84394501e-02
8.56000000e-01	7.76600588e+02	-1.10614013e-01	1.84388543e-02
8.57000000e-01	7.76600478e+02	-1.10357679e-01	1.84382599e-02
8.58000000e-01	7.76600368e+02	-1.10102236e-01	1.84376669e-02
8.59000000e-01	7.76600258e+02	-1.09847678e-01	1.84370753e-02
8.60000000e-01	7.76600148e+02	-1.09594002e-01	1.84364852e-02
8.61000000e-01	7.76600039e+02	-1.09341204e-01	1.84358964e-02
8.62000000e-01	7.76599929e+02	-1.09089279e-01	1.84353090e-02
8.63000000e-01	7.76599820e+02	-1.08838223e-01	1.84347230e-02
8.64000000e-01	7.76599712e+02	-1.08588034e-01	1.84341384e-02
8.65000000e-01	7.76599603e+02	-1.08338705e-01	1.84335552e-02
8.66000000e-01	7.76599495e+02	-1.08090235e-01	1.84329734e-02
8.67000000e-01	7.76599387e+02	-1.07842618e-01	1.84323929e-02
8.68000000e-01	7.76599279e+02	-1.07595850e-01	1.84318138e-02
8.69000000e-01	7.76599172e+02	-1.07349929e-01	1.84312360e-02
8.70000000e-01	7.76599065e+02	-1.07104850e-01	1.84306596e-02
8.71000000e-01	7.76598958e+02	-1.06860609e-01	1.84300846e-02
8.72000000e-01	7.76598851e+02	-1.06617202e-01	1.84295109e-02
8.73000000e-01	7.76598744e+02	-1.06374626e-01	1.84289385e-02
8.74000000e-01	7.76598638e+02	-1.06132876e-01	1.84283675e-02
8.75000000e-01	7.76598532e+02	-1.05891950e-01	1.84277978e-02
8.76000000e-01	7.76598426e+02	-1.05651843e-01	1.84272295e-02
8.77000000e-01	7.76598321e+02	-1.05412551e-01	1.84266624e-02
8.78000000e-01	7.76598216e+02	-1.05174072e-01	1.84260967e-02
8.79000000e-01	7.76598111e+02	-1.04936401e-01	1.84255323e-02
8.80000000e-01	7.76598006e+02	-1.04699534e-01	1.84249692e-02
8.81000000e-01	7.76597901e+02	-1.04463468e-01	1.84244074e-02
8.82000000e-01	7.76597797e+02	-1.04228200e-01	1.84238469e-02
8.83000000e-01	7.76597693e+02	-1.03993726e-01	1.84232877e-02
8.84000000e-01	7.76597589e+02	-1.03760041e-01	1.84227298e-02
8.85000000e-01	7.76597485e+02	-1.03527144e-01	1.84221732e-02
8.86000000e-01	7.76597382e+02	-1.03295029e-01	1.84216178e-02
8.87000000e-01	7.76597279e+02	-1.03063694e-01	1.84210638e-02
8.88000000e-01	7.76597176e+02	-1.02833136e-01	1.84205110e-02
8.89000000e-01	7.76597073e+02	-1.02603350e-01	1.84199595e-02
8.90000000e-01	7.76596970e+02	-1.02374333e-01	1.84194092e-02
8.91000000e-01	7.76596868e+02	-1.02146082e-01	1.84188602e-02
8.92000000e-01	7.76596766e+02	-1.01918593e-01	1.84183125e-02
8.93000000e-01	7.76596664e+02	-1.01691864e-01	1.84177660e-02
8.94000000e-01	7.76596563e+02	-1.01465890e-01	1.84172207e-02
8.95000000e-01	7.76596461e+02	-1.01240668e-01	1.84166767e-02
8.96000000e-01	7.76596360e+02	-1.01016195e-01	1.84161340e-02
8.97000000e-01	7.76596259e+02	-1.00792468e-01	1.84155925e-02
8.98000000e-01	7.76596159e+02	-1.00569483e-01	1.84150522e-02
8.99000000e-01	7.76596058e+02	-1.00347238e-01	1.84145131e-02
9.00000000e-01	7.76595958e+02	-1.00125728e-01	1.84139752e-02
9.01000000e-01	7.76595858e+02	-9.99049502e-02	1.84134386e-02
9.02000000e-01	7.76595758e+02	-9.96849021e-02	1.84129032e-02
9.03000000e-01	7.76595659e+02	-9.94655801e-02	1.84123690e-02
9.04000000e-01	7.76595559e+02	-9.92469810e-02	1.84118360e-02
9.05000000e-01	7.76595460e+02	-9.90291017e-02	1.84113042e-02
9.06000000e-01	7.76595361e+02	-9.88119389e-02	1.84107736e-02
9.07000000e-01	7.76595263e+02	-9.85954897e-02	1.84102442e-02
9.08000000e-01	7.76595164e+02	-9.83797507e-02	1.84097159e-02
9.09000000e-01	7.76595066e+02	-9.81647190e-02	1.84091889e-02
9.10000000e-01	7.76594968e+02	-9.79503914e-02	1.84086631e-02
9.11000000e-01	7.76594870e+02	-9.77367648e-02	1.84081384e-02
9.12000000e-01	7.76594772e+02	-9.75238363e-02	1.84076149e-02
9.13000000e-01	7.76594675e+02	-9.73116028e-02	1.84070925e-02
9.14000000e-01	7.76594578e+02	-9.71000612e-02	1.84065714e-02
9.15000000e-01	7.76594481e+02	-9.68892086e-02	1.84060514e-02
9.16000000e-01	7.76594384e+02	-9.66790419e-02	1.84055325e-02
9.17000000e-01	7.76594287e+02	-9.64695582e-02	1.84050148e-02
9.18000000e-01	7.76594191e+02	-9.62607546e-02	1.84044983e-02
9.19000000e-01	7.76594095e+02	-9.60526280e-02	1.84039829e-02
9.20000000e-01	7.76593999e+02	-9.58451757e-02	1.84034686e-02
9.21000000e-01	7.76593903e+02	-9.56383946e-02	1.84029555e-02
9.22000000e-01	7.76593808e+02	-9.54322818e-02	1.84024435e-02
9.23000000e-01	7.76593712e+02	-9.52268346e-02	1.84019326e-02
9.24000000e-01	7.76593617e+02	-9.50220500e-02	1.84014229e-02
9.25000000e-01	7.76593522e+02	-9.48179251e-02	1.84009143e-02
9.26000000e-01	7.76593428e+02	-9.46144573e-02	1.84004068e-02
9.27000000e-01	7.76593333e+02	-9.44116435e-02	1.83999005e-02
9.28000000e-01	7.76593239e+02	-9.42094811e-02	1.83993952e-02
9.29000000e-01	7.76593145e+02	-9.40079673e-02	1.83988911e-02
9.30000000e-01	7.76593051e+02	-9.38070993e-02	1.83983880e-02
9.31000000e-01	7.76592957e+02	-9.36068742e-02	1.83978861e-02
9.32000000e-01	7.76592863e+02	-9.34072895e-02	1.83973852e-02
9.33000000e-01	7.76592770e+02	-9.32083423e-02	1.83968855e-02
9.34000000e-01	7.76592677e+02	-9.30100300e-02	1.83963868e-02
9.35000000e-01	7.76592584e+02	-9.28123498e-02	1.83958893e-02
9.36000000e-01	7.76592491e+02	-9.26152991e-02	1.83953928e-02
9.37000000e-01	7.76592399e+02	-9.24188751e-02	1.83948974e-02
9.38000000e-01	7.76592307e+02	-9.22230754e-02	1.83944030e-02
9.39000000e-01	7.76592215e+02	-9.20278971e-02	1.83939098e-02
9.40000000e-01	7.76592123e+02	-9.18333377e-02	1.83934176e-02
9.41000000e-01	7.76592031e+02	-9.16393945e-02	1.83929265e-02
9.42000000e-01	7.76591939e+02	-9.14460650e-02	1.83924364e-02
9.43000000e-01	7.76591848e+02	-9.12533466e-02	1.83919474e-02
9.44000000e-01	7.76591757e+02	-9.10612367e-02	1.83914595e-02
9.45000000e-01	7.76591666e+02	-9.08697327e-02	1.83909726e-02
9.46000000e-01	7.76591575e+02	-9.06788322e-02	1.83904867e-02
9.47000000e-01	7.76591484e+02	-9.04885325e-02	1.83900019e-02
9.48000000e-01	7.76591394e+02	-9.02988311e-02	1.83895182e-02
9.49000000e-01	7.76591304e+02	-9.01097256e-02	1.83890355e-02
9.50000000e-01	7.76591214e+02	-8.99212134e-02	1.83885538e-02
9.51000000e-01	7.76591124e+02	-8.97332921e-02	1.83880732e-02
9.52000000e-01	7.76591034e+02	-8.95459592e-02	1.83875935e-02
9.53000000e-01	7.76590945e+02	-8.93592123e-02	1.83871149e-02
9.54000000e-01	7.76590856e+02	-8.91730489e-02	1.83866374e-02
9.55000000e-01	7.76590767e+02	-8.89874665e-02	1.83861608e-02
9.56000000e-01	7.76590678e+02	-8.88024628e-02	1.83856853e-02
9.57000000e-01	7.76590589e+02	-8.86180354e-02	1.83852108e-02
9.58000000e-01	7.76590501e+02	-8.84341819e-02	1.83847372e-02
9.59000000e-01	7.76590412e+02	-8.82508998e-02	1.83842647e-02
9.60000000e-01	7.76590324e+02	-8.80681869e-02	1.83837932e-02
9.61000000e-01	7.76590236e+02	-8.78860407e-02	1.83833227e-02
9.62000000e-01	7.76590148e+02	-8.77044590e-02	1.83828532e-02
9.63000000e-01	7.76590061e+02	-8.75234394e-02	1.83823847e-02
9.64000000e-01	7.76589973e+02	-8.73429796e-02	1.83819172e-02
9.65000000e-01	7.76589886e+02	-8.71630772e-02	1.83814506e-02
9.66000000e-01	7.76589799e+02	-8.69837301e-02	1.83809851e-02
9.67000000e-01	7.76589712e+02	-8.68049358e-02	1.83805205e-02
9.68000000e-01	7.76589625e+02	-8.66266922e-02	1.83800569e-02
9.69000000e-01	7.76589539e+02	-8.64489970e-02	1.83795943e-02
9.70000000e-01	7.76589452e+02	-8.62718479e-02	1.83791326e-02
9.71000000e-01	7.76589366e+02	-8.60952427e-02	1.83786719e-02
9.72000000e-01	7.76589280e+02	-8.59191791e-02	1.83782122e-02
9.73000000e-01	7.76589194e+02	-8.57436551e-02	1.83777535e-02
9.74000000e-01	7.76589109e+02	-8.55686682e-02	1.83772957e-02
9.75000000e-01	7.76589023e+02	-8.53942165e-02	1.83768388e-02
9.76000000e-01	7.76588938e+02	-8.52202976e-02	1.83763829e-02
9.77000000e-01	7.76588853e+02	-8.50469095e-02	1.83759280e-02
9.78000000e-01	7.76588768e+02	-8.48740499e-02	1.83754740e-02
9.79000000e-01	7.76588683e+02	-8.47017167e-02	1.83750210e-02
9.80000000e-01	7.76588598e+02	-8.45299078e-02	1.83745689e-02
9.81000000e-01	7.76588514e+02	-8.43586211e-02	1.83741177e-02
9.82000000e-01	7.76588430e+02	-8.41878545e-02	1.83736675e-02
9.83000000e-01	7.76588346e+02	-8.40176057e-02	1.83732182e-02
9.84000000e-01	7.76588262e+02	-8.38478728e-02	1.83727698e-02
9.85000000e-01	7.76588178e+02	-8.36786537e-02	1.83723224e-02
9.86000000e-01	7.76588094e+02	-8.35099463e-02	1.83718759e-02
9.87000000e-01	7.76588011e+02	-8.33417485e-02	1.83714303e-02
9.88000000e-01	7.76587928e+02	-8.31740583e-02	1.83709856e-02
9.89000000e-01	7.76587845e+02	-8.30068737e-02	1.83705418e-02
9.90000000e-01	7.76587762e+02	-8.28401925e-02	1.83700990e-02
9.91000000e-01	7.76587679e+02	-8.26740129e-02	1.83696571e-02
9.92000000e-01	7.76587596e+02	-8.25083328e-02	1.83692160e-02
9.93000000e-01	7.76587514e+02	-8.23431501e-02	1.83687759e-02
9.94000000e-01	7.76587432e+02	-8.21784629e-02	1.83683367e-02
9.95000000e-01	7.76587350e+02	-8.20142693e-02	1.83678984e-02
9.96000000e-01	7.76587268e+02	-8.18505672e-02	1.83674609e-02
9.97000000e-01	7.76587186e+02	-8.16873547e-02	1.83670244e-02
9.98000000e-01	7.76587104e+02	-8.15246298e-02	1.83665888e-02
9.99000000e-01	7.76587023e+02	-8.13623907e-02	1.83661540e-02
