0.00000000e+00	0.00000000e+00	8.91541402e-05
4.88281250e-05	4.35326035e-09	8.91554039e-05
9.76562500e-05	8.70662168e-09	8.91582761e-05
1.46484375e-04	1.30601695e-08	8.91630421e-05
1.95312500e-04	1.74139962e-08	8.91696979e-05
2.44140625e-04	2.17681940e-08	8.91782456e-05
2.92968750e-04	2.61228554e-08	8.91886867e-05
3.41796875e-04	3.04780729e-08	8.92010222e-05
3.90625000e-04	3.48339390e-08	8.92152530e-05
4.39453125e-04	3.91905463e-08	8.92313797e-05
4.88281250e-04	4.35479872e-08	8.92494029e-05
5.37109375e-04	4.79063546e-08	8.92693232e-05
5.85937500e-04	5.22657409e-08	8.92911412e-05
6.34765625e-04	5.66262389e-08	8.93148576e-05
6.83593750e-04	6.09879413e-08	8.93404729e-05
7.32421875e-04	6.53509409e-08	8.93679879e-05
7.81250000e-04	6.97153303e-08	8.93974032e-05
8.30078125e-04	7.40812024e-08	8.94287196e-05
8.78906250e-04	7.84486501e-08	8.94619379e-05
9.27734375e-04	8.28177663e-08	8.94970588e-05
9.76562500e-04	8.71886438e-08	8.95340832e-05
1.02539063e-03	9.15613756e-08	8.95730120e-05
1.07421875e-03	9.59360547e-08	8.96138462e-05
1.12304688e-03	1.00312774e-07	8.96565868e-05
1.17187500e-03	1.04691627e-07	8.97012346e-05
1.22070312e-03	1.09072707e-07	8.97477909e-05
1.26953125e-03	1.13456107e-07	8.97962568e-05
1.31835938e-03	1.17841919e-07	8.98466333e-05
1.36718750e-03	1.22230239e-07	8.98989217e-05
1.41601563e-03	1.26621158e-07	8.99531233e-05
1.46484375e-03	1.31014770e-07	9.00092392e-05
1.51367188e-03	1.35411169e-07	9.00672710e-05
1.56250000e-03	1.39810449e-07	9.01272198e-05
1.61132813e-03	1.44212702e-07	9.01890872e-05
1.66015625e-03	1.48618024e-07	9.02528746e-05
1.70898438e-03	1.53026507e-07	9.03185835e-05
1.75781250e-03	1.57438245e-07	9.03862155e-05
1.80664063e-03	1.61853332e-07	9.04557722e-05
1.85546875e-03	1.66271863e-07	9.05272552e-05
1.90429688e-03	1.70693932e-07	9.06006663e-05
1.95312500e-03	1.75119632e-07	9.06760071e-05
2.00195313e-03	1.79549058e-07	9.07532795e-05
2.05078125e-03	1.83982304e-07	9.08324852e-05
2.09960937e-03	1.88419465e-07	9.09136261e-05
2.14843750e-03	1.92860635e-07	9.09967043e-05
2.19726562e-03	1.97305909e-07	9.10817216e-05
2.24609375e-03	2.01755382e-07	9.11686800e-05
2.29492188e-03	2.06209148e-07	9.12575816e-05
2.34375000e-03	2.10667303e-07	9.13484285e-05
2.39257813e-03	2.15129940e-07	9.14412229e-05
2.44140625e-03	2.19597157e-07	9.15359669e-05
2.49023438e-03	2.24069047e-07	9.16326628e-05
2.53906250e-03	2.28545707e-07	9.17313128e-05
2.58789063e-03	2.33027231e-07	9.18319194e-05
2.63671875e-03	2.37513716e-07	9.19344849e-05
2.68554688e-03	2.42005256e-07	9.20390116e-05
2.73437500e-03	2.46501948e-07	9.21455022e-05
2.78320313e-03	2.51003888e-07	9.22539590e-05
2.83203125e-03	2.55511172e-07	9.23643848e-05
2.88085938e-03	2.60023896e-07	9.24767820e-05
2.92968750e-03	2.64542156e-07	9.25911533e-05
2.97851563e-03	2.69066049e-07	9.27075015e-05
3.02734375e-03	2.73595671e-07	9.28258292e-05
3.07617188e-03	2.78131120e-07	9.29461394e-05
3.12500000e-03	2.82672491e-07	9.30684348e-05
3.17382812e-03	2.87219883e-07	9.31927183e-05
3.22265625e-03	2.91773391e-07	9.33189928e-05
3.27148438e-03	2.96333114e-07	9.34472615e-05
3.32031250e-03	3.00899149e-07	9.35775272e-05
3.36914063e-03	3.05471593e-07	9.37097931e-05
3.41796875e-03	3.10050545e-07	9.38440622e-05
3.46679688e-03	3.14636102e-07	9.39803379e-05
3.51562500e-03	3.19228361e-07	9.41186232e-05
3.56445313e-03	3.23827423e-07	9.42589215e-05
3.61328125e-03	3.28433383e-07	9.44012361e-05
3.66210938e-03	3.33046343e-07	9.45455703e-05
3.71093750e-03	3.37666399e-07	9.46919276e-05
3.75976563e-03	3.42293651e-07	9.48403114e-05
3.80859375e-03	3.46928197e-07	9.49907253e-05
3.85742188e-03	3.51570138e-07	9.51431727e-05
3.90625000e-03	3.56219573e-07	9.52976573e-05
3.95507812e-03	3.60876600e-07	9.54541828e-05
4.00390625e-03	3.65541320e-07	9.56127529e-05
4.05273438e-03	3.70213833e-07	9.57733712e-05
4.10156250e-03	3.74894238e-07	9.59360417e-05
4.15039062e-03	3.79582637e-07	9.61007681e-05
4.19921875e-03	3.84279129e-07	9.62675544e-05
4.24804688e-03	3.88983816e-07	9.64364044e-05
4.29687500e-03	3.93696797e-07	9.66073223e-05
4.34570313e-03	3.98418175e-07	9.67803120e-05
4.39453125e-03	4.03148050e-07	9.69553776e-05
4.44335937e-03	4.07886525e-07	9.71325233e-05
4.49218750e-03	4.12633699e-07	9.73117532e-05
4.54101563e-03	4.17389677e-07	9.74930717e-05
4.58984375e-03	4.22154558e-07	9.76764830e-05
4.63867188e-03	4.26928447e-07	9.78619914e-05
4.68750000e-03	4.31711445e-07	9.80496013e-05
4.73632813e-03	4.36503655e-07	9.82393172e-05
4.78515625e-03	4.41305179e-07	9.84311436e-05
4.83398438e-03	4.46116123e-07	9.86250850e-05
4.88281250e-03	4.50936587e-07	9.88211459e-05
4.93164063e-03	4.55766677e-07	9.90193311e-05
4.98046875e-03	4.60606496e-07	9.92196452e-05
5.02929688e-03	4.65456148e-07	9.94220930e-05
5.07812500e-03	4.70315737e-07	9.96266792e-05
5.12695312e-03	4.75185368e-07	9.98334087e-05
5.17578125e-03	4.80065145e-07	1.00042286e-04
5.22460938e-03	4.84955175e-07	1.00253317e-04
5.27343750e-03	4.89855561e-07	1.00466506e-04
5.32226563e-03	4.94766410e-07	1.00681858e-04
5.37109375e-03	4.99687827e-07	1.00899379e-04
5.41992188e-03	5.04619918e-07	1.01119073e-04
5.46875000e-03	5.09562789e-07	1.01340945e-04
5.51757813e-03	5.14516548e-07	1.01565002e-04
5.56640625e-03	5.19481300e-07	1.01791247e-04
5.61523438e-03	5.24457153e-07	1.02019688e-04
5.66406250e-03	5.29444214e-07	1.02250328e-04
5.71289063e-03	5.34442590e-07	1.02483173e-04
5.76171875e-03	5.39452390e-07	1.02718230e-04
5.81054688e-03	5.44473722e-07	1.02955503e-04
5.85937500e-03	5.49506693e-07	1.03194998e-04
5.90820313e-03	5.54551413e-07	1.03436721e-04
5.95703125e-03	5.59607990e-07	1.03680678e-04
6.00585938e-03	5.64676534e-07	1.03926874e-04
6.05468750e-03	5.69757153e-07	1.04175315e-04
6.10351562e-03	5.74849959e-07	1.04426007e-04
6.15234375e-03	5.79955061e-07	1.04678956e-04
6.20117188e-03	5.85072569e-07	1.04934168e-04
6.25000000e-03	5.90202593e-07	1.05191649e-04
6.29882813e-03	5.95345246e-07	1.05451405e-04
6.34765625e-03	6.00500638e-07	1.05713442e-04
6.39648438e-03	6.05668880e-07	1.05977767e-04
6.44531250e-03	6.10850085e-07	1.06244385e-04
6.49414063e-03	6.16044365e-07	1.06513304e-04
6.54296875e-03	6.21251831e-07	1.06784529e-04
6.59179688e-03	6.26472598e-07	1.07058067e-04
6.64062500e-03	6.31706777e-07	1.07333925e-04
6.68945313e-03	6.36954483e-07	1.07612108e-04
6.73828125e-03	6.42215829e-07	1.07892624e-04
6.78710938e-03	6.47490929e-07	1.08175479e-04
6.83593750e-03	6.52779898e-07	1.08460679e-04
6.88476563e-03	6.58082850e-07	1.08748233e-04
6.93359375e-03	6.63399900e-07	1.09038145e-04
6.98242188e-03	6.68731164e-07	1.09330424e-04
7.03125000e-03	6.74076757e-07	1.09625077e-04
7.08007812e-03	6.79436796e-07	1.09922109e-04
7.12890625e-03	6.84811397e-07	1.10221529e-04
7.17773438e-03	6.90200676e-07	1.10523343e-04
7.22656250e-03	6.95604751e-07	1.10827559e-04
7.27539063e-03	7.01023738e-07	1.11134184e-04
7.32421875e-03	7.06457757e-07	1.11443224e-04
7.37304688e-03	7.11906925e-07	1.11754688e-04
7.42187500e-03	7.17371360e-07	1.12068583e-04
7.47070313e-03	7.22851182e-07	1.12384916e-04
7.51953125e-03	7.28346509e-07	1.12703694e-04
7.56835938e-03	7.33857462e-07	1.13024926e-04
7.61718750e-03	7.39384160e-07	1.13348619e-04
7.66601563e-03	7.44926723e-07	1.13674780e-04
7.71484375e-03	7.50485273e-07	1.14003417e-04
7.76367188e-03	7.56059930e-07	1.14334539e-04
7.81250000e-03	7.61650816e-07	1.14668153e-04
7.86132813e-03	7.67258053e-07	1.15004266e-04
7.91015625e-03	7.72881763e-07	1.15342888e-04
7.95898438e-03	7.78522068e-07	1.15684025e-04
8.00781250e-03	7.84179092e-07	1.16027686e-04
8.05664062e-03	7.89852959e-07	1.16373880e-04
8.10546875e-03	7.95543791e-07	1.16722614e-04
8.15429687e-03	8.01251714e-07	1.17073896e-04
8.20312500e-03	8.06976851e-07	1.17427736e-04
8.25195313e-03	8.12719329e-07	1.17784141e-04
8.30078125e-03	8.18479272e-07	1.18143120e-04
8.34960938e-03	8.24256806e-07	1.18504681e-04
8.39843750e-03	8.30052058e-07	1.18868833e-04
8.44726563e-03	8.35865154e-07	1.19235585e-04
8.49609375e-03	8.41696221e-07	1.19604945e-04
8.54492188e-03	8.47545388e-07	1.19976923e-04
8.59375000e-03	8.53412782e-07	1.20351526e-04
8.64257812e-03	8.59298531e-07	1.20728764e-04
8.69140625e-03	8.65202765e-07	1.21108647e-04
8.74023438e-03	8.71125612e-07	1.21491181e-04
8.78906250e-03	8.77067203e-07	1.21876378e-04
8.83789063e-03	8.83027668e-07	1.22264246e-04
8.88671875e-03	8.89007136e-07	1.22654795e-04
8.93554688e-03	8.95005741e-07	1.23048033e-04
8.98437500e-03	9.01023612e-07	1.23443970e-04
9.03320312e-03	9.07060882e-07	1.23842615e-04
9.08203125e-03	9.13117683e-07	1.24243978e-04
9.13085937e-03	9.19194149e-07	1.24648068e-04
9.17968750e-03	9.25290413e-07	1.25054896e-04
9.22851563e-03	9.31406609e-07	1.25464470e-04
9.27734375e-03	9.37542870e-07	1.25876801e-04
9.32617188e-03	9.43699332e-07	1.26291897e-04
9.37500000e-03	9.49876131e-07	1.26709770e-04
9.42382813e-03	9.56073401e-07	1.27130429e-04
9.47265625e-03	9.62291280e-07	1.27553884e-04
9.52148438e-03	9.68529904e-07	1.27980145e-04
9.57031250e-03	9.74789410e-07	1.28409222e-04
9.61914063e-03	9.81069936e-07	1.28841126e-04
9.66796875e-03	9.87371620e-07	1.29275866e-04
9.71679688e-03	9.93694602e-07	1.29713454e-04
9.76562500e-03	1.00003902e-06	1.30153899e-04
9.81445313e-03	1.00640501e-06	1.30597212e-04
9.86328125e-03	1.01279272e-06	1.31043403e-04
9.91210938e-03	1.01920229e-06	1.31492484e-04
9.96093750e-03	1.02563386e-06	1.31944464e-04
1.00097656e-02	1.03208756e-06	1.32399356e-04
1.00585938e-02	1.03856355e-06	1.32857168e-04
1.01074219e-02	1.04506197e-06	1.33317913e-04
1.01562500e-02	1.05158295e-06	1.33781601e-04
1.02050781e-02	1.05812665e-06	1.34248243e-04
1.02539062e-02	1.06469321e-06	1.34717851e-04
1.03027344e-02	1.07128276e-06	1.35190435e-04
1.03515625e-02	1.07789547e-06	1.35666008e-04
1.04003906e-02	1.08453147e-06	1.36144579e-04
1.04492188e-02	1.09119091e-06	1.36626161e-04
1.04980469e-02	1.09787394e-06	1.37110765e-04
1.05468750e-02	1.10458071e-06	1.37598403e-04
1.05957031e-02	1.11131136e-06	1.38089086e-04
1.06445313e-02	1.11806605e-06	1.38582826e-04
1.06933594e-02	1.12484491e-06	1.39079634e-04
1.07421875e-02	1.13164812e-06	1.39579523e-04
1.07910156e-02	1.13847580e-06	1.40082505e-04
1.08398438e-02	1.14532812e-06	1.40588591e-04
1.08886719e-02	1.15220523e-06	1.41097793e-04
1.09375000e-02	1.15910728e-06	1.41610124e-04
1.09863281e-02	1.16603442e-06	1.42125596e-04
1.10351563e-02	1.17298681e-06	1.42644221e-04
1.10839844e-02	1.17996460e-06	1.43166012e-04
1.11328125e-02	1.18696795e-06	1.43690980e-04
1.11816406e-02	1.19399700e-06	1.44219139e-04
1.12304688e-02	1.20105192e-06	1.44750501e-04
1.12792969e-02	1.20813287e-06	1.45285078e-04
1.13281250e-02	1.21524000e-06	1.45822884e-04
1.13769531e-02	1.22237347e-06	1.46363932e-04
1.14257813e-02	1.22953343e-06	1.46908233e-04
1.14746094e-02	1.23672005e-06	1.47455802e-04
1.15234375e-02	1.24393349e-06	1.48006651e-04
1.15722656e-02	1.25117391e-06	1.48560793e-04
1.16210938e-02	1.25844146e-06	1.49118242e-04
1.16699219e-02	1.26573632e-06	1.49679010e-04
1.17187500e-02	1.27305863e-06	1.50243113e-04
1.17675781e-02	1.28040858e-06	1.50810561e-04
1.18164063e-02	1.28778631e-06	1.51381370e-04
1.18652344e-02	1.29519200e-06	1.51955553e-04
1.19140625e-02	1.30262580e-06	1.52533124e-04
1.19628906e-02	1.31008789e-06	1.53114096e-04
1.20117188e-02	1.31757843e-06	1.53698483e-04
1.20605469e-02	1.32509759e-06	1.54286300e-04
1.21093750e-02	1.33264554e-06	1.54877560e-04
1.21582031e-02	1.34022244e-06	1.55472277e-04
1.22070312e-02	1.34782846e-06	1.56070466e-04
1.22558594e-02	1.35546378e-06	1.56672140e-04
1.23046875e-02	1.36312856e-06	1.57277315e-04
1.23535156e-02	1.37082298e-06	1.57886005e-04
1.24023438e-02	1.37854720e-06	1.58498224e-04
1.24511719e-02	1.38630141e-06	1.59113986e-04
1.25000000e-02	1.39408577e-06	1.59733308e-04
1.25488281e-02	1.40190045e-06	1.60356202e-04
1.25976563e-02	1.40974564e-06	1.60982685e-04
1.26464844e-02	1.41762151e-06	1.61612771e-04
1.26953125e-02	1.42552823e-06	1.62246476e-04
1.27441406e-02	1.43346598e-06	1.62883814e-04
1.27929688e-02	1.44143494e-06	1.63524800e-04
1.28417969e-02	1.44943528e-06	1.64169451e-04
1.28906250e-02	1.45746720e-06	1.64817781e-04
1.29394531e-02	1.46553086e-06	1.65469806e-04
1.29882813e-02	1.47362645e-06	1.66125541e-04
1.30371094e-02	1.48175415e-06	1.66785003e-04
1.30859375e-02	1.48991414e-06	1.67448206e-04
1.31347656e-02	1.49810661e-06	1.68115168e-04
1.31835938e-02	1.50633173e-06	1.68785903e-04
1.32324219e-02	1.51458970e-06	1.69460428e-04
1.32812500e-02	1.52288069e-06	1.70138759e-04
1.33300781e-02	1.53120490e-06	1.70820912e-04
1.33789063e-02	1.53956252e-06	1.71506904e-04
1.34277344e-02	1.54795372e-06	1.72196750e-04
1.34765625e-02	1.55637870e-06	1.72890468e-04
1.35253906e-02	1.56483765e-06	1.73588074e-04
1.35742188e-02	1.57333075e-06	1.74289585e-04
1.36230469e-02	1.58185821e-06	1.74995017e-04
1.36718750e-02	1.59042021e-06	1.75704388e-04
1.37207031e-02	1.59901694e-06	1.76417714e-04
1.37695313e-02	1.60764860e-06	1.77135013e-04
1.38183594e-02	1.61631538e-06	1.77856301e-04
1.38671875e-02	1.62501747e-06	1.78581596e-04
1.39160156e-02	1.63375508e-06	1.79310916e-04
1.39648438e-02	1.64252840e-06	1.80044277e-04
1.40136719e-02	1.65133763e-06	1.80781697e-04
1.40625000e-02	1.66018297e-06	1.81523195e-04
1.41113281e-02	1.66906461e-06	1.82268787e-04
1.41601562e-02	1.67798275e-06	1.83018492e-04
1.42089844e-02	1.68693761e-06	1.83772327e-04
1.42578125e-02	1.69592937e-06	1.84530312e-04
1.43066406e-02	1.70495825e-06	1.85292463e-04
1.43554688e-02	1.71402444e-06	1.86058799e-04
1.44042969e-02	1.72312815e-06	1.86829338e-04
1.44531250e-02	1.73226960e-06	1.87604099e-04
1.45019531e-02	1.74144897e-06	1.88383101e-04
1.45507813e-02	1.75066649e-06	1.89166362e-04
1.45996094e-02	1.75992235e-06	1.89953901e-04
1.46484375e-02	1.76921678e-06	1.90745737e-04
1.46972656e-02	1.77854997e-06	1.91541889e-04
1.47460938e-02	1.78792215e-06	1.92342375e-04
1.47949219e-02	1.79733351e-06	1.93147216e-04
1.48437500e-02	1.80678429e-06	1.93956430e-04
1.48925781e-02	1.81627468e-06	1.94770037e-04
1.49414063e-02	1.82580490e-06	1.95588056e-04
1.49902344e-02	1.83537518e-06	1.96410507e-04
1.50390625e-02	1.84498573e-06	1.97237410e-04
1.50878906e-02	1.85463676e-06	1.98068785e-04
1.51367188e-02	1.86432849e-06	1.98904651e-04
1.51855469e-02	1.87406115e-06	1.99745029e-04
1.52343750e-02	1.88383495e-06	2.00589938e-04
1.52832031e-02	1.89365012e-06	2.01439399e-04
1.53320313e-02	1.90350688e-06	2.02293433e-04
1.53808594e-02	1.91340545e-06	2.03152060e-04
1.54296875e-02	1.92334606e-06	2.04015300e-04
1.54785156e-02	1.93332893e-06	2.04883175e-04
1.55273438e-02	1.94335430e-06	2.05755704e-04
1.55761719e-02	1.95342238e-06	2.06632910e-04
1.56250000e-02	1.96353341e-06	2.07514813e-04
1.56738281e-02	1.97368761e-06	2.08401434e-04
1.57226563e-02	1.98388523e-06	2.09292795e-04
1.57714844e-02	1.99412648e-06	2.10188917e-04
1.58203125e-02	2.00441160e-06	2.11089821e-04
1.58691406e-02	2.01474084e-06	2.11995530e-04
1.59179688e-02	2.02511441e-06	2.12906065e-04
1.59667969e-02	2.03553256e-06	2.13821447e-04
1.60156250e-02	2.04599553e-06	2.14741700e-04
1.60644531e-02	2.05650355e-06	2.15666844e-04
1.61132812e-02	2.06705687e-06	2.16596903e-04
1.61621094e-02	2.07765571e-06	2.17531898e-04
1.62109375e-02	2.08830034e-06	2.18471853e-04
1.62597656e-02	2.09899098e-06	2.19416789e-04
1.63085937e-02	2.10972788e-06	2.20366730e-04
1.63574219e-02	2.12051129e-06	2.21321697e-04
1.64062500e-02	2.13134145e-06	2.22281715e-04
1.64550781e-02	2.14221861e-06	2.23246807e-04
1.65039063e-02	2.15314302e-06	2.24216995e-04
1.65527344e-02	2.16411493e-06	2.25192303e-04
1.66015625e-02	2.17513458e-06	2.26172754e-04
1.66503906e-02	2.18620224e-06	2.27158372e-04
1.66992188e-02	2.19731814e-06	2.28149181e-04
1.67480469e-02	2.20848256e-06	2.29145204e-04
1.67968750e-02	2.21969573e-06	2.30146466e-04
1.68457031e-02	2.23095793e-06	2.31152990e-04
1.68945313e-02	2.24226939e-06	2.32164802e-04
1.69433594e-02	2.25363040e-06	2.33181924e-04
1.69921875e-02	2.26504120e-06	2.34204383e-04
1.70410156e-02	2.27650205e-06	2.35232201e-04
1.70898438e-02	2.28801322e-06	2.36265405e-04
1.71386719e-02	2.29957498e-06	2.37304018e-04
1.71875000e-02	2.31118758e-06	2.38348067e-04
1.72363281e-02	2.32285129e-06	2.39397575e-04
1.72851562e-02	2.33456638e-06	2.40452569e-04
1.73339844e-02	2.34633312e-06	2.41513074e-04
1.73828125e-02	2.35815178e-06	2.42579116e-04
1.74316406e-02	2.37002262e-06	2.43650719e-04
1.74804688e-02	2.38194593e-06	2.44727910e-04
1.75292969e-02	2.39392197e-06	2.45810715e-04
1.75781250e-02	2.40595102e-06	2.46899160e-04
1.76269531e-02	2.41803335e-06	2.47993272e-04
1.76757813e-02	2.43016925e-06	2.49093076e-04
1.77246094e-02	2.44235899e-06	2.50198599e-04
1.77734375e-02	2.45460285e-06	2.51309867e-04
1.78222656e-02	2.46690111e-06	2.52426909e-04
1.78710938e-02	2.47925405e-06	2.53549750e-04
1.79199219e-02	2.49166197e-06	2.54678417e-04
1.79687500e-02	2.50412514e-06	2.55812938e-04
1.80175781e-02	2.51664384e-06	2.56953341e-04
1.80664062e-02	2.52921838e-06	2.58099652e-04
1.81152344e-02	2.54184903e-06	2.59251900e-04
1.81640625e-02	2.55453609e-06	2.60410111e-04
1.82128906e-02	2.56727986e-06	2.61574315e-04
1.82617187e-02	2.58008061e-06	2.62744539e-04
1.83105469e-02	2.59293865e-06	2.63920812e-04
1.83593750e-02	2.60585427e-06	2.65103161e-04
1.84082031e-02	2.61882778e-06	2.66291616e-04
1.84570313e-02	2.63185946e-06	2.67486205e-04
1.85058594e-02	2.64494963e-06	2.68686956e-04
1.85546875e-02	2.65809858e-06	2.69893900e-04
1.86035156e-02	2.67130661e-06	2.71107065e-04
1.86523438e-02	2.68457403e-06	2.72326480e-04
1.87011719e-02	2.69790114e-06	2.73552176e-04
1.87500000e-02	2.71128826e-06	2.74784180e-04
1.87988281e-02	2.72473569e-06	2.76022524e-04
1.88476563e-02	2.73824374e-06	2.77267237e-04
1.88964844e-02	2.75181273e-06	2.78518349e-04
1.89453125e-02	2.76544296e-06	2.79775891e-04
1.89941406e-02	2.77913475e-06	2.81039893e-04
1.90429688e-02	2.79288842e-06	2.82310385e-04
1.90917969e-02	2.80670428e-06	2.83587398e-04
1.91406250e-02	2.82058266e-06	2.84870963e-04
1.91894531e-02	2.83452387e-06	2.86161111e-04
1.92382813e-02	2.84852824e-06	2.87457874e-04
1.92871094e-02	2.86259609e-06	2.88761282e-04
1.93359375e-02	2.87672775e-06	2.90071367e-04
1.93847656e-02	2.89092354e-06	2.91388161e-04
1.94335938e-02	2.90518379e-06	2.92711695e-04
1.94824219e-02	2.91950883e-06	2.94042002e-04
1.95312500e-02	2.93389899e-06	2.95379114e-04
1.95800781e-02	2.94835461e-06	2.96723064e-04
1.96289063e-02	2.96287602e-06	2.98073883e-04
1.96777344e-02	2.97746356e-06	2.99431604e-04
1.97265625e-02	2.99211756e-06	3.00796261e-04
1.97753906e-02	3.00683836e-06	3.02167886e-04
1.98242188e-02	3.02162631e-06	3.03546512e-04
1.98730469e-02	3.03648175e-06	3.04932174e-04
1.99218750e-02	3.05140502e-06	3.06324904e-04
1.99707031e-02	3.06639646e-06	3.07724736e-04
2.00195312e-02	3.08145644e-06	3.09131704e-04
2.00683594e-02	3.09658528e-06	3.10545842e-04
2.01171875e-02	3.11178335e-06	3.11967185e-04
2.01660156e-02	3.12705100e-06	3.13395766e-04
2.02148438e-02	3.14238859e-06	3.14831621e-04
2.02636719e-02	3.15779646e-06	3.16274784e-04
2.03125000e-02	3.17327498e-06	3.17725290e-04
2.03613281e-02	3.18882450e-06	3.19183175e-04
2.04101563e-02	3.20444539e-06	3.20648473e-04
2.04589844e-02	3.22013801e-06	3.22121220e-04
2.05078125e-02	3.23590272e-06	3.23601452e-04
2.05566406e-02	3.25173990e-06	3.25089205e-04
2.06054688e-02	3.26764990e-06	3.26584515e-04
2.06542969e-02	3.28363310e-06	3.28087418e-04
2.07031250e-02	3.29968987e-06	3.29597950e-04
2.07519531e-02	3.31582059e-06	3.31116149e-04
2.08007813e-02	3.33202562e-06	3.32642050e-04
2.08496094e-02	3.34830535e-06	3.34175691e-04
2.08984375e-02	3.36466016e-06	3.35717110e-04
2.09472656e-02	3.38109042e-06	3.37266343e-04
2.09960938e-02	3.39759651e-06	3.38823428e-04
2.10449219e-02	3.41417883e-06	3.40388403e-04
2.10937500e-02	3.43083776e-06	3.41961306e-04
2.11425781e-02	3.44757369e-06	3.43542175e-04
2.11914063e-02	3.46438700e-06	3.45131049e-04
2.12402344e-02	3.48127809e-06	3.46727965e-04
2.12890625e-02	3.49824735e-06	3.48332963e-04
2.13378906e-02	3.51529518e-06	3.49946082e-04
2.13867188e-02	3.53242197e-06	3.51567361e-04
2.14355469e-02	3.54962813e-06	3.53196839e-04
2.14843750e-02	3.56691405e-06	3.54834556e-04
2.15332031e-02	3.58428014e-06	3.56480551e-04
2.15820313e-02	3.60172681e-06	3.58134865e-04
2.16308594e-02	3.61925445e-06	3.59797538e-04
2.16796875e-02	3.63686349e-06	3.61468610e-04
2.17285156e-02	3.65455433e-06	3.63148122e-04
2.17773438e-02	3.67232738e-06	3.64836114e-04
2.18261719e-02	3.69018306e-06	3.66532628e-04
2.18750000e-02	3.70812179e-06	3.68237704e-04
2.19238281e-02	3.72614399e-06	3.69951385e-04
2.19726562e-02	3.74425007e-06	3.71673711e-04
2.20214844e-02	3.76244046e-06	3.73404726e-04
2.20703125e-02	3.78071559e-06	3.75144470e-04
2.21191406e-02	3.79907588e-06	3.76892986e-04
2.21679688e-02	3.81752176e-06	3.78650317e-04
2.22167969e-02	3.83605366e-06	3.80416505e-04
2.22656250e-02	3.85467202e-06	3.82191594e-04
2.23144531e-02	3.87337728e-06	3.83975626e-04
2.23632813e-02	3.89216986e-06	3.85768644e-04
2.24121094e-02	3.91105022e-06	3.87570694e-04
2.24609375e-02	3.93001878e-06	3.89381818e-04
2.25097656e-02	3.94907601e-06	3.91202060e-04
2.25585938e-02	3.96822233e-06	3.93031464e-04
2.26074219e-02	3.98745821e-06	3.94870076e-04
2.26562500e-02	4.00678409e-06	3.96717940e-04
2.27050781e-02	4.02620043e-06	3.98575101e-04
2.27539063e-02	4.04570767e-06	4.00441604e-04
2.28027344e-02	4.06530628e-06	4.02317495e-04
2.28515625e-02	4.08499672e-06	4.04202818e-04
2.29003906e-02	4.10477944e-06	4.06097621e-04
2.29492188e-02	4.12465492e-06	4.08001949e-04
2.29980469e-02	4.14462362e-06	4.09915849e-04
2.30468750e-02	4.16468600e-06	4.11839367e-04
2.30957031e-02	4.18484254e-06	4.13772550e-04
2.31445313e-02	4.20509371e-06	4.15715446e-04
2.31933594e-02	4.22543999e-06	4.17668101e-04
2.32421875e-02	4.24588185e-06	4.19630563e-04
2.32910156e-02	4.26641978e-06	4.21602880e-04
2.33398438e-02	4.28705425e-06	4.23585099e-04
2.33886719e-02	4.30778575e-06	4.25577271e-04
2.34375000e-02	4.32861478e-06	4.27579442e-04
2.34863281e-02	4.34954180e-06	4.29591661e-04
2.35351563e-02	4.37056733e-06	4.31613979e-04
2.35839844e-02	4.39169185e-06	4.33646443e-04
2.36328125e-02	4.41291587e-06	4.35689104e-04
2.36816406e-02	4.43423987e-06	4.37742011e-04
2.37304688e-02	4.45566436e-06	4.39805215e-04
2.37792969e-02	4.47718985e-06	4.41878765e-04
2.38281250e-02	4.49881684e-06	4.43962713e-04
2.38769531e-02	4.52054584e-06	4.46057109e-04
2.39257812e-02	4.54237736e-06	4.48162004e-04
2.39746094e-02	4.56431192e-06	4.50277450e-04
2.40234375e-02	4.58635003e-06	4.52403498e-04
2.40722656e-02	4.60849221e-06	4.54540200e-04
2.41210938e-02	4.63073898e-06	4.56687608e-04
2.41699219e-02	4.65309087e-06	4.58845775e-04
2.42187500e-02	4.67554840e-06	4.61014753e-04
2.42675781e-02	4.69811210e-06	4.63194596e-04
2.43164063e-02	4.72078251e-06	4.65385356e-04
2.43652344e-02	4.74356016e-06	4.67587086e-04
2.44140625e-02	4.76644558e-06	4.69799842e-04
2.44628906e-02	4.78943932e-06	4.72023676e-04
2.45117188e-02	4.81254192e-06	4.74258644e-04
2.45605469e-02	4.83575392e-06	4.76504799e-04
2.46093750e-02	4.85907586e-06	4.78762196e-04
2.46582031e-02	4.88250831e-06	4.81030892e-04
2.47070313e-02	4.90605181e-06	4.83310940e-04
2.47558594e-02	4.92970693e-06	4.85602397e-04
2.48046875e-02	4.95347420e-06	4.87905319e-04
2.48535156e-02	4.97735421e-06	4.90219762e-04
2.49023438e-02	5.00134751e-06	4.92545782e-04
2.49511719e-02	5.02545467e-06	4.94883437e-04
2.50000000e-02	5.04967626e-06	4.97232784e-04
2.50488281e-02	5.07401284e-06	4.99593880e-04
2.50976563e-02	5.09846501e-06	5.01966782e-04
2.51464844e-02	5.12303333e-06	5.04351549e-04
2.51953125e-02	5.14771838e-06	5.06748239e-04
2.52441406e-02	5.17252075e-06	5.09156911e-04
2.52929688e-02	5.19744103e-06	5.11577624e-04
2.53417969e-02	5.22247980e-06	5.14010436e-04
2.53906250e-02	5.24763766e-06	5.16455408e-04
2.54394531e-02	5.27291520e-06	5.18912599e-04
2.54882813e-02	5.29831302e-06	5.21382069e-04
2.55371094e-02	5.32383172e-06	5.23863879e-04
2.55859375e-02	5.34947190e-06	5.26358089e-04
2.56347656e-02	5.37523418e-06	5.28864761e-04
2.56835938e-02	5.40111916e-06	5.31383956e-04
2.57324219e-02	5.42712745e-06	5.33915735e-04
2.57812500e-02	5.45325967e-06	5.36460160e-04
2.58300781e-02	5.47951645e-06	5.39017294e-04
2.58789062e-02	5.50589839e-06	5.41587200e-04
2.59277344e-02	5.53240614e-06	5.44169939e-04
2.59765625e-02	5.55904030e-06	5.46765577e-04
2.60253906e-02	5.58580153e-06	5.49374175e-04
2.60742188e-02	5.61269044e-06	5.51995798e-04
2.61230469e-02	5.63970769e-06	5.54630511e-04
2.61718750e-02	5.66685390e-06	5.57278377e-04
2.62207031e-02	5.69412973e-06	5.59939462e-04
2.62695313e-02	5.72153581e-06	5.62613830e-04
2.63183594e-02	5.74907281e-06	5.65301548e-04
2.63671875e-02	5.77674137e-06	5.68002681e-04
2.64160156e-02	5.80454215e-06	5.70717296e-04
2.64648438e-02	5.83247581e-06	5.73445458e-04
2.65136719e-02	5.86054302e-06	5.76187235e-04
2.65625000e-02	5.88874443e-06	5.78942694e-04
2.66113281e-02	5.91708072e-06	5.81711903e-04
2.66601563e-02	5.94555257e-06	5.84494929e-04
2.67089844e-02	5.97416065e-06	5.87291841e-04
2.67578125e-02	6.00290563e-06	5.90102707e-04
2.68066406e-02	6.03178821e-06	5.92927596e-04
2.68554688e-02	6.06080906e-06	5.95766578e-04
2.69042969e-02	6.08996888e-06	5.98619722e-04
2.69531250e-02	6.11926836e-06	6.01487098e-04
2.70019531e-02	6.14870820e-06	6.04368777e-04
2.70507813e-02	6.17828910e-06	6.07264829e-04
2.70996094e-02	6.20801176e-06	6.10175325e-04
2.71484375e-02	6.23787689e-06	6.13100336e-04
2.71972656e-02	6.26788520e-06	6.16039936e-04
2.72460938e-02	6.29803740e-06	6.18994194e-04
2.72949219e-02	6.32833421e-06	6.21963185e-04
2.73437500e-02	6.35877635e-06	6.24946981e-04
2.73925781e-02	6.38936455e-06	6.27945655e-04
2.74414063e-02	6.42009954e-06	6.30959281e-04
2.74902344e-02	6.45098204e-06	6.33987933e-04
2.75390625e-02	6.48201279e-06	6.37031686e-04
2.75878906e-02	6.51319253e-06	6.40090613e-04
2.76367188e-02	6.54452201e-06	6.43164790e-04
2.76855469e-02	6.57600197e-06	6.46254294e-04
2.77343750e-02	6.60763316e-06	6.49359198e-04
2.77832031e-02	6.63941633e-06	6.52479581e-04
2.78320312e-02	6.67135225e-06	6.55615518e-04
2.78808594e-02	6.70344167e-06	6.58767087e-04
2.79296875e-02	6.73568535e-06	6.61934364e-04
2.79785156e-02	6.76808408e-06	6.65117429e-04
2.80273438e-02	6.80063861e-06	6.68316359e-04
2.80761719e-02	6.83334974e-06	6.71531232e-04
2.81250000e-02	6.86621823e-06	6.74762128e-04
2.81738281e-02	6.89924487e-06	6.78009127e-04
2.82226563e-02	6.93243045e-06	6.81272307e-04
2.82714844e-02	6.96577577e-06	6.84551750e-04
2.83203125e-02	6.99928161e-06	6.87847536e-04
2.83691406e-02	7.03294878e-06	6.91159746e-04
2.84179688e-02	7.06677808e-06	6.94488461e-04
2.84667969e-02	7.10077032e-06	6.97833764e-04
2.85156250e-02	7.13492631e-06	7.01195736e-04
2.85644531e-02	7.16924688e-06	7.04574461e-04
2.86132813e-02	7.20373283e-06	7.07970021e-04
2.86621094e-02	7.23838499e-06	7.11382500e-04
2.87109375e-02	7.27320419e-06	7.14811982e-04
2.87597656e-02	7.30819126e-06	7.18258552e-04
2.88085938e-02	7.34334704e-06	7.21722294e-04
2.88574219e-02	7.37867238e-06	7.25203293e-04
2.89062500e-02	7.41416810e-06	7.28701636e-04
2.89550781e-02	7.44983507e-06	7.32217408e-04
2.90039063e-02	7.48567413e-06	7.35750696e-04
2.90527344e-02	7.52168615e-06	7.39301587e-04
2.91015625e-02	7.55787199e-06	7.42870168e-04
2.91503906e-02	7.59423250e-06	7.46456528e-04
2.91992188e-02	7.63076857e-06	7.50060754e-04
2.92480469e-02	7.66748106e-06	7.53682936e-04
2.92968750e-02	7.70437086e-06	7.57323162e-04
2.93457031e-02	7.74143884e-06	7.60981523e-04
2.93945313e-02	7.77868591e-06	7.64658107e-04
2.94433594e-02	7.81611293e-06	7.68353007e-04
2.94921875e-02	7.85372083e-06	7.72066314e-04
2.95410156e-02	7.89151049e-06	7.75798117e-04
2.95898438e-02	7.92948282e-06	7.79548511e-04
2.96386719e-02	7.96763873e-06	7.83317586e-04
2.96875000e-02	8.00597913e-06	7.87105436e-04
2.97363281e-02	8.04450495e-06	7.90912155e-04
2.97851562e-02	8.08321711e-06	7.94737836e-04
2.98339844e-02	8.12211654e-06	7.98582573e-04
2.98828125e-02	8.16120416e-06	8.02446462e-04
2.99316406e-02	8.20048092e-06	8.06329597e-04
2.99804688e-02	8.23994776e-06	8.10232075e-04
3.00292969e-02	8.27960562e-06	8.14153992e-04
3.00781250e-02	8.31945546e-06	8.18095444e-04
3.01269531e-02	8.35949823e-06	8.22056528e-04
3.01757813e-02	8.39973490e-06	8.26037343e-04
3.02246094e-02	8.44016642e-06	8.30037987e-04
3.02734375e-02	8.48079378e-06	8.34058558e-04
3.03222656e-02	8.52161794e-06	8.38099155e-04
3.03710938e-02	8.56263989e-06	8.42159879e-04
3.04199219e-02	8.60386061e-06	8.46240830e-04
3.04687500e-02	8.64528110e-06	8.50342107e-04
3.05175781e-02	8.68690233e-06	8.54463813e-04
3.05664063e-02	8.72872533e-06	8.58606050e-04
3.06152344e-02	8.77075108e-06	8.62768919e-04
3.06640625e-02	8.81298061e-06	8.66952524e-04
3.07128906e-02	8.85541493e-06	8.71156967e-04
3.07617188e-02	8.89805505e-06	8.75382353e-04
3.08105469e-02	8.94090200e-06	8.79628785e-04
3.08593750e-02	8.98395681e-06	8.83896370e-04
3.09082031e-02	9.02722052e-06	8.88185211e-04
3.09570313e-02	9.07069417e-06	8.92495416e-04
3.10058594e-02	9.11437880e-06	8.96827091e-04
3.10546875e-02	9.15827547e-06	9.01180342e-04
3.11035156e-02	9.20238522e-06	9.05555278e-04
3.11523438e-02	9.24670913e-06	9.09952006e-04
3.12011719e-02	9.29124826e-06	9.14370635e-04
3.12500000e-02	9.33600368e-06	9.18811275e-04
3.12988281e-02	9.38097646e-06	9.23274034e-04
3.13476563e-02	9.42616770e-06	9.27759024e-04
3.13964844e-02	9.47157847e-06	9.32266356e-04
3.14453125e-02	9.51720988e-06	9.36796140e-04
3.14941406e-02	9.56306302e-06	9.41348489e-04
3.15429688e-02	9.60913900e-06	9.45923516e-04
3.15917969e-02	9.65543892e-06	9.50521333e-04
3.16406250e-02	9.70196391e-06	9.55142054e-04
3.16894531e-02	9.74871508e-06	9.59785794e-04
3.17382812e-02	9.79569355e-06	9.64452668e-04
3.17871094e-02	9.84290047e-06	9.69142790e-04
3.18359375e-02	9.89033698e-06	9.73856277e-04
3.18847656e-02	9.93800420e-06	9.78593246e-04
3.19335938e-02	9.98590330e-06	9.83353814e-04
3.19824219e-02	1.00340354e-05	9.88138099e-04
3.20312500e-02	1.00824017e-05	9.92946219e-04
3.20800781e-02	1.01310034e-05	9.97778292e-04
3.21289062e-02	1.01798416e-05	1.00263444e-03
3.21777344e-02	1.02289175e-05	1.00751478e-03
3.22265625e-02	1.02782323e-05	1.01241944e-03
3.22753906e-02	1.03277872e-05	1.01734853e-03
3.23242188e-02	1.03775834e-05	1.02230218e-03
3.23730469e-02	1.04276220e-05	1.02728051e-03
3.24218750e-02	1.04779043e-05	1.03228365e-03
3.24707031e-02	1.05284316e-05	1.03731172e-03
3.25195313e-02	1.05792049e-05	1.04236483e-03
3.25683594e-02	1.06302256e-05	1.04744313e-03
3.26171875e-02	1.06814949e-05	1.05254673e-03
3.26660156e-02	1.07330140e-05	1.05767576e-03
3.27148438e-02	1.07847842e-05	1.06283034e-03
3.27636719e-02	1.08368067e-05	1.06801062e-03
3.28125000e-02	1.08890827e-05	1.07321670e-03
3.28613281e-02	1.09416136e-05	1.07844873e-03
3.29101563e-02	1.09944006e-05	1.08370683e-03
3.29589844e-02	1.10474450e-05	1.08899113e-03
3.30078125e-02	1.11007480e-05	1.09430177e-03
3.30566406e-02	1.11543111e-05	1.09963887e-03
3.31054687e-02	1.12081353e-05	1.10500257e-03
3.31542969e-02	1.12622221e-05	1.11039300e-03
3.32031250e-02	1.13165728e-05	1.11581030e-03
3.32519531e-02	1.13711886e-05	1.12125459e-03
3.33007813e-02	1.14260710e-05	1.12672602e-03
3.33496094e-02	1.14812211e-05	1.13222472e-03
3.33984375e-02	1.15366404e-05	1.13775082e-03
3.34472656e-02	1.15923303e-05	1.14330447e-03
3.34960938e-02	1.16482920e-05	1.14888579e-03
3.35449219e-02	1.17045268e-05	1.15449494e-03
3.35937500e-02	1.17610363e-05	1.16013204e-03
3.36425781e-02	1.18178217e-05	1.16579724e-03
3.36914062e-02	1.18748844e-05	1.17149069e-03
3.37402344e-02	1.19322257e-05	1.17721251e-03
3.37890625e-02	1.19898472e-05	1.18296285e-03
3.38378906e-02	1.20477502e-05	1.18874186e-03
3.38867188e-02	1.21059360e-05	1.19454968e-03
3.39355469e-02	1.21644061e-05	1.20038645e-03
3.39843750e-02	1.22231619e-05	1.20625232e-03
3.40332031e-02	1.22822049e-05	1.21214744e-03
3.40820312e-02	1.23415364e-05	1.21807194e-03
3.41308594e-02	1.24011580e-05	1.22402598e-03
3.41796875e-02	1.24610709e-05	1.23000970e-03
3.42285156e-02	1.25212768e-05	1.23602326e-03
3.42773438e-02	1.25817771e-05	1.24206680e-03
3.43261719e-02	1.26425731e-05	1.24814048e-03
3.43750000e-02	1.27036665e-05	1.25424444e-03
3.44238281e-02	1.27650587e-05	1.26037883e-03
3.44726563e-02	1.28267511e-05	1.26654381e-03
3.45214844e-02	1.28887454e-05	1.27273954e-03
3.45703125e-02	1.29510429e-05	1.27896616e-03
3.46191406e-02	1.30136452e-05	1.28522383e-03
3.46679688e-02	1.30765538e-05	1.29151270e-03
3.47167969e-02	1.31397702e-05	1.29783294e-03
3.47656250e-02	1.32032960e-05	1.30418470e-03
3.48144531e-02	1.32671328e-05	1.31056813e-03
3.48632813e-02	1.33312820e-05	1.31698340e-03
3.49121094e-02	1.33957452e-05	1.32343067e-03
3.49609375e-02	1.34605240e-05	1.32991009e-03
3.50097656e-02	1.35256200e-05	1.33642183e-03
3.50585937e-02	1.35910348e-05	1.34296605e-03
3.51074219e-02	1.36567699e-05	1.34954291e-03
3.51562500e-02	1.37228269e-05	1.35615258e-03
3.52050781e-02	1.37892074e-05	1.36279521e-03
3.52539063e-02	1.38559132e-05	1.36947098e-03
3.53027344e-02	1.39229457e-05	1.37618006e-03
3.53515625e-02	1.39903066e-05	1.38292260e-03
3.54003906e-02	1.40579975e-05	1.38969878e-03
3.54492188e-02	1.41260202e-05	1.39650876e-03
3.54980469e-02	1.41943762e-05	1.40335272e-03
3.55468750e-02	1.42630672e-05	1.41023082e-03
3.55957031e-02	1.43320948e-05	1.41714324e-03
3.56445312e-02	1.44014609e-05	1.42409014e-03
3.56933594e-02	1.44711670e-05	1.43107171e-03
3.57421875e-02	1.45412148e-05	1.43808811e-03
3.57910156e-02	1.46116061e-05	1.44513952e-03
3.58398438e-02	1.46823426e-05	1.45222612e-03
3.58886719e-02	1.47534260e-05	1.45934808e-03
3.59375000e-02	1.48248579e-05	1.46650558e-03
3.59863281e-02	1.48966403e-05	1.47369880e-03
3.60351562e-02	1.49687747e-05	1.48092791e-03
3.60839844e-02	1.50412630e-05	1.48819310e-03
3.61328125e-02	1.51141070e-05	1.49549455e-03
3.61816406e-02	1.51873083e-05	1.50283244e-03
3.62304688e-02	1.52608688e-05	1.51020695e-03
3.62792969e-02	1.53347903e-05	1.51761827e-03
3.63281250e-02	1.54090746e-05	1.52506658e-03
3.63769531e-02	1.54837235e-05	1.53255207e-03
3.64257813e-02	1.55587388e-05	1.54007492e-03
3.64746094e-02	1.56341224e-05	1.54763532e-03
3.65234375e-02	1.57098760e-05	1.55523346e-03
3.65722656e-02	1.57860016e-05	1.56286953e-03
3.66210938e-02	1.58625009e-05	1.57054372e-03
3.66699219e-02	1.59393759e-05	1.57825622e-03
3.67187500e-02	1.60166285e-05	1.58600723e-03
3.67675781e-02	1.60942604e-05	1.59379693e-03
3.68164063e-02	1.61722736e-05	1.60162553e-03
3.68652344e-02	1.62506701e-05	1.60949321e-03
3.69140625e-02	1.63294517e-05	1.61740017e-03
3.69628906e-02	1.64086203e-05	1.62534661e-03
3.70117187e-02	1.64881779e-05	1.63333273e-03
3.70605469e-02	1.65681264e-05	1.64135873e-03
3.71093750e-02	1.66484678e-05	1.64942481e-03
3.71582031e-02	1.67292040e-05	1.65753116e-03
3.72070313e-02	1.68103371e-05	1.66567800e-03
3.72558594e-02	1.68918689e-05	1.67386552e-03
3.73046875e-02	1.69738015e-05	1.68209393e-03
3.73535156e-02	1.70561369e-05	1.69036344e-03
3.74023438e-02	1.71388771e-05	1.69867425e-03
3.74511719e-02	1.72220241e-05	1.70702657e-03
3.75000000e-02	1.73055799e-05	1.71542060e-03
3.75488281e-02	1.73895466e-05	1.72385656e-03
3.75976562e-02	1.74739263e-05	1.73233466e-03
3.76464844e-02	1.75587210e-05	1.74085511e-03
3.76953125e-02	1.76439327e-05	1.74941812e-03
3.77441406e-02	1.77295636e-05	1.75802390e-03
3.77929688e-02	1.78156158e-05	1.76667268e-03
3.78417969e-02	1.79020913e-05	1.77536467e-03
3.78906250e-02	1.79889923e-05	1.78410008e-03
3.79394531e-02	1.80763209e-05	1.79287913e-03
3.79882813e-02	1.81640792e-05	1.80170204e-03
3.80371094e-02	1.82522694e-05	1.81056904e-03
3.80859375e-02	1.83408937e-05	1.81948034e-03
3.81347656e-02	1.84299541e-05	1.82843617e-03
3.81835938e-02	1.85194530e-05	1.83743675e-03
3.82324219e-02	1.86093924e-05	1.84648231e-03
3.82812500e-02	1.86997746e-05	1.85557306e-03
3.83300781e-02	1.87906018e-05	1.86470925e-03
3.83789063e-02	1.88818763e-05	1.87389110e-03
3.84277344e-02	1.89736001e-05	1.88311883e-03
3.84765625e-02	1.90657757e-05	1.89239268e-03
3.85253906e-02	1.91584052e-05	1.90171288e-03
3.85742188e-02	1.92514910e-05	1.91107966e-03
3.86230469e-02	1.93450353e-05	1.92049327e-03
3.86718750e-02	1.94390403e-05	1.92995392e-03
3.87207031e-02	1.95335085e-05	1.93946187e-03
3.87695313e-02	1.96284421e-05	1.94901734e-03
3.88183594e-02	1.97238434e-05	1.95862058e-03
3.88671875e-02	1.98197148e-05	1.96827182e-03
3.89160156e-02	1.99160586e-05	1.97797132e-03
3.89648438e-02	2.00128772e-05	1.98771931e-03
3.90136719e-02	2.01101730e-05	1.99751603e-03
3.90625000e-02	2.02079483e-05	2.00736173e-03
3.91113281e-02	2.03062056e-05	2.01725666e-03
3.91601563e-02	2.04049473e-05	2.02720106e-03
3.92089844e-02	2.05041757e-05	2.03719519e-03
3.92578125e-02	2.06038933e-05	2.04723930e-03
3.93066406e-02	2.07041026e-05	2.05733362e-03
3.93554688e-02	2.08048060e-05	2.06747843e-03
3.94042969e-02	2.09060061e-05	2.07767397e-03
3.94531250e-02	2.10077051e-05	2.08792049e-03
3.95019531e-02	2.11099058e-05	2.09821827e-03
3.95507812e-02	2.12126105e-05	2.10856754e-03
3.95996094e-02	2.13158219e-05	2.11896857e-03
3.96484375e-02	2.14195423e-05	2.12942163e-03
3.96972656e-02	2.15237745e-05	2.13992697e-03
3.97460938e-02	2.16285208e-05	2.15048486e-03
3.97949219e-02	2.17337840e-05	2.16109556e-03
3.98437500e-02	2.18395666e-05	2.17175934e-03
3.98925781e-02	2.19458712e-05	2.18247646e-03
3.99414063e-02	2.20527004e-05	2.19324720e-03
3.99902344e-02	2.21600568e-05	2.20407182e-03
4.00390625e-02	2.22679431e-05	2.21495060e-03
4.00878906e-02	2.23763619e-05	2.22588380e-03
4.01367188e-02	2.24853159e-05	2.23687171e-03
4.01855469e-02	2.25948078e-05	2.24791459e-03
4.02343750e-02	2.27048402e-05	2.25901273e-03
4.02832031e-02	2.28154158e-05	2.27016640e-03
4.03320313e-02	2.29265375e-05	2.28137588e-03
4.03808594e-02	2.30382078e-05	2.29264145e-03
4.04296875e-02	2.31504296e-05	2.30396340e-03
4.04785156e-02	2.32632056e-05	2.31534201e-03
4.05273438e-02	2.33765386e-05	2.32677757e-03
4.05761719e-02	2.34904314e-05	2.33827036e-03
4.06250000e-02	2.36048867e-05	2.34982067e-03
4.06738281e-02	2.37199075e-05	2.36142879e-03
4.07226563e-02	2.38354964e-05	2.37309501e-03
4.07714844e-02	2.39516565e-05	2.38481963e-03
4.08203125e-02	2.40683904e-05	2.39660293e-03
4.08691406e-02	2.41857012e-05	2.40844522e-03
4.09179688e-02	2.43035916e-05	2.42034679e-03
4.09667969e-02	2.44220646e-05	2.43230794e-03
4.10156250e-02	2.45411231e-05	2.44432898e-03
4.10644531e-02	2.46607701e-05	2.45641019e-03
4.11132813e-02	2.47810084e-05	2.46855189e-03
4.11621094e-02	2.49018411e-05	2.48075438e-03
4.12109375e-02	2.50232711e-05	2.49301797e-03
4.12597656e-02	2.51453014e-05	2.50534296e-03
4.13085938e-02	2.52679350e-05	2.51772967e-03
4.13574219e-02	2.53911749e-05	2.53017840e-03
4.14062500e-02	2.55150242e-05	2.54268947e-03
4.14550781e-02	2.56394860e-05	2.55526320e-03
4.15039062e-02	2.57645632e-05	2.56789989e-03
4.15527344e-02	2.58902590e-05	2.58059987e-03
4.16015625e-02	2.60165765e-05	2.59336345e-03
4.16503906e-02	2.61435187e-05	2.60619096e-03
4.16992188e-02	2.62710889e-05	2.61908272e-03
4.17480469e-02	2.63992901e-05	2.63203905e-03
4.17968750e-02	2.65281255e-05	2.64506027e-03
4.18457031e-02	2.66575983e-05	2.65814673e-03
4.18945313e-02	2.67877117e-05	2.67129873e-03
4.19433594e-02	2.69184690e-05	2.68451662e-03
4.19921875e-02	2.70498732e-05	2.69780073e-03
4.20410156e-02	2.71819277e-05	2.71115138e-03
4.20898438e-02	2.73146357e-05	2.72456893e-03
4.21386719e-02	2.74480005e-05	2.73805369e-03
4.21875000e-02	2.75820254e-05	2.75160602e-03
4.22363281e-02	2.77167137e-05	2.76522626e-03
4.22851563e-02	2.78520687e-05	2.77891474e-03
4.23339844e-02	2.79880938e-05	2.79267181e-03
4.23828125e-02	2.81247922e-05	2.80649781e-03
4.24316406e-02	2.82621675e-05	2.82039310e-03
4.24804688e-02	2.84002230e-05	2.83435802e-03
4.25292969e-02	2.85389620e-05	2.84839293e-03
4.25781250e-02	2.86783880e-05	2.86249818e-03
4.26269531e-02	2.88185046e-05	2.87667412e-03
4.26757813e-02	2.89593150e-05	2.89092111e-03
4.27246094e-02	2.91008228e-05	2.90523950e-03
4.27734375e-02	2.92430315e-05	2.91962967e-03
4.28222656e-02	2.93859447e-05	2.93409197e-03
4.28710938e-02	2.95295657e-05	2.94862676e-03
4.29199219e-02	2.96738983e-05	2.96323441e-03
4.29687500e-02	2.98189459e-05	2.97791529e-03
4.30175781e-02	2.99647121e-05	2.99266977e-03
4.30664063e-02	3.01112006e-05	3.00749821e-03
4.31152344e-02	3.02584149e-05	3.02240100e-03
4.31640625e-02	3.04063588e-05	3.03737851e-03
4.32128906e-02	3.05550357e-05	3.05243111e-03
4.32617188e-02	3.07044496e-05	3.06755919e-03
4.33105469e-02	3.08546039e-05	3.08276312e-03
4.33593750e-02	3.10055025e-05	3.09804329e-03
4.34082031e-02	3.11571491e-05	3.11340008e-03
4.34570312e-02	3.13095474e-05	3.12883388e-03
4.35058594e-02	3.14627012e-05	3.14434508e-03
4.35546875e-02	3.16166142e-05	3.15993407e-03
4.36035156e-02	3.17712904e-05	3.17560124e-03
4.36523438e-02	3.19267334e-05	3.19134699e-03
4.37011719e-02	3.20829473e-05	3.20717171e-03
4.37500000e-02	3.22399357e-05	3.22307580e-03
4.37988281e-02	3.23977027e-05	3.23905967e-03
4.38476563e-02	3.25562521e-05	3.25512371e-03
4.38964844e-02	3.27155879e-05	3.27126834e-03
4.39453125e-02	3.28757139e-05	3.28749395e-03
4.39941406e-02	3.30366342e-05	3.30380096e-03
4.40429688e-02	3.31983527e-05	3.32018977e-03
4.40917969e-02	3.33608735e-05	3.33666081e-03
4.41406250e-02	3.35242005e-05	3.35321448e-03
4.41894531e-02	3.36883379e-05	3.36985121e-03
4.42382813e-02	3.38532896e-05	3.38657141e-03
4.42871094e-02	3.40190598e-05	3.40337551e-03
4.43359375e-02	3.41856525e-05	3.42026392e-03
4.43847656e-02	3.43530720e-05	3.43723708e-03
4.44335938e-02	3.45213223e-05	3.45429541e-03
4.44824219e-02	3.46904076e-05	3.47143934e-03
4.45312500e-02	3.48603321e-05	3.48866931e-03
4.45800781e-02	3.50311001e-05	3.50598575e-03
4.46289063e-02	3.52027157e-05	3.52338910e-03
4.46777344e-02	3.53751832e-05	3.54087979e-03
4.47265625e-02	3.55485069e-05	3.55845827e-03
4.47753906e-02	3.57226910e-05	3.57612498e-03
4.48242188e-02	3.58977400e-05	3.59388037e-03
4.48730469e-02	3.60736581e-05	3.61172489e-03
4.49218750e-02	3.62504497e-05	3.62965898e-03
4.49707031e-02	3.64281192e-05	3.64768309e-03
4.50195313e-02	3.66066709e-05	3.66579769e-03
4.50683594e-02	3.67861094e-05	3.68400323e-03
4.51171875e-02	3.69664391e-05	3.70230017e-03
4.51660156e-02	3.71476644e-05	3.72068898e-03
4.52148438e-02	3.73297899e-05	3.73917011e-03
4.52636719e-02	3.75128200e-05	3.75774403e-03
4.53125000e-02	3.76967594e-05	3.77641121e-03
4.53613281e-02	3.78816125e-05	3.79517213e-03
4.54101562e-02	3.80673840e-05	3.81402725e-03
4.54589844e-02	3.82540784e-05	3.83297706e-03
4.55078125e-02	3.84417004e-05	3.85202203e-03
4.55566406e-02	3.86302548e-05	3.87116264e-03
4.56054688e-02	3.88197460e-05	3.89039938e-03
4.56542969e-02	3.90101789e-05	3.90973273e-03
4.57031250e-02	3.92015582e-05	3.92916319e-03
4.57519531e-02	3.93938887e-05	3.94869123e-03
4.58007813e-02	3.95871750e-05	3.96831736e-03
4.58496094e-02	3.97814221e-05	3.98804207e-03
4.58984375e-02	3.99766346e-05	4.00786587e-03
4.59472656e-02	4.01728176e-05	4.02778924e-03
4.59960938e-02	4.03699759e-05	4.04781270e-03
4.60449219e-02	4.05681143e-05	4.06793675e-03
4.60937500e-02	4.07672378e-05	4.08816189e-03
4.61425781e-02	4.09673513e-05	4.10848865e-03
4.61914063e-02	4.11684599e-05	4.12891754e-03
4.62402344e-02	4.13705684e-05	4.14944906e-03
4.62890625e-02	4.15736820e-05	4.17008374e-03
4.63378906e-02	4.17778057e-05	4.19082211e-03
4.63867188e-02	4.19829446e-05	4.21166468e-03
4.64355469e-02	4.21891037e-05	4.23261199e-03
4.64843750e-02	4.23962881e-05	4.25366456e-03
4.65332031e-02	4.26045032e-05	4.27482293e-03
4.65820313e-02	4.28137539e-05	4.29608762e-03
4.66308594e-02	4.30240456e-05	4.31745919e-03
4.66796875e-02	4.32353834e-05	4.33893816e-03
4.67285156e-02	4.34477726e-05	4.36052509e-03
4.67773438e-02	4.36612186e-05	4.38222052e-03
4.68261719e-02	4.38757265e-05	4.40402499e-03
4.68750000e-02	4.40913018e-05	4.42593907e-03
4.69238281e-02	4.43079498e-05	4.44796330e-03
4.69726563e-02	4.45256759e-05	4.47009824e-03
4.70214844e-02	4.47444856e-05	4.49234445e-03
4.70703125e-02	4.49643842e-05	4.51470250e-03
4.71191406e-02	4.51853772e-05	4.53717295e-03
4.71679688e-02	4.54074702e-05	4.55975637e-03
4.72167969e-02	4.56306687e-05	4.58245333e-03
4.72656250e-02	4.58549782e-05	4.60526440e-03
4.73144531e-02	4.60804044e-05	4.62819017e-03
4.73632812e-02	4.63069527e-05	4.65123121e-03
4.74121094e-02	4.65346290e-05	4.67438811e-03
4.74609375e-02	4.67634388e-05	4.69766146e-03
4.75097656e-02	4.69933879e-05	4.72105184e-03
4.75585938e-02	4.72244819e-05	4.74455984e-03
4.76074219e-02	4.74567267e-05	4.76818607e-03
4.76562500e-02	4.76901280e-05	4.79193111e-03
4.77050781e-02	4.79246916e-05	4.81579557e-03
4.77539063e-02	4.81604234e-05	4.83978006e-03
4.78027344e-02	4.83973293e-05	4.86388519e-03
4.78515625e-02	4.86354152e-05	4.88811155e-03
4.79003906e-02	4.88746869e-05	4.91245978e-03
4.79492188e-02	4.91151506e-05	4.93693048e-03
4.79980469e-02	4.93568121e-05	4.96152427e-03
4.80468750e-02	4.95996774e-05	4.98624178e-03
4.80957031e-02	4.98437528e-05	5.01108364e-03
4.81445313e-02	5.00890441e-05	5.03605047e-03
4.81933594e-02	5.03355576e-05	5.06114291e-03
4.82421875e-02	5.05832995e-05	5.08636159e-03
4.82910156e-02	5.08322757e-05	5.11170715e-03
4.83398438e-02	5.10824927e-05	5.13718024e-03
4.83886719e-02	5.13339566e-05	5.16278149e-03
4.84375000e-02	5.15866737e-05	5.18851157e-03
4.84863281e-02	5.18406504e-05	5.21437112e-03
4.85351563e-02	5.20958928e-05	5.24036079e-03
4.85839844e-02	5.23524075e-05	5.26648125e-03
4.86328125e-02	5.26102009e-05	5.29273316e-03
4.86816406e-02	5.28692792e-05	5.31911719e-03
4.87304688e-02	5.31296491e-05	5.34563400e-03
4.87792969e-02	5.33913171e-05	5.37228427e-03
4.88281250e-02	5.36542896e-05	5.39906867e-03
4.88769531e-02	5.39185732e-05	5.42598788e-03
4.89257813e-02	5.41841745e-05	5.45304258e-03
4.89746094e-02	5.44511002e-05	5.48023347e-03
4.90234375e-02	5.47193569e-05	5.50756123e-03
4.90722656e-02	5.49889513e-05	5.53502655e-03
4.91210938e-02	5.52598902e-05	5.56263014e-03
4.91699219e-02	5.55321803e-05	5.59037269e-03
4.92187500e-02	5.58058284e-05	5.61825490e-03
4.92675781e-02	5.60808414e-05	5.64627749e-03
4.93164062e-02	5.63572262e-05	5.67444116e-03
4.93652344e-02	5.66349895e-05	5.70274663e-03
4.94140625e-02	5.69141385e-05	5.73119463e-03
4.94628906e-02	5.71946800e-05	5.75978586e-03
4.95117188e-02	5.74766211e-05	5.78852106e-03
4.95605469e-02	5.77599688e-05	5.81740095e-03
4.96093750e-02	5.80447302e-05	5.84642627e-03
4.96582031e-02	5.83309124e-05	5.87559776e-03
4.97070313e-02	5.86185226e-05	5.90491616e-03
4.97558594e-02	5.89075680e-05	5.93438221e-03
4.98046875e-02	5.91980558e-05	5.96399666e-03
4.98535156e-02	5.94899932e-05	5.99376026e-03
4.99023438e-02	5.97833876e-05	6.02367377e-03
4.99511719e-02	6.00782463e-05	6.05373795e-03
5.00000000e-02	6.03745766e-05	6.08395356e-03
5.00488281e-02	6.06723861e-05	6.11432136e-03
5.00976563e-02	6.09716821e-05	6.14484214e-03
5.01464844e-02	6.12724721e-05	6.17551667e-03
5.01953125e-02	6.15747636e-05	6.20634572e-03
5.02441406e-02	6.18785643e-05	6.23733008e-03
5.02929688e-02	6.21838817e-05	6.26847054e-03
5.03417969e-02	6.24907235e-05	6.29976788e-03
5.03906250e-02	6.27990973e-05	6.33122291e-03
5.04394531e-02	6.31090108e-05	6.36283642e-03
5.04882813e-02	6.34204719e-05	6.39460921e-03
5.05371094e-02	6.37334883e-05	6.42654210e-03
5.05859375e-02	6.40480678e-05	6.45863590e-03
5.06347656e-02	6.43642184e-05	6.49089141e-03
5.06835938e-02	6.46819479e-05	6.52330947e-03
5.07324219e-02	6.50012643e-05	6.55589089e-03
5.07812500e-02	6.53221756e-05	6.58863651e-03
5.08300781e-02	6.56446899e-05	6.62154716e-03
5.08789063e-02	6.59688152e-05	6.65462366e-03
5.09277344e-02	6.62945596e-05	6.68786688e-03
5.09765625e-02	6.66219313e-05	6.72127764e-03
5.10253906e-02	6.69509384e-05	6.75485680e-03
5.10742188e-02	6.72815894e-05	6.78860522e-03
5.11230469e-02	6.76138923e-05	6.82252375e-03
5.11718750e-02	6.79478556e-05	6.85661325e-03
5.12207031e-02	6.82834877e-05	6.89087460e-03
5.12695312e-02	6.86207968e-05	6.92530866e-03
5.13183594e-02	6.89597916e-05	6.95991631e-03
5.13671875e-02	6.93004804e-05	6.99469843e-03
5.14160156e-02	6.96428719e-05	7.02965591e-03
5.14648438e-02	6.99869745e-05	7.06478963e-03
5.15136719e-02	7.03327971e-05	7.10010049e-03
5.15625000e-02	7.06803481e-05	7.13558940e-03
5.16113281e-02	7.10296363e-05	7.17125724e-03
5.16601563e-02	7.13806706e-05	7.20710493e-03
5.17089844e-02	7.17334596e-05	7.24313338e-03
5.17578125e-02	7.20880122e-05	7.27934351e-03
5.18066406e-02	7.24443374e-05	7.31573625e-03
5.18554688e-02	7.28024441e-05	7.35231251e-03
5.19042969e-02	7.31623412e-05	7.38907322e-03
5.19531250e-02	7.35240378e-05	7.42601933e-03
5.20019531e-02	7.38875429e-05	7.46315178e-03
5.20507813e-02	7.42528658e-05	7.50047151e-03
5.20996094e-02	7.46200155e-05	7.53797947e-03
5.21484375e-02	7.49890012e-05	7.57567661e-03
5.21972656e-02	7.53598323e-05	7.61356390e-03
5.22460938e-02	7.57325180e-05	7.65164230e-03
5.22949219e-02	7.61070677e-05	7.68991279e-03
5.23437500e-02	7.64834907e-05	7.72837633e-03
5.23925781e-02	7.68617966e-05	7.76703390e-03
5.24414063e-02	7.72419949e-05	7.80588650e-03
5.24902344e-02	7.76240950e-05	7.84493510e-03
5.25390625e-02	7.80081067e-05	7.88418072e-03
5.25878906e-02	7.83940394e-05	7.92362433e-03
5.26367188e-02	7.87819030e-05	7.96326696e-03
5.26855469e-02	7.91717071e-05	8.00310961e-03
5.27343750e-02	7.95634615e-05	8.04315329e-03
5.27832031e-02	7.99571762e-05	8.08339903e-03
5.28320313e-02	8.03528609e-05	8.12384785e-03
5.28808594e-02	8.07505257e-05	8.16450079e-03
5.29296875e-02	8.11501805e-05	8.20535888e-03
5.29785156e-02	8.15518353e-05	8.24642315e-03
5.30273438e-02	8.19555003e-05	8.28769467e-03
5.30761719e-02	8.23611856e-05	8.32917447e-03
5.31250000e-02	8.27689013e-05	8.37086362e-03
5.31738281e-02	8.31786579e-05	8.41276319e-03
5.32226562e-02	8.35904654e-05	8.45487423e-03
5.32714844e-02	8.40043344e-05	8.49719782e-03
5.33203125e-02	8.44202751e-05	8.53973505e-03
5.33691406e-02	8.48382981e-05	8.58248699e-03
5.34179688e-02	8.52584139e-05	8.62545474e-03
5.34667969e-02	8.56806330e-05	8.66863940e-03
5.35156250e-02	8.61049660e-05	8.71204205e-03
5.35644531e-02	8.65314237e-05	8.75566382e-03
5.36132813e-02	8.69600167e-05	8.79950582e-03
5.36621094e-02	8.73907558e-05	8.84356916e-03
5.37109375e-02	8.78236519e-05	8.88785496e-03
5.37597656e-02	8.82587159e-05	8.93236436e-03
5.38085938e-02	8.86959586e-05	8.97709849e-03
5.38574219e-02	8.91353911e-05	9.02205850e-03
5.39062500e-02	8.95770245e-05	9.06724553e-03
5.39550781e-02	9.00208699e-05	9.11266074e-03
5.40039063e-02	9.04669384e-05	9.15830527e-03
5.40527344e-02	9.09152413e-05	9.20418031e-03
5.41015625e-02	9.13657898e-05	9.25028702e-03
5.41503906e-02	9.18185953e-05	9.29662657e-03
5.41992188e-02	9.22736692e-05	9.34320015e-03
5.42480469e-02	9.27310229e-05	9.39000895e-03
5.42968750e-02	9.31906680e-05	9.43705416e-03
5.43457031e-02	9.36526161e-05	9.48433699e-03
5.43945313e-02	9.41168787e-05	9.53185864e-03
5.44433594e-02	9.45834675e-05	9.57962032e-03
5.44921875e-02	9.50523943e-05	9.62762326e-03
5.45410156e-02	9.55236710e-05	9.67586868e-03
5.45898438e-02	9.59973093e-05	9.72435780e-03
5.46386719e-02	9.64733213e-05	9.77309189e-03
5.46875000e-02	9.69517189e-05	9.82207216e-03
5.47363281e-02	9.74325141e-05	9.87129988e-03
5.47851563e-02	9.79157191e-05	9.92077631e-03
5.48339844e-02	9.84013460e-05	9.97050270e-03
5.48828125e-02	9.88894071e-05	1.00204803e-02
5.49316406e-02	9.93799147e-05	1.00707105e-02
5.49804688e-02	9.98728811e-05	1.01211944e-02
5.50292969e-02	1.00368319e-04	1.01719335e-02
5.50781250e-02	1.00866240e-04	1.02229289e-02
5.51269531e-02	1.01366658e-04	1.02741820e-02
5.51757812e-02	1.01869585e-04	1.03256941e-02
5.52246094e-02	1.02375033e-04	1.03774665e-02
5.52734375e-02	1.02883016e-04	1.04295005e-02
5.53222656e-02	1.03393545e-04	1.04817975e-02
5.53710938e-02	1.03906635e-04	1.05343589e-02
5.54199219e-02	1.04422298e-04	1.05871858e-02
5.54687500e-02	1.04940546e-04	1.06402798e-02
5.55175781e-02	1.05461394e-04	1.06936421e-02
5.55664063e-02	1.05984854e-04	1.07472741e-02
5.56152344e-02	1.06510939e-04	1.08011773e-02
5.56640625e-02	1.07039663e-04	1.08553529e-02
5.57128906e-02	1.07571039e-04	1.09098023e-02
5.57617188e-02	1.08105080e-04	1.09645270e-02
5.58105469e-02	1.08641800e-04	1.10195283e-02
5.58593750e-02	1.09181213e-04	1.10748077e-02
5.59082031e-02	1.09723331e-04	1.11303666e-02
5.59570313e-02	1.10268169e-04	1.11862063e-02
5.60058594e-02	1.10815741e-04	1.12423283e-02
5.60546875e-02	1.11366060e-04	1.12987341e-02
5.61035156e-02	1.11919140e-04	1.13554251e-02
5.61523438e-02	1.12474995e-04	1.14124028e-02
5.62011719e-02	1.13033640e-04	1.14696685e-02
5.62500000e-02	1.13595087e-04	1.15272238e-02
5.62988281e-02	1.14159352e-04	1.15850701e-02
5.63476563e-02	1.14726449e-04	1.16432090e-02
5.63964844e-02	1.15296391e-04	1.17016419e-02
5.64453125e-02	1.15869194e-04	1.17603702e-02
5.64941406e-02	1.16444872e-04	1.18193956e-02
5.65429688e-02	1.17023440e-04	1.18787195e-02
5.65917969e-02	1.17604911e-04	1.19383434e-02
5.66406250e-02	1.18189301e-04	1.19982688e-02
5.66894531e-02	1.18776624e-04	1.20584974e-02
5.67382813e-02	1.19366896e-04	1.21190306e-02
5.67871094e-02	1.19960131e-04	1.21798700e-02
5.68359375e-02	1.20556344e-04	1.22410171e-02
5.68847656e-02	1.21155550e-04	1.23024735e-02
5.69335938e-02	1.21757765e-04	1.23642408e-02
5.69824219e-02	1.22363003e-04	1.24263206e-02
5.70312500e-02	1.22971280e-04	1.24887144e-02
5.70800781e-02	1.23582612e-04	1.25514238e-02
5.71289062e-02	1.24197013e-04	1.26144506e-02
5.71777344e-02	1.24814500e-04	1.26777961e-02
5.72265625e-02	1.25435087e-04	1.27414622e-02
5.72753906e-02	1.26058791e-04	1.28054504e-02
5.73242188e-02	1.26685627e-04	1.28697624e-02
5.73730469e-02	1.27315612e-04	1.29343997e-02
5.74218750e-02	1.27948760e-04	1.29993642e-02
5.74707031e-02	1.28585089e-04	1.30646573e-02
5.75195313e-02	1.29224614e-04	1.31302809e-02
5.75683594e-02	1.29867351e-04	1.31962365e-02
5.76171875e-02	1.30513317e-04	1.32625259e-02
5.76660156e-02	1.31162528e-04	1.33291508e-02
5.77148438e-02	1.31815000e-04	1.33961128e-02
5.77636719e-02	1.32470750e-04	1.34634138e-02
5.78125000e-02	1.33129795e-04	1.35310553e-02
5.78613281e-02	1.33792150e-04	1.35990392e-02
5.79101563e-02	1.34457834e-04	1.36673672e-02
5.79589844e-02	1.35126863e-04	1.37360411e-02
5.80078125e-02	1.35799253e-04	1.38050625e-02
5.80566406e-02	1.36475022e-04	1.38744333e-02
5.81054688e-02	1.37154187e-04	1.39441553e-02
5.81542969e-02	1.37836764e-04	1.40142302e-02
5.82031250e-02	1.38522773e-04	1.40846599e-02
5.82519531e-02	1.39212228e-04	1.41554460e-02
5.83007813e-02	1.39905149e-04	1.42265906e-02
5.83496094e-02	1.40601553e-04	1.42980953e-02
5.83984375e-02	1.41301456e-04	1.43699620e-02
5.84472656e-02	1.42004878e-04	1.44421926e-02
5.84960938e-02	1.42711836e-04	1.45147889e-02
5.85449219e-02	1.43422347e-04	1.45877528e-02
5.85937500e-02	1.44136430e-04	1.46610861e-02
5.86425781e-02	1.44854103e-04	1.47347907e-02
5.86914063e-02	1.45575383e-04	1.48088686e-02
5.87402344e-02	1.46300290e-04	1.48833215e-02
5.87890625e-02	1.47028842e-04	1.49581515e-02
5.88378906e-02	1.47761057e-04	1.50333604e-02
5.88867188e-02	1.48496953e-04	1.51089502e-02
5.89355469e-02	1.49236549e-04	1.51849228e-02
5.89843750e-02	1.49979865e-04	1.52612802e-02
5.90332031e-02	1.50726918e-04	1.53380242e-02
5.90820312e-02	1.51477728e-04	1.54151570e-02
5.91308594e-02	1.52232314e-04	1.54926804e-02
5.91796875e-02	1.52990695e-04	1.55705965e-02
5.92285156e-02	1.53752890e-04	1.56489073e-02
5.92773438e-02	1.54518918e-04	1.57276147e-02
5.93261719e-02	1.55288799e-04	1.58067208e-02
5.93750000e-02	1.56062553e-04	1.58862276e-02
5.94238281e-02	1.56840199e-04	1.59661372e-02
5.94726563e-02	1.57621756e-04	1.60464515e-02
5.95214844e-02	1.58407245e-04	1.61271728e-02
5.95703125e-02	1.59196685e-04	1.62083030e-02
5.96191406e-02	1.59990097e-04	1.62898442e-02
5.96679688e-02	1.60787500e-04	1.63717985e-02
5.97167969e-02	1.61588916e-04	1.64541681e-02
5.97656250e-02	1.62394363e-04	1.65369550e-02
5.98144531e-02	1.63203863e-04	1.66201613e-02
5.98632813e-02	1.64017436e-04	1.67037893e-02
5.99121094e-02	1.64835103e-04	1.67878410e-02
5.99609375e-02	1.65656884e-04	1.68723186e-02
6.00097656e-02	1.66482800e-04	1.69572243e-02
6.00585938e-02	1.67312873e-04	1.70425603e-02
6.01074219e-02	1.68147124e-04	1.71283287e-02
6.01562500e-02	1.68985572e-04	1.72145317e-02
6.02050781e-02	1.69828241e-04	1.73011716e-02
6.02539063e-02	1.70675151e-04	1.73882506e-02
6.03027344e-02	1.71526323e-04	1.74757710e-02
6.03515625e-02	1.72381780e-04	1.75637349e-02
6.04003906e-02	1.73241542e-04	1.76521446e-02
6.04492188e-02	1.74105633e-04	1.77410025e-02
6.04980469e-02	1.74974073e-04	1.78303107e-02
6.05468750e-02	1.75846885e-04	1.79200717e-02
6.05957031e-02	1.76724091e-04	1.80102876e-02
6.06445313e-02	1.77605713e-04	1.81009608e-02
6.06933594e-02	1.78491774e-04	1.81920937e-02
6.07421875e-02	1.79382296e-04	1.82836886e-02
6.07910156e-02	1.80277302e-04	1.83757478e-02
6.08398438e-02	1.81176814e-04	1.84682737e-02
6.08886719e-02	1.82080856e-04	1.85612687e-02
6.09375000e-02	1.82989450e-04	1.86547352e-02
6.09863281e-02	1.83902619e-04	1.87486756e-02
6.10351562e-02	1.84820387e-04	1.88430922e-02
6.10839844e-02	1.85742776e-04	1.89379876e-02
6.11328125e-02	1.86669811e-04	1.90333641e-02
6.11816406e-02	1.87601515e-04	1.91292242e-02
6.12304688e-02	1.88537912e-04	1.92255705e-02
6.12792969e-02	1.89479024e-04	1.93224052e-02
6.13281250e-02	1.90424877e-04	1.94197310e-02
6.13769531e-02	1.91375494e-04	1.95175504e-02
6.14257813e-02	1.92330900e-04	1.96158658e-02
6.14746094e-02	1.93291118e-04	1.97146798e-02
6.15234375e-02	1.94256174e-04	1.98139950e-02
6.15722656e-02	1.95226091e-04	1.99138138e-02
6.16210938e-02	1.96200895e-04	2.00141389e-02
6.16699219e-02	1.97180609e-04	2.01149729e-02
6.17187500e-02	1.98165260e-04	2.02163182e-02
6.17675781e-02	1.99154872e-04	2.03181776e-02
6.18164063e-02	2.00149470e-04	2.04205537e-02
6.18652344e-02	2.01149079e-04	2.05234491e-02
6.19140625e-02	2.02153726e-04	2.06268664e-02
6.19628906e-02	2.03163434e-04	2.07308083e-02
6.20117188e-02	2.04178231e-04	2.08352774e-02
6.20605469e-02	2.05198142e-04	2.09402766e-02
6.21093750e-02	2.06223193e-04	2.10458084e-02
6.21582031e-02	2.07253410e-04	2.11518756e-02
6.22070313e-02	2.08288819e-04	2.12584809e-02
6.22558594e-02	2.09329447e-04	2.13656270e-02
6.23046875e-02	2.10375320e-04	2.14733168e-02
6.23535156e-02	2.11426464e-04	2.15815530e-02
6.24023438e-02	2.12482906e-04	2.16903383e-02
6.24511719e-02	2.13544674e-04	2.17996756e-02
6.25000000e-02	2.14611795e-04	2.19095677e-02
6.25488281e-02	2.15684294e-04	2.20200175e-02
6.25976563e-02	2.16762201e-04	2.21310277e-02
6.26464844e-02	2.17845541e-04	2.22426012e-02
6.26953125e-02	2.18934343e-04	2.23547409e-02
6.27441406e-02	2.20028635e-04	2.24674496e-02
6.27929687e-02	2.21128444e-04	2.25807304e-02
6.28417969e-02	2.22233799e-04	2.26945861e-02
6.28906250e-02	2.23344727e-04	2.28090196e-02
6.29394531e-02	2.24461256e-04	2.29240339e-02
6.29882812e-02	2.25583416e-04	2.30396319e-02
6.30371094e-02	2.26711235e-04	2.31558166e-02
6.30859375e-02	2.27844741e-04	2.32725911e-02
6.31347656e-02	2.28983963e-04	2.33899583e-02
6.31835938e-02	2.30128931e-04	2.35079212e-02
6.32324219e-02	2.31279673e-04	2.36264829e-02
6.32812500e-02	2.32436219e-04	2.37456465e-02
6.33300781e-02	2.33598599e-04	2.38654149e-02
6.33789063e-02	2.34766841e-04	2.39857914e-02
6.34277344e-02	2.35940976e-04	2.41067790e-02
6.34765625e-02	2.37121034e-04	2.42283807e-02
6.35253906e-02	2.38307044e-04	2.43505998e-02
6.35742188e-02	2.39499037e-04	2.44734395e-02
6.36230469e-02	2.40697043e-04	2.45969028e-02
6.36718750e-02	2.41901094e-04	2.47209929e-02
6.37207031e-02	2.43111218e-04	2.48457131e-02
6.37695312e-02	2.44327448e-04	2.49710665e-02
6.38183594e-02	2.45549815e-04	2.50970564e-02
6.38671875e-02	2.46778348e-04	2.52236861e-02
6.39160156e-02	2.48013081e-04	2.53509588e-02
6.39648438e-02	2.49254044e-04	2.54788777e-02
6.40136719e-02	2.50501268e-04	2.56074463e-02
6.40625000e-02	2.51754787e-04	2.57366677e-02
6.41113281e-02	2.53014631e-04	2.58665454e-02
6.41601563e-02	2.54280833e-04	2.59970826e-02
6.42089844e-02	2.55553425e-04	2.61282828e-02
6.42578125e-02	2.56832439e-04	2.62601494e-02
6.43066406e-02	2.58117909e-04	2.63926856e-02
6.43554688e-02	2.59409866e-04	2.65258950e-02
6.44042969e-02	2.60708345e-04	2.66597810e-02
6.44531250e-02	2.62013377e-04	2.67943470e-02
6.45019531e-02	2.63324997e-04	2.69295965e-02
6.45507813e-02	2.64643237e-04	2.70655330e-02
6.45996094e-02	2.65968132e-04	2.72021600e-02
6.46484375e-02	2.67299715e-04	2.73394811e-02
6.46972656e-02	2.68638020e-04	2.74774997e-02
6.47460937e-02	2.69983082e-04	2.76162194e-02
6.47949219e-02	2.71334934e-04	2.77556439e-02
6.48437500e-02	2.72693611e-04	2.78957767e-02
6.48925781e-02	2.74059148e-04	2.80366213e-02
6.49414062e-02	2.75431580e-04	2.81781816e-02
6.49902344e-02	2.76810941e-04	2.83204610e-02
6.50390625e-02	2.78197268e-04	2.84634634e-02
6.50878906e-02	2.79590594e-04	2.86071923e-02
6.51367188e-02	2.80990957e-04	2.87516514e-02
6.51855469e-02	2.82398391e-04	2.88968446e-02
6.52343750e-02	2.83812932e-04	2.90427756e-02
6.52832031e-02	2.85234617e-04	2.91894480e-02
6.53320313e-02	2.86663482e-04	2.93368658e-02
6.53808594e-02	2.88099564e-04	2.94850327e-02
6.54296875e-02	2.89542898e-04	2.96339526e-02
6.54785156e-02	2.90993523e-04	2.97836292e-02
6.55273438e-02	2.92451475e-04	2.99340664e-02
6.55761719e-02	2.93916790e-04	3.00852682e-02
6.56250000e-02	2.95389508e-04	3.02372385e-02
6.56738281e-02	2.96869664e-04	3.03899811e-02
6.57226562e-02	2.98357298e-04	3.05435000e-02
6.57714844e-02	2.99852447e-04	3.06977992e-02
6.58203125e-02	3.01355149e-04	3.08528826e-02
6.58691406e-02	3.02865443e-04	3.10087543e-02
6.59179688e-02	3.04383367e-04	3.11654183e-02
6.59667969e-02	3.05908961e-04	3.13228786e-02
6.60156250e-02	3.07442262e-04	3.14811393e-02
6.60644531e-02	3.08983310e-04	3.16402045e-02
6.61132813e-02	3.10532145e-04	3.18000783e-02
6.61621094e-02	3.12088806e-04	3.19607648e-02
6.62109375e-02	3.13653334e-04	3.21222681e-02
6.62597656e-02	3.15225767e-04	3.22845926e-02
6.63085938e-02	3.16806146e-04	3.24477423e-02
6.63574219e-02	3.18394512e-04	3.26117214e-02
6.64062500e-02	3.19990905e-04	3.27765342e-02
6.64550781e-02	3.21595366e-04	3.29421850e-02
6.65039063e-02	3.23207936e-04	3.31086780e-02
6.65527344e-02	3.24828656e-04	3.32760176e-02
6.66015625e-02	3.26457567e-04	3.34442080e-02
6.66503906e-02	3.28094713e-04	3.36132536e-02
6.66992187e-02	3.29740133e-04	3.37831588e-02
6.67480469e-02	3.31393870e-04	3.39539279e-02
6.67968750e-02	3.33055967e-04	3.41255655e-02
6.68457031e-02	3.34726466e-04	3.42980758e-02
6.68945312e-02	3.36405410e-04	3.44714635e-02
6.69433594e-02	3.38092842e-04	3.46457329e-02
6.69921875e-02	3.39788804e-04	3.48208885e-02
6.70410156e-02	3.41493341e-04	3.49969350e-02
6.70898438e-02	3.43206495e-04	3.51738768e-02
6.71386719e-02	3.44928312e-04	3.53517185e-02
6.71875000e-02	3.46658834e-04	3.55304647e-02
6.72363281e-02	3.48398106e-04	3.57101200e-02
6.72851563e-02	3.50146172e-04	3.58906892e-02
6.73339844e-02	3.51903078e-04	3.60721768e-02
6.73828125e-02	3.53668869e-04	3.62545875e-02
6.74316406e-02	3.55443588e-04	3.64379261e-02
6.74804688e-02	3.57227283e-04	3.66221973e-02
6.75292969e-02	3.59019997e-04	3.68074059e-02
6.75781250e-02	3.60821779e-04	3.69935567e-02
6.76269531e-02	3.62632673e-04	3.71806544e-02
6.76757812e-02	3.64452725e-04	3.73687039e-02
6.77246094e-02	3.66281983e-04	3.75577101e-02
6.77734375e-02	3.68120494e-04	3.77476779e-02
6.78222656e-02	3.69968304e-04	3.79386122e-02
6.78710938e-02	3.71825460e-04	3.81305179e-02
6.79199219e-02	3.73692011e-04	3.83234000e-02
6.79687500e-02	3.75568004e-04	3.85172634e-02
6.80175781e-02	3.77453487e-04	3.87121133e-02
6.80664063e-02	3.79348508e-04	3.89079546e-02
6.81152344e-02	3.81253116e-04	3.91047924e-02
6.81640625e-02	3.83167360e-04	3.93026317e-02
6.82128906e-02	3.85091288e-04	3.95014779e-02
6.82617188e-02	3.87024950e-04	3.97013358e-02
6.83105469e-02	3.88968396e-04	3.99022108e-02
6.83593750e-02	3.90921676e-04	4.01041081e-02
6.84082031e-02	3.92884838e-04	4.03070328e-02
6.84570313e-02	3.94857935e-04	4.05109902e-02
6.85058594e-02	3.96841015e-04	4.07159856e-02
6.85546875e-02	3.98834130e-04	4.09220243e-02
6.86035156e-02	4.00837332e-04	4.11291117e-02
6.86523437e-02	4.02850671e-04	4.13372530e-02
6.87011719e-02	4.04874199e-04	4.15464537e-02
6.87500000e-02	4.06907968e-04	4.17567193e-02
6.87988281e-02	4.08952030e-04	4.19680550e-02
6.88476562e-02	4.11006437e-04	4.21804665e-02
6.88964844e-02	4.13071242e-04	4.23939592e-02
6.89453125e-02	4.15146499e-04	4.26085386e-02
6.89941406e-02	4.17232259e-04	4.28242104e-02
6.90429688e-02	4.19328577e-04	4.30409800e-02
6.90917969e-02	4.21435507e-04	4.32588531e-02
6.91406250e-02	4.23553102e-04	4.34778354e-02
6.91894531e-02	4.25681416e-04	4.36979325e-02
6.92382813e-02	4.27820505e-04	4.39191501e-02
6.92871094e-02	4.29970423e-04	4.41414939e-02
6.93359375e-02	4.32131226e-04	4.43649698e-02
6.93847656e-02	4.34302968e-04	4.45895834e-02
6.94335938e-02	4.36485705e-04	4.48153407e-02
6.94824219e-02	4.38679494e-04	4.50422474e-02
6.95312500e-02	4.40884390e-04	4.52703095e-02
6.95800781e-02	4.43100451e-04	4.54995328e-02
6.96289062e-02	4.45327733e-04	4.57299233e-02
6.96777344e-02	4.47566292e-04	4.59614869e-02
6.97265625e-02	4.49816188e-04	4.61942297e-02
6.97753906e-02	4.52077477e-04	4.64281577e-02
6.98242188e-02	4.54350217e-04	4.66632770e-02
6.98730469e-02	4.56634466e-04	4.68995936e-02
6.99218750e-02	4.58930284e-04	4.71371136e-02
6.99707031e-02	4.61237730e-04	4.73758433e-02
7.00195313e-02	4.63556861e-04	4.76157888e-02
7.00683594e-02	4.65887739e-04	4.78569563e-02
7.01171875e-02	4.68230422e-04	4.80993521e-02
7.01660156e-02	4.70584971e-04	4.83429825e-02
7.02148438e-02	4.72951447e-04	4.85878537e-02
7.02636719e-02	4.75329909e-04	4.88339722e-02
7.03125000e-02	4.77720420e-04	4.90813443e-02
7.03613281e-02	4.80123040e-04	4.93299764e-02
7.04101563e-02	4.82537832e-04	4.95798750e-02
7.04589844e-02	4.84964856e-04	4.98310465e-02
7.05078125e-02	4.87404176e-04	5.00834975e-02
7.05566406e-02	4.89855854e-04	5.03372345e-02
7.06054687e-02	4.92319953e-04	5.05922641e-02
7.06542969e-02	4.94796536e-04	5.08485928e-02
7.07031250e-02	4.97285668e-04	5.11062274e-02
7.07519531e-02	4.99787411e-04	5.13651746e-02
7.08007812e-02	5.02301830e-04	5.16254410e-02
7.08496094e-02	5.04828990e-04	5.18870334e-02
7.08984375e-02	5.07368956e-04	5.21499585e-02
7.09472656e-02	5.09921792e-04	5.24142233e-02
7.09960938e-02	5.12487565e-04	5.26798345e-02
7.10449219e-02	5.15066341e-04	5.29467991e-02
7.10937500e-02	5.17658184e-04	5.32151239e-02
7.11425781e-02	5.20263163e-04	5.34848159e-02
7.11914063e-02	5.22881344e-04	5.37558822e-02
7.12402344e-02	5.25512795e-04	5.40283298e-02
7.12890625e-02	5.28157582e-04	5.43021656e-02
7.13378906e-02	5.30815775e-04	5.45773969e-02
7.13867188e-02	5.33487441e-04	5.48540308e-02
7.14355469e-02	5.36172648e-04	5.51320744e-02
7.14843750e-02	5.38871467e-04	5.54115350e-02
7.15332031e-02	5.41583966e-04	5.56924198e-02
7.15820312e-02	5.44310215e-04	5.59747362e-02
7.16308594e-02	5.47050284e-04	5.62584913e-02
7.16796875e-02	5.49804243e-04	5.65436927e-02
7.17285156e-02	5.52572164e-04	5.68303476e-02
7.17773438e-02	5.55354118e-04	5.71184636e-02
7.18261719e-02	5.58150175e-04	5.74080482e-02
7.18750000e-02	5.60960408e-04	5.76991087e-02
7.19238281e-02	5.63784890e-04	5.79916529e-02
7.19726563e-02	5.66623692e-04	5.82856882e-02
7.20214844e-02	5.69476888e-04	5.85812224e-02
7.20703125e-02	5.72344551e-04	5.88782631e-02
7.21191406e-02	5.75226756e-04	5.91768179e-02
7.21679688e-02	5.78123575e-04	5.94768947e-02
7.22167969e-02	5.81035083e-04	5.97785013e-02
7.22656250e-02	5.83961356e-04	6.00816455e-02
7.23144531e-02	5.86902469e-04	6.03863351e-02
7.23632813e-02	5.89858497e-04	6.06925780e-02
7.24121094e-02	5.92829517e-04	6.10003823e-02
7.24609375e-02	5.95815604e-04	6.13097559e-02
7.25097656e-02	5.98816836e-04	6.16207069e-02
7.25585937e-02	6.01833290e-04	6.19332432e-02
7.26074219e-02	6.04865044e-04	6.22473731e-02
7.26562500e-02	6.07912174e-04	6.25631047e-02
7.27050781e-02	6.10974761e-04	6.28804462e-02
7.27539062e-02	6.14052882e-04	6.31994059e-02
7.28027344e-02	6.17146618e-04	6.35199919e-02
7.28515625e-02	6.20256047e-04	6.38422128e-02
7.29003906e-02	6.23381249e-04	6.41660767e-02
7.29492188e-02	6.26522305e-04	6.44915922e-02
7.29980469e-02	6.29679296e-04	6.48187677e-02
7.30468750e-02	6.32852304e-04	6.51476117e-02
7.30957031e-02	6.36041409e-04	6.54781327e-02
7.31445313e-02	6.39246694e-04	6.58103394e-02
7.31933594e-02	6.42468241e-04	6.61442403e-02
7.32421875e-02	6.45706134e-04	6.64798442e-02
7.32910156e-02	6.48960455e-04	6.68171597e-02
7.33398438e-02	6.52231289e-04	6.71561957e-02
7.33886719e-02	6.55518720e-04	6.74969609e-02
7.34375000e-02	6.58822832e-04	6.78394642e-02
7.34863281e-02	6.62143710e-04	6.81837145e-02
7.35351562e-02	6.65481440e-04	6.85297207e-02
7.35839844e-02	6.68836109e-04	6.88774919e-02
7.36328125e-02	6.72207801e-04	6.92270371e-02
7.36816406e-02	6.75596605e-04	6.95783653e-02
7.37304688e-02	6.79002607e-04	6.99314857e-02
7.37792969e-02	6.82425896e-04	7.02864075e-02
7.38281250e-02	6.85866558e-04	7.06431399e-02
7.38769531e-02	6.89324684e-04	7.10016922e-02
7.39257813e-02	6.92800362e-04	7.13620737e-02
7.39746094e-02	6.96293682e-04	7.17242937e-02
7.40234375e-02	6.99804733e-04	7.20883618e-02
7.40722656e-02	7.03333606e-04	7.24542873e-02
7.41210938e-02	7.06880392e-04	7.28220798e-02
7.41699219e-02	7.10445183e-04	7.31917488e-02
7.42187500e-02	7.14028070e-04	7.35633040e-02
7.42675781e-02	7.17629146e-04	7.39367550e-02
7.43164063e-02	7.21248503e-04	7.43121115e-02
7.43652344e-02	7.24886235e-04	7.46893833e-02
7.44140625e-02	7.28542435e-04	7.50685802e-02
7.44628906e-02	7.32217198e-04	7.54497121e-02
7.45117187e-02	7.35910618e-04	7.58327889e-02
7.45605469e-02	7.39622792e-04	7.62178205e-02
7.46093750e-02	7.43353813e-04	7.66048169e-02
7.46582031e-02	7.47103779e-04	7.69937883e-02
7.47070312e-02	7.50872786e-04	7.73847448e-02
7.47558594e-02	7.54660932e-04	7.77776964e-02
7.48046875e-02	7.58468313e-04	7.81726535e-02
7.48535156e-02	7.62295029e-04	7.85696263e-02
7.49023438e-02	7.66141178e-04	7.89686252e-02
7.49511719e-02	7.70006859e-04	7.93696605e-02
7.50000000e-02	7.73892171e-04	7.97727427e-02
7.50488281e-02	7.77797216e-04	8.01778822e-02
7.50976563e-02	7.81722093e-04	8.05850896e-02
7.51464844e-02	7.85666904e-04	8.09943755e-02
7.51953125e-02	7.89631751e-04	8.14057506e-02
7.52441406e-02	7.93616736e-04	8.18192255e-02
7.52929688e-02	7.97621961e-04	8.22348110e-02
7.53417969e-02	8.01647531e-04	8.26525180e-02
7.53906250e-02	8.05693548e-04	8.30723573e-02
7.54394531e-02	8.09760118e-04	8.34943398e-02
7.54882813e-02	8.13847345e-04	8.39184765e-02
7.55371094e-02	8.17955334e-04	8.43447785e-02
7.55859375e-02	8.22084193e-04	8.47732568e-02
7.56347656e-02	8.26234026e-04	8.52039226e-02
7.56835938e-02	8.30404942e-04	8.56367872e-02
7.57324219e-02	8.34597048e-04	8.60718618e-02
7.57812500e-02	8.38810451e-04	8.65091577e-02
7.58300781e-02	8.43045262e-04	8.69486863e-02
7.58789063e-02	8.47301589e-04	8.73904590e-02
7.59277344e-02	8.51579542e-04	8.78344874e-02
7.59765625e-02	8.55879231e-04	8.82807831e-02
7.60253906e-02	8.60200768e-04	8.87293576e-02
7.60742188e-02	8.64544263e-04	8.91802226e-02
7.61230469e-02	8.68909830e-04	8.96333898e-02
7.61718750e-02	8.73297580e-04	9.00888712e-02
7.62207031e-02	8.77707628e-04	9.05466785e-02
7.62695313e-02	8.82140087e-04	9.10068236e-02
7.63183594e-02	8.86595070e-04	9.14693186e-02
7.63671875e-02	8.91072695e-04	9.19341754e-02
7.64160156e-02	8.95573075e-04	9.24014063e-02
7.64648438e-02	9.00096328e-04	9.28710233e-02
7.65136719e-02	9.04642570e-04	9.33430388e-02
7.65625000e-02	9.09211918e-04	9.38174649e-02
7.66113281e-02	9.13804491e-04	9.42943141e-02
7.66601562e-02	9.18420407e-04	9.47735988e-02
7.67089844e-02	9.23059785e-04	9.52553315e-02
7.67578125e-02	9.27722745e-04	9.57395247e-02
7.68066406e-02	9.32409408e-04	9.62261911e-02
7.68554688e-02	9.37119895e-04	9.67153432e-02
7.69042969e-02	9.41854327e-04	9.72069940e-02
7.69531250e-02	9.46612827e-04	9.77011561e-02
7.70019531e-02	9.51395517e-04	9.81978425e-02
7.70507813e-02	9.56202522e-04	9.86970661e-02
7.70996094e-02	9.61033965e-04	9.91988399e-02
7.71484375e-02	9.65889971e-04	9.97031770e-02
7.71972656e-02	9.70770666e-04	1.00210091e-01
7.72460938e-02	9.75676176e-04	1.00719594e-01
7.72949219e-02	9.80606627e-04	1.01231700e-01
7.73437500e-02	9.85562148e-04	1.01746422e-01
7.73925781e-02	9.90542865e-04	1.02263774e-01
7.74414063e-02	9.95548909e-04	1.02783770e-01
7.74902344e-02	1.00058041e-03	1.03306422e-01
7.75390625e-02	1.00563749e-03	1.03831744e-01
7.75878906e-02	1.01072029e-03	1.04359751e-01
7.76367188e-02	1.01582894e-03	1.04890455e-01
7.76855469e-02	1.02096357e-03	1.05423871e-01
7.77343750e-02	1.02612431e-03	1.05960013e-01
7.77832031e-02	1.03131129e-03	1.06498894e-01
7.78320313e-02	1.03652466e-03	1.07040529e-01
7.78808594e-02	1.04176454e-03	1.07584931e-01
7.79296875e-02	1.04703106e-03	1.08132116e-01
7.79785156e-02	1.05232438e-03	1.08682096e-01
7.80273438e-02	1.05764462e-03	1.09234888e-01
7.80761719e-02	1.06299192e-03	1.09790504e-01
7.81250000e-02	1.06836642e-03	1.10348959e-01
7.81738281e-02	1.07376825e-03	1.10910269e-01
7.82226563e-02	1.07919757e-03	1.11474447e-01
7.82714844e-02	1.08465450e-03	1.12041509e-01
7.83203125e-02	1.09013919e-03	1.12611469e-01
7.83691406e-02	1.09565179e-03	1.13184342e-01
7.84179688e-02	1.10119242e-03	1.13760143e-01
7.84667969e-02	1.10676125e-03	1.14338887e-01
7.85156250e-02	1.11235840e-03	1.14920589e-01
7.85644531e-02	1.11798403e-03	1.15505264e-01
7.86132812e-02	1.12363829e-03	1.16092928e-01
7.86621094e-02	1.12932131e-03	1.16683596e-01
7.87109375e-02	1.13503324e-03	1.17277283e-01
7.87597656e-02	1.14077424e-03	1.17874005e-01
7.88085938e-02	1.14654445e-03	1.18473777e-01
7.88574219e-02	1.15234402e-03	1.19076615e-01
7.89062500e-02	1.15817310e-03	1.19682535e-01
7.89550781e-02	1.16403184e-03	1.20291553e-01
7.90039063e-02	1.16992040e-03	1.20903684e-01
7.90527344e-02	1.17583892e-03	1.21518944e-01
7.91015625e-02	1.18178756e-03	1.22137350e-01
7.91503906e-02	1.18776647e-03	1.22758918e-01
7.91992188e-02	1.19377581e-03	1.23383663e-01
7.92480469e-02	1.19981574e-03	1.24011602e-01
7.92968750e-02	1.20588640e-03	1.24642752e-01
7.93457031e-02	1.21198796e-03	1.25277129e-01
7.93945313e-02	1.21812057e-03	1.25914750e-01
7.94433594e-02	1.22428440e-03	1.26555631e-01
7.94921875e-02	1.23047960e-03	1.27199789e-01
7.95410156e-02	1.23670634e-03	1.27847240e-01
7.95898438e-02	1.24296476e-03	1.28498003e-01
7.96386719e-02	1.24925505e-03	1.29152093e-01
7.96875000e-02	1.25557736e-03	1.29809528e-01
7.97363281e-02	1.26193184e-03	1.30470324e-01
7.97851563e-02	1.26831868e-03	1.31134500e-01
7.98339844e-02	1.27473803e-03	1.31802073e-01
7.98828125e-02	1.28119006e-03	1.32473059e-01
7.99316406e-02	1.28767494e-03	1.33147477e-01
7.99804688e-02	1.29419283e-03	1.33825344e-01
8.00292969e-02	1.30074390e-03	1.34506677e-01
8.00781250e-02	1.30732833e-03	1.35191496e-01
8.01269531e-02	1.31394628e-03	1.35879817e-01
8.01757813e-02	1.32059793e-03	1.36571658e-01
8.02246094e-02	1.32728344e-03	1.37267038e-01
8.02734375e-02	1.33400300e-03	1.37965974e-01
8.03222656e-02	1.34075677e-03	1.38668486e-01
8.03710938e-02	1.34754493e-03	1.39374591e-01
8.04199219e-02	1.35436766e-03	1.40084307e-01
8.04687500e-02	1.36122513e-03	1.40797654e-01
8.05175781e-02	1.36811752e-03	1.41514650e-01
8.05664062e-02	1.37504501e-03	1.42235314e-01
8.06152344e-02	1.38200778e-03	1.42959664e-01
8.06640625e-02	1.38900600e-03	1.43687719e-01
8.07128906e-02	1.39603987e-03	1.44419499e-01
8.07617188e-02	1.40310956e-03	1.45155023e-01
8.08105469e-02	1.41021526e-03	1.45894309e-01
8.08593750e-02	1.41735715e-03	1.46637378e-01
8.09082031e-02	1.42453541e-03	1.47384248e-01
8.09570313e-02	1.43175023e-03	1.48134939e-01
8.10058594e-02	1.43900180e-03	1.48889470e-01
8.10546875e-02	1.44629031e-03	1.49647862e-01
8.11035156e-02	1.45361595e-03	1.50410135e-01
8.11523438e-02	1.46097890e-03	1.51176307e-01
8.12011719e-02	1.46837936e-03	1.51946400e-01
8.12500000e-02	1.47581751e-03	1.52720433e-01
8.12988281e-02	1.48329356e-03	1.53498427e-01
8.13476563e-02	1.49080769e-03	1.54280401e-01
8.13964844e-02	1.49836010e-03	1.55066377e-01
8.14453125e-02	1.50595099e-03	1.55856375e-01
8.14941406e-02	1.51358055e-03	1.56650415e-01
8.15429688e-02	1.52124898e-03	1.57448518e-01
8.15917969e-02	1.52895648e-03	1.58250706e-01
8.16406250e-02	1.53670325e-03	1.59056999e-01
8.16894531e-02	1.54448949e-03	1.59867418e-01
8.17382813e-02	1.55231540e-03	1.60681984e-01
8.17871094e-02	1.56018119e-03	1.61500719e-01
8.18359375e-02	1.56808706e-03	1.62323645e-01
8.18847656e-02	1.57603321e-03	1.63150782e-01
8.19335938e-02	1.58401986e-03	1.63982152e-01
8.19824219e-02	1.59204720e-03	1.64817777e-01
8.20312500e-02	1.60011545e-03	1.65657679e-01
8.20800781e-02	1.60822481e-03	1.66501880e-01
8.21289063e-02	1.61637550e-03	1.67350402e-01
8.21777344e-02	1.62456773e-03	1.68203267e-01
8.22265625e-02	1.63280171e-03	1.69060497e-01
8.22753906e-02	1.64107765e-03	1.69922116e-01
8.23242188e-02	1.64939577e-03	1.70788144e-01
8.23730469e-02	1.65775629e-03	1.71658606e-01
8.24218750e-02	1.66615942e-03	1.72533523e-01
8.24707031e-02	1.67460538e-03	1.73412920e-01
8.25195312e-02	1.68309438e-03	1.74296818e-01
8.25683594e-02	1.69162666e-03	1.75185241e-01
8.26171875e-02	1.70020243e-03	1.76078212e-01
8.26660156e-02	1.70882191e-03	1.76975754e-01
8.27148438e-02	1.71748533e-03	1.77877891e-01
8.27636719e-02	1.72619291e-03	1.78784647e-01
8.28125000e-02	1.73494488e-03	1.79696045e-01
8.28613281e-02	1.74374147e-03	1.80612110e-01
8.29101563e-02	1.75258290e-03	1.81532864e-01
8.29589844e-02	1.76146940e-03	1.82458333e-01
8.30078125e-02	1.77040121e-03	1.83388540e-01
8.30566406e-02	1.77937855e-03	1.84323510e-01
8.31054688e-02	1.78840167e-03	1.85263267e-01
8.31542969e-02	1.79747079e-03	1.86207836e-01
8.32031250e-02	1.80658614e-03	1.87157241e-01
8.32519531e-02	1.81574798e-03	1.88111508e-01
8.33007813e-02	1.82495653e-03	1.89070662e-01
8.33496094e-02	1.83421203e-03	1.90034727e-01
8.33984375e-02	1.84351473e-03	1.91003728e-01
8.34472656e-02	1.85286486e-03	1.91977692e-01
8.34960938e-02	1.86226267e-03	1.92956644e-01
8.35449219e-02	1.87170840e-03	1.93940608e-01
8.35937500e-02	1.88120231e-03	1.94929612e-01
8.36425781e-02	1.89074462e-03	1.95923680e-01
8.36914063e-02	1.90033560e-03	1.96922840e-01
8.37402344e-02	1.90997549e-03	1.97927117e-01
8.37890625e-02	1.91966455e-03	1.98936537e-01
8.38378906e-02	1.92940302e-03	1.99951126e-01
8.38867188e-02	1.93919115e-03	2.00970913e-01
8.39355469e-02	1.94902921e-03	2.01995922e-01
8.39843750e-02	1.95891744e-03	2.03026182e-01
8.40332031e-02	1.96885611e-03	2.04061718e-01
8.40820313e-02	1.97884548e-03	2.05102558e-01
8.41308594e-02	1.98888579e-03	2.06148730e-01
8.41796875e-02	1.99897732e-03	2.07200260e-01
8.42285156e-02	2.00912032e-03	2.08257177e-01
8.42773438e-02	2.01931507e-03	2.09319508e-01
8.43261719e-02	2.02956181e-03	2.10387280e-01
8.43750000e-02	2.03986083e-03	2.11460522e-01
8.44238281e-02	2.05021239e-03	2.12539263e-01
8.44726562e-02	2.06061676e-03	2.13623529e-01
8.45214844e-02	2.07107420e-03	2.14713350e-01
8.45703125e-02	2.08158499e-03	2.15808754e-01
8.46191406e-02	2.09214941e-03	2.16909769e-01
8.46679688e-02	2.10276772e-03	2.18016426e-01
8.47167969e-02	2.11344021e-03	2.19128752e-01
8.47656250e-02	2.12416716e-03	2.20246776e-01
8.48144531e-02	2.13494883e-03	2.21370529e-01
8.48632813e-02	2.14578551e-03	2.22500040e-01
8.49121094e-02	2.15667749e-03	2.23635337e-01
8.49609375e-02	2.16762504e-03	2.24776452e-01
8.50097656e-02	2.17862846e-03	2.25923413e-01
8.50585938e-02	2.18968802e-03	2.27076251e-01
8.51074219e-02	2.20080402e-03	2.28234997e-01
8.51562500e-02	2.21197674e-03	2.29399679e-01
8.52050781e-02	2.22320647e-03	2.30570330e-01
8.52539063e-02	2.23449352e-03	2.31746979e-01
8.53027344e-02	2.24583816e-03	2.32929658e-01
8.53515625e-02	2.25724070e-03	2.34118397e-01
8.54003906e-02	2.26870144e-03	2.35313228e-01
8.54492188e-02	2.28022066e-03	2.36514182e-01
8.54980469e-02	2.29179867e-03	2.37721291e-01
8.55468750e-02	2.30343578e-03	2.38934586e-01
8.55957031e-02	2.31513228e-03	2.40154098e-01
8.56445313e-02	2.32688848e-03	2.41379861e-01
8.56933594e-02	2.33870469e-03	2.42611905e-01
8.57421875e-02	2.35058121e-03	2.43850264e-01
8.57910156e-02	2.36251834e-03	2.45094970e-01
8.58398438e-02	2.37451642e-03	2.46346055e-01
8.58886719e-02	2.38657573e-03	2.47603552e-01
8.59375000e-02	2.39869661e-03	2.48867495e-01
8.59863281e-02	2.41087936e-03	2.50137916e-01
8.60351563e-02	2.42312430e-03	2.51414849e-01
8.60839844e-02	2.43543175e-03	2.52698327e-01
8.61328125e-02	2.44780203e-03	2.53988384e-01
8.61816406e-02	2.46023546e-03	2.55285054e-01
8.62304688e-02	2.47273237e-03	2.56588370e-01
8.62792969e-02	2.48529308e-03	2.57898368e-01
8.63281250e-02	2.49791792e-03	2.59215080e-01
8.63769531e-02	2.51060722e-03	2.60538542e-01
8.64257812e-02	2.52336131e-03	2.61868789e-01
8.64746094e-02	2.53618051e-03	2.63205856e-01
8.65234375e-02	2.54906517e-03	2.64549776e-01
8.65722656e-02	2.56201562e-03	2.65900587e-01
8.66210938e-02	2.57503219e-03	2.67258323e-01
8.66699219e-02	2.58811524e-03	2.68623019e-01
8.67187500e-02	2.60126508e-03	2.69994713e-01
8.67675781e-02	2.61448208e-03	2.71373439e-01
8.68164063e-02	2.62776657e-03	2.72759233e-01
8.68652344e-02	2.64111890e-03	2.74152133e-01
8.69140625e-02	2.65453941e-03	2.75552175e-01
8.69628906e-02	2.66802846e-03	2.76959395e-01
8.70117188e-02	2.68158640e-03	2.78373830e-01
8.70605469e-02	2.69521358e-03	2.79795518e-01
8.71093750e-02	2.70891036e-03	2.81224496e-01
8.71582031e-02	2.72267709e-03	2.82660801e-01
8.72070313e-02	2.73651414e-03	2.84104471e-01
8.72558594e-02	2.75042185e-03	2.85555544e-01
8.73046875e-02	2.76440060e-03	2.87014058e-01
8.73535156e-02	2.77845075e-03	2.88480051e-01
8.74023438e-02	2.79257266e-03	2.89953562e-01
8.74511719e-02	2.80676671e-03	2.91434629e-01
8.75000000e-02	2.82103326e-03	2.92923292e-01
8.75488281e-02	2.83537269e-03	2.94419589e-01
8.75976563e-02	2.84978536e-03	2.95923560e-01
8.76464844e-02	2.86427166e-03	2.97435244e-01
8.76953125e-02	2.87883196e-03	2.98954681e-01
8.77441406e-02	2.89346665e-03	3.00481911e-01
8.77929688e-02	2.90817609e-03	3.02016974e-01
8.78417969e-02	2.92296068e-03	3.03559909e-01
8.78906250e-02	2.93782081e-03	3.05110759e-01
8.79394531e-02	2.95275685e-03	3.06669563e-01
8.79882813e-02	2.96776920e-03	3.08236362e-01
8.80371094e-02	2.98285825e-03	3.09811198e-01
8.80859375e-02	2.99802440e-03	3.11394111e-01
8.81347656e-02	3.01326803e-03	3.12985144e-01
8.81835938e-02	3.02858955e-03	3.14584338e-01
8.82324219e-02	3.04398936e-03	3.16191735e-01
8.82812500e-02	3.05946785e-03	3.17807378e-01
8.83300781e-02	3.07502544e-03	3.19431309e-01
8.83789062e-02	3.09066252e-03	3.21063570e-01
8.84277344e-02	3.10637951e-03	3.22704204e-01
8.84765625e-02	3.12217681e-03	3.24353255e-01
8.85253906e-02	3.13805484e-03	3.26010766e-01
8.85742188e-02	3.15401400e-03	3.27676780e-01
8.86230469e-02	3.17005473e-03	3.29351342e-01
8.86718750e-02	3.18617743e-03	3.31034494e-01
8.87207031e-02	3.20238253e-03	3.32726282e-01
8.87695313e-02	3.21867044e-03	3.34426749e-01
8.88183594e-02	3.23504160e-03	3.36135941e-01
8.88671875e-02	3.25149643e-03	3.37853902e-01
8.89160156e-02	3.26803536e-03	3.39580678e-01
8.89648438e-02	3.28465883e-03	3.41316314e-01
8.90136719e-02	3.30136725e-03	3.43060855e-01
8.90625000e-02	3.31816108e-03	3.44814348e-01
8.91113281e-02	3.33504075e-03	3.46576838e-01
8.91601563e-02	3.35200670e-03	3.48348371e-01
8.92089844e-02	3.36905937e-03	3.50128995e-01
8.92578125e-02	3.38619920e-03	3.51918757e-01
8.93066406e-02	3.40342666e-03	3.53717702e-01
8.93554688e-02	3.42074217e-03	3.55525878e-01
8.94042969e-02	3.43814621e-03	3.57343334e-01
8.94531250e-02	3.45563921e-03	3.59170116e-01
8.95019531e-02	3.47322164e-03	3.61006273e-01
8.95507813e-02	3.49089396e-03	3.62851854e-01
8.95996094e-02	3.50865663e-03	3.64706905e-01
8.96484375e-02	3.52651010e-03	3.66571477e-01
8.96972656e-02	3.54445485e-03	3.68445618e-01
8.97460938e-02	3.56249135e-03	3.70329378e-01
8.97949219e-02	3.58062007e-03	3.72222806e-01
8.98437500e-02	3.59884147e-03	3.74125951e-01
8.98925781e-02	3.61715604e-03	3.76038865e-01
8.99414063e-02	3.63556426e-03	3.77961597e-01
8.99902344e-02	3.65406660e-03	3.79894198e-01
9.00390625e-02	3.67266354e-03	3.81836718e-01
9.00878906e-02	3.69135558e-03	3.83789209e-01
9.01367188e-02	3.71014320e-03	3.85751722e-01
9.01855469e-02	3.72902690e-03	3.87724309e-01
9.02343750e-02	3.74800715e-03	3.89707021e-01
9.02832031e-02	3.76708447e-03	3.91699911e-01
9.03320312e-02	3.78625935e-03	3.93703031e-01
9.03808594e-02	3.80553228e-03	3.95716433e-01
9.04296875e-02	3.82490378e-03	3.97740172e-01
9.04785156e-02	3.84437435e-03	3.99774299e-01
9.05273438e-02	3.86394450e-03	4.01818869e-01
9.05761719e-02	3.88361473e-03	4.03873935e-01
9.06250000e-02	3.90338557e-03	4.05939551e-01
9.06738281e-02	3.92325752e-03	4.08015772e-01
9.07226563e-02	3.94323112e-03	4.10102652e-01
9.07714844e-02	3.96330687e-03	4.12200247e-01
9.08203125e-02	3.98348531e-03	4.14308610e-01
9.08691406e-02	4.00376696e-03	4.16427799e-01
9.09179688e-02	4.02415235e-03	4.18557868e-01
9.09667969e-02	4.04464202e-03	4.20698874e-01
9.10156250e-02	4.06523650e-03	4.22850873e-01
9.10644531e-02	4.08593632e-03	4.25013921e-01
9.11132813e-02	4.10674203e-03	4.27188076e-01
9.11621094e-02	4.12765418e-03	4.29373394e-01
9.12109375e-02	4.14867330e-03	4.31569934e-01
9.12597656e-02	4.16979996e-03	4.33777753e-01
9.13085938e-02	4.19103469e-03	4.35996909e-01
9.13574219e-02	4.21237806e-03	4.38227460e-01
9.14062500e-02	4.23383062e-03	4.40469466e-01
9.14550781e-02	4.25539293e-03	4.42722985e-01
9.15039063e-02	4.27706557e-03	4.44988077e-01
9.15527344e-02	4.29884909e-03	4.47264800e-01
9.16015625e-02	4.32074406e-03	4.49553216e-01
9.16503906e-02	4.34275105e-03	4.51853385e-01
9.16992188e-02	4.36487065e-03	4.54165366e-01
9.17480469e-02	4.38710343e-03	4.56489221e-01
9.17968750e-02	4.40944997e-03	4.58825011e-01
9.18457031e-02	4.43191085e-03	4.61172797e-01
9.18945313e-02	4.45448667e-03	4.63532642e-01
9.19433594e-02	4.47717801e-03	4.65904607e-01
9.19921875e-02	4.49998546e-03	4.68288755e-01
9.20410156e-02	4.52290963e-03	4.70685149e-01
9.20898438e-02	4.54595111e-03	4.73093851e-01
9.21386719e-02	4.56911050e-03	4.75514926e-01
9.21875000e-02	4.59238842e-03	4.77948436e-01
9.22363281e-02	4.61578546e-03	4.80394447e-01
9.22851562e-02	4.63930225e-03	4.82853021e-01
9.23339844e-02	4.66293939e-03	4.85324226e-01
9.23828125e-02	4.68669750e-03	4.87808124e-01
9.24316406e-02	4.71057721e-03	4.90304782e-01
9.24804688e-02	4.73457914e-03	4.92814265e-01
9.25292969e-02	4.75870392e-03	4.95336640e-01
9.25781250e-02	4.78295217e-03	4.97871973e-01
9.26269531e-02	4.80732455e-03	5.00420331e-01
9.26757813e-02	4.83182167e-03	5.02981781e-01
9.27246094e-02	4.85644418e-03	5.05556390e-01
9.27734375e-02	4.88119273e-03	5.08144226e-01
9.28222656e-02	4.90606796e-03	5.10745357e-01
9.28710938e-02	4.93107053e-03	5.13359853e-01
9.29199219e-02	4.95620109e-03	5.15987781e-01
9.29687500e-02	4.98146029e-03	5.18629211e-01
9.30175781e-02	5.00684881e-03	5.21284213e-01
9.30664063e-02	5.03236729e-03	5.23952856e-01
9.31152344e-02	5.05801641e-03	5.26635212e-01
9.31640625e-02	5.08379685e-03	5.29331350e-01
9.32128906e-02	5.10970927e-03	5.32041341e-01
9.32617188e-02	5.13575435e-03	5.34765258e-01
9.33105469e-02	5.16193278e-03	5.37503171e-01
9.33593750e-02	5.18824524e-03	5.40255154e-01
9.34082031e-02	5.21469241e-03	5.43021278e-01
9.34570313e-02	5.24127500e-03	5.45801616e-01
9.35058594e-02	5.26799370e-03	5.48596242e-01
9.35546875e-02	5.29484921e-03	5.51405229e-01
9.36035156e-02	5.32184222e-03	5.54228652e-01
9.36523438e-02	5.34897345e-03	5.57066585e-01
9.37011719e-02	5.37624361e-03	5.59919102e-01
9.37500000e-02	5.40365341e-03	5.62786279e-01
9.37988281e-02	5.43120357e-03	5.65668192e-01
9.38476563e-02	5.45889481e-03	5.68564916e-01
9.38964844e-02	5.48672785e-03	5.71476527e-01
9.39453125e-02	5.51470343e-03	5.74403104e-01
9.39941406e-02	5.54282227e-03	5.77344722e-01
9.40429688e-02	5.57108512e-03	5.80301459e-01
9.40917969e-02	5.59949271e-03	5.83273394e-01
9.41406250e-02	5.62804578e-03	5.86260604e-01
9.41894531e-02	5.65674509e-03	5.89263168e-01
9.42382812e-02	5.68559139e-03	5.92281166e-01
9.42871094e-02	5.71458543e-03	5.95314677e-01
9.43359375e-02	5.74372797e-03	5.98363782e-01
9.43847656e-02	5.77301977e-03	6.01428560e-01
9.44335938e-02	5.80246161e-03	6.04509092e-01
9.44824219e-02	5.83205425e-03	6.07605460e-01
9.45312500e-02	5.86179847e-03	6.10717745e-01
9.45800781e-02	5.89169505e-03	6.13846030e-01
9.46289063e-02	5.92174476e-03	6.16990396e-01
9.46777344e-02	5.95194841e-03	6.20150928e-01
9.47265625e-02	5.98230678e-03	6.23327708e-01
9.47753906e-02	6.01282066e-03	6.26520819e-01
9.48242188e-02	6.04349085e-03	6.29730347e-01
9.48730469e-02	6.07431816e-03	6.32956377e-01
9.49218750e-02	6.10530340e-03	6.36198992e-01
9.49707031e-02	6.13644738e-03	6.39458279e-01
9.50195313e-02	6.16775091e-03	6.42734323e-01
9.50683594e-02	6.19921481e-03	6.46027212e-01
9.51171875e-02	6.23083992e-03	6.49337031e-01
9.51660156e-02	6.26262705e-03	6.52663869e-01
9.52148438e-02	6.29457704e-03	6.56007813e-01
9.52636719e-02	6.32669073e-03	6.59368951e-01
9.53125000e-02	6.35896896e-03	6.62747373e-01
9.53613281e-02	6.39141258e-03	6.66143167e-01
9.54101563e-02	6.42402243e-03	6.69556422e-01
9.54589844e-02	6.45679938e-03	6.72987230e-01
9.55078125e-02	6.48974427e-03	6.76435680e-01
9.55566406e-02	6.52285798e-03	6.79901863e-01
9.56054688e-02	6.55614137e-03	6.83385872e-01
9.56542969e-02	6.58959532e-03	6.86887798e-01
9.57031250e-02	6.62322070e-03	6.90407733e-01
9.57519531e-02	6.65701839e-03	6.93945770e-01
9.58007813e-02	6.69098928e-03	6.97502004e-01
9.58496094e-02	6.72513427e-03	7.01076527e-01
9.58984375e-02	6.75945424e-03	7.04669434e-01
9.59472656e-02	6.79395009e-03	7.08280820e-01
9.59960938e-02	6.82862274e-03	7.11910780e-01
9.60449219e-02	6.86347309e-03	7.15559410e-01
9.60937500e-02	6.89850205e-03	7.19226807e-01
9.61425781e-02	6.93371054e-03	7.22913068e-01
9.61914062e-02	6.96909949e-03	7.26618289e-01
9.62402344e-02	7.00466982e-03	7.30342568e-01
9.62890625e-02	7.04042247e-03	7.34086005e-01
9.63378906e-02	7.07635838e-03	7.37848697e-01
9.63867188e-02	7.11247848e-03	7.41630744e-01
9.64355469e-02	7.14878373e-03	7.45432247e-01
9.64843750e-02	7.18527508e-03	7.49253305e-01
9.65332031e-02	7.22195348e-03	7.53094019e-01
9.65820313e-02	7.25881990e-03	7.56954492e-01
9.66308594e-02	7.29587530e-03	7.60834824e-01
9.66796875e-02	7.33312066e-03	7.64735118e-01
9.67285156e-02	7.37055695e-03	7.68655478e-01
9.67773438e-02	7.40818516e-03	7.72596007e-01
9.68261719e-02	7.44600628e-03	7.76556809e-01
9.68750000e-02	7.48402129e-03	7.80537989e-01
9.69238281e-02	7.52223119e-03	7.84539652e-01
9.69726563e-02	7.56063699e-03	7.88561904e-01
9.70214844e-02	7.59923969e-03	7.92604851e-01
9.70703125e-02	7.63804032e-03	7.96668599e-01
9.71191406e-02	7.67703987e-03	8.00753257e-01
9.71679688e-02	7.71623939e-03	8.04858932e-01
9.72167969e-02	7.75563989e-03	8.08985733e-01
9.72656250e-02	7.79524242e-03	8.13133769e-01
9.73144531e-02	7.83504801e-03	8.17303149e-01
9.73632813e-02	7.87505771e-03	8.21493984e-01
9.74121094e-02	7.91527256e-03	8.25706384e-01
9.74609375e-02	7.95569362e-03	8.29940461e-01
9.75097656e-02	7.99632196e-03	8.34196327e-01
9.75585938e-02	8.03715864e-03	8.38474094e-01
9.76074219e-02	8.07820474e-03	8.42773875e-01
9.76562500e-02	8.11946132e-03	8.47095785e-01
9.77050781e-02	8.16092948e-03	8.51439937e-01
9.77539063e-02	8.20261030e-03	8.55806446e-01
9.78027344e-02	8.24450487e-03	8.60195428e-01
9.78515625e-02	8.28661431e-03	8.64606998e-01
9.79003906e-02	8.32893971e-03	8.69041274e-01
9.79492188e-02	8.37148218e-03	8.73498373e-01
9.79980469e-02	8.41424284e-03	8.77978412e-01
9.80468750e-02	8.45722282e-03	8.82481510e-01
9.80957031e-02	8.50042324e-03	8.87007786e-01
9.81445312e-02	8.54384524e-03	8.91557361e-01
9.81933594e-02	8.58748996e-03	8.96130353e-01
9.82421875e-02	8.63135855e-03	9.00726885e-01
9.82910156e-02	8.67545215e-03	9.05347077e-01
9.83398438e-02	8.71977193e-03	9.09991053e-01
9.83886719e-02	8.76431905e-03	9.14658934e-01
9.84375000e-02	8.80909468e-03	9.19350845e-01
9.84863281e-02	8.85409999e-03	9.24066909e-01
9.85351563e-02	8.89933618e-03	9.28807252e-01
9.85839844e-02	8.94480442e-03	9.33571998e-01
9.86328125e-02	8.99050592e-03	9.38361274e-01
9.86816406e-02	9.03644187e-03	9.43175207e-01
9.87304688e-02	9.08261348e-03	9.48013924e-01
9.87792969e-02	9.12902196e-03	9.52877553e-01
9.88281250e-02	9.17566854e-03	9.57766222e-01
9.88769531e-02	9.22255443e-03	9.62680062e-01
9.89257813e-02	9.26968088e-03	9.67619202e-01
9.89746094e-02	9.31704912e-03	9.72583773e-01
9.90234375e-02	9.36466039e-03	9.77573907e-01
9.90722656e-02	9.41251594e-03	9.82589735e-01
9.91210938e-02	9.46061705e-03	9.87631390e-01
9.91699219e-02	9.50896496e-03	9.92699006e-01
9.92187500e-02	9.55756095e-03	9.97792717e-01
9.92675781e-02	9.60640629e-03	1.00291266e+00
9.93164063e-02	9.65550228e-03	1.00805896e+00
9.93652344e-02	9.70485020e-03	1.01323177e+00
9.94140625e-02	9.75445134e-03	1.01843122e+00
9.94628906e-02	9.80430702e-03	1.02365744e+00
9.95117188e-02	9.85441855e-03	1.02891058e+00
9.95605469e-02	9.90478723e-03	1.03419077e+00
9.96093750e-02	9.95541441e-03	1.03949816e+00
9.96582031e-02	1.00063014e-02	1.04483288e+00
9.97070313e-02	1.00574495e-02	1.05019507e+00
9.97558594e-02	1.01088602e-02	1.05558489e+00
9.98046875e-02	1.01605347e-02	1.06100246e+00
9.98535156e-02	1.02124744e-02	1.06644794e+00
9.99023438e-02	1.02646807e-02	1.07192146e+00
9.99511719e-02	1.03171549e-02	1.07742318e+00
1.00000000e-01	1.03698985e-02	1.08295324e+00
