0.00000000e+00	0.00000000e+00	8.91519169e-05
4.88281250e-05	4.35315180e-09	8.91531807e-05
9.76562500e-05	8.70640457e-09	8.91560528e-05
1.46484375e-04	1.30598438e-08	8.91608186e-05
1.95312500e-04	1.74135619e-08	8.91674743e-05
2.44140625e-04	2.17676512e-08	8.91760217e-05
2.92968750e-04	2.61222040e-08	8.91864626e-05
3.41796875e-04	3.04773129e-08	8.91987978e-05
3.90625000e-04	3.48330704e-08	8.92130282e-05
4.39453125e-04	3.91895690e-08	8.92291545e-05
4.88281250e-04	4.35469013e-08	8.92471773e-05
5.37109375e-04	4.79051599e-08	8.92670971e-05
5.85937500e-04	5.22644376e-08	8.92889146e-05
6.34765625e-04	5.66248268e-08	8.93126303e-05
6.83593750e-04	6.09864205e-08	8.93382450e-05
7.32421875e-04	6.53493112e-08	8.93657593e-05
7.81250000e-04	6.97135918e-08	8.93951739e-05
8.30078125e-04	7.40793551e-08	8.94264895e-05
8.78906250e-04	7.84466939e-08	8.94597069e-05
9.27734375e-04	8.28157010e-08	8.94948270e-05
9.76562500e-04	8.71864695e-08	8.95318505e-05
1.02539063e-03	9.15590923e-08	8.95707784e-05
1.07421875e-03	9.59336624e-08	8.96116115e-05
1.12304688e-03	1.00310273e-07	8.96543510e-05
1.17187500e-03	1.04689017e-07	8.96989978e-05
1.22070312e-03	1.09069987e-07	8.97455529e-05
1.26953125e-03	1.13453277e-07	8.97940175e-05
1.31835938e-03	1.17838981e-07	8.98443928e-05
1.36718750e-03	1.22227191e-07	8.98966799e-05
1.41601563e-03	1.26618000e-07	8.99508801e-05
1.46484375e-03	1.31011503e-07	9.00069947e-05
1.51367188e-03	1.35407792e-07	9.00650249e-05
1.56250000e-03	1.39806962e-07	9.01249723e-05
1.61132813e-03	1.44209106e-07	9.01868381e-05
1.66015625e-03	1.48614318e-07	9.02506239e-05
1.70898438e-03	1.53022691e-07	9.03163312e-05
1.75781250e-03	1.57434319e-07	9.03839616e-05
1.80664063e-03	1.61849296e-07	9.04535165e-05
1.85546875e-03	1.66267717e-07	9.05249978e-05
1.90429688e-03	1.70689675e-07	9.05984070e-05
1.95312500e-03	1.75115265e-07	9.06737459e-05
2.00195313e-03	1.79544580e-07	9.07510163e-05
2.05078125e-03	1.83977716e-07	9.08302201e-05
2.09960937e-03	1.88414766e-07	9.09113590e-05
2.14843750e-03	1.92855826e-07	9.09944351e-05
2.19726562e-03	1.97300989e-07	9.10794503e-05
2.24609375e-03	2.01750351e-07	9.11664065e-05
2.29492188e-03	2.06204006e-07	9.12553059e-05
2.34375000e-03	2.10662049e-07	9.13461505e-05
2.39257813e-03	2.15124576e-07	9.14389426e-05
2.44140625e-03	2.19591681e-07	9.15336842e-05
2.49023438e-03	2.24063460e-07	9.16303777e-05
2.53906250e-03	2.28540008e-07	9.17290253e-05
2.58789063e-03	2.33021420e-07	9.18296294e-05
2.63671875e-03	2.37507793e-07	9.19321923e-05
2.68554688e-03	2.41999221e-07	9.20367165e-05
2.73437500e-03	2.46495801e-07	9.21432044e-05
2.78320313e-03	2.50997629e-07	9.22516585e-05
2.83203125e-03	2.55504800e-07	9.23620815e-05
2.88085938e-03	2.60017412e-07	9.24744759e-05
2.92968750e-03	2.64535559e-07	9.25888443e-05
2.97851563e-03	2.69059339e-07	9.27051896e-05
3.02734375e-03	2.73588849e-07	9.28235144e-05
3.07617188e-03	2.78124184e-07	9.29438216e-05
3.12500000e-03	2.82665442e-07	9.30661139e-05
3.17382812e-03	2.87212720e-07	9.31903943e-05
3.22265625e-03	2.91766115e-07	9.33166657e-05
3.27148438e-03	2.96325725e-07	9.34449312e-05
3.32031250e-03	3.00891646e-07	9.35751936e-05
3.36914063e-03	3.05463976e-07	9.37074562e-05
3.41796875e-03	3.10042813e-07	9.38417220e-05
3.46679688e-03	3.14628256e-07	9.39779943e-05
3.51562500e-03	3.19220401e-07	9.41162762e-05
3.56445313e-03	3.23819347e-07	9.42565710e-05
3.61328125e-03	3.28425193e-07	9.43988820e-05
3.66210938e-03	3.33038037e-07	9.45432126e-05
3.71093750e-03	3.37657978e-07	9.46895663e-05
3.75976563e-03	3.42285115e-07	9.48379464e-05
3.80859375e-03	3.46919546e-07	9.49883565e-05
3.85742188e-03	3.51561371e-07	9.51408001e-05
3.90625000e-03	3.56210690e-07	9.52952809e-05
3.95507812e-03	3.60867601e-07	9.54518025e-05
4.00390625e-03	3.65532205e-07	9.56103686e-05
4.05273438e-03	3.70204601e-07	9.57709829e-05
4.10156250e-03	3.74884890e-07	9.59336493e-05
4.15039062e-03	3.79573171e-07	9.60983716e-05
4.19921875e-03	3.84269547e-07	9.62651537e-05
4.24804688e-03	3.88974116e-07	9.64339996e-05
4.29687500e-03	3.93686980e-07	9.66049132e-05
4.34570313e-03	3.98408240e-07	9.67778985e-05
4.39453125e-03	4.03137997e-07	9.69529598e-05
4.44335937e-03	4.07876353e-07	9.71301011e-05
4.49218750e-03	4.12623409e-07	9.73093266e-05
4.54101563e-03	4.17379268e-07	9.74906405e-05
4.58984375e-03	4.22144031e-07	9.76740472e-05
4.63867188e-03	4.26917800e-07	9.78595510e-05
4.68750000e-03	4.31700679e-07	9.80471563e-05
4.73632813e-03	4.36492769e-07	9.82368674e-05
4.78515625e-03	4.41294175e-07	9.84286890e-05
4.83398438e-03	4.46104998e-07	9.86226255e-05
4.88281250e-03	4.50925342e-07	9.88186816e-05
4.93164063e-03	4.55755311e-07	9.90168618e-05
4.98046875e-03	4.60595010e-07	9.92171710e-05
5.02929688e-03	4.65444540e-07	9.94196137e-05
5.07812500e-03	4.70304008e-07	9.96241948e-05
5.12695312e-03	4.75173518e-07	9.98309192e-05
5.17578125e-03	4.80053174e-07	1.00039792e-04
5.22460938e-03	4.84943081e-07	1.00250817e-04
5.27343750e-03	4.89843346e-07	1.00464001e-04
5.32226563e-03	4.94754072e-07	1.00679348e-04
5.37109375e-03	4.99675366e-07	1.00896863e-04
5.41992188e-03	5.04607334e-07	1.01116551e-04
5.46875000e-03	5.09550083e-07	1.01338418e-04
5.51757813e-03	5.14503717e-07	1.01562469e-04
5.56640625e-03	5.19468346e-07	1.01788709e-04
5.61523438e-03	5.24444075e-07	1.02017144e-04
5.66406250e-03	5.29431011e-07	1.02247778e-04
5.71289063e-03	5.34429263e-07	1.02480618e-04
5.76171875e-03	5.39438938e-07	1.02715668e-04
5.81054688e-03	5.44460144e-07	1.02952936e-04
5.85937500e-03	5.49492990e-07	1.03192425e-04
5.90820313e-03	5.54537584e-07	1.03434142e-04
5.95703125e-03	5.59594035e-07	1.03678092e-04
6.00585938e-03	5.64662452e-07	1.03924282e-04
6.05468750e-03	5.69742945e-07	1.04172717e-04
6.10351562e-03	5.74835624e-07	1.04423402e-04
6.15234375e-03	5.79940598e-07	1.04676345e-04
6.20117188e-03	5.85057979e-07	1.04931551e-04
6.25000000e-03	5.90187875e-07	1.05189025e-04
6.29882813e-03	5.95330400e-07	1.05448775e-04
6.34765625e-03	6.00485663e-07	1.05710806e-04
6.39648438e-03	6.05653777e-07	1.05975124e-04
6.44531250e-03	6.10834852e-07	1.06241736e-04
6.49414063e-03	6.16029002e-07	1.06510648e-04
6.54296875e-03	6.21236339e-07	1.06781866e-04
6.59179688e-03	6.26456975e-07	1.07055398e-04
6.64062500e-03	6.31691024e-07	1.07331248e-04
6.68945313e-03	6.36938599e-07	1.07609424e-04
6.73828125e-03	6.42199814e-07	1.07889933e-04
6.78710938e-03	6.47474783e-07	1.08172781e-04
6.83593750e-03	6.52763620e-07	1.08457975e-04
6.88476563e-03	6.58066439e-07	1.08745521e-04
6.93359375e-03	6.63383357e-07	1.09035426e-04
6.98242188e-03	6.68714488e-07	1.09327698e-04
7.03125000e-03	6.74059948e-07	1.09622343e-04
7.08007812e-03	6.79419853e-07	1.09919368e-04
7.12890625e-03	6.84794319e-07	1.10218781e-04
7.17773438e-03	6.90183464e-07	1.10520587e-04
7.22656250e-03	6.95587404e-07	1.10824795e-04
7.27539063e-03	7.01006257e-07	1.11131412e-04
7.32421875e-03	7.06440140e-07	1.11440445e-04
7.37304688e-03	7.11889172e-07	1.11751901e-04
7.42187500e-03	7.17353471e-07	1.12065788e-04
7.47070313e-03	7.22833156e-07	1.12382113e-04
7.51953125e-03	7.28328347e-07	1.12700884e-04
7.56835938e-03	7.33839162e-07	1.13022107e-04
7.61718750e-03	7.39365722e-07	1.13345792e-04
7.66601563e-03	7.44908147e-07	1.13671945e-04
7.71484375e-03	7.50466558e-07	1.14000575e-04
7.76367188e-03	7.56041076e-07	1.14331688e-04
7.81250000e-03	7.61631823e-07	1.14665293e-04
7.86132813e-03	7.67238920e-07	1.15001398e-04
7.91015625e-03	7.72862489e-07	1.15340011e-04
7.95898438e-03	7.78502654e-07	1.15681140e-04
8.00781250e-03	7.84159537e-07	1.16024793e-04
8.05664062e-03	7.89833262e-07	1.16370978e-04
8.10546875e-03	7.95523953e-07	1.16719703e-04
8.15429687e-03	8.01231733e-07	1.17070977e-04
8.20312500e-03	8.06956728e-07	1.17424808e-04
8.25195313e-03	8.12699062e-07	1.17781204e-04
8.30078125e-03	8.18458861e-07	1.18140174e-04
8.34960938e-03	8.24236251e-07	1.18501726e-04
8.39843750e-03	8.30031359e-07	1.18865869e-04
8.44726563e-03	8.35844310e-07	1.19232612e-04
8.49609375e-03	8.41675232e-07	1.19601963e-04
8.54492188e-03	8.47524253e-07	1.19973931e-04
8.59375000e-03	8.53391500e-07	1.20348525e-04
8.64257812e-03	8.59277103e-07	1.20725754e-04
8.69140625e-03	8.65181189e-07	1.21105626e-04
8.74023438e-03	8.71103889e-07	1.21488152e-04
8.78906250e-03	8.77045332e-07	1.21873339e-04
8.83789063e-03	8.83005648e-07	1.22261197e-04
8.88671875e-03	8.88984967e-07	1.22651736e-04
8.93554688e-03	8.94983422e-07	1.23044964e-04
8.98437500e-03	9.01001143e-07	1.23440891e-04
9.03320312e-03	9.07038262e-07	1.23839526e-04
9.08203125e-03	9.13094913e-07	1.24240880e-04
9.13085937e-03	9.19171227e-07	1.24644960e-04
9.17968750e-03	9.25267339e-07	1.25051777e-04
9.22851563e-03	9.31383382e-07	1.25461341e-04
9.27734375e-03	9.37519491e-07	1.25873662e-04
9.32617188e-03	9.43675799e-07	1.26288748e-04
9.37500000e-03	9.49852444e-07	1.26706610e-04
9.42382813e-03	9.56049560e-07	1.27127259e-04
9.47265625e-03	9.62267283e-07	1.27550703e-04
9.52148438e-03	9.68505752e-07	1.27976954e-04
9.57031250e-03	9.74765102e-07	1.28406020e-04
9.61914063e-03	9.81045471e-07	1.28837913e-04
9.66796875e-03	9.87346998e-07	1.29272643e-04
9.71679688e-03	9.93669822e-07	1.29710219e-04
9.76562500e-03	1.00001408e-06	1.30150653e-04
9.81445313e-03	1.00637992e-06	1.30593955e-04
9.86328125e-03	1.01276747e-06	1.31040136e-04
9.91210938e-03	1.01917688e-06	1.31489205e-04
9.96093750e-03	1.02560828e-06	1.31941174e-04
1.00097656e-02	1.03206183e-06	1.32396054e-04
1.00585938e-02	1.03853765e-06	1.32853855e-04
1.01074219e-02	1.04503591e-06	1.33314588e-04
1.01562500e-02	1.05155673e-06	1.33778265e-04
1.02050781e-02	1.05810026e-06	1.34244895e-04
1.02539062e-02	1.06466665e-06	1.34714491e-04
1.03027344e-02	1.07125605e-06	1.35187064e-04
1.03515625e-02	1.07786859e-06	1.35662624e-04
1.04003906e-02	1.08450442e-06	1.36141184e-04
1.04492188e-02	1.09116370e-06	1.36622754e-04
1.04980469e-02	1.09784656e-06	1.37107346e-04
1.05468750e-02	1.10455316e-06	1.37594972e-04
1.05957031e-02	1.11128365e-06	1.38085642e-04
1.06445313e-02	1.11803816e-06	1.38579370e-04
1.06933594e-02	1.12481686e-06	1.39076166e-04
1.07421875e-02	1.13161990e-06	1.39576043e-04
1.07910156e-02	1.13844741e-06	1.40079012e-04
1.08398438e-02	1.14529956e-06	1.40585085e-04
1.08886719e-02	1.15217650e-06	1.41094275e-04
1.09375000e-02	1.15907838e-06	1.41606593e-04
1.09863281e-02	1.16600535e-06	1.42122052e-04
1.10351563e-02	1.17295756e-06	1.42640664e-04
1.10839844e-02	1.17993518e-06	1.43162441e-04
1.11328125e-02	1.18693835e-06	1.43687397e-04
1.11816406e-02	1.19396723e-06	1.44215542e-04
1.12304688e-02	1.20102197e-06	1.44746891e-04
1.12792969e-02	1.20810274e-06	1.45281455e-04
1.13281250e-02	1.21520969e-06	1.45819248e-04
1.13769531e-02	1.22234298e-06	1.46360282e-04
1.14257813e-02	1.22950277e-06	1.46904570e-04
1.14746094e-02	1.23668921e-06	1.47452125e-04
1.15234375e-02	1.24390247e-06	1.48002960e-04
1.15722656e-02	1.25114271e-06	1.48557088e-04
1.16210938e-02	1.25841008e-06	1.49114523e-04
1.16699219e-02	1.26570475e-06	1.49675278e-04
1.17187500e-02	1.27302689e-06	1.50239366e-04
1.17675781e-02	1.28037665e-06	1.50806801e-04
1.18164063e-02	1.28775420e-06	1.51377595e-04
1.18652344e-02	1.29515970e-06	1.51951764e-04
1.19140625e-02	1.30259332e-06	1.52529320e-04
1.19628906e-02	1.31005522e-06	1.53110278e-04
1.20117188e-02	1.31754558e-06	1.53694651e-04
1.20605469e-02	1.32506455e-06	1.54282452e-04
1.21093750e-02	1.33261231e-06	1.54873697e-04
1.21582031e-02	1.34018902e-06	1.55468400e-04
1.22070312e-02	1.34779485e-06	1.56066574e-04
1.22558594e-02	1.35542998e-06	1.56668233e-04
1.23046875e-02	1.36309457e-06	1.57273393e-04
1.23535156e-02	1.37078880e-06	1.57882068e-04
1.24023438e-02	1.37851283e-06	1.58494271e-04
1.24511719e-02	1.38626684e-06	1.59110018e-04
1.25000000e-02	1.39405100e-06	1.59729324e-04
1.25488281e-02	1.40186549e-06	1.60352203e-04
1.25976563e-02	1.40971048e-06	1.60978671e-04
1.26464844e-02	1.41758615e-06	1.61608741e-04
1.26953125e-02	1.42549268e-06	1.62242430e-04
1.27441406e-02	1.43343023e-06	1.62879752e-04
1.27929688e-02	1.44139899e-06	1.63520722e-04
1.28417969e-02	1.44939914e-06	1.64165357e-04
1.28906250e-02	1.45743085e-06	1.64813671e-04
1.29394531e-02	1.46549432e-06	1.65465679e-04
1.29882813e-02	1.47358970e-06	1.66121399e-04
1.30371094e-02	1.48171720e-06	1.66780844e-04
1.30859375e-02	1.48987699e-06	1.67444031e-04
1.31347656e-02	1.49806925e-06	1.68110976e-04
1.31835938e-02	1.50629417e-06	1.68781694e-04
1.32324219e-02	1.51455193e-06	1.69456202e-04
1.32812500e-02	1.52284272e-06	1.70134516e-04
1.33300781e-02	1.53116672e-06	1.70816652e-04
1.33789063e-02	1.53952412e-06	1.71502627e-04
1.34277344e-02	1.54791512e-06	1.72192456e-04
1.34765625e-02	1.55633989e-06	1.72886157e-04
1.35253906e-02	1.56479863e-06	1.73583746e-04
1.35742188e-02	1.57329152e-06	1.74285239e-04
1.36230469e-02	1.58181876e-06	1.74990654e-04
1.36718750e-02	1.59038055e-06	1.75700007e-04
1.37207031e-02	1.59897706e-06	1.76413315e-04
1.37695313e-02	1.60760851e-06	1.77130596e-04
1.38183594e-02	1.61627507e-06	1.77851866e-04
1.38671875e-02	1.62497695e-06	1.78577143e-04
1.39160156e-02	1.63371434e-06	1.79306444e-04
1.39648438e-02	1.64248744e-06	1.80039787e-04
1.40136719e-02	1.65129645e-06	1.80777189e-04
1.40625000e-02	1.66014157e-06	1.81518668e-04
1.41113281e-02	1.66902299e-06	1.82264242e-04
1.41601562e-02	1.67794091e-06	1.83013928e-04
1.42089844e-02	1.68689554e-06	1.83767745e-04
1.42578125e-02	1.69588708e-06	1.84525710e-04
1.43066406e-02	1.70491573e-06	1.85287842e-04
1.43554688e-02	1.71398170e-06	1.86054159e-04
1.44042969e-02	1.72308518e-06	1.86824679e-04
1.44531250e-02	1.73222640e-06	1.87599421e-04
1.45019531e-02	1.74140554e-06	1.88378404e-04
1.45507813e-02	1.75062283e-06	1.89161645e-04
1.45996094e-02	1.75987847e-06	1.89949164e-04
1.46484375e-02	1.76917266e-06	1.90740980e-04
1.46972656e-02	1.77850562e-06	1.91537112e-04
1.47460938e-02	1.78787756e-06	1.92337579e-04
1.47949219e-02	1.79728869e-06	1.93142399e-04
1.48437500e-02	1.80673923e-06	1.93951593e-04
1.48925781e-02	1.81622939e-06	1.94765180e-04
1.49414063e-02	1.82575937e-06	1.95583179e-04
1.49902344e-02	1.83532941e-06	1.96405610e-04
1.50390625e-02	1.84493972e-06	1.97232492e-04
1.50878906e-02	1.85459051e-06	1.98063846e-04
1.51367188e-02	1.86428200e-06	1.98899691e-04
1.51855469e-02	1.87401442e-06	1.99740048e-04
1.52343750e-02	1.88378798e-06	2.00584936e-04
1.52832031e-02	1.89360290e-06	2.01434376e-04
1.53320313e-02	1.90345941e-06	2.02288389e-04
1.53808594e-02	1.91335774e-06	2.03146994e-04
1.54296875e-02	1.92329810e-06	2.04010213e-04
1.54785156e-02	1.93328072e-06	2.04878066e-04
1.55273438e-02	1.94330584e-06	2.05750573e-04
1.55761719e-02	1.95337367e-06	2.06627757e-04
1.56250000e-02	1.96348444e-06	2.07509638e-04
1.56738281e-02	1.97363839e-06	2.08396237e-04
1.57226563e-02	1.98383575e-06	2.09287576e-04
1.57714844e-02	1.99407675e-06	2.10183676e-04
1.58203125e-02	2.00436162e-06	2.11084558e-04
1.58691406e-02	2.01469059e-06	2.11990244e-04
1.59179688e-02	2.02506391e-06	2.12900756e-04
1.59667969e-02	2.03548180e-06	2.13816115e-04
1.60156250e-02	2.04594451e-06	2.14736345e-04
1.60644531e-02	2.05645227e-06	2.15661466e-04
1.61132812e-02	2.06700532e-06	2.16591502e-04
1.61621094e-02	2.07760390e-06	2.17526474e-04
1.62109375e-02	2.08824826e-06	2.18466405e-04
1.62597656e-02	2.09893863e-06	2.19411317e-04
1.63085937e-02	2.10967527e-06	2.20361234e-04
1.63574219e-02	2.12045841e-06	2.21316178e-04
1.64062500e-02	2.13128830e-06	2.22276172e-04
1.64550781e-02	2.14216519e-06	2.23241240e-04
1.65039063e-02	2.15308933e-06	2.24211403e-04
1.65527344e-02	2.16406096e-06	2.25186687e-04
1.66015625e-02	2.17508034e-06	2.26167114e-04
1.66503906e-02	2.18614772e-06	2.27152707e-04
1.66992188e-02	2.19726335e-06	2.28143491e-04
1.67480469e-02	2.20842748e-06	2.29139490e-04
1.67968750e-02	2.21964038e-06	2.30140727e-04
1.68457031e-02	2.23090229e-06	2.31147226e-04
1.68945313e-02	2.24221348e-06	2.32159012e-04
1.69433594e-02	2.25357420e-06	2.33176109e-04
1.69921875e-02	2.26498471e-06	2.34198542e-04
1.70410156e-02	2.27644528e-06	2.35226335e-04
1.70898438e-02	2.28795617e-06	2.36259513e-04
1.71386719e-02	2.29951763e-06	2.37298101e-04
1.71875000e-02	2.31112994e-06	2.38342123e-04
1.72363281e-02	2.32279336e-06	2.39391606e-04
1.72851562e-02	2.33450816e-06	2.40446573e-04
1.73339844e-02	2.34627461e-06	2.41507052e-04
1.73828125e-02	2.35809297e-06	2.42573066e-04
1.74316406e-02	2.36996352e-06	2.43644643e-04
1.74804688e-02	2.38188653e-06	2.44721807e-04
1.75292969e-02	2.39386227e-06	2.45804586e-04
1.75781250e-02	2.40589102e-06	2.46893004e-04
1.76269531e-02	2.41797305e-06	2.47987088e-04
1.76757813e-02	2.43010865e-06	2.49086864e-04
1.77246094e-02	2.44229808e-06	2.50192360e-04
1.77734375e-02	2.45454164e-06	2.51303601e-04
1.78222656e-02	2.46683959e-06	2.52420614e-04
1.78710938e-02	2.47919223e-06	2.53543427e-04
1.79199219e-02	2.49159983e-06	2.54672066e-04
1.79687500e-02	2.50406269e-06	2.55806559e-04
1.80175781e-02	2.51658109e-06	2.56946933e-04
1.80664062e-02	2.52915531e-06	2.58093216e-04
1.81152344e-02	2.54178565e-06	2.59245435e-04
1.81640625e-02	2.55447239e-06	2.60403617e-04
1.82128906e-02	2.56721583e-06	2.61567792e-04
1.82617187e-02	2.58001627e-06	2.62737987e-04
1.83105469e-02	2.59287399e-06	2.63914230e-04
1.83593750e-02	2.60578929e-06	2.65096550e-04
1.84082031e-02	2.61876247e-06	2.66284975e-04
1.84570313e-02	2.63179383e-06	2.67479534e-04
1.85058594e-02	2.64488367e-06	2.68680256e-04
1.85546875e-02	2.65803229e-06	2.69887170e-04
1.86035156e-02	2.67123999e-06	2.71100305e-04
1.86523438e-02	2.68450708e-06	2.72319689e-04
1.87011719e-02	2.69783387e-06	2.73545354e-04
1.87500000e-02	2.71122065e-06	2.74777328e-04
1.87988281e-02	2.72466774e-06	2.76015641e-04
1.88476563e-02	2.73817546e-06	2.77260323e-04
1.88964844e-02	2.75174410e-06	2.78511404e-04
1.89453125e-02	2.76537399e-06	2.79768914e-04
1.89941406e-02	2.77906544e-06	2.81032884e-04
1.90429688e-02	2.79281877e-06	2.82303345e-04
1.90917969e-02	2.80663429e-06	2.83580326e-04
1.91406250e-02	2.82051232e-06	2.84863859e-04
1.91894531e-02	2.83445319e-06	2.86153975e-04
1.92382813e-02	2.84845721e-06	2.87450705e-04
1.92871094e-02	2.86252471e-06	2.88754081e-04
1.93359375e-02	2.87665601e-06	2.90064133e-04
1.93847656e-02	2.89085145e-06	2.91380894e-04
1.94335938e-02	2.90511134e-06	2.92704396e-04
1.94824219e-02	2.91943602e-06	2.94034670e-04
1.95312500e-02	2.93382583e-06	2.95371749e-04
1.95800781e-02	2.94828109e-06	2.96715664e-04
1.96289063e-02	2.96280214e-06	2.98066450e-04
1.96777344e-02	2.97738931e-06	2.99424137e-04
1.97265625e-02	2.99204294e-06	3.00788760e-04
1.97753906e-02	3.00676338e-06	3.02160351e-04
1.98242188e-02	3.02155096e-06	3.03538943e-04
1.98730469e-02	3.03640603e-06	3.04924570e-04
1.99218750e-02	3.05132892e-06	3.06317265e-04
1.99707031e-02	3.06632000e-06	3.07717062e-04
2.00195312e-02	3.08137959e-06	3.09123995e-04
2.00683594e-02	3.09650806e-06	3.10538098e-04
2.01171875e-02	3.11170576e-06	3.11959405e-04
2.01660156e-02	3.12697302e-06	3.13387951e-04
2.02148438e-02	3.14231022e-06	3.14823770e-04
2.02636719e-02	3.15771771e-06	3.16266897e-04
2.03125000e-02	3.17319584e-06	3.17717367e-04
2.03613281e-02	3.18874498e-06	3.19175215e-04
2.04101563e-02	3.20436548e-06	3.20640477e-04
2.04589844e-02	3.22005771e-06	3.22113187e-04
2.05078125e-02	3.23582203e-06	3.23593383e-04
2.05566406e-02	3.25165881e-06	3.25081099e-04
2.06054688e-02	3.26756841e-06	3.26576371e-04
2.06542969e-02	3.28355122e-06	3.28079236e-04
2.07031250e-02	3.29960759e-06	3.29589731e-04
2.07519531e-02	3.31573790e-06	3.31107892e-04
2.08007813e-02	3.33194253e-06	3.32633755e-04
2.08496094e-02	3.34822185e-06	3.34167358e-04
2.08984375e-02	3.36457625e-06	3.35708738e-04
2.09472656e-02	3.38100610e-06	3.37257932e-04
2.09960938e-02	3.39751179e-06	3.38814979e-04
2.10449219e-02	3.41409369e-06	3.40379915e-04
2.10937500e-02	3.43075221e-06	3.41952779e-04
2.11425781e-02	3.44748772e-06	3.43533608e-04
2.11914063e-02	3.46430061e-06	3.45122442e-04
2.12402344e-02	3.48119128e-06	3.46719319e-04
2.12890625e-02	3.49816011e-06	3.48324277e-04
2.13378906e-02	3.51520752e-06	3.49937356e-04
2.13867188e-02	3.53233388e-06	3.51558594e-04
2.14355469e-02	3.54953961e-06	3.53188031e-04
2.14843750e-02	3.56682510e-06	3.54825707e-04
2.15332031e-02	3.58419076e-06	3.56471662e-04
2.15820313e-02	3.60163699e-06	3.58125935e-04
2.16308594e-02	3.61916420e-06	3.59788566e-04
2.16796875e-02	3.63677280e-06	3.61459596e-04
2.17285156e-02	3.65446319e-06	3.63139066e-04
2.17773438e-02	3.67223580e-06	3.64827016e-04
2.18261719e-02	3.69009104e-06	3.66523487e-04
2.18750000e-02	3.70802932e-06	3.68228521e-04
2.19238281e-02	3.72605107e-06	3.69942159e-04
2.19726562e-02	3.74415670e-06	3.71664443e-04
2.20214844e-02	3.76234664e-06	3.73395414e-04
2.20703125e-02	3.78062131e-06	3.75135115e-04
2.21191406e-02	3.79898114e-06	3.76883587e-04
2.21679688e-02	3.81742656e-06	3.78640875e-04
2.22167969e-02	3.83595800e-06	3.80407019e-04
2.22656250e-02	3.85457590e-06	3.82182063e-04
2.23144531e-02	3.87328069e-06	3.83966050e-04
2.23632813e-02	3.89207280e-06	3.85759025e-04
2.24121094e-02	3.91095269e-06	3.87561029e-04
2.24609375e-02	3.92992078e-06	3.89372108e-04
2.25097656e-02	3.94897753e-06	3.91192304e-04
2.25585938e-02	3.96812338e-06	3.93021663e-04
2.26074219e-02	3.98735878e-06	3.94860229e-04
2.26562500e-02	4.00668417e-06	3.96708047e-04
2.27050781e-02	4.02610002e-06	3.98565162e-04
2.27539063e-02	4.04560678e-06	4.00431618e-04
2.28027344e-02	4.06520490e-06	4.02307462e-04
2.28515625e-02	4.08489485e-06	4.04192739e-04
2.29003906e-02	4.10467708e-06	4.06087494e-04
2.29492188e-02	4.12455206e-06	4.07991775e-04
2.29980469e-02	4.14452026e-06	4.09905627e-04
2.30468750e-02	4.16458215e-06	4.11829097e-04
2.30957031e-02	4.18473818e-06	4.13762232e-04
2.31445313e-02	4.20498885e-06	4.15705079e-04
2.31933594e-02	4.22533462e-06	4.17657685e-04
2.32421875e-02	4.24577597e-06	4.19620098e-04
2.32910156e-02	4.26631339e-06	4.21592366e-04
2.33398438e-02	4.28694734e-06	4.23574537e-04
2.33886719e-02	4.30767833e-06	4.25566658e-04
2.34375000e-02	4.32850683e-06	4.27568779e-04
2.34863281e-02	4.34943334e-06	4.29580949e-04
2.35351563e-02	4.37045834e-06	4.31603216e-04
2.35839844e-02	4.39158234e-06	4.33635629e-04
2.36328125e-02	4.41280582e-06	4.35678239e-04
2.36816406e-02	4.43412929e-06	4.37731095e-04
2.37304688e-02	4.45555325e-06	4.39794248e-04
2.37792969e-02	4.47707820e-06	4.41867746e-04
2.38281250e-02	4.49870465e-06	4.43951642e-04
2.38769531e-02	4.52043311e-06	4.46045986e-04
2.39257812e-02	4.54226409e-06	4.48150828e-04
2.39746094e-02	4.56419810e-06	4.50266221e-04
2.40234375e-02	4.58623566e-06	4.52392216e-04
2.40722656e-02	4.60837728e-06	4.54528865e-04
2.41210938e-02	4.63062350e-06	4.56676220e-04
2.41699219e-02	4.65297483e-06	4.58834333e-04
2.42187500e-02	4.67543181e-06	4.61003257e-04
2.42675781e-02	4.69799495e-06	4.63183045e-04
2.43164063e-02	4.72066479e-06	4.65373750e-04
2.43652344e-02	4.74344187e-06	4.67575426e-04
2.44140625e-02	4.76632672e-06	4.69788127e-04
2.44628906e-02	4.78931989e-06	4.72011906e-04
2.45117188e-02	4.81242191e-06	4.74246817e-04
2.45605469e-02	4.83563333e-06	4.76492916e-04
2.46093750e-02	4.85895469e-06	4.78750258e-04
2.46582031e-02	4.88238656e-06	4.81018896e-04
2.47070313e-02	4.90592947e-06	4.83298888e-04
2.47558594e-02	4.92958399e-06	4.85590288e-04
2.48046875e-02	4.95335068e-06	4.87893152e-04
2.48535156e-02	4.97723009e-06	4.90207537e-04
2.49023438e-02	5.00122279e-06	4.92533500e-04
2.49511719e-02	5.02532935e-06	4.94871096e-04
2.50000000e-02	5.04955033e-06	4.97220385e-04
2.50488281e-02	5.07388631e-06	4.99581421e-04
2.50976563e-02	5.09833787e-06	5.01954265e-04
2.51464844e-02	5.12290558e-06	5.04338972e-04
2.51953125e-02	5.14759001e-06	5.06735603e-04
2.52441406e-02	5.17239177e-06	5.09144215e-04
2.52929688e-02	5.19731142e-06	5.11564867e-04
2.53417969e-02	5.22234957e-06	5.13997619e-04
2.53906250e-02	5.24750680e-06	5.16442529e-04
2.54394531e-02	5.27278371e-06	5.18899659e-04
2.54882813e-02	5.29818089e-06	5.21369068e-04
2.55371094e-02	5.32369896e-06	5.23850816e-04
2.55859375e-02	5.34933850e-06	5.26344964e-04
2.56347656e-02	5.37510014e-06	5.28851573e-04
2.56835938e-02	5.40098447e-06	5.31370705e-04
2.57324219e-02	5.42699211e-06	5.33902420e-04
2.57812500e-02	5.45312369e-06	5.36446782e-04
2.58300781e-02	5.47937981e-06	5.39003853e-04
2.58789062e-02	5.50576109e-06	5.41573694e-04
2.59277344e-02	5.53226817e-06	5.44156369e-04
2.59765625e-02	5.55890168e-06	5.46751942e-04
2.60253906e-02	5.58566224e-06	5.49360475e-04
2.60742188e-02	5.61255048e-06	5.51982033e-04
2.61230469e-02	5.63956705e-06	5.54616680e-04
2.61718750e-02	5.66671259e-06	5.57264480e-04
2.62207031e-02	5.69398773e-06	5.59925499e-04
2.62695313e-02	5.72139314e-06	5.62599800e-04
2.63183594e-02	5.74892944e-06	5.65287451e-04
2.63671875e-02	5.77659732e-06	5.67988517e-04
2.64160156e-02	5.80439740e-06	5.70703064e-04
2.64648438e-02	5.83233037e-06	5.73431158e-04
2.65136719e-02	5.86039687e-06	5.76172867e-04
2.65625000e-02	5.88859758e-06	5.78928257e-04
2.66113281e-02	5.91693317e-06	5.81697397e-04
2.66601563e-02	5.94540431e-06	5.84480354e-04
2.67089844e-02	5.97401167e-06	5.87277196e-04
2.67578125e-02	6.00275594e-06	5.90087992e-04
2.68066406e-02	6.03163779e-06	5.92912811e-04
2.68554688e-02	6.06065792e-06	5.95751722e-04
2.69042969e-02	6.08981702e-06	5.98604795e-04
2.69531250e-02	6.11911577e-06	6.01472099e-04
2.70019531e-02	6.14855487e-06	6.04353706e-04
2.70507813e-02	6.17813504e-06	6.07249685e-04
2.70996094e-02	6.20785695e-06	6.10160109e-04
2.71484375e-02	6.23772134e-06	6.13085048e-04
2.71972656e-02	6.26772890e-06	6.16024573e-04
2.72460938e-02	6.29788035e-06	6.18978759e-04
2.72949219e-02	6.32817640e-06	6.21947675e-04
2.73437500e-02	6.35861779e-06	6.24931397e-04
2.73925781e-02	6.38920522e-06	6.27929996e-04
2.74414063e-02	6.41993944e-06	6.30943547e-04
2.74902344e-02	6.45082117e-06	6.33972124e-04
2.75390625e-02	6.48185115e-06	6.37015800e-04
2.75878906e-02	6.51303011e-06	6.40074651e-04
2.76367188e-02	6.54435881e-06	6.43148752e-04
2.76855469e-02	6.57583798e-06	6.46238178e-04
2.77343750e-02	6.60746838e-06	6.49343005e-04
2.77832031e-02	6.63925076e-06	6.52463310e-04
2.78320312e-02	6.67118588e-06	6.55599169e-04
2.78808594e-02	6.70327450e-06	6.58750659e-04
2.79296875e-02	6.73551739e-06	6.61917858e-04
2.79785156e-02	6.76791530e-06	6.65100843e-04
2.80273438e-02	6.80046903e-06	6.68299693e-04
2.80761719e-02	6.83317933e-06	6.71514486e-04
2.81250000e-02	6.86604700e-06	6.74745302e-04
2.81738281e-02	6.89907282e-06	6.77992219e-04
2.82226563e-02	6.93225758e-06	6.81255319e-04
2.82714844e-02	6.96560206e-06	6.84534680e-04
2.83203125e-02	6.99910707e-06	6.87830383e-04
2.83691406e-02	7.03277340e-06	6.91142510e-04
2.84179688e-02	7.06660186e-06	6.94471143e-04
2.84667969e-02	7.10059325e-06	6.97816362e-04
2.85156250e-02	7.13474839e-06	7.01178250e-04
2.85644531e-02	7.16906810e-06	7.04556891e-04
2.86132813e-02	7.20355319e-06	7.07952366e-04
2.86621094e-02	7.23820448e-06	7.11364760e-04
2.87109375e-02	7.27302282e-06	7.14794157e-04
2.87597656e-02	7.30800902e-06	7.18240641e-04
2.88085938e-02	7.34316392e-06	7.21704296e-04
2.88574219e-02	7.37848837e-06	7.25185209e-04
2.89062500e-02	7.41398321e-06	7.28683464e-04
2.89550781e-02	7.44964929e-06	7.32199149e-04
2.90039063e-02	7.48548747e-06	7.35732349e-04
2.90527344e-02	7.52149859e-06	7.39283151e-04
2.91015625e-02	7.55768352e-06	7.42851644e-04
2.91503906e-02	7.59404313e-06	7.46437914e-04
2.91992188e-02	7.63057828e-06	7.50042050e-04
2.92480469e-02	7.66728986e-06	7.53664141e-04
2.92968750e-02	7.70417874e-06	7.57304277e-04
2.93457031e-02	7.74124580e-06	7.60962546e-04
2.93945313e-02	7.77849193e-06	7.64639039e-04
2.94433594e-02	7.81591802e-06	7.68333847e-04
2.94921875e-02	7.85352498e-06	7.72047061e-04
2.95410156e-02	7.89131370e-06	7.75778771e-04
2.95898438e-02	7.92928508e-06	7.79529071e-04
2.96386719e-02	7.96744004e-06	7.83298053e-04
2.96875000e-02	8.00577949e-06	7.87085808e-04
2.97363281e-02	8.04430435e-06	7.90892432e-04
2.97851562e-02	8.08301554e-06	7.94718018e-04
2.98339844e-02	8.12191399e-06	7.98562659e-04
2.98828125e-02	8.16100064e-06	8.02426451e-04
2.99316406e-02	8.20027642e-06	8.06309490e-04
2.99804688e-02	8.23974228e-06	8.10211871e-04
3.00292969e-02	8.27939915e-06	8.14133689e-04
3.00781250e-02	8.31924800e-06	8.18075043e-04
3.01269531e-02	8.35928977e-06	8.22036029e-04
3.01757813e-02	8.39952543e-06	8.26016744e-04
3.02246094e-02	8.43995595e-06	8.30017288e-04
3.02734375e-02	8.48058230e-06	8.34037759e-04
3.03222656e-02	8.52140544e-06	8.38078256e-04
3.03710938e-02	8.56242637e-06	8.42138878e-04
3.04199219e-02	8.60364606e-06	8.46219727e-04
3.04687500e-02	8.64506551e-06	8.50320902e-04
3.05175781e-02	8.68668571e-06	8.54442506e-04
3.05664063e-02	8.72850766e-06	8.58584639e-04
3.06152344e-02	8.77053237e-06	8.62747404e-04
3.06640625e-02	8.81276084e-06	8.66930905e-04
3.07128906e-02	8.85519410e-06	8.71135243e-04
3.07617188e-02	8.89783316e-06	8.75360523e-04
3.08105469e-02	8.94067904e-06	8.79606850e-04
3.08593750e-02	8.98373278e-06	8.83874328e-04
3.09082031e-02	9.02699541e-06	8.88163063e-04
3.09570313e-02	9.07046797e-06	8.92473160e-04
3.10058594e-02	9.11415152e-06	8.96804727e-04
3.10546875e-02	9.15804709e-06	9.01157870e-04
3.11035156e-02	9.20215574e-06	9.05532696e-04
3.11523438e-02	9.24647855e-06	9.09929315e-04
3.12011719e-02	9.29101656e-06	9.14347834e-04
3.12500000e-02	9.33577086e-06	9.18788362e-04
3.12988281e-02	9.38074253e-06	9.23251011e-04
3.13476563e-02	9.42593264e-06	9.27735889e-04
3.13964844e-02	9.47134228e-06	9.32243108e-04
3.14453125e-02	9.51697255e-06	9.36772779e-04
3.14941406e-02	9.56282455e-06	9.41325015e-04
3.15429688e-02	9.60889938e-06	9.45899927e-04
3.15917969e-02	9.65519815e-06	9.50497630e-04
3.16406250e-02	9.70172197e-06	9.55118236e-04
3.16894531e-02	9.74847197e-06	9.59761860e-04
3.17382812e-02	9.79544928e-06	9.64428617e-04
3.17871094e-02	9.84265502e-06	9.69118623e-04
3.18359375e-02	9.89009034e-06	9.73831993e-04
3.18847656e-02	9.93775638e-06	9.78568843e-04
3.19335938e-02	9.98565428e-06	9.83329293e-04
3.19824219e-02	1.00337852e-05	9.88113458e-04
3.20312500e-02	1.00821503e-05	9.92921458e-04
3.20800781e-02	1.01307508e-05	9.97753411e-04
3.21289062e-02	1.01795878e-05	1.00260944e-03
3.21777344e-02	1.02286624e-05	1.00748966e-03
3.22265625e-02	1.02779760e-05	1.01239419e-03
3.22753906e-02	1.03275297e-05	1.01732316e-03
3.23242188e-02	1.03773246e-05	1.02227669e-03
3.23730469e-02	1.04273620e-05	1.02725490e-03
3.24218750e-02	1.04776430e-05	1.03225791e-03
3.24707031e-02	1.05281690e-05	1.03728585e-03
3.25195313e-02	1.05789411e-05	1.04233884e-03
3.25683594e-02	1.06299605e-05	1.04741701e-03
3.26171875e-02	1.06812285e-05	1.05252048e-03
3.26660156e-02	1.07327464e-05	1.05764938e-03
3.27148438e-02	1.07845152e-05	1.06280384e-03
3.27636719e-02	1.08365364e-05	1.06798398e-03
3.28125000e-02	1.08888112e-05	1.07318994e-03
3.28613281e-02	1.09413408e-05	1.07842184e-03
3.29101563e-02	1.09941264e-05	1.08367981e-03
3.29589844e-02	1.10471695e-05	1.08896398e-03
3.30078125e-02	1.11004712e-05	1.09427448e-03
3.30566406e-02	1.11540329e-05	1.09961145e-03
3.31054687e-02	1.12078558e-05	1.10497502e-03
3.31542969e-02	1.12619413e-05	1.11036531e-03
3.32031250e-02	1.13162906e-05	1.11578247e-03
3.32519531e-02	1.13709051e-05	1.12122663e-03
3.33007813e-02	1.14257860e-05	1.12669792e-03
3.33496094e-02	1.14809348e-05	1.13219648e-03
3.33984375e-02	1.15363528e-05	1.13772245e-03
3.34472656e-02	1.15920412e-05	1.14327595e-03
3.34960938e-02	1.16480015e-05	1.14885714e-03
3.35449219e-02	1.17042350e-05	1.15446615e-03
3.35937500e-02	1.17607430e-05	1.16010311e-03
3.36425781e-02	1.18175270e-05	1.16576817e-03
3.36914062e-02	1.18745882e-05	1.17146147e-03
3.37402344e-02	1.19319282e-05	1.17718315e-03
3.37890625e-02	1.19895482e-05	1.18293335e-03
3.38378906e-02	1.20474497e-05	1.18871222e-03
3.38867188e-02	1.21056341e-05	1.19451989e-03
3.39355469e-02	1.21641028e-05	1.20035652e-03
3.39843750e-02	1.22228571e-05	1.20622224e-03
3.40332031e-02	1.22818986e-05	1.21211721e-03
3.40820312e-02	1.23412287e-05	1.21804156e-03
3.41308594e-02	1.24008487e-05	1.22399545e-03
3.41796875e-02	1.24607602e-05	1.22997903e-03
3.42285156e-02	1.25209646e-05	1.23599244e-03
3.42773438e-02	1.25814633e-05	1.24203583e-03
3.43261719e-02	1.26422579e-05	1.24810935e-03
3.43750000e-02	1.27033497e-05	1.25421316e-03
3.44238281e-02	1.27647404e-05	1.26034740e-03
3.44726563e-02	1.28264313e-05	1.26651223e-03
3.45214844e-02	1.28884240e-05	1.27270780e-03
3.45703125e-02	1.29507199e-05	1.27893426e-03
3.46191406e-02	1.30133206e-05	1.28519178e-03
3.46679688e-02	1.30762277e-05	1.29148050e-03
3.47167969e-02	1.31394426e-05	1.29780058e-03
3.47656250e-02	1.32029668e-05	1.30415218e-03
3.48144531e-02	1.32668019e-05	1.31053545e-03
3.48632813e-02	1.33309495e-05	1.31695056e-03
3.49121094e-02	1.33954112e-05	1.32339767e-03
3.49609375e-02	1.34601884e-05	1.32987693e-03
3.50097656e-02	1.35252828e-05	1.33638851e-03
3.50585937e-02	1.35906959e-05	1.34293256e-03
3.51074219e-02	1.36564293e-05	1.34950926e-03
3.51562500e-02	1.37224847e-05	1.35611876e-03
3.52050781e-02	1.37888636e-05	1.36276123e-03
3.52539063e-02	1.38555676e-05	1.36943683e-03
3.53027344e-02	1.39225985e-05	1.37614574e-03
3.53515625e-02	1.39899577e-05	1.38288811e-03
3.54003906e-02	1.40576470e-05	1.38966412e-03
3.54492188e-02	1.41256679e-05	1.39647394e-03
3.54980469e-02	1.41940222e-05	1.40331772e-03
3.55468750e-02	1.42627115e-05	1.41019565e-03
3.55957031e-02	1.43317374e-05	1.41710790e-03
3.56445312e-02	1.44011018e-05	1.42405463e-03
3.56933594e-02	1.44708061e-05	1.43103602e-03
3.57421875e-02	1.45408522e-05	1.43805225e-03
3.57910156e-02	1.46112418e-05	1.44510349e-03
3.58398438e-02	1.46819765e-05	1.45218991e-03
3.58886719e-02	1.47530581e-05	1.45931169e-03
3.59375000e-02	1.48244882e-05	1.46646901e-03
3.59863281e-02	1.48962688e-05	1.47366205e-03
3.60351562e-02	1.49684014e-05	1.48089098e-03
3.60839844e-02	1.50408879e-05	1.48815599e-03
3.61328125e-02	1.51137301e-05	1.49545726e-03
3.61816406e-02	1.51869296e-05	1.50279496e-03
3.62304688e-02	1.52604883e-05	1.51016929e-03
3.62792969e-02	1.53344079e-05	1.51758042e-03
3.63281250e-02	1.54086904e-05	1.52502855e-03
3.63769531e-02	1.54833374e-05	1.53251385e-03
3.64257813e-02	1.55583509e-05	1.54003651e-03
3.64746094e-02	1.56337325e-05	1.54759673e-03
3.65234375e-02	1.57094843e-05	1.55519468e-03
3.65722656e-02	1.57856079e-05	1.56283056e-03
3.66210938e-02	1.58621054e-05	1.57050456e-03
3.66699219e-02	1.59389785e-05	1.57821687e-03
3.67187500e-02	1.60162291e-05	1.58596768e-03
3.67675781e-02	1.60938591e-05	1.59375719e-03
3.68164063e-02	1.61718704e-05	1.60158559e-03
3.68652344e-02	1.62502648e-05	1.60945307e-03
3.69140625e-02	1.63290445e-05	1.61735984e-03
3.69628906e-02	1.64082111e-05	1.62530608e-03
3.70117187e-02	1.64877667e-05	1.63329200e-03
3.70605469e-02	1.65677133e-05	1.64131780e-03
3.71093750e-02	1.66480526e-05	1.64938368e-03
3.71582031e-02	1.67287869e-05	1.65748983e-03
3.72070313e-02	1.68099179e-05	1.66563646e-03
3.72558594e-02	1.68914477e-05	1.67382378e-03
3.73046875e-02	1.69733782e-05	1.68205199e-03
3.73535156e-02	1.70557116e-05	1.69032129e-03
3.74023438e-02	1.71384497e-05	1.69863189e-03
3.74511719e-02	1.72215946e-05	1.70698400e-03
3.75000000e-02	1.73051483e-05	1.71537782e-03
3.75488281e-02	1.73891130e-05	1.72381357e-03
3.75976562e-02	1.74734905e-05	1.73229146e-03
3.76464844e-02	1.75582831e-05	1.74081170e-03
3.76953125e-02	1.76434927e-05	1.74937449e-03
3.77441406e-02	1.77291215e-05	1.75798007e-03
3.77929688e-02	1.78151715e-05	1.76662863e-03
3.78417969e-02	1.79016449e-05	1.77532040e-03
3.78906250e-02	1.79885437e-05	1.78405559e-03
3.79394531e-02	1.80758701e-05	1.79283442e-03
3.79882813e-02	1.81636263e-05	1.80165712e-03
3.80371094e-02	1.82518143e-05	1.81052389e-03
3.80859375e-02	1.83404363e-05	1.81943497e-03
3.81347656e-02	1.84294946e-05	1.82839058e-03
3.81835938e-02	1.85189912e-05	1.83739093e-03
3.82324219e-02	1.86089284e-05	1.84643626e-03
3.82812500e-02	1.86993083e-05	1.85552679e-03
3.83300781e-02	1.87901333e-05	1.86466275e-03
3.83789063e-02	1.88814054e-05	1.87384437e-03
3.84277344e-02	1.89731270e-05	1.88307187e-03
3.84765625e-02	1.90653003e-05	1.89234549e-03
3.85253906e-02	1.91579275e-05	1.90166546e-03
3.85742188e-02	1.92510109e-05	1.91103201e-03
3.86230469e-02	1.93445529e-05	1.92044538e-03
3.86718750e-02	1.94385556e-05	1.92990579e-03
3.87207031e-02	1.95330214e-05	1.93941350e-03
3.87695313e-02	1.96279526e-05	1.94896874e-03
3.88183594e-02	1.97233515e-05	1.95857174e-03
3.88671875e-02	1.98192205e-05	1.96822274e-03
3.89160156e-02	1.99155620e-05	1.97792200e-03
3.89648438e-02	2.00123782e-05	1.98766974e-03
3.90136719e-02	2.01096715e-05	1.99746622e-03
3.90625000e-02	2.02074444e-05	2.00731167e-03
3.91113281e-02	2.03056992e-05	2.01720636e-03
3.91601563e-02	2.04044384e-05	2.02715051e-03
3.92089844e-02	2.05036644e-05	2.03714439e-03
3.92578125e-02	2.06033795e-05	2.04718824e-03
3.93066406e-02	2.07035863e-05	2.05728232e-03
3.93554688e-02	2.08042872e-05	2.06742687e-03
3.94042969e-02	2.09054847e-05	2.07762216e-03
3.94531250e-02	2.10071813e-05	2.08786843e-03
3.95019531e-02	2.11093794e-05	2.09816594e-03
3.95507812e-02	2.12120815e-05	2.10851496e-03
3.95996094e-02	2.13152903e-05	2.11891574e-03
3.96484375e-02	2.14190082e-05	2.12936853e-03
3.96972656e-02	2.15232377e-05	2.13987361e-03
3.97460938e-02	2.16279815e-05	2.15043124e-03
3.97949219e-02	2.17332421e-05	2.16104167e-03
3.98437500e-02	2.18390220e-05	2.17170518e-03
3.98925781e-02	2.19453240e-05	2.18242204e-03
3.99414063e-02	2.20521505e-05	2.19319251e-03
3.99902344e-02	2.21595042e-05	2.20401686e-03
4.00390625e-02	2.22673878e-05	2.21489536e-03
4.00878906e-02	2.23758039e-05	2.22582830e-03
4.01367188e-02	2.24847552e-05	2.23681593e-03
4.01855469e-02	2.25942443e-05	2.24785853e-03
4.02343750e-02	2.27042740e-05	2.25895640e-03
4.02832031e-02	2.28148469e-05	2.27010979e-03
4.03320313e-02	2.29259658e-05	2.28131899e-03
4.03808594e-02	2.30376333e-05	2.29258428e-03
4.04296875e-02	2.31498523e-05	2.30390595e-03
4.04785156e-02	2.32626255e-05	2.31528428e-03
4.05273438e-02	2.33759557e-05	2.32671955e-03
4.05761719e-02	2.34898456e-05	2.33821205e-03
4.06250000e-02	2.36042981e-05	2.34976207e-03
4.06738281e-02	2.37193160e-05	2.36136990e-03
4.07226563e-02	2.38349021e-05	2.37303584e-03
4.07714844e-02	2.39510592e-05	2.38476016e-03
4.08203125e-02	2.40677902e-05	2.39654317e-03
4.08691406e-02	2.41850981e-05	2.40838516e-03
4.09179688e-02	2.43029855e-05	2.42028644e-03
4.09667969e-02	2.44214556e-05	2.43224729e-03
4.10156250e-02	2.45405112e-05	2.44426802e-03
4.10644531e-02	2.46601551e-05	2.45634894e-03
4.11132813e-02	2.47803905e-05	2.46849033e-03
4.11621094e-02	2.49012201e-05	2.48069252e-03
4.12109375e-02	2.50226471e-05	2.49295580e-03
4.12597656e-02	2.51446743e-05	2.50528049e-03
4.13085938e-02	2.52673049e-05	2.51766689e-03
4.13574219e-02	2.53905418e-05	2.53011531e-03
4.14062500e-02	2.55143880e-05	2.54262607e-03
4.14550781e-02	2.56388466e-05	2.55519948e-03
4.15039062e-02	2.57639207e-05	2.56783586e-03
4.15527344e-02	2.58896134e-05	2.58053552e-03
4.16015625e-02	2.60159277e-05	2.59329878e-03
4.16503906e-02	2.61428668e-05	2.60612597e-03
4.16992188e-02	2.62704337e-05	2.61901741e-03
4.17480469e-02	2.63986318e-05	2.63197342e-03
4.17968750e-02	2.65274640e-05	2.64499432e-03
4.18457031e-02	2.66569336e-05	2.65808044e-03
4.18945313e-02	2.67870438e-05	2.67123212e-03
4.19433594e-02	2.69177977e-05	2.68444968e-03
4.19921875e-02	2.70491987e-05	2.69773346e-03
4.20410156e-02	2.71812499e-05	2.71108378e-03
4.20898438e-02	2.73139546e-05	2.72450099e-03
4.21386719e-02	2.74473161e-05	2.73798542e-03
4.21875000e-02	2.75813376e-05	2.75153741e-03
4.22363281e-02	2.77160225e-05	2.76515730e-03
4.22851563e-02	2.78513742e-05	2.77884544e-03
4.23339844e-02	2.79873958e-05	2.79260217e-03
4.23828125e-02	2.81240909e-05	2.80642783e-03
4.24316406e-02	2.82614627e-05	2.82032277e-03
4.24804688e-02	2.83995147e-05	2.83428735e-03
4.25292969e-02	2.85382503e-05	2.84832191e-03
4.25781250e-02	2.86776729e-05	2.86242680e-03
4.26269531e-02	2.88177859e-05	2.87660239e-03
4.26757813e-02	2.89585928e-05	2.89084902e-03
4.27246094e-02	2.91000971e-05	2.90516706e-03
4.27734375e-02	2.92423023e-05	2.91955687e-03
4.28222656e-02	2.93852119e-05	2.93401880e-03
4.28710938e-02	2.95288294e-05	2.94855323e-03
4.29199219e-02	2.96731583e-05	2.96316052e-03
4.29687500e-02	2.98182023e-05	2.97784103e-03
4.30175781e-02	2.99639649e-05	2.99259514e-03
4.30664063e-02	3.01104497e-05	3.00742322e-03
4.31152344e-02	3.02576604e-05	3.02232564e-03
4.31640625e-02	3.04056005e-05	3.03730277e-03
4.32128906e-02	3.05542738e-05	3.05235500e-03
4.32617188e-02	3.07036839e-05	3.06748270e-03
4.33105469e-02	3.08538345e-05	3.08268625e-03
4.33593750e-02	3.10047294e-05	3.09796604e-03
4.34082031e-02	3.11563721e-05	3.11332244e-03
4.34570312e-02	3.13087666e-05	3.12875586e-03
4.35058594e-02	3.14619166e-05	3.14426667e-03
4.35546875e-02	3.16158258e-05	3.15985527e-03
4.36035156e-02	3.17704981e-05	3.17552206e-03
4.36523438e-02	3.19259373e-05	3.19126741e-03
4.37011719e-02	3.20821473e-05	3.20709174e-03
4.37500000e-02	3.22391318e-05	3.22299544e-03
4.37988281e-02	3.23968948e-05	3.23897890e-03
4.38476563e-02	3.25554403e-05	3.25504255e-03
4.38964844e-02	3.27147721e-05	3.27118677e-03
4.39453125e-02	3.28748941e-05	3.28741197e-03
4.39941406e-02	3.30358104e-05	3.30371857e-03
4.40429688e-02	3.31975249e-05	3.32010698e-03
4.40917969e-02	3.33600416e-05	3.33657761e-03
4.41406250e-02	3.35233645e-05	3.35313087e-03
4.41894531e-02	3.36874978e-05	3.36976718e-03
4.42382813e-02	3.38524454e-05	3.38648696e-03
4.42871094e-02	3.40182115e-05	3.40329064e-03
4.43359375e-02	3.41848001e-05	3.42017863e-03
4.43847656e-02	3.43522153e-05	3.43715137e-03
4.44335938e-02	3.45204615e-05	3.45420927e-03
4.44824219e-02	3.46895426e-05	3.47135278e-03
4.45312500e-02	3.48594629e-05	3.48858232e-03
4.45800781e-02	3.50302265e-05	3.50589833e-03
4.46289063e-02	3.52018379e-05	3.52330124e-03
4.46777344e-02	3.53743011e-05	3.54079150e-03
4.47265625e-02	3.55476204e-05	3.55836954e-03
4.47753906e-02	3.57218002e-05	3.57603581e-03
4.48242188e-02	3.58968448e-05	3.59379076e-03
4.48730469e-02	3.60727585e-05	3.61163483e-03
4.49218750e-02	3.62495457e-05	3.62956847e-03
4.49707031e-02	3.64272108e-05	3.64759214e-03
4.50195313e-02	3.66057581e-05	3.66570629e-03
4.50683594e-02	3.67851921e-05	3.68391137e-03
4.51171875e-02	3.69655173e-05	3.70220786e-03
4.51660156e-02	3.71467381e-05	3.72059620e-03
4.52148438e-02	3.73288590e-05	3.73907687e-03
4.52636719e-02	3.75118846e-05	3.75765033e-03
4.53125000e-02	3.76958194e-05	3.77631705e-03
4.53613281e-02	3.78806679e-05	3.79507749e-03
4.54101562e-02	3.80664347e-05	3.81393215e-03
4.54589844e-02	3.82531245e-05	3.83288148e-03
4.55078125e-02	3.84407418e-05	3.85192598e-03
4.55566406e-02	3.86292915e-05	3.87106611e-03
4.56054688e-02	3.88187780e-05	3.89030237e-03
4.56542969e-02	3.90092062e-05	3.90963524e-03
4.57031250e-02	3.92005807e-05	3.92906521e-03
4.57519531e-02	3.93929063e-05	3.94859277e-03
4.58007813e-02	3.95861878e-05	3.96821841e-03
4.58496094e-02	3.97804301e-05	3.98794263e-03
4.58984375e-02	3.99756378e-05	4.00776593e-03
4.59472656e-02	4.01718159e-05	4.02768881e-03
4.59960938e-02	4.03689692e-05	4.04771176e-03
4.60449219e-02	4.05671027e-05	4.06783531e-03
4.60937500e-02	4.07662212e-05	4.08805996e-03
4.61425781e-02	4.09663298e-05	4.10838621e-03
4.61914063e-02	4.11674333e-05	4.12881458e-03
4.62402344e-02	4.13695368e-05	4.14934559e-03
4.62890625e-02	4.15726454e-05	4.16997976e-03
4.63378906e-02	4.17767639e-05	4.19071761e-03
4.63867188e-02	4.19818977e-05	4.21155967e-03
4.64355469e-02	4.21880516e-05	4.23250645e-03
4.64843750e-02	4.23952309e-05	4.25355850e-03
4.65332031e-02	4.26034408e-05	4.27471633e-03
4.65820313e-02	4.28126863e-05	4.29598050e-03
4.66308594e-02	4.30229727e-05	4.31735153e-03
4.66796875e-02	4.32343053e-05	4.33882997e-03
4.67285156e-02	4.34466892e-05	4.36041636e-03
4.67773438e-02	4.36601298e-05	4.38211125e-03
4.68261719e-02	4.38746324e-05	4.40391518e-03
4.68750000e-02	4.40902024e-05	4.42582871e-03
4.69238281e-02	4.43068450e-05	4.44785239e-03
4.69726563e-02	4.45245657e-05	4.46998678e-03
4.70214844e-02	4.47433698e-05	4.49223244e-03
4.70703125e-02	4.49632630e-05	4.51458993e-03
4.71191406e-02	4.51842505e-05	4.53705981e-03
4.71679688e-02	4.54063380e-05	4.55964267e-03
4.72167969e-02	4.56295309e-05	4.58233906e-03
4.72656250e-02	4.58538348e-05	4.60514957e-03
4.73144531e-02	4.60792553e-05	4.62807477e-03
4.73632812e-02	4.63057980e-05	4.65111524e-03
4.74121094e-02	4.65334686e-05	4.67427156e-03
4.74609375e-02	4.67622727e-05	4.69754433e-03
4.75097656e-02	4.69922160e-05	4.72093412e-03
4.75585938e-02	4.72233043e-05	4.74444154e-03
4.76074219e-02	4.74555433e-05	4.76806717e-03
4.76562500e-02	4.76889388e-05	4.79181163e-03
4.77050781e-02	4.79234966e-05	4.81567550e-03
4.77539063e-02	4.81592225e-05	4.83965939e-03
4.78027344e-02	4.83961225e-05	4.86376391e-03
4.78515625e-02	4.86342024e-05	4.88798967e-03
4.79003906e-02	4.88734682e-05	4.91233729e-03
4.79492188e-02	4.91139258e-05	4.93680738e-03
4.79980469e-02	4.93555813e-05	4.96140056e-03
4.80468750e-02	4.95984406e-05	4.98611746e-03
4.80957031e-02	4.98425099e-05	5.01095869e-03
4.81445313e-02	5.00877951e-05	5.03592490e-03
4.81933594e-02	5.03343025e-05	5.06101671e-03
4.82421875e-02	5.05820381e-05	5.08623476e-03
4.82910156e-02	5.08310082e-05	5.11157969e-03
4.83398438e-02	5.10812189e-05	5.13705214e-03
4.83886719e-02	5.13326766e-05	5.16265276e-03
4.84375000e-02	5.15853874e-05	5.18838220e-03
4.84863281e-02	5.18393577e-05	5.21424110e-03
4.85351563e-02	5.20945938e-05	5.24023013e-03
4.85839844e-02	5.23511021e-05	5.26634994e-03
4.86328125e-02	5.26088890e-05	5.29260120e-03
4.86816406e-02	5.28679609e-05	5.31898456e-03
4.87304688e-02	5.31283243e-05	5.34550071e-03
4.87792969e-02	5.33899857e-05	5.37215032e-03
4.88281250e-02	5.36529517e-05	5.39893405e-03
4.88769531e-02	5.39172287e-05	5.42585259e-03
4.89257813e-02	5.41828234e-05	5.45290662e-03
4.89746094e-02	5.44497424e-05	5.48009683e-03
4.90234375e-02	5.47179924e-05	5.50742391e-03
4.90722656e-02	5.49875801e-05	5.53488855e-03
4.91210938e-02	5.52585123e-05	5.56249144e-03
4.91699219e-02	5.55307956e-05	5.59023330e-03
4.92187500e-02	5.58044369e-05	5.61811482e-03
4.92675781e-02	5.60794430e-05	5.64613671e-03
4.93164062e-02	5.63558209e-05	5.67429968e-03
4.93652344e-02	5.66335773e-05	5.70260444e-03
4.94140625e-02	5.69127193e-05	5.73105173e-03
4.94628906e-02	5.71932538e-05	5.75964225e-03
4.95117188e-02	5.74751879e-05	5.78837673e-03
4.95605469e-02	5.77585285e-05	5.81725590e-03
4.96093750e-02	5.80432828e-05	5.84628050e-03
4.96582031e-02	5.83294579e-05	5.87545127e-03
4.97070313e-02	5.86170610e-05	5.90476893e-03
4.97558594e-02	5.89060991e-05	5.93423425e-03
4.98046875e-02	5.91965796e-05	5.96384796e-03
4.98535156e-02	5.94885098e-05	5.99361082e-03
4.99023438e-02	5.97818969e-05	6.02352358e-03
4.99511719e-02	6.00767482e-05	6.05358701e-03
5.00000000e-02	6.03730712e-05	6.08380186e-03
5.00488281e-02	6.06708732e-05	6.11416892e-03
5.00976563e-02	6.09701617e-05	6.14468893e-03
5.01464844e-02	6.12709442e-05	6.17536269e-03
5.01953125e-02	6.15732282e-05	6.20619098e-03
5.02441406e-02	6.18770214e-05	6.23717456e-03
5.02929688e-02	6.21823311e-05	6.26831424e-03
5.03417969e-02	6.24891652e-05	6.29961081e-03
5.03906250e-02	6.27975314e-05	6.33106505e-03
5.04394531e-02	6.31074372e-05	6.36267777e-03
5.04882813e-02	6.34188905e-05	6.39444978e-03
5.05371094e-02	6.37318991e-05	6.42638187e-03
5.05859375e-02	6.40464708e-05	6.45847487e-03
5.06347656e-02	6.43626135e-05	6.49072958e-03
5.06835938e-02	6.46803351e-05	6.52314683e-03
5.07324219e-02	6.49996435e-05	6.55572744e-03
5.07812500e-02	6.53205468e-05	6.58847224e-03
5.08300781e-02	6.56430530e-05	6.62138206e-03
5.08789063e-02	6.59671702e-05	6.65445775e-03
5.09277344e-02	6.62929065e-05	6.68770013e-03
5.09765625e-02	6.66202700e-05	6.72111006e-03
5.10253906e-02	6.69492690e-05	6.75468839e-03
5.10742188e-02	6.72799117e-05	6.78843596e-03
5.11230469e-02	6.76122064e-05	6.82235364e-03
5.11718750e-02	6.79461613e-05	6.85644230e-03
5.12207031e-02	6.82817850e-05	6.89070279e-03
5.12695312e-02	6.86190857e-05	6.92513599e-03
5.13183594e-02	6.89580720e-05	6.95974278e-03
5.13671875e-02	6.92987524e-05	6.99452404e-03
5.14160156e-02	6.96411353e-05	7.02948064e-03
5.14648438e-02	6.99852294e-05	7.06461349e-03
5.15136719e-02	7.03310433e-05	7.09992347e-03
5.15625000e-02	7.06785857e-05	7.13541149e-03
5.16113281e-02	7.10278652e-05	7.17107844e-03
5.16601563e-02	7.13788907e-05	7.20692524e-03
5.17089844e-02	7.17316709e-05	7.24295280e-03
5.17578125e-02	7.20862147e-05	7.27916202e-03
5.18066406e-02	7.24425310e-05	7.31555385e-03
5.18554688e-02	7.28006288e-05	7.35212920e-03
5.19042969e-02	7.31605169e-05	7.38888900e-03
5.19531250e-02	7.35222045e-05	7.42583419e-03
5.20019531e-02	7.38857006e-05	7.46296571e-03
5.20507813e-02	7.42510143e-05	7.50028451e-03
5.20996094e-02	7.46181548e-05	7.53779153e-03
5.21484375e-02	7.49871314e-05	7.57548774e-03
5.21972656e-02	7.53579532e-05	7.61337408e-03
5.22460938e-02	7.57306296e-05	7.65145154e-03
5.22949219e-02	7.61051699e-05	7.68972107e-03
5.23437500e-02	7.64815836e-05	7.72818365e-03
5.23925781e-02	7.68598801e-05	7.76684026e-03
5.24414063e-02	7.72400689e-05	7.80569189e-03
5.24902344e-02	7.76221595e-05	7.84473952e-03
5.25390625e-02	7.80061615e-05	7.88398415e-03
5.25878906e-02	7.83920847e-05	7.92342679e-03
5.26367188e-02	7.87799385e-05	7.96306843e-03
5.26855469e-02	7.91697329e-05	8.00291008e-03
5.27343750e-02	7.95614776e-05	8.04295277e-03
5.27832031e-02	7.99551825e-05	8.08319750e-03
5.28320313e-02	8.03508574e-05	8.12364532e-03
5.28808594e-02	8.07485122e-05	8.16429724e-03
5.29296875e-02	8.11481570e-05	8.20515431e-03
5.29785156e-02	8.15498018e-05	8.24621756e-03
5.30273438e-02	8.19534568e-05	8.28748805e-03
5.30761719e-02	8.23591319e-05	8.32896682e-03
5.31250000e-02	8.27668375e-05	8.37065493e-03
5.31738281e-02	8.31765838e-05	8.41255345e-03
5.32226562e-02	8.35883811e-05	8.45466344e-03
5.32714844e-02	8.40022397e-05	8.49698598e-03
5.33203125e-02	8.44181701e-05	8.53952215e-03
5.33691406e-02	8.48361827e-05	8.58227303e-03
5.34179688e-02	8.52562880e-05	8.62523971e-03
5.34667969e-02	8.56784966e-05	8.66842328e-03
5.35156250e-02	8.61028190e-05	8.71182486e-03
5.35644531e-02	8.65292661e-05	8.75544554e-03
5.36132813e-02	8.69578484e-05	8.79928644e-03
5.36621094e-02	8.73885768e-05	8.84334868e-03
5.37109375e-02	8.78214621e-05	8.88763338e-03
5.37597656e-02	8.82565152e-05	8.93214168e-03
5.38085938e-02	8.86937470e-05	8.97687470e-03
5.38574219e-02	8.91331686e-05	9.02183358e-03
5.39062500e-02	8.95747910e-05	9.06701949e-03
5.39550781e-02	9.00186253e-05	9.11243356e-03
5.40039063e-02	9.04646827e-05	9.15807696e-03
5.40527344e-02	9.09129744e-05	9.20395085e-03
5.41015625e-02	9.13635117e-05	9.25005641e-03
5.41503906e-02	9.18163059e-05	9.29639481e-03
5.41992188e-02	9.22713684e-05	9.34296723e-03
5.42480469e-02	9.27287108e-05	9.38977486e-03
5.42968750e-02	9.31883444e-05	9.43681890e-03
5.43457031e-02	9.36502809e-05	9.48410055e-03
5.43945313e-02	9.41145319e-05	9.53162101e-03
5.44433594e-02	9.45811092e-05	9.57938151e-03
5.44921875e-02	9.50500243e-05	9.62738325e-03
5.45410156e-02	9.55212892e-05	9.67562746e-03
5.45898438e-02	9.59949158e-05	9.72411538e-03
5.46386719e-02	9.64709158e-05	9.77284825e-03
5.46875000e-02	9.69493015e-05	9.82182731e-03
5.47363281e-02	9.74300847e-05	9.87105380e-03
5.47851563e-02	9.79132776e-05	9.92052899e-03
5.48339844e-02	9.83988925e-05	9.97025415e-03
5.48828125e-02	9.88869414e-05	1.00202305e-02
5.49316406e-02	9.93774368e-05	1.00704594e-02
5.49804688e-02	9.98703909e-05	1.01209421e-02
5.50292969e-02	1.00365816e-04	1.01716799e-02
5.50781250e-02	1.00863725e-04	1.02226740e-02
5.51269531e-02	1.01364131e-04	1.02739259e-02
5.51757812e-02	1.01867045e-04	1.03254367e-02
5.52246094e-02	1.02372480e-04	1.03772078e-02
5.52734375e-02	1.02880450e-04	1.04292405e-02
5.53222656e-02	1.03390967e-04	1.04815363e-02
5.53710938e-02	1.03904044e-04	1.05340963e-02
5.54199219e-02	1.04419694e-04	1.05869219e-02
5.54687500e-02	1.04937930e-04	1.06400146e-02
5.55175781e-02	1.05458765e-04	1.06933755e-02
5.55664063e-02	1.05982211e-04	1.07470062e-02
5.56152344e-02	1.06508284e-04	1.08009080e-02
5.56640625e-02	1.07036994e-04	1.08550823e-02
5.57128906e-02	1.07568357e-04	1.09095303e-02
5.57617188e-02	1.08102385e-04	1.09642537e-02
5.58105469e-02	1.08639091e-04	1.10192536e-02
5.58593750e-02	1.09178491e-04	1.10745316e-02
5.59082031e-02	1.09720596e-04	1.11300891e-02
5.59570313e-02	1.10265420e-04	1.11859275e-02
5.60058594e-02	1.10812978e-04	1.12420481e-02
5.60546875e-02	1.11363283e-04	1.12984525e-02
5.61035156e-02	1.11916350e-04	1.13551421e-02
5.61523438e-02	1.12472191e-04	1.14121183e-02
5.62011719e-02	1.13030821e-04	1.14693826e-02
5.62500000e-02	1.13592255e-04	1.15269365e-02
5.62988281e-02	1.14156506e-04	1.15847814e-02
5.63476563e-02	1.14723588e-04	1.16429188e-02
5.63964844e-02	1.15293517e-04	1.17013502e-02
5.64453125e-02	1.15866306e-04	1.17600771e-02
5.64941406e-02	1.16441969e-04	1.18191010e-02
5.65429688e-02	1.17020522e-04	1.18784234e-02
5.65917969e-02	1.17601979e-04	1.19380458e-02
5.66406250e-02	1.18186354e-04	1.19979698e-02
5.66894531e-02	1.18773663e-04	1.20581968e-02
5.67382813e-02	1.19363920e-04	1.21187285e-02
5.67871094e-02	1.19957140e-04	1.21795664e-02
5.68359375e-02	1.20553338e-04	1.22407120e-02
5.68847656e-02	1.21152529e-04	1.23021669e-02
5.69335938e-02	1.21754729e-04	1.23639326e-02
5.69824219e-02	1.22359952e-04	1.24260108e-02
5.70312500e-02	1.22968214e-04	1.24884031e-02
5.70800781e-02	1.23579531e-04	1.25511110e-02
5.71289062e-02	1.24193917e-04	1.26141361e-02
5.71777344e-02	1.24811388e-04	1.26774802e-02
5.72265625e-02	1.25431960e-04	1.27411446e-02
5.72753906e-02	1.26055648e-04	1.28051312e-02
5.73242188e-02	1.26682469e-04	1.28694416e-02
5.73730469e-02	1.27312437e-04	1.29340774e-02
5.74218750e-02	1.27945570e-04	1.29990402e-02
5.74707031e-02	1.28581883e-04	1.30643317e-02
5.75195313e-02	1.29221392e-04	1.31299536e-02
5.75683594e-02	1.29864113e-04	1.31959076e-02
5.76171875e-02	1.30510063e-04	1.32621953e-02
5.76660156e-02	1.31159257e-04	1.33288186e-02
5.77148438e-02	1.31811713e-04	1.33957789e-02
5.77636719e-02	1.32467447e-04	1.34630782e-02
5.78125000e-02	1.33126475e-04	1.35307181e-02
5.78613281e-02	1.33788815e-04	1.35987003e-02
5.79101563e-02	1.34454482e-04	1.36670266e-02
5.79589844e-02	1.35123494e-04	1.37356987e-02
5.80078125e-02	1.35795867e-04	1.38047184e-02
5.80566406e-02	1.36471619e-04	1.38740875e-02
5.81054688e-02	1.37150767e-04	1.39438078e-02
5.81542969e-02	1.37833328e-04	1.40138809e-02
5.82031250e-02	1.38519319e-04	1.40843088e-02
5.82519531e-02	1.39208757e-04	1.41550933e-02
5.83007813e-02	1.39901661e-04	1.42262360e-02
5.83496094e-02	1.40598047e-04	1.42977390e-02
5.83984375e-02	1.41297933e-04	1.43696039e-02
5.84472656e-02	1.42001338e-04	1.44418327e-02
5.84960938e-02	1.42708278e-04	1.45144272e-02
5.85449219e-02	1.43418771e-04	1.45873892e-02
5.85937500e-02	1.44132836e-04	1.46607207e-02
5.86425781e-02	1.44850491e-04	1.47344235e-02
5.86914063e-02	1.45571754e-04	1.48084995e-02
5.87402344e-02	1.46296643e-04	1.48829506e-02
5.87890625e-02	1.47025176e-04	1.49577787e-02
5.88378906e-02	1.47757373e-04	1.50329858e-02
5.88867188e-02	1.48493251e-04	1.51085737e-02
5.89355469e-02	1.49232829e-04	1.51845444e-02
5.89843750e-02	1.49976126e-04	1.52608998e-02
5.90332031e-02	1.50723160e-04	1.53376420e-02
5.90820312e-02	1.51473952e-04	1.54147728e-02
5.91308594e-02	1.52228519e-04	1.54922943e-02
5.91796875e-02	1.52986881e-04	1.55702085e-02
5.92285156e-02	1.53749057e-04	1.56485173e-02
5.92773438e-02	1.54515066e-04	1.57272227e-02
5.93261719e-02	1.55284928e-04	1.58063269e-02
5.93750000e-02	1.56058662e-04	1.58858317e-02
5.94238281e-02	1.56836289e-04	1.59657393e-02
5.94726563e-02	1.57617826e-04	1.60460517e-02
5.95214844e-02	1.58403296e-04	1.61267709e-02
5.95703125e-02	1.59192716e-04	1.62078991e-02
5.96191406e-02	1.59986108e-04	1.62894383e-02
5.96679688e-02	1.60783492e-04	1.63713906e-02
5.97167969e-02	1.61584887e-04	1.64537581e-02
5.97656250e-02	1.62390314e-04	1.65365429e-02
5.98144531e-02	1.63199794e-04	1.66197472e-02
5.98632813e-02	1.64013347e-04	1.67033731e-02
5.99121094e-02	1.64830993e-04	1.67874227e-02
5.99609375e-02	1.65652754e-04	1.68718982e-02
6.00097656e-02	1.66478650e-04	1.69568018e-02
6.00585938e-02	1.67308702e-04	1.70421356e-02
6.01074219e-02	1.68142932e-04	1.71279019e-02
6.01562500e-02	1.68981360e-04	1.72141028e-02
6.02050781e-02	1.69824007e-04	1.73007405e-02
6.02539063e-02	1.70670896e-04	1.73878174e-02
6.03027344e-02	1.71522047e-04	1.74753355e-02
6.03515625e-02	1.72377482e-04	1.75632972e-02
6.04003906e-02	1.73237224e-04	1.76517048e-02
6.04492188e-02	1.74101292e-04	1.77405604e-02
6.04980469e-02	1.74969711e-04	1.78298665e-02
6.05468750e-02	1.75842501e-04	1.79196252e-02
6.05957031e-02	1.76719686e-04	1.80098389e-02
6.06445313e-02	1.77601286e-04	1.81005098e-02
6.06933594e-02	1.78487325e-04	1.81916405e-02
6.07421875e-02	1.79377825e-04	1.82832331e-02
6.07910156e-02	1.80272808e-04	1.83752900e-02
6.08398438e-02	1.81172298e-04	1.84678136e-02
6.08886719e-02	1.82076317e-04	1.85608063e-02
6.09375000e-02	1.82984888e-04	1.86542704e-02
6.09863281e-02	1.83898035e-04	1.87482084e-02
6.10351562e-02	1.84815780e-04	1.88426227e-02
6.10839844e-02	1.85738146e-04	1.89375158e-02
6.11328125e-02	1.86665158e-04	1.90328899e-02
6.11816406e-02	1.87596839e-04	1.91287477e-02
6.12304688e-02	1.88533212e-04	1.92250915e-02
6.12792969e-02	1.89474301e-04	1.93219238e-02
6.13281250e-02	1.90420130e-04	1.94192472e-02
6.13769531e-02	1.91370724e-04	1.95170642e-02
6.14257813e-02	1.92326106e-04	1.96153771e-02
6.14746094e-02	1.93286300e-04	1.97141887e-02
6.15234375e-02	1.94251332e-04	1.98135014e-02
6.15722656e-02	1.95221225e-04	1.99133177e-02
6.16210938e-02	1.96196004e-04	2.00136403e-02
6.16699219e-02	1.97175694e-04	2.01144718e-02
6.17187500e-02	1.98160320e-04	2.02158146e-02
6.17675781e-02	1.99149907e-04	2.03176715e-02
6.18164063e-02	2.00144481e-04	2.04200450e-02
6.18652344e-02	2.01144065e-04	2.05229378e-02
6.19140625e-02	2.02148686e-04	2.06263525e-02
6.19628906e-02	2.03158370e-04	2.07302918e-02
6.20117188e-02	2.04173142e-04	2.08347584e-02
6.20605469e-02	2.05193027e-04	2.09397549e-02
6.21093750e-02	2.06218053e-04	2.10452841e-02
6.21582031e-02	2.07248244e-04	2.11513487e-02
6.22070313e-02	2.08283627e-04	2.12579513e-02
6.22558594e-02	2.09324229e-04	2.13650948e-02
6.23046875e-02	2.10370076e-04	2.14727819e-02
6.23535156e-02	2.11421194e-04	2.15810154e-02
6.24023438e-02	2.12477610e-04	2.16897981e-02
6.24511719e-02	2.13539352e-04	2.17991326e-02
6.25000000e-02	2.14606445e-04	2.19090220e-02
6.25488281e-02	2.15678918e-04	2.20194690e-02
6.25976563e-02	2.16756798e-04	2.21304764e-02
6.26464844e-02	2.17840111e-04	2.22420472e-02
6.26953125e-02	2.18928886e-04	2.23541841e-02
6.27441406e-02	2.20023151e-04	2.24668900e-02
6.27929687e-02	2.21122933e-04	2.25801680e-02
6.28417969e-02	2.22228259e-04	2.26940208e-02
6.28906250e-02	2.23339160e-04	2.28084515e-02
6.29394531e-02	2.24455661e-04	2.29234629e-02
6.29882812e-02	2.25577793e-04	2.30390581e-02
6.30371094e-02	2.26705584e-04	2.31552399e-02
6.30859375e-02	2.27839062e-04	2.32720115e-02
6.31347656e-02	2.28978256e-04	2.33893757e-02
6.31835938e-02	2.30123195e-04	2.35073357e-02
6.32324219e-02	2.31273909e-04	2.36258945e-02
6.32812500e-02	2.32430426e-04	2.37450551e-02
6.33300781e-02	2.33592776e-04	2.38648206e-02
6.33789063e-02	2.34760990e-04	2.39851941e-02
6.34277344e-02	2.35935095e-04	2.41061786e-02
6.34765625e-02	2.37115124e-04	2.42277774e-02
6.35253906e-02	2.38301104e-04	2.43499934e-02
6.35742188e-02	2.39493068e-04	2.44728300e-02
6.36230469e-02	2.40691044e-04	2.45962902e-02
6.36718750e-02	2.41895065e-04	2.47203773e-02
6.37207031e-02	2.43105159e-04	2.48450944e-02
6.37695312e-02	2.44321359e-04	2.49704447e-02
6.38183594e-02	2.45543695e-04	2.50964315e-02
6.38671875e-02	2.46772198e-04	2.52230580e-02
6.39160156e-02	2.48006900e-04	2.53503275e-02
6.39648438e-02	2.49247831e-04	2.54782433e-02
6.40136719e-02	2.50495025e-04	2.56068087e-02
6.40625000e-02	2.51748512e-04	2.57360269e-02
6.41113281e-02	2.53008325e-04	2.58659013e-02
6.41601563e-02	2.54274495e-04	2.59964353e-02
6.42089844e-02	2.55547056e-04	2.61276323e-02
6.42578125e-02	2.56826038e-04	2.62594955e-02
6.43066406e-02	2.58111476e-04	2.63920285e-02
6.43554688e-02	2.59403401e-04	2.65252346e-02
6.44042969e-02	2.60701847e-04	2.66591172e-02
6.44531250e-02	2.62006847e-04	2.67936799e-02
6.45019531e-02	2.63318434e-04	2.69289261e-02
6.45507813e-02	2.64636642e-04	2.70648592e-02
6.45996094e-02	2.65961504e-04	2.72014828e-02
6.46484375e-02	2.67293054e-04	2.73388005e-02
6.46972656e-02	2.68631326e-04	2.74768156e-02
6.47460937e-02	2.69976354e-04	2.76155319e-02
6.47949219e-02	2.71328172e-04	2.77549529e-02
6.48437500e-02	2.72686815e-04	2.78950822e-02
6.48925781e-02	2.74052319e-04	2.80359234e-02
6.49414062e-02	2.75424716e-04	2.81774801e-02
6.49902344e-02	2.76804043e-04	2.83197560e-02
6.50390625e-02	2.78190335e-04	2.84627548e-02
6.50878906e-02	2.79583627e-04	2.86064801e-02
6.51367188e-02	2.80983954e-04	2.87509357e-02
6.51855469e-02	2.82391353e-04	2.88961253e-02
6.52343750e-02	2.83805860e-04	2.90420527e-02
6.52832031e-02	2.85227509e-04	2.91887215e-02
6.53320313e-02	2.86656339e-04	2.93361356e-02
6.53808594e-02	2.88092385e-04	2.94842988e-02
6.54296875e-02	2.89535683e-04	2.96332150e-02
6.54785156e-02	2.90986272e-04	2.97828879e-02
6.55273438e-02	2.92444187e-04	2.99333214e-02
6.55761719e-02	2.93909466e-04	3.00845195e-02
6.56250000e-02	2.95382147e-04	3.02364859e-02
6.56738281e-02	2.96862267e-04	3.03892247e-02
6.57226562e-02	2.98349864e-04	3.05427398e-02
6.57714844e-02	2.99844975e-04	3.06970352e-02
6.58203125e-02	3.01347640e-04	3.08521148e-02
6.58691406e-02	3.02857897e-04	3.10079826e-02
6.59179688e-02	3.04375783e-04	3.11646427e-02
6.59667969e-02	3.05901338e-04	3.13220991e-02
6.60156250e-02	3.07434601e-04	3.14803559e-02
6.60644531e-02	3.08975611e-04	3.16394171e-02
6.61132813e-02	3.10524408e-04	3.17992869e-02
6.61621094e-02	3.12081030e-04	3.19599695e-02
6.62109375e-02	3.13645518e-04	3.21214688e-02
6.62597656e-02	3.15217912e-04	3.22837893e-02
6.63085938e-02	3.16798252e-04	3.24469349e-02
6.63574219e-02	3.18386579e-04	3.26109100e-02
6.64062500e-02	3.19982932e-04	3.27757187e-02
6.64550781e-02	3.21587353e-04	3.29413654e-02
6.65039063e-02	3.23199883e-04	3.31078543e-02
6.65527344e-02	3.24820562e-04	3.32751897e-02
6.66015625e-02	3.26449434e-04	3.34433759e-02
6.66503906e-02	3.28086538e-04	3.36124173e-02
6.66992187e-02	3.29731917e-04	3.37823183e-02
6.67480469e-02	3.31385614e-04	3.39530832e-02
6.67968750e-02	3.33047669e-04	3.41247165e-02
6.68457031e-02	3.34718127e-04	3.42972226e-02
6.68945312e-02	3.36397029e-04	3.44706059e-02
6.69433594e-02	3.38084418e-04	3.46448710e-02
6.69921875e-02	3.39780339e-04	3.48200223e-02
6.70410156e-02	3.41484833e-04	3.49960644e-02
6.70898438e-02	3.43197945e-04	3.51730018e-02
6.71386719e-02	3.44919718e-04	3.53508391e-02
6.71875000e-02	3.46650197e-04	3.55295809e-02
6.72363281e-02	3.48389426e-04	3.57092318e-02
6.72851563e-02	3.50137449e-04	3.58897965e-02
6.73339844e-02	3.51894312e-04	3.60712796e-02
6.73828125e-02	3.53660058e-04	3.62536858e-02
6.74316406e-02	3.55434733e-04	3.64370199e-02
6.74804688e-02	3.57218383e-04	3.66212866e-02
6.75292969e-02	3.59011054e-04	3.68064905e-02
6.75781250e-02	3.60812790e-04	3.69926367e-02
6.76269531e-02	3.62623639e-04	3.71797298e-02
6.76757812e-02	3.64443646e-04	3.73677746e-02
6.77246094e-02	3.66272859e-04	3.75567762e-02
6.77734375e-02	3.68111324e-04	3.77467393e-02
6.78222656e-02	3.69959088e-04	3.79376688e-02
6.78710938e-02	3.71816198e-04	3.81295697e-02
6.79199219e-02	3.73682702e-04	3.83224471e-02
6.79687500e-02	3.75558648e-04	3.85163057e-02
6.80175781e-02	3.77444084e-04	3.87111507e-02
6.80664063e-02	3.79339058e-04	3.89069872e-02
6.81152344e-02	3.81243619e-04	3.91038201e-02
6.81640625e-02	3.83157815e-04	3.93016546e-02
6.82128906e-02	3.85081696e-04	3.95004958e-02
6.82617188e-02	3.87015310e-04	3.97003488e-02
6.83105469e-02	3.88958708e-04	3.99012189e-02
6.83593750e-02	3.90911939e-04	4.01031111e-02
6.84082031e-02	3.92875053e-04	4.03060308e-02
6.84570313e-02	3.94848100e-04	4.05099832e-02
6.85058594e-02	3.96831131e-04	4.07149735e-02
6.85546875e-02	3.98824197e-04	4.09210071e-02
6.86035156e-02	4.00827349e-04	4.11280894e-02
6.86523437e-02	4.02840638e-04	4.13362256e-02
6.87011719e-02	4.04864115e-04	4.15454211e-02
6.87500000e-02	4.06897834e-04	4.17556814e-02
6.87988281e-02	4.08941845e-04	4.19670120e-02
6.88476562e-02	4.10996201e-04	4.21794182e-02
6.88964844e-02	4.13060955e-04	4.23929056e-02
6.89453125e-02	4.15136160e-04	4.26074798e-02
6.89941406e-02	4.17221868e-04	4.28231462e-02
6.90429688e-02	4.19318134e-04	4.30399105e-02
6.90917969e-02	4.21425011e-04	4.32577782e-02
6.91406250e-02	4.23542554e-04	4.34767551e-02
6.91894531e-02	4.25670815e-04	4.36968467e-02
6.92382813e-02	4.27809851e-04	4.39180589e-02
6.92871094e-02	4.29959716e-04	4.41403972e-02
6.93359375e-02	4.32120465e-04	4.43638676e-02
6.93847656e-02	4.34292153e-04	4.45884757e-02
6.94335938e-02	4.36474836e-04	4.48142273e-02
6.94824219e-02	4.38668570e-04	4.50411285e-02
6.95312500e-02	4.40873412e-04	4.52691849e-02
6.95800781e-02	4.43089417e-04	4.54984025e-02
6.96289062e-02	4.45316644e-04	4.57287873e-02
6.96777344e-02	4.47555148e-04	4.59603453e-02
6.97265625e-02	4.49804987e-04	4.61930823e-02
6.97753906e-02	4.52066220e-04	4.64270046e-02
6.98242188e-02	4.54338904e-04	4.66621180e-02
6.98730469e-02	4.56623097e-04	4.68984288e-02
6.99218750e-02	4.58918858e-04	4.71359430e-02
6.99707031e-02	4.61226246e-04	4.73746668e-02
7.00195313e-02	4.63545320e-04	4.76146063e-02
7.00683594e-02	4.65876139e-04	4.78557679e-02
7.01171875e-02	4.68218764e-04	4.80981577e-02
7.01660156e-02	4.70573255e-04	4.83417821e-02
7.02148438e-02	4.72939672e-04	4.85866473e-02
7.02636719e-02	4.75318075e-04	4.88327597e-02
7.03125000e-02	4.77708527e-04	4.90801257e-02
7.03613281e-02	4.80111087e-04	4.93287517e-02
7.04101563e-02	4.82525819e-04	4.95786441e-02
7.04589844e-02	4.84952783e-04	4.98298094e-02
7.05078125e-02	4.87392042e-04	5.00822542e-02
7.05566406e-02	4.89843659e-04	5.03359849e-02
7.06054687e-02	4.92307697e-04	5.05910082e-02
7.06542969e-02	4.94784219e-04	5.08473307e-02
7.07031250e-02	4.97273289e-04	5.11049590e-02
7.07519531e-02	4.99774970e-04	5.13638997e-02
7.08007812e-02	5.02289327e-04	5.16241597e-02
7.08496094e-02	5.04816424e-04	5.18857457e-02
7.08984375e-02	5.07356327e-04	5.21486644e-02
7.09472656e-02	5.09909100e-04	5.24129226e-02
7.09960938e-02	5.12474809e-04	5.26785273e-02
7.10449219e-02	5.15053520e-04	5.29454853e-02
7.10937500e-02	5.17645300e-04	5.32138035e-02
7.11425781e-02	5.20250214e-04	5.34834889e-02
7.11914063e-02	5.22868330e-04	5.37545485e-02
7.12402344e-02	5.25499715e-04	5.40269894e-02
7.12890625e-02	5.28144437e-04	5.43008185e-02
7.13378906e-02	5.30802564e-04	5.45760431e-02
7.13867188e-02	5.33474163e-04	5.48526701e-02
7.14355469e-02	5.36159304e-04	5.51307069e-02
7.14843750e-02	5.38858056e-04	5.54101606e-02
7.15332031e-02	5.41570488e-04	5.56910386e-02
7.15820312e-02	5.44296669e-04	5.59733479e-02
7.16308594e-02	5.47036670e-04	5.62570961e-02
7.16796875e-02	5.49790561e-04	5.65422905e-02
7.17285156e-02	5.52558414e-04	5.68289384e-02
7.17773438e-02	5.55340298e-04	5.71170473e-02
7.18261719e-02	5.58136286e-04	5.74066247e-02
7.18750000e-02	5.60946450e-04	5.76976781e-02
7.19238281e-02	5.63770861e-04	5.79902151e-02
7.19726563e-02	5.66609593e-04	5.82842432e-02
7.20214844e-02	5.69462718e-04	5.85797702e-02
7.20703125e-02	5.72330310e-04	5.88768035e-02
7.21191406e-02	5.75212443e-04	5.91753511e-02
7.21679688e-02	5.78109191e-04	5.94754205e-02
7.22167969e-02	5.81020627e-04	5.97770197e-02
7.22656250e-02	5.83946828e-04	6.00801564e-02
7.23144531e-02	5.86887868e-04	6.03848386e-02
7.23632813e-02	5.89843822e-04	6.06910740e-02
7.24121094e-02	5.92814768e-04	6.09988708e-02
7.24609375e-02	5.95800782e-04	6.13082368e-02
7.25097656e-02	5.98801939e-04	6.16191801e-02
7.25585937e-02	6.01818318e-04	6.19317088e-02
7.26074219e-02	6.04849997e-04	6.22458310e-02
7.26562500e-02	6.07897052e-04	6.25615549e-02
7.27050781e-02	6.10959563e-04	6.28788886e-02
7.27539062e-02	6.14037608e-04	6.31978404e-02
7.28027344e-02	6.17131267e-04	6.35184186e-02
7.28515625e-02	6.20240618e-04	6.38406316e-02
7.29003906e-02	6.23365743e-04	6.41644876e-02
7.29492188e-02	6.26506722e-04	6.44899951e-02
7.29980469e-02	6.29663635e-04	6.48171626e-02
7.30468750e-02	6.32836564e-04	6.51459986e-02
7.30957031e-02	6.36025590e-04	6.54765115e-02
7.31445313e-02	6.39230796e-04	6.58087101e-02
7.31933594e-02	6.42452263e-04	6.61426028e-02
7.32421875e-02	6.45690076e-04	6.64781985e-02
7.32910156e-02	6.48944316e-04	6.68155058e-02
7.33398438e-02	6.52215069e-04	6.71545334e-02
7.33886719e-02	6.55502419e-04	6.74952903e-02
7.34375000e-02	6.58806449e-04	6.78377852e-02
7.34863281e-02	6.62127245e-04	6.81820271e-02
7.35351562e-02	6.65464893e-04	6.85280249e-02
7.35839844e-02	6.68819478e-04	6.88757876e-02
7.36328125e-02	6.72191087e-04	6.92253242e-02
7.36816406e-02	6.75579807e-04	6.95766439e-02
7.37304688e-02	6.78985725e-04	6.99297557e-02
7.37792969e-02	6.82408929e-04	7.02846688e-02
7.38281250e-02	6.85849506e-04	7.06413925e-02
7.38769531e-02	6.89307547e-04	7.09999361e-02
7.39257813e-02	6.92783139e-04	7.13603088e-02
7.39746094e-02	6.96276372e-04	7.17225200e-02
7.40234375e-02	6.99787336e-04	7.20865792e-02
7.40722656e-02	7.03316122e-04	7.24524958e-02
7.41210938e-02	7.06862821e-04	7.28202793e-02
7.41699219e-02	7.10427523e-04	7.31899393e-02
7.42187500e-02	7.14010322e-04	7.35614854e-02
7.42675781e-02	7.17611308e-04	7.39349273e-02
7.43164063e-02	7.21230576e-04	7.43102747e-02
7.43652344e-02	7.24868218e-04	7.46875373e-02
7.44140625e-02	7.28524328e-04	7.50667250e-02
7.44628906e-02	7.32199000e-04	7.54478476e-02
7.45117187e-02	7.35892329e-04	7.58309151e-02
7.45605469e-02	7.39604411e-04	7.62159373e-02
7.46093750e-02	7.43335340e-04	7.66029244e-02
7.46582031e-02	7.47085213e-04	7.69918863e-02
7.47070312e-02	7.50854127e-04	7.73828332e-02
7.47558594e-02	7.54642179e-04	7.77757753e-02
7.48046875e-02	7.58449467e-04	7.81707228e-02
7.48535156e-02	7.62276088e-04	7.85676860e-02
7.49023438e-02	7.66122142e-04	7.89666752e-02
7.49511719e-02	7.69987727e-04	7.93677008e-02
7.50000000e-02	7.73872944e-04	7.97707731e-02
7.50488281e-02	7.77777892e-04	8.01759028e-02
7.50976563e-02	7.81702672e-04	8.05831004e-02
7.51464844e-02	7.85647386e-04	8.09923764e-02
7.51953125e-02	7.89612135e-04	8.14037414e-02
7.52441406e-02	7.93597021e-04	8.18172063e-02
7.52929688e-02	7.97602148e-04	8.22327818e-02
7.53417969e-02	8.01627618e-04	8.26504786e-02
7.53906250e-02	8.05673536e-04	8.30703077e-02
7.54394531e-02	8.09740005e-04	8.34922800e-02
7.54882813e-02	8.13827131e-04	8.39164065e-02
7.55371094e-02	8.17935020e-04	8.43426981e-02
7.55859375e-02	8.22063776e-04	8.47711661e-02
7.56347656e-02	8.26213507e-04	8.52018215e-02
7.56835938e-02	8.30384320e-04	8.56346756e-02
7.57324219e-02	8.34576323e-04	8.60697397e-02
7.57812500e-02	8.38789623e-04	8.65070250e-02
7.58300781e-02	8.43024329e-04	8.69465430e-02
7.58789063e-02	8.47280551e-04	8.73883051e-02
7.59277344e-02	8.51558398e-04	8.78323228e-02
7.59765625e-02	8.55857981e-04	8.82786076e-02
7.60253906e-02	8.60179411e-04	8.87271713e-02
7.60742188e-02	8.64522800e-04	8.91780254e-02
7.61230469e-02	8.68888259e-04	8.96311817e-02
7.61718750e-02	8.73275902e-04	9.00866521e-02
7.62207031e-02	8.77685841e-04	9.05444483e-02
7.62695313e-02	8.82118190e-04	9.10045824e-02
7.63183594e-02	8.86573064e-04	9.14670662e-02
7.63671875e-02	8.91050578e-04	9.19319119e-02
7.64160156e-02	8.95550848e-04	9.23991315e-02
7.64648438e-02	9.00073989e-04	9.28687372e-02
7.65136719e-02	9.04620119e-04	9.33407413e-02
7.65625000e-02	9.09189355e-04	9.38151560e-02
7.66113281e-02	9.13781815e-04	9.42919938e-02
7.66601562e-02	9.18397617e-04	9.47712670e-02
7.67089844e-02	9.23036881e-04	9.52529881e-02
7.67578125e-02	9.27699727e-04	9.57371696e-02
7.68066406e-02	9.32386274e-04	9.62238243e-02
7.68554688e-02	9.37096645e-04	9.67129647e-02
7.69042969e-02	9.41830961e-04	9.72046037e-02
7.69531250e-02	9.46589343e-04	9.76987539e-02
7.70019531e-02	9.51371916e-04	9.81954284e-02
7.70507813e-02	9.56178803e-04	9.86946400e-02
7.70996094e-02	9.61010127e-04	9.91964018e-02
7.71484375e-02	9.65866014e-04	9.97007269e-02
7.71972656e-02	9.70746589e-04	1.00207628e-01
7.72460938e-02	9.75651978e-04	1.00717119e-01
7.72949219e-02	9.80582309e-04	1.01229213e-01
7.73437500e-02	9.85537708e-04	1.01743923e-01
7.73925781e-02	9.90518303e-04	1.02261263e-01
7.74414063e-02	9.95524224e-04	1.02781246e-01
7.74902344e-02	1.00055560e-03	1.03303886e-01
7.75390625e-02	1.00561256e-03	1.03829195e-01
7.75878906e-02	1.01069523e-03	1.04357189e-01
7.76367188e-02	1.01580376e-03	1.04887881e-01
7.76855469e-02	1.02093826e-03	1.05421284e-01
7.77343750e-02	1.02609887e-03	1.05957413e-01
7.77832031e-02	1.03128573e-03	1.06496281e-01
7.78320313e-02	1.03649896e-03	1.07037903e-01
7.78808594e-02	1.04173872e-03	1.07582293e-01
7.79296875e-02	1.04700512e-03	1.08129464e-01
7.79785156e-02	1.05229830e-03	1.08679432e-01
7.80273438e-02	1.05761841e-03	1.09232210e-01
7.80761719e-02	1.06296558e-03	1.09787813e-01
7.81250000e-02	1.06833995e-03	1.10346255e-01
7.81738281e-02	1.07374165e-03	1.10907552e-01
7.82226563e-02	1.07917083e-03	1.11471717e-01
7.82714844e-02	1.08462763e-03	1.12038765e-01
7.83203125e-02	1.09011219e-03	1.12608711e-01
7.83691406e-02	1.09562465e-03	1.13181571e-01
7.84179688e-02	1.10116515e-03	1.13757358e-01
7.84667969e-02	1.10673383e-03	1.14336088e-01
7.85156250e-02	1.11233085e-03	1.14917776e-01
7.85644531e-02	1.11795635e-03	1.15502438e-01
7.86132812e-02	1.12361046e-03	1.16090088e-01
7.86621094e-02	1.12929334e-03	1.16680742e-01
7.87109375e-02	1.13500514e-03	1.17274415e-01
7.87597656e-02	1.14074600e-03	1.17871122e-01
7.88085938e-02	1.14651606e-03	1.18470881e-01
7.88574219e-02	1.15231549e-03	1.19073704e-01
7.89062500e-02	1.15814443e-03	1.19679610e-01
7.89550781e-02	1.16400303e-03	1.20288613e-01
7.90039063e-02	1.16989144e-03	1.20900730e-01
7.90527344e-02	1.17580982e-03	1.21515976e-01
7.91015625e-02	1.18175831e-03	1.22134367e-01
7.91503906e-02	1.18773708e-03	1.22755920e-01
7.91992188e-02	1.19374627e-03	1.23380650e-01
7.92480469e-02	1.19978605e-03	1.24008575e-01
7.92968750e-02	1.20585656e-03	1.24639710e-01
7.93457031e-02	1.21195798e-03	1.25274073e-01
7.93945313e-02	1.21809044e-03	1.25911678e-01
7.94433594e-02	1.22425412e-03	1.26552544e-01
7.94921875e-02	1.23044917e-03	1.27196687e-01
7.95410156e-02	1.23667575e-03	1.27844123e-01
7.95898438e-02	1.24293403e-03	1.28494870e-01
7.96386719e-02	1.24922416e-03	1.29148945e-01
7.96875000e-02	1.25554631e-03	1.29806364e-01
7.97363281e-02	1.26190064e-03	1.30467146e-01
7.97851563e-02	1.26828732e-03	1.31131306e-01
7.98339844e-02	1.27470652e-03	1.31798863e-01
7.98828125e-02	1.28115839e-03	1.32469834e-01
7.99316406e-02	1.28764311e-03	1.33144236e-01
7.99804688e-02	1.29416084e-03	1.33822087e-01
8.00292969e-02	1.30071176e-03	1.34503405e-01
8.00781250e-02	1.30729602e-03	1.35188207e-01
8.01269531e-02	1.31391381e-03	1.35876512e-01
8.01757813e-02	1.32056530e-03	1.36568337e-01
8.02246094e-02	1.32725065e-03	1.37263701e-01
8.02734375e-02	1.33397005e-03	1.37962621e-01
8.03222656e-02	1.34072365e-03	1.38665117e-01
8.03710938e-02	1.34751165e-03	1.39371205e-01
8.04199219e-02	1.35433421e-03	1.40080905e-01
8.04687500e-02	1.36119151e-03	1.40794236e-01
8.05175781e-02	1.36808374e-03	1.41511215e-01
8.05664062e-02	1.37501106e-03	1.42231862e-01
8.06152344e-02	1.38197366e-03	1.42956195e-01
8.06640625e-02	1.38897171e-03	1.43684234e-01
8.07128906e-02	1.39600541e-03	1.44415997e-01
8.07617188e-02	1.40307493e-03	1.45151503e-01
8.08105469e-02	1.41018045e-03	1.45890773e-01
8.08593750e-02	1.41732217e-03	1.46633824e-01
8.09082031e-02	1.42450026e-03	1.47380677e-01
8.09570313e-02	1.43171491e-03	1.48131351e-01
8.10058594e-02	1.43896630e-03	1.48885865e-01
8.10546875e-02	1.44625463e-03	1.49644240e-01
8.11035156e-02	1.45358009e-03	1.50406495e-01
8.11523438e-02	1.46094286e-03	1.51172650e-01
8.12011719e-02	1.46834314e-03	1.51942725e-01
8.12500000e-02	1.47578112e-03	1.52716740e-01
8.12988281e-02	1.48325698e-03	1.53494716e-01
8.13476563e-02	1.49077093e-03	1.54276672e-01
8.13964844e-02	1.49832316e-03	1.55062630e-01
8.14453125e-02	1.50591387e-03	1.55852610e-01
8.14941406e-02	1.51354324e-03	1.56646632e-01
8.15429688e-02	1.52121149e-03	1.57444717e-01
8.15917969e-02	1.52891880e-03	1.58246887e-01
8.16406250e-02	1.53666539e-03	1.59053161e-01
8.16894531e-02	1.54445144e-03	1.59863562e-01
8.17382813e-02	1.55227716e-03	1.60678110e-01
8.17871094e-02	1.56014276e-03	1.61496826e-01
8.18359375e-02	1.56804844e-03	1.62319733e-01
8.18847656e-02	1.57599440e-03	1.63146851e-01
8.19335938e-02	1.58398085e-03	1.63978202e-01
8.19824219e-02	1.59200800e-03	1.64813809e-01
8.20312500e-02	1.60007606e-03	1.65653692e-01
8.20800781e-02	1.60818522e-03	1.66497874e-01
8.21289063e-02	1.61633572e-03	1.67346377e-01
8.21777344e-02	1.62452775e-03	1.68199222e-01
8.22265625e-02	1.63276153e-03	1.69056433e-01
8.22753906e-02	1.64103727e-03	1.69918032e-01
8.23242188e-02	1.64935520e-03	1.70784042e-01
8.23730469e-02	1.65771551e-03	1.71654484e-01
8.24218750e-02	1.66611844e-03	1.72529382e-01
8.24707031e-02	1.67456419e-03	1.73408758e-01
8.25195312e-02	1.68305300e-03	1.74292637e-01
8.25683594e-02	1.69158507e-03	1.75181040e-01
8.26171875e-02	1.70016063e-03	1.76073991e-01
8.26660156e-02	1.70877991e-03	1.76971513e-01
8.27148438e-02	1.71744312e-03	1.77873630e-01
8.27636719e-02	1.72615049e-03	1.78780366e-01
8.28125000e-02	1.73490225e-03	1.79691744e-01
8.28613281e-02	1.74369863e-03	1.80607788e-01
8.29101563e-02	1.75253985e-03	1.81528522e-01
8.29589844e-02	1.76142614e-03	1.82453970e-01
8.30078125e-02	1.77035773e-03	1.83384157e-01
8.30566406e-02	1.77933486e-03	1.84319106e-01
8.31054688e-02	1.78835776e-03	1.85258842e-01
8.31542969e-02	1.79742666e-03	1.86203390e-01
8.32031250e-02	1.80654180e-03	1.87152775e-01
8.32519531e-02	1.81570342e-03	1.88107021e-01
8.33007813e-02	1.82491175e-03	1.89066153e-01
8.33496094e-02	1.83416703e-03	1.90030197e-01
8.33984375e-02	1.84346951e-03	1.90999178e-01
8.34472656e-02	1.85281942e-03	1.91973120e-01
8.34960938e-02	1.86221700e-03	1.92952050e-01
8.35449219e-02	1.87166251e-03	1.93935993e-01
8.35937500e-02	1.88115619e-03	1.94924975e-01
8.36425781e-02	1.89069828e-03	1.95919022e-01
8.36914063e-02	1.90028903e-03	1.96918160e-01
8.37402344e-02	1.90992869e-03	1.97922415e-01
8.37890625e-02	1.91961752e-03	1.98931813e-01
8.38378906e-02	1.92935575e-03	1.99946381e-01
8.38867188e-02	1.93914366e-03	2.00966145e-01
8.39355469e-02	1.94898148e-03	2.01991132e-01
8.39843750e-02	1.95886948e-03	2.03021370e-01
8.40332031e-02	1.96880791e-03	2.04056884e-01
8.40820313e-02	1.97879704e-03	2.05097702e-01
8.41308594e-02	1.98883712e-03	2.06143851e-01
8.41796875e-02	1.99892841e-03	2.07195359e-01
8.42285156e-02	2.00907117e-03	2.08252253e-01
8.42773438e-02	2.01926567e-03	2.09314561e-01
8.43261719e-02	2.02951218e-03	2.10382310e-01
8.43750000e-02	2.03981095e-03	2.11455530e-01
8.44238281e-02	2.05016227e-03	2.12534247e-01
8.44726562e-02	2.06056639e-03	2.13618490e-01
8.45214844e-02	2.07102358e-03	2.14708288e-01
8.45703125e-02	2.08153413e-03	2.15803669e-01
8.46191406e-02	2.09209830e-03	2.16904661e-01
8.46679688e-02	2.10271636e-03	2.18011294e-01
8.47167969e-02	2.11338860e-03	2.19123597e-01
8.47656250e-02	2.12411529e-03	2.20241598e-01
8.48144531e-02	2.13489671e-03	2.21365327e-01
8.48632813e-02	2.14573314e-03	2.22494814e-01
8.49121094e-02	2.15662486e-03	2.23630088e-01
8.49609375e-02	2.16757216e-03	2.24771178e-01
8.50097656e-02	2.17857531e-03	2.25918116e-01
8.50585938e-02	2.18963462e-03	2.27070930e-01
8.51074219e-02	2.20075035e-03	2.28229651e-01
8.51562500e-02	2.21192281e-03	2.29394309e-01
8.52050781e-02	2.22315229e-03	2.30564936e-01
8.52539063e-02	2.23443907e-03	2.31741561e-01
8.53027344e-02	2.24578345e-03	2.32924215e-01
8.53515625e-02	2.25718572e-03	2.34112930e-01
8.54003906e-02	2.26864619e-03	2.35307736e-01
8.54492188e-02	2.28016514e-03	2.36508666e-01
8.54980469e-02	2.29174288e-03	2.37715750e-01
8.55468750e-02	2.30337972e-03	2.38929019e-01
8.55957031e-02	2.31507595e-03	2.40148507e-01
8.56445313e-02	2.32683188e-03	2.41374245e-01
8.56933594e-02	2.33864781e-03	2.42606264e-01
8.57421875e-02	2.35052405e-03	2.43844598e-01
8.57910156e-02	2.36246091e-03	2.45089278e-01
8.58398438e-02	2.37445870e-03	2.46340338e-01
8.58886719e-02	2.38651774e-03	2.47597810e-01
8.59375000e-02	2.39863833e-03	2.48861728e-01
8.59863281e-02	2.41082080e-03	2.50132123e-01
8.60351563e-02	2.42306546e-03	2.51409031e-01
8.60839844e-02	2.43537262e-03	2.52692483e-01
8.61328125e-02	2.44774262e-03	2.53982514e-01
8.61816406e-02	2.46017577e-03	2.55279158e-01
8.62304688e-02	2.47267239e-03	2.56582449e-01
8.62792969e-02	2.48523281e-03	2.57892420e-01
8.63281250e-02	2.49785736e-03	2.59209106e-01
8.63769531e-02	2.51054636e-03	2.60532543e-01
8.64257812e-02	2.52330015e-03	2.61862763e-01
8.64746094e-02	2.53611906e-03	2.63199804e-01
8.65234375e-02	2.54900343e-03	2.64543698e-01
8.65722656e-02	2.56195358e-03	2.65894482e-01
8.66210938e-02	2.57496985e-03	2.67252192e-01
8.66699219e-02	2.58805259e-03	2.68616862e-01
8.67187500e-02	2.60120214e-03	2.69988528e-01
8.67675781e-02	2.61441883e-03	2.71367228e-01
8.68164063e-02	2.62770302e-03	2.72752995e-01
8.68652344e-02	2.64105504e-03	2.74145869e-01
8.69140625e-02	2.65447525e-03	2.75545883e-01
8.69628906e-02	2.66796399e-03	2.76953076e-01
8.70117188e-02	2.68152163e-03	2.78367485e-01
8.70605469e-02	2.69514850e-03	2.79789146e-01
8.71093750e-02	2.70884496e-03	2.81218096e-01
8.71582031e-02	2.72261138e-03	2.82654374e-01
8.72070313e-02	2.73644811e-03	2.84098017e-01
8.72558594e-02	2.75035551e-03	2.85549063e-01
8.73046875e-02	2.76433394e-03	2.87007549e-01
8.73535156e-02	2.77838377e-03	2.88473515e-01
8.74023438e-02	2.79250537e-03	2.89946999e-01
8.74511719e-02	2.80669909e-03	2.91428039e-01
8.75000000e-02	2.82096532e-03	2.92916674e-01
8.75488281e-02	2.83530442e-03	2.94412943e-01
8.75976563e-02	2.84971677e-03	2.95916887e-01
8.76464844e-02	2.86420274e-03	2.97428543e-01
8.76953125e-02	2.87876272e-03	2.98947952e-01
8.77441406e-02	2.89339707e-03	3.00475154e-01
8.77929688e-02	2.90810619e-03	3.02010189e-01
8.78417969e-02	2.92289045e-03	3.03553097e-01
8.78906250e-02	2.93775024e-03	3.05103918e-01
8.79394531e-02	2.95268594e-03	3.06662694e-01
8.79882813e-02	2.96769796e-03	3.08229465e-01
8.80371094e-02	2.98278667e-03	3.09804272e-01
8.80859375e-02	2.99795248e-03	3.11387158e-01
8.81347656e-02	3.01319577e-03	3.12978163e-01
8.81835938e-02	3.02851695e-03	3.14577328e-01
8.82324219e-02	3.04391642e-03	3.16184697e-01
8.82812500e-02	3.05939457e-03	3.17800312e-01
8.83300781e-02	3.07495181e-03	3.19424214e-01
8.83789062e-02	3.09058854e-03	3.21056447e-01
8.84277344e-02	3.10630518e-03	3.22697053e-01
8.84765625e-02	3.12210213e-03	3.24346075e-01
8.85253906e-02	3.13797981e-03	3.26003558e-01
8.85742188e-02	3.15393862e-03	3.27669543e-01
8.86230469e-02	3.16997899e-03	3.29344076e-01
8.86718750e-02	3.18610134e-03	3.31027200e-01
8.87207031e-02	3.20230608e-03	3.32718959e-01
8.87695313e-02	3.21859364e-03	3.34419398e-01
8.88183594e-02	3.23496444e-03	3.36128561e-01
8.88671875e-02	3.25141891e-03	3.37846494e-01
8.89160156e-02	3.26795747e-03	3.39573241e-01
8.89648438e-02	3.28458057e-03	3.41308848e-01
8.90136719e-02	3.30128863e-03	3.43053361e-01
8.90625000e-02	3.31808210e-03	3.44806824e-01
8.91113281e-02	3.33496140e-03	3.46569286e-01
8.91601563e-02	3.35192697e-03	3.48340791e-01
8.92089844e-02	3.36897927e-03	3.50121386e-01
8.92578125e-02	3.38611874e-03	3.51911118e-01
8.93066406e-02	3.40334582e-03	3.53710035e-01
8.93554688e-02	3.42066096e-03	3.55518183e-01
8.94042969e-02	3.43806462e-03	3.57335609e-01
8.94531250e-02	3.45555724e-03	3.59162363e-01
8.95019531e-02	3.47313929e-03	3.60998491e-01
8.95507813e-02	3.49081123e-03	3.62844043e-01
8.95996094e-02	3.50857351e-03	3.64699065e-01
8.96484375e-02	3.52642661e-03	3.66563609e-01
8.96972656e-02	3.54437097e-03	3.68437721e-01
8.97460938e-02	3.56240709e-03	3.70321452e-01
8.97949219e-02	3.58053542e-03	3.72214851e-01
8.98437500e-02	3.59875643e-03	3.74117968e-01
8.98925781e-02	3.61707061e-03	3.76030853e-01
8.99414063e-02	3.63547843e-03	3.77953557e-01
8.99902344e-02	3.65398038e-03	3.79886129e-01
9.00390625e-02	3.67257693e-03	3.81828621e-01
9.00878906e-02	3.69126857e-03	3.83781083e-01
9.01367188e-02	3.71005580e-03	3.85743568e-01
9.01855469e-02	3.72893909e-03	3.87716126e-01
9.02343750e-02	3.74791895e-03	3.89698810e-01
9.02832031e-02	3.76699586e-03	3.91691671e-01
9.03320312e-02	3.78617034e-03	3.93694763e-01
9.03808594e-02	3.80544287e-03	3.95708137e-01
9.04296875e-02	3.82481396e-03	3.97731847e-01
9.04785156e-02	3.84428412e-03	3.99765946e-01
9.05273438e-02	3.86385386e-03	4.01810488e-01
9.05761719e-02	3.88352368e-03	4.03865526e-01
9.06250000e-02	3.90329411e-03	4.05931115e-01
9.06738281e-02	3.92316565e-03	4.08007308e-01
9.07226563e-02	3.94313883e-03	4.10094160e-01
9.07714844e-02	3.96321417e-03	4.12191727e-01
9.08203125e-02	3.98339220e-03	4.14300063e-01
9.08691406e-02	4.00367343e-03	4.16419224e-01
9.09179688e-02	4.02405840e-03	4.18549266e-01
9.09667969e-02	4.04454765e-03	4.20690244e-01
9.10156250e-02	4.06514170e-03	4.22842216e-01
9.10644531e-02	4.08584110e-03	4.25005237e-01
9.11132813e-02	4.10664639e-03	4.27179365e-01
9.11621094e-02	4.12755811e-03	4.29364656e-01
9.12109375e-02	4.14857681e-03	4.31561169e-01
9.12597656e-02	4.16970303e-03	4.33768961e-01
9.13085938e-02	4.19093733e-03	4.35988091e-01
9.13574219e-02	4.21228027e-03	4.38218616e-01
9.14062500e-02	4.23373240e-03	4.40460595e-01
9.14550781e-02	4.25529428e-03	4.42714088e-01
9.15039063e-02	4.27696648e-03	4.44979153e-01
9.15527344e-02	4.29874956e-03	4.47255851e-01
9.16015625e-02	4.32064409e-03	4.49544241e-01
9.16503906e-02	4.34265065e-03	4.51844384e-01
9.16992188e-02	4.36476981e-03	4.54156340e-01
9.17480469e-02	4.38700215e-03	4.56480170e-01
9.17968750e-02	4.40934824e-03	4.58815934e-01
9.18457031e-02	4.43180868e-03	4.61163696e-01
9.18945313e-02	4.45438406e-03	4.63523516e-01
9.19433594e-02	4.47707495e-03	4.65895456e-01
9.19921875e-02	4.49988196e-03	4.68279580e-01
9.20410156e-02	4.52280567e-03	4.70675949e-01
9.20898438e-02	4.54584670e-03	4.73084628e-01
9.21386719e-02	4.56900565e-03	4.75505679e-01
9.21875000e-02	4.59228311e-03	4.77939166e-01
9.22363281e-02	4.61567970e-03	4.80385153e-01
9.22851562e-02	4.63919603e-03	4.82843704e-01
9.23339844e-02	4.66283271e-03	4.85314886e-01
9.23828125e-02	4.68659037e-03	4.87798761e-01
9.24316406e-02	4.71046962e-03	4.90295397e-01
9.24804688e-02	4.73447109e-03	4.92804858e-01
9.25292969e-02	4.75859541e-03	4.95327211e-01
9.25781250e-02	4.78284321e-03	4.97862522e-01
9.26269531e-02	4.80721512e-03	5.00410859e-01
9.26757813e-02	4.83171178e-03	5.02972287e-01
9.27246094e-02	4.85633383e-03	5.05546875e-01
9.27734375e-02	4.88108191e-03	5.08134691e-01
9.28222656e-02	4.90595668e-03	5.10735802e-01
9.28710938e-02	4.93095878e-03	5.13350278e-01
9.29199219e-02	4.95608887e-03	5.15978186e-01
9.29687500e-02	4.98134760e-03	5.18619597e-01
9.30175781e-02	5.00673565e-03	5.21274580e-01
9.30664063e-02	5.03225366e-03	5.23943205e-01
9.31152344e-02	5.05790231e-03	5.26625542e-01
9.31640625e-02	5.08368227e-03	5.29321662e-01
9.32128906e-02	5.10959422e-03	5.32031636e-01
9.32617188e-02	5.13563882e-03	5.34755535e-01
9.33105469e-02	5.16181678e-03	5.37493432e-01
9.33593750e-02	5.18812876e-03	5.40245398e-01
9.34082031e-02	5.21457546e-03	5.43011506e-01
9.34570313e-02	5.24115758e-03	5.45791829e-01
9.35058594e-02	5.26787579e-03	5.48586439e-01
9.35546875e-02	5.29473082e-03	5.51395412e-01
9.36035156e-02	5.32172336e-03	5.54218820e-01
9.36523438e-02	5.34885411e-03	5.57056739e-01
9.37011719e-02	5.37612378e-03	5.59909243e-01
9.37500000e-02	5.40353310e-03	5.62776407e-01
9.37988281e-02	5.43108278e-03	5.65658307e-01
9.38476563e-02	5.45877353e-03	5.68555019e-01
9.38964844e-02	5.48660609e-03	5.71466619e-01
9.39453125e-02	5.51458118e-03	5.74393184e-01
9.39941406e-02	5.54269954e-03	5.77334792e-01
9.40429688e-02	5.57096190e-03	5.80291519e-01
9.40917969e-02	5.59936901e-03	5.83263444e-01
9.41406250e-02	5.62792160e-03	5.86250645e-01
9.41894531e-02	5.65662042e-03	5.89253201e-01
9.42382812e-02	5.68546623e-03	5.92271191e-01
9.42871094e-02	5.71445978e-03	5.95304695e-01
9.43359375e-02	5.74360184e-03	5.98353793e-01
9.43847656e-02	5.77289315e-03	6.01418564e-01
9.44335938e-02	5.80233450e-03	6.04499091e-01
9.44824219e-02	5.83192666e-03	6.07595454e-01
9.45312500e-02	5.86167039e-03	6.10707735e-01
9.45800781e-02	5.89156647e-03	6.13836016e-01
9.46289063e-02	5.92161570e-03	6.16980380e-01
9.46777344e-02	5.95181886e-03	6.20140909e-01
9.47265625e-02	5.98217673e-03	6.23317688e-01
9.47753906e-02	6.01269013e-03	6.26510799e-01
9.48242188e-02	6.04335983e-03	6.29720327e-01
9.48730469e-02	6.07418665e-03	6.32946356e-01
9.49218750e-02	6.10517140e-03	6.36188973e-01
9.49707031e-02	6.13631489e-03	6.39448262e-01
9.50195313e-02	6.16761793e-03	6.42724309e-01
9.50683594e-02	6.19908135e-03	6.46017202e-01
9.51171875e-02	6.23070596e-03	6.49327026e-01
9.51660156e-02	6.26249261e-03	6.52653869e-01
9.52148438e-02	6.29444211e-03	6.55997819e-01
9.52636719e-02	6.32655531e-03	6.59358964e-01
9.53125000e-02	6.35883306e-03	6.62737394e-01
9.53613281e-02	6.39127618e-03	6.66133196e-01
9.54101563e-02	6.42388555e-03	6.69546462e-01
9.54589844e-02	6.45666201e-03	6.72977280e-01
9.55078125e-02	6.48960642e-03	6.76425741e-01
9.55566406e-02	6.52271964e-03	6.79891938e-01
9.56054688e-02	6.55600255e-03	6.83375960e-01
9.56542969e-02	6.58945602e-03	6.86877900e-01
9.57031250e-02	6.62308091e-03	6.90397851e-01
9.57519531e-02	6.65687812e-03	6.93935905e-01
9.58007813e-02	6.69084853e-03	6.97492156e-01
9.58496094e-02	6.72499304e-03	7.01066697e-01
9.58984375e-02	6.75931253e-03	7.04659624e-01
9.59472656e-02	6.79380790e-03	7.08271031e-01
9.59960938e-02	6.82848007e-03	7.11901013e-01
9.60449219e-02	6.86332994e-03	7.15549667e-01
9.60937500e-02	6.89835843e-03	7.19217088e-01
9.61425781e-02	6.93356645e-03	7.22903374e-01
9.61914062e-02	6.96895492e-03	7.26608622e-01
9.62402344e-02	7.00452479e-03	7.30332929e-01
9.62890625e-02	7.04027697e-03	7.34076395e-01
9.63378906e-02	7.07621240e-03	7.37839117e-01
9.63867188e-02	7.11233204e-03	7.41621197e-01
9.64355469e-02	7.14863682e-03	7.45422732e-01
9.64843750e-02	7.18512771e-03	7.49243825e-01
9.65332031e-02	7.22180565e-03	7.53084575e-01
9.65820313e-02	7.25867161e-03	7.56945085e-01
9.66308594e-02	7.29572655e-03	7.60825455e-01
9.66796875e-02	7.33297145e-03	7.64725790e-01
9.67285156e-02	7.37040729e-03	7.68646192e-01
9.67773438e-02	7.40803505e-03	7.72586764e-01
9.68261719e-02	7.44585571e-03	7.76547611e-01
9.68750000e-02	7.48387028e-03	7.80528837e-01
9.69238281e-02	7.52207973e-03	7.84530547e-01
9.69726563e-02	7.56048509e-03	7.88552848e-01
9.70214844e-02	7.59908735e-03	7.92595846e-01
9.70703125e-02	7.63788754e-03	7.96659647e-01
9.71191406e-02	7.67688666e-03	8.00744360e-01
9.71679688e-02	7.71608574e-03	8.04850091e-01
9.72167969e-02	7.75548581e-03	8.08976949e-01
9.72656250e-02	7.79508791e-03	8.13125045e-01
9.73144531e-02	7.83489308e-03	8.17294486e-01
9.73632813e-02	7.87490235e-03	8.21485384e-01
9.74121094e-02	7.91511679e-03	8.25697850e-01
9.74609375e-02	7.95553744e-03	8.29931994e-01
9.75097656e-02	7.99616537e-03	8.34187929e-01
9.75585938e-02	8.03700164e-03	8.38465767e-01
9.76074219e-02	8.07804733e-03	8.42765621e-01
9.76562500e-02	8.11930351e-03	8.47087606e-01
9.77050781e-02	8.16077127e-03	8.51431835e-01
9.77539063e-02	8.20245169e-03	8.55798423e-01
9.78027344e-02	8.24434588e-03	8.60187486e-01
9.78515625e-02	8.28645493e-03	8.64599140e-01
9.79003906e-02	8.32877995e-03	8.69033502e-01
9.79492188e-02	8.37132204e-03	8.73490688e-01
9.79980469e-02	8.41408233e-03	8.77970817e-01
9.80468750e-02	8.45706194e-03	8.82474008e-01
9.80957031e-02	8.50026200e-03	8.87000380e-01
9.81445312e-02	8.54368364e-03	8.91550051e-01
9.81933594e-02	8.58732800e-03	8.96123143e-01
9.82421875e-02	8.63119624e-03	9.00719777e-01
9.82910156e-02	8.67528950e-03	9.05340075e-01
9.83398438e-02	8.71960894e-03	9.09984158e-01
9.83886719e-02	8.76415572e-03	9.14652149e-01
9.84375000e-02	8.80893102e-03	9.19344172e-01
9.84863281e-02	8.85393602e-03	9.24060352e-01
9.85351563e-02	8.89917188e-03	9.28800813e-01
9.85839844e-02	8.94463982e-03	9.33565680e-01
9.86328125e-02	8.99034101e-03	9.38355080e-01
9.86816406e-02	9.03627666e-03	9.43169140e-01
9.87304688e-02	9.08244797e-03	9.48007986e-01
9.87792969e-02	9.12885617e-03	9.52871748e-01
9.88281250e-02	9.17550247e-03	9.57760553e-01
9.88769531e-02	9.22238809e-03	9.62674532e-01
9.89257813e-02	9.26951427e-03	9.67613814e-01
9.89746094e-02	9.31688225e-03	9.72578530e-01
9.90234375e-02	9.36449327e-03	9.77568812e-01
9.90722656e-02	9.41234858e-03	9.82584791e-01
9.91210938e-02	9.46044944e-03	9.87626601e-01
9.91699219e-02	9.50879712e-03	9.92694376e-01
9.92187500e-02	9.55739289e-03	9.97788249e-01
9.92675781e-02	9.60623802e-03	1.00290835e+00
9.93164063e-02	9.65533380e-03	1.00805483e+00
9.93652344e-02	9.70468152e-03	1.01322781e+00
9.94140625e-02	9.75428248e-03	1.01842743e+00
9.94628906e-02	9.80413798e-03	1.02365384e+00
9.95117188e-02	9.85424933e-03	1.02890716e+00
9.95605469e-02	9.90461786e-03	1.03418754e+00
9.96093750e-02	9.95524487e-03	1.03949511e+00
9.96582031e-02	1.00061317e-02	1.04483003e+00
9.97070313e-02	1.00572797e-02	1.05019242e+00
9.97558594e-02	1.01086902e-02	1.05558244e+00
9.98046875e-02	1.01603646e-02	1.06100022e+00
9.98535156e-02	1.02123042e-02	1.06644591e+00
9.99023438e-02	1.02645104e-02	1.07191965e+00
9.99511719e-02	1.03169846e-02	1.07742159e+00
1.00000000e-01	1.03697281e-02	1.08295188e+00
