0.00000000e+00	0.00000000e+00	1.76435988e+00
4.88281250e-06	8.61503908e-06	1.76436013e+00
9.76562500e-06	1.72300802e-05	1.76436071e+00
1.46484375e-05	2.58451251e-05	1.76436167e+00
1.95312500e-05	3.44601755e-05	1.76436300e+00
2.44140625e-05	4.30752334e-05	1.76436472e+00
2.92968750e-05	5.16903007e-05	1.76436682e+00
3.41796875e-05	6.03053791e-05	1.76436930e+00
3.90625000e-05	6.89204705e-05	1.76437215e+00
4.39453125e-05	7.75355768e-05	1.76437539e+00
4.88281250e-05	8.61506999e-05	1.76437901e+00
5.37109375e-05	9.47658416e-05	1.76438302e+00
5.85937500e-05	1.03381004e-04	1.76438740e+00
6.34765625e-05	1.11996188e-04	1.76439216e+00
6.83593750e-05	1.20611397e-04	1.76439730e+00
7.32421875e-05	1.29226631e-04	1.76440283e+00
7.81250000e-05	1.37841894e-04	1.76440873e+00
8.30078125e-05	1.46457186e-04	1.76441502e+00
8.78906250e-05	1.55072510e-04	1.76442168e+00
9.27734375e-05	1.63687868e-04	1.76442873e+00
9.76562500e-05	1.72303261e-04	1.76443616e+00
1.02539062e-04	1.80918691e-04	1.76444397e+00
1.07421875e-04	1.89534160e-04	1.76445216e+00
1.12304688e-04	1.98149670e-04	1.76446073e+00
1.17187500e-04	2.06765222e-04	1.76446968e+00
1.22070312e-04	2.15380820e-04	1.76447901e+00
1.26953125e-04	2.23996464e-04	1.76448873e+00
1.31835938e-04	2.32612156e-04	1.76449882e+00
1.36718750e-04	2.41227898e-04	1.76450930e+00
1.41601562e-04	2.49843693e-04	1.76452015e+00
1.46484375e-04	2.58459542e-04	1.76453139e+00
1.51367187e-04	2.67075446e-04	1.76454301e+00
1.56250000e-04	2.75691408e-04	1.76455501e+00
1.61132813e-04	2.84307429e-04	1.76456739e+00
1.66015625e-04	2.92923512e-04	1.76458015e+00
1.70898438e-04	3.01539658e-04	1.76459329e+00
1.75781250e-04	3.10155869e-04	1.76460681e+00
1.80664062e-04	3.18772147e-04	1.76462071e+00
1.85546875e-04	3.27388494e-04	1.76463500e+00
1.90429688e-04	3.36004912e-04	1.76464966e+00
1.95312500e-04	3.44621402e-04	1.76466471e+00
2.00195313e-04	3.53237967e-04	1.76468014e+00
2.05078125e-04	3.61854608e-04	1.76469595e+00
2.09960937e-04	3.70471327e-04	1.76471214e+00
2.14843750e-04	3.79088126e-04	1.76472871e+00
2.19726563e-04	3.87705006e-04	1.76474566e+00
2.24609375e-04	3.96321971e-04	1.76476299e+00
2.29492188e-04	4.04939021e-04	1.76478070e+00
2.34375000e-04	4.13556158e-04	1.76479880e+00
2.39257812e-04	4.22173385e-04	1.76481727e+00
2.44140625e-04	4.30790703e-04	1.76483613e+00
2.49023438e-04	4.39408114e-04	1.76485536e+00
2.53906250e-04	4.48025619e-04	1.76487498e+00
2.58789063e-04	4.56643222e-04	1.76489498e+00
2.63671875e-04	4.65260923e-04	1.76491536e+00
2.68554688e-04	4.73878724e-04	1.76493612e+00
2.73437500e-04	4.82496628e-04	1.76495727e+00
2.78320313e-04	4.91114636e-04	1.76497879e+00
2.83203125e-04	4.99732750e-04	1.76500069e+00
2.88085937e-04	5.08350972e-04	1.76502298e+00
2.92968750e-04	5.16969304e-04	1.76504564e+00
2.97851562e-04	5.25587747e-04	1.76506869e+00
3.02734375e-04	5.34206303e-04	1.76509212e+00
3.07617188e-04	5.42824975e-04	1.76511593e+00
3.12500000e-04	5.51443765e-04	1.76514012e+00
3.17382813e-04	5.60062673e-04	1.76516469e+00
3.22265625e-04	5.68681702e-04	1.76518964e+00
3.27148438e-04	5.77300854e-04	1.76521498e+00
3.32031250e-04	5.85920130e-04	1.76524069e+00
3.36914063e-04	5.94539533e-04	1.76526679e+00
3.41796875e-04	6.03159065e-04	1.76529327e+00
3.46679687e-04	6.11778726e-04	1.76532012e+00
3.51562500e-04	6.20398520e-04	1.76534736e+00
3.56445312e-04	6.29018448e-04	1.76537498e+00
3.61328125e-04	6.37638511e-04	1.76540299e+00
3.66210938e-04	6.46258712e-04	1.76543137e+00
3.71093750e-04	6.54879053e-04	1.76546013e+00
3.75976563e-04	6.63499535e-04	1.76548928e+00
3.80859375e-04	6.72120160e-04	1.76551880e+00
3.85742188e-04	6.80740930e-04	1.76554871e+00
3.90625000e-04	6.89361848e-04	1.76557900e+00
3.95507813e-04	6.97982914e-04	1.76560967e+00
4.00390625e-04	7.06604130e-04	1.76564072e+00
4.05273438e-04	7.15225500e-04	1.76567215e+00
4.10156250e-04	7.23847023e-04	1.76570397e+00
4.15039062e-04	7.32468703e-04	1.76573616e+00
4.19921875e-04	7.41090542e-04	1.76576874e+00
4.24804687e-04	7.49712540e-04	1.76580169e+00
4.29687500e-04	7.58334700e-04	1.76583503e+00
4.34570313e-04	7.66957023e-04	1.76586875e+00
4.39453125e-04	7.75579513e-04	1.76590285e+00
4.44335938e-04	7.84202169e-04	1.76593733e+00
4.49218750e-04	7.92824995e-04	1.76597220e+00
4.54101563e-04	8.01447992e-04	1.76600744e+00
4.58984375e-04	8.10071163e-04	1.76604307e+00
4.63867188e-04	8.18694508e-04	1.76607908e+00
4.68750000e-04	8.27318030e-04	1.76611546e+00
4.73632812e-04	8.35941730e-04	1.76615223e+00
4.78515625e-04	8.44565611e-04	1.76618938e+00
4.83398437e-04	8.53189674e-04	1.76622692e+00
4.88281250e-04	8.61813922e-04	1.76626483e+00
4.93164063e-04	8.70438355e-04	1.76630313e+00
4.98046875e-04	8.79062976e-04	1.76634180e+00
5.02929688e-04	8.87687788e-04	1.76638086e+00
5.07812500e-04	8.96312790e-04	1.76642030e+00
5.12695313e-04	9.04937987e-04	1.76646012e+00
5.17578125e-04	9.13563379e-04	1.76650032e+00
5.22460938e-04	9.22188967e-04	1.76654091e+00
5.27343750e-04	9.30814756e-04	1.76658187e+00
5.32226563e-04	9.39440745e-04	1.76662322e+00
5.37109375e-04	9.48066936e-04	1.76666495e+00
5.41992188e-04	9.56693333e-04	1.76670706e+00
5.46875000e-04	9.65319936e-04	1.76674955e+00
5.51757813e-04	9.73946747e-04	1.76679242e+00
5.56640625e-04	9.82573769e-04	1.76683567e+00
5.61523438e-04	9.91201003e-04	1.76687931e+00
5.66406250e-04	9.99828451e-04	1.76692332e+00
5.71289062e-04	1.00845611e-03	1.76696772e+00
5.76171875e-04	1.01708400e-03	1.76701250e+00
5.81054687e-04	1.02571210e-03	1.76705766e+00
5.85937500e-04	1.03434042e-03	1.76710321e+00
5.90820312e-04	1.04296896e-03	1.76714913e+00
5.95703125e-04	1.05159774e-03	1.76719544e+00
6.00585937e-04	1.06022673e-03	1.76724212e+00
6.05468750e-04	1.06885596e-03	1.76728919e+00
6.10351562e-04	1.07748542e-03	1.76733665e+00
6.15234375e-04	1.08611511e-03	1.76738448e+00
6.20117188e-04	1.09474503e-03	1.76743269e+00
6.25000000e-04	1.10337519e-03	1.76748129e+00
6.29882813e-04	1.11200559e-03	1.76753026e+00
6.34765625e-04	1.12063623e-03	1.76757962e+00
6.39648438e-04	1.12926711e-03	1.76762936e+00
6.44531250e-04	1.13789824e-03	1.76767949e+00
6.49414063e-04	1.14652961e-03	1.76772999e+00
6.54296875e-04	1.15516123e-03	1.76778088e+00
6.59179688e-04	1.16379310e-03	1.76783215e+00
6.64062500e-04	1.17242522e-03	1.76788379e+00
6.68945313e-04	1.18105759e-03	1.76793583e+00
6.73828125e-04	1.18969021e-03	1.76798824e+00
6.78710938e-04	1.19832310e-03	1.76804103e+00
6.83593750e-04	1.20695624e-03	1.76809421e+00
6.88476562e-04	1.21558964e-03	1.76814777e+00
6.93359375e-04	1.22422331e-03	1.76820171e+00
6.98242187e-04	1.23285724e-03	1.76825603e+00
7.03125000e-04	1.24149144e-03	1.76831073e+00
7.08007812e-04	1.25012590e-03	1.76836582e+00
7.12890625e-04	1.25876063e-03	1.76842129e+00
7.17773437e-04	1.26739564e-03	1.76847714e+00
7.22656250e-04	1.27603092e-03	1.76853337e+00
7.27539062e-04	1.28466648e-03	1.76858998e+00
7.32421875e-04	1.29330231e-03	1.76864698e+00
7.37304688e-04	1.30193842e-03	1.76870435e+00
7.42187500e-04	1.31057481e-03	1.76876211e+00
7.47070313e-04	1.31921149e-03	1.76882025e+00
7.51953125e-04	1.32784845e-03	1.76887878e+00
7.56835938e-04	1.33648570e-03	1.76893768e+00
7.61718750e-04	1.34512323e-03	1.76899697e+00
7.66601563e-04	1.35376106e-03	1.76905664e+00
7.71484375e-04	1.36239918e-03	1.76911669e+00
7.76367188e-04	1.37103759e-03	1.76917712e+00
7.81250000e-04	1.37967630e-03	1.76923794e+00
7.86132813e-04	1.38831530e-03	1.76929914e+00
7.91015625e-04	1.39695461e-03	1.76936072e+00
7.95898438e-04	1.40559422e-03	1.76942268e+00
8.00781250e-04	1.41423413e-03	1.76948502e+00
8.05664063e-04	1.42287435e-03	1.76954775e+00
8.10546875e-04	1.43151487e-03	1.76961086e+00
8.15429687e-04	1.44015570e-03	1.76967435e+00
8.20312500e-04	1.44879685e-03	1.76973822e+00
8.25195312e-04	1.45743830e-03	1.76980247e+00
8.30078125e-04	1.46608008e-03	1.76986711e+00
8.34960937e-04	1.47472216e-03	1.76993213e+00
8.39843750e-04	1.48336457e-03	1.76999753e+00
8.44726562e-04	1.49200730e-03	1.77006332e+00
8.49609375e-04	1.50065035e-03	1.77012948e+00
8.54492188e-04	1.50929372e-03	1.77019603e+00
8.59375000e-04	1.51793742e-03	1.77026296e+00
8.64257813e-04	1.52658144e-03	1.77033027e+00
8.69140625e-04	1.53522580e-03	1.77039797e+00
8.74023438e-04	1.54387049e-03	1.77046605e+00
8.78906250e-04	1.55251551e-03	1.77053451e+00
8.83789063e-04	1.56116086e-03	1.77060335e+00
8.88671875e-04	1.56980656e-03	1.77067258e+00
8.93554688e-04	1.57845259e-03	1.77074218e+00
8.98437500e-04	1.58709896e-03	1.77081217e+00
9.03320313e-04	1.59574568e-03	1.77088255e+00
9.08203125e-04	1.60439274e-03	1.77095330e+00
9.13085938e-04	1.61304014e-03	1.77102444e+00
9.17968750e-04	1.62168790e-03	1.77109596e+00
9.22851563e-04	1.63033600e-03	1.77116786e+00
9.27734375e-04	1.63898446e-03	1.77124015e+00
9.32617188e-04	1.64763327e-03	1.77131281e+00
9.37500000e-04	1.65628244e-03	1.77138587e+00
9.42382812e-04	1.66493196e-03	1.77145930e+00
9.47265625e-04	1.67358185e-03	1.77153311e+00
9.52148437e-04	1.68223209e-03	1.77160731e+00
9.57031250e-04	1.69088270e-03	1.77168189e+00
9.61914062e-04	1.69953367e-03	1.77175686e+00
9.66796875e-04	1.70818501e-03	1.77183220e+00
9.71679687e-04	1.71683672e-03	1.77190793e+00
9.76562500e-04	1.72548880e-03	1.77198405e+00
9.81445313e-04	1.73414126e-03	1.77206054e+00
9.86328125e-04	1.74279408e-03	1.77213742e+00
9.91210938e-04	1.75144729e-03	1.77221468e+00
9.96093750e-04	1.76010087e-03	1.77229232e+00
1.00097656e-03	1.76875483e-03	1.77237035e+00
1.00585938e-03	1.77740917e-03	1.77244876e+00
1.01074219e-03	1.78606390e-03	1.77252755e+00
1.01562500e-03	1.79471901e-03	1.77260672e+00
1.02050781e-03	1.80337451e-03	1.77268628e+00
1.02539063e-03	1.81203040e-03	1.77276622e+00
1.03027344e-03	1.82068669e-03	1.77284655e+00
1.03515625e-03	1.82934336e-03	1.77292725e+00
1.04003906e-03	1.83800043e-03	1.77300834e+00
1.04492188e-03	1.84665790e-03	1.77308981e+00
1.04980469e-03	1.85531576e-03	1.77317167e+00
1.05468750e-03	1.86397403e-03	1.77325391e+00
1.05957031e-03	1.87263269e-03	1.77333653e+00
1.06445313e-03	1.88129177e-03	1.77341954e+00
1.06933594e-03	1.88995125e-03	1.77350292e+00
1.07421875e-03	1.89861113e-03	1.77358670e+00
1.07910156e-03	1.90727143e-03	1.77367085e+00
1.08398438e-03	1.91593214e-03	1.77375539e+00
1.08886719e-03	1.92459326e-03	1.77384031e+00
1.09375000e-03	1.93325480e-03	1.77392561e+00
1.09863281e-03	1.94191675e-03	1.77401130e+00
1.10351563e-03	1.95057913e-03	1.77409737e+00
1.10839844e-03	1.95924192e-03	1.77418382e+00
1.11328125e-03	1.96790514e-03	1.77427066e+00
1.11816406e-03	1.97656879e-03	1.77435788e+00
1.12304688e-03	1.98523286e-03	1.77444549e+00
1.12792969e-03	1.99389736e-03	1.77453347e+00
1.13281250e-03	2.00256229e-03	1.77462185e+00
1.13769531e-03	2.01122765e-03	1.77471060e+00
1.14257812e-03	2.01989345e-03	1.77479974e+00
1.14746094e-03	2.02855968e-03	1.77488926e+00
1.15234375e-03	2.03722635e-03	1.77497916e+00
1.15722656e-03	2.04589346e-03	1.77506945e+00
1.16210937e-03	2.05456101e-03	1.77516012e+00
1.16699219e-03	2.06322901e-03	1.77525118e+00
1.17187500e-03	2.07189745e-03	1.77534262e+00
1.17675781e-03	2.08056634e-03	1.77543444e+00
1.18164062e-03	2.08923568e-03	1.77552665e+00
1.18652344e-03	2.09790547e-03	1.77561924e+00
1.19140625e-03	2.10657571e-03	1.77571221e+00
1.19628906e-03	2.11524641e-03	1.77580557e+00
1.20117187e-03	2.12391756e-03	1.77589931e+00
1.20605469e-03	2.13258918e-03	1.77599343e+00
1.21093750e-03	2.14126125e-03	1.77608794e+00
1.21582031e-03	2.14993379e-03	1.77618283e+00
1.22070312e-03	2.15860679e-03	1.77627811e+00
1.22558594e-03	2.16728025e-03	1.77637377e+00
1.23046875e-03	2.17595419e-03	1.77646981e+00
1.23535156e-03	2.18462859e-03	1.77656624e+00
1.24023438e-03	2.19330347e-03	1.77666305e+00
1.24511719e-03	2.20197882e-03	1.77676025e+00
1.25000000e-03	2.21065464e-03	1.77685783e+00
1.25488281e-03	2.21933095e-03	1.77695579e+00
1.25976563e-03	2.22800773e-03	1.77705414e+00
1.26464844e-03	2.23668499e-03	1.77715287e+00
1.26953125e-03	2.24536274e-03	1.77725199e+00
1.27441406e-03	2.25404097e-03	1.77735148e+00
1.27929688e-03	2.26271969e-03	1.77745137e+00
1.28417969e-03	2.27139889e-03	1.77755164e+00
1.28906250e-03	2.28007859e-03	1.77765229e+00
1.29394531e-03	2.28875878e-03	1.77775333e+00
1.29882813e-03	2.29743946e-03	1.77785475e+00
1.30371094e-03	2.30612064e-03	1.77795655e+00
1.30859375e-03	2.31480232e-03	1.77805874e+00
1.31347656e-03	2.32348450e-03	1.77816131e+00
1.31835938e-03	2.33216718e-03	1.77826427e+00
1.32324219e-03	2.34085036e-03	1.77836761e+00
1.32812500e-03	2.34953405e-03	1.77847134e+00
1.33300781e-03	2.35821825e-03	1.77857545e+00
1.33789063e-03	2.36690295e-03	1.77867994e+00
1.34277344e-03	2.37558817e-03	1.77878482e+00
1.34765625e-03	2.38427390e-03	1.77889009e+00
1.35253906e-03	2.39296014e-03	1.77899574e+00
1.35742188e-03	2.40164691e-03	1.77910177e+00
1.36230469e-03	2.41033419e-03	1.77920819e+00
1.36718750e-03	2.41902199e-03	1.77931499e+00
1.37207031e-03	2.42771031e-03	1.77942218e+00
1.37695312e-03	2.43639916e-03	1.77952975e+00
1.38183594e-03	2.44508853e-03	1.77963770e+00
1.38671875e-03	2.45377843e-03	1.77974604e+00
1.39160156e-03	2.46246886e-03	1.77985477e+00
1.39648437e-03	2.47115983e-03	1.77996388e+00
1.40136719e-03	2.47985133e-03	1.78007337e+00
1.40625000e-03	2.48854336e-03	1.78018325e+00
1.41113281e-03	2.49723593e-03	1.78029352e+00
1.41601562e-03	2.50592904e-03	1.78040417e+00
1.42089844e-03	2.51462269e-03	1.78051520e+00
1.42578125e-03	2.52331688e-03	1.78062662e+00
1.43066406e-03	2.53201162e-03	1.78073843e+00
1.43554687e-03	2.54070691e-03	1.78085061e+00
1.44042969e-03	2.54940274e-03	1.78096319e+00
1.44531250e-03	2.55809913e-03	1.78107615e+00
1.45019531e-03	2.56679606e-03	1.78118949e+00
1.45507812e-03	2.57549356e-03	1.78130322e+00
1.45996094e-03	2.58419160e-03	1.78141733e+00
1.46484375e-03	2.59289021e-03	1.78153183e+00
1.46972656e-03	2.60158938e-03	1.78164672e+00
1.47460938e-03	2.61028911e-03	1.78176199e+00
1.47949219e-03	2.61898940e-03	1.78187764e+00
1.48437500e-03	2.62769026e-03	1.78199368e+00
1.48925781e-03	2.63639168e-03	1.78211011e+00
1.49414063e-03	2.64509368e-03	1.78222692e+00
1.49902344e-03	2.65379624e-03	1.78234411e+00
1.50390625e-03	2.66249938e-03	1.78246170e+00
1.50878906e-03	2.67120309e-03	1.78257966e+00
1.51367188e-03	2.67990739e-03	1.78269801e+00
1.51855469e-03	2.68861226e-03	1.78281675e+00
1.52343750e-03	2.69731771e-03	1.78293587e+00
1.52832031e-03	2.70602374e-03	1.78305538e+00
1.53320313e-03	2.71473036e-03	1.78317528e+00
1.53808594e-03	2.72343756e-03	1.78329556e+00
1.54296875e-03	2.73214535e-03	1.78341622e+00
1.54785156e-03	2.74085374e-03	1.78353727e+00
1.55273438e-03	2.74956271e-03	1.78365871e+00
1.55761719e-03	2.75827228e-03	1.78378053e+00
1.56250000e-03	2.76698244e-03	1.78390274e+00
1.56738281e-03	2.77569321e-03	1.78402533e+00
1.57226563e-03	2.78440457e-03	1.78414831e+00
1.57714844e-03	2.79311653e-03	1.78427168e+00
1.58203125e-03	2.80182910e-03	1.78439543e+00
1.58691406e-03	2.81054227e-03	1.78451956e+00
1.59179688e-03	2.81925605e-03	1.78464409e+00
1.59667969e-03	2.82797043e-03	1.78476900e+00
1.60156250e-03	2.83668543e-03	1.78489429e+00
1.60644531e-03	2.84540104e-03	1.78501997e+00
1.61132813e-03	2.85411727e-03	1.78514604e+00
1.61621094e-03	2.86283411e-03	1.78527249e+00
1.62109375e-03	2.87155157e-03	1.78539933e+00
1.62597656e-03	2.88026965e-03	1.78552655e+00
1.63085937e-03	2.88898835e-03	1.78565416e+00
1.63574219e-03	2.89770768e-03	1.78578216e+00
1.64062500e-03	2.90642763e-03	1.78591055e+00
1.64550781e-03	2.91514822e-03	1.78603931e+00
1.65039062e-03	2.92386943e-03	1.78616847e+00
1.65527344e-03	2.93259127e-03	1.78629801e+00
1.66015625e-03	2.94131374e-03	1.78642794e+00
1.66503906e-03	2.95003685e-03	1.78655826e+00
1.66992187e-03	2.95876060e-03	1.78668896e+00
1.67480469e-03	2.96748499e-03	1.78682004e+00
1.67968750e-03	2.97621002e-03	1.78695152e+00
1.68457031e-03	2.98493569e-03	1.78708338e+00
1.68945312e-03	2.99366200e-03	1.78721563e+00
1.69433594e-03	3.00238897e-03	1.78734826e+00
1.69921875e-03	3.01111658e-03	1.78748128e+00
1.70410156e-03	3.01984484e-03	1.78761469e+00
1.70898438e-03	3.02857375e-03	1.78774848e+00
1.71386719e-03	3.03730332e-03	1.78788266e+00
1.71875000e-03	3.04603355e-03	1.78801723e+00
1.72363281e-03	3.05476443e-03	1.78815218e+00
1.72851563e-03	3.06349597e-03	1.78828752e+00
1.73339844e-03	3.07222818e-03	1.78842325e+00
1.73828125e-03	3.08096104e-03	1.78855936e+00
1.74316406e-03	3.08969458e-03	1.78869587e+00
1.74804688e-03	3.09842878e-03	1.78883275e+00
1.75292969e-03	3.10716365e-03	1.78897003e+00
1.75781250e-03	3.11589919e-03	1.78910769e+00
1.76269531e-03	3.12463540e-03	1.78924574e+00
1.76757813e-03	3.13337229e-03	1.78938418e+00
1.77246094e-03	3.14210986e-03	1.78952300e+00
1.77734375e-03	3.15084810e-03	1.78966221e+00
1.78222656e-03	3.15958703e-03	1.78980181e+00
1.78710938e-03	3.16832664e-03	1.78994179e+00
1.79199219e-03	3.17706693e-03	1.79008216e+00
1.79687500e-03	3.18580791e-03	1.79022292e+00
1.80175781e-03	3.19454958e-03	1.79036407e+00
1.80664063e-03	3.20329194e-03	1.79050560e+00
1.81152344e-03	3.21203498e-03	1.79064752e+00
1.81640625e-03	3.22077873e-03	1.79078983e+00
1.82128906e-03	3.22952317e-03	1.79093253e+00
1.82617188e-03	3.23826830e-03	1.79107561e+00
1.83105469e-03	3.24701414e-03	1.79121908e+00
1.83593750e-03	3.25576068e-03	1.79136294e+00
1.84082031e-03	3.26450792e-03	1.79150719e+00
1.84570313e-03	3.27325587e-03	1.79165182e+00
1.85058594e-03	3.28200452e-03	1.79179684e+00
1.85546875e-03	3.29075389e-03	1.79194225e+00
1.86035156e-03	3.29950396e-03	1.79208805e+00
1.86523438e-03	3.30825475e-03	1.79223424e+00
1.87011719e-03	3.31700625e-03	1.79238081e+00
1.87500000e-03	3.32575847e-03	1.79252777e+00
1.87988281e-03	3.33451140e-03	1.79267512e+00
1.88476562e-03	3.34326506e-03	1.79282285e+00
1.88964844e-03	3.35201944e-03	1.79297098e+00
1.89453125e-03	3.36077454e-03	1.79311949e+00
1.89941406e-03	3.36953037e-03	1.79326839e+00
1.90429687e-03	3.37828693e-03	1.79341768e+00
1.90917969e-03	3.38704422e-03	1.79356735e+00
1.91406250e-03	3.39580224e-03	1.79371742e+00
1.91894531e-03	3.40456099e-03	1.79386787e+00
1.92382812e-03	3.41332048e-03	1.79401871e+00
1.92871094e-03	3.42208071e-03	1.79416994e+00
1.93359375e-03	3.43084167e-03	1.79432156e+00
1.93847656e-03	3.43960338e-03	1.79447356e+00
1.94335937e-03	3.44836583e-03	1.79462596e+00
1.94824219e-03	3.45712902e-03	1.79477874e+00
1.95312500e-03	3.46589296e-03	1.79493191e+00
1.95800781e-03	3.47465766e-03	1.79508547e+00
1.96289063e-03	3.48342310e-03	1.79523942e+00
1.96777344e-03	3.49218929e-03	1.79539376e+00
1.97265625e-03	3.50095624e-03	1.79554848e+00
1.97753906e-03	3.50972395e-03	1.79570360e+00
1.98242188e-03	3.51849241e-03	1.79585910e+00
1.98730469e-03	3.52726163e-03	1.79601499e+00
1.99218750e-03	3.53603162e-03	1.79617127e+00
1.99707031e-03	3.54480237e-03	1.79632794e+00
2.00195312e-03	3.55357389e-03	1.79648500e+00
2.00683594e-03	3.56234617e-03	1.79664244e+00
2.01171875e-03	3.57111922e-03	1.79680028e+00
2.01660156e-03	3.57989305e-03	1.79695850e+00
2.02148437e-03	3.58866765e-03	1.79711711e+00
2.02636719e-03	3.59744302e-03	1.79727612e+00
2.03125000e-03	3.60621917e-03	1.79743551e+00
2.03613281e-03	3.61499610e-03	1.79759529e+00
2.04101562e-03	3.62377381e-03	1.79775546e+00
2.04589844e-03	3.63255231e-03	1.79791602e+00
2.05078125e-03	3.64133159e-03	1.79807696e+00
2.05566406e-03	3.65011166e-03	1.79823830e+00
2.06054687e-03	3.65889251e-03	1.79840003e+00
2.06542969e-03	3.66767416e-03	1.79856214e+00
2.07031250e-03	3.67645660e-03	1.79872465e+00
2.07519531e-03	3.68523983e-03	1.79888754e+00
2.08007812e-03	3.69402386e-03	1.79905083e+00
2.08496094e-03	3.70280868e-03	1.79921450e+00
2.08984375e-03	3.71159431e-03	1.79937856e+00
2.09472656e-03	3.72038074e-03	1.79954302e+00
2.09960937e-03	3.72916798e-03	1.79970786e+00
2.10449219e-03	3.73795601e-03	1.79987309e+00
2.10937500e-03	3.74674486e-03	1.80003871e+00
2.11425781e-03	3.75553452e-03	1.80020472e+00
2.11914062e-03	3.76432499e-03	1.80037113e+00
2.12402344e-03	3.77311627e-03	1.80053792e+00
2.12890625e-03	3.78190837e-03	1.80070510e+00
2.13378906e-03	3.79070128e-03	1.80087267e+00
2.13867187e-03	3.79949501e-03	1.80104063e+00
2.14355469e-03	3.80828957e-03	1.80120898e+00
2.14843750e-03	3.81708495e-03	1.80137772e+00
2.15332031e-03	3.82588115e-03	1.80154685e+00
2.15820312e-03	3.83467818e-03	1.80171637e+00
2.16308594e-03	3.84347604e-03	1.80188628e+00
2.16796875e-03	3.85227473e-03	1.80205659e+00
2.17285156e-03	3.86107425e-03	1.80222728e+00
2.17773437e-03	3.86987460e-03	1.80239836e+00
2.18261719e-03	3.87867579e-03	1.80256983e+00
2.18750000e-03	3.88747782e-03	1.80274169e+00
2.19238281e-03	3.89628069e-03	1.80291395e+00
2.19726562e-03	3.90508441e-03	1.80308659e+00
2.20214844e-03	3.91388896e-03	1.80325963e+00
2.20703125e-03	3.92269436e-03	1.80343305e+00
2.21191406e-03	3.93150061e-03	1.80360687e+00
2.21679688e-03	3.94030771e-03	1.80378107e+00
2.22167969e-03	3.94911567e-03	1.80395567e+00
2.22656250e-03	3.95792447e-03	1.80413065e+00
2.23144531e-03	3.96673413e-03	1.80430603e+00
2.23632813e-03	3.97554465e-03	1.80448180e+00
2.24121094e-03	3.98435602e-03	1.80465796e+00
2.24609375e-03	3.99316826e-03	1.80483451e+00
2.25097656e-03	4.00198136e-03	1.80501145e+00
2.25585938e-03	4.01079533e-03	1.80518879e+00
2.26074219e-03	4.01961016e-03	1.80536651e+00
2.26562500e-03	4.02842586e-03	1.80554462e+00
2.27050781e-03	4.03724243e-03	1.80572313e+00
2.27539063e-03	4.04605988e-03	1.80590203e+00
2.28027344e-03	4.05487819e-03	1.80608131e+00
2.28515625e-03	4.06369739e-03	1.80626099e+00
2.29003906e-03	4.07251746e-03	1.80644106e+00
2.29492188e-03	4.08133842e-03	1.80662153e+00
2.29980469e-03	4.09016025e-03	1.80680238e+00
2.30468750e-03	4.09898297e-03	1.80698362e+00
2.30957031e-03	4.10780658e-03	1.80716526e+00
2.31445313e-03	4.11663107e-03	1.80734729e+00
2.31933594e-03	4.12545645e-03	1.80752971e+00
2.32421875e-03	4.13428273e-03	1.80771252e+00
2.32910156e-03	4.14310990e-03	1.80789572e+00
2.33398438e-03	4.15193796e-03	1.80807932e+00
2.33886719e-03	4.16076692e-03	1.80826330e+00
2.34375000e-03	4.16959678e-03	1.80844768e+00
2.34863281e-03	4.17842755e-03	1.80863245e+00
2.35351563e-03	4.18725921e-03	1.80881761e+00
2.35839844e-03	4.19609178e-03	1.80900316e+00
2.36328125e-03	4.20492526e-03	1.80918911e+00
2.36816406e-03	4.21375965e-03	1.80937545e+00
2.37304688e-03	4.22259494e-03	1.80956218e+00
2.37792969e-03	4.23143115e-03	1.80974930e+00
2.38281250e-03	4.24026828e-03	1.80993681e+00
2.38769531e-03	4.24910632e-03	1.81012472e+00
2.39257813e-03	4.25794528e-03	1.81031302e+00
2.39746094e-03	4.26678516e-03	1.81050171e+00
2.40234375e-03	4.27562596e-03	1.81069079e+00
2.40722656e-03	4.28446768e-03	1.81088027e+00
2.41210938e-03	4.29331034e-03	1.81107013e+00
2.41699219e-03	4.30215392e-03	1.81126039e+00
2.42187500e-03	4.31099843e-03	1.81145105e+00
2.42675781e-03	4.31984387e-03	1.81164209e+00
2.43164063e-03	4.32869025e-03	1.81183353e+00
2.43652344e-03	4.33753756e-03	1.81202536e+00
2.44140625e-03	4.34638581e-03	1.81221758e+00
2.44628906e-03	4.35523500e-03	1.81241020e+00
2.45117188e-03	4.36408513e-03	1.81260321e+00
2.45605469e-03	4.37293620e-03	1.81279661e+00
2.46093750e-03	4.38178822e-03	1.81299041e+00
2.46582031e-03	4.39064119e-03	1.81318459e+00
2.47070313e-03	4.39949510e-03	1.81337918e+00
2.47558594e-03	4.40834997e-03	1.81357415e+00
2.48046875e-03	4.41720579e-03	1.81376952e+00
2.48535156e-03	4.42606256e-03	1.81396528e+00
2.49023438e-03	4.43492029e-03	1.81416143e+00
2.49511719e-03	4.44377898e-03	1.81435798e+00
2.50000000e-03	4.45263863e-03	1.81455492e+00
2.50488281e-03	4.46149925e-03	1.81475225e+00
2.50976562e-03	4.47036082e-03	1.81494998e+00
2.51464844e-03	4.47922337e-03	1.81514810e+00
2.51953125e-03	4.48808688e-03	1.81534661e+00
2.52441406e-03	4.49695136e-03	1.81554552e+00
2.52929687e-03	4.50581682e-03	1.81574482e+00
2.53417969e-03	4.51468325e-03	1.81594451e+00
2.53906250e-03	4.52355065e-03	1.81614460e+00
2.54394531e-03	4.53241903e-03	1.81634508e+00
2.54882812e-03	4.54128840e-03	1.81654596e+00
2.55371094e-03	4.55015874e-03	1.81674723e+00
2.55859375e-03	4.55903007e-03	1.81694889e+00
2.56347656e-03	4.56790239e-03	1.81715095e+00
2.56835937e-03	4.57677569e-03	1.81735340e+00
2.57324219e-03	4.58564998e-03	1.81755625e+00
2.57812500e-03	4.59452526e-03	1.81775949e+00
2.58300781e-03	4.60340154e-03	1.81796312e+00
2.58789062e-03	4.61227881e-03	1.81816715e+00
2.59277344e-03	4.62115708e-03	1.81837157e+00
2.59765625e-03	4.63003634e-03	1.81857639e+00
2.60253906e-03	4.63891661e-03	1.81878160e+00
2.60742187e-03	4.64779788e-03	1.81898720e+00
2.61230469e-03	4.65668016e-03	1.81919320e+00
2.61718750e-03	4.66556344e-03	1.81939960e+00
2.62207031e-03	4.67444773e-03	1.81960639e+00
2.62695312e-03	4.68333304e-03	1.81981357e+00
2.63183594e-03	4.69221935e-03	1.82002115e+00
2.63671875e-03	4.70110668e-03	1.82022912e+00
2.64160156e-03	4.70999503e-03	1.82043749e+00
2.64648437e-03	4.71888439e-03	1.82064625e+00
2.65136719e-03	4.72777478e-03	1.82085541e+00
2.65625000e-03	4.73666619e-03	1.82106496e+00
2.66113281e-03	4.74555862e-03	1.82127491e+00
2.66601562e-03	4.75445207e-03	1.82148525e+00
2.67089844e-03	4.76334656e-03	1.82169599e+00
2.67578125e-03	4.77224207e-03	1.82190712e+00
2.68066406e-03	4.78113862e-03	1.82211865e+00
2.68554688e-03	4.79003620e-03	1.82233057e+00
2.69042969e-03	4.79893482e-03	1.82254289e+00
2.69531250e-03	4.80783447e-03	1.82275560e+00
2.70019531e-03	4.81673517e-03	1.82296871e+00
2.70507813e-03	4.82563690e-03	1.82318222e+00
2.70996094e-03	4.83453968e-03	1.82339612e+00
2.71484375e-03	4.84344351e-03	1.82361041e+00
2.71972656e-03	4.85234838e-03	1.82382510e+00
2.72460938e-03	4.86125430e-03	1.82404019e+00
2.72949219e-03	4.87016127e-03	1.82425567e+00
2.73437500e-03	4.87906930e-03	1.82447155e+00
2.73925781e-03	4.88797838e-03	1.82468782e+00
2.74414063e-03	4.89688852e-03	1.82490449e+00
2.74902344e-03	4.90579971e-03	1.82512156e+00
2.75390625e-03	4.91471197e-03	1.82533902e+00
2.75878906e-03	4.92362529e-03	1.82555688e+00
2.76367188e-03	4.93253968e-03	1.82577513e+00
2.76855469e-03	4.94145513e-03	1.82599378e+00
2.77343750e-03	4.95037165e-03	1.82621283e+00
2.77832031e-03	4.95928924e-03	1.82643227e+00
2.78320313e-03	4.96820790e-03	1.82665211e+00
2.78808594e-03	4.97712764e-03	1.82687235e+00
2.79296875e-03	4.98604845e-03	1.82709298e+00
2.79785156e-03	4.99497034e-03	1.82731401e+00
2.80273438e-03	5.00389332e-03	1.82753543e+00
2.80761719e-03	5.01281737e-03	1.82775725e+00
2.81250000e-03	5.02174251e-03	1.82797947e+00
2.81738281e-03	5.03066873e-03	1.82820208e+00
2.82226563e-03	5.03959605e-03	1.82842510e+00
2.82714844e-03	5.04852445e-03	1.82864850e+00
2.83203125e-03	5.05745394e-03	1.82887231e+00
2.83691406e-03	5.06638453e-03	1.82909651e+00
2.84179688e-03	5.07531621e-03	1.82932111e+00
2.84667969e-03	5.08424900e-03	1.82954611e+00
2.85156250e-03	5.09318288e-03	1.82977150e+00
2.85644531e-03	5.10211786e-03	1.82999729e+00
2.86132813e-03	5.11105394e-03	1.83022348e+00
2.86621094e-03	5.11999114e-03	1.83045006e+00
2.87109375e-03	5.12892943e-03	1.83067704e+00
2.87597656e-03	5.13786884e-03	1.83090442e+00
2.88085938e-03	5.14680936e-03	1.83113220e+00
2.88574219e-03	5.15575099e-03	1.83136037e+00
2.89062500e-03	5.16469374e-03	1.83158895e+00
2.89550781e-03	5.17363761e-03	1.83181792e+00
2.90039063e-03	5.18258259e-03	1.83204728e+00
2.90527344e-03	5.19152869e-03	1.83227705e+00
2.91015625e-03	5.20047592e-03	1.83250721e+00
2.91503906e-03	5.20942427e-03	1.83273777e+00
2.91992188e-03	5.21837375e-03	1.83296873e+00
2.92480469e-03	5.22732436e-03	1.83320008e+00
2.92968750e-03	5.23627610e-03	1.83343184e+00
2.93457031e-03	5.24522897e-03	1.83366399e+00
2.93945313e-03	5.25418297e-03	1.83389654e+00
2.94433594e-03	5.26313811e-03	1.83412949e+00
2.94921875e-03	5.27209439e-03	1.83436284e+00
2.95410156e-03	5.28105181e-03	1.83459658e+00
2.95898438e-03	5.29001038e-03	1.83483072e+00
2.96386719e-03	5.29897008e-03	1.83506527e+00
2.96875000e-03	5.30793094e-03	1.83530021e+00
2.97363281e-03	5.31689294e-03	1.83553555e+00
2.97851563e-03	5.32585609e-03	1.83577128e+00
2.98339844e-03	5.33482039e-03	1.83600742e+00
2.98828125e-03	5.34378585e-03	1.83624395e+00
2.99316406e-03	5.35275246e-03	1.83648089e+00
2.99804688e-03	5.36172024e-03	1.83671822e+00
3.00292969e-03	5.37068917e-03	1.83695595e+00
3.00781250e-03	5.37965926e-03	1.83719408e+00
3.01269531e-03	5.38863052e-03	1.83743261e+00
3.01757812e-03	5.39760294e-03	1.83767154e+00
3.02246094e-03	5.40657653e-03	1.83791087e+00
3.02734375e-03	5.41555129e-03	1.83815059e+00
3.03222656e-03	5.42452722e-03	1.83839072e+00
3.03710937e-03	5.43350432e-03	1.83863124e+00
3.04199219e-03	5.44248260e-03	1.83887217e+00
3.04687500e-03	5.45146206e-03	1.83911349e+00
3.05175781e-03	5.46044270e-03	1.83935521e+00
3.05664062e-03	5.46942451e-03	1.83959734e+00
3.06152344e-03	5.47840752e-03	1.83983986e+00
3.06640625e-03	5.48739170e-03	1.84008278e+00
3.07128906e-03	5.49637707e-03	1.84032610e+00
3.07617187e-03	5.50536364e-03	1.84056982e+00
3.08105469e-03	5.51435139e-03	1.84081394e+00
3.08593750e-03	5.52334034e-03	1.84105847e+00
3.09082031e-03	5.53233048e-03	1.84130339e+00
3.09570312e-03	5.54132182e-03	1.84154871e+00
3.10058594e-03	5.55031435e-03	1.84179443e+00
3.10546875e-03	5.55930809e-03	1.84204055e+00
3.11035156e-03	5.56830303e-03	1.84228707e+00
3.11523437e-03	5.57729918e-03	1.84253399e+00
3.12011719e-03	5.58629653e-03	1.84278132e+00
3.12500000e-03	5.59529509e-03	1.84302904e+00
3.12988281e-03	5.60429486e-03	1.84327716e+00
3.13476562e-03	5.61329584e-03	1.84352568e+00
3.13964844e-03	5.62229804e-03	1.84377461e+00
3.14453125e-03	5.63130146e-03	1.84402393e+00
3.14941406e-03	5.64030609e-03	1.84427366e+00
3.15429687e-03	5.64931194e-03	1.84452378e+00
3.15917969e-03	5.65831902e-03	1.84477431e+00
3.16406250e-03	5.66732732e-03	1.84502524e+00
3.16894531e-03	5.67633684e-03	1.84527657e+00
3.17382812e-03	5.68534760e-03	1.84552830e+00
3.17871094e-03	5.69435958e-03	1.84578043e+00
3.18359375e-03	5.70337280e-03	1.84603296e+00
3.18847656e-03	5.71238725e-03	1.84628589e+00
3.19335938e-03	5.72140293e-03	1.84653923e+00
3.19824219e-03	5.73041986e-03	1.84679296e+00
3.20312500e-03	5.73943802e-03	1.84704710e+00
3.20800781e-03	5.74845743e-03	1.84730164e+00
3.21289063e-03	5.75747808e-03	1.84755658e+00
3.21777344e-03	5.76649997e-03	1.84781192e+00
3.22265625e-03	5.77552312e-03	1.84806766e+00
3.22753906e-03	5.78454751e-03	1.84832381e+00
3.23242188e-03	5.79357316e-03	1.84858036e+00
3.23730469e-03	5.80260005e-03	1.84883731e+00
3.24218750e-03	5.81162821e-03	1.84909466e+00
3.24707031e-03	5.82065762e-03	1.84935241e+00
3.25195313e-03	5.82968829e-03	1.84961056e+00
3.25683594e-03	5.83872022e-03	1.84986912e+00
3.26171875e-03	5.84775342e-03	1.85012808e+00
3.26660156e-03	5.85678788e-03	1.85038744e+00
3.27148438e-03	5.86582361e-03	1.85064720e+00
3.27636719e-03	5.87486061e-03	1.85090737e+00
3.28125000e-03	5.88389888e-03	1.85116794e+00
3.28613281e-03	5.89293842e-03	1.85142891e+00
3.29101563e-03	5.90197924e-03	1.85169028e+00
3.29589844e-03	5.91102134e-03	1.85195205e+00
3.30078125e-03	5.92006471e-03	1.85221423e+00
3.30566406e-03	5.92910937e-03	1.85247681e+00
3.31054688e-03	5.93815531e-03	1.85273980e+00
3.31542969e-03	5.94720253e-03	1.85300318e+00
3.32031250e-03	5.95625104e-03	1.85326697e+00
3.32519531e-03	5.96530084e-03	1.85353117e+00
3.33007813e-03	5.97435193e-03	1.85379576e+00
3.33496094e-03	5.98340432e-03	1.85406076e+00
3.33984375e-03	5.99245800e-03	1.85432616e+00
3.34472656e-03	6.00151297e-03	1.85459197e+00
3.34960938e-03	6.01056925e-03	1.85485818e+00
3.35449219e-03	6.01962682e-03	1.85512479e+00
3.35937500e-03	6.02868570e-03	1.85539180e+00
3.36425781e-03	6.03774588e-03	1.85565922e+00
3.36914063e-03	6.04680737e-03	1.85592704e+00
3.37402344e-03	6.05587017e-03	1.85619527e+00
3.37890625e-03	6.06493428e-03	1.85646390e+00
3.38378906e-03	6.07399970e-03	1.85673293e+00
3.38867188e-03	6.08306644e-03	1.85700237e+00
3.39355469e-03	6.09213449e-03	1.85727221e+00
3.39843750e-03	6.10120386e-03	1.85754246e+00
3.40332031e-03	6.11027456e-03	1.85781311e+00
3.40820313e-03	6.11934657e-03	1.85808416e+00
3.41308594e-03	6.12841991e-03	1.85835562e+00
3.41796875e-03	6.13749458e-03	1.85862748e+00
3.42285156e-03	6.14657057e-03	1.85889975e+00
3.42773438e-03	6.15564790e-03	1.85917242e+00
3.43261719e-03	6.16472655e-03	1.85944549e+00
3.43750000e-03	6.17380654e-03	1.85971897e+00
3.44238281e-03	6.18288787e-03	1.85999286e+00
3.44726563e-03	6.19197054e-03	1.86026715e+00
3.45214844e-03	6.20105454e-03	1.86054184e+00
3.45703125e-03	6.21013989e-03	1.86081694e+00
3.46191406e-03	6.21922659e-03	1.86109244e+00
3.46679688e-03	6.22831462e-03	1.86136835e+00
3.47167969e-03	6.23740401e-03	1.86164467e+00
3.47656250e-03	6.24649475e-03	1.86192138e+00
3.48144531e-03	6.25558684e-03	1.86219851e+00
3.48632813e-03	6.26468028e-03	1.86247604e+00
3.49121094e-03	6.27377508e-03	1.86275397e+00
3.49609375e-03	6.28287124e-03	1.86303231e+00
3.50097656e-03	6.29196876e-03	1.86331106e+00
3.50585937e-03	6.30106764e-03	1.86359021e+00
3.51074219e-03	6.31016788e-03	1.86386976e+00
3.51562500e-03	6.31926949e-03	1.86414972e+00
3.52050781e-03	6.32837247e-03	1.86443009e+00
3.52539062e-03	6.33747682e-03	1.86471087e+00
3.53027344e-03	6.34658254e-03	1.86499204e+00
3.53515625e-03	6.35568963e-03	1.86527363e+00
3.54003906e-03	6.36479810e-03	1.86555562e+00
3.54492187e-03	6.37390795e-03	1.86583802e+00
3.54980469e-03	6.38301918e-03	1.86612082e+00
3.55468750e-03	6.39213179e-03	1.86640403e+00
3.55957031e-03	6.40124578e-03	1.86668765e+00
3.56445312e-03	6.41036116e-03	1.86697167e+00
3.56933594e-03	6.41947793e-03	1.86725610e+00
3.57421875e-03	6.42859608e-03	1.86754093e+00
3.57910156e-03	6.43771563e-03	1.86782617e+00
3.58398437e-03	6.44683657e-03	1.86811182e+00
3.58886719e-03	6.45595891e-03	1.86839788e+00
3.59375000e-03	6.46508265e-03	1.86868434e+00
3.59863281e-03	6.47420778e-03	1.86897121e+00
3.60351562e-03	6.48333432e-03	1.86925848e+00
3.60839844e-03	6.49246226e-03	1.86954616e+00
3.61328125e-03	6.50159161e-03	1.86983425e+00
3.61816406e-03	6.51072236e-03	1.87012275e+00
3.62304687e-03	6.51985453e-03	1.87041165e+00
3.62792969e-03	6.52898810e-03	1.87070096e+00
3.63281250e-03	6.53812309e-03	1.87099068e+00
3.63769531e-03	6.54725950e-03	1.87128081e+00
3.64257812e-03	6.55639732e-03	1.87157134e+00
3.64746094e-03	6.56553656e-03	1.87186228e+00
3.65234375e-03	6.57467723e-03	1.87215363e+00
3.65722656e-03	6.58381931e-03	1.87244539e+00
3.66210938e-03	6.59296283e-03	1.87273755e+00
3.66699219e-03	6.60210777e-03	1.87303012e+00
3.67187500e-03	6.61125414e-03	1.87332310e+00
3.67675781e-03	6.62040194e-03	1.87361649e+00
3.68164063e-03	6.62955118e-03	1.87391028e+00
3.68652344e-03	6.63870185e-03	1.87420449e+00
3.69140625e-03	6.64785395e-03	1.87449910e+00
3.69628906e-03	6.65700750e-03	1.87479412e+00
3.70117188e-03	6.66616249e-03	1.87508955e+00
3.70605469e-03	6.67531892e-03	1.87538539e+00
3.71093750e-03	6.68447680e-03	1.87568163e+00
3.71582031e-03	6.69363613e-03	1.87597829e+00
3.72070313e-03	6.70279690e-03	1.87627535e+00
3.72558594e-03	6.71195913e-03	1.87657282e+00
3.73046875e-03	6.72112281e-03	1.87687070e+00
3.73535156e-03	6.73028795e-03	1.87716899e+00
3.74023438e-03	6.73945454e-03	1.87746769e+00
3.74511719e-03	6.74862259e-03	1.87776680e+00
3.75000000e-03	6.75779211e-03	1.87806631e+00
3.75488281e-03	6.76696309e-03	1.87836624e+00
3.75976563e-03	6.77613553e-03	1.87866657e+00
3.76464844e-03	6.78530944e-03	1.87896732e+00
3.76953125e-03	6.79448482e-03	1.87926847e+00
3.77441406e-03	6.80366167e-03	1.87957004e+00
3.77929688e-03	6.81284000e-03	1.87987201e+00
3.78417969e-03	6.82201980e-03	1.88017439e+00
3.78906250e-03	6.83120108e-03	1.88047718e+00
3.79394531e-03	6.84038384e-03	1.88078038e+00
3.79882813e-03	6.84956807e-03	1.88108400e+00
3.80371094e-03	6.85875380e-03	1.88138802e+00
3.80859375e-03	6.86794101e-03	1.88169245e+00
3.81347656e-03	6.87712970e-03	1.88199729e+00
3.81835938e-03	6.88631989e-03	1.88230254e+00
3.82324219e-03	6.89551156e-03	1.88260820e+00
3.82812500e-03	6.90470473e-03	1.88291428e+00
3.83300781e-03	6.91389940e-03	1.88322076e+00
3.83789063e-03	6.92309556e-03	1.88352765e+00
3.84277344e-03	6.93229322e-03	1.88383496e+00
3.84765625e-03	6.94149239e-03	1.88414267e+00
3.85253906e-03	6.95069306e-03	1.88445080e+00
3.85742188e-03	6.95989523e-03	1.88475933e+00
3.86230469e-03	6.96909891e-03	1.88506828e+00
3.86718750e-03	6.97830410e-03	1.88537764e+00
3.87207031e-03	6.98751080e-03	1.88568741e+00
3.87695313e-03	6.99671902e-03	1.88599759e+00
3.88183594e-03	7.00592875e-03	1.88630818e+00
3.88671875e-03	7.01514000e-03	1.88661918e+00
3.89160156e-03	7.02435276e-03	1.88693059e+00
3.89648438e-03	7.03356705e-03	1.88724242e+00
3.90136719e-03	7.04278287e-03	1.88755465e+00
3.90625000e-03	7.05200021e-03	1.88786730e+00
3.91113281e-03	7.06121907e-03	1.88818036e+00
3.91601562e-03	7.07043947e-03	1.88849383e+00
3.92089844e-03	7.07966140e-03	1.88880771e+00
3.92578125e-03	7.08888486e-03	1.88912201e+00
3.93066406e-03	7.09810985e-03	1.88943672e+00
3.93554688e-03	7.10733639e-03	1.88975184e+00
3.94042969e-03	7.11656446e-03	1.89006737e+00
3.94531250e-03	7.12579408e-03	1.89038331e+00
3.95019531e-03	7.13502524e-03	1.89069966e+00
3.95507812e-03	7.14425794e-03	1.89101643e+00
3.95996094e-03	7.15349220e-03	1.89133361e+00
3.96484375e-03	7.16272800e-03	1.89165120e+00
3.96972656e-03	7.17196535e-03	1.89196921e+00
3.97460938e-03	7.18120426e-03	1.89228763e+00
3.97949219e-03	7.19044473e-03	1.89260646e+00
3.98437500e-03	7.19968675e-03	1.89292570e+00
3.98925781e-03	7.20893033e-03	1.89324536e+00
3.99414062e-03	7.21817547e-03	1.89356543e+00
3.99902344e-03	7.22742218e-03	1.89388591e+00
4.00390625e-03	7.23667045e-03	1.89420680e+00
4.00878906e-03	7.24592029e-03	1.89452811e+00
4.01367188e-03	7.25517171e-03	1.89484984e+00
4.01855469e-03	7.26442469e-03	1.89517197e+00
4.02343750e-03	7.27367925e-03	1.89549452e+00
4.02832031e-03	7.28293538e-03	1.89581748e+00
4.03320312e-03	7.29219309e-03	1.89614086e+00
4.03808594e-03	7.30145238e-03	1.89646465e+00
4.04296875e-03	7.31071325e-03	1.89678885e+00
4.04785156e-03	7.31997571e-03	1.89711347e+00
4.05273438e-03	7.32923975e-03	1.89743850e+00
4.05761719e-03	7.33850538e-03	1.89776394e+00
4.06250000e-03	7.34777260e-03	1.89808980e+00
4.06738281e-03	7.35704142e-03	1.89841608e+00
4.07226562e-03	7.36631183e-03	1.89874276e+00
4.07714844e-03	7.37558383e-03	1.89906987e+00
4.08203125e-03	7.38485743e-03	1.89939738e+00
4.08691406e-03	7.39413263e-03	1.89972531e+00
4.09179688e-03	7.40340944e-03	1.90005366e+00
4.09667969e-03	7.41268784e-03	1.90038242e+00
4.10156250e-03	7.42196786e-03	1.90071159e+00
4.10644531e-03	7.43124948e-03	1.90104118e+00
4.11132812e-03	7.44053272e-03	1.90137119e+00
4.11621094e-03	7.44981756e-03	1.90170161e+00
4.12109375e-03	7.45910402e-03	1.90203244e+00
4.12597656e-03	7.46839210e-03	1.90236369e+00
4.13085938e-03	7.47768179e-03	1.90269536e+00
4.13574219e-03	7.48697311e-03	1.90302744e+00
4.14062500e-03	7.49626605e-03	1.90335993e+00
4.14550781e-03	7.50556061e-03	1.90369285e+00
4.15039062e-03	7.51485680e-03	1.90402617e+00
4.15527344e-03	7.52415462e-03	1.90435992e+00
4.16015625e-03	7.53345406e-03	1.90469407e+00
4.16503906e-03	7.54275514e-03	1.90502865e+00
4.16992188e-03	7.55205786e-03	1.90536364e+00
4.17480469e-03	7.56136221e-03	1.90569905e+00
4.17968750e-03	7.57066820e-03	1.90603487e+00
4.18457031e-03	7.57997584e-03	1.90637111e+00
4.18945313e-03	7.58928511e-03	1.90670776e+00
4.19433594e-03	7.59859603e-03	1.90704483e+00
4.19921875e-03	7.60790860e-03	1.90738232e+00
4.20410156e-03	7.61722281e-03	1.90772022e+00
4.20898438e-03	7.62653868e-03	1.90805854e+00
4.21386719e-03	7.63585620e-03	1.90839728e+00
4.21875000e-03	7.64517537e-03	1.90873643e+00
4.22363281e-03	7.65449620e-03	1.90907601e+00
4.22851563e-03	7.66381869e-03	1.90941599e+00
4.23339844e-03	7.67314284e-03	1.90975640e+00
4.23828125e-03	7.68246866e-03	1.91009722e+00
4.24316406e-03	7.69179614e-03	1.91043846e+00
4.24804688e-03	7.70112528e-03	1.91078011e+00
4.25292969e-03	7.71045610e-03	1.91112219e+00
4.25781250e-03	7.71978859e-03	1.91146468e+00
4.26269531e-03	7.72912275e-03	1.91180759e+00
4.26757813e-03	7.73845858e-03	1.91215091e+00
4.27246094e-03	7.74779610e-03	1.91249466e+00
4.27734375e-03	7.75713529e-03	1.91283882e+00
4.28222656e-03	7.76647617e-03	1.91318340e+00
4.28710937e-03	7.77581872e-03	1.91352840e+00
4.29199219e-03	7.78516297e-03	1.91387381e+00
4.29687500e-03	7.79450890e-03	1.91421965e+00
4.30175781e-03	7.80385652e-03	1.91456590e+00
4.30664063e-03	7.81320583e-03	1.91491257e+00
4.31152344e-03	7.82255684e-03	1.91525966e+00
4.31640625e-03	7.83190954e-03	1.91560716e+00
4.32128906e-03	7.84126394e-03	1.91595509e+00
4.32617187e-03	7.85062004e-03	1.91630343e+00
4.33105469e-03	7.85997784e-03	1.91665220e+00
4.33593750e-03	7.86933735e-03	1.91700138e+00
4.34082031e-03	7.87869856e-03	1.91735098e+00
4.34570313e-03	7.88806148e-03	1.91770100e+00
4.35058594e-03	7.89742611e-03	1.91805144e+00
4.35546875e-03	7.90679245e-03	1.91840229e+00
4.36035156e-03	7.91616051e-03	1.91875357e+00
4.36523437e-03	7.92553028e-03	1.91910527e+00
4.37011719e-03	7.93490177e-03	1.91945738e+00
4.37500000e-03	7.94427498e-03	1.91980992e+00
4.37988281e-03	7.95364992e-03	1.92016287e+00
4.38476563e-03	7.96302657e-03	1.92051625e+00
4.38964844e-03	7.97240496e-03	1.92087004e+00
4.39453125e-03	7.98178507e-03	1.92122426e+00
4.39941406e-03	7.99116692e-03	1.92157889e+00
4.40429687e-03	8.00055049e-03	1.92193395e+00
4.40917969e-03	8.00993580e-03	1.92228942e+00
4.41406250e-03	8.01932285e-03	1.92264531e+00
4.41894531e-03	8.02871164e-03	1.92300163e+00
4.42382813e-03	8.03810216e-03	1.92335837e+00
4.42871094e-03	8.04749443e-03	1.92371552e+00
4.43359375e-03	8.05688845e-03	1.92407310e+00
4.43847656e-03	8.06628421e-03	1.92443109e+00
4.44335937e-03	8.07568172e-03	1.92478951e+00
4.44824219e-03	8.08508099e-03	1.92514835e+00
4.45312500e-03	8.09448200e-03	1.92550761e+00
4.45800781e-03	8.10388477e-03	1.92586729e+00
4.46289063e-03	8.11328930e-03	1.92622739e+00
4.46777344e-03	8.12269559e-03	1.92658792e+00
4.47265625e-03	8.13210364e-03	1.92694886e+00
4.47753906e-03	8.14151345e-03	1.92731023e+00
4.48242187e-03	8.15092503e-03	1.92767201e+00
4.48730469e-03	8.16033837e-03	1.92803422e+00
4.49218750e-03	8.16975349e-03	1.92839685e+00
4.49707031e-03	8.17917037e-03	1.92875991e+00
4.50195313e-03	8.18858903e-03	1.92912338e+00
4.50683594e-03	8.19800947e-03	1.92948728e+00
4.51171875e-03	8.20743168e-03	1.92985159e+00
4.51660156e-03	8.21685568e-03	1.93021633e+00
4.52148437e-03	8.22628145e-03	1.93058150e+00
4.52636719e-03	8.23570901e-03	1.93094708e+00
4.53125000e-03	8.24513836e-03	1.93131309e+00
4.53613281e-03	8.25456949e-03	1.93167952e+00
4.54101563e-03	8.26400242e-03	1.93204637e+00
4.54589844e-03	8.27343714e-03	1.93241365e+00
4.55078125e-03	8.28287365e-03	1.93278134e+00
4.55566406e-03	8.29231195e-03	1.93314946e+00
4.56054687e-03	8.30175206e-03	1.93351801e+00
4.56542969e-03	8.31119397e-03	1.93388697e+00
4.57031250e-03	8.32063768e-03	1.93425636e+00
4.57519531e-03	8.33008319e-03	1.93462618e+00
4.58007813e-03	8.33953051e-03	1.93499641e+00
4.58496094e-03	8.34897964e-03	1.93536707e+00
4.58984375e-03	8.35843058e-03	1.93573815e+00
4.59472656e-03	8.36788333e-03	1.93610966e+00
4.59960937e-03	8.37733790e-03	1.93648159e+00
4.60449219e-03	8.38679429e-03	1.93685395e+00
4.60937500e-03	8.39625249e-03	1.93722672e+00
4.61425781e-03	8.40571252e-03	1.93759993e+00
4.61914063e-03	8.41517437e-03	1.93797355e+00
4.62402344e-03	8.42463804e-03	1.93834760e+00
4.62890625e-03	8.43410355e-03	1.93872208e+00
4.63378906e-03	8.44357088e-03	1.93909697e+00
4.63867188e-03	8.45304004e-03	1.93947230e+00
4.64355469e-03	8.46251104e-03	1.93984804e+00
4.64843750e-03	8.47198387e-03	1.94022422e+00
4.65332031e-03	8.48145854e-03	1.94060081e+00
4.65820313e-03	8.49093505e-03	1.94097784e+00
4.66308594e-03	8.50041340e-03	1.94135528e+00
4.66796875e-03	8.50989360e-03	1.94173315e+00
4.67285156e-03	8.51937564e-03	1.94211145e+00
4.67773438e-03	8.52885953e-03	1.94249017e+00
4.68261719e-03	8.53834527e-03	1.94286932e+00
4.68750000e-03	8.54783287e-03	1.94324889e+00
4.69238281e-03	8.55732231e-03	1.94362889e+00
4.69726563e-03	8.56681362e-03	1.94400931e+00
4.70214844e-03	8.57630678e-03	1.94439016e+00
4.70703125e-03	8.58580181e-03	1.94477144e+00
4.71191406e-03	8.59529869e-03	1.94515314e+00
4.71679688e-03	8.60479744e-03	1.94553527e+00
4.72167969e-03	8.61429806e-03	1.94591782e+00
4.72656250e-03	8.62380055e-03	1.94630080e+00
4.73144531e-03	8.63330491e-03	1.94668420e+00
4.73632813e-03	8.64281114e-03	1.94706804e+00
4.74121094e-03	8.65231924e-03	1.94745229e+00
4.74609375e-03	8.66182923e-03	1.94783698e+00
4.75097656e-03	8.67134109e-03	1.94822209e+00
4.75585938e-03	8.68085483e-03	1.94860763e+00
4.76074219e-03	8.69037046e-03	1.94899359e+00
4.76562500e-03	8.69988797e-03	1.94937998e+00
4.77050781e-03	8.70940738e-03	1.94976680e+00
4.77539062e-03	8.71892867e-03	1.95015405e+00
4.78027344e-03	8.72845185e-03	1.95054172e+00
4.78515625e-03	8.73797693e-03	1.95092982e+00
4.79003906e-03	8.74750390e-03	1.95131835e+00
4.79492188e-03	8.75703277e-03	1.95170730e+00
4.79980469e-03	8.76656354e-03	1.95209669e+00
4.80468750e-03	8.77609622e-03	1.95248650e+00
4.80957031e-03	8.78563080e-03	1.95287673e+00
4.81445312e-03	8.79516728e-03	1.95326740e+00
4.81933594e-03	8.80470567e-03	1.95365849e+00
4.82421875e-03	8.81424598e-03	1.95405002e+00
4.82910156e-03	8.82378819e-03	1.95444197e+00
4.83398438e-03	8.83333233e-03	1.95483435e+00
4.83886719e-03	8.84287837e-03	1.95522715e+00
4.84375000e-03	8.85242634e-03	1.95562039e+00
4.84863281e-03	8.86197623e-03	1.95601405e+00
4.85351562e-03	8.87152804e-03	1.95640814e+00
4.85839844e-03	8.88108178e-03	1.95680267e+00
4.86328125e-03	8.89063744e-03	1.95719762e+00
4.86816406e-03	8.90019504e-03	1.95759300e+00
4.87304688e-03	8.90975456e-03	1.95798880e+00
4.87792969e-03	8.91931602e-03	1.95838504e+00
4.88281250e-03	8.92887942e-03	1.95878171e+00
4.88769531e-03	8.93844475e-03	1.95917880e+00
4.89257812e-03	8.94801203e-03	1.95957633e+00
4.89746094e-03	8.95758124e-03	1.95997428e+00
4.90234375e-03	8.96715240e-03	1.96037267e+00
4.90722656e-03	8.97672551e-03	1.96077148e+00
4.91210938e-03	8.98630056e-03	1.96117073e+00
4.91699219e-03	8.99587757e-03	1.96157040e+00
4.92187500e-03	9.00545652e-03	1.96197051e+00
4.92675781e-03	9.01503744e-03	1.96237104e+00
4.93164062e-03	9.02462030e-03	1.96277201e+00
4.93652344e-03	9.03420513e-03	1.96317340e+00
4.94140625e-03	9.04379192e-03	1.96357523e+00
4.94628906e-03	9.05338067e-03	1.96397748e+00
4.95117188e-03	9.06297139e-03	1.96438017e+00
4.95605469e-03	9.07256407e-03	1.96478329e+00
4.96093750e-03	9.08215873e-03	1.96518684e+00
4.96582031e-03	9.09175535e-03	1.96559081e+00
4.97070312e-03	9.10135395e-03	1.96599522e+00
4.97558594e-03	9.11095453e-03	1.96640007e+00
4.98046875e-03	9.12055708e-03	1.96680534e+00
4.98535156e-03	9.13016161e-03	1.96721104e+00
4.99023438e-03	9.13976812e-03	1.96761718e+00
4.99511719e-03	9.14937662e-03	1.96802375e+00
5.00000000e-03	9.15898711e-03	1.96843075e+00
5.00488281e-03	9.16859958e-03	1.96883818e+00
5.00976562e-03	9.17821404e-03	1.96924604e+00
5.01464844e-03	9.18783050e-03	1.96965433e+00
5.01953125e-03	9.19744895e-03	1.97006306e+00
5.02441406e-03	9.20706940e-03	1.97047222e+00
5.02929688e-03	9.21669184e-03	1.97088181e+00
5.03417969e-03	9.22631629e-03	1.97129183e+00
5.03906250e-03	9.23594274e-03	1.97170229e+00
5.04394531e-03	9.24557120e-03	1.97211318e+00
5.04882812e-03	9.25520166e-03	1.97252450e+00
5.05371094e-03	9.26483413e-03	1.97293625e+00
5.05859375e-03	9.27446862e-03	1.97334844e+00
5.06347656e-03	9.28410511e-03	1.97376106e+00
5.06835938e-03	9.29374363e-03	1.97417411e+00
5.07324219e-03	9.30338416e-03	1.97458760e+00
5.07812500e-03	9.31302671e-03	1.97500152e+00
5.08300781e-03	9.32267129e-03	1.97541587e+00
5.08789062e-03	9.33231788e-03	1.97583066e+00
5.09277344e-03	9.34196651e-03	1.97624588e+00
5.09765625e-03	9.35161716e-03	1.97666154e+00
5.10253906e-03	9.36126984e-03	1.97707762e+00
5.10742188e-03	9.37092456e-03	1.97749414e+00
5.11230469e-03	9.38058131e-03	1.97791110e+00
5.11718750e-03	9.39024010e-03	1.97832849e+00
5.12207031e-03	9.39990093e-03	1.97874632e+00
5.12695312e-03	9.40956379e-03	1.97916457e+00
5.13183594e-03	9.41922871e-03	1.97958327e+00
5.13671875e-03	9.42889566e-03	1.98000239e+00
5.14160156e-03	9.43856467e-03	1.98042196e+00
5.14648438e-03	9.44823572e-03	1.98084195e+00
5.15136719e-03	9.45790883e-03	1.98126239e+00
5.15625000e-03	9.46758399e-03	1.98168325e+00
5.16113281e-03	9.47726121e-03	1.98210456e+00
5.16601563e-03	9.48694048e-03	1.98252629e+00
5.17089844e-03	9.49662182e-03	1.98294847e+00
5.17578125e-03	9.50630521e-03	1.98337107e+00
5.18066406e-03	9.51599067e-03	1.98379412e+00
5.18554688e-03	9.52567820e-03	1.98421760e+00
5.19042969e-03	9.53536780e-03	1.98464151e+00
5.19531250e-03	9.54505947e-03	1.98506586e+00
5.20019531e-03	9.55475321e-03	1.98549065e+00
5.20507813e-03	9.56444903e-03	1.98591587e+00
5.20996094e-03	9.57414692e-03	1.98634153e+00
5.21484375e-03	9.58384689e-03	1.98676763e+00
5.21972656e-03	9.59354895e-03	1.98719416e+00
5.22460938e-03	9.60325309e-03	1.98762113e+00
5.22949219e-03	9.61295931e-03	1.98804853e+00
5.23437500e-03	9.62266763e-03	1.98847637e+00
5.23925781e-03	9.63237803e-03	1.98890465e+00
5.24414063e-03	9.64209052e-03	1.98933337e+00
5.24902344e-03	9.65180511e-03	1.98976252e+00
5.25390625e-03	9.66152180e-03	1.99019211e+00
5.25878906e-03	9.67124058e-03	1.99062213e+00
5.26367187e-03	9.68096147e-03	1.99105260e+00
5.26855469e-03	9.69068446e-03	1.99148350e+00
5.27343750e-03	9.70040955e-03	1.99191484e+00
5.27832031e-03	9.71013675e-03	1.99234661e+00
5.28320313e-03	9.71986606e-03	1.99277883e+00
5.28808594e-03	9.72959748e-03	1.99321148e+00
5.29296875e-03	9.73933102e-03	1.99364457e+00
5.29785156e-03	9.74906667e-03	1.99407810e+00
5.30273437e-03	9.75880444e-03	1.99451206e+00
5.30761719e-03	9.76854433e-03	1.99494647e+00
5.31250000e-03	9.77828634e-03	1.99538131e+00
5.31738281e-03	9.78803048e-03	1.99581659e+00
5.32226563e-03	9.79777674e-03	1.99625231e+00
5.32714844e-03	9.80752513e-03	1.99668847e+00
5.33203125e-03	9.81727565e-03	1.99712507e+00
5.33691406e-03	9.82702830e-03	1.99756211e+00
5.34179687e-03	9.83678309e-03	1.99799958e+00
5.34667969e-03	9.84654002e-03	1.99843750e+00
5.35156250e-03	9.85629909e-03	1.99887585e+00
5.35644531e-03	9.86606029e-03	1.99931465e+00
5.36132813e-03	9.87582364e-03	1.99975388e+00
5.36621094e-03	9.88558914e-03	2.00019355e+00
5.37109375e-03	9.89535679e-03	2.00063367e+00
5.37597656e-03	9.90512658e-03	2.00107422e+00
5.38085937e-03	9.91489853e-03	2.00151521e+00
5.38574219e-03	9.92467263e-03	2.00195665e+00
5.39062500e-03	9.93444889e-03	2.00239852e+00
5.39550781e-03	9.94422730e-03	2.00284083e+00
5.40039063e-03	9.95400788e-03	2.00328359e+00
5.40527344e-03	9.96379062e-03	2.00372678e+00
5.41015625e-03	9.97357552e-03	2.00417041e+00
5.41503906e-03	9.98336260e-03	2.00461449e+00
5.41992187e-03	9.99315184e-03	2.00505901e+00
5.42480469e-03	1.00029433e-02	2.00550396e+00
5.42968750e-03	1.00127368e-02	2.00594936e+00
5.43457031e-03	1.00225326e-02	2.00639520e+00
5.43945313e-03	1.00323305e-02	2.00684148e+00
5.44433594e-03	1.00421307e-02	2.00728820e+00
5.44921875e-03	1.00519330e-02	2.00773537e+00
5.45410156e-03	1.00617375e-02	2.00818297e+00
5.45898437e-03	1.00715441e-02	2.00863102e+00
5.46386719e-03	1.00813530e-02	2.00907951e+00
5.46875000e-03	1.00911640e-02	2.00952844e+00
5.47363281e-03	1.01009773e-02	2.00997781e+00
5.47851563e-03	1.01107927e-02	2.01042763e+00
5.48339844e-03	1.01206104e-02	2.01087789e+00
5.48828125e-03	1.01304302e-02	2.01132859e+00
5.49316406e-03	1.01402523e-02	2.01177973e+00
5.49804687e-03	1.01500765e-02	2.01223132e+00
5.50292969e-03	1.01599030e-02	2.01268334e+00
5.50781250e-03	1.01697316e-02	2.01313581e+00
5.51269531e-03	1.01795625e-02	2.01358873e+00
5.51757813e-03	1.01893956e-02	2.01404209e+00
5.52246094e-03	1.01992309e-02	2.01449589e+00
5.52734375e-03	1.02090684e-02	2.01495013e+00
5.53222656e-03	1.02189081e-02	2.01540482e+00
5.53710937e-03	1.02287501e-02	2.01585995e+00
5.54199219e-03	1.02385943e-02	2.01631552e+00
5.54687500e-03	1.02484407e-02	2.01677154e+00
5.55175781e-03	1.02582893e-02	2.01722800e+00
5.55664063e-03	1.02681402e-02	2.01768491e+00
5.56152344e-03	1.02779932e-02	2.01814226e+00
5.56640625e-03	1.02878486e-02	2.01860005e+00
5.57128906e-03	1.02977061e-02	2.01905829e+00
5.57617187e-03	1.03075659e-02	2.01951697e+00
5.58105469e-03	1.03174280e-02	2.01997610e+00
5.58593750e-03	1.03272923e-02	2.02043567e+00
5.59082031e-03	1.03371588e-02	2.02089569e+00
5.59570313e-03	1.03470276e-02	2.02135615e+00
5.60058594e-03	1.03568986e-02	2.02181706e+00
5.60546875e-03	1.03667719e-02	2.02227841e+00
5.61035156e-03	1.03766474e-02	2.02274021e+00
5.61523438e-03	1.03865252e-02	2.02320245e+00
5.62011719e-03	1.03964053e-02	2.02366514e+00
5.62500000e-03	1.04062876e-02	2.02412828e+00
5.62988281e-03	1.04161721e-02	2.02459186e+00
5.63476563e-03	1.04260590e-02	2.02505588e+00
5.63964844e-03	1.04359481e-02	2.02552036e+00
5.64453125e-03	1.04458394e-02	2.02598527e+00
5.64941406e-03	1.04557331e-02	2.02645064e+00
5.65429688e-03	1.04656290e-02	2.02691645e+00
5.65917969e-03	1.04755272e-02	2.02738271e+00
5.66406250e-03	1.04854277e-02	2.02784941e+00
5.66894531e-03	1.04953304e-02	2.02831656e+00
5.67382813e-03	1.05052354e-02	2.02878416e+00
5.67871094e-03	1.05151428e-02	2.02925220e+00
5.68359375e-03	1.05250524e-02	2.02972069e+00
5.68847656e-03	1.05349643e-02	2.03018963e+00
5.69335938e-03	1.05448784e-02	2.03065902e+00
5.69824219e-03	1.05547949e-02	2.03112885e+00
5.70312500e-03	1.05647137e-02	2.03159913e+00
5.70800781e-03	1.05746347e-02	2.03206986e+00
5.71289063e-03	1.05845581e-02	2.03254103e+00
5.71777344e-03	1.05944838e-02	2.03301266e+00
5.72265625e-03	1.06044118e-02	2.03348473e+00
5.72753906e-03	1.06143420e-02	2.03395725e+00
5.73242188e-03	1.06242746e-02	2.03443022e+00
5.73730469e-03	1.06342095e-02	2.03490363e+00
5.74218750e-03	1.06441467e-02	2.03537750e+00
5.74707031e-03	1.06540862e-02	2.03585181e+00
5.75195312e-03	1.06640281e-02	2.03632657e+00
5.75683594e-03	1.06739723e-02	2.03680178e+00
5.76171875e-03	1.06839187e-02	2.03727744e+00
5.76660156e-03	1.06938675e-02	2.03775355e+00
5.77148438e-03	1.07038187e-02	2.03823011e+00
5.77636719e-03	1.07137721e-02	2.03870712e+00
5.78125000e-03	1.07237279e-02	2.03918457e+00
5.78613281e-03	1.07336860e-02	2.03966248e+00
5.79101562e-03	1.07436465e-02	2.04014084e+00
5.79589844e-03	1.07536093e-02	2.04061964e+00
5.80078125e-03	1.07635744e-02	2.04109890e+00
5.80566406e-03	1.07735419e-02	2.04157860e+00
5.81054688e-03	1.07835117e-02	2.04205876e+00
5.81542969e-03	1.07934839e-02	2.04253937e+00
5.82031250e-03	1.08034584e-02	2.04302042e+00
5.82519531e-03	1.08134353e-02	2.04350193e+00
5.83007812e-03	1.08234145e-02	2.04398389e+00
5.83496094e-03	1.08333960e-02	2.04446630e+00
5.83984375e-03	1.08433800e-02	2.04494916e+00
5.84472656e-03	1.08533662e-02	2.04543247e+00
5.84960938e-03	1.08633549e-02	2.04591623e+00
5.85449219e-03	1.08733459e-02	2.04640044e+00
5.85937500e-03	1.08833393e-02	2.04688510e+00
5.86425781e-03	1.08933350e-02	2.04737022e+00
5.86914062e-03	1.09033331e-02	2.04785579e+00
5.87402344e-03	1.09133336e-02	2.04834180e+00
5.87890625e-03	1.09233365e-02	2.04882827e+00
5.88378906e-03	1.09333417e-02	2.04931520e+00
5.88867188e-03	1.09433493e-02	2.04980257e+00
5.89355469e-03	1.09533593e-02	2.05029040e+00
5.89843750e-03	1.09633717e-02	2.05077868e+00
5.90332031e-03	1.09733864e-02	2.05126741e+00
5.90820312e-03	1.09834036e-02	2.05175659e+00
5.91308594e-03	1.09934231e-02	2.05224623e+00
5.91796875e-03	1.10034451e-02	2.05273632e+00
5.92285156e-03	1.10134694e-02	2.05322686e+00
5.92773438e-03	1.10234961e-02	2.05371786e+00
5.93261719e-03	1.10335252e-02	2.05420931e+00
5.93750000e-03	1.10435567e-02	2.05470121e+00
5.94238281e-03	1.10535907e-02	2.05519357e+00
5.94726562e-03	1.10636270e-02	2.05568637e+00
5.95214844e-03	1.10736657e-02	2.05617964e+00
5.95703125e-03	1.10837069e-02	2.05667335e+00
5.96191406e-03	1.10937504e-02	2.05716752e+00
5.96679688e-03	1.11037964e-02	2.05766215e+00
5.97167969e-03	1.11138448e-02	2.05815723e+00
5.97656250e-03	1.11238956e-02	2.05865276e+00
5.98144531e-03	1.11339488e-02	2.05914875e+00
5.98632812e-03	1.11440045e-02	2.05964519e+00
5.99121094e-03	1.11540625e-02	2.06014209e+00
5.99609375e-03	1.11641230e-02	2.06063944e+00
6.00097656e-03	1.11741860e-02	2.06113725e+00
6.00585938e-03	1.11842513e-02	2.06163551e+00
6.01074219e-03	1.11943191e-02	2.06213423e+00
6.01562500e-03	1.12043894e-02	2.06263340e+00
6.02050781e-03	1.12144620e-02	2.06313303e+00
6.02539062e-03	1.12245371e-02	2.06363311e+00
6.03027344e-03	1.12346147e-02	2.06413365e+00
6.03515625e-03	1.12446947e-02	2.06463464e+00
6.04003906e-03	1.12547772e-02	2.06513609e+00
6.04492188e-03	1.12648621e-02	2.06563800e+00
6.04980469e-03	1.12749494e-02	2.06614036e+00
6.05468750e-03	1.12850392e-02	2.06664318e+00
6.05957031e-03	1.12951315e-02	2.06714646e+00
6.06445312e-03	1.13052262e-02	2.06765019e+00
6.06933594e-03	1.13153234e-02	2.06815438e+00
6.07421875e-03	1.13254230e-02	2.06865903e+00
6.07910156e-03	1.13355251e-02	2.06916413e+00
6.08398438e-03	1.13456297e-02	2.06966969e+00
6.08886719e-03	1.13557367e-02	2.07017570e+00
6.09375000e-03	1.13658462e-02	2.07068218e+00
6.09863281e-03	1.13759582e-02	2.07118911e+00
6.10351562e-03	1.13860727e-02	2.07169650e+00
6.10839844e-03	1.13961896e-02	2.07220435e+00
6.11328125e-03	1.14063091e-02	2.07271265e+00
6.11816406e-03	1.14164310e-02	2.07322142e+00
6.12304688e-03	1.14265554e-02	2.07373064e+00
6.12792969e-03	1.14366823e-02	2.07424032e+00
6.13281250e-03	1.14468116e-02	2.07475045e+00
6.13769531e-03	1.14569435e-02	2.07526105e+00
6.14257813e-03	1.14670779e-02	2.07577210e+00
6.14746094e-03	1.14772147e-02	2.07628362e+00
6.15234375e-03	1.14873541e-02	2.07679559e+00
6.15722656e-03	1.14974959e-02	2.07730802e+00
6.16210938e-03	1.15076403e-02	2.07782091e+00
6.16699219e-03	1.15177871e-02	2.07833426e+00
6.17187500e-03	1.15279365e-02	2.07884807e+00
6.17675781e-03	1.15380884e-02	2.07936234e+00
6.18164063e-03	1.15482428e-02	2.07987707e+00
6.18652344e-03	1.15583997e-02	2.08039226e+00
6.19140625e-03	1.15685591e-02	2.08090791e+00
6.19628906e-03	1.15787211e-02	2.08142401e+00
6.20117188e-03	1.15888855e-02	2.08194058e+00
6.20605469e-03	1.15990525e-02	2.08245761e+00
6.21093750e-03	1.16092220e-02	2.08297510e+00
6.21582031e-03	1.16193941e-02	2.08349305e+00
6.22070313e-03	1.16295686e-02	2.08401146e+00
6.22558594e-03	1.16397457e-02	2.08453033e+00
6.23046875e-03	1.16499254e-02	2.08504966e+00
6.23535156e-03	1.16601076e-02	2.08556946e+00
6.24023438e-03	1.16702923e-02	2.08608971e+00
6.24511719e-03	1.16804795e-02	2.08661043e+00
6.25000000e-03	1.16906693e-02	2.08713160e+00
6.25488281e-03	1.17008617e-02	2.08765324e+00
6.25976563e-03	1.17110566e-02	2.08817534e+00
6.26464844e-03	1.17212540e-02	2.08869790e+00
6.26953125e-03	1.17314540e-02	2.08922093e+00
6.27441406e-03	1.17416566e-02	2.08974442e+00
6.27929687e-03	1.17518617e-02	2.09026836e+00
6.28417969e-03	1.17620693e-02	2.09079278e+00
6.28906250e-03	1.17722796e-02	2.09131765e+00
6.29394531e-03	1.17824924e-02	2.09184299e+00
6.29882813e-03	1.17927077e-02	2.09236878e+00
6.30371094e-03	1.18029257e-02	2.09289505e+00
6.30859375e-03	1.18131462e-02	2.09342177e+00
6.31347656e-03	1.18233692e-02	2.09394896e+00
6.31835937e-03	1.18335949e-02	2.09447661e+00
6.32324219e-03	1.18438231e-02	2.09500473e+00
6.32812500e-03	1.18540539e-02	2.09553331e+00
6.33300781e-03	1.18642873e-02	2.09606235e+00
6.33789063e-03	1.18745233e-02	2.09659186e+00
6.34277344e-03	1.18847618e-02	2.09712183e+00
6.34765625e-03	1.18950030e-02	2.09765226e+00
6.35253906e-03	1.19052467e-02	2.09818316e+00
6.35742187e-03	1.19154930e-02	2.09871452e+00
6.36230469e-03	1.19257420e-02	2.09924635e+00
6.36718750e-03	1.19359935e-02	2.09977864e+00
6.37207031e-03	1.19462476e-02	2.10031140e+00
6.37695313e-03	1.19565044e-02	2.10084462e+00
6.38183594e-03	1.19667637e-02	2.10137831e+00
6.38671875e-03	1.19770256e-02	2.10191246e+00
6.39160156e-03	1.19872902e-02	2.10244708e+00
6.39648437e-03	1.19975573e-02	2.10298216e+00
6.40136719e-03	1.20078271e-02	2.10351771e+00
6.40625000e-03	1.20180995e-02	2.10405372e+00
6.41113281e-03	1.20283745e-02	2.10459020e+00
6.41601563e-03	1.20386521e-02	2.10512715e+00
6.42089844e-03	1.20489324e-02	2.10566456e+00
6.42578125e-03	1.20592153e-02	2.10620244e+00
6.43066406e-03	1.20695008e-02	2.10674079e+00
6.43554687e-03	1.20797889e-02	2.10727960e+00
6.44042969e-03	1.20900797e-02	2.10781888e+00
6.44531250e-03	1.21003731e-02	2.10835862e+00
6.45019531e-03	1.21106691e-02	2.10889884e+00
6.45507813e-03	1.21209678e-02	2.10943951e+00
6.45996094e-03	1.21312691e-02	2.10998066e+00
6.46484375e-03	1.21415731e-02	2.11052228e+00
6.46972656e-03	1.21518797e-02	2.11106436e+00
6.47460937e-03	1.21621889e-02	2.11160691e+00
6.47949219e-03	1.21725009e-02	2.11214992e+00
6.48437500e-03	1.21828154e-02	2.11269341e+00
6.48925781e-03	1.21931326e-02	2.11323736e+00
6.49414063e-03	1.22034525e-02	2.11378178e+00
6.49902344e-03	1.22137750e-02	2.11432667e+00
6.50390625e-03	1.22241002e-02	2.11487203e+00
6.50878906e-03	1.22344281e-02	2.11541786e+00
6.51367187e-03	1.22447586e-02	2.11596415e+00
6.51855469e-03	1.22550918e-02	2.11651091e+00
6.52343750e-03	1.22654277e-02	2.11705815e+00
6.52832031e-03	1.22757662e-02	2.11760585e+00
6.53320313e-03	1.22861074e-02	2.11815402e+00
6.53808594e-03	1.22964513e-02	2.11870266e+00
6.54296875e-03	1.23067979e-02	2.11925177e+00
6.54785156e-03	1.23171471e-02	2.11980135e+00
6.55273437e-03	1.23274990e-02	2.12035140e+00
6.55761719e-03	1.23378537e-02	2.12090192e+00
6.56250000e-03	1.23482110e-02	2.12145291e+00
6.56738281e-03	1.23585710e-02	2.12200437e+00
6.57226563e-03	1.23689337e-02	2.12255631e+00
6.57714844e-03	1.23792991e-02	2.12310871e+00
6.58203125e-03	1.23896672e-02	2.12366158e+00
6.58691406e-03	1.24000380e-02	2.12421492e+00
6.59179688e-03	1.24104114e-02	2.12476874e+00
6.59667969e-03	1.24207876e-02	2.12532302e+00
6.60156250e-03	1.24311666e-02	2.12587778e+00
6.60644531e-03	1.24415482e-02	2.12643300e+00
6.61132813e-03	1.24519325e-02	2.12698870e+00
6.61621094e-03	1.24623195e-02	2.12754487e+00
6.62109375e-03	1.24727093e-02	2.12810152e+00
6.62597656e-03	1.24831018e-02	2.12865863e+00
6.63085938e-03	1.24934970e-02	2.12921622e+00
6.63574219e-03	1.25038949e-02	2.12977428e+00
6.64062500e-03	1.25142956e-02	2.13033281e+00
6.64550781e-03	1.25246990e-02	2.13089181e+00
6.65039063e-03	1.25351051e-02	2.13145129e+00
6.65527344e-03	1.25455139e-02	2.13201124e+00
6.66015625e-03	1.25559255e-02	2.13257166e+00
6.66503906e-03	1.25663398e-02	2.13313256e+00
6.66992188e-03	1.25767569e-02	2.13369392e+00
6.67480469e-03	1.25871767e-02	2.13425577e+00
6.67968750e-03	1.25975992e-02	2.13481808e+00
6.68457031e-03	1.26080245e-02	2.13538087e+00
6.68945313e-03	1.26184525e-02	2.13594413e+00
6.69433594e-03	1.26288833e-02	2.13650787e+00
6.69921875e-03	1.26393169e-02	2.13707208e+00
6.70410156e-03	1.26497532e-02	2.13763676e+00
6.70898438e-03	1.26601922e-02	2.13820192e+00
6.71386719e-03	1.26706340e-02	2.13876756e+00
6.71875000e-03	1.26810786e-02	2.13933367e+00
6.72363281e-03	1.26915260e-02	2.13990025e+00
6.72851563e-03	1.27019761e-02	2.14046731e+00
6.73339844e-03	1.27124290e-02	2.14103484e+00
6.73828125e-03	1.27228846e-02	2.14160285e+00
6.74316406e-03	1.27333431e-02	2.14217133e+00
6.74804688e-03	1.27438043e-02	2.14274029e+00
6.75292969e-03	1.27542683e-02	2.14330973e+00
6.75781250e-03	1.27647350e-02	2.14387964e+00
6.76269531e-03	1.27752046e-02	2.14445002e+00
6.76757812e-03	1.27856769e-02	2.14502089e+00
6.77246094e-03	1.27961521e-02	2.14559223e+00
6.77734375e-03	1.28066300e-02	2.14616404e+00
6.78222656e-03	1.28171107e-02	2.14673633e+00
6.78710938e-03	1.28275942e-02	2.14730910e+00
6.79199219e-03	1.28380805e-02	2.14788235e+00
6.79687500e-03	1.28485696e-02	2.14845607e+00
6.80175781e-03	1.28590615e-02	2.14903027e+00
6.80664062e-03	1.28695563e-02	2.14960495e+00
6.81152344e-03	1.28800538e-02	2.15018010e+00
6.81640625e-03	1.28905541e-02	2.15075573e+00
6.82128906e-03	1.29010573e-02	2.15133184e+00
6.82617188e-03	1.29115632e-02	2.15190843e+00
6.83105469e-03	1.29220720e-02	2.15248549e+00
6.83593750e-03	1.29325836e-02	2.15306303e+00
6.84082031e-03	1.29430980e-02	2.15364106e+00
6.84570312e-03	1.29536152e-02	2.15421956e+00
6.85058594e-03	1.29641353e-02	2.15479853e+00
6.85546875e-03	1.29746582e-02	2.15537799e+00
6.86035156e-03	1.29851839e-02	2.15595793e+00
6.86523438e-03	1.29957125e-02	2.15653834e+00
6.87011719e-03	1.30062439e-02	2.15711923e+00
6.87500000e-03	1.30167781e-02	2.15770061e+00
6.87988281e-03	1.30273151e-02	2.15828246e+00
6.88476562e-03	1.30378551e-02	2.15886479e+00
6.88964844e-03	1.30483978e-02	2.15944760e+00
6.89453125e-03	1.30589434e-02	2.16003090e+00
6.89941406e-03	1.30694919e-02	2.16061467e+00
6.90429688e-03	1.30800432e-02	2.16119892e+00
6.90917969e-03	1.30905973e-02	2.16178365e+00
6.91406250e-03	1.31011543e-02	2.16236886e+00
6.91894531e-03	1.31117142e-02	2.16295456e+00
6.92382812e-03	1.31222769e-02	2.16354073e+00
6.92871094e-03	1.31328425e-02	2.16412739e+00
6.93359375e-03	1.31434110e-02	2.16471452e+00
6.93847656e-03	1.31539823e-02	2.16530214e+00
6.94335938e-03	1.31645565e-02	2.16589024e+00
6.94824219e-03	1.31751336e-02	2.16647882e+00
6.95312500e-03	1.31857136e-02	2.16706788e+00
6.95800781e-03	1.31962964e-02	2.16765742e+00
6.96289062e-03	1.32068821e-02	2.16824745e+00
6.96777344e-03	1.32174707e-02	2.16883796e+00
6.97265625e-03	1.32280621e-02	2.16942895e+00
6.97753906e-03	1.32386565e-02	2.17002042e+00
6.98242188e-03	1.32492537e-02	2.17061237e+00
6.98730469e-03	1.32598539e-02	2.17120481e+00
6.99218750e-03	1.32704569e-02	2.17179773e+00
6.99707031e-03	1.32810629e-02	2.17239113e+00
7.00195312e-03	1.32916717e-02	2.17298502e+00
7.00683594e-03	1.33022834e-02	2.17357939e+00
7.01171875e-03	1.33128980e-02	2.17417424e+00
7.01660156e-03	1.33235156e-02	2.17476958e+00
7.02148438e-03	1.33341360e-02	2.17536540e+00
7.02636719e-03	1.33447594e-02	2.17596170e+00
7.03125000e-03	1.33553857e-02	2.17655849e+00
7.03613281e-03	1.33660148e-02	2.17715576e+00
7.04101562e-03	1.33766469e-02	2.17775352e+00
7.04589844e-03	1.33872820e-02	2.17835176e+00
7.05078125e-03	1.33979199e-02	2.17895049e+00
7.05566406e-03	1.34085608e-02	2.17954970e+00
7.06054688e-03	1.34192046e-02	2.18014940e+00
7.06542969e-03	1.34298513e-02	2.18074958e+00
7.07031250e-03	1.34405010e-02	2.18135024e+00
7.07519531e-03	1.34511536e-02	2.18195139e+00
7.08007812e-03	1.34618091e-02	2.18255303e+00
7.08496094e-03	1.34724675e-02	2.18315515e+00
7.08984375e-03	1.34831290e-02	2.18375776e+00
7.09472656e-03	1.34937933e-02	2.18436086e+00
7.09960938e-03	1.35044606e-02	2.18496444e+00
7.10449219e-03	1.35151309e-02	2.18556851e+00
7.10937500e-03	1.35258040e-02	2.18617306e+00
7.11425781e-03	1.35364802e-02	2.18677810e+00
7.11914063e-03	1.35471593e-02	2.18738363e+00
7.12402344e-03	1.35578414e-02	2.18798964e+00
7.12890625e-03	1.35685264e-02	2.18859614e+00
7.13378906e-03	1.35792144e-02	2.18920313e+00
7.13867188e-03	1.35899053e-02	2.18981061e+00
7.14355469e-03	1.36005992e-02	2.19041857e+00
7.14843750e-03	1.36112961e-02	2.19102702e+00
7.15332031e-03	1.36219960e-02	2.19163596e+00
7.15820313e-03	1.36326988e-02	2.19224539e+00
7.16308594e-03	1.36434046e-02	2.19285530e+00
7.16796875e-03	1.36541134e-02	2.19346571e+00
7.17285156e-03	1.36648252e-02	2.19407660e+00
7.17773438e-03	1.36755400e-02	2.19468798e+00
7.18261719e-03	1.36862577e-02	2.19529985e+00
7.18750000e-03	1.36969784e-02	2.19591221e+00
7.19238281e-03	1.37077022e-02	2.19652505e+00
7.19726563e-03	1.37184289e-02	2.19713839e+00
7.20214844e-03	1.37291586e-02	2.19775222e+00
7.20703125e-03	1.37398913e-02	2.19836653e+00
7.21191406e-03	1.37506270e-02	2.19898134e+00
7.21679688e-03	1.37613657e-02	2.19959663e+00
7.22167969e-03	1.37721075e-02	2.20021242e+00
7.22656250e-03	1.37828522e-02	2.20082869e+00
7.23144531e-03	1.37935999e-02	2.20144546e+00
7.23632813e-03	1.38043507e-02	2.20206271e+00
7.24121094e-03	1.38151044e-02	2.20268046e+00
7.24609375e-03	1.38258612e-02	2.20329870e+00
7.25097656e-03	1.38366210e-02	2.20391743e+00
7.25585937e-03	1.38473839e-02	2.20453665e+00
7.26074219e-03	1.38581497e-02	2.20515636e+00
7.26562500e-03	1.38689186e-02	2.20577656e+00
7.27050781e-03	1.38796905e-02	2.20639726e+00
7.27539063e-03	1.38904654e-02	2.20701844e+00
7.28027344e-03	1.39012434e-02	2.20764012e+00
7.28515625e-03	1.39120244e-02	2.20826229e+00
7.29003906e-03	1.39228085e-02	2.20888495e+00
7.29492187e-03	1.39335956e-02	2.20950811e+00
7.29980469e-03	1.39443857e-02	2.21013175e+00
7.30468750e-03	1.39551789e-02	2.21075589e+00
7.30957031e-03	1.39659751e-02	2.21138053e+00
7.31445313e-03	1.39767744e-02	2.21200565e+00
7.31933594e-03	1.39875767e-02	2.21263127e+00
7.32421875e-03	1.39983821e-02	2.21325738e+00
7.32910156e-03	1.40091906e-02	2.21388399e+00
7.33398437e-03	1.40200021e-02	2.21451109e+00
7.33886719e-03	1.40308167e-02	2.21513868e+00
7.34375000e-03	1.40416343e-02	2.21576677e+00
7.34863281e-03	1.40524550e-02	2.21639535e+00
7.35351563e-03	1.40632788e-02	2.21702442e+00
7.35839844e-03	1.40741057e-02	2.21765399e+00
7.36328125e-03	1.40849356e-02	2.21828406e+00
7.36816406e-03	1.40957686e-02	2.21891462e+00
7.37304687e-03	1.41066047e-02	2.21954567e+00
7.37792969e-03	1.41174438e-02	2.22017722e+00
7.38281250e-03	1.41282861e-02	2.22080927e+00
7.38769531e-03	1.41391314e-02	2.22144181e+00
7.39257813e-03	1.41499799e-02	2.22207484e+00
7.39746094e-03	1.41608314e-02	2.22270837e+00
7.40234375e-03	1.41716860e-02	2.22334240e+00
7.40722656e-03	1.41825437e-02	2.22397692e+00
7.41210937e-03	1.41934045e-02	2.22461194e+00
7.41699219e-03	1.42042684e-02	2.22524746e+00
7.42187500e-03	1.42151355e-02	2.22588347e+00
7.42675781e-03	1.42260056e-02	2.22651998e+00
7.43164063e-03	1.42368788e-02	2.22715699e+00
7.43652344e-03	1.42477552e-02	2.22779449e+00
7.44140625e-03	1.42586346e-02	2.22843249e+00
7.44628906e-03	1.42695172e-02	2.22907099e+00
7.45117187e-03	1.42804029e-02	2.22970998e+00
7.45605469e-03	1.42912917e-02	2.23034947e+00
7.46093750e-03	1.43021837e-02	2.23098947e+00
7.46582031e-03	1.43130787e-02	2.23162995e+00
7.47070313e-03	1.43239769e-02	2.23227094e+00
7.47558594e-03	1.43348782e-02	2.23291243e+00
7.48046875e-03	1.43457827e-02	2.23355441e+00
7.48535156e-03	1.43566903e-02	2.23419689e+00
7.49023437e-03	1.43676010e-02	2.23483987e+00
7.49511719e-03	1.43785149e-02	2.23548335e+00
7.50000000e-03	1.43894319e-02	2.23612733e+00
7.50488281e-03	1.44003521e-02	2.23677181e+00
7.50976563e-03	1.44112754e-02	2.23741679e+00
7.51464844e-03	1.44222019e-02	2.23806226e+00
7.51953125e-03	1.44331315e-02	2.23870824e+00
7.52441406e-03	1.44440643e-02	2.23935472e+00
7.52929687e-03	1.44550002e-02	2.24000170e+00
7.53417969e-03	1.44659393e-02	2.24064917e+00
7.53906250e-03	1.44768815e-02	2.24129715e+00
7.54394531e-03	1.44878269e-02	2.24194563e+00
7.54882813e-03	1.44987755e-02	2.24259461e+00
7.55371094e-03	1.45097273e-02	2.24324409e+00
7.55859375e-03	1.45206822e-02	2.24389407e+00
7.56347656e-03	1.45316403e-02	2.24454455e+00
7.56835938e-03	1.45426016e-02	2.24519554e+00
7.57324219e-03	1.45535660e-02	2.24584702e+00
7.57812500e-03	1.45645337e-02	2.24649901e+00
7.58300781e-03	1.45755045e-02	2.24715150e+00
7.58789063e-03	1.45864785e-02	2.24780449e+00
7.59277344e-03	1.45974557e-02	2.24845799e+00
7.59765625e-03	1.46084361e-02	2.24911198e+00
7.60253906e-03	1.46194197e-02	2.24976648e+00
7.60742188e-03	1.46304065e-02	2.25042148e+00
7.61230469e-03	1.46413965e-02	2.25107699e+00
7.61718750e-03	1.46523897e-02	2.25173300e+00
7.62207031e-03	1.46633861e-02	2.25238951e+00
7.62695313e-03	1.46743857e-02	2.25304652e+00
7.63183594e-03	1.46853885e-02	2.25370404e+00
7.63671875e-03	1.46963945e-02	2.25436206e+00
7.64160156e-03	1.47074037e-02	2.25502059e+00
7.64648438e-03	1.47184162e-02	2.25567962e+00
7.65136719e-03	1.47294319e-02	2.25633915e+00
7.65625000e-03	1.47404508e-02	2.25699919e+00
7.66113281e-03	1.47514729e-02	2.25765973e+00
7.66601563e-03	1.47624982e-02	2.25832078e+00
7.67089844e-03	1.47735268e-02	2.25898233e+00
7.67578125e-03	1.47845586e-02	2.25964439e+00
7.68066406e-03	1.47955936e-02	2.26030695e+00
7.68554688e-03	1.48066319e-02	2.26097002e+00
7.69042969e-03	1.48176734e-02	2.26163360e+00
7.69531250e-03	1.48287182e-02	2.26229768e+00
7.70019531e-03	1.48397662e-02	2.26296226e+00
7.70507813e-03	1.48508174e-02	2.26362735e+00
7.70996094e-03	1.48618719e-02	2.26429295e+00
7.71484375e-03	1.48729296e-02	2.26495906e+00
7.71972656e-03	1.48839906e-02	2.26562567e+00
7.72460938e-03	1.48950549e-02	2.26629279e+00
7.72949219e-03	1.49061224e-02	2.26696041e+00
7.73437500e-03	1.49171932e-02	2.26762854e+00
7.73925781e-03	1.49282672e-02	2.26829718e+00
7.74414063e-03	1.49393445e-02	2.26896633e+00
7.74902344e-03	1.49504251e-02	2.26963599e+00
7.75390625e-03	1.49615089e-02	2.27030615e+00
7.75878906e-03	1.49725961e-02	2.27097682e+00
7.76367188e-03	1.49836864e-02	2.27164800e+00
7.76855469e-03	1.49947801e-02	2.27231968e+00
7.77343750e-03	1.50058771e-02	2.27299188e+00
7.77832031e-03	1.50169773e-02	2.27366458e+00
7.78320312e-03	1.50280808e-02	2.27433780e+00
7.78808594e-03	1.50391876e-02	2.27501152e+00
7.79296875e-03	1.50502977e-02	2.27568575e+00
7.79785156e-03	1.50614111e-02	2.27636049e+00
7.80273438e-03	1.50725278e-02	2.27703574e+00
7.80761719e-03	1.50836478e-02	2.27771150e+00
7.81250000e-03	1.50947711e-02	2.27838777e+00
7.81738281e-03	1.51058977e-02	2.27906455e+00
7.82226562e-03	1.51170276e-02	2.27974184e+00
7.82714844e-03	1.51281608e-02	2.28041964e+00
7.83203125e-03	1.51392973e-02	2.28109795e+00
7.83691406e-03	1.51504371e-02	2.28177677e+00
7.84179687e-03	1.51615803e-02	2.28245610e+00
7.84667969e-03	1.51727268e-02	2.28313595e+00
7.85156250e-03	1.51838765e-02	2.28381630e+00
7.85644531e-03	1.51950297e-02	2.28449717e+00
7.86132813e-03	1.52061861e-02	2.28517855e+00
7.86621094e-03	1.52173458e-02	2.28586043e+00
7.87109375e-03	1.52285089e-02	2.28654284e+00
7.87597656e-03	1.52396754e-02	2.28722575e+00
7.88085938e-03	1.52508451e-02	2.28790918e+00
7.88574219e-03	1.52620182e-02	2.28859311e+00
7.89062500e-03	1.52731947e-02	2.28927756e+00
7.89550781e-03	1.52843745e-02	2.28996253e+00
7.90039062e-03	1.52955576e-02	2.29064801e+00
7.90527344e-03	1.53067441e-02	2.29133400e+00
7.91015625e-03	1.53179339e-02	2.29202050e+00
7.91503906e-03	1.53291271e-02	2.29270752e+00
7.91992187e-03	1.53403236e-02	2.29339505e+00
7.92480469e-03	1.53515235e-02	2.29408309e+00
7.92968750e-03	1.53627268e-02	2.29477165e+00
7.93457031e-03	1.53739334e-02	2.29546072e+00
7.93945313e-03	1.53851434e-02	2.29615031e+00
7.94433594e-03	1.53963567e-02	2.29684041e+00
7.94921875e-03	1.54075735e-02	2.29753103e+00
7.95410156e-03	1.54187936e-02	2.29822216e+00
7.95898438e-03	1.54300171e-02	2.29891380e+00
7.96386719e-03	1.54412439e-02	2.29960596e+00
7.96875000e-03	1.54524741e-02	2.30029864e+00
7.97363281e-03	1.54637078e-02	2.30099183e+00
7.97851562e-03	1.54749448e-02	2.30168554e+00
7.98339844e-03	1.54861852e-02	2.30237977e+00
7.98828125e-03	1.54974289e-02	2.30307451e+00
7.99316406e-03	1.55086761e-02	2.30376976e+00
7.99804687e-03	1.55199267e-02	2.30446554e+00
8.00292969e-03	1.55311807e-02	2.30516183e+00
8.00781250e-03	1.55424380e-02	2.30585863e+00
8.01269531e-03	1.55536988e-02	2.30655596e+00
8.01757813e-03	1.55649630e-02	2.30725380e+00
8.02246094e-03	1.55762306e-02	2.30795216e+00
8.02734375e-03	1.55875016e-02	2.30865103e+00
8.03222656e-03	1.55987760e-02	2.30935043e+00
8.03710938e-03	1.56100539e-02	2.31005034e+00
8.04199219e-03	1.56213351e-02	2.31075077e+00
8.04687500e-03	1.56326198e-02	2.31145171e+00
8.05175781e-03	1.56439079e-02	2.31215318e+00
8.05664062e-03	1.56551994e-02	2.31285517e+00
8.06152344e-03	1.56664944e-02	2.31355767e+00
8.06640625e-03	1.56777927e-02	2.31426069e+00
8.07128906e-03	1.56890946e-02	2.31496424e+00
8.07617187e-03	1.57003998e-02	2.31566830e+00
8.08105469e-03	1.57117085e-02	2.31637288e+00
8.08593750e-03	1.57230206e-02	2.31707798e+00
8.09082031e-03	1.57343362e-02	2.31778360e+00
8.09570313e-03	1.57456553e-02	2.31848974e+00
8.10058594e-03	1.57569777e-02	2.31919640e+00
8.10546875e-03	1.57683037e-02	2.31990358e+00
8.11035156e-03	1.57796330e-02	2.32061128e+00
8.11523438e-03	1.57909659e-02	2.32131951e+00
8.12011719e-03	1.58023022e-02	2.32202825e+00
8.12500000e-03	1.58136419e-02	2.32273752e+00
8.12988281e-03	1.58249852e-02	2.32344730e+00
8.13476563e-03	1.58363319e-02	2.32415761e+00
8.13964844e-03	1.58476820e-02	2.32486844e+00
8.14453125e-03	1.58590356e-02	2.32557979e+00
8.14941406e-03	1.58703928e-02	2.32629166e+00
8.15429687e-03	1.58817533e-02	2.32700406e+00
8.15917969e-03	1.58931174e-02	2.32771698e+00
8.16406250e-03	1.59044850e-02	2.32843042e+00
8.16894531e-03	1.59158560e-02	2.32914438e+00
8.17382813e-03	1.59272305e-02	2.32985887e+00
8.17871094e-03	1.59386085e-02	2.33057388e+00
8.18359375e-03	1.59499900e-02	2.33128941e+00
8.18847656e-03	1.59613750e-02	2.33200547e+00
8.19335938e-03	1.59727635e-02	2.33272205e+00
8.19824219e-03	1.59841555e-02	2.33343915e+00
8.20312500e-03	1.59955510e-02	2.33415678e+00
8.20800781e-03	1.60069500e-02	2.33487493e+00
8.21289063e-03	1.60183525e-02	2.33559361e+00
8.21777344e-03	1.60297585e-02	2.33631281e+00
8.22265625e-03	1.60411681e-02	2.33703253e+00
8.22753906e-03	1.60525811e-02	2.33775278e+00
8.23242187e-03	1.60639977e-02	2.33847356e+00
8.23730469e-03	1.60754178e-02	2.33919486e+00
8.24218750e-03	1.60868414e-02	2.33991669e+00
8.24707031e-03	1.60982685e-02	2.34063904e+00
8.25195312e-03	1.61096992e-02	2.34136192e+00
8.25683594e-03	1.61211334e-02	2.34208533e+00
8.26171875e-03	1.61325711e-02	2.34280926e+00
8.26660156e-03	1.61440124e-02	2.34353371e+00
8.27148438e-03	1.61554572e-02	2.34425870e+00
8.27636719e-03	1.61669055e-02	2.34498421e+00
8.28125000e-03	1.61783574e-02	2.34571025e+00
8.28613281e-03	1.61898129e-02	2.34643681e+00
8.29101563e-03	1.62012719e-02	2.34716391e+00
8.29589844e-03	1.62127344e-02	2.34789153e+00
8.30078125e-03	1.62242005e-02	2.34861967e+00
8.30566406e-03	1.62356701e-02	2.34934835e+00
8.31054687e-03	1.62471433e-02	2.35007755e+00
8.31542969e-03	1.62586201e-02	2.35080729e+00
8.32031250e-03	1.62701004e-02	2.35153755e+00
8.32519531e-03	1.62815843e-02	2.35226834e+00
8.33007812e-03	1.62930718e-02	2.35299965e+00
8.33496094e-03	1.63045629e-02	2.35373150e+00
8.33984375e-03	1.63160575e-02	2.35446388e+00
8.34472656e-03	1.63275557e-02	2.35519678e+00
8.34960938e-03	1.63390575e-02	2.35593022e+00
8.35449219e-03	1.63505628e-02	2.35666418e+00
8.35937500e-03	1.63620718e-02	2.35739868e+00
8.36425781e-03	1.63735843e-02	2.35813371e+00
8.36914063e-03	1.63851004e-02	2.35886926e+00
8.37402344e-03	1.63966201e-02	2.35960535e+00
8.37890625e-03	1.64081434e-02	2.36034197e+00
8.38378906e-03	1.64196703e-02	2.36107911e+00
8.38867187e-03	1.64312008e-02	2.36181679e+00
8.39355469e-03	1.64427349e-02	2.36255500e+00
8.39843750e-03	1.64542727e-02	2.36329375e+00
8.40332031e-03	1.64658140e-02	2.36403302e+00
8.40820312e-03	1.64773589e-02	2.36477283e+00
8.41308594e-03	1.64889075e-02	2.36551316e+00
8.41796875e-03	1.65004596e-02	2.36625403e+00
8.42285156e-03	1.65120154e-02	2.36699544e+00
8.42773438e-03	1.65235748e-02	2.36773737e+00
8.43261719e-03	1.65351379e-02	2.36847984e+00
8.43750000e-03	1.65467045e-02	2.36922284e+00
8.44238281e-03	1.65582748e-02	2.36996637e+00
8.44726563e-03	1.65698487e-02	2.37071044e+00
8.45214844e-03	1.65814263e-02	2.37145504e+00
8.45703125e-03	1.65930075e-02	2.37220018e+00
8.46191406e-03	1.66045923e-02	2.37294585e+00
8.46679687e-03	1.66161808e-02	2.37369205e+00
8.47167969e-03	1.66277729e-02	2.37443879e+00
8.47656250e-03	1.66393686e-02	2.37518606e+00
8.48144531e-03	1.66509681e-02	2.37593386e+00
8.48632812e-03	1.66625711e-02	2.37668221e+00
8.49121094e-03	1.66741779e-02	2.37743108e+00
8.49609375e-03	1.66857882e-02	2.37818049e+00
8.50097656e-03	1.66974023e-02	2.37893044e+00
8.50585938e-03	1.67090200e-02	2.37968093e+00
8.51074219e-03	1.67206413e-02	2.38043194e+00
8.51562500e-03	1.67322664e-02	2.38118350e+00
8.52050781e-03	1.67438951e-02	2.38193559e+00
8.52539063e-03	1.67555275e-02	2.38268822e+00
8.53027344e-03	1.67671635e-02	2.38344138e+00
8.53515625e-03	1.67788033e-02	2.38419508e+00
8.54003906e-03	1.67904467e-02	2.38494932e+00
8.54492188e-03	1.68020938e-02	2.38570410e+00
8.54980469e-03	1.68137446e-02	2.38645941e+00
8.55468750e-03	1.68253991e-02	2.38721526e+00
8.55957031e-03	1.68370572e-02	2.38797165e+00
8.56445312e-03	1.68487191e-02	2.38872857e+00
8.56933594e-03	1.68603847e-02	2.38948604e+00
8.57421875e-03	1.68720539e-02	2.39024404e+00
8.57910156e-03	1.68837269e-02	2.39100258e+00
8.58398438e-03	1.68954036e-02	2.39176166e+00
8.58886719e-03	1.69070839e-02	2.39252128e+00
8.59375000e-03	1.69187680e-02	2.39328144e+00
8.59863281e-03	1.69304558e-02	2.39404214e+00
8.60351563e-03	1.69421473e-02	2.39480338e+00
8.60839844e-03	1.69538426e-02	2.39556515e+00
8.61328125e-03	1.69655415e-02	2.39632747e+00
8.61816406e-03	1.69772442e-02	2.39709033e+00
8.62304688e-03	1.69889506e-02	2.39785372e+00
8.62792969e-03	1.70006608e-02	2.39861766e+00
8.63281250e-03	1.70123746e-02	2.39938214e+00
8.63769531e-03	1.70240922e-02	2.40014716e+00
8.64257812e-03	1.70358136e-02	2.40091272e+00
8.64746094e-03	1.70475386e-02	2.40167882e+00
8.65234375e-03	1.70592675e-02	2.40244547e+00
8.65722656e-03	1.70710000e-02	2.40321265e+00
8.66210938e-03	1.70827363e-02	2.40398038e+00
8.66699219e-03	1.70944764e-02	2.40474865e+00
8.67187500e-03	1.71062202e-02	2.40551746e+00
8.67675781e-03	1.71179678e-02	2.40628681e+00
8.68164063e-03	1.71297191e-02	2.40705671e+00
8.68652344e-03	1.71414742e-02	2.40782715e+00
8.69140625e-03	1.71532330e-02	2.40859813e+00
8.69628906e-03	1.71649957e-02	2.40936966e+00
8.70117188e-03	1.71767620e-02	2.41014172e+00
8.70605469e-03	1.71885322e-02	2.41091434e+00
8.71093750e-03	1.72003061e-02	2.41168749e+00
8.71582031e-03	1.72120838e-02	2.41246119e+00
8.72070312e-03	1.72238653e-02	2.41323544e+00
8.72558594e-03	1.72356506e-02	2.41401023e+00
8.73046875e-03	1.72474396e-02	2.41478556e+00
8.73535156e-03	1.72592325e-02	2.41556144e+00
8.74023438e-03	1.72710291e-02	2.41633787e+00
8.74511719e-03	1.72828295e-02	2.41711484e+00
8.75000000e-03	1.72946338e-02	2.41789235e+00
8.75488281e-03	1.73064418e-02	2.41867041e+00
8.75976563e-03	1.73182536e-02	2.41944902e+00
8.76464844e-03	1.73300692e-02	2.42022817e+00
8.76953125e-03	1.73418886e-02	2.42100787e+00
8.77441406e-03	1.73537119e-02	2.42178811e+00
8.77929688e-03	1.73655389e-02	2.42256891e+00
8.78417969e-03	1.73773698e-02	2.42335024e+00
8.78906250e-03	1.73892044e-02	2.42413213e+00
8.79394531e-03	1.74010429e-02	2.42491456e+00
8.79882812e-03	1.74128852e-02	2.42569754e+00
8.80371094e-03	1.74247314e-02	2.42648107e+00
8.80859375e-03	1.74365813e-02	2.42726515e+00
8.81347656e-03	1.74484351e-02	2.42804977e+00
8.81835937e-03	1.74602928e-02	2.42883494e+00
8.82324219e-03	1.74721542e-02	2.42962066e+00
8.82812500e-03	1.74840195e-02	2.43040693e+00
8.83300781e-03	1.74958887e-02	2.43119375e+00
8.83789063e-03	1.75077617e-02	2.43198112e+00
8.84277344e-03	1.75196385e-02	2.43276903e+00
8.84765625e-03	1.75315192e-02	2.43355750e+00
8.85253906e-03	1.75434037e-02	2.43434651e+00
8.85742188e-03	1.75552921e-02	2.43513608e+00
8.86230469e-03	1.75671843e-02	2.43592620e+00
8.86718750e-03	1.75790804e-02	2.43671686e+00
8.87207031e-03	1.75909804e-02	2.43750808e+00
8.87695312e-03	1.76028842e-02	2.43829984e+00
8.88183594e-03	1.76147919e-02	2.43909216e+00
8.88671875e-03	1.76267035e-02	2.43988503e+00
8.89160156e-03	1.76386189e-02	2.44067845e+00
8.89648437e-03	1.76505382e-02	2.44147242e+00
8.90136719e-03	1.76624614e-02	2.44226695e+00
8.90625000e-03	1.76743885e-02	2.44306202e+00
8.91113281e-03	1.76863195e-02	2.44385765e+00
8.91601563e-03	1.76982543e-02	2.44465383e+00
8.92089844e-03	1.77101930e-02	2.44545056e+00
8.92578125e-03	1.77221357e-02	2.44624785e+00
8.93066406e-03	1.77340822e-02	2.44704568e+00
8.93554688e-03	1.77460326e-02	2.44784407e+00
8.94042969e-03	1.77579869e-02	2.44864302e+00
8.94531250e-03	1.77699451e-02	2.44944252e+00
8.95019531e-03	1.77819072e-02	2.45024257e+00
8.95507812e-03	1.77938733e-02	2.45104317e+00
8.95996094e-03	1.78058432e-02	2.45184433e+00
8.96484375e-03	1.78178171e-02	2.45264605e+00
8.96972656e-03	1.78297948e-02	2.45344832e+00
8.97460937e-03	1.78417765e-02	2.45425114e+00
8.97949219e-03	1.78537621e-02	2.45505452e+00
8.98437500e-03	1.78657517e-02	2.45585845e+00
8.98925781e-03	1.78777451e-02	2.45666294e+00
8.99414063e-03	1.78897425e-02	2.45746798e+00
8.99902344e-03	1.79017438e-02	2.45827358e+00
9.00390625e-03	1.79137491e-02	2.45907974e+00
9.00878906e-03	1.79257583e-02	2.45988645e+00
9.01367188e-03	1.79377714e-02	2.46069372e+00
9.01855469e-03	1.79497885e-02	2.46150155e+00
9.02343750e-03	1.79618095e-02	2.46230993e+00
9.02832031e-03	1.79738345e-02	2.46311887e+00
9.03320312e-03	1.79858634e-02	2.46392837e+00
9.03808594e-03	1.79978963e-02	2.46473842e+00
9.04296875e-03	1.80099331e-02	2.46554903e+00
9.04785156e-03	1.80219739e-02	2.46636020e+00
9.05273437e-03	1.80340187e-02	2.46717193e+00
9.05761719e-03	1.80460674e-02	2.46798421e+00
9.06250000e-03	1.80581201e-02	2.46879706e+00
9.06738281e-03	1.80701768e-02	2.46961046e+00
9.07226563e-03	1.80822374e-02	2.47042442e+00
9.07714844e-03	1.80943020e-02	2.47123895e+00
9.08203125e-03	1.81063706e-02	2.47205403e+00
9.08691406e-03	1.81184431e-02	2.47286967e+00
9.09179688e-03	1.81305197e-02	2.47368587e+00
9.09667969e-03	1.81426002e-02	2.47450263e+00
9.10156250e-03	1.81546848e-02	2.47531995e+00
9.10644531e-03	1.81667733e-02	2.47613783e+00
9.11132813e-03	1.81788658e-02	2.47695627e+00
9.11621094e-03	1.81909623e-02	2.47777527e+00
9.12109375e-03	1.82030628e-02	2.47859483e+00
9.12597656e-03	1.82151673e-02	2.47941496e+00
9.13085937e-03	1.82272759e-02	2.48023564e+00
9.13574219e-03	1.82393884e-02	2.48105689e+00
9.14062500e-03	1.82515049e-02	2.48187870e+00
9.14550781e-03	1.82636255e-02	2.48270107e+00
9.15039063e-03	1.82757501e-02	2.48352400e+00
9.15527344e-03	1.82878787e-02	2.48434750e+00
9.16015625e-03	1.83000113e-02	2.48517156e+00
9.16503906e-03	1.83121479e-02	2.48599618e+00
9.16992188e-03	1.83242886e-02	2.48682136e+00
9.17480469e-03	1.83364333e-02	2.48764711e+00
9.17968750e-03	1.83485820e-02	2.48847342e+00
9.18457031e-03	1.83607348e-02	2.48930030e+00
9.18945313e-03	1.83728916e-02	2.49012774e+00
9.19433594e-03	1.83850524e-02	2.49095574e+00
9.19921875e-03	1.83972173e-02	2.49178431e+00
9.20410156e-03	1.84093863e-02	2.49261344e+00
9.20898437e-03	1.84215593e-02	2.49344314e+00
9.21386719e-03	1.84337363e-02	2.49427340e+00
9.21875000e-03	1.84459174e-02	2.49510423e+00
9.22363281e-03	1.84581026e-02	2.49593562e+00
9.22851563e-03	1.84702918e-02	2.49676758e+00
9.23339844e-03	1.84824850e-02	2.49760011e+00
9.23828125e-03	1.84946824e-02	2.49843320e+00
9.24316406e-03	1.85068838e-02	2.49926685e+00
9.24804688e-03	1.85190893e-02	2.50010108e+00
9.25292969e-03	1.85312989e-02	2.50093587e+00
9.25781250e-03	1.85435125e-02	2.50177122e+00
9.26269531e-03	1.85557302e-02	2.50260715e+00
9.26757813e-03	1.85679520e-02	2.50344364e+00
9.27246094e-03	1.85801779e-02	2.50428070e+00
9.27734375e-03	1.85924079e-02	2.50511833e+00
9.28222656e-03	1.86046420e-02	2.50595652e+00
9.28710937e-03	1.86168801e-02	2.50679529e+00
9.29199219e-03	1.86291224e-02	2.50763462e+00
9.29687500e-03	1.86413687e-02	2.50847452e+00
9.30175781e-03	1.86536192e-02	2.50931499e+00
9.30664062e-03	1.86658738e-02	2.51015603e+00
9.31152344e-03	1.86781325e-02	2.51099764e+00
9.31640625e-03	1.86903952e-02	2.51183981e+00
9.32128906e-03	1.87026621e-02	2.51268256e+00
9.32617188e-03	1.87149332e-02	2.51352588e+00
9.33105469e-03	1.87272083e-02	2.51436977e+00
9.33593750e-03	1.87394876e-02	2.51521423e+00
9.34082031e-03	1.87517709e-02	2.51605925e+00
9.34570313e-03	1.87640584e-02	2.51690485e+00
9.35058594e-03	1.87763501e-02	2.51775102e+00
9.35546875e-03	1.87886459e-02	2.51859777e+00
9.36035156e-03	1.88009458e-02	2.51944508e+00
9.36523437e-03	1.88132498e-02	2.52029297e+00
9.37011719e-03	1.88255580e-02	2.52114142e+00
9.37500000e-03	1.88378703e-02	2.52199045e+00
9.37988281e-03	1.88501868e-02	2.52284005e+00
9.38476562e-03	1.88625074e-02	2.52369023e+00
9.38964844e-03	1.88748322e-02	2.52454098e+00
9.39453125e-03	1.88871612e-02	2.52539230e+00
9.39941406e-03	1.88994943e-02	2.52624419e+00
9.40429688e-03	1.89118315e-02	2.52709666e+00
9.40917969e-03	1.89241729e-02	2.52794970e+00
9.41406250e-03	1.89365185e-02	2.52880331e+00
9.41894531e-03	1.89488683e-02	2.52965750e+00
9.42382813e-03	1.89612222e-02	2.53051226e+00
9.42871094e-03	1.89735803e-02	2.53136760e+00
9.43359375e-03	1.89859426e-02	2.53222351e+00
9.43847656e-03	1.89983091e-02	2.53308000e+00
9.44335937e-03	1.90106797e-02	2.53393706e+00
9.44824219e-03	1.90230546e-02	2.53479470e+00
9.45312500e-03	1.90354336e-02	2.53565292e+00
9.45800781e-03	1.90478168e-02	2.53651171e+00
9.46289062e-03	1.90602042e-02	2.53737107e+00
9.46777344e-03	1.90725958e-02	2.53823102e+00
9.47265625e-03	1.90849916e-02	2.53909153e+00
9.47753906e-03	1.90973916e-02	2.53995263e+00
9.48242188e-03	1.91097958e-02	2.54081430e+00
9.48730469e-03	1.91222043e-02	2.54167655e+00
9.49218750e-03	1.91346169e-02	2.54253938e+00
9.49707031e-03	1.91470338e-02	2.54340279e+00
9.50195313e-03	1.91594548e-02	2.54426677e+00
9.50683594e-03	1.91718801e-02	2.54513133e+00
9.51171875e-03	1.91843096e-02	2.54599647e+00
9.51660156e-03	1.91967434e-02	2.54686219e+00
9.52148438e-03	1.92091813e-02	2.54772848e+00
9.52636719e-03	1.92216235e-02	2.54859536e+00
9.53125000e-03	1.92340700e-02	2.54946281e+00
9.53613281e-03	1.92465206e-02	2.55033085e+00
9.54101562e-03	1.92589755e-02	2.55119946e+00
9.54589844e-03	1.92714347e-02	2.55206866e+00
9.55078125e-03	1.92838981e-02	2.55293843e+00
9.55566406e-03	1.92963657e-02	2.55380879e+00
9.56054688e-03	1.93088376e-02	2.55467972e+00
9.56542969e-03	1.93213138e-02	2.55555124e+00
9.57031250e-03	1.93337942e-02	2.55642334e+00
9.57519531e-03	1.93462788e-02	2.55729601e+00
9.58007813e-03	1.93587678e-02	2.55816927e+00
9.58496094e-03	1.93712610e-02	2.55904312e+00
9.58984375e-03	1.93837584e-02	2.55991754e+00
9.59472656e-03	1.93962602e-02	2.56079254e+00
9.59960938e-03	1.94087662e-02	2.56166813e+00
9.60449219e-03	1.94212765e-02	2.56254430e+00
9.60937500e-03	1.94337910e-02	2.56342106e+00
9.61425781e-03	1.94463099e-02	2.56429839e+00
9.61914062e-03	1.94588330e-02	2.56517631e+00
9.62402344e-03	1.94713604e-02	2.56605482e+00
9.62890625e-03	1.94838921e-02	2.56693390e+00
9.63378906e-03	1.94964281e-02	2.56781358e+00
9.63867188e-03	1.95089684e-02	2.56869383e+00
9.64355469e-03	1.95215130e-02	2.56957467e+00
9.64843750e-03	1.95340619e-02	2.57045610e+00
9.65332031e-03	1.95466151e-02	2.57133810e+00
9.65820313e-03	1.95591727e-02	2.57222070e+00
9.66308594e-03	1.95717345e-02	2.57310388e+00
9.66796875e-03	1.95843006e-02	2.57398764e+00
9.67285156e-03	1.95968711e-02	2.57487200e+00
9.67773438e-03	1.96094459e-02	2.57575693e+00
9.68261719e-03	1.96220250e-02	2.57664246e+00
9.68750000e-03	1.96346084e-02	2.57752857e+00
9.69238281e-03	1.96471961e-02	2.57841526e+00
9.69726562e-03	1.96597882e-02	2.57930255e+00
9.70214844e-03	1.96723846e-02	2.58019042e+00
9.70703125e-03	1.96849854e-02	2.58107887e+00
9.71191406e-03	1.96975905e-02	2.58196792e+00
9.71679688e-03	1.97101999e-02	2.58285755e+00
9.72167969e-03	1.97228137e-02	2.58374778e+00
9.72656250e-03	1.97354318e-02	2.58463859e+00
9.73144531e-03	1.97480543e-02	2.58552998e+00
9.73632813e-03	1.97606812e-02	2.58642197e+00
9.74121094e-03	1.97733124e-02	2.58731455e+00
9.74609375e-03	1.97859479e-02	2.58820771e+00
9.75097656e-03	1.97985878e-02	2.58910147e+00
9.75585938e-03	1.98112321e-02	2.58999581e+00
9.76074219e-03	1.98238808e-02	2.59089075e+00
9.76562500e-03	1.98365338e-02	2.59178627e+00
9.77050781e-03	1.98491912e-02	2.59268239e+00
9.77539062e-03	1.98618529e-02	2.59357909e+00
9.78027344e-03	1.98745191e-02	2.59447639e+00
9.78515625e-03	1.98871896e-02	2.59537428e+00
9.79003906e-03	1.98998645e-02	2.59627276e+00
9.79492187e-03	1.99125438e-02	2.59717183e+00
9.79980469e-03	1.99252275e-02	2.59807149e+00
9.80468750e-03	1.99379156e-02	2.59897174e+00
9.80957031e-03	1.99506081e-02	2.59987259e+00
9.81445313e-03	1.99633050e-02	2.60077403e+00
9.81933594e-03	1.99760063e-02	2.60167606e+00
9.82421875e-03	1.99887120e-02	2.60257869e+00
9.82910156e-03	2.00014221e-02	2.60348191e+00
9.83398438e-03	2.00141366e-02	2.60438572e+00
9.83886719e-03	2.00268556e-02	2.60529012e+00
9.84375000e-03	2.00395789e-02	2.60619512e+00
9.84863281e-03	2.00523067e-02	2.60710071e+00
9.85351562e-03	2.00650389e-02	2.60800690e+00
9.85839844e-03	2.00777755e-02	2.60891368e+00
9.86328125e-03	2.00905166e-02	2.60982106e+00
9.86816406e-03	2.01032621e-02	2.61072903e+00
9.87304687e-03	2.01160120e-02	2.61163760e+00
9.87792969e-03	2.01287663e-02	2.61254676e+00
9.88281250e-03	2.01415251e-02	2.61345652e+00
9.88769531e-03	2.01542884e-02	2.61436687e+00
9.89257813e-03	2.01670561e-02	2.61527783e+00
9.89746094e-03	2.01798282e-02	2.61618937e+00
9.90234375e-03	2.01926048e-02	2.61710152e+00
9.90722656e-03	2.02053858e-02	2.61801426e+00
9.91210938e-03	2.02181713e-02	2.61892760e+00
9.91699219e-03	2.02309613e-02	2.61984153e+00
9.92187500e-03	2.02437557e-02	2.62075606e+00
9.92675781e-03	2.02565546e-02	2.62167119e+00
9.93164062e-03	2.02693580e-02	2.62258692e+00
9.93652344e-03	2.02821658e-02	2.62350325e+00
9.94140625e-03	2.02949781e-02	2.62442018e+00
9.94628906e-03	2.03077949e-02	2.62533770e+00
9.95117187e-03	2.03206162e-02	2.62625583e+00
9.95605469e-03	2.03334420e-02	2.62717455e+00
9.96093750e-03	2.03462722e-02	2.62809387e+00
9.96582031e-03	2.03591069e-02	2.62901379e+00
9.97070313e-03	2.03719462e-02	2.62993432e+00
9.97558594e-03	2.03847899e-02	2.63085544e+00
9.98046875e-03	2.03976381e-02	2.63177716e+00
9.98535156e-03	2.04104908e-02	2.63269949e+00
9.99023438e-03	2.04233481e-02	2.63362241e+00
9.99511719e-03	2.04362098e-02	2.63454594e+00
1.00000000e-02	2.04490761e-02	2.63547007e+00
