0.00000000e+00	0.00000000e+00	4.90989243e+00
4.88281250e-07	2.39740841e-06	4.90989244e+00
9.76562500e-07	4.79481684e-06	4.90989246e+00
1.46484375e-06	7.19222527e-06	4.90989248e+00
1.95312500e-06	9.58963372e-06	4.90989253e+00
2.44140625e-06	1.19870422e-05	4.90989258e+00
2.92968750e-06	1.43844507e-05	4.90989264e+00
3.41796875e-06	1.67818592e-05	4.90989272e+00
3.90625000e-06	1.91792678e-05	4.90989281e+00
4.39453125e-06	2.15766764e-05	4.90989291e+00
4.88281250e-06	2.39740851e-05	4.90989302e+00
5.37109375e-06	2.63714938e-05	4.90989314e+00
5.85937500e-06	2.87689026e-05	4.90989327e+00
6.34765625e-06	3.11663115e-05	4.90989342e+00
6.83593750e-06	3.35637204e-05	4.90989358e+00
7.32421875e-06	3.59611294e-05	4.90989374e+00
7.81250000e-06	3.83585385e-05	4.90989393e+00
8.30078125e-06	4.07559477e-05	4.90989412e+00
8.78906250e-06	4.31533570e-05	4.90989432e+00
9.27734375e-06	4.55507664e-05	4.90989454e+00
9.76562500e-06	4.79481759e-05	4.90989477e+00
1.02539063e-05	5.03455855e-05	4.90989500e+00
1.07421875e-05	5.27429952e-05	4.90989526e+00
1.12304687e-05	5.51404051e-05	4.90989552e+00
1.17187500e-05	5.75378151e-05	4.90989579e+00
1.22070313e-05	5.99352252e-05	4.90989608e+00
1.26953125e-05	6.23326355e-05	4.90989637e+00
1.31835937e-05	6.47300459e-05	4.90989668e+00
1.36718750e-05	6.71274565e-05	4.90989700e+00
1.41601563e-05	6.95248672e-05	4.90989734e+00
1.46484375e-05	7.19222781e-05	4.90989768e+00
1.51367187e-05	7.43196891e-05	4.90989804e+00
1.56250000e-05	7.67171004e-05	4.90989840e+00
1.61132813e-05	7.91145118e-05	4.90989878e+00
1.66015625e-05	8.15119234e-05	4.90989917e+00
1.70898438e-05	8.39093352e-05	4.90989958e+00
1.75781250e-05	8.63067472e-05	4.90989999e+00
1.80664062e-05	8.87041594e-05	4.90990042e+00
1.85546875e-05	9.11015718e-05	4.90990085e+00
1.90429687e-05	9.34989845e-05	4.90990130e+00
1.95312500e-05	9.58963973e-05	4.90990176e+00
2.00195313e-05	9.82938104e-05	4.90990224e+00
2.05078125e-05	1.00691224e-04	4.90990272e+00
2.09960938e-05	1.03088637e-04	4.90990321e+00
2.14843750e-05	1.05486051e-04	4.90990372e+00
2.19726562e-05	1.07883465e-04	4.90990424e+00
2.24609375e-05	1.10280879e-04	4.90990477e+00
2.29492188e-05	1.12678294e-04	4.90990531e+00
2.34375000e-05	1.15075709e-04	4.90990587e+00
2.39257813e-05	1.17473124e-04	4.90990643e+00
2.44140625e-05	1.19870539e-04	4.90990701e+00
2.49023438e-05	1.22267955e-04	4.90990760e+00
2.53906250e-05	1.24665371e-04	4.90990820e+00
2.58789062e-05	1.27062787e-04	4.90990881e+00
2.63671875e-05	1.29460204e-04	4.90990944e+00
2.68554688e-05	1.31857621e-04	4.90991007e+00
2.73437500e-05	1.34255038e-04	4.90991072e+00
2.78320313e-05	1.36652455e-04	4.90991138e+00
2.83203125e-05	1.39049873e-04	4.90991205e+00
2.88085938e-05	1.41447291e-04	4.90991273e+00
2.92968750e-05	1.43844710e-04	4.90991342e+00
2.97851562e-05	1.46242129e-04	4.90991413e+00
3.02734375e-05	1.48639548e-04	4.90991485e+00
3.07617188e-05	1.51036967e-04	4.90991558e+00
3.12500000e-05	1.53434387e-04	4.90991632e+00
3.17382813e-05	1.55831808e-04	4.90991707e+00
3.22265625e-05	1.58229228e-04	4.90991783e+00
3.27148438e-05	1.60626649e-04	4.90991861e+00
3.32031250e-05	1.63024071e-04	4.90991940e+00
3.36914063e-05	1.65421492e-04	4.90992019e+00
3.41796875e-05	1.67818915e-04	4.90992100e+00
3.46679688e-05	1.70216337e-04	4.90992183e+00
3.51562500e-05	1.72613760e-04	4.90992266e+00
3.56445312e-05	1.75011183e-04	4.90992351e+00
3.61328125e-05	1.77408607e-04	4.90992436e+00
3.66210937e-05	1.79806032e-04	4.90992523e+00
3.71093750e-05	1.82203456e-04	4.90992611e+00
3.75976562e-05	1.84600881e-04	4.90992700e+00
3.80859375e-05	1.86998307e-04	4.90992791e+00
3.85742188e-05	1.89395733e-04	4.90992882e+00
3.90625000e-05	1.91793159e-04	4.90992975e+00
3.95507813e-05	1.94190586e-04	4.90993069e+00
4.00390625e-05	1.96588013e-04	4.90993164e+00
4.05273438e-05	1.98985441e-04	4.90993260e+00
4.10156250e-05	2.01382869e-04	4.90993358e+00
4.15039063e-05	2.03780298e-04	4.90993456e+00
4.19921875e-05	2.06177727e-04	4.90993556e+00
4.24804688e-05	2.08575157e-04	4.90993657e+00
4.29687500e-05	2.10972587e-04	4.90993759e+00
4.34570312e-05	2.13370018e-04	4.90993862e+00
4.39453125e-05	2.15767449e-04	4.90993966e+00
4.44335937e-05	2.18164881e-04	4.90994072e+00
4.49218750e-05	2.20562313e-04	4.90994179e+00
4.54101562e-05	2.22959746e-04	4.90994286e+00
4.58984375e-05	2.25357179e-04	4.90994396e+00
4.63867188e-05	2.27754613e-04	4.90994506e+00
4.68750000e-05	2.30152048e-04	4.90994617e+00
4.73632813e-05	2.32549482e-04	4.90994730e+00
4.78515625e-05	2.34946918e-04	4.90994843e+00
4.83398438e-05	2.37344354e-04	4.90994958e+00
4.88281250e-05	2.39741791e-04	4.90995074e+00
4.93164063e-05	2.42139228e-04	4.90995191e+00
4.98046875e-05	2.44536665e-04	4.90995310e+00
5.02929688e-05	2.46934104e-04	4.90995429e+00
5.07812500e-05	2.49331543e-04	4.90995550e+00
5.12695312e-05	2.51728982e-04	4.90995672e+00
5.17578125e-05	2.54126422e-04	4.90995795e+00
5.22460937e-05	2.56523863e-04	4.90995919e+00
5.27343750e-05	2.58921304e-04	4.90996044e+00
5.32226562e-05	2.61318746e-04	4.90996171e+00
5.37109375e-05	2.63716189e-04	4.90996299e+00
5.41992188e-05	2.66113632e-04	4.90996428e+00
5.46875000e-05	2.68511076e-04	4.90996558e+00
5.51757813e-05	2.70908520e-04	4.90996689e+00
5.56640625e-05	2.73305965e-04	4.90996821e+00
5.61523438e-05	2.75703411e-04	4.90996955e+00
5.66406250e-05	2.78100858e-04	4.90997089e+00
5.71289063e-05	2.80498305e-04	4.90997225e+00
5.76171875e-05	2.82895752e-04	4.90997362e+00
5.81054688e-05	2.85293201e-04	4.90997500e+00
5.85937500e-05	2.87690650e-04	4.90997640e+00
5.90820312e-05	2.90088100e-04	4.90997780e+00
5.95703125e-05	2.92485550e-04	4.90997922e+00
6.00585937e-05	2.94883001e-04	4.90998065e+00
6.05468750e-05	2.97280453e-04	4.90998209e+00
6.10351562e-05	2.99677905e-04	4.90998354e+00
6.15234375e-05	3.02075359e-04	4.90998500e+00
6.20117188e-05	3.04472813e-04	4.90998648e+00
6.25000000e-05	3.06870267e-04	4.90998797e+00
6.29882813e-05	3.09267723e-04	4.90998947e+00
6.34765625e-05	3.11665179e-04	4.90999098e+00
6.39648438e-05	3.14062636e-04	4.90999250e+00
6.44531250e-05	3.16460094e-04	4.90999403e+00
6.49414063e-05	3.18857552e-04	4.90999558e+00
6.54296875e-05	3.21255011e-04	4.90999713e+00
6.59179688e-05	3.23652471e-04	4.90999870e+00
6.64062500e-05	3.26049932e-04	4.91000028e+00
6.68945313e-05	3.28447393e-04	4.91000187e+00
6.73828125e-05	3.30844855e-04	4.91000348e+00
6.78710938e-05	3.33242318e-04	4.91000509e+00
6.83593750e-05	3.35639782e-04	4.91000672e+00
6.88476563e-05	3.38037247e-04	4.91000836e+00
6.93359375e-05	3.40434712e-04	4.91001001e+00
6.98242188e-05	3.42832179e-04	4.91001167e+00
7.03125000e-05	3.45229646e-04	4.91001334e+00
7.08007812e-05	3.47627113e-04	4.91001503e+00
7.12890625e-05	3.50024582e-04	4.91001672e+00
7.17773437e-05	3.52422052e-04	4.91001843e+00
7.22656250e-05	3.54819522e-04	4.91002015e+00
7.27539062e-05	3.57216993e-04	4.91002189e+00
7.32421875e-05	3.59614465e-04	4.91002363e+00
7.37304687e-05	3.62011938e-04	4.91002538e+00
7.42187500e-05	3.64409412e-04	4.91002715e+00
7.47070312e-05	3.66806887e-04	4.91002893e+00
7.51953125e-05	3.69204362e-04	4.91003072e+00
7.56835937e-05	3.71601838e-04	4.91003252e+00
7.61718750e-05	3.73999316e-04	4.91003433e+00
7.66601563e-05	3.76396794e-04	4.91003616e+00
7.71484375e-05	3.78794273e-04	4.91003800e+00
7.76367188e-05	3.81191753e-04	4.91003984e+00
7.81250000e-05	3.83589234e-04	4.91004170e+00
7.86132813e-05	3.85986715e-04	4.91004358e+00
7.91015625e-05	3.88384198e-04	4.91004546e+00
7.95898438e-05	3.90781682e-04	4.91004735e+00
8.00781250e-05	3.93179166e-04	4.91004926e+00
8.05664063e-05	3.95576652e-04	4.91005118e+00
8.10546875e-05	3.97974138e-04	4.91005311e+00
8.15429688e-05	4.00371625e-04	4.91005505e+00
8.20312500e-05	4.02769114e-04	4.91005700e+00
8.25195313e-05	4.05166603e-04	4.91005897e+00
8.30078125e-05	4.07564093e-04	4.91006095e+00
8.34960938e-05	4.09961584e-04	4.91006293e+00
8.39843750e-05	4.12359077e-04	4.91006493e+00
8.44726563e-05	4.14756570e-04	4.91006695e+00
8.49609375e-05	4.17154064e-04	4.91006897e+00
8.54492188e-05	4.19551559e-04	4.91007100e+00
8.59375000e-05	4.21949055e-04	4.91007305e+00
8.64257812e-05	4.24346552e-04	4.91007511e+00
8.69140625e-05	4.26744050e-04	4.91007718e+00
8.74023437e-05	4.29141549e-04	4.91007926e+00
8.78906250e-05	4.31539050e-04	4.91008135e+00
8.83789062e-05	4.33936551e-04	4.91008346e+00
8.88671875e-05	4.36334053e-04	4.91008558e+00
8.93554687e-05	4.38731556e-04	4.91008770e+00
8.98437500e-05	4.41129060e-04	4.91008984e+00
9.03320312e-05	4.43526566e-04	4.91009200e+00
9.08203125e-05	4.45924072e-04	4.91009416e+00
9.13085937e-05	4.48321580e-04	4.91009633e+00
9.17968750e-05	4.50719088e-04	4.91009852e+00
9.22851563e-05	4.53116598e-04	4.91010072e+00
9.27734375e-05	4.55514108e-04	4.91010293e+00
9.32617188e-05	4.57911620e-04	4.91010515e+00
9.37500000e-05	4.60309133e-04	4.91010738e+00
9.42382813e-05	4.62706647e-04	4.91010963e+00
9.47265625e-05	4.65104162e-04	4.91011189e+00
9.52148438e-05	4.67501678e-04	4.91011415e+00
9.57031250e-05	4.69899195e-04	4.91011643e+00
9.61914063e-05	4.72296714e-04	4.91011873e+00
9.66796875e-05	4.74694233e-04	4.91012103e+00
9.71679688e-05	4.77091754e-04	4.91012334e+00
9.76562500e-05	4.79489275e-04	4.91012567e+00
9.81445313e-05	4.81886798e-04	4.91012801e+00
9.86328125e-05	4.84284322e-04	4.91013036e+00
9.91210938e-05	4.86681847e-04	4.91013272e+00
9.96093750e-05	4.89079374e-04	4.91013509e+00
1.00097656e-04	4.91476901e-04	4.91013748e+00
1.00585938e-04	4.93874430e-04	4.91013987e+00
1.01074219e-04	4.96271960e-04	4.91014228e+00
1.01562500e-04	4.98669491e-04	4.91014470e+00
1.02050781e-04	5.01067023e-04	4.91014713e+00
1.02539062e-04	5.03464556e-04	4.91014958e+00
1.03027344e-04	5.05862091e-04	4.91015203e+00
1.03515625e-04	5.08259627e-04	4.91015450e+00
1.04003906e-04	5.10657164e-04	4.91015698e+00
1.04492187e-04	5.13054702e-04	4.91015947e+00
1.04980469e-04	5.15452241e-04	4.91016197e+00
1.05468750e-04	5.17849782e-04	4.91016448e+00
1.05957031e-04	5.20247324e-04	4.91016701e+00
1.06445312e-04	5.22644867e-04	4.91016954e+00
1.06933594e-04	5.25042411e-04	4.91017209e+00
1.07421875e-04	5.27439957e-04	4.91017465e+00
1.07910156e-04	5.29837504e-04	4.91017722e+00
1.08398438e-04	5.32235052e-04	4.91017980e+00
1.08886719e-04	5.34632601e-04	4.91018240e+00
1.09375000e-04	5.37030152e-04	4.91018501e+00
1.09863281e-04	5.39427704e-04	4.91018762e+00
1.10351563e-04	5.41825257e-04	4.91019025e+00
1.10839844e-04	5.44222811e-04	4.91019290e+00
1.11328125e-04	5.46620367e-04	4.91019555e+00
1.11816406e-04	5.49017924e-04	4.91019821e+00
1.12304688e-04	5.51415482e-04	4.91020089e+00
1.12792969e-04	5.53813042e-04	4.91020358e+00
1.13281250e-04	5.56210603e-04	4.91020628e+00
1.13769531e-04	5.58608165e-04	4.91020899e+00
1.14257813e-04	5.61005729e-04	4.91021171e+00
1.14746094e-04	5.63403294e-04	4.91021445e+00
1.15234375e-04	5.65800860e-04	4.91021719e+00
1.15722656e-04	5.68198428e-04	4.91021995e+00
1.16210938e-04	5.70595997e-04	4.91022272e+00
1.16699219e-04	5.72993567e-04	4.91022550e+00
1.17187500e-04	5.75391139e-04	4.91022830e+00
1.17675781e-04	5.77788712e-04	4.91023110e+00
1.18164062e-04	5.80186287e-04	4.91023392e+00
1.18652344e-04	5.82583863e-04	4.91023674e+00
1.19140625e-04	5.84981440e-04	4.91023958e+00
1.19628906e-04	5.87379018e-04	4.91024244e+00
1.20117187e-04	5.89776598e-04	4.91024530e+00
1.20605469e-04	5.92174180e-04	4.91024817e+00
1.21093750e-04	5.94571763e-04	4.91025106e+00
1.21582031e-04	5.96969347e-04	4.91025396e+00
1.22070312e-04	5.99366933e-04	4.91025687e+00
1.22558594e-04	6.01764520e-04	4.91025979e+00
1.23046875e-04	6.04162108e-04	4.91026272e+00
1.23535156e-04	6.06559698e-04	4.91026567e+00
1.24023438e-04	6.08957289e-04	4.91026862e+00
1.24511719e-04	6.11354882e-04	4.91027159e+00
1.25000000e-04	6.13752477e-04	4.91027457e+00
1.25488281e-04	6.16150072e-04	4.91027756e+00
1.25976563e-04	6.18547670e-04	4.91028056e+00
1.26464844e-04	6.20945268e-04	4.91028358e+00
1.26953125e-04	6.23342868e-04	4.91028661e+00
1.27441406e-04	6.25740470e-04	4.91028964e+00
1.27929688e-04	6.28138073e-04	4.91029269e+00
1.28417969e-04	6.30535678e-04	4.91029575e+00
1.28906250e-04	6.32933284e-04	4.91029883e+00
1.29394531e-04	6.35330891e-04	4.91030191e+00
1.29882813e-04	6.37728500e-04	4.91030501e+00
1.30371094e-04	6.40126111e-04	4.91030812e+00
1.30859375e-04	6.42523723e-04	4.91031124e+00
1.31347656e-04	6.44921337e-04	4.91031437e+00
1.31835938e-04	6.47318952e-04	4.91031751e+00
1.32324219e-04	6.49716569e-04	4.91032066e+00
1.32812500e-04	6.52114187e-04	4.91032383e+00
1.33300781e-04	6.54511807e-04	4.91032701e+00
1.33789063e-04	6.56909428e-04	4.91033020e+00
1.34277344e-04	6.59307051e-04	4.91033340e+00
1.34765625e-04	6.61704676e-04	4.91033661e+00
1.35253906e-04	6.64102302e-04	4.91033984e+00
1.35742188e-04	6.66499930e-04	4.91034307e+00
1.36230469e-04	6.68897559e-04	4.91034632e+00
1.36718750e-04	6.71295190e-04	4.91034958e+00
1.37207031e-04	6.73692822e-04	4.91035285e+00
1.37695313e-04	6.76090456e-04	4.91035614e+00
1.38183594e-04	6.78488092e-04	4.91035943e+00
1.38671875e-04	6.80885729e-04	4.91036274e+00
1.39160156e-04	6.83283368e-04	4.91036605e+00
1.39648438e-04	6.85681008e-04	4.91036938e+00
1.40136719e-04	6.88078650e-04	4.91037272e+00
1.40625000e-04	6.90476294e-04	4.91037608e+00
1.41113281e-04	6.92873940e-04	4.91037944e+00
1.41601562e-04	6.95271587e-04	4.91038282e+00
1.42089844e-04	6.97669235e-04	4.91038621e+00
1.42578125e-04	7.00066886e-04	4.91038961e+00
1.43066406e-04	7.02464538e-04	4.91039302e+00
1.43554687e-04	7.04862191e-04	4.91039644e+00
1.44042969e-04	7.07259847e-04	4.91039987e+00
1.44531250e-04	7.09657504e-04	4.91040332e+00
1.45019531e-04	7.12055162e-04	4.91040678e+00
1.45507812e-04	7.14452823e-04	4.91041025e+00
1.45996094e-04	7.16850485e-04	4.91041373e+00
1.46484375e-04	7.19248149e-04	4.91041722e+00
1.46972656e-04	7.21645814e-04	4.91042073e+00
1.47460937e-04	7.24043482e-04	4.91042424e+00
1.47949219e-04	7.26441150e-04	4.91042777e+00
1.48437500e-04	7.28838821e-04	4.91043131e+00
1.48925781e-04	7.31236494e-04	4.91043486e+00
1.49414062e-04	7.33634168e-04	4.91043842e+00
1.49902344e-04	7.36031844e-04	4.91044200e+00
1.50390625e-04	7.38429521e-04	4.91044558e+00
1.50878906e-04	7.40827201e-04	4.91044918e+00
1.51367187e-04	7.43224882e-04	4.91045279e+00
1.51855469e-04	7.45622565e-04	4.91045641e+00
1.52343750e-04	7.48020249e-04	4.91046005e+00
1.52832031e-04	7.50417936e-04	4.91046369e+00
1.53320313e-04	7.52815624e-04	4.91046735e+00
1.53808594e-04	7.55213314e-04	4.91047101e+00
1.54296875e-04	7.57611006e-04	4.91047469e+00
1.54785156e-04	7.60008700e-04	4.91047838e+00
1.55273438e-04	7.62406395e-04	4.91048209e+00
1.55761719e-04	7.64804092e-04	4.91048580e+00
1.56250000e-04	7.67201791e-04	4.91048953e+00
1.56738281e-04	7.69599492e-04	4.91049327e+00
1.57226563e-04	7.71997195e-04	4.91049702e+00
1.57714844e-04	7.74394899e-04	4.91050078e+00
1.58203125e-04	7.76792606e-04	4.91050455e+00
1.58691406e-04	7.79190314e-04	4.91050833e+00
1.59179688e-04	7.81588024e-04	4.91051213e+00
1.59667969e-04	7.83985736e-04	4.91051594e+00
1.60156250e-04	7.86383450e-04	4.91051976e+00
1.60644531e-04	7.88781165e-04	4.91052359e+00
1.61132813e-04	7.91178883e-04	4.91052743e+00
1.61621094e-04	7.93576602e-04	4.91053128e+00
1.62109375e-04	7.95974324e-04	4.91053515e+00
1.62597656e-04	7.98372047e-04	4.91053903e+00
1.63085938e-04	8.00769772e-04	4.91054292e+00
1.63574219e-04	8.03167499e-04	4.91054682e+00
1.64062500e-04	8.05565228e-04	4.91055073e+00
1.64550781e-04	8.07962959e-04	4.91055466e+00
1.65039063e-04	8.10360691e-04	4.91055859e+00
1.65527344e-04	8.12758426e-04	4.91056254e+00
1.66015625e-04	8.15156163e-04	4.91056650e+00
1.66503906e-04	8.17553901e-04	4.91057047e+00
1.66992188e-04	8.19951642e-04	4.91057445e+00
1.67480469e-04	8.22349384e-04	4.91057845e+00
1.67968750e-04	8.24747128e-04	4.91058245e+00
1.68457031e-04	8.27144875e-04	4.91058647e+00
1.68945313e-04	8.29542623e-04	4.91059050e+00
1.69433594e-04	8.31940373e-04	4.91059454e+00
1.69921875e-04	8.34338125e-04	4.91059859e+00
1.70410156e-04	8.36735880e-04	4.91060266e+00
1.70898438e-04	8.39133636e-04	4.91060673e+00
1.71386719e-04	8.41531394e-04	4.91061082e+00
1.71875000e-04	8.43929154e-04	4.91061492e+00
1.72363281e-04	8.46326916e-04	4.91061903e+00
1.72851562e-04	8.48724681e-04	4.91062316e+00
1.73339844e-04	8.51122447e-04	4.91062729e+00
1.73828125e-04	8.53520215e-04	4.91063144e+00
1.74316406e-04	8.55917985e-04	4.91063559e+00
1.74804687e-04	8.58315758e-04	4.91063976e+00
1.75292969e-04	8.60713532e-04	4.91064394e+00
1.75781250e-04	8.63111308e-04	4.91064814e+00
1.76269531e-04	8.65509087e-04	4.91065234e+00
1.76757812e-04	8.67906867e-04	4.91065656e+00
1.77246094e-04	8.70304650e-04	4.91066078e+00
1.77734375e-04	8.72702434e-04	4.91066502e+00
1.78222656e-04	8.75100221e-04	4.91066927e+00
1.78710937e-04	8.77498010e-04	4.91067354e+00
1.79199219e-04	8.79895801e-04	4.91067781e+00
1.79687500e-04	8.82293594e-04	4.91068210e+00
1.80175781e-04	8.84691389e-04	4.91068640e+00
1.80664062e-04	8.87089186e-04	4.91069070e+00
1.81152344e-04	8.89486985e-04	4.91069503e+00
1.81640625e-04	8.91884787e-04	4.91069936e+00
1.82128906e-04	8.94282590e-04	4.91070370e+00
1.82617187e-04	8.96680396e-04	4.91070806e+00
1.83105469e-04	8.99078203e-04	4.91071243e+00
1.83593750e-04	9.01476013e-04	4.91071681e+00
1.84082031e-04	9.03873825e-04	4.91072120e+00
1.84570313e-04	9.06271639e-04	4.91072560e+00
1.85058594e-04	9.08669456e-04	4.91073001e+00
1.85546875e-04	9.11067274e-04	4.91073444e+00
1.86035156e-04	9.13465095e-04	4.91073888e+00
1.86523438e-04	9.15862918e-04	4.91074333e+00
1.87011719e-04	9.18260743e-04	4.91074779e+00
1.87500000e-04	9.20658570e-04	4.91075226e+00
1.87988281e-04	9.23056399e-04	4.91075674e+00
1.88476563e-04	9.25454231e-04	4.91076124e+00
1.88964844e-04	9.27852064e-04	4.91076575e+00
1.89453125e-04	9.30249900e-04	4.91077027e+00
1.89941406e-04	9.32647738e-04	4.91077480e+00
1.90429688e-04	9.35045579e-04	4.91077934e+00
1.90917969e-04	9.37443421e-04	4.91078389e+00
1.91406250e-04	9.39841266e-04	4.91078846e+00
1.91894531e-04	9.42239113e-04	4.91079304e+00
1.92382813e-04	9.44636963e-04	4.91079763e+00
1.92871094e-04	9.47034814e-04	4.91080223e+00
1.93359375e-04	9.49432668e-04	4.91080684e+00
1.93847656e-04	9.51830524e-04	4.91081146e+00
1.94335938e-04	9.54228382e-04	4.91081610e+00
1.94824219e-04	9.56626243e-04	4.91082075e+00
1.95312500e-04	9.59024106e-04	4.91082541e+00
1.95800781e-04	9.61421971e-04	4.91083008e+00
1.96289063e-04	9.63819838e-04	4.91083476e+00
1.96777344e-04	9.66217708e-04	4.91083946e+00
1.97265625e-04	9.68615580e-04	4.91084416e+00
1.97753906e-04	9.71013454e-04	4.91084888e+00
1.98242188e-04	9.73411331e-04	4.91085361e+00
1.98730469e-04	9.75809210e-04	4.91085835e+00
1.99218750e-04	9.78207091e-04	4.91086310e+00
1.99707031e-04	9.80604974e-04	4.91086787e+00
2.00195313e-04	9.83002860e-04	4.91087264e+00
2.00683594e-04	9.85400748e-04	4.91087743e+00
2.01171875e-04	9.87798639e-04	4.91088223e+00
2.01660156e-04	9.90196532e-04	4.91088704e+00
2.02148438e-04	9.92594427e-04	4.91089186e+00
2.02636719e-04	9.94992325e-04	4.91089670e+00
2.03125000e-04	9.97390225e-04	4.91090154e+00
2.03613281e-04	9.99788127e-04	4.91090640e+00
2.04101562e-04	1.00218603e-03	4.91091127e+00
2.04589844e-04	1.00458394e-03	4.91091615e+00
2.05078125e-04	1.00698185e-03	4.91092104e+00
2.05566406e-04	1.00937976e-03	4.91092595e+00
2.06054687e-04	1.01177767e-03	4.91093086e+00
2.06542969e-04	1.01417559e-03	4.91093579e+00
2.07031250e-04	1.01657351e-03	4.91094073e+00
2.07519531e-04	1.01897143e-03	4.91094568e+00
2.08007812e-04	1.02136936e-03	4.91095064e+00
2.08496094e-04	1.02376728e-03	4.91095562e+00
2.08984375e-04	1.02616521e-03	4.91096060e+00
2.09472656e-04	1.02856314e-03	4.91096560e+00
2.09960937e-04	1.03096108e-03	4.91097061e+00
2.10449219e-04	1.03335901e-03	4.91097563e+00
2.10937500e-04	1.03575695e-03	4.91098066e+00
2.11425781e-04	1.03815489e-03	4.91098571e+00
2.11914062e-04	1.04055283e-03	4.91099076e+00
2.12402344e-04	1.04295078e-03	4.91099583e+00
2.12890625e-04	1.04534873e-03	4.91100091e+00
2.13378906e-04	1.04774668e-03	4.91100600e+00
2.13867188e-04	1.05014463e-03	4.91101110e+00
2.14355469e-04	1.05254259e-03	4.91101622e+00
2.14843750e-04	1.05494055e-03	4.91102134e+00
2.15332031e-04	1.05733851e-03	4.91102648e+00
2.15820313e-04	1.05973647e-03	4.91103163e+00
2.16308594e-04	1.06213444e-03	4.91103679e+00
2.16796875e-04	1.06453241e-03	4.91104196e+00
2.17285156e-04	1.06693038e-03	4.91104715e+00
2.17773438e-04	1.06932835e-03	4.91105234e+00
2.18261719e-04	1.07172633e-03	4.91105755e+00
2.18750000e-04	1.07412431e-03	4.91106277e+00
2.19238281e-04	1.07652229e-03	4.91106800e+00
2.19726563e-04	1.07892027e-03	4.91107324e+00
2.20214844e-04	1.08131826e-03	4.91107850e+00
2.20703125e-04	1.08371625e-03	4.91108376e+00
2.21191406e-04	1.08611424e-03	4.91108904e+00
2.21679688e-04	1.08851223e-03	4.91109433e+00
2.22167969e-04	1.09091023e-03	4.91109963e+00
2.22656250e-04	1.09330823e-03	4.91110494e+00
2.23144531e-04	1.09570623e-03	4.91111027e+00
2.23632813e-04	1.09810423e-03	4.91111560e+00
2.24121094e-04	1.10050224e-03	4.91112095e+00
2.24609375e-04	1.10290025e-03	4.91112631e+00
2.25097656e-04	1.10529826e-03	4.91113168e+00
2.25585938e-04	1.10769628e-03	4.91113706e+00
2.26074219e-04	1.11009429e-03	4.91114246e+00
2.26562500e-04	1.11249231e-03	4.91114786e+00
2.27050781e-04	1.11489034e-03	4.91115328e+00
2.27539063e-04	1.11728836e-03	4.91115871e+00
2.28027344e-04	1.11968639e-03	4.91116415e+00
2.28515625e-04	1.12208442e-03	4.91116960e+00
2.29003906e-04	1.12448245e-03	4.91117507e+00
2.29492188e-04	1.12688049e-03	4.91118054e+00
2.29980469e-04	1.12927853e-03	4.91118603e+00
2.30468750e-04	1.13167657e-03	4.91119153e+00
2.30957031e-04	1.13407461e-03	4.91119704e+00
2.31445313e-04	1.13647266e-03	4.91120256e+00
2.31933594e-04	1.13887071e-03	4.91120810e+00
2.32421875e-04	1.14126876e-03	4.91121364e+00
2.32910156e-04	1.14366682e-03	4.91121920e+00
2.33398438e-04	1.14606487e-03	4.91122477e+00
2.33886719e-04	1.14846294e-03	4.91123035e+00
2.34375000e-04	1.15086100e-03	4.91123594e+00
2.34863281e-04	1.15325906e-03	4.91124155e+00
2.35351562e-04	1.15565713e-03	4.91124716e+00
2.35839844e-04	1.15805520e-03	4.91125279e+00
2.36328125e-04	1.16045328e-03	4.91125843e+00
2.36816406e-04	1.16285135e-03	4.91126408e+00
2.37304687e-04	1.16524943e-03	4.91126974e+00
2.37792969e-04	1.16764752e-03	4.91127542e+00
2.38281250e-04	1.17004560e-03	4.91128110e+00
2.38769531e-04	1.17244369e-03	4.91128680e+00
2.39257812e-04	1.17484178e-03	4.91129251e+00
2.39746094e-04	1.17723987e-03	4.91129823e+00
2.40234375e-04	1.17963797e-03	4.91130396e+00
2.40722656e-04	1.18203607e-03	4.91130971e+00
2.41210937e-04	1.18443417e-03	4.91131546e+00
2.41699219e-04	1.18683228e-03	4.91132123e+00
2.42187500e-04	1.18923038e-03	4.91132701e+00
2.42675781e-04	1.19162849e-03	4.91133280e+00
2.43164062e-04	1.19402661e-03	4.91133860e+00
2.43652344e-04	1.19642472e-03	4.91134441e+00
2.44140625e-04	1.19882284e-03	4.91135024e+00
2.44628906e-04	1.20122096e-03	4.91135608e+00
2.45117188e-04	1.20361909e-03	4.91136193e+00
2.45605469e-04	1.20601721e-03	4.91136779e+00
2.46093750e-04	1.20841534e-03	4.91137366e+00
2.46582031e-04	1.21081348e-03	4.91137954e+00
2.47070313e-04	1.21321161e-03	4.91138544e+00
2.47558594e-04	1.21560975e-03	4.91139135e+00
2.48046875e-04	1.21800789e-03	4.91139727e+00
2.48535156e-04	1.22040604e-03	4.91140320e+00
2.49023438e-04	1.22280419e-03	4.91140914e+00
2.49511719e-04	1.22520234e-03	4.91141509e+00
2.50000000e-04	1.22760049e-03	4.91142106e+00
2.50488281e-04	1.22999865e-03	4.91142704e+00
2.50976563e-04	1.23239681e-03	4.91143303e+00
2.51464844e-04	1.23479497e-03	4.91143903e+00
2.51953125e-04	1.23719313e-03	4.91144504e+00
2.52441406e-04	1.23959130e-03	4.91145106e+00
2.52929688e-04	1.24198947e-03	4.91145710e+00
2.53417969e-04	1.24438765e-03	4.91146315e+00
2.53906250e-04	1.24678582e-03	4.91146921e+00
2.54394531e-04	1.24918400e-03	4.91147528e+00
2.54882813e-04	1.25158219e-03	4.91148136e+00
2.55371094e-04	1.25398037e-03	4.91148745e+00
2.55859375e-04	1.25637856e-03	4.91149356e+00
2.56347656e-04	1.25877675e-03	4.91149968e+00
2.56835938e-04	1.26117495e-03	4.91150581e+00
2.57324219e-04	1.26357314e-03	4.91151195e+00
2.57812500e-04	1.26597134e-03	4.91151810e+00
2.58300781e-04	1.26836955e-03	4.91152426e+00
2.58789063e-04	1.27076776e-03	4.91153044e+00
2.59277344e-04	1.27316596e-03	4.91153663e+00
2.59765625e-04	1.27556418e-03	4.91154283e+00
2.60253906e-04	1.27796239e-03	4.91154904e+00
2.60742188e-04	1.28036061e-03	4.91155526e+00
2.61230469e-04	1.28275883e-03	4.91156149e+00
2.61718750e-04	1.28515706e-03	4.91156774e+00
2.62207031e-04	1.28755529e-03	4.91157400e+00
2.62695313e-04	1.28995352e-03	4.91158027e+00
2.63183594e-04	1.29235175e-03	4.91158655e+00
2.63671875e-04	1.29474999e-03	4.91159284e+00
2.64160156e-04	1.29714823e-03	4.91159914e+00
2.64648438e-04	1.29954647e-03	4.91160546e+00
2.65136719e-04	1.30194472e-03	4.91161179e+00
2.65625000e-04	1.30434297e-03	4.91161813e+00
2.66113281e-04	1.30674122e-03	4.91162448e+00
2.66601563e-04	1.30913948e-03	4.91163084e+00
2.67089844e-04	1.31153774e-03	4.91163721e+00
2.67578125e-04	1.31393600e-03	4.91164360e+00
2.68066406e-04	1.31633426e-03	4.91165000e+00
2.68554688e-04	1.31873253e-03	4.91165641e+00
2.69042969e-04	1.32113080e-03	4.91166283e+00
2.69531250e-04	1.32352908e-03	4.91166926e+00
2.70019531e-04	1.32592735e-03	4.91167570e+00
2.70507813e-04	1.32832563e-03	4.91168216e+00
2.70996094e-04	1.33072392e-03	4.91168863e+00
2.71484375e-04	1.33312221e-03	4.91169511e+00
2.71972656e-04	1.33552050e-03	4.91170160e+00
2.72460938e-04	1.33791879e-03	4.91170810e+00
2.72949219e-04	1.34031709e-03	4.91171461e+00
2.73437500e-04	1.34271539e-03	4.91172114e+00
2.73925781e-04	1.34511369e-03	4.91172768e+00
2.74414063e-04	1.34751199e-03	4.91173422e+00
2.74902344e-04	1.34991030e-03	4.91174079e+00
2.75390625e-04	1.35230862e-03	4.91174736e+00
2.75878906e-04	1.35470693e-03	4.91175394e+00
2.76367188e-04	1.35710525e-03	4.91176054e+00
2.76855469e-04	1.35950357e-03	4.91176715e+00
2.77343750e-04	1.36190190e-03	4.91177376e+00
2.77832031e-04	1.36430023e-03	4.91178040e+00
2.78320313e-04	1.36669856e-03	4.91178704e+00
2.78808594e-04	1.36909689e-03	4.91179369e+00
2.79296875e-04	1.37149523e-03	4.91180036e+00
2.79785156e-04	1.37389357e-03	4.91180704e+00
2.80273438e-04	1.37629192e-03	4.91181372e+00
2.80761719e-04	1.37869027e-03	4.91182043e+00
2.81250000e-04	1.38108862e-03	4.91182714e+00
2.81738281e-04	1.38348697e-03	4.91183386e+00
2.82226562e-04	1.38588533e-03	4.91184060e+00
2.82714844e-04	1.38828369e-03	4.91184735e+00
2.83203125e-04	1.39068206e-03	4.91185410e+00
2.83691406e-04	1.39308043e-03	4.91186088e+00
2.84179687e-04	1.39547880e-03	4.91186766e+00
2.84667969e-04	1.39787717e-03	4.91187445e+00
2.85156250e-04	1.40027555e-03	4.91188126e+00
2.85644531e-04	1.40267393e-03	4.91188808e+00
2.86132812e-04	1.40507232e-03	4.91189490e+00
2.86621094e-04	1.40747070e-03	4.91190175e+00
2.87109375e-04	1.40986909e-03	4.91190860e+00
2.87597656e-04	1.41226749e-03	4.91191546e+00
2.88085937e-04	1.41466589e-03	4.91192234e+00
2.88574219e-04	1.41706429e-03	4.91192923e+00
2.89062500e-04	1.41946269e-03	4.91193612e+00
2.89550781e-04	1.42186110e-03	4.91194304e+00
2.90039062e-04	1.42425951e-03	4.91194996e+00
2.90527344e-04	1.42665793e-03	4.91195689e+00
2.91015625e-04	1.42905634e-03	4.91196384e+00
2.91503906e-04	1.43145477e-03	4.91197080e+00
2.91992187e-04	1.43385319e-03	4.91197776e+00
2.92480469e-04	1.43625162e-03	4.91198475e+00
2.92968750e-04	1.43865005e-03	4.91199174e+00
2.93457031e-04	1.44104849e-03	4.91199874e+00
2.93945312e-04	1.44344693e-03	4.91200576e+00
2.94433594e-04	1.44584537e-03	4.91201279e+00
2.94921875e-04	1.44824381e-03	4.91201983e+00
2.95410156e-04	1.45064226e-03	4.91202688e+00
2.95898437e-04	1.45304071e-03	4.91203394e+00
2.96386719e-04	1.45543917e-03	4.91204101e+00
2.96875000e-04	1.45783763e-03	4.91204810e+00
2.97363281e-04	1.46023609e-03	4.91205520e+00
2.97851562e-04	1.46263456e-03	4.91206231e+00
2.98339844e-04	1.46503303e-03	4.91206943e+00
2.98828125e-04	1.46743150e-03	4.91207656e+00
2.99316406e-04	1.46982998e-03	4.91208370e+00
2.99804687e-04	1.47222846e-03	4.91209086e+00
3.00292969e-04	1.47462694e-03	4.91209803e+00
3.00781250e-04	1.47702543e-03	4.91210521e+00
3.01269531e-04	1.47942392e-03	4.91211240e+00
3.01757812e-04	1.48182241e-03	4.91211960e+00
3.02246094e-04	1.48422091e-03	4.91212681e+00
3.02734375e-04	1.48661941e-03	4.91213404e+00
3.03222656e-04	1.48901792e-03	4.91214128e+00
3.03710937e-04	1.49141642e-03	4.91214853e+00
3.04199219e-04	1.49381494e-03	4.91215579e+00
3.04687500e-04	1.49621345e-03	4.91216306e+00
3.05175781e-04	1.49861197e-03	4.91217034e+00
3.05664063e-04	1.50101049e-03	4.91217764e+00
3.06152344e-04	1.50340902e-03	4.91218495e+00
3.06640625e-04	1.50580755e-03	4.91219227e+00
3.07128906e-04	1.50820608e-03	4.91219960e+00
3.07617188e-04	1.51060462e-03	4.91220694e+00
3.08105469e-04	1.51300316e-03	4.91221429e+00
3.08593750e-04	1.51540170e-03	4.91222166e+00
3.09082031e-04	1.51780025e-03	4.91222904e+00
3.09570313e-04	1.52019880e-03	4.91223643e+00
3.10058594e-04	1.52259736e-03	4.91224383e+00
3.10546875e-04	1.52499591e-03	4.91225124e+00
3.11035156e-04	1.52739448e-03	4.91225867e+00
3.11523438e-04	1.52979304e-03	4.91226610e+00
3.12011719e-04	1.53219161e-03	4.91227355e+00
3.12500000e-04	1.53459018e-03	4.91228101e+00
3.12988281e-04	1.53698876e-03	4.91228848e+00
3.13476563e-04	1.53938734e-03	4.91229596e+00
3.13964844e-04	1.54178593e-03	4.91230346e+00
3.14453125e-04	1.54418451e-03	4.91231096e+00
3.14941406e-04	1.54658310e-03	4.91231848e+00
3.15429688e-04	1.54898170e-03	4.91232601e+00
3.15917969e-04	1.55138030e-03	4.91233355e+00
3.16406250e-04	1.55377890e-03	4.91234110e+00
3.16894531e-04	1.55617751e-03	4.91234867e+00
3.17382813e-04	1.55857611e-03	4.91235624e+00
3.17871094e-04	1.56097473e-03	4.91236383e+00
3.18359375e-04	1.56337335e-03	4.91237143e+00
3.18847656e-04	1.56577197e-03	4.91237904e+00
3.19335938e-04	1.56817059e-03	4.91238666e+00
3.19824219e-04	1.57056922e-03	4.91239430e+00
3.20312500e-04	1.57296785e-03	4.91240194e+00
3.20800781e-04	1.57536649e-03	4.91240960e+00
3.21289063e-04	1.57776513e-03	4.91241727e+00
3.21777344e-04	1.58016377e-03	4.91242495e+00
3.22265625e-04	1.58256242e-03	4.91243264e+00
3.22753906e-04	1.58496107e-03	4.91244035e+00
3.23242188e-04	1.58735972e-03	4.91244806e+00
3.23730469e-04	1.58975838e-03	4.91245579e+00
3.24218750e-04	1.59215704e-03	4.91246353e+00
3.24707031e-04	1.59455571e-03	4.91247128e+00
3.25195313e-04	1.59695438e-03	4.91247905e+00
3.25683594e-04	1.59935305e-03	4.91248682e+00
3.26171875e-04	1.60175173e-03	4.91249461e+00
3.26660156e-04	1.60415041e-03	4.91250240e+00
3.27148438e-04	1.60654909e-03	4.91251021e+00
3.27636719e-04	1.60894778e-03	4.91251803e+00
3.28125000e-04	1.61134647e-03	4.91252587e+00
3.28613281e-04	1.61374517e-03	4.91253371e+00
3.29101563e-04	1.61614387e-03	4.91254157e+00
3.29589844e-04	1.61854257e-03	4.91254944e+00
3.30078125e-04	1.62094128e-03	4.91255731e+00
3.30566406e-04	1.62333999e-03	4.91256521e+00
3.31054688e-04	1.62573871e-03	4.91257311e+00
3.31542969e-04	1.62813743e-03	4.91258102e+00
3.32031250e-04	1.63053615e-03	4.91258895e+00
3.32519531e-04	1.63293488e-03	4.91259689e+00
3.33007813e-04	1.63533361e-03	4.91260484e+00
3.33496094e-04	1.63773234e-03	4.91261280e+00
3.33984375e-04	1.64013108e-03	4.91262077e+00
3.34472656e-04	1.64252982e-03	4.91262875e+00
3.34960938e-04	1.64492857e-03	4.91263675e+00
3.35449219e-04	1.64732732e-03	4.91264476e+00
3.35937500e-04	1.64972607e-03	4.91265278e+00
3.36425781e-04	1.65212483e-03	4.91266081e+00
3.36914063e-04	1.65452360e-03	4.91266885e+00
3.37402344e-04	1.65692236e-03	4.91267691e+00
3.37890625e-04	1.65932113e-03	4.91268497e+00
3.38378906e-04	1.66171991e-03	4.91269305e+00
3.38867188e-04	1.66411868e-03	4.91270114e+00
3.39355469e-04	1.66651746e-03	4.91270924e+00
3.39843750e-04	1.66891625e-03	4.91271735e+00
3.40332031e-04	1.67131504e-03	4.91272548e+00
3.40820313e-04	1.67371383e-03	4.91273361e+00
3.41308594e-04	1.67611263e-03	4.91274176e+00
3.41796875e-04	1.67851143e-03	4.91274992e+00
3.42285156e-04	1.68091024e-03	4.91275809e+00
3.42773438e-04	1.68330905e-03	4.91276628e+00
3.43261719e-04	1.68570786e-03	4.91277447e+00
3.43750000e-04	1.68810668e-03	4.91278268e+00
3.44238281e-04	1.69050550e-03	4.91279089e+00
3.44726562e-04	1.69290433e-03	4.91279912e+00
3.45214844e-04	1.69530316e-03	4.91280736e+00
3.45703125e-04	1.69770199e-03	4.91281562e+00
3.46191406e-04	1.70010083e-03	4.91282388e+00
3.46679687e-04	1.70249967e-03	4.91283216e+00
3.47167969e-04	1.70489852e-03	4.91284045e+00
3.47656250e-04	1.70729737e-03	4.91284875e+00
3.48144531e-04	1.70969622e-03	4.91285706e+00
3.48632812e-04	1.71209508e-03	4.91286538e+00
3.49121094e-04	1.71449394e-03	4.91287371e+00
3.49609375e-04	1.71689281e-03	4.91288206e+00
3.50097656e-04	1.71929168e-03	4.91289042e+00
3.50585937e-04	1.72169055e-03	4.91289879e+00
3.51074219e-04	1.72408943e-03	4.91290717e+00
3.51562500e-04	1.72648831e-03	4.91291556e+00
3.52050781e-04	1.72888720e-03	4.91292397e+00
3.52539062e-04	1.73128609e-03	4.91293238e+00
3.53027344e-04	1.73368498e-03	4.91294081e+00
3.53515625e-04	1.73608388e-03	4.91294925e+00
3.54003906e-04	1.73848279e-03	4.91295770e+00
3.54492187e-04	1.74088169e-03	4.91296616e+00
3.54980469e-04	1.74328060e-03	4.91297464e+00
3.55468750e-04	1.74567952e-03	4.91298313e+00
3.55957031e-04	1.74807844e-03	4.91299162e+00
3.56445312e-04	1.75047736e-03	4.91300013e+00
3.56933594e-04	1.75287629e-03	4.91300865e+00
3.57421875e-04	1.75527522e-03	4.91301719e+00
3.57910156e-04	1.75767416e-03	4.91302573e+00
3.58398437e-04	1.76007310e-03	4.91303429e+00
3.58886719e-04	1.76247204e-03	4.91304286e+00
3.59375000e-04	1.76487099e-03	4.91305144e+00
3.59863281e-04	1.76726995e-03	4.91306003e+00
3.60351562e-04	1.76966890e-03	4.91306863e+00
3.60839844e-04	1.77206787e-03	4.91307725e+00
3.61328125e-04	1.77446683e-03	4.91308587e+00
3.61816406e-04	1.77686580e-03	4.91309451e+00
3.62304687e-04	1.77926477e-03	4.91310316e+00
3.62792969e-04	1.78166375e-03	4.91311182e+00
3.63281250e-04	1.78406274e-03	4.91312049e+00
3.63769531e-04	1.78646172e-03	4.91312918e+00
3.64257812e-04	1.78886071e-03	4.91313788e+00
3.64746094e-04	1.79125971e-03	4.91314658e+00
3.65234375e-04	1.79365871e-03	4.91315530e+00
3.65722656e-04	1.79605771e-03	4.91316403e+00
3.66210938e-04	1.79845672e-03	4.91317278e+00
3.66699219e-04	1.80085573e-03	4.91318153e+00
3.67187500e-04	1.80325475e-03	4.91319030e+00
3.67675781e-04	1.80565377e-03	4.91319908e+00
3.68164063e-04	1.80805279e-03	4.91320787e+00
3.68652344e-04	1.81045182e-03	4.91321667e+00
3.69140625e-04	1.81285086e-03	4.91322548e+00
3.69628906e-04	1.81524990e-03	4.91323431e+00
3.70117188e-04	1.81764894e-03	4.91324314e+00
3.70605469e-04	1.82004798e-03	4.91325199e+00
3.71093750e-04	1.82244704e-03	4.91326085e+00
3.71582031e-04	1.82484609e-03	4.91326972e+00
3.72070313e-04	1.82724515e-03	4.91327860e+00
3.72558594e-04	1.82964421e-03	4.91328750e+00
3.73046875e-04	1.83204328e-03	4.91329641e+00
3.73535156e-04	1.83444236e-03	4.91330532e+00
3.74023438e-04	1.83684143e-03	4.91331425e+00
3.74511719e-04	1.83924051e-03	4.91332320e+00
3.75000000e-04	1.84163960e-03	4.91333215e+00
3.75488281e-04	1.84403869e-03	4.91334111e+00
3.75976563e-04	1.84643778e-03	4.91335009e+00
3.76464844e-04	1.84883688e-03	4.91335908e+00
3.76953125e-04	1.85123599e-03	4.91336808e+00
3.77441406e-04	1.85363509e-03	4.91337709e+00
3.77929688e-04	1.85603421e-03	4.91338611e+00
3.78417969e-04	1.85843332e-03	4.91339515e+00
3.78906250e-04	1.86083244e-03	4.91340419e+00
3.79394531e-04	1.86323157e-03	4.91341325e+00
3.79882813e-04	1.86563070e-03	4.91342232e+00
3.80371094e-04	1.86802983e-03	4.91343140e+00
3.80859375e-04	1.87042897e-03	4.91344050e+00
3.81347656e-04	1.87282812e-03	4.91344960e+00
3.81835938e-04	1.87522726e-03	4.91345872e+00
3.82324219e-04	1.87762641e-03	4.91346785e+00
3.82812500e-04	1.88002557e-03	4.91347699e+00
3.83300781e-04	1.88242473e-03	4.91348614e+00
3.83789063e-04	1.88482390e-03	4.91349530e+00
3.84277344e-04	1.88722307e-03	4.91350448e+00
3.84765625e-04	1.88962224e-03	4.91351366e+00
3.85253906e-04	1.89202142e-03	4.91352286e+00
3.85742188e-04	1.89442060e-03	4.91353207e+00
3.86230469e-04	1.89681979e-03	4.91354129e+00
3.86718750e-04	1.89921898e-03	4.91355053e+00
3.87207031e-04	1.90161818e-03	4.91355977e+00
3.87695313e-04	1.90401738e-03	4.91356903e+00
3.88183594e-04	1.90641659e-03	4.91357830e+00
3.88671875e-04	1.90881580e-03	4.91358758e+00
3.89160156e-04	1.91121501e-03	4.91359687e+00
3.89648438e-04	1.91361423e-03	4.91360617e+00
3.90136719e-04	1.91601346e-03	4.91361549e+00
3.90625000e-04	1.91841269e-03	4.91362481e+00
3.91113281e-04	1.92081192e-03	4.91363415e+00
3.91601563e-04	1.92321116e-03	4.91364350e+00
3.92089844e-04	1.92561040e-03	4.91365286e+00
3.92578125e-04	1.92800965e-03	4.91366224e+00
3.93066406e-04	1.93040890e-03	4.91367162e+00
3.93554688e-04	1.93280815e-03	4.91368102e+00
3.94042969e-04	1.93520741e-03	4.91369043e+00
3.94531250e-04	1.93760668e-03	4.91369985e+00
3.95019531e-04	1.94000595e-03	4.91370928e+00
3.95507813e-04	1.94240522e-03	4.91371872e+00
3.95996094e-04	1.94480450e-03	4.91372818e+00
3.96484375e-04	1.94720379e-03	4.91373765e+00
3.96972656e-04	1.94960307e-03	4.91374712e+00
3.97460938e-04	1.95200237e-03	4.91375661e+00
3.97949219e-04	1.95440166e-03	4.91376612e+00
3.98437500e-04	1.95680097e-03	4.91377563e+00
3.98925781e-04	1.95920027e-03	4.91378516e+00
3.99414063e-04	1.96159959e-03	4.91379469e+00
3.99902344e-04	1.96399890e-03	4.91380424e+00
4.00390625e-04	1.96639822e-03	4.91381380e+00
4.00878906e-04	1.96879755e-03	4.91382337e+00
4.01367188e-04	1.97119688e-03	4.91383296e+00
4.01855469e-04	1.97359621e-03	4.91384255e+00
4.02343750e-04	1.97599555e-03	4.91385216e+00
4.02832031e-04	1.97839490e-03	4.91386178e+00
4.03320313e-04	1.98079425e-03	4.91387141e+00
4.03808594e-04	1.98319360e-03	4.91388105e+00
4.04296875e-04	1.98559296e-03	4.91389070e+00
4.04785156e-04	1.98799232e-03	4.91390037e+00
4.05273438e-04	1.99039169e-03	4.91391005e+00
4.05761719e-04	1.99279106e-03	4.91391973e+00
4.06250000e-04	1.99519044e-03	4.91392943e+00
4.06738281e-04	1.99758982e-03	4.91393915e+00
4.07226562e-04	1.99998921e-03	4.91394887e+00
4.07714844e-04	2.00238860e-03	4.91395861e+00
4.08203125e-04	2.00478799e-03	4.91396835e+00
4.08691406e-04	2.00718740e-03	4.91397811e+00
4.09179687e-04	2.00958680e-03	4.91398788e+00
4.09667969e-04	2.01198621e-03	4.91399766e+00
4.10156250e-04	2.01438563e-03	4.91400746e+00
4.10644531e-04	2.01678505e-03	4.91401726e+00
4.11132812e-04	2.01918447e-03	4.91402708e+00
4.11621094e-04	2.02158390e-03	4.91403691e+00
4.12109375e-04	2.02398334e-03	4.91404675e+00
4.12597656e-04	2.02638278e-03	4.91405660e+00
4.13085937e-04	2.02878222e-03	4.91406646e+00
4.13574219e-04	2.03118167e-03	4.91407634e+00
4.14062500e-04	2.03358112e-03	4.91408623e+00
4.14550781e-04	2.03598058e-03	4.91409613e+00
4.15039062e-04	2.03838004e-03	4.91410604e+00
4.15527344e-04	2.04077951e-03	4.91411596e+00
4.16015625e-04	2.04317899e-03	4.91412589e+00
4.16503906e-04	2.04557846e-03	4.91413584e+00
4.16992187e-04	2.04797795e-03	4.91414579e+00
4.17480469e-04	2.05037743e-03	4.91415576e+00
4.17968750e-04	2.05277693e-03	4.91416574e+00
4.18457031e-04	2.05517642e-03	4.91417574e+00
4.18945312e-04	2.05757593e-03	4.91418574e+00
4.19433594e-04	2.05997543e-03	4.91419576e+00
4.19921875e-04	2.06237495e-03	4.91420578e+00
4.20410156e-04	2.06477446e-03	4.91421582e+00
4.20898437e-04	2.06717398e-03	4.91422587e+00
4.21386719e-04	2.06957351e-03	4.91423593e+00
4.21875000e-04	2.07197304e-03	4.91424601e+00
4.22363281e-04	2.07437258e-03	4.91425609e+00
4.22851562e-04	2.07677212e-03	4.91426619e+00
4.23339844e-04	2.07917167e-03	4.91427630e+00
4.23828125e-04	2.08157122e-03	4.91428642e+00
4.24316406e-04	2.08397078e-03	4.91429655e+00
4.24804687e-04	2.08637034e-03	4.91430670e+00
4.25292969e-04	2.08876990e-03	4.91431685e+00
4.25781250e-04	2.09116947e-03	4.91432702e+00
4.26269531e-04	2.09356905e-03	4.91433720e+00
4.26757812e-04	2.09596863e-03	4.91434739e+00
4.27246094e-04	2.09836822e-03	4.91435759e+00
4.27734375e-04	2.10076781e-03	4.91436781e+00
4.28222656e-04	2.10316741e-03	4.91437803e+00
4.28710938e-04	2.10556701e-03	4.91438827e+00
4.29199219e-04	2.10796661e-03	4.91439852e+00
4.29687500e-04	2.11036622e-03	4.91440878e+00
4.30175781e-04	2.11276584e-03	4.91441905e+00
4.30664063e-04	2.11516546e-03	4.91442934e+00
4.31152344e-04	2.11756509e-03	4.91443963e+00
4.31640625e-04	2.11996472e-03	4.91444994e+00
4.32128906e-04	2.12236435e-03	4.91446026e+00
4.32617188e-04	2.12476400e-03	4.91447059e+00
4.33105469e-04	2.12716364e-03	4.91448093e+00
4.33593750e-04	2.12956329e-03	4.91449129e+00
4.34082031e-04	2.13196295e-03	4.91450165e+00
4.34570313e-04	2.13436261e-03	4.91451203e+00
4.35058594e-04	2.13676228e-03	4.91452242e+00
4.35546875e-04	2.13916195e-03	4.91453282e+00
4.36035156e-04	2.14156163e-03	4.91454323e+00
4.36523438e-04	2.14396131e-03	4.91455366e+00
4.37011719e-04	2.14636100e-03	4.91456409e+00
4.37500000e-04	2.14876069e-03	4.91457454e+00
4.37988281e-04	2.15116038e-03	4.91458500e+00
4.38476563e-04	2.15356009e-03	4.91459547e+00
4.38964844e-04	2.15595979e-03	4.91460595e+00
4.39453125e-04	2.15835951e-03	4.91461645e+00
4.39941406e-04	2.16075922e-03	4.91462695e+00
4.40429688e-04	2.16315895e-03	4.91463747e+00
4.40917969e-04	2.16555868e-03	4.91464800e+00
4.41406250e-04	2.16795841e-03	4.91465854e+00
4.41894531e-04	2.17035815e-03	4.91466909e+00
4.42382813e-04	2.17275789e-03	4.91467966e+00
4.42871094e-04	2.17515764e-03	4.91469023e+00
4.43359375e-04	2.17755739e-03	4.91470082e+00
4.43847656e-04	2.17995715e-03	4.91471142e+00
4.44335938e-04	2.18235691e-03	4.91472203e+00
4.44824219e-04	2.18475668e-03	4.91473265e+00
4.45312500e-04	2.18715646e-03	4.91474329e+00
4.45800781e-04	2.18955624e-03	4.91475393e+00
4.46289063e-04	2.19195602e-03	4.91476459e+00
4.46777344e-04	2.19435581e-03	4.91477526e+00
4.47265625e-04	2.19675561e-03	4.91478594e+00
4.47753906e-04	2.19915541e-03	4.91479664e+00
4.48242188e-04	2.20155521e-03	4.91480734e+00
4.48730469e-04	2.20395503e-03	4.91481806e+00
4.49218750e-04	2.20635484e-03	4.91482878e+00
4.49707031e-04	2.20875466e-03	4.91483952e+00
4.50195313e-04	2.21115449e-03	4.91485028e+00
4.50683594e-04	2.21355432e-03	4.91486104e+00
4.51171875e-04	2.21595416e-03	4.91487181e+00
4.51660156e-04	2.21835400e-03	4.91488260e+00
4.52148438e-04	2.22075385e-03	4.91489340e+00
4.52636719e-04	2.22315370e-03	4.91490421e+00
4.53125000e-04	2.22555356e-03	4.91491503e+00
4.53613281e-04	2.22795342e-03	4.91492586e+00
4.54101563e-04	2.23035329e-03	4.91493671e+00
4.54589844e-04	2.23275317e-03	4.91494756e+00
4.55078125e-04	2.23515305e-03	4.91495843e+00
4.55566406e-04	2.23755293e-03	4.91496931e+00
4.56054688e-04	2.23995282e-03	4.91498020e+00
4.56542969e-04	2.24235272e-03	4.91499110e+00
4.57031250e-04	2.24475262e-03	4.91500202e+00
4.57519531e-04	2.24715252e-03	4.91501294e+00
4.58007813e-04	2.24955243e-03	4.91502388e+00
4.58496094e-04	2.25195235e-03	4.91503483e+00
4.58984375e-04	2.25435227e-03	4.91504579e+00
4.59472656e-04	2.25675220e-03	4.91505677e+00
4.59960938e-04	2.25915213e-03	4.91506775e+00
4.60449219e-04	2.26155207e-03	4.91507875e+00
4.60937500e-04	2.26395201e-03	4.91508976e+00
4.61425781e-04	2.26635196e-03	4.91510078e+00
4.61914063e-04	2.26875192e-03	4.91511181e+00
4.62402344e-04	2.27115188e-03	4.91512285e+00
4.62890625e-04	2.27355184e-03	4.91513391e+00
4.63378906e-04	2.27595181e-03	4.91514497e+00
4.63867188e-04	2.27835179e-03	4.91515605e+00
4.64355469e-04	2.28075177e-03	4.91516714e+00
4.64843750e-04	2.28315176e-03	4.91517824e+00
4.65332031e-04	2.28555175e-03	4.91518935e+00
4.65820313e-04	2.28795175e-03	4.91520048e+00
4.66308594e-04	2.29035175e-03	4.91521162e+00
4.66796875e-04	2.29275176e-03	4.91522276e+00
4.67285156e-04	2.29515177e-03	4.91523392e+00
4.67773438e-04	2.29755179e-03	4.91524510e+00
4.68261719e-04	2.29995181e-03	4.91525628e+00
4.68750000e-04	2.30235184e-03	4.91526747e+00
4.69238281e-04	2.30475188e-03	4.91527868e+00
4.69726562e-04	2.30715192e-03	4.91528990e+00
4.70214844e-04	2.30955197e-03	4.91530113e+00
4.70703125e-04	2.31195202e-03	4.91531237e+00
4.71191406e-04	2.31435208e-03	4.91532362e+00
4.71679687e-04	2.31675214e-03	4.91533489e+00
4.72167969e-04	2.31915221e-03	4.91534617e+00
4.72656250e-04	2.32155228e-03	4.91535745e+00
4.73144531e-04	2.32395236e-03	4.91536875e+00
4.73632812e-04	2.32635245e-03	4.91538007e+00
4.74121094e-04	2.32875254e-03	4.91539139e+00
4.74609375e-04	2.33115264e-03	4.91540272e+00
4.75097656e-04	2.33355274e-03	4.91541407e+00
4.75585937e-04	2.33595284e-03	4.91542543e+00
4.76074219e-04	2.33835296e-03	4.91543680e+00
4.76562500e-04	2.34075308e-03	4.91544818e+00
4.77050781e-04	2.34315320e-03	4.91545958e+00
4.77539062e-04	2.34555333e-03	4.91547098e+00
4.78027344e-04	2.34795346e-03	4.91548240e+00
4.78515625e-04	2.35035361e-03	4.91549383e+00
4.79003906e-04	2.35275375e-03	4.91550527e+00
4.79492187e-04	2.35515390e-03	4.91551672e+00
4.79980469e-04	2.35755406e-03	4.91552818e+00
4.80468750e-04	2.35995422e-03	4.91553966e+00
4.80957031e-04	2.36235439e-03	4.91555114e+00
4.81445312e-04	2.36475457e-03	4.91556264e+00
4.81933594e-04	2.36715475e-03	4.91557415e+00
4.82421875e-04	2.36955493e-03	4.91558567e+00
4.82910156e-04	2.37195512e-03	4.91559721e+00
4.83398437e-04	2.37435532e-03	4.91560875e+00
4.83886719e-04	2.37675552e-03	4.91562031e+00
4.84375000e-04	2.37915573e-03	4.91563188e+00
4.84863281e-04	2.38155594e-03	4.91564346e+00
4.85351562e-04	2.38395616e-03	4.91565505e+00
4.85839844e-04	2.38635639e-03	4.91566666e+00
4.86328125e-04	2.38875662e-03	4.91567827e+00
4.86816406e-04	2.39115686e-03	4.91568990e+00
4.87304687e-04	2.39355710e-03	4.91570154e+00
4.87792969e-04	2.39595735e-03	4.91571319e+00
4.88281250e-04	2.39835760e-03	4.91572485e+00
4.88769531e-04	2.40075786e-03	4.91573652e+00
4.89257813e-04	2.40315812e-03	4.91574821e+00
4.89746094e-04	2.40555839e-03	4.91575991e+00
4.90234375e-04	2.40795867e-03	4.91577162e+00
4.90722656e-04	2.41035895e-03	4.91578334e+00
4.91210938e-04	2.41275924e-03	4.91579507e+00
4.91699219e-04	2.41515953e-03	4.91580681e+00
4.92187500e-04	2.41755983e-03	4.91581857e+00
4.92675781e-04	2.41996014e-03	4.91583034e+00
4.93164063e-04	2.42236045e-03	4.91584211e+00
4.93652344e-04	2.42476076e-03	4.91585390e+00
4.94140625e-04	2.42716109e-03	4.91586571e+00
4.94628906e-04	2.42956141e-03	4.91587752e+00
4.95117188e-04	2.43196175e-03	4.91588935e+00
4.95605469e-04	2.43436209e-03	4.91590118e+00
4.96093750e-04	2.43676243e-03	4.91591303e+00
4.96582031e-04	2.43916278e-03	4.91592489e+00
4.97070313e-04	2.44156314e-03	4.91593677e+00
4.97558594e-04	2.44396350e-03	4.91594865e+00
4.98046875e-04	2.44636387e-03	4.91596055e+00
4.98535156e-04	2.44876425e-03	4.91597245e+00
4.99023438e-04	2.45116463e-03	4.91598437e+00
4.99511719e-04	2.45356501e-03	4.91599630e+00
5.00000000e-04	2.45596540e-03	4.91600825e+00
5.00488281e-04	2.45836580e-03	4.91602020e+00
5.00976563e-04	2.46076620e-03	4.91603217e+00
5.01464844e-04	2.46316661e-03	4.91604414e+00
5.01953125e-04	2.46556703e-03	4.91605613e+00
5.02441406e-04	2.46796745e-03	4.91606813e+00
5.02929688e-04	2.47036788e-03	4.91608015e+00
5.03417969e-04	2.47276831e-03	4.91609217e+00
5.03906250e-04	2.47516875e-03	4.91610421e+00
5.04394531e-04	2.47756919e-03	4.91611625e+00
5.04882813e-04	2.47996964e-03	4.91612831e+00
5.05371094e-04	2.48237010e-03	4.91614038e+00
5.05859375e-04	2.48477056e-03	4.91615247e+00
5.06347656e-04	2.48717103e-03	4.91616456e+00
5.06835938e-04	2.48957150e-03	4.91617667e+00
5.07324219e-04	2.49197198e-03	4.91618879e+00
5.07812500e-04	2.49437247e-03	4.91620092e+00
5.08300781e-04	2.49677296e-03	4.91621306e+00
5.08789063e-04	2.49917346e-03	4.91622521e+00
5.09277344e-04	2.50157396e-03	4.91623737e+00
5.09765625e-04	2.50397447e-03	4.91624955e+00
5.10253906e-04	2.50637499e-03	4.91626174e+00
5.10742188e-04	2.50877551e-03	4.91627394e+00
5.11230469e-04	2.51117603e-03	4.91628615e+00
5.11718750e-04	2.51357657e-03	4.91629837e+00
5.12207031e-04	2.51597711e-03	4.91631061e+00
5.12695313e-04	2.51837765e-03	4.91632285e+00
5.13183594e-04	2.52077820e-03	4.91633511e+00
5.13671875e-04	2.52317876e-03	4.91634738e+00
5.14160156e-04	2.52557932e-03	4.91635966e+00
5.14648438e-04	2.52797989e-03	4.91637195e+00
5.15136719e-04	2.53038047e-03	4.91638426e+00
5.15625000e-04	2.53278105e-03	4.91639657e+00
5.16113281e-04	2.53518164e-03	4.91640890e+00
5.16601563e-04	2.53758223e-03	4.91642124e+00
5.17089844e-04	2.53998283e-03	4.91643359e+00
5.17578125e-04	2.54238344e-03	4.91644596e+00
5.18066406e-04	2.54478405e-03	4.91645833e+00
5.18554688e-04	2.54718466e-03	4.91647072e+00
5.19042969e-04	2.54958529e-03	4.91648312e+00
5.19531250e-04	2.55198592e-03	4.91649553e+00
5.20019531e-04	2.55438655e-03	4.91650795e+00
5.20507813e-04	2.55678719e-03	4.91652038e+00
5.20996094e-04	2.55918784e-03	4.91653283e+00
5.21484375e-04	2.56158850e-03	4.91654528e+00
5.21972656e-04	2.56398916e-03	4.91655775e+00
5.22460938e-04	2.56638982e-03	4.91657023e+00
5.22949219e-04	2.56879049e-03	4.91658272e+00
5.23437500e-04	2.57119117e-03	4.91659523e+00
5.23925781e-04	2.57359186e-03	4.91660774e+00
5.24414063e-04	2.57599255e-03	4.91662027e+00
5.24902344e-04	2.57839324e-03	4.91663281e+00
5.25390625e-04	2.58079395e-03	4.91664536e+00
5.25878906e-04	2.58319466e-03	4.91665792e+00
5.26367188e-04	2.58559537e-03	4.91667049e+00
5.26855469e-04	2.58799609e-03	4.91668308e+00
5.27343750e-04	2.59039682e-03	4.91669567e+00
5.27832031e-04	2.59279755e-03	4.91670828e+00
5.28320313e-04	2.59519829e-03	4.91672090e+00
5.28808594e-04	2.59759904e-03	4.91673353e+00
5.29296875e-04	2.59999979e-03	4.91674618e+00
5.29785156e-04	2.60240055e-03	4.91675883e+00
5.30273438e-04	2.60480131e-03	4.91677150e+00
5.30761719e-04	2.60720208e-03	4.91678418e+00
5.31250000e-04	2.60960286e-03	4.91679687e+00
5.31738281e-04	2.61200364e-03	4.91680957e+00
5.32226563e-04	2.61440443e-03	4.91682228e+00
5.32714844e-04	2.61680523e-03	4.91683501e+00
5.33203125e-04	2.61920603e-03	4.91684774e+00
5.33691406e-04	2.62160683e-03	4.91686049e+00
5.34179688e-04	2.62400765e-03	4.91687325e+00
5.34667969e-04	2.62640847e-03	4.91688603e+00
5.35156250e-04	2.62880930e-03	4.91689881e+00
5.35644531e-04	2.63121013e-03	4.91691160e+00
5.36132813e-04	2.63361097e-03	4.91692441e+00
5.36621094e-04	2.63601181e-03	4.91693723e+00
5.37109375e-04	2.63841266e-03	4.91695006e+00
5.37597656e-04	2.64081352e-03	4.91696290e+00
5.38085938e-04	2.64321438e-03	4.91697576e+00
5.38574219e-04	2.64561525e-03	4.91698862e+00
5.39062500e-04	2.64801613e-03	4.91700150e+00
5.39550781e-04	2.65041701e-03	4.91701439e+00
5.40039063e-04	2.65281790e-03	4.91702729e+00
5.40527344e-04	2.65521880e-03	4.91704020e+00
5.41015625e-04	2.65761970e-03	4.91705312e+00
5.41503906e-04	2.66002061e-03	4.91706606e+00
5.41992188e-04	2.66242152e-03	4.91707901e+00
5.42480469e-04	2.66482244e-03	4.91709197e+00
5.42968750e-04	2.66722337e-03	4.91710494e+00
5.43457031e-04	2.66962430e-03	4.91711792e+00
5.43945313e-04	2.67202524e-03	4.91713091e+00
5.44433594e-04	2.67442619e-03	4.91714392e+00
5.44921875e-04	2.67682714e-03	4.91715694e+00
5.45410156e-04	2.67922810e-03	4.91716997e+00
5.45898438e-04	2.68162907e-03	4.91718301e+00
5.46386719e-04	2.68403004e-03	4.91719606e+00
5.46875000e-04	2.68643101e-03	4.91720912e+00
5.47363281e-04	2.68883200e-03	4.91722220e+00
5.47851563e-04	2.69123299e-03	4.91723529e+00
5.48339844e-04	2.69363399e-03	4.91724839e+00
5.48828125e-04	2.69603499e-03	4.91726150e+00
5.49316406e-04	2.69843600e-03	4.91727462e+00
5.49804688e-04	2.70083702e-03	4.91728775e+00
5.50292969e-04	2.70323804e-03	4.91730090e+00
5.50781250e-04	2.70563907e-03	4.91731406e+00
5.51269531e-04	2.70804010e-03	4.91732723e+00
5.51757813e-04	2.71044115e-03	4.91734041e+00
5.52246094e-04	2.71284219e-03	4.91735360e+00
5.52734375e-04	2.71524325e-03	4.91736680e+00
5.53222656e-04	2.71764431e-03	4.91738002e+00
5.53710938e-04	2.72004538e-03	4.91739325e+00
5.54199219e-04	2.72244645e-03	4.91740649e+00
5.54687500e-04	2.72484753e-03	4.91741974e+00
5.55175781e-04	2.72724862e-03	4.91743300e+00
5.55664063e-04	2.72964971e-03	4.91744628e+00
5.56152344e-04	2.73205081e-03	4.91745956e+00
5.56640625e-04	2.73445192e-03	4.91747286e+00
5.57128906e-04	2.73685303e-03	4.91748617e+00
5.57617188e-04	2.73925415e-03	4.91749949e+00
5.58105469e-04	2.74165528e-03	4.91751282e+00
5.58593750e-04	2.74405641e-03	4.91752617e+00
5.59082031e-04	2.74645755e-03	4.91753952e+00
5.59570313e-04	2.74885870e-03	4.91755289e+00
5.60058594e-04	2.75125985e-03	4.91756627e+00
5.60546875e-04	2.75366101e-03	4.91757966e+00
5.61035156e-04	2.75606217e-03	4.91759307e+00
5.61523438e-04	2.75846334e-03	4.91760648e+00
5.62011719e-04	2.76086452e-03	4.91761991e+00
5.62500000e-04	2.76326571e-03	4.91763335e+00
5.62988281e-04	2.76566690e-03	4.91764680e+00
5.63476562e-04	2.76806810e-03	4.91766026e+00
5.63964844e-04	2.77046930e-03	4.91767373e+00
5.64453125e-04	2.77287051e-03	4.91768721e+00
5.64941406e-04	2.77527173e-03	4.91770071e+00
5.65429687e-04	2.77767295e-03	4.91771422e+00
5.65917969e-04	2.78007418e-03	4.91772774e+00
5.66406250e-04	2.78247542e-03	4.91774127e+00
5.66894531e-04	2.78487667e-03	4.91775481e+00
5.67382812e-04	2.78727792e-03	4.91776837e+00
5.67871094e-04	2.78967917e-03	4.91778194e+00
5.68359375e-04	2.79208044e-03	4.91779551e+00
5.68847656e-04	2.79448171e-03	4.91780910e+00
5.69335937e-04	2.79688299e-03	4.91782271e+00
5.69824219e-04	2.79928427e-03	4.91783632e+00
5.70312500e-04	2.80168556e-03	4.91784994e+00
5.70800781e-04	2.80408686e-03	4.91786358e+00
5.71289062e-04	2.80648816e-03	4.91787723e+00
5.71777344e-04	2.80888947e-03	4.91789089e+00
5.72265625e-04	2.81129079e-03	4.91790456e+00
5.72753906e-04	2.81369211e-03	4.91791825e+00
5.73242187e-04	2.81609344e-03	4.91793194e+00
5.73730469e-04	2.81849478e-03	4.91794565e+00
5.74218750e-04	2.82089613e-03	4.91795937e+00
5.74707031e-04	2.82329748e-03	4.91797310e+00
5.75195312e-04	2.82569883e-03	4.91798684e+00
5.75683594e-04	2.82810020e-03	4.91800059e+00
5.76171875e-04	2.83050157e-03	4.91801436e+00
5.76660156e-04	2.83290295e-03	4.91802813e+00
5.77148437e-04	2.83530433e-03	4.91804192e+00
5.77636719e-04	2.83770572e-03	4.91805572e+00
5.78125000e-04	2.84010712e-03	4.91806954e+00
5.78613281e-04	2.84250852e-03	4.91808336e+00
5.79101562e-04	2.84490993e-03	4.91809719e+00
5.79589844e-04	2.84731135e-03	4.91811104e+00
5.80078125e-04	2.84971278e-03	4.91812490e+00
5.80566406e-04	2.85211421e-03	4.91813877e+00
5.81054687e-04	2.85451565e-03	4.91815265e+00
5.81542969e-04	2.85691709e-03	4.91816655e+00
5.82031250e-04	2.85931854e-03	4.91818045e+00
5.82519531e-04	2.86172000e-03	4.91819437e+00
5.83007812e-04	2.86412147e-03	4.91820830e+00
5.83496094e-04	2.86652294e-03	4.91822224e+00
5.83984375e-04	2.86892442e-03	4.91823619e+00
5.84472656e-04	2.87132591e-03	4.91825016e+00
5.84960937e-04	2.87372740e-03	4.91826413e+00
5.85449219e-04	2.87612890e-03	4.91827812e+00
5.85937500e-04	2.87853040e-03	4.91829212e+00
5.86425781e-04	2.88093192e-03	4.91830613e+00
5.86914062e-04	2.88333344e-03	4.91832015e+00
5.87402344e-04	2.88573497e-03	4.91833419e+00
5.87890625e-04	2.88813650e-03	4.91834823e+00
5.88378906e-04	2.89053804e-03	4.91836229e+00
5.88867187e-04	2.89293959e-03	4.91837636e+00
5.89355469e-04	2.89534114e-03	4.91839044e+00
5.89843750e-04	2.89774270e-03	4.91840453e+00
5.90332031e-04	2.90014427e-03	4.91841864e+00
5.90820312e-04	2.90254585e-03	4.91843275e+00
5.91308594e-04	2.90494743e-03	4.91844688e+00
5.91796875e-04	2.90734902e-03	4.91846102e+00
5.92285156e-04	2.90975061e-03	4.91847517e+00
5.92773437e-04	2.91215222e-03	4.91848933e+00
5.93261719e-04	2.91455382e-03	4.91850351e+00
5.93750000e-04	2.91695544e-03	4.91851769e+00
5.94238281e-04	2.91935706e-03	4.91853189e+00
5.94726562e-04	2.92175870e-03	4.91854610e+00
5.95214844e-04	2.92416033e-03	4.91856032e+00
5.95703125e-04	2.92656198e-03	4.91857456e+00
5.96191406e-04	2.92896363e-03	4.91858880e+00
5.96679687e-04	2.93136529e-03	4.91860306e+00
5.97167969e-04	2.93376695e-03	4.91861732e+00
5.97656250e-04	2.93616862e-03	4.91863160e+00
5.98144531e-04	2.93857030e-03	4.91864590e+00
5.98632812e-04	2.94097199e-03	4.91866020e+00
5.99121094e-04	2.94337368e-03	4.91867451e+00
5.99609375e-04	2.94577538e-03	4.91868884e+00
6.00097656e-04	2.94817709e-03	4.91870318e+00
6.00585937e-04	2.95057880e-03	4.91871753e+00
6.01074219e-04	2.95298052e-03	4.91873189e+00
6.01562500e-04	2.95538225e-03	4.91874626e+00
6.02050781e-04	2.95778399e-03	4.91876065e+00
6.02539062e-04	2.96018573e-03	4.91877504e+00
6.03027344e-04	2.96258748e-03	4.91878945e+00
6.03515625e-04	2.96498923e-03	4.91880387e+00
6.04003906e-04	2.96739100e-03	4.91881830e+00
6.04492187e-04	2.96979277e-03	4.91883275e+00
6.04980469e-04	2.97219455e-03	4.91884720e+00
6.05468750e-04	2.97459633e-03	4.91886167e+00
6.05957031e-04	2.97699812e-03	4.91887615e+00
6.06445312e-04	2.97939992e-03	4.91889064e+00
6.06933594e-04	2.98180173e-03	4.91890514e+00
6.07421875e-04	2.98420354e-03	4.91891965e+00
6.07910156e-04	2.98660536e-03	4.91893418e+00
6.08398437e-04	2.98900718e-03	4.91894872e+00
6.08886719e-04	2.99140902e-03	4.91896326e+00
6.09375000e-04	2.99381086e-03	4.91897782e+00
6.09863281e-04	2.99621271e-03	4.91899240e+00
6.10351562e-04	2.99861456e-03	4.91900698e+00
6.10839844e-04	3.00101643e-03	4.91902157e+00
6.11328125e-04	3.00341830e-03	4.91903618e+00
6.11816406e-04	3.00582017e-03	4.91905080e+00
6.12304688e-04	3.00822206e-03	4.91906543e+00
6.12792969e-04	3.01062395e-03	4.91908007e+00
6.13281250e-04	3.01302584e-03	4.91909473e+00
6.13769531e-04	3.01542775e-03	4.91910939e+00
6.14257813e-04	3.01782966e-03	4.91912407e+00
6.14746094e-04	3.02023158e-03	4.91913876e+00
6.15234375e-04	3.02263351e-03	4.91915346e+00
6.15722656e-04	3.02503544e-03	4.91916817e+00
6.16210938e-04	3.02743738e-03	4.91918289e+00
6.16699219e-04	3.02983933e-03	4.91919763e+00
6.17187500e-04	3.03224129e-03	4.91921238e+00
6.17675781e-04	3.03464325e-03	4.91922714e+00
6.18164063e-04	3.03704522e-03	4.91924191e+00
6.18652344e-04	3.03944720e-03	4.91925669e+00
6.19140625e-04	3.04184918e-03	4.91927148e+00
6.19628906e-04	3.04425117e-03	4.91928629e+00
6.20117188e-04	3.04665317e-03	4.91930111e+00
6.20605469e-04	3.04905518e-03	4.91931594e+00
6.21093750e-04	3.05145719e-03	4.91933078e+00
6.21582031e-04	3.05385921e-03	4.91934563e+00
6.22070313e-04	3.05626124e-03	4.91936049e+00
6.22558594e-04	3.05866328e-03	4.91937537e+00
6.23046875e-04	3.06106532e-03	4.91939026e+00
6.23535156e-04	3.06346737e-03	4.91940516e+00
6.24023438e-04	3.06586943e-03	4.91942007e+00
6.24511719e-04	3.06827149e-03	4.91943499e+00
6.25000000e-04	3.07067356e-03	4.91944993e+00
6.25488281e-04	3.07307564e-03	4.91946487e+00
6.25976563e-04	3.07547773e-03	4.91947983e+00
6.26464844e-04	3.07787982e-03	4.91949480e+00
6.26953125e-04	3.08028192e-03	4.91950978e+00
6.27441406e-04	3.08268403e-03	4.91952477e+00
6.27929688e-04	3.08508614e-03	4.91953978e+00
6.28417969e-04	3.08748827e-03	4.91955479e+00
6.28906250e-04	3.08989040e-03	4.91956982e+00
6.29394531e-04	3.09229253e-03	4.91958486e+00
6.29882813e-04	3.09469468e-03	4.91959991e+00
6.30371094e-04	3.09709683e-03	4.91961498e+00
6.30859375e-04	3.09949899e-03	4.91963005e+00
6.31347656e-04	3.10190116e-03	4.91964514e+00
6.31835938e-04	3.10430333e-03	4.91966023e+00
6.32324219e-04	3.10670551e-03	4.91967534e+00
6.32812500e-04	3.10910770e-03	4.91969047e+00
6.33300781e-04	3.11150990e-03	4.91970560e+00
6.33789063e-04	3.11391210e-03	4.91972074e+00
6.34277344e-04	3.11631431e-03	4.91973590e+00
6.34765625e-04	3.11871653e-03	4.91975107e+00
6.35253906e-04	3.12111876e-03	4.91976625e+00
6.35742188e-04	3.12352099e-03	4.91978144e+00
6.36230469e-04	3.12592323e-03	4.91979664e+00
6.36718750e-04	3.12832548e-03	4.91981186e+00
6.37207031e-04	3.13072773e-03	4.91982709e+00
6.37695313e-04	3.13313000e-03	4.91984232e+00
6.38183594e-04	3.13553227e-03	4.91985757e+00
6.38671875e-04	3.13793455e-03	4.91987284e+00
6.39160156e-04	3.14033683e-03	4.91988811e+00
6.39648438e-04	3.14273912e-03	4.91990339e+00
6.40136719e-04	3.14514142e-03	4.91991869e+00
6.40625000e-04	3.14754373e-03	4.91993400e+00
6.41113281e-04	3.14994605e-03	4.91994932e+00
6.41601563e-04	3.15234837e-03	4.91996465e+00
6.42089844e-04	3.15475070e-03	4.91998000e+00
6.42578125e-04	3.15715304e-03	4.91999535e+00
6.43066406e-04	3.15955538e-03	4.92001072e+00
6.43554688e-04	3.16195774e-03	4.92002610e+00
6.44042969e-04	3.16436010e-03	4.92004149e+00
6.44531250e-04	3.16676246e-03	4.92005689e+00
6.45019531e-04	3.16916484e-03	4.92007230e+00
6.45507813e-04	3.17156722e-03	4.92008773e+00
6.45996094e-04	3.17396961e-03	4.92010317e+00
6.46484375e-04	3.17637201e-03	4.92011862e+00
6.46972656e-04	3.17877442e-03	4.92013408e+00
6.47460938e-04	3.18117683e-03	4.92014955e+00
6.47949219e-04	3.18357925e-03	4.92016503e+00
6.48437500e-04	3.18598168e-03	4.92018053e+00
6.48925781e-04	3.18838411e-03	4.92019604e+00
6.49414063e-04	3.19078656e-03	4.92021155e+00
6.49902344e-04	3.19318901e-03	4.92022709e+00
6.50390625e-04	3.19559147e-03	4.92024263e+00
6.50878906e-04	3.19799393e-03	4.92025818e+00
6.51367188e-04	3.20039641e-03	4.92027375e+00
6.51855469e-04	3.20279889e-03	4.92028933e+00
6.52343750e-04	3.20520138e-03	4.92030491e+00
6.52832031e-04	3.20760387e-03	4.92032052e+00
6.53320313e-04	3.21000638e-03	4.92033613e+00
6.53808594e-04	3.21240889e-03	4.92035175e+00
6.54296875e-04	3.21481141e-03	4.92036739e+00
6.54785156e-04	3.21721393e-03	4.92038304e+00
6.55273438e-04	3.21961647e-03	4.92039870e+00
6.55761719e-04	3.22201901e-03	4.92041437e+00
6.56250000e-04	3.22442156e-03	4.92043005e+00
6.56738281e-04	3.22682412e-03	4.92044574e+00
6.57226563e-04	3.22922668e-03	4.92046145e+00
6.57714844e-04	3.23162926e-03	4.92047717e+00
6.58203125e-04	3.23403184e-03	4.92049290e+00
6.58691406e-04	3.23643443e-03	4.92050864e+00
6.59179688e-04	3.23883702e-03	4.92052439e+00
6.59667969e-04	3.24123962e-03	4.92054016e+00
6.60156250e-04	3.24364224e-03	4.92055593e+00
6.60644531e-04	3.24604486e-03	4.92057172e+00
6.61132813e-04	3.24844748e-03	4.92058752e+00
6.61621094e-04	3.25085012e-03	4.92060333e+00
6.62109375e-04	3.25325276e-03	4.92061916e+00
6.62597656e-04	3.25565541e-03	4.92063499e+00
6.63085938e-04	3.25805807e-03	4.92065084e+00
6.63574219e-04	3.26046073e-03	4.92066670e+00
6.64062500e-04	3.26286340e-03	4.92068257e+00
6.64550781e-04	3.26526609e-03	4.92069845e+00
6.65039063e-04	3.26766877e-03	4.92071434e+00
6.65527344e-04	3.27007147e-03	4.92073025e+00
6.66015625e-04	3.27247418e-03	4.92074616e+00
6.66503906e-04	3.27487689e-03	4.92076209e+00
6.66992188e-04	3.27727961e-03	4.92077803e+00
6.67480469e-04	3.27968233e-03	4.92079398e+00
6.67968750e-04	3.28208507e-03	4.92080995e+00
6.68457031e-04	3.28448781e-03	4.92082592e+00
6.68945313e-04	3.28689056e-03	4.92084191e+00
6.69433594e-04	3.28929332e-03	4.92085791e+00
6.69921875e-04	3.29169609e-03	4.92087392e+00
6.70410156e-04	3.29409886e-03	4.92088994e+00
6.70898438e-04	3.29650165e-03	4.92090597e+00
6.71386719e-04	3.29890444e-03	4.92092202e+00
6.71875000e-04	3.30130723e-03	4.92093808e+00
6.72363281e-04	3.30371004e-03	4.92095415e+00
6.72851563e-04	3.30611285e-03	4.92097023e+00
6.73339844e-04	3.30851567e-03	4.92098632e+00
6.73828125e-04	3.31091850e-03	4.92100242e+00
6.74316406e-04	3.31332134e-03	4.92101854e+00
6.74804688e-04	3.31572419e-03	4.92103466e+00
6.75292969e-04	3.31812704e-03	4.92105080e+00
6.75781250e-04	3.32052990e-03	4.92106695e+00
6.76269531e-04	3.32293277e-03	4.92108312e+00
6.76757813e-04	3.32533564e-03	4.92109929e+00
6.77246094e-04	3.32773853e-03	4.92111548e+00
6.77734375e-04	3.33014142e-03	4.92113167e+00
6.78222656e-04	3.33254432e-03	4.92114788e+00
6.78710938e-04	3.33494723e-03	4.92116410e+00
6.79199219e-04	3.33735015e-03	4.92118034e+00
6.79687500e-04	3.33975307e-03	4.92119658e+00
6.80175781e-04	3.34215600e-03	4.92121284e+00
6.80664063e-04	3.34455894e-03	4.92122911e+00
6.81152344e-04	3.34696189e-03	4.92124538e+00
6.81640625e-04	3.34936485e-03	4.92126168e+00
6.82128906e-04	3.35176781e-03	4.92127798e+00
6.82617188e-04	3.35417078e-03	4.92129429e+00
6.83105469e-04	3.35657376e-03	4.92131062e+00
6.83593750e-04	3.35897675e-03	4.92132696e+00
6.84082031e-04	3.36137974e-03	4.92134331e+00
6.84570313e-04	3.36378275e-03	4.92135967e+00
6.85058594e-04	3.36618576e-03	4.92137604e+00
6.85546875e-04	3.36858878e-03	4.92139243e+00
6.86035156e-04	3.37099181e-03	4.92140882e+00
6.86523438e-04	3.37339484e-03	4.92142523e+00
6.87011719e-04	3.37579789e-03	4.92144165e+00
6.87500000e-04	3.37820094e-03	4.92145808e+00
6.87988281e-04	3.38060400e-03	4.92147452e+00
6.88476562e-04	3.38300707e-03	4.92149098e+00
6.88964844e-04	3.38541014e-03	4.92150745e+00
6.89453125e-04	3.38781323e-03	4.92152392e+00
6.89941406e-04	3.39021632e-03	4.92154041e+00
6.90429687e-04	3.39261942e-03	4.92155692e+00
6.90917969e-04	3.39502252e-03	4.92157343e+00
6.91406250e-04	3.39742564e-03	4.92158995e+00
6.91894531e-04	3.39982877e-03	4.92160649e+00
6.92382812e-04	3.40223190e-03	4.92162304e+00
6.92871094e-04	3.40463504e-03	4.92163960e+00
6.93359375e-04	3.40703819e-03	4.92165617e+00
6.93847656e-04	3.40944134e-03	4.92167276e+00
6.94335937e-04	3.41184451e-03	4.92168935e+00
6.94824219e-04	3.41424768e-03	4.92170596e+00
6.95312500e-04	3.41665086e-03	4.92172258e+00
6.95800781e-04	3.41905405e-03	4.92173921e+00
6.96289062e-04	3.42145725e-03	4.92175585e+00
6.96777344e-04	3.42386045e-03	4.92177250e+00
6.97265625e-04	3.42626366e-03	4.92178917e+00
6.97753906e-04	3.42866689e-03	4.92180585e+00
6.98242187e-04	3.43107012e-03	4.92182253e+00
6.98730469e-04	3.43347335e-03	4.92183924e+00
6.99218750e-04	3.43587660e-03	4.92185595e+00
6.99707031e-04	3.43827985e-03	4.92187267e+00
7.00195312e-04	3.44068312e-03	4.92188941e+00
7.00683594e-04	3.44308639e-03	4.92190615e+00
7.01171875e-04	3.44548966e-03	4.92192291e+00
7.01660156e-04	3.44789295e-03	4.92193968e+00
7.02148437e-04	3.45029625e-03	4.92195647e+00
7.02636719e-04	3.45269955e-03	4.92197326e+00
7.03125000e-04	3.45510286e-03	4.92199007e+00
7.03613281e-04	3.45750618e-03	4.92200688e+00
7.04101562e-04	3.45990951e-03	4.92202371e+00
7.04589844e-04	3.46231284e-03	4.92204055e+00
7.05078125e-04	3.46471619e-03	4.92205741e+00
7.05566406e-04	3.46711954e-03	4.92207427e+00
7.06054687e-04	3.46952290e-03	4.92209115e+00
7.06542969e-04	3.47192627e-03	4.92210804e+00
7.07031250e-04	3.47432965e-03	4.92212494e+00
7.07519531e-04	3.47673303e-03	4.92214185e+00
7.08007812e-04	3.47913643e-03	4.92215877e+00
7.08496094e-04	3.48153983e-03	4.92217570e+00
7.08984375e-04	3.48394324e-03	4.92219265e+00
7.09472656e-04	3.48634666e-03	4.92220961e+00
7.09960937e-04	3.48875008e-03	4.92222658e+00
7.10449219e-04	3.49115352e-03	4.92224356e+00
7.10937500e-04	3.49355696e-03	4.92226055e+00
7.11425781e-04	3.49596041e-03	4.92227756e+00
7.11914062e-04	3.49836387e-03	4.92229457e+00
7.12402344e-04	3.50076734e-03	4.92231160e+00
7.12890625e-04	3.50317082e-03	4.92232864e+00
7.13378906e-04	3.50557430e-03	4.92234569e+00
7.13867187e-04	3.50797780e-03	4.92236276e+00
7.14355469e-04	3.51038130e-03	4.92237983e+00
7.14843750e-04	3.51278481e-03	4.92239692e+00
7.15332031e-04	3.51518833e-03	4.92241402e+00
7.15820312e-04	3.51759185e-03	4.92243113e+00
7.16308594e-04	3.51999539e-03	4.92244825e+00
7.16796875e-04	3.52239893e-03	4.92246538e+00
7.17285156e-04	3.52480248e-03	4.92248253e+00
7.17773437e-04	3.52720604e-03	4.92249969e+00
7.18261719e-04	3.52960961e-03	4.92251685e+00
7.18750000e-04	3.53201319e-03	4.92253403e+00
7.19238281e-04	3.53441678e-03	4.92255123e+00
7.19726562e-04	3.53682037e-03	4.92256843e+00
7.20214844e-04	3.53922397e-03	4.92258565e+00
7.20703125e-04	3.54162758e-03	4.92260287e+00
7.21191406e-04	3.54403120e-03	4.92262011e+00
7.21679687e-04	3.54643483e-03	4.92263736e+00
7.22167969e-04	3.54883846e-03	4.92265462e+00
7.22656250e-04	3.55124211e-03	4.92267190e+00
7.23144531e-04	3.55364576e-03	4.92268918e+00
7.23632812e-04	3.55604942e-03	4.92270648e+00
7.24121094e-04	3.55845309e-03	4.92272379e+00
7.24609375e-04	3.56085677e-03	4.92274111e+00
7.25097656e-04	3.56326046e-03	4.92275844e+00
7.25585937e-04	3.56566415e-03	4.92277579e+00
7.26074219e-04	3.56806785e-03	4.92279314e+00
7.26562500e-04	3.57047157e-03	4.92281051e+00
7.27050781e-04	3.57287529e-03	4.92282789e+00
7.27539062e-04	3.57527901e-03	4.92284528e+00
7.28027344e-04	3.57768275e-03	4.92286269e+00
7.28515625e-04	3.58008650e-03	4.92288010e+00
7.29003906e-04	3.58249025e-03	4.92289753e+00
7.29492187e-04	3.58489401e-03	4.92291496e+00
7.29980469e-04	3.58729779e-03	4.92293241e+00
7.30468750e-04	3.58970157e-03	4.92294987e+00
7.30957031e-04	3.59210535e-03	4.92296735e+00
7.31445312e-04	3.59450915e-03	4.92298483e+00
7.31933594e-04	3.59691296e-03	4.92300233e+00
7.32421875e-04	3.59931677e-03	4.92301984e+00
7.32910156e-04	3.60172059e-03	4.92303736e+00
7.33398438e-04	3.60412442e-03	4.92305489e+00
7.33886719e-04	3.60652826e-03	4.92307243e+00
7.34375000e-04	3.60893211e-03	4.92308999e+00
7.34863281e-04	3.61133597e-03	4.92310755e+00
7.35351563e-04	3.61373983e-03	4.92312513e+00
7.35839844e-04	3.61614371e-03	4.92314272e+00
7.36328125e-04	3.61854759e-03	4.92316032e+00
7.36816406e-04	3.62095148e-03	4.92317794e+00
7.37304688e-04	3.62335538e-03	4.92319556e+00
7.37792969e-04	3.62575929e-03	4.92321320e+00
7.38281250e-04	3.62816321e-03	4.92323085e+00
7.38769531e-04	3.63056713e-03	4.92324851e+00
7.39257813e-04	3.63297107e-03	4.92326618e+00
7.39746094e-04	3.63537501e-03	4.92328386e+00
7.40234375e-04	3.63777896e-03	4.92330156e+00
7.40722656e-04	3.64018292e-03	4.92331926e+00
7.41210938e-04	3.64258689e-03	4.92333698e+00
7.41699219e-04	3.64499087e-03	4.92335471e+00
7.42187500e-04	3.64739485e-03	4.92337246e+00
7.42675781e-04	3.64979885e-03	4.92339021e+00
7.43164063e-04	3.65220285e-03	4.92340798e+00
7.43652344e-04	3.65460686e-03	4.92342575e+00
7.44140625e-04	3.65701089e-03	4.92344354e+00
7.44628906e-04	3.65941491e-03	4.92346134e+00
7.45117188e-04	3.66181895e-03	4.92347915e+00
7.45605469e-04	3.66422300e-03	4.92349698e+00
7.46093750e-04	3.66662706e-03	4.92351481e+00
7.46582031e-04	3.66903112e-03	4.92353266e+00
7.47070313e-04	3.67143519e-03	4.92355052e+00
7.47558594e-04	3.67383927e-03	4.92356839e+00
7.48046875e-04	3.67624337e-03	4.92358628e+00
7.48535156e-04	3.67864746e-03	4.92360417e+00
7.49023438e-04	3.68105157e-03	4.92362208e+00
7.49511719e-04	3.68345569e-03	4.92363999e+00
7.50000000e-04	3.68585981e-03	4.92365792e+00
7.50488281e-04	3.68826395e-03	4.92367586e+00
7.50976563e-04	3.69066809e-03	4.92369382e+00
7.51464844e-04	3.69307224e-03	4.92371178e+00
7.51953125e-04	3.69547640e-03	4.92372976e+00
7.52441406e-04	3.69788057e-03	4.92374775e+00
7.52929688e-04	3.70028475e-03	4.92376575e+00
7.53417969e-04	3.70268894e-03	4.92378376e+00
7.53906250e-04	3.70509313e-03	4.92380178e+00
7.54394531e-04	3.70749734e-03	4.92381981e+00
7.54882813e-04	3.70990155e-03	4.92383786e+00
7.55371094e-04	3.71230577e-03	4.92385592e+00
7.55859375e-04	3.71471000e-03	4.92387399e+00
7.56347656e-04	3.71711424e-03	4.92389207e+00
7.56835938e-04	3.71951849e-03	4.92391016e+00
7.57324219e-04	3.72192275e-03	4.92392827e+00
7.57812500e-04	3.72432702e-03	4.92394639e+00
7.58300781e-04	3.72673129e-03	4.92396452e+00
7.58789063e-04	3.72913558e-03	4.92398266e+00
7.59277344e-04	3.73153987e-03	4.92400081e+00
7.59765625e-04	3.73394417e-03	4.92401897e+00
7.60253906e-04	3.73634848e-03	4.92403715e+00
7.60742188e-04	3.73875280e-03	4.92405533e+00
7.61230469e-04	3.74115713e-03	4.92407353e+00
7.61718750e-04	3.74356147e-03	4.92409174e+00
7.62207031e-04	3.74596581e-03	4.92410996e+00
7.62695313e-04	3.74837017e-03	4.92412820e+00
7.63183594e-04	3.75077453e-03	4.92414644e+00
7.63671875e-04	3.75317890e-03	4.92416470e+00
7.64160156e-04	3.75558329e-03	4.92418297e+00
7.64648438e-04	3.75798768e-03	4.92420125e+00
7.65136719e-04	3.76039208e-03	4.92421954e+00
7.65625000e-04	3.76279648e-03	4.92423785e+00
7.66113281e-04	3.76520090e-03	4.92425616e+00
7.66601563e-04	3.76760533e-03	4.92427449e+00
7.67089844e-04	3.77000976e-03	4.92429283e+00
7.67578125e-04	3.77241421e-03	4.92431118e+00
7.68066406e-04	3.77481866e-03	4.92432954e+00
7.68554688e-04	3.77722312e-03	4.92434792e+00
7.69042969e-04	3.77962760e-03	4.92436630e+00
7.69531250e-04	3.78203208e-03	4.92438470e+00
7.70019531e-04	3.78443656e-03	4.92440311e+00
7.70507813e-04	3.78684106e-03	4.92442153e+00
7.70996094e-04	3.78924557e-03	4.92443997e+00
7.71484375e-04	3.79165009e-03	4.92445841e+00
7.71972656e-04	3.79405461e-03	4.92447687e+00
7.72460938e-04	3.79645915e-03	4.92449533e+00
7.72949219e-04	3.79886369e-03	4.92451381e+00
7.73437500e-04	3.80126824e-03	4.92453231e+00
7.73925781e-04	3.80367280e-03	4.92455081e+00
7.74414063e-04	3.80607737e-03	4.92456932e+00
7.74902344e-04	3.80848195e-03	4.92458785e+00
7.75390625e-04	3.81088654e-03	4.92460639e+00
7.75878906e-04	3.81329114e-03	4.92462494e+00
7.76367188e-04	3.81569574e-03	4.92464350e+00
7.76855469e-04	3.81810036e-03	4.92466207e+00
7.77343750e-04	3.82050498e-03	4.92468066e+00
7.77832031e-04	3.82290962e-03	4.92469926e+00
7.78320313e-04	3.82531426e-03	4.92471786e+00
7.78808594e-04	3.82771891e-03	4.92473648e+00
7.79296875e-04	3.83012357e-03	4.92475512e+00
7.79785156e-04	3.83252824e-03	4.92477376e+00
7.80273438e-04	3.83493292e-03	4.92479242e+00
7.80761719e-04	3.83733761e-03	4.92481108e+00
7.81250000e-04	3.83974231e-03	4.92482976e+00
7.81738281e-04	3.84214702e-03	4.92484845e+00
7.82226563e-04	3.84455173e-03	4.92486715e+00
7.82714844e-04	3.84695646e-03	4.92488587e+00
7.83203125e-04	3.84936119e-03	4.92490459e+00
7.83691406e-04	3.85176593e-03	4.92492333e+00
7.84179688e-04	3.85417069e-03	4.92494208e+00
7.84667969e-04	3.85657545e-03	4.92496084e+00
7.85156250e-04	3.85898022e-03	4.92497961e+00
7.85644531e-04	3.86138500e-03	4.92499840e+00
7.86132813e-04	3.86378979e-03	4.92501719e+00
7.86621094e-04	3.86619459e-03	4.92503600e+00
7.87109375e-04	3.86859939e-03	4.92505482e+00
7.87597656e-04	3.87100421e-03	4.92507365e+00
7.88085938e-04	3.87340903e-03	4.92509249e+00
7.88574219e-04	3.87581387e-03	4.92511135e+00
7.89062500e-04	3.87821871e-03	4.92513022e+00
7.89550781e-04	3.88062357e-03	4.92514909e+00
7.90039063e-04	3.88302843e-03	4.92516798e+00
7.90527344e-04	3.88543330e-03	4.92518688e+00
7.91015625e-04	3.88783818e-03	4.92520580e+00
7.91503906e-04	3.89024307e-03	4.92522472e+00
7.91992188e-04	3.89264797e-03	4.92524366e+00
7.92480469e-04	3.89505288e-03	4.92526261e+00
7.92968750e-04	3.89745780e-03	4.92528157e+00
7.93457031e-04	3.89986273e-03	4.92530054e+00
7.93945313e-04	3.90226766e-03	4.92531952e+00
7.94433594e-04	3.90467261e-03	4.92533852e+00
7.94921875e-04	3.90707756e-03	4.92535752e+00
7.95410156e-04	3.90948253e-03	4.92537654e+00
7.95898438e-04	3.91188750e-03	4.92539557e+00
7.96386719e-04	3.91429248e-03	4.92541461e+00
7.96875000e-04	3.91669748e-03	4.92543367e+00
7.97363281e-04	3.91910248e-03	4.92545273e+00
7.97851563e-04	3.92150749e-03	4.92547181e+00
7.98339844e-04	3.92391251e-03	4.92549090e+00
7.98828125e-04	3.92631754e-03	4.92551000e+00
7.99316406e-04	3.92872258e-03	4.92552911e+00
7.99804688e-04	3.93112763e-03	4.92554823e+00
8.00292969e-04	3.93353268e-03	4.92556737e+00
8.00781250e-04	3.93593775e-03	4.92558652e+00
8.01269531e-04	3.93834283e-03	4.92560568e+00
8.01757813e-04	3.94074791e-03	4.92562485e+00
8.02246094e-04	3.94315301e-03	4.92564403e+00
8.02734375e-04	3.94555811e-03	4.92566322e+00
8.03222656e-04	3.94796323e-03	4.92568243e+00
8.03710938e-04	3.95036835e-03	4.92570165e+00
8.04199219e-04	3.95277348e-03	4.92572088e+00
8.04687500e-04	3.95517862e-03	4.92574012e+00
8.05175781e-04	3.95758377e-03	4.92575937e+00
8.05664063e-04	3.95998893e-03	4.92577863e+00
8.06152344e-04	3.96239410e-03	4.92579791e+00
8.06640625e-04	3.96479928e-03	4.92581720e+00
8.07128906e-04	3.96720447e-03	4.92583650e+00
8.07617188e-04	3.96960967e-03	4.92585581e+00
8.08105469e-04	3.97201488e-03	4.92587513e+00
8.08593750e-04	3.97442010e-03	4.92589447e+00
8.09082031e-04	3.97682532e-03	4.92591381e+00
8.09570313e-04	3.97923056e-03	4.92593317e+00
8.10058594e-04	3.98163580e-03	4.92595254e+00
8.10546875e-04	3.98404106e-03	4.92597192e+00
8.11035156e-04	3.98644632e-03	4.92599132e+00
8.11523438e-04	3.98885160e-03	4.92601072e+00
8.12011719e-04	3.99125688e-03	4.92603014e+00
8.12500000e-04	3.99366217e-03	4.92604957e+00
8.12988281e-04	3.99606748e-03	4.92606901e+00
8.13476562e-04	3.99847279e-03	4.92608846e+00
8.13964844e-04	4.00087811e-03	4.92610792e+00
8.14453125e-04	4.00328344e-03	4.92612740e+00
8.14941406e-04	4.00568878e-03	4.92614688e+00
8.15429687e-04	4.00809413e-03	4.92616638e+00
8.15917969e-04	4.01049949e-03	4.92618589e+00
8.16406250e-04	4.01290486e-03	4.92620542e+00
8.16894531e-04	4.01531024e-03	4.92622495e+00
8.17382812e-04	4.01771563e-03	4.92624450e+00
8.17871094e-04	4.02012102e-03	4.92626405e+00
8.18359375e-04	4.02252643e-03	4.92628362e+00
8.18847656e-04	4.02493185e-03	4.92630320e+00
8.19335937e-04	4.02733727e-03	4.92632279e+00
8.19824219e-04	4.02974271e-03	4.92634240e+00
8.20312500e-04	4.03214816e-03	4.92636201e+00
8.20800781e-04	4.03455361e-03	4.92638164e+00
8.21289062e-04	4.03695907e-03	4.92640128e+00
8.21777344e-04	4.03936455e-03	4.92642093e+00
8.22265625e-04	4.04177003e-03	4.92644060e+00
8.22753906e-04	4.04417553e-03	4.92646027e+00
8.23242187e-04	4.04658103e-03	4.92647996e+00
8.23730469e-04	4.04898654e-03	4.92649965e+00
8.24218750e-04	4.05139206e-03	4.92651936e+00
8.24707031e-04	4.05379760e-03	4.92653908e+00
8.25195312e-04	4.05620314e-03	4.92655882e+00
8.25683594e-04	4.05860869e-03	4.92657856e+00
8.26171875e-04	4.06101425e-03	4.92659832e+00
8.26660156e-04	4.06341982e-03	4.92661809e+00
8.27148437e-04	4.06582540e-03	4.92663787e+00
8.27636719e-04	4.06823099e-03	4.92665766e+00
8.28125000e-04	4.07063659e-03	4.92667746e+00
8.28613281e-04	4.07304220e-03	4.92669728e+00
8.29101562e-04	4.07544782e-03	4.92671710e+00
8.29589844e-04	4.07785344e-03	4.92673694e+00
8.30078125e-04	4.08025908e-03	4.92675679e+00
8.30566406e-04	4.08266473e-03	4.92677665e+00
8.31054687e-04	4.08507039e-03	4.92679653e+00
8.31542969e-04	4.08747606e-03	4.92681641e+00
8.32031250e-04	4.08988173e-03	4.92683631e+00
8.32519531e-04	4.09228742e-03	4.92685622e+00
8.33007812e-04	4.09469312e-03	4.92687614e+00
8.33496094e-04	4.09709882e-03	4.92689607e+00
8.33984375e-04	4.09950454e-03	4.92691602e+00
8.34472656e-04	4.10191026e-03	4.92693597e+00
8.34960937e-04	4.10431600e-03	4.92695594e+00
8.35449219e-04	4.10672174e-03	4.92697592e+00
8.35937500e-04	4.10912750e-03	4.92699591e+00
8.36425781e-04	4.11153326e-03	4.92701591e+00
8.36914062e-04	4.11393904e-03	4.92703592e+00
8.37402344e-04	4.11634482e-03	4.92705595e+00
8.37890625e-04	4.11875062e-03	4.92707599e+00
8.38378906e-04	4.12115642e-03	4.92709604e+00
8.38867187e-04	4.12356223e-03	4.92711610e+00
8.39355469e-04	4.12596806e-03	4.92713617e+00
8.39843750e-04	4.12837389e-03	4.92715626e+00
8.40332031e-04	4.13077973e-03	4.92717635e+00
8.40820312e-04	4.13318558e-03	4.92719646e+00
8.41308594e-04	4.13559145e-03	4.92721658e+00
8.41796875e-04	4.13799732e-03	4.92723671e+00
8.42285156e-04	4.14040320e-03	4.92725685e+00
8.42773437e-04	4.14280909e-03	4.92727701e+00
8.43261719e-04	4.14521500e-03	4.92729718e+00
8.43750000e-04	4.14762091e-03	4.92731735e+00
8.44238281e-04	4.15002683e-03	4.92733754e+00
8.44726562e-04	4.15243276e-03	4.92735775e+00
8.45214844e-04	4.15483870e-03	4.92737796e+00
8.45703125e-04	4.15724465e-03	4.92739818e+00
8.46191406e-04	4.15965061e-03	4.92741842e+00
8.46679687e-04	4.16205659e-03	4.92743867e+00
8.47167969e-04	4.16446257e-03	4.92745893e+00
8.47656250e-04	4.16686856e-03	4.92747920e+00
8.48144531e-04	4.16927456e-03	4.92749949e+00
8.48632812e-04	4.17168057e-03	4.92751978e+00
8.49121094e-04	4.17408659e-03	4.92754009e+00
8.49609375e-04	4.17649262e-03	4.92756041e+00
8.50097656e-04	4.17889866e-03	4.92758074e+00
8.50585937e-04	4.18130471e-03	4.92760108e+00
8.51074219e-04	4.18371077e-03	4.92762143e+00
8.51562500e-04	4.18611684e-03	4.92764180e+00
8.52050781e-04	4.18852292e-03	4.92766218e+00
8.52539062e-04	4.19092901e-03	4.92768257e+00
8.53027344e-04	4.19333511e-03	4.92770297e+00
8.53515625e-04	4.19574122e-03	4.92772338e+00
8.54003906e-04	4.19814734e-03	4.92774381e+00
8.54492188e-04	4.20055347e-03	4.92776424e+00
8.54980469e-04	4.20295961e-03	4.92778469e+00
8.55468750e-04	4.20536576e-03	4.92780515e+00
8.55957031e-04	4.20777192e-03	4.92782562e+00
8.56445313e-04	4.21017809e-03	4.92784610e+00
8.56933594e-04	4.21258427e-03	4.92786660e+00
8.57421875e-04	4.21499046e-03	4.92788710e+00
8.57910156e-04	4.21739666e-03	4.92790762e+00
8.58398438e-04	4.21980287e-03	4.92792815e+00
8.58886719e-04	4.22220909e-03	4.92794869e+00
8.59375000e-04	4.22461532e-03	4.92796925e+00
8.59863281e-04	4.22702156e-03	4.92798981e+00
8.60351563e-04	4.22942781e-03	4.92801039e+00
8.60839844e-04	4.23183407e-03	4.92803098e+00
8.61328125e-04	4.23424034e-03	4.92805158e+00
8.61816406e-04	4.23664662e-03	4.92807219e+00
8.62304688e-04	4.23905291e-03	4.92809281e+00
8.62792969e-04	4.24145921e-03	4.92811345e+00
8.63281250e-04	4.24386552e-03	4.92813410e+00
8.63769531e-04	4.24627184e-03	4.92815475e+00
8.64257813e-04	4.24867817e-03	4.92817542e+00
8.64746094e-04	4.25108451e-03	4.92819611e+00
8.65234375e-04	4.25349086e-03	4.92821680e+00
8.65722656e-04	4.25589722e-03	4.92823751e+00
8.66210938e-04	4.25830359e-03	4.92825822e+00
8.66699219e-04	4.26070998e-03	4.92827895e+00
8.67187500e-04	4.26311637e-03	4.92829969e+00
8.67675781e-04	4.26552277e-03	4.92832045e+00
8.68164063e-04	4.26792918e-03	4.92834121e+00
8.68652344e-04	4.27033560e-03	4.92836199e+00
8.69140625e-04	4.27274203e-03	4.92838277e+00
8.69628906e-04	4.27514848e-03	4.92840357e+00
8.70117188e-04	4.27755493e-03	4.92842439e+00
8.70605469e-04	4.27996139e-03	4.92844521e+00
8.71093750e-04	4.28236786e-03	4.92846604e+00
8.71582031e-04	4.28477435e-03	4.92848689e+00
8.72070313e-04	4.28718084e-03	4.92850775e+00
8.72558594e-04	4.28958734e-03	4.92852862e+00
8.73046875e-04	4.29199385e-03	4.92854950e+00
8.73535156e-04	4.29440038e-03	4.92857039e+00
8.74023438e-04	4.29680691e-03	4.92859130e+00
8.74511719e-04	4.29921345e-03	4.92861221e+00
8.75000000e-04	4.30162001e-03	4.92863314e+00
8.75488281e-04	4.30402657e-03	4.92865408e+00
8.75976563e-04	4.30643315e-03	4.92867503e+00
8.76464844e-04	4.30883973e-03	4.92869600e+00
8.76953125e-04	4.31124633e-03	4.92871697e+00
8.77441406e-04	4.31365293e-03	4.92873796e+00
8.77929688e-04	4.31605955e-03	4.92875896e+00
8.78417969e-04	4.31846617e-03	4.92877997e+00
8.78906250e-04	4.32087281e-03	4.92880099e+00
8.79394531e-04	4.32327946e-03	4.92882202e+00
8.79882813e-04	4.32568611e-03	4.92884307e+00
8.80371094e-04	4.32809278e-03	4.92886413e+00
8.80859375e-04	4.33049946e-03	4.92888520e+00
8.81347656e-04	4.33290614e-03	4.92890628e+00
8.81835938e-04	4.33531284e-03	4.92892737e+00
8.82324219e-04	4.33771955e-03	4.92894847e+00
8.82812500e-04	4.34012627e-03	4.92896959e+00
8.83300781e-04	4.34253300e-03	4.92899072e+00
8.83789063e-04	4.34493974e-03	4.92901186e+00
8.84277344e-04	4.34734648e-03	4.92903301e+00
8.84765625e-04	4.34975324e-03	4.92905417e+00
8.85253906e-04	4.35216001e-03	4.92907535e+00
8.85742188e-04	4.35456679e-03	4.92909653e+00
8.86230469e-04	4.35697358e-03	4.92911773e+00
8.86718750e-04	4.35938039e-03	4.92913894e+00
8.87207031e-04	4.36178720e-03	4.92916016e+00
8.87695313e-04	4.36419402e-03	4.92918139e+00
8.88183594e-04	4.36660085e-03	4.92920264e+00
8.88671875e-04	4.36900769e-03	4.92922390e+00
8.89160156e-04	4.37141455e-03	4.92924516e+00
8.89648438e-04	4.37382141e-03	4.92926644e+00
8.90136719e-04	4.37622828e-03	4.92928774e+00
8.90625000e-04	4.37863517e-03	4.92930904e+00
8.91113281e-04	4.38104206e-03	4.92933036e+00
8.91601563e-04	4.38344897e-03	4.92935168e+00
8.92089844e-04	4.38585588e-03	4.92937302e+00
8.92578125e-04	4.38826281e-03	4.92939437e+00
8.93066406e-04	4.39066974e-03	4.92941573e+00
8.93554688e-04	4.39307669e-03	4.92943711e+00
8.94042969e-04	4.39548365e-03	4.92945849e+00
8.94531250e-04	4.39789061e-03	4.92947989e+00
8.95019531e-04	4.40029759e-03	4.92950130e+00
8.95507813e-04	4.40270458e-03	4.92952272e+00
8.95996094e-04	4.40511158e-03	4.92954415e+00
8.96484375e-04	4.40751859e-03	4.92956560e+00
8.96972656e-04	4.40992561e-03	4.92958705e+00
8.97460938e-04	4.41233264e-03	4.92960852e+00
8.97949219e-04	4.41473968e-03	4.92963000e+00
8.98437500e-04	4.41714673e-03	4.92965149e+00
8.98925781e-04	4.41955379e-03	4.92967300e+00
8.99414063e-04	4.42196086e-03	4.92969451e+00
8.99902344e-04	4.42436795e-03	4.92971604e+00
9.00390625e-04	4.42677504e-03	4.92973757e+00
9.00878906e-04	4.42918214e-03	4.92975912e+00
9.01367188e-04	4.43158926e-03	4.92978069e+00
9.01855469e-04	4.43399638e-03	4.92980226e+00
9.02343750e-04	4.43640352e-03	4.92982384e+00
9.02832031e-04	4.43881066e-03	4.92984544e+00
9.03320313e-04	4.44121782e-03	4.92986705e+00
9.03808594e-04	4.44362499e-03	4.92988867e+00
9.04296875e-04	4.44603216e-03	4.92991030e+00
9.04785156e-04	4.44843935e-03	4.92993194e+00
9.05273438e-04	4.45084655e-03	4.92995360e+00
9.05761719e-04	4.45325376e-03	4.92997527e+00
9.06250000e-04	4.45566098e-03	4.92999695e+00
9.06738281e-04	4.45806821e-03	4.93001864e+00
9.07226563e-04	4.46047545e-03	4.93004034e+00
9.07714844e-04	4.46288270e-03	4.93006205e+00
9.08203125e-04	4.46528996e-03	4.93008378e+00
9.08691406e-04	4.46769724e-03	4.93010552e+00
9.09179688e-04	4.47010452e-03	4.93012726e+00
9.09667969e-04	4.47251181e-03	4.93014903e+00
9.10156250e-04	4.47491912e-03	4.93017080e+00
9.10644531e-04	4.47732643e-03	4.93019258e+00
9.11132813e-04	4.47973376e-03	4.93021438e+00
9.11621094e-04	4.48214110e-03	4.93023619e+00
9.12109375e-04	4.48454844e-03	4.93025801e+00
9.12597656e-04	4.48695580e-03	4.93027984e+00
9.13085938e-04	4.48936317e-03	4.93030168e+00
9.13574219e-04	4.49177055e-03	4.93032354e+00
9.14062500e-04	4.49417794e-03	4.93034540e+00
9.14550781e-04	4.49658534e-03	4.93036728e+00
9.15039063e-04	4.49899275e-03	4.93038917e+00
9.15527344e-04	4.50140017e-03	4.93041107e+00
9.16015625e-04	4.50380761e-03	4.93043298e+00
9.16503906e-04	4.50621505e-03	4.93045491e+00
9.16992188e-04	4.50862250e-03	4.93047685e+00
9.17480469e-04	4.51102997e-03	4.93049880e+00
9.17968750e-04	4.51343744e-03	4.93052076e+00
9.18457031e-04	4.51584493e-03	4.93054273e+00
9.18945313e-04	4.51825243e-03	4.93056471e+00
9.19433594e-04	4.52065993e-03	4.93058671e+00
9.19921875e-04	4.52306745e-03	4.93060871e+00
9.20410156e-04	4.52547498e-03	4.93063073e+00
9.20898438e-04	4.52788252e-03	4.93065276e+00
9.21386719e-04	4.53029007e-03	4.93067481e+00
9.21875000e-04	4.53269763e-03	4.93069686e+00
9.22363281e-04	4.53510521e-03	4.93071893e+00
9.22851563e-04	4.53751279e-03	4.93074100e+00
9.23339844e-04	4.53992038e-03	4.93076309e+00
9.23828125e-04	4.54232799e-03	4.93078519e+00
9.24316406e-04	4.54473560e-03	4.93080731e+00
9.24804688e-04	4.54714323e-03	4.93082943e+00
9.25292969e-04	4.54955087e-03	4.93085157e+00
9.25781250e-04	4.55195851e-03	4.93087372e+00
9.26269531e-04	4.55436617e-03	4.93089588e+00
9.26757813e-04	4.55677384e-03	4.93091805e+00
9.27246094e-04	4.55918152e-03	4.93094023e+00
9.27734375e-04	4.56158921e-03	4.93096242e+00
9.28222656e-04	4.56399691e-03	4.93098463e+00
9.28710938e-04	4.56640463e-03	4.93100685e+00
9.29199219e-04	4.56881235e-03	4.93102908e+00
9.29687500e-04	4.57122009e-03	4.93105132e+00
9.30175781e-04	4.57362783e-03	4.93107357e+00
9.30664063e-04	4.57603559e-03	4.93109584e+00
9.31152344e-04	4.57844335e-03	4.93111812e+00
9.31640625e-04	4.58085113e-03	4.93114041e+00
9.32128906e-04	4.58325892e-03	4.93116271e+00
9.32617188e-04	4.58566672e-03	4.93118502e+00
9.33105469e-04	4.58807453e-03	4.93120734e+00
9.33593750e-04	4.59048235e-03	4.93122968e+00
9.34082031e-04	4.59289019e-03	4.93125203e+00
9.34570313e-04	4.59529803e-03	4.93127438e+00
9.35058594e-04	4.59770588e-03	4.93129676e+00
9.35546875e-04	4.60011375e-03	4.93131914e+00
9.36035156e-04	4.60252162e-03	4.93134153e+00
9.36523438e-04	4.60492951e-03	4.93136394e+00
9.37011719e-04	4.60733741e-03	4.93138636e+00
9.37500000e-04	4.60974532e-03	4.93140879e+00
9.37988281e-04	4.61215324e-03	4.93143123e+00
9.38476562e-04	4.61456117e-03	4.93145368e+00
9.38964844e-04	4.61696911e-03	4.93147614e+00
9.39453125e-04	4.61937706e-03	4.93149862e+00
9.39941406e-04	4.62178503e-03	4.93152111e+00
9.40429687e-04	4.62419300e-03	4.93154361e+00
9.40917969e-04	4.62660099e-03	4.93156612e+00
9.41406250e-04	4.62900899e-03	4.93158864e+00
9.41894531e-04	4.63141699e-03	4.93161118e+00
9.42382812e-04	4.63382501e-03	4.93163373e+00
9.42871094e-04	4.63623304e-03	4.93165628e+00
9.43359375e-04	4.63864108e-03	4.93167885e+00
9.43847656e-04	4.64104913e-03	4.93170144e+00
9.44335937e-04	4.64345720e-03	4.93172403e+00
9.44824219e-04	4.64586527e-03	4.93174664e+00
9.45312500e-04	4.64827336e-03	4.93176925e+00
9.45800781e-04	4.65068145e-03	4.93179188e+00
9.46289062e-04	4.65308956e-03	4.93181452e+00
9.46777344e-04	4.65549768e-03	4.93183718e+00
9.47265625e-04	4.65790581e-03	4.93185984e+00
9.47753906e-04	4.66031395e-03	4.93188252e+00
9.48242187e-04	4.66272210e-03	4.93190520e+00
9.48730469e-04	4.66513026e-03	4.93192790e+00
9.49218750e-04	4.66753843e-03	4.93195061e+00
9.49707031e-04	4.66994662e-03	4.93197334e+00
9.50195312e-04	4.67235481e-03	4.93199607e+00
9.50683594e-04	4.67476302e-03	4.93201882e+00
9.51171875e-04	4.67717124e-03	4.93204158e+00
9.51660156e-04	4.67957947e-03	4.93206434e+00
9.52148437e-04	4.68198771e-03	4.93208713e+00
9.52636719e-04	4.68439596e-03	4.93210992e+00
9.53125000e-04	4.68680422e-03	4.93213272e+00
9.53613281e-04	4.68921249e-03	4.93215554e+00
9.54101562e-04	4.69162078e-03	4.93217837e+00
9.54589844e-04	4.69402907e-03	4.93220121e+00
9.55078125e-04	4.69643738e-03	4.93222406e+00
9.55566406e-04	4.69884570e-03	4.93224693e+00
9.56054687e-04	4.70125403e-03	4.93226980e+00
9.56542969e-04	4.70366237e-03	4.93229269e+00
9.57031250e-04	4.70607072e-03	4.93231559e+00
9.57519531e-04	4.70847908e-03	4.93233850e+00
9.58007812e-04	4.71088746e-03	4.93236142e+00
9.58496094e-04	4.71329584e-03	4.93238435e+00
9.58984375e-04	4.71570424e-03	4.93240730e+00
9.59472656e-04	4.71811265e-03	4.93243026e+00
9.59960937e-04	4.72052107e-03	4.93245323e+00
9.60449219e-04	4.72292950e-03	4.93247621e+00
9.60937500e-04	4.72533794e-03	4.93249920e+00
9.61425781e-04	4.72774639e-03	4.93252220e+00
9.61914062e-04	4.73015485e-03	4.93254522e+00
9.62402344e-04	4.73256333e-03	4.93256825e+00
9.62890625e-04	4.73497181e-03	4.93259129e+00
9.63378906e-04	4.73738031e-03	4.93261434e+00
9.63867187e-04	4.73978882e-03	4.93263740e+00
9.64355469e-04	4.74219734e-03	4.93266048e+00
9.64843750e-04	4.74460587e-03	4.93268356e+00
9.65332031e-04	4.74701441e-03	4.93270666e+00
9.65820312e-04	4.74942297e-03	4.93272977e+00
9.66308594e-04	4.75183153e-03	4.93275289e+00
9.66796875e-04	4.75424011e-03	4.93277603e+00
9.67285156e-04	4.75664870e-03	4.93279917e+00
9.67773437e-04	4.75905730e-03	4.93282233e+00
9.68261719e-04	4.76146591e-03	4.93284550e+00
9.68750000e-04	4.76387453e-03	4.93286868e+00
9.69238281e-04	4.76628316e-03	4.93289187e+00
9.69726562e-04	4.76869181e-03	4.93291508e+00
9.70214844e-04	4.77110046e-03	4.93293829e+00
9.70703125e-04	4.77350913e-03	4.93296152e+00
9.71191406e-04	4.77591781e-03	4.93298476e+00
9.71679687e-04	4.77832650e-03	4.93300801e+00
9.72167969e-04	4.78073520e-03	4.93303127e+00
9.72656250e-04	4.78314391e-03	4.93305455e+00
9.73144531e-04	4.78555263e-03	4.93307783e+00
9.73632812e-04	4.78796137e-03	4.93310113e+00
9.74121094e-04	4.79037012e-03	4.93312444e+00
9.74609375e-04	4.79277887e-03	4.93314776e+00
9.75097656e-04	4.79518764e-03	4.93317109e+00
9.75585937e-04	4.79759642e-03	4.93319444e+00
9.76074219e-04	4.80000521e-03	4.93321780e+00
9.76562500e-04	4.80241402e-03	4.93324116e+00
9.77050781e-04	4.80482283e-03	4.93326454e+00
9.77539063e-04	4.80723166e-03	4.93328794e+00
9.78027344e-04	4.80964050e-03	4.93331134e+00
9.78515625e-04	4.81204935e-03	4.93333475e+00
9.79003906e-04	4.81445821e-03	4.93335818e+00
9.79492188e-04	4.81686708e-03	4.93338162e+00
9.79980469e-04	4.81927596e-03	4.93340507e+00
9.80468750e-04	4.82168486e-03	4.93342853e+00
9.80957031e-04	4.82409376e-03	4.93345201e+00
9.81445313e-04	4.82650268e-03	4.93347549e+00
9.81933594e-04	4.82891161e-03	4.93349899e+00
9.82421875e-04	4.83132055e-03	4.93352250e+00
9.82910156e-04	4.83372950e-03	4.93354602e+00
9.83398438e-04	4.83613847e-03	4.93356955e+00
9.83886719e-04	4.83854744e-03	4.93359310e+00
9.84375000e-04	4.84095643e-03	4.93361665e+00
9.84863281e-04	4.84336543e-03	4.93364022e+00
9.85351563e-04	4.84577444e-03	4.93366380e+00
9.85839844e-04	4.84818346e-03	4.93368739e+00
9.86328125e-04	4.85059249e-03	4.93371100e+00
9.86816406e-04	4.85300154e-03	4.93373461e+00
9.87304688e-04	4.85541059e-03	4.93375824e+00
9.87792969e-04	4.85781966e-03	4.93378187e+00
9.88281250e-04	4.86022874e-03	4.93380552e+00
9.88769531e-04	4.86263783e-03	4.93382919e+00
9.89257813e-04	4.86504693e-03	4.93385286e+00
9.89746094e-04	4.86745604e-03	4.93387655e+00
9.90234375e-04	4.86986517e-03	4.93390024e+00
9.90722656e-04	4.87227431e-03	4.93392395e+00
9.91210938e-04	4.87468346e-03	4.93394767e+00
9.91699219e-04	4.87709261e-03	4.93397140e+00
9.92187500e-04	4.87950179e-03	4.93399515e+00
9.92675781e-04	4.88191097e-03	4.93401890e+00
9.93164063e-04	4.88432016e-03	4.93404267e+00
9.93652344e-04	4.88672937e-03	4.93406645e+00
9.94140625e-04	4.88913859e-03	4.93409024e+00
9.94628906e-04	4.89154782e-03	4.93411404e+00
9.95117188e-04	4.89395706e-03	4.93413786e+00
9.95605469e-04	4.89636631e-03	4.93416168e+00
9.96093750e-04	4.89877558e-03	4.93418552e+00
9.96582031e-04	4.90118485e-03	4.93420937e+00
9.97070313e-04	4.90359414e-03	4.93423323e+00
9.97558594e-04	4.90600344e-03	4.93425711e+00
9.98046875e-04	4.90841275e-03	4.93428099e+00
9.98535156e-04	4.91082207e-03	4.93430489e+00
9.99023438e-04	4.91323141e-03	4.93432880e+00
9.99511719e-04	4.91564075e-03	4.93435272e+00
1.00000000e-03	4.91805011e-03	4.93437665e+00
