0.00000000e+00	0.00000000e+00	1.06712756e-47
4.88281250e-04	5.21427937e-51	1.06864127e-47
9.76562500e-04	1.04433510e-50	1.07318646e-47
1.46484375e-03	1.57020486e-50	1.08077609e-47
1.95312500e-03	2.10052903e-50	1.09143172e-47
2.44140625e-03	2.63681206e-50	1.10518355e-47
2.92968750e-03	3.18057528e-50	1.12207060e-47
3.41796875e-03	3.73336126e-50	1.14214079e-47
3.90625000e-03	4.29673817e-50	1.16545104e-47
4.39453125e-03	4.87230422e-50	1.19206749e-47
4.88281250e-03	5.46169219e-50	1.22206565e-47
5.37109375e-03	6.06657409e-50	1.25553061e-47
5.85937500e-03	6.68866587e-50	1.29255732e-47
6.34765625e-03	7.32973231e-50	1.33325082e-47
6.83593750e-03	7.99159202e-50	1.37772655e-47
7.32421875e-03	8.67612259e-50	1.42611069e-47
7.81250000e-03	9.38526595e-50	1.47854049e-47
8.30078125e-03	1.01210338e-49	1.53516470e-47
8.78906250e-03	1.08855135e-49	1.59614396e-47
9.27734375e-03	1.16808736e-49	1.66165126e-47
9.76562500e-03	1.25093706e-49	1.73187244e-47
1.02539062e-02	1.33733548e-49	1.80700671e-47
1.07421875e-02	1.42752771e-49	1.88726722e-47
1.12304688e-02	1.52176963e-49	1.97288166e-47
1.17187500e-02	1.62032858e-49	2.06409292e-47
1.22070312e-02	1.72348416e-49	2.16115976e-47
1.26953125e-02	1.83152902e-49	2.26435754e-47
1.31835938e-02	1.94476966e-49	2.37397904e-47
1.36718750e-02	2.06352733e-49	2.49033523e-47
1.41601562e-02	2.18813894e-49	2.61375622e-47
1.46484375e-02	2.31895799e-49	2.74459215e-47
1.51367188e-02	2.45635561e-49	2.88321417e-47
1.56250000e-02	2.60072157e-49	3.03001556e-47
1.61132812e-02	2.75246542e-49	3.18541278e-47
1.66015625e-02	2.91201765e-49	3.34984668e-47
1.70898438e-02	3.07983090e-49	3.52378375e-47
1.75781250e-02	3.25638122e-49	3.70771744e-47
1.80664062e-02	3.44216948e-49	3.90216955e-47
1.85546875e-02	3.63772273e-49	4.10769173e-47
1.90429688e-02	3.84359575e-49	4.32486704e-47
1.95312500e-02	4.06037257e-49	4.55431158e-47
2.00195312e-02	4.28866817e-49	4.79667628e-47
2.05078125e-02	4.52913021e-49	5.05264871e-47
2.09960938e-02	4.78244085e-49	5.32295505e-47
2.14843750e-02	5.04931871e-49	5.60836214e-47
2.19726562e-02	5.33052090e-49	5.90967965e-47
2.24609375e-02	5.62684517e-49	6.22776242e-47
2.29492188e-02	5.93913216e-49	6.56351282e-47
2.34375000e-02	6.26826781e-49	6.91788336e-47
2.39257812e-02	6.61518584e-49	7.29187936e-47
2.44140625e-02	6.98087044e-49	7.68656182e-47
2.49023438e-02	7.36635902e-49	8.10305045e-47
2.53906250e-02	7.77274519e-49	8.54252679e-47
2.58789062e-02	8.20118182e-49	9.00623761e-47
2.63671875e-02	8.65288436e-49	9.49549843e-47
2.68554688e-02	9.12913425e-49	1.00116973e-46
2.73437500e-02	9.63128259e-49	1.05562985e-46
2.78320312e-02	1.01607539e-48	1.11308472e-46
2.83203125e-02	1.07190503e-48	1.17369733e-46
2.88085938e-02	1.13077556e-48	1.23763964e-46
2.92968750e-02	1.19285400e-48	1.30509304e-46
2.97851562e-02	1.25831645e-48	1.37624890e-46
3.02734375e-02	1.32734862e-48	1.45130908e-46
3.07617188e-02	1.40014637e-48	1.53048652e-46
3.12500000e-02	1.47691620e-48	1.61400586e-46
3.17382812e-02	1.55787592e-48	1.70210402e-46
3.22265625e-02	1.64325519e-48	1.79503093e-46
3.27148438e-02	1.73329623e-48	1.89305023e-46
3.32031250e-02	1.82825449e-48	1.99644000e-46
3.36914062e-02	1.92839935e-48	2.10549353e-46
3.41796875e-02	2.03401492e-48	2.22052022e-46
3.46679688e-02	2.14540082e-48	2.34184639e-46
3.51562500e-02	2.26287306e-48	2.46981623e-46
3.56445312e-02	2.38676488e-48	2.60479279e-46
3.61328125e-02	2.51742776e-48	2.74715898e-46
3.66210938e-02	2.65523239e-48	2.89731871e-46
3.71093750e-02	2.80056971e-48	3.05569796e-46
3.75976562e-02	2.95385204e-48	3.22274604e-46
3.80859375e-02	3.11551422e-48	3.39893687e-46
3.85742188e-02	3.28601488e-48	3.58477029e-46
3.90625000e-02	3.46583773e-48	3.78077351e-46
3.95507812e-02	3.65549291e-48	3.98750256e-46
4.00390625e-02	3.85551846e-48	4.20554394e-46
4.05273438e-02	4.06648184e-48	4.43551622e-46
4.10156250e-02	4.28898155e-48	4.67807182e-46
4.15039062e-02	4.52364880e-48	4.93389886e-46
4.19921875e-02	4.77114934e-48	5.20372310e-46
4.24804688e-02	5.03218530e-48	5.48831004e-46
4.29687500e-02	5.30749724e-48	5.78846702e-46
4.34570312e-02	5.59786620e-48	6.10504559e-46
4.39453125e-02	5.90411594e-48	6.43894387e-46
4.44335938e-02	6.22711528e-48	6.79110910e-46
4.49218750e-02	6.56778055e-48	7.16254037e-46
4.54101562e-02	6.92707821e-48	7.55429141e-46
4.58984375e-02	7.30602755e-48	7.96747360e-46
4.63867188e-02	7.70570364e-48	8.40325913e-46
4.68750000e-02	8.12724034e-48	8.86288431e-46
4.73632812e-02	8.57183354e-48	9.34765306e-46
4.78515625e-02	9.04074452e-48	9.85894066e-46
4.83398438e-02	9.53530356e-48	1.03981976e-45
4.88281250e-02	1.00569137e-47	1.09669538e-45
4.93164062e-02	1.06070547e-47	1.15668227e-45
4.98046875e-02	1.11872874e-47	1.21995061e-45
5.02929688e-02	1.17992577e-47	1.28667990e-45
5.07812500e-02	1.24447019e-47	1.35705945e-45
5.12695312e-02	1.31254510e-47	1.43128891e-45
5.17578125e-02	1.38434363e-47	1.50957887e-45
5.22460938e-02	1.46006947e-47	1.59215144e-45
5.27343750e-02	1.53993744e-47	1.67924088e-45
5.32226562e-02	1.62417414e-47	1.77109425e-45
5.37109375e-02	1.71301854e-47	1.86797214e-45
5.41992188e-02	1.80672267e-47	1.97014939e-45
5.46875000e-02	1.90555239e-47	2.07791587e-45
5.51757812e-02	2.00978807e-47	2.19157732e-45
5.56640625e-02	2.11972541e-47	2.31145617e-45
5.61523438e-02	2.23567630e-47	2.43789253e-45
5.66406250e-02	2.35796970e-47	2.57124510e-45
5.71289062e-02	2.48695255e-47	2.71189218e-45
5.76171875e-02	2.62299075e-47	2.86023280e-45
5.81054688e-02	2.76647026e-47	3.01668778e-45
5.85937500e-02	2.91779811e-47	3.18170098e-45
5.90820312e-02	3.07740362e-47	3.35574055e-45
5.95703125e-02	3.24573957e-47	3.53930022e-45
6.00585938e-02	3.42328354e-47	3.73290075e-45
6.05468750e-02	3.61053921e-47	3.93709138e-45
6.10351562e-02	3.80803781e-47	4.15245139e-45
6.15234375e-02	4.01633965e-47	4.37959175e-45
6.20117188e-02	4.23603566e-47	4.61915684e-45
6.25000000e-02	4.46774911e-47	4.87182631e-45
6.29882812e-02	4.71213738e-47	5.13831698e-45
6.34765625e-02	4.96989377e-47	5.41938486e-45
6.39648438e-02	5.24174954e-47	5.71582734e-45
6.44531250e-02	5.52847592e-47	6.02848541e-45
6.49414062e-02	5.83088636e-47	6.35824609e-45
6.54296875e-02	6.14983877e-47	6.70604488e-45
6.59179688e-02	6.48623803e-47	7.07286849e-45
6.64062500e-02	6.84103847e-47	7.45975757e-45
6.68945312e-02	7.21524665e-47	7.86780973e-45
6.73828125e-02	7.60992420e-47	8.29818259e-45
6.78710938e-02	8.02619080e-47	8.75209712e-45
6.83593750e-02	8.46522737e-47	9.23084104e-45
6.88476562e-02	8.92827946e-47	9.73577255e-45
6.93359375e-02	9.41666073e-47	1.02683241e-44
6.98242188e-02	9.93175669e-47	1.08300066e-44
7.03125000e-02	1.04750287e-46	1.14224134e-44
7.08007812e-02	1.10480179e-46	1.20472252e-44
7.12890625e-02	1.16523499e-46	1.27062147e-44
7.17773438e-02	1.22897392e-46	1.34012512e-44
7.22656250e-02	1.29619941e-46	1.41343067e-44
7.27539062e-02	1.36710216e-46	1.49074607e-44
7.32421875e-02	1.44188333e-46	1.57229067e-44
7.37304688e-02	1.52075507e-46	1.65829581e-44
7.42187500e-02	1.60394113e-46	1.74900548e-44
7.47070312e-02	1.69167752e-46	1.84467703e-44
7.51953125e-02	1.78421314e-46	1.94558187e-44
7.56835938e-02	1.88181051e-46	2.05200626e-44
7.61718750e-02	1.98474650e-46	2.16425214e-44
7.66601562e-02	2.09331316e-46	2.28263792e-44
7.71484375e-02	2.20781846e-46	2.40749949e-44
7.76367188e-02	2.32858728e-46	2.53919105e-44
7.81250000e-02	2.45596221e-46	2.67808623e-44
7.86132812e-02	2.59030462e-46	2.82457906e-44
7.91015625e-02	2.73199564e-46	2.97908513e-44
7.95898438e-02	2.88143724e-46	3.14204278e-44
8.00781250e-02	3.03905338e-46	3.31391431e-44
8.05664062e-02	3.20529122e-46	3.49518732e-44
8.10546875e-02	3.38062235e-46	3.68637607e-44
8.15429688e-02	3.56554420e-46	3.88802297e-44
8.20312500e-02	3.76058139e-46	4.10070007e-44
8.25195312e-02	3.96628722e-46	4.32501075e-44
8.30078125e-02	4.18324528e-46	4.56159135e-44
8.34960938e-02	4.41207107e-46	4.81111307e-44
8.39843750e-02	4.65341377e-46	5.07428377e-44
8.44726562e-02	4.90795805e-46	5.35185008e-44
8.49609375e-02	5.17642605e-46	5.64459943e-44
8.54492188e-02	5.45957942e-46	5.95336236e-44
8.59375000e-02	5.75822144e-46	6.27901481e-44
8.64257812e-02	6.07319936e-46	6.62248065e-44
8.69140625e-02	6.40540675e-46	6.98473429e-44
8.74023438e-02	6.75578609e-46	7.36680343e-44
8.78906250e-02	7.12533139e-46	7.76977200e-44
8.83789062e-02	7.51509104e-46	8.19478319e-44
8.88671875e-02	7.92617077e-46	8.64304277e-44
8.93554688e-02	8.35973682e-46	9.11582243e-44
8.98437500e-02	8.81701919e-46	9.61446344e-44
9.03320312e-02	9.29931518e-46	1.01403804e-43
9.08203125e-02	9.80799306e-46	1.06950654e-43
9.13085938e-02	1.03444959e-45	1.12800920e-43
9.17968750e-02	1.09103458e-45	1.18971199e-43
9.22851562e-02	1.15071481e-45	1.25478997e-43
9.27734375e-02	1.21365957e-45	1.32342775e-43
9.32617188e-02	1.28004746e-45	1.39582006e-43
9.37500000e-02	1.35006681e-45	1.47217228e-43
9.42382812e-02	1.42391625e-45	1.55270101e-43
9.47265625e-02	1.50180531e-45	1.63763472e-43
9.52148438e-02	1.58395494e-45	1.72721436e-43
9.57031250e-02	1.67059821e-45	1.82169406e-43
9.61914062e-02	1.76198093e-45	1.92134185e-43
9.66796875e-02	1.85836233e-45	2.02644045e-43
9.71679688e-02	1.96001586e-45	2.13728801e-43
9.76562500e-02	2.06722990e-45	2.25419901e-43
9.81445312e-02	2.18030861e-45	2.37750511e-43
9.86328125e-02	2.29957280e-45	2.50755613e-43
9.91210938e-02	2.42536082e-45	2.64472103e-43
9.96093750e-02	2.55802952e-45	2.78938894e-43
1.00097656e-01	2.69795528e-45	2.94197028e-43
1.00585938e-01	2.84553507e-45	3.10289792e-43
1.01074219e-01	3.00118757e-45	3.27262841e-43
1.01562500e-01	3.16535436e-45	3.45164326e-43
1.02050781e-01	3.33850117e-45	3.64045035e-43
1.02539062e-01	3.52111923e-45	3.83958530e-43
1.03027344e-01	3.71372661e-45	4.04961307e-43
1.03515625e-01	3.91686974e-45	4.27112950e-43
1.04003906e-01	4.13112493e-45	4.50476302e-43
1.04492188e-01	4.35710002e-45	4.75117645e-43
1.04980469e-01	4.59543608e-45	5.01106885e-43
1.05468750e-01	4.84680929e-45	5.28517755e-43
1.05957031e-01	5.11193277e-45	5.57428017e-43
1.06445312e-01	5.39155867e-45	5.87919689e-43
1.06933594e-01	5.68648029e-45	6.20079277e-43
1.07421875e-01	5.99753432e-45	6.53998015e-43
1.07910156e-01	6.32560320e-45	6.89772131e-43
1.08398438e-01	6.67161767e-45	7.27503114e-43
1.08886719e-01	7.03655935e-45	7.67298008e-43
1.09375000e-01	7.42146357e-45	8.09269709e-43
1.09863281e-01	7.82742231e-45	8.53537290e-43
1.10351562e-01	8.25558726e-45	9.00226337e-43
1.10839844e-01	8.70717311e-45	9.49469307e-43
1.11328125e-01	9.18346101e-45	1.00140590e-42
1.11816406e-01	9.68580216e-45	1.05618346e-42
1.12304688e-01	1.02156217e-44	1.11395739e-42
1.12792969e-01	1.07744227e-44	1.17489159e-42
1.13281250e-01	1.13637905e-44	1.23915893e-42
1.13769531e-01	1.19853971e-44	1.30694174e-42
1.14257812e-01	1.26410060e-44	1.37843232e-42
1.14746094e-01	1.33324772e-44	1.45383348e-42
1.15234375e-01	1.40617723e-44	1.53335913e-42
1.15722656e-01	1.48309602e-44	1.61723489e-42
1.16210938e-01	1.56422233e-44	1.70569871e-42
1.16699219e-01	1.64978631e-44	1.79900157e-42
1.17187500e-01	1.74003068e-44	1.89740815e-42
1.17675781e-01	1.83521149e-44	2.00119764e-42
1.18164062e-01	1.93559875e-44	2.11066448e-42
1.18652344e-01	2.04147726e-44	2.22611924e-42
1.19140625e-01	2.15314739e-44	2.34788944e-42
1.19628906e-01	2.27092595e-44	2.47632057e-42
1.20117188e-01	2.39514709e-44	2.61177696e-42
1.20605469e-01	2.52616320e-44	2.75464291e-42
1.21093750e-01	2.66434597e-44	2.90532372e-42
1.21582031e-01	2.81008744e-44	3.06424688e-42
1.22070312e-01	2.96380107e-44	3.23186325e-42
1.22558594e-01	3.12592294e-44	3.40864834e-42
1.23046875e-01	3.29691298e-44	3.59510370e-42
1.23535156e-01	3.47725629e-44	3.79175829e-42
1.24023438e-01	3.66746450e-44	3.99917003e-42
1.24511719e-01	3.86807723e-44	4.21792733e-42
1.25000000e-01	4.07966361e-44	4.44865081e-42
1.25488281e-01	4.30282390e-44	4.69199502e-42
1.25976562e-01	4.53819122e-44	4.94865033e-42
1.26464844e-01	4.78643329e-44	5.21934485e-42
1.26953125e-01	5.04825437e-44	5.50484656e-42
1.27441406e-01	5.32439724e-44	5.80596541e-42
1.27929688e-01	5.61564531e-44	6.12355566e-42
1.28417969e-01	5.92282486e-44	6.45851832e-42
1.28906250e-01	6.24680733e-44	6.81180367e-42
1.29394531e-01	6.58851186e-44	7.18441398e-42
1.29882812e-01	6.94890786e-44	7.57740632e-42
1.30371094e-01	7.32901777e-44	7.99189562e-42
1.30859375e-01	7.72991996e-44	8.42905777e-42
1.31347656e-01	8.15275176e-44	8.89013300e-42
1.31835938e-01	8.59871276e-44	9.37642936e-42
1.32324219e-01	9.06906812e-44	9.88932647e-42
1.32812500e-01	9.56515225e-44	1.04302794e-41
1.33300781e-01	1.00883725e-43	1.10008229e-41
1.33789062e-01	1.06402133e-43	1.16025754e-41
1.34277344e-01	1.12222401e-43	1.22372443e-41
1.34765625e-01	1.18361043e-43	1.29066299e-41
1.35253906e-01	1.24835472e-43	1.36126315e-41
1.35742188e-01	1.31664056e-43	1.43572518e-41
1.36230469e-01	1.38866170e-43	1.51426034e-41
1.36718750e-01	1.46462243e-43	1.59709142e-41
1.37207031e-01	1.54473827e-43	1.68445343e-41
1.37695312e-01	1.62923651e-43	1.77659419e-41
1.38183594e-01	1.71835685e-43	1.87377512e-41
1.38671875e-01	1.81235214e-43	1.97627192e-41
1.39160156e-01	1.91148904e-43	2.08437536e-41
1.39648438e-01	2.01604879e-43	2.19839214e-41
1.40136719e-01	2.12632803e-43	2.31864571e-41
1.40625000e-01	2.24263963e-43	2.44547724e-41
1.41113281e-01	2.36531355e-43	2.57924655e-41
1.41601562e-01	2.49469782e-43	2.72033313e-41
1.42089844e-01	2.63115950e-43	2.86913724e-41
1.42578125e-01	2.77508573e-43	3.02608104e-41
1.43066406e-01	2.92688482e-43	3.19160978e-41
1.43554688e-01	3.08698743e-43	3.36619306e-41
1.44042969e-01	3.25584776e-43	3.55032617e-41
1.44531250e-01	3.43394487e-43	3.74453149e-41
1.45019531e-01	3.62178402e-43	3.94935997e-41
1.45507812e-01	3.81989810e-43	4.16539272e-41
1.45996094e-01	4.02884916e-43	4.39324262e-41
1.46484375e-01	4.24922998e-43	4.63355606e-41
1.46972656e-01	4.48166580e-43	4.88701482e-41
1.47460938e-01	4.72681601e-43	5.15433795e-41
1.47949219e-01	4.98537611e-43	5.43628385e-41
1.48437500e-01	5.25807963e-43	5.73365239e-41
1.48925781e-01	5.54570023e-43	6.04728720e-41
1.49414062e-01	5.84905387e-43	6.37807805e-41
1.49902344e-01	6.16900117e-43	6.72696340e-41
1.50390625e-01	6.50644982e-43	7.09493302e-41
1.50878906e-01	6.86235714e-43	7.48303085e-41
1.51367188e-01	7.23773284e-43	7.89235790e-41
1.51855469e-01	7.63364186e-43	8.32407543e-41
1.52343750e-01	8.05120738e-43	8.77940822e-41
1.52832031e-01	8.49161402e-43	9.25964804e-41
1.53320312e-01	8.95611122e-43	9.76615732e-41
1.53808594e-01	9.44601675e-43	1.03003730e-40
1.54296875e-01	9.96272045e-43	1.08638107e-40
1.54785156e-01	1.05076882e-42	1.14580688e-40
1.55273438e-01	1.10824661e-42	1.20848333e-40
1.55761719e-01	1.16886847e-42	1.27458822e-40
1.56250000e-01	1.23280640e-42	1.34430910e-40
1.56738281e-01	1.30024177e-42	1.41784375e-40
1.57226562e-01	1.37136590e-42	1.49540081e-40
1.57714844e-01	1.44638058e-42	1.57720030e-40
1.58203125e-01	1.52549861e-42	1.66347427e-40
1.58691406e-01	1.60894445e-42	1.75446749e-40
1.59179688e-01	1.69695484e-42	1.85043811e-40
1.59667969e-01	1.78977947e-42	1.95165839e-40
1.60156250e-01	1.88768166e-42	2.05841549e-40
1.60644531e-01	1.99093917e-42	2.17101227e-40
1.61132812e-01	2.09984495e-42	2.28976819e-40
1.61621094e-01	2.21470794e-42	2.41502014e-40
1.62109375e-01	2.33585403e-42	2.54712346e-40
1.62597656e-01	2.46362689e-42	2.68645292e-40
1.63085938e-01	2.59838902e-42	2.83340381e-40
1.63574219e-01	2.74052273e-42	2.98839302e-40
1.64062500e-01	2.89043125e-42	3.15186025e-40
1.64550781e-01	3.04853988e-42	3.32426925e-40
1.65039062e-01	3.21529717e-42	3.50610915e-40
1.65527344e-01	3.39117620e-42	3.69789582e-40
1.66015625e-01	3.57667593e-42	3.90017336e-40
1.66503906e-01	3.77232264e-42	4.11351563e-40
1.66992188e-01	3.97867136e-42	4.33852788e-40
1.67480469e-01	4.19630750e-42	4.57584845e-40
1.67968750e-01	4.42584849e-42	4.82615064e-40
1.68457031e-01	4.66794554e-42	5.09014453e-40
1.68945312e-01	4.92328547e-42	5.36857908e-40
1.69433594e-01	5.19259268e-42	5.66224420e-40
1.69921875e-01	5.47663119e-42	5.97197301e-40
1.70410156e-01	5.77620680e-42	6.29864422e-40
1.70898438e-01	6.09216942e-42	6.64318457e-40
1.71386719e-01	6.42541542e-42	7.00657153e-40
1.71875000e-01	6.77689021e-42	7.38983602e-40
1.72363281e-01	7.14759093e-42	7.79406536e-40
1.72851562e-01	7.53856924e-42	8.22040633e-40
1.73339844e-01	7.95093435e-42	8.67006846e-40
1.73828125e-01	8.38585612e-42	9.14432744e-40
1.74316406e-01	8.84456843e-42	9.64452872e-40
1.74804688e-01	9.32837264e-42	1.01720914e-39
1.75292969e-01	9.83864127e-42	1.07285121e-39
1.75781250e-01	1.03768220e-41	1.13153694e-39
1.76269531e-01	1.09444415e-41	1.19343283e-39
1.76757812e-01	1.15431103e-41	1.25871446e-39
1.77246094e-01	1.21745267e-41	1.32756705e-39
1.77734375e-01	1.28404820e-41	1.40018593e-39
1.78222656e-01	1.35428656e-41	1.47677711e-39
1.78710938e-01	1.42836700e-41	1.55755788e-39
1.79199219e-01	1.50649970e-41	1.64275742e-39
1.79687500e-01	1.58890631e-41	1.73261744e-39
1.80175781e-01	1.67582063e-41	1.82739286e-39
1.80664062e-01	1.76748922e-41	1.92735257e-39
1.81152344e-01	1.86417214e-41	2.03278015e-39
1.81640625e-01	1.96614370e-41	2.14397469e-39
1.82128906e-01	2.07369317e-41	2.26125166e-39
1.82617188e-01	2.18712567e-41	2.38494376e-39
1.83105469e-01	2.30676302e-41	2.51540191e-39
1.83593750e-01	2.43294461e-41	2.65299621e-39
1.84082031e-01	2.56602843e-41	2.79811702e-39
1.84570312e-01	2.70639203e-41	2.95117605e-39
1.85058594e-01	2.85443362e-41	3.11260752e-39
1.85546875e-01	3.01057320e-41	3.28286941e-39
1.86035156e-01	3.17525372e-41	3.46244474e-39
1.86523438e-01	3.34894238e-41	3.65184298e-39
1.87011719e-01	3.53213194e-41	3.85160144e-39
1.87500000e-01	3.72534211e-41	4.06228683e-39
1.87988281e-01	3.92912101e-41	4.28449687e-39
1.88476562e-01	4.14404676e-41	4.51886196e-39
1.88964844e-01	4.37072911e-41	4.76604699e-39
1.89453125e-01	4.60981114e-41	5.02675322e-39
1.89941406e-01	4.86197114e-41	5.30172027e-39
1.90429688e-01	5.12792447e-41	5.59172823e-39
1.90917969e-01	5.40842565e-41	5.89759983e-39
1.91406250e-01	5.70427044e-41	6.22020282e-39
1.91894531e-01	6.01629815e-41	6.56045244e-39
1.92382812e-01	6.34539401e-41	6.91931397e-39
1.92871094e-01	6.69249166e-41	7.29780548e-39
1.93359375e-01	7.05857579e-41	7.69700075e-39
1.93847656e-01	7.44468500e-41	8.11803229e-39
1.94335938e-01	7.85191466e-41	8.56209457e-39
1.94824219e-01	8.28142008e-41	9.03044738e-39
1.95312500e-01	8.73441975e-41	9.52441944e-39
1.95800781e-01	9.21219884e-41	1.00454121e-38
1.96289062e-01	9.71611280e-41	1.05949035e-38
1.96777344e-01	1.02475912e-40	1.11744524e-38
1.97265625e-01	1.08081419e-40	1.17857031e-38
1.97753906e-01	1.13993551e-40	1.24303897e-38
1.98242188e-01	1.20229081e-40	1.31103411e-38
1.98730469e-01	1.26805699e-40	1.38274863e-38
1.99218750e-01	1.33742063e-40	1.45838599e-38
1.99707031e-01	1.41057851e-40	1.53816077e-38
2.00195312e-01	1.48773818e-40	1.62229929e-38
2.00683594e-01	1.56911854e-40	1.71104025e-38
2.01171875e-01	1.65495046e-40	1.80463540e-38
2.01660156e-01	1.74547746e-40	1.90335028e-38
2.02148438e-01	1.84095634e-40	2.00746493e-38
2.02636719e-01	1.94165799e-40	2.11727473e-38
2.03125000e-01	2.04786810e-40	2.23309120e-38
2.03613281e-01	2.15988798e-40	2.35524293e-38
2.04101562e-01	2.27803542e-40	2.48407644e-38
2.04589844e-01	2.40264562e-40	2.61995724e-38
2.05078125e-01	2.53407209e-40	2.76327082e-38
2.05566406e-01	2.67268768e-40	2.91442376e-38
2.06054688e-01	2.81888564e-40	3.07384488e-38
2.06542969e-01	2.97308074e-40	3.24198644e-38
2.07031250e-01	3.13571043e-40	3.41932548e-38
2.07519531e-01	3.30723608e-40	3.60636509e-38
2.08007812e-01	3.48814430e-40	3.80363590e-38
2.08496094e-01	3.67894834e-40	4.01169758e-38
2.08984375e-01	3.88018950e-40	4.23114038e-38
2.09472656e-01	4.09243870e-40	4.46258686e-38
2.09960938e-01	4.31629809e-40	4.70669364e-38
2.10449219e-01	4.55240275e-40	4.96415324e-38
2.10937500e-01	4.80142251e-40	5.23569607e-38
2.11425781e-01	5.06406383e-40	5.52209249e-38
2.11914062e-01	5.34107183e-40	5.82415501e-38
2.12402344e-01	5.63323236e-40	6.14274056e-38
2.12890625e-01	5.94137430e-40	6.47875299e-38
2.13378906e-01	6.26637182e-40	6.83314554e-38
2.13867188e-01	6.60914695e-40	7.20692363e-38
2.14355469e-01	6.97067212e-40	7.60114765e-38
2.14843750e-01	7.35197299e-40	8.01693602e-38
2.15332031e-01	7.75413130e-40	8.45546832e-38
2.15820312e-01	8.17828797e-40	8.91798866e-38
2.16308594e-01	8.62564631e-40	9.40580920e-38
2.16796875e-01	9.09747549e-40	9.92031389e-38
2.17285156e-01	9.59511407e-40	1.04629624e-37
2.17773438e-01	1.01199738e-39	1.10352941e-37
2.18261719e-01	1.06735438e-39	1.16389328e-37
2.18750000e-01	1.12573945e-39	1.22755910e-37
2.19238281e-01	1.18731823e-39	1.29470749e-37
2.19726562e-01	1.25226541e-39	1.36552894e-37
2.20214844e-01	1.32076524e-39	1.44022438e-37
2.20703125e-01	1.39301207e-39	1.51900572e-37
2.21191406e-01	1.46921085e-39	1.60209645e-37
2.21679688e-01	1.54957777e-39	1.68973231e-37
2.22167969e-01	1.63434081e-39	1.78216192e-37
2.22656250e-01	1.72374045e-39	1.87964749e-37
2.23144531e-01	1.81803032e-39	1.98246559e-37
2.23632812e-01	1.91747792e-39	2.09090792e-37
2.24121094e-01	2.02236537e-39	2.20528213e-37
2.24609375e-01	2.13299025e-39	2.32591269e-37
2.25097656e-01	2.24966638e-39	2.45314183e-37
2.25585938e-01	2.37272479e-39	2.58733050e-37
2.26074219e-01	2.50251458e-39	2.72885939e-37
2.26562500e-01	2.63940397e-39	2.87813002e-37
2.27050781e-01	2.78378131e-39	3.03556586e-37
2.27539062e-01	2.93605620e-39	3.20161356e-37
2.28027344e-01	3.09666064e-39	3.37674418e-37
2.28515625e-01	3.26605026e-39	3.56145459e-37
2.29003906e-01	3.44470561e-39	3.75626879e-37
2.29492188e-01	3.63313355e-39	3.96173947e-37
2.29980469e-01	3.83186863e-39	4.17844955e-37
2.30468750e-01	4.04147467e-39	4.40701383e-37
2.30957031e-01	4.26254632e-39	4.64808075e-37
2.31445312e-01	4.49571074e-39	4.90233421e-37
2.31933594e-01	4.74162944e-39	5.17049552e-37
2.32421875e-01	5.00100007e-39	5.45332545e-37
2.32910156e-01	5.27455846e-39	5.75162639e-37
2.33398438e-01	5.56308070e-39	6.06624462e-37
2.33886719e-01	5.86738532e-39	6.39807269e-37
2.34375000e-01	6.18833563e-39	6.74805201e-37
2.34863281e-01	6.52684216e-39	7.11717545e-37
2.35351562e-01	6.88386525e-39	7.50649022e-37
2.35839844e-01	7.26041777e-39	7.91710080e-37
2.36328125e-01	7.65756798e-39	8.35017209e-37
2.36816406e-01	8.07644261e-39	8.80693269e-37
2.37304688e-01	8.51822999e-39	9.28867844e-37
2.37792969e-01	8.98418347e-39	9.79677604e-37
2.38281250e-01	9.47562495e-39	1.03326670e-36
2.38769531e-01	9.99394864e-39	1.08978715e-36
2.39257812e-01	1.05406250e-38	1.14939932e-36
2.39746094e-01	1.11172050e-38	1.21227231e-36
2.40234375e-01	1.17253244e-38	1.27858451e-36
2.40722656e-01	1.23667083e-38	1.34852403e-36
2.41210938e-01	1.30431764e-38	1.42228929e-36
2.41699219e-01	1.37566478e-38	1.50008957e-36
2.42187500e-01	1.45091466e-38	1.58214559e-36
2.42675781e-01	1.53028077e-38	1.66869013e-36
2.43164062e-01	1.61398826e-38	1.75996872e-36
2.43652344e-01	1.70227461e-38	1.85624031e-36
2.44140625e-01	1.79539029e-38	1.95777804e-36
2.44628906e-01	1.89359947e-38	2.06486995e-36
2.45117188e-01	1.99718077e-38	2.17781987e-36
2.45605469e-01	2.10642804e-38	2.29694824e-36
2.46093750e-01	2.22165121e-38	2.42259302e-36
2.46582031e-01	2.34317718e-38	2.55511065e-36
2.47070312e-01	2.47135071e-38	2.69487711e-36
2.47558594e-01	2.60653543e-38	2.84228889e-36
2.48046875e-01	2.74911485e-38	2.99776421e-36
2.48535156e-01	2.89949347e-38	3.16174414e-36
2.49023438e-01	3.05809791e-38	3.33469390e-36
2.49511719e-01	3.22537814e-38	3.51710413e-36
2.50000000e-01	3.40180872e-38	3.70949235e-36
2.50488281e-01	3.58789018e-38	3.91240434e-36
2.50976562e-01	3.78415043e-38	4.12641577e-36
2.51464844e-01	3.99114627e-38	4.35213378e-36
2.51953125e-01	4.20946494e-38	4.59019874e-36
2.52441406e-01	4.43972580e-38	4.84128603e-36
2.52929688e-01	4.68258210e-38	5.10610798e-36
2.53417969e-01	4.93872282e-38	5.38541589e-36
2.53906250e-01	5.20887462e-38	5.68000216e-36
2.54394531e-01	5.49380394e-38	5.99070251e-36
2.54882812e-01	5.79431910e-38	6.31839840e-36
2.55371094e-01	6.11127266e-38	6.66401950e-36
2.55859375e-01	6.44556382e-38	7.02854633e-36
2.56347656e-01	6.79814095e-38	7.41301306e-36
2.56835938e-01	7.17000431e-38	7.81851040e-36
2.57324219e-01	7.56220888e-38	8.24618875e-36
2.57812500e-01	7.97586733e-38	8.69726142e-36
2.58300781e-01	8.41215321e-38	9.17300811e-36
2.58789062e-01	8.87230425e-38	9.67477849e-36
2.59277344e-01	9.35762590e-38	1.02039961e-35
2.59765625e-01	9.86949500e-38	1.07621623e-35
2.60253906e-01	1.04093637e-37	1.13508606e-35
2.60742188e-01	1.09787637e-37	1.19717611e-35
2.61230469e-01	1.15793102e-37	1.26266254e-35
2.61718750e-01	1.22127071e-37	1.33173112e-35
2.62207031e-01	1.28807513e-37	1.40457781e-35
2.62695312e-01	1.35853380e-37	1.48140927e-35
2.63183594e-01	1.43284661e-37	1.56244346e-35
2.63671875e-01	1.51122438e-37	1.64791028e-35
2.64160156e-01	1.59388948e-37	1.73805221e-35
2.64648438e-01	1.68107643e-37	1.83312496e-35
2.65136719e-01	1.77303256e-37	1.93339826e-35
2.65625000e-01	1.87001876e-37	2.03915659e-35
2.66113281e-01	1.97231018e-37	2.15069998e-35
2.66601562e-01	2.08019702e-37	2.26834488e-35
2.67089844e-01	2.19398535e-37	2.39242504e-35
2.67578125e-01	2.31399798e-37	2.52329248e-35
2.68066406e-01	2.44057540e-37	2.66131846e-35
2.68554688e-01	2.57407669e-37	2.80689457e-35
2.69042969e-01	2.71488061e-37	2.96043380e-35
2.69531250e-01	2.86338660e-37	3.12237174e-35
2.70019531e-01	3.02001599e-37	3.29316781e-35
2.70507812e-01	3.18521311e-37	3.47330655e-35
2.70996094e-01	3.35944665e-37	3.66329902e-35
2.71484375e-01	3.54321089e-37	3.86368422e-35
2.71972656e-01	3.73702717e-37	4.07503063e-35
2.72460938e-01	3.94144535e-37	4.29793786e-35
2.72949219e-01	4.15704535e-37	4.53303827e-35
2.73437500e-01	4.38443883e-37	4.78099886e-35
2.73925781e-01	4.62427091e-37	5.04252307e-35
2.74414062e-01	4.87722198e-37	5.31835286e-35
2.74902344e-01	5.14400967e-37	5.60927074e-35
2.75390625e-01	5.42539084e-37	5.91610205e-35
2.75878906e-01	5.72216377e-37	6.23971726e-35
2.76367188e-01	6.03517041e-37	6.58103447e-35
2.76855469e-01	6.36529874e-37	6.94102198e-35
2.77343750e-01	6.71348534e-37	7.32070108e-35
2.77832031e-01	7.08071800e-37	7.72114891e-35
2.78320312e-01	7.46803857e-37	8.14350154e-35
2.78808594e-01	7.87654586e-37	8.58895717e-35
2.79296875e-01	8.30739881e-37	9.05877956e-35
2.79785156e-01	8.76181974e-37	9.55430159e-35
2.80273438e-01	9.24109783e-37	1.00769290e-34
2.80761719e-01	9.74659279e-37	1.06281446e-34
2.81250000e-01	1.02797387e-36	1.12095121e-34
2.81738281e-01	1.08420481e-36	1.18226808e-34
2.82226562e-01	1.14351162e-36	1.24693903e-34
2.82714844e-01	1.20606257e-36	1.31514753e-34
2.83203125e-01	1.27203509e-36	1.38708709e-34
2.83691406e-01	1.34161636e-36	1.46296179e-34
2.84179688e-01	1.41500378e-36	1.54298690e-34
2.84667969e-01	1.49240555e-36	1.62738944e-34
2.85156250e-01	1.57404125e-36	1.71640886e-34
2.85644531e-01	1.66014248e-36	1.81029771e-34
2.86132812e-01	1.75095352e-36	1.90932235e-34
2.86621094e-01	1.84673199e-36	2.01376372e-34
2.87109375e-01	1.94774961e-36	2.12391810e-34
2.87597656e-01	2.05429297e-36	2.24009802e-34
2.88085938e-01	2.16666434e-36	2.36263306e-34
2.88574219e-01	2.28518250e-36	2.49187086e-34
2.89062500e-01	2.41018369e-36	2.62817807e-34
2.89550781e-01	2.54202255e-36	2.77194138e-34
2.90039062e-01	2.68107308e-36	2.92356865e-34
2.90527344e-01	2.82772979e-36	3.08349005e-34
2.91015625e-01	2.98240873e-36	3.25215927e-34
2.91503906e-01	3.14554872e-36	3.43005482e-34
2.91992188e-01	3.31761259e-36	3.61768140e-34
2.92480469e-01	3.49908849e-36	3.81557129e-34
2.92968750e-01	3.69049125e-36	4.02428590e-34
2.93457031e-01	3.89236389e-36	4.24441736e-34
2.93945312e-01	4.10527912e-36	4.47659018e-34
2.94433594e-01	4.32984096e-36	4.72146302e-34
2.94921875e-01	4.56668651e-36	4.97973060e-34
2.95410156e-01	4.81648769e-36	5.25212560e-34
2.95898438e-01	5.07995317e-36	5.53942082e-34
2.96386719e-01	5.35783042e-36	5.84243130e-34
2.96875000e-01	5.65090777e-36	6.16201668e-34
2.97363281e-01	5.96001666e-36	6.49908362e-34
2.97851562e-01	6.28603404e-36	6.85458838e-34
2.98339844e-01	6.62988482e-36	7.22953951e-34
2.98828125e-01	6.99254450e-36	7.62500076e-34
2.99316406e-01	7.37504193e-36	8.04209403e-34
2.99804688e-01	7.77846226e-36	8.48200262e-34
3.00292969e-01	8.20394998e-36	8.94597454e-34
3.00781250e-01	8.65271220e-36	9.43532607e-34
3.01269531e-01	9.12602205e-36	9.95144550e-34
3.01757812e-01	9.62522231e-36	1.04957970e-33
3.02246094e-01	1.01517292e-35	1.10699250e-33
3.02734375e-01	1.07070364e-35	1.16754583e-33
3.03222656e-01	1.12927193e-35	1.23141146e-33
3.03710938e-01	1.19104396e-35	1.29877059e-33
3.04199219e-01	1.25619496e-35	1.36981432e-33
3.04687500e-01	1.32490976e-35	1.44474420e-33
3.05175781e-01	1.39738332e-35	1.52377279e-33
3.05664062e-01	1.47382124e-35	1.60712431e-33
3.06152344e-01	1.55444037e-35	1.69503522e-33
3.06640625e-01	1.63946942e-35	1.78775492e-33
3.07128906e-01	1.72914963e-35	1.88554646e-33
3.07617188e-01	1.82373542e-35	1.98868727e-33
3.08105469e-01	1.92349512e-35	2.09746996e-33
3.08593750e-01	2.02871174e-35	2.21220314e-33
3.09082031e-01	2.13968380e-35	2.33321232e-33
3.09570312e-01	2.25672611e-35	2.46084079e-33
3.10058594e-01	2.38017073e-35	2.59545063e-33
3.10546875e-01	2.51036786e-35	2.73742374e-33
3.11035156e-01	2.64768687e-35	2.88716287e-33
3.11523438e-01	2.79251733e-35	3.04509286e-33
3.12011719e-01	2.94527013e-35	3.21166173e-33
3.12500000e-01	3.10637862e-35	3.38734204e-33
3.12988281e-01	3.27629986e-35	3.57263220e-33
3.13476562e-01	3.45551593e-35	3.76805788e-33
3.13964844e-01	3.64453525e-35	3.97417348e-33
3.14453125e-01	3.84389407e-35	4.19156376e-33
3.14941406e-01	4.05415796e-35	4.42084546e-33
3.15429688e-01	4.27592346e-35	4.66266903e-33
3.15917969e-01	4.50981969e-35	4.91772054e-33
3.16406250e-01	4.75651021e-35	5.18672356e-33
3.16894531e-01	5.01669490e-35	5.47044124e-33
3.17382812e-01	5.29111189e-35	5.76967850e-33
3.17871094e-01	5.58053969e-35	6.08528426e-33
3.18359375e-01	5.88579941e-35	6.41815390e-33
3.18847656e-01	6.20775707e-35	6.76923175e-33
3.19335938e-01	6.54732605e-35	7.13951383e-33
3.19824219e-01	6.90546972e-35	7.53005062e-33
3.20312500e-01	7.28320411e-35	7.94195006e-33
3.20800781e-01	7.68160085e-35	8.37638071e-33
3.21289062e-01	8.10179020e-35	8.83457505e-33
3.21777344e-01	8.54496423e-35	9.31783297e-33
3.22265625e-01	9.01238021e-35	9.82752545e-33
3.22753906e-01	9.50536419e-35	1.03650985e-32
3.23242188e-01	1.00253148e-34	1.09320772e-32
3.23730469e-01	1.05737070e-34	1.15300701e-32
3.24218750e-01	1.11520968e-34	1.21607736e-32
3.24707031e-01	1.17621249e-34	1.28259771e-32
3.25195312e-01	1.24055220e-34	1.35275677e-32
3.25683594e-01	1.30841134e-34	1.42675359e-32
3.26171875e-01	1.37998242e-34	1.50479808e-32
3.26660156e-01	1.45546850e-34	1.58711167e-32
3.27148438e-01	1.53508372e-34	1.67392788e-32
3.27636719e-01	1.61905396e-34	1.76549300e-32
3.28125000e-01	1.70761743e-34	1.86206679e-32
3.28613281e-01	1.80102539e-34	1.96392325e-32
3.29101562e-01	1.89954284e-34	2.07135134e-32
3.29589844e-01	2.00344926e-34	2.18465582e-32
3.30078125e-01	2.11303945e-34	2.30415814e-32
3.30566406e-01	2.22862430e-34	2.43019733e-32
3.31054688e-01	2.35053172e-34	2.56313096e-32
3.31542969e-01	2.47910758e-34	2.70333615e-32
3.32031250e-01	2.61471663e-34	2.85121068e-32
3.32519531e-01	2.75774361e-34	3.00717406e-32
3.33007812e-01	2.90859426e-34	3.17166875e-32
3.33496094e-01	3.06769656e-34	3.34516142e-32
3.33984375e-01	3.23550187e-34	3.52814428e-32
3.34472656e-01	3.41248627e-34	3.72113643e-32
3.34960938e-01	3.59915184e-34	3.92468540e-32
3.35449219e-01	3.79602816e-34	4.13936866e-32
3.35937500e-01	4.00367376e-34	4.36579525e-32
3.36425781e-01	4.22267774e-34	4.60460754e-32
3.36914062e-01	4.45366139e-34	4.85648305e-32
3.37402344e-01	4.69728003e-34	5.12213634e-32
3.37890625e-01	4.95422479e-34	5.40232107e-32
3.38378906e-01	5.22522462e-34	5.69783211e-32
3.38867188e-01	5.51104835e-34	6.00950783e-32
3.39355469e-01	5.81250686e-34	6.33823244e-32
3.39843750e-01	6.13045537e-34	6.68493855e-32
3.40332031e-01	6.46579590e-34	7.05060973e-32
3.40820312e-01	6.81947982e-34	7.43628341e-32
3.41308594e-01	7.19251051e-34	7.84305373e-32
3.41796875e-01	7.58594626e-34	8.27207469e-32
3.42285156e-01	8.00090325e-34	8.72456343e-32
3.42773438e-01	8.43855869e-34	9.20180364e-32
3.43261719e-01	8.90015422e-34	9.70514925e-32
3.43750000e-01	9.38699937e-34	1.02360282e-31
3.44238281e-01	9.90047533e-34	1.07959467e-31
3.44726562e-01	1.04420388e-33	1.13864932e-31
3.45214844e-01	1.10132262e-33	1.20093429e-31
3.45703125e-01	1.16156580e-33	1.26662631e-31
3.46191406e-01	1.22510433e-33	1.33591172e-31
3.46679688e-01	1.29211846e-33	1.40898711e-31
3.47167969e-01	1.36279831e-33	1.48605976e-31
3.47656250e-01	1.43734441e-33	1.56734836e-31
3.48144531e-01	1.51596823e-33	1.65308350e-31
3.48632812e-01	1.59889284e-33	1.74350841e-31
3.49121094e-01	1.68635349e-33	1.83887964e-31
3.49609375e-01	1.77859830e-33	1.93946775e-31
3.50097656e-01	1.87588897e-33	2.04555810e-31
3.50585938e-01	1.97850151e-33	2.15745167e-31
3.51074219e-01	2.08672704e-33	2.27546591e-31
3.51562500e-01	2.20087258e-33	2.39993562e-31
3.52050781e-01	2.32126197e-33	2.53121391e-31
3.52539062e-01	2.44823676e-33	2.66967323e-31
3.53027344e-01	2.58215716e-33	2.81570637e-31
3.53515625e-01	2.72340311e-33	2.96972764e-31
3.54003906e-01	2.87237531e-33	3.13217398e-31
3.54492188e-01	3.02949641e-33	3.30350627e-31
3.54980469e-01	3.19521216e-33	3.48421056e-31
3.55468750e-01	3.36999268e-33	3.67479951e-31
3.55957031e-01	3.55433382e-33	3.87581383e-31
3.56445312e-01	3.74875857e-33	4.08782377e-31
3.56933594e-01	3.95381849e-33	4.31143083e-31
3.57421875e-01	4.17009535e-33	4.54726935e-31
3.57910156e-01	4.39820272e-33	4.79600843e-31
3.58398438e-01	4.63878774e-33	5.05835372e-31
3.58886719e-01	4.89253293e-33	5.33504949e-31
3.59375000e-01	5.16015818e-33	5.62688074e-31
3.59863281e-01	5.44242273e-33	5.93467537e-31
3.60351562e-01	5.74012737e-33	6.25930660e-31
3.60839844e-01	6.05411668e-33	6.60169541e-31
3.61328125e-01	6.38528144e-33	6.96281314e-31
3.61816406e-01	6.73456116e-33	7.34368429e-31
3.62304688e-01	7.10294675e-33	7.74538938e-31
3.62792969e-01	7.49148331e-33	8.16906804e-31
3.63281250e-01	7.90127311e-33	8.61592224e-31
3.63769531e-01	8.33347872e-33	9.08721971e-31
3.64257812e-01	8.78932631e-33	9.58429750e-31
3.64746094e-01	9.27010911e-33	1.01085658e-30
3.65234375e-01	9.77719109e-33	1.06615120e-30
3.65722656e-01	1.03120108e-32	1.12447048e-30
3.66210938e-01	1.08760856e-32	1.18597987e-30
3.66699219e-01	1.14710157e-32	1.25085386e-30
3.67187500e-01	1.20984890e-32	1.31927652e-30
3.67675781e-01	1.27602855e-32	1.39144194e-30
3.68164062e-01	1.34582827e-32	1.46755487e-30
3.68652344e-01	1.41944610e-32	1.54783123e-30
3.69140625e-01	1.49709087e-32	1.63249877e-30
3.69628906e-01	1.57898288e-32	1.72179769e-30
3.70117188e-01	1.66535444e-32	1.81598133e-30
3.70605469e-01	1.75645058e-32	1.91531688e-30
3.71093750e-01	1.85252976e-32	2.02008617e-30
3.71582031e-01	1.95386454e-32	2.13058641e-30
3.72070312e-01	2.06074241e-32	2.24713110e-30
3.72558594e-01	2.17346658e-32	2.37005087e-30
3.73046875e-01	2.29235684e-32	2.49969445e-30
3.73535156e-01	2.41775050e-32	2.63642963e-30
3.74023438e-01	2.55000328e-32	2.78064433e-30
3.74511719e-01	2.68949039e-32	2.93274768e-30
3.75000000e-01	2.83660755e-32	3.09317120e-30
3.75488281e-01	2.99177213e-32	3.26237000e-30
3.75976562e-01	3.15542433e-32	3.44082411e-30
3.76464844e-01	3.32802843e-32	3.62903980e-30
3.76953125e-01	3.51007410e-32	3.82755102e-30
3.77441406e-01	3.70207781e-32	4.03692097e-30
3.77929688e-01	3.90458427e-32	4.25774360e-30
3.78417969e-01	4.11816799e-32	4.49064540e-30
3.78906250e-01	4.34343490e-32	4.73628711e-30
3.79394531e-01	4.58102407e-32	4.99536560e-30
3.79882812e-01	4.83160956e-32	5.26861588e-30
3.80371094e-01	5.09590226e-32	5.55681316e-30
3.80859375e-01	5.37465197e-32	5.86077505e-30
3.81347656e-01	5.66864951e-32	6.18136389e-30
3.81835938e-01	5.97872893e-32	6.51948918e-30
3.82324219e-01	6.30576993e-32	6.87611018e-30
3.82812500e-01	6.65070032e-32	7.25223862e-30
3.83300781e-01	7.01449866e-32	7.64894156e-30
3.83789062e-01	7.39819705e-32	8.06734446e-30
3.84277344e-01	7.80288403e-32	8.50863432e-30
3.84765625e-01	8.22970770e-32	8.97406307e-30
3.85253906e-01	8.67987894e-32	9.46495112e-30
3.85742188e-01	9.15467490e-32	9.98269112e-30
3.86230469e-01	9.65544255e-32	1.05287519e-29
3.86718750e-01	1.01836026e-31	1.11046826e-29
3.87207031e-01	1.07406533e-31	1.17121172e-29
3.87695312e-01	1.13281752e-31	1.23527788e-29
3.88183594e-01	1.19478350e-31	1.30284852e-29
3.88671875e-01	1.26013906e-31	1.37411532e-29
3.89160156e-01	1.32906962e-31	1.44928047e-29
3.89648438e-01	1.40177074e-31	1.52855721e-29
3.90136719e-01	1.47844866e-31	1.61217045e-29
3.90625000e-01	1.55932092e-31	1.70035740e-29
3.91113281e-01	1.64461696e-31	1.79336824e-29
3.91601562e-01	1.73457875e-31	1.89146684e-29
3.92089844e-01	1.82946152e-31	1.99493151e-29
3.92578125e-01	1.92953446e-31	2.10405577e-29
3.93066406e-01	2.03508145e-31	2.21914922e-29
3.93554688e-01	2.14640195e-31	2.34053837e-29
3.94042969e-01	2.26381176e-31	2.46856759e-29
3.94531250e-01	2.38764398e-31	2.60360011e-29
3.95019531e-01	2.51824992e-31	2.74601901e-29
3.95507812e-01	2.65600010e-31	2.89622833e-29
3.95996094e-01	2.80128532e-31	3.05465422e-29
3.96484375e-01	2.95451775e-31	3.22174612e-29
3.96972656e-01	3.11613211e-31	3.39797808e-29
3.97460938e-01	3.28658689e-31	3.58385006e-29
3.97949219e-01	3.46636569e-31	3.77988937e-29
3.98437500e-01	3.65597852e-31	3.98665219e-29
3.98925781e-01	3.85596332e-31	4.20472509e-29
3.99414062e-01	4.06688743e-31	4.43472674e-29
3.99902344e-01	4.28934926e-31	4.67730966e-29
4.00390625e-01	4.52397992e-31	4.93316204e-29
4.00878906e-01	4.77144505e-31	5.20300975e-29
4.01367188e-01	5.03244671e-31	5.48761833e-29
4.01855469e-01	5.30772536e-31	5.78779521e-29
4.02343750e-01	5.59806196e-31	6.10439200e-29
4.02832031e-01	5.90428020e-31	6.43830688e-29
4.03320312e-01	6.22724880e-31	6.79048715e-29
4.03808594e-01	6.56788403e-31	7.16193195e-29
4.04296875e-01	6.92715227e-31	7.55369506e-29
4.04785156e-01	7.30607275e-31	7.96688791e-29
4.05273438e-01	7.70572047e-31	8.40268272e-29
4.05761719e-01	8.12722923e-31	8.86231585e-29
4.06250000e-01	8.57179483e-31	9.34709125e-29
4.06738281e-01	9.04067851e-31	9.85838423e-29
4.07226562e-01	9.53521048e-31	1.03976453e-28
4.07714844e-01	1.00567937e-30	1.09664044e-28
4.08203125e-01	1.06069080e-30	1.15662751e-28
4.08691406e-01	1.11871139e-30	1.21989591e-28
4.09179688e-01	1.17990575e-30	1.28662514e-28
4.09667969e-01	1.24444749e-30	1.35700451e-28
4.10156250e-01	1.31251971e-30	1.43123369e-28
4.10644531e-01	1.38431554e-30	1.50952326e-28
4.11132812e-01	1.46003865e-30	1.59209533e-28
4.11621094e-01	1.53990387e-30	1.67918415e-28
4.12109375e-01	1.62413778e-30	1.77103680e-28
4.12597656e-01	1.71297935e-30	1.86791385e-28
4.13085938e-01	1.80668062e-30	1.97009016e-28
4.13574219e-01	1.90550742e-30	2.07785559e-28
4.14062500e-01	2.00974012e-30	2.19151587e-28
4.14550781e-01	2.11967443e-30	2.31139345e-28
4.15039062e-01	2.23562223e-30	2.43782842e-28
4.15527344e-01	2.35791246e-30	2.57117949e-28
4.16015625e-01	2.48689206e-30	2.71182496e-28
4.16503906e-01	2.62292694e-30	2.86016384e-28
4.16992188e-01	2.76640304e-30	3.01661698e-28
4.17480469e-01	2.91772738e-30	3.18162822e-28
4.17968750e-01	3.07732928e-30	3.35566570e-28
4.18457031e-01	3.24566153e-30	3.53922316e-28
4.18945312e-01	3.42320168e-30	3.73282135e-28
4.19433594e-01	3.61045341e-30	3.93700951e-28
4.19921875e-01	3.80794795e-30	4.15236692e-28
4.20410156e-01	4.01624560e-30	4.37950455e-28
4.20898438e-01	4.23593728e-30	4.61906677e-28
4.21386719e-01	4.46764626e-30	4.87173323e-28
4.21875000e-01	4.71202990e-30	5.13822074e-28
4.22363281e-01	4.96978152e-30	5.41928532e-28
4.22851562e-01	5.24163234e-30	5.71572434e-28
4.23339844e-01	5.52835361e-30	6.02837880e-28
4.23828125e-01	5.83075875e-30	6.35813570e-28
4.24316406e-01	6.14970568e-30	6.70593055e-28
4.24804688e-01	6.48609925e-30	7.07275005e-28
4.25292969e-01	6.84089380e-30	7.45963485e-28
4.25781250e-01	7.21509588e-30	7.86768254e-28
4.26269531e-01	7.60976711e-30	8.29805075e-28
4.26757812e-01	8.02602714e-30	8.75196043e-28
4.27246094e-01	8.46505692e-30	9.23069931e-28
4.27734375e-01	8.92810196e-30	9.73562558e-28
4.28222656e-01	9.41647592e-30	1.02681717e-27
4.28710938e-01	9.93156430e-30	1.08298485e-27
4.29199219e-01	1.04748284e-29	1.14222494e-27
4.29687500e-01	1.10478095e-29	1.20470551e-27
4.30175781e-01	1.16521331e-29	1.27060382e-27
4.30664062e-01	1.22895136e-29	1.34010682e-27
4.31152344e-01	1.29617593e-29	1.41341168e-27
4.31640625e-01	1.36707774e-29	1.49072637e-27
4.32128906e-01	1.44185793e-29	1.57227023e-27
4.32617188e-01	1.52072865e-29	1.65827461e-27
4.33105469e-01	1.60391366e-29	1.74898349e-27
4.33593750e-01	1.69164896e-29	1.84465422e-27
4.34082031e-01	1.78418344e-29	1.94555820e-27
4.34570312e-01	1.88177963e-29	2.05198172e-27
4.35058594e-01	1.98471441e-29	2.16422668e-27
4.35546875e-01	2.09327979e-29	2.28261152e-27
4.36035156e-01	2.20778379e-29	2.40747210e-27
4.36523438e-01	2.32855124e-29	2.53916266e-27
4.37011719e-01	2.45592476e-29	2.67805678e-27
4.37500000e-01	2.59026571e-29	2.82454853e-27
4.37988281e-01	2.73195521e-29	2.97905348e-27
4.38476562e-01	2.88139524e-29	3.14200997e-27
4.38964844e-01	3.03900975e-29	3.31388030e-27
4.39453125e-01	3.20524589e-29	3.49515207e-27
4.39941406e-01	3.38057527e-29	3.68633954e-27
4.40429688e-01	3.56549531e-29	3.88798512e-27
4.40917969e-01	3.76053061e-29	4.10066086e-27
4.41406250e-01	3.96623449e-29	4.32497013e-27
4.41894531e-01	4.18319053e-29	4.56154928e-27
4.42382812e-01	4.41201423e-29	4.81106949e-27
4.42871094e-01	4.65335476e-29	5.07423865e-27
4.43359375e-01	4.90789680e-29	5.35180336e-27
4.43847656e-01	5.17636249e-29	5.64455107e-27
4.44335938e-01	5.45951345e-29	5.95331231e-27
4.44824219e-01	5.75815298e-29	6.27896301e-27
4.45312500e-01	6.07312833e-29	6.62242706e-27
4.45800781e-01	6.40533306e-29	6.98467886e-27
4.46289062e-01	6.75570965e-29	7.36674610e-27
4.46777344e-01	7.12525210e-29	7.76971271e-27
4.47265625e-01	7.51500880e-29	8.19472191e-27
4.47753906e-01	7.92608550e-29	8.64297942e-27
4.48242188e-01	8.35964840e-29	9.11575697e-27
4.48730469e-01	8.81692752e-29	9.61439581e-27
4.49218750e-01	9.29922015e-29	1.01403106e-26
4.49707031e-01	9.80789456e-29	1.06949933e-26
4.50195312e-01	1.03443939e-28	1.12800175e-26
4.50683594e-01	1.09102401e-28	1.18970431e-26
4.51171875e-01	1.15070385e-28	1.25478204e-26
4.51660156e-01	1.21364822e-28	1.32341957e-26
4.52148438e-01	1.28003570e-28	1.39581162e-26
4.52636719e-01	1.35005463e-28	1.47216358e-26
4.53125000e-01	1.42390364e-28	1.55269205e-26
4.53613281e-01	1.50179226e-28	1.63762548e-26
4.54101562e-01	1.58394143e-28	1.72720484e-26
4.54589844e-01	1.67058423e-28	1.82168426e-26
4.55078125e-01	1.76196646e-28	1.92133178e-26
4.55566406e-01	1.85834737e-28	2.02643009e-26
4.56054688e-01	1.96000038e-28	2.13727735e-26
4.56542969e-01	2.06721389e-28	2.25418805e-26
4.57031250e-01	2.18029206e-28	2.37749385e-26
4.57519531e-01	2.29955569e-28	2.50754457e-26
4.58007812e-01	2.42534314e-28	2.64470917e-26
4.58496094e-01	2.55801125e-28	2.78937677e-26
4.58984375e-01	2.69793641e-28	2.94195780e-26
4.59472656e-01	2.84551559e-28	3.10288513e-26
4.59960938e-01	3.00116745e-28	3.27261530e-26
4.60449219e-01	3.16533359e-28	3.45162985e-26
4.60937500e-01	3.33847975e-28	3.64043663e-26
4.61425781e-01	3.52109713e-28	3.83957128e-26
4.61914062e-01	3.71370382e-28	4.04959875e-26
4.62402344e-01	3.91684624e-28	4.27111488e-26
4.62890625e-01	4.13110071e-28	4.50474812e-26
4.63378906e-01	4.35707506e-28	4.75116126e-26
4.63867188e-01	4.59541038e-28	5.01105340e-26
4.64355469e-01	4.84678282e-28	5.28516183e-26
4.64843750e-01	5.11190553e-28	5.57426420e-26
4.65332031e-01	5.39153065e-28	5.87918070e-26
4.65820312e-01	5.68645147e-28	6.20077635e-26
4.66308594e-01	5.99750469e-28	6.53996354e-26
4.66796875e-01	6.32557276e-28	6.89770452e-26
4.67285156e-01	6.67158640e-28	7.27501420e-26
4.67773438e-01	7.03652725e-28	7.67296301e-26
4.68261719e-01	7.42143064e-28	8.09267993e-26
4.68750000e-01	7.82738854e-28	8.53535567e-26
4.69238281e-01	8.25555265e-28	9.00224612e-26
4.69726562e-01	8.70713766e-28	9.49467583e-26
4.70214844e-01	9.18342471e-28	1.00140418e-25
4.70703125e-01	9.68576503e-28	1.05618175e-25
4.71191406e-01	1.02155837e-27	1.11395570e-25
4.71679688e-01	1.07743839e-27	1.17488992e-25
4.72167969e-01	1.13637509e-27	1.23915730e-25
4.72656250e-01	1.19853568e-27	1.30694014e-25
4.73144531e-01	1.26409649e-27	1.37843076e-25
4.73632812e-01	1.33324353e-27	1.45383197e-25
4.74121094e-01	1.40617296e-27	1.53335769e-25
4.74609375e-01	1.48309169e-27	1.61723352e-25
4.75097656e-01	1.56421794e-27	1.70569743e-25
4.75585938e-01	1.64978185e-27	1.79900037e-25
4.76074219e-01	1.74002617e-27	1.89740706e-25
4.76562500e-01	1.83520693e-27	2.00119667e-25
4.77050781e-01	1.93559414e-27	2.11066365e-25
4.77539062e-01	2.04147261e-27	2.22611856e-25
4.78027344e-01	2.15314272e-27	2.34788894e-25
4.78515625e-01	2.27092126e-27	2.47632025e-25
4.79003906e-01	2.39514238e-27	2.61177685e-25
4.79492188e-01	2.52615849e-27	2.75464304e-25
4.79980469e-01	2.66434129e-27	2.90532411e-25
4.80468750e-01	2.81008278e-27	3.06424755e-25
4.80957031e-01	2.96379645e-27	3.23186422e-25
4.81445312e-01	3.12591837e-27	3.40864965e-25
4.81933594e-01	3.29690848e-27	3.59510538e-25
4.82421875e-01	3.47725188e-27	3.79176038e-25
4.82910156e-01	3.66746021e-27	3.99917256e-25
4.83398438e-01	3.86807307e-27	4.21793034e-25
4.83886719e-01	4.07965961e-27	4.44865434e-25
4.84375000e-01	4.30282010e-27	4.69199912e-25
4.84863281e-01	4.53818763e-27	4.94865504e-25
4.85351562e-01	4.78642995e-27	5.21935024e-25
4.85839844e-01	5.04825131e-27	5.50485267e-25
4.86328125e-01	5.32439449e-27	5.80597230e-25
4.86816406e-01	5.61564293e-27	6.12356341e-25
4.87304688e-01	5.92282287e-27	6.45852699e-25
4.87792969e-01	6.24680578e-27	6.81181333e-25
4.88281250e-01	6.58851081e-27	7.18442470e-25
4.88769531e-01	6.94890737e-27	7.57741820e-25
4.89257812e-01	7.32901789e-27	7.99190875e-25
4.89746094e-01	7.72992075e-27	8.42907224e-25
4.90234375e-01	8.15275329e-27	8.89014891e-25
4.90722656e-01	8.59871510e-27	9.37644682e-25
4.91210938e-01	9.06907136e-27	9.88934560e-25
4.91699219e-01	9.56515647e-27	1.04303003e-24
4.92187500e-01	1.00883778e-26	1.10008457e-24
4.92675781e-01	1.06402198e-26	1.16026003e-24
4.93164062e-01	1.12222479e-26	1.22372714e-24
4.93652344e-01	1.18361134e-26	1.29066595e-24
4.94140625e-01	1.24835578e-26	1.36126636e-24
4.94628906e-01	1.31664179e-26	1.43572866e-24
4.95117188e-01	1.38866310e-26	1.51426411e-24
4.95605469e-01	1.46462403e-26	1.59709551e-24
4.96093750e-01	1.54474007e-26	1.68445785e-24
4.96582031e-01	1.62923853e-26	1.77659898e-24
4.97070312e-01	1.71835912e-26	1.87378030e-24
4.97558594e-01	1.81235467e-26	1.97627751e-24
4.98046875e-01	1.91149185e-26	2.08438139e-24
4.98535156e-01	2.01605191e-26	2.19839864e-24
4.99023438e-01	2.12633149e-26	2.31865272e-24
4.99511719e-01	2.24264344e-26	2.44548479e-24
5.00000000e-01	2.36531774e-26	2.57925467e-24
5.00488281e-01	2.49470242e-26	2.72034186e-24
5.00976562e-01	2.63116454e-26	2.86914663e-24
5.01464844e-01	2.77509125e-26	3.02609114e-24
5.01953125e-01	2.92689085e-26	3.19162063e-24
5.02441406e-01	3.08699401e-26	3.36620471e-24
5.02929688e-01	3.25585493e-26	3.55033867e-24
5.03417969e-01	3.43395267e-26	3.74454490e-24
5.03906250e-01	3.62179250e-26	3.94937435e-24
5.04394531e-01	3.81990731e-26	4.16540814e-24
5.04882812e-01	4.02885914e-26	4.39325914e-24
5.05371094e-01	4.24924081e-26	4.63357376e-24
5.05859375e-01	4.48167751e-26	4.88703377e-24
5.06347656e-01	4.72682868e-26	5.15435824e-24
5.06835938e-01	4.98538981e-26	5.43630556e-24
5.07324219e-01	5.25809443e-26	5.73367561e-24
5.07812500e-01	5.54571620e-26	6.04731203e-24
5.08300781e-01	5.84907110e-26	6.37810461e-24
5.08789062e-01	6.16901974e-26	6.72699179e-24
5.09277344e-01	6.50646982e-26	7.09496336e-24
5.09765625e-01	6.86237867e-26	7.48306326e-24
5.10253906e-01	7.23775601e-26	7.89239252e-24
5.10742188e-01	7.63366677e-26	8.32411240e-24
5.11230469e-01	8.05123416e-26	8.77944769e-24
5.11718750e-01	8.49164280e-26	9.25969016e-24
5.12207031e-01	8.95614212e-26	9.76620227e-24
5.12695312e-01	9.44604992e-26	1.03004210e-23
5.13183594e-01	9.96275604e-26	1.08638618e-23
5.13671875e-01	1.05077264e-25	1.14581234e-23
5.14160156e-01	1.10825070e-25	1.20848914e-23
5.14648438e-01	1.16887286e-25	1.27459442e-23
5.15136719e-01	1.23281109e-25	1.34431571e-23
5.15625000e-01	1.30024680e-25	1.41785080e-23
5.16113281e-01	1.37137129e-25	1.49540832e-23
5.16601562e-01	1.44638634e-25	1.57720829e-23
5.17089844e-01	1.52550478e-25	1.66348279e-23
5.17578125e-01	1.60895105e-25	1.75447656e-23
5.18066406e-01	1.69696190e-25	1.85044777e-23
5.18554688e-01	1.78978701e-25	1.95166867e-23
5.19042969e-01	1.88768972e-25	2.05842643e-23
5.19531250e-01	1.99094779e-25	2.17102392e-23
5.20019531e-01	2.09985415e-25	2.28978059e-23
5.20507812e-01	2.21471777e-25	2.41503333e-23
5.20996094e-01	2.33586452e-25	2.54713749e-23
5.21484375e-01	2.46363808e-25	2.68646785e-23
5.21972656e-01	2.59840096e-25	2.83341969e-23
5.22460938e-01	2.74053547e-25	2.98840991e-23
5.22949219e-01	2.89044485e-25	3.15187821e-23
5.23437500e-01	3.04855439e-25	3.32428834e-23
5.23925781e-01	3.21531263e-25	3.50612945e-23
5.24414062e-01	3.39119268e-25	3.69791740e-23
5.24902344e-01	3.57669351e-25	3.90019630e-23
5.25390625e-01	3.77234137e-25	4.11354001e-23
5.25878906e-01	3.97869131e-25	4.33855378e-23
5.26367188e-01	4.19632876e-25	4.57587598e-23
5.26855469e-01	4.42587114e-25	4.82617988e-23
5.27343750e-01	4.66796966e-25	5.09017560e-23
5.27832031e-01	4.92331115e-25	5.36861208e-23
5.28320312e-01	5.19262003e-25	5.66227925e-23
5.28808594e-01	5.47666030e-25	5.97201024e-23
5.29296875e-01	5.77623779e-25	6.29868375e-23
5.29785156e-01	6.09220239e-25	6.64322655e-23
5.30273438e-01	6.42545050e-25	7.00661610e-23
5.30761719e-01	6.77692754e-25	7.38988334e-23
5.31250000e-01	7.14763064e-25	7.79411559e-23
5.31738281e-01	7.53861148e-25	8.22045965e-23
5.32226562e-01	7.95097927e-25	8.67012506e-23
5.32714844e-01	8.38590390e-25	9.14438750e-23
5.33203125e-01	8.84461923e-25	9.64459247e-23
5.33691406e-01	9.32842664e-25	1.01721590e-22
5.34179688e-01	9.83869868e-25	1.07285839e-22
5.34667969e-01	1.03768830e-24	1.13154456e-22
5.35156250e-01	1.09445064e-24	1.19344091e-22
5.35644531e-01	1.15431792e-24	1.25872304e-22
5.36132812e-01	1.21745999e-24	1.32757614e-22
5.36621094e-01	1.28405598e-24	1.40019557e-22
5.37109375e-01	1.35429482e-24	1.47678734e-22
5.37597656e-01	1.42837578e-24	1.55756873e-22
5.38085938e-01	1.50650903e-24	1.64276892e-22
5.38574219e-01	1.58891622e-24	1.73262964e-22
5.39062500e-01	1.67583114e-24	1.82740580e-22
5.39550781e-01	1.76750038e-24	1.92736629e-22
5.40039062e-01	1.86418400e-24	2.03279469e-22
5.40527344e-01	1.96615629e-24	2.14399011e-22
5.41015625e-01	2.07370653e-24	2.26126800e-22
5.41503906e-01	2.18713986e-24	2.38496109e-22
5.41992188e-01	2.30677808e-24	2.51542028e-22
5.42480469e-01	2.43296060e-24	2.65301568e-22
5.42968750e-01	2.56604540e-24	2.79813766e-22
5.43457031e-01	2.70641003e-24	2.95119792e-22
5.43945312e-01	2.85445272e-24	3.11263070e-22
5.44433594e-01	3.01059346e-24	3.28289397e-22
5.44921875e-01	3.17527522e-24	3.46247077e-22
5.45410156e-01	3.34896519e-24	3.65187056e-22
5.45898438e-01	3.53215614e-24	3.85163066e-22
5.46386719e-01	3.72536777e-24	4.06231780e-22
5.46875000e-01	3.92914823e-24	4.28452968e-22
5.47363281e-01	4.14407563e-24	4.51889672e-22
5.47851562e-01	4.37075973e-24	4.76608381e-22
5.48339844e-01	4.60984361e-24	5.02679223e-22
5.48828125e-01	4.86200557e-24	5.30176159e-22
5.49316406e-01	5.12796098e-24	5.59177199e-22
5.49804688e-01	5.40846436e-24	5.89764618e-22
5.50292969e-01	5.70431148e-24	6.22025192e-22
5.50781250e-01	6.01634166e-24	6.56050444e-22
5.51269531e-01	6.34544014e-24	6.91936904e-22
5.51757812e-01	6.69254055e-24	7.29786380e-22
5.52246094e-01	7.05862762e-24	7.69706251e-22
5.52734375e-01	7.44473992e-24	8.11809769e-22
5.53222656e-01	7.85197287e-24	8.56216383e-22
5.53710938e-01	8.28148177e-24	9.03052071e-22
5.54199219e-01	8.73448514e-24	9.52449708e-22
5.54687500e-01	9.21226813e-24	1.00454943e-21
5.55175781e-01	9.71618622e-24	1.05949905e-21
5.55664062e-01	1.02476690e-23	1.11745446e-21
5.56152344e-01	1.08082243e-23	1.17858007e-21
5.56640625e-01	1.13994424e-23	1.24304930e-21
5.57128906e-01	1.20230006e-23	1.31104504e-21
5.57617188e-01	1.26806679e-23	1.38276020e-21
5.58105469e-01	1.33743101e-23	1.45839824e-21
5.58593750e-01	1.41058951e-23	1.53817374e-21
5.59082031e-01	1.48774983e-23	1.62231301e-21
5.59570312e-01	1.56913088e-23	1.71105477e-21
5.60058594e-01	1.65496353e-23	1.80465077e-21
5.60546875e-01	1.74549130e-23	1.90336654e-21
5.61035156e-01	1.84097100e-23	2.00748214e-21
5.61523438e-01	1.94167352e-23	2.11729295e-21
5.62011719e-01	2.04788454e-23	2.23311049e-21
5.62500000e-01	2.15990539e-23	2.35526333e-21
5.62988281e-01	2.27805386e-23	2.48409803e-21
5.63476562e-01	2.40266514e-23	2.61998009e-21
5.63964844e-01	2.53409275e-23	2.76329500e-21
5.64453125e-01	2.67270956e-23	2.91444934e-21
5.64941406e-01	2.81890881e-23	3.07387194e-21
5.65429688e-01	2.97310527e-23	3.24201508e-21
5.65917969e-01	3.13573639e-23	3.41935577e-21
5.66406250e-01	3.30726356e-23	3.60639714e-21
5.66894531e-01	3.48817340e-23	3.80366981e-21
5.67382812e-01	3.67897914e-23	4.01173345e-21
5.67871094e-01	3.88022211e-23	4.23117833e-21
5.68359375e-01	4.09247322e-23	4.46262701e-21
5.68847656e-01	4.31633462e-23	4.70673611e-21
5.69335938e-01	4.55244141e-23	4.96419816e-21
5.69824219e-01	4.80146343e-23	5.23574359e-21
5.70312500e-01	5.06410714e-23	5.52214275e-21
5.70800781e-01	5.34111766e-23	5.82420817e-21
5.71289062e-01	5.63328087e-23	6.14279680e-21
5.71777344e-01	5.94142562e-23	6.47881247e-21
5.72265625e-01	6.26642613e-23	6.83320845e-21
5.72753906e-01	6.60920442e-23	7.20699016e-21
5.73242188e-01	6.97073294e-23	7.60121802e-21
5.73730469e-01	7.35203735e-23	8.01701044e-21
5.74218750e-01	7.75419939e-23	8.45554702e-21
5.74707031e-01	8.17836001e-23	8.91807189e-21
5.75195312e-01	8.62572254e-23	9.40589722e-21
5.75683594e-01	9.09755614e-23	9.92040697e-21
5.76171875e-01	9.59519939e-23	1.04630608e-20
5.76660156e-01	1.01200641e-22	1.10353982e-20
5.77148438e-01	1.06736393e-22	1.16390429e-20
5.77636719e-01	1.12574955e-22	1.22757074e-20
5.78125000e-01	1.18732891e-22	1.29471980e-20
5.78613281e-01	1.25227671e-22	1.36554196e-20
5.79101562e-01	1.32077720e-22	1.44023814e-20
5.79589844e-01	1.39302472e-22	1.51902027e-20
5.80078125e-01	1.46922423e-22	1.60211183e-20
5.80566406e-01	1.54959192e-22	1.68974857e-20
5.81054688e-01	1.63435578e-22	1.78217911e-20
5.81542969e-01	1.72375629e-22	1.87966567e-20
5.82031250e-01	1.81804707e-22	1.98248481e-20
5.82519531e-01	1.91749563e-22	2.09092824e-20
5.83007812e-01	2.02238410e-22	2.20530361e-20
5.83496094e-01	2.13301006e-22	2.32593540e-20
5.83984375e-01	2.24968733e-22	2.45316584e-20
5.84472656e-01	2.37274695e-22	2.58735588e-20
5.84960938e-01	2.50253801e-22	2.72888622e-20
5.85449219e-01	2.63942875e-22	2.87815838e-20
5.85937500e-01	2.78380751e-22	3.03559584e-20
5.86425781e-01	2.93608391e-22	3.20164524e-20
5.86914062e-01	3.09668994e-22	3.37677768e-20
5.87402344e-01	3.26608124e-22	3.56148999e-20
5.87890625e-01	3.44473837e-22	3.75630621e-20
5.88378906e-01	3.63316819e-22	3.96177902e-20
5.88867188e-01	3.83190526e-22	4.17849136e-20
5.89355469e-01	4.04151340e-22	4.40705802e-20
5.89843750e-01	4.26258726e-22	4.64812746e-20
5.90332031e-01	4.49575403e-22	4.90238357e-20
5.90820312e-01	4.74167521e-22	5.17054769e-20
5.91308594e-01	5.00104846e-22	5.45338059e-20
5.91796875e-01	5.27460962e-22	5.75168467e-20
5.92285156e-01	5.56313479e-22	6.06630621e-20
5.92773438e-01	5.86744250e-22	6.39813778e-20
5.93261719e-01	6.18839608e-22	6.74812080e-20
5.93750000e-01	6.52690606e-22	7.11724815e-20
5.94238281e-01	6.88393280e-22	7.50656706e-20
5.94726562e-01	7.26048918e-22	7.91718200e-20
5.95214844e-01	7.65764347e-22	8.35025789e-20
5.95703125e-01	8.07652241e-22	8.80702337e-20
5.96191406e-01	8.51831434e-22	9.28877426e-20
5.96679688e-01	8.98427263e-22	9.79687730e-20
5.97167969e-01	9.47571920e-22	1.03327740e-19
5.97656250e-01	9.99404826e-22	1.08979846e-19
5.98144531e-01	1.05407303e-21	1.14941126e-19
5.98632812e-01	1.11173163e-21	1.21228494e-19
5.99121094e-01	1.17254420e-21	1.27859785e-19
5.99609375e-01	1.23668326e-21	1.34853812e-19
6.00097656e-01	1.30433078e-21	1.42230419e-19
6.00585938e-01	1.37567867e-21	1.50010531e-19
6.01074219e-01	1.45092934e-21	1.58216222e-19
6.01562500e-01	1.53029628e-21	1.66870770e-19
6.02050781e-01	1.61400465e-21	1.75998728e-19
6.02539062e-01	1.70229194e-21	1.85625993e-19
6.03027344e-01	1.79540861e-21	1.95779876e-19
6.03515625e-01	1.89361883e-21	2.06489185e-19
6.04003906e-01	1.99720122e-21	2.17784300e-19
6.04492188e-01	2.10644965e-21	2.29697268e-19
6.04980469e-01	2.22167405e-21	2.42261884e-19
6.05468750e-01	2.34320132e-21	2.55513793e-19
6.05957031e-01	2.47137621e-21	2.69490593e-19
6.06445312e-01	2.60656238e-21	2.84231934e-19
6.06933594e-01	2.74914333e-21	2.99779637e-19
6.07421875e-01	2.89952357e-21	3.16177812e-19
6.07910156e-01	3.05812972e-21	3.33472979e-19
6.08398438e-01	3.22541174e-21	3.51714206e-19
6.08886719e-01	3.40184423e-21	3.70953241e-19
6.09375000e-01	3.58792770e-21	3.91244666e-19
6.09863281e-01	3.78419008e-21	4.12646048e-19
6.10351562e-01	3.99118816e-21	4.35218102e-19
6.10839844e-01	4.20950920e-21	4.59024864e-19
6.11328125e-01	4.43977256e-21	4.84133874e-19
6.11816406e-01	4.68263151e-21	5.10616366e-19
6.12304688e-01	4.93877502e-21	5.38547471e-19
6.12792969e-01	5.20892978e-21	5.68006428e-19
6.13281250e-01	5.49386222e-21	5.99076813e-19
6.13769531e-01	5.79438067e-21	6.31846772e-19
6.14257812e-01	6.11133771e-21	6.66409272e-19
6.14746094e-01	6.44563254e-21	7.02862367e-19
6.15234375e-01	6.79821356e-21	7.41309475e-19
6.15722656e-01	7.17008103e-21	7.81859669e-19
6.16210938e-01	7.56228993e-21	8.24627989e-19
6.16699219e-01	7.97595296e-21	8.69735769e-19
6.17187500e-01	8.41224367e-21	9.17310979e-19
6.17675781e-01	8.87239981e-21	9.67488589e-19
6.18164062e-01	9.35772685e-21	1.02041095e-18
6.18652344e-01	9.86960164e-21	1.07622821e-18
6.19140625e-01	1.04094764e-20	1.13509871e-18
6.19628906e-01	1.09788827e-20	1.19718948e-18
6.20117188e-01	1.15794359e-20	1.26267666e-18
6.20605469e-01	1.22128399e-20	1.33174603e-18
6.21093750e-01	1.28808916e-20	1.40459356e-18
6.21582031e-01	1.35854862e-20	1.48142590e-18
6.22070312e-01	1.43286226e-20	1.56246102e-18
6.22558594e-01	1.51124092e-20	1.64792883e-18
6.23046875e-01	1.59390695e-20	1.73807180e-18
6.23535156e-01	1.68109488e-20	1.83314565e-18
6.24023438e-01	1.77305205e-20	1.93342012e-18
6.24511719e-01	1.87003935e-20	2.03917967e-18
6.25000000e-01	1.97233193e-20	2.15072436e-18
6.25488281e-01	2.08021999e-20	2.26837062e-18
6.25976562e-01	2.19400961e-20	2.39245222e-18
6.26464844e-01	2.31402361e-20	2.52332118e-18
6.26953125e-01	2.44060246e-20	2.66134878e-18
6.27441406e-01	2.57410528e-20	2.80692658e-18
6.27929688e-01	2.71491080e-20	2.96046761e-18
6.28417969e-01	2.86341849e-20	3.12240745e-18
6.28906250e-01	3.02004967e-20	3.29320552e-18
6.29394531e-01	3.18524869e-20	3.47334637e-18
6.29882812e-01	3.35948422e-20	3.66334107e-18
6.30371094e-01	3.54325057e-20	3.86372862e-18
6.30859375e-01	3.73706908e-20	4.07507752e-18
6.31347656e-01	3.94148961e-20	4.29798737e-18
6.31835938e-01	4.15709210e-20	4.53309056e-18
6.32324219e-01	4.38448821e-20	4.78105407e-18
6.32812500e-01	4.62432306e-20	5.04258137e-18
6.33300781e-01	4.87727706e-20	5.31841442e-18
6.33789062e-01	5.14406783e-20	5.60933575e-18
6.34277344e-01	5.42545227e-20	5.91617069e-18
6.34765625e-01	5.72222865e-20	6.23978974e-18
6.35253906e-01	6.03523892e-20	6.58111100e-18
6.35742188e-01	6.36537109e-20	6.94110279e-18
6.36230469e-01	6.71356175e-20	7.32078641e-18
6.36718750e-01	7.08079869e-20	7.72123901e-18
6.37207031e-01	7.46812378e-20	8.14359668e-18
6.37695312e-01	7.87663585e-20	8.58905763e-18
6.38183594e-01	8.30749384e-20	9.05888563e-18
6.38671875e-01	8.76192009e-20	9.55441359e-18
6.39160156e-01	9.24120381e-20	1.00770473e-17
6.39648438e-01	9.74670470e-20	1.06282695e-17
6.40136719e-01	1.02798569e-19	1.12096439e-17
6.40625000e-01	1.08421729e-19	1.18228200e-17
6.41113281e-01	1.14352480e-19	1.24695373e-17
6.41601562e-01	1.20607648e-19	1.31516305e-17
6.42089844e-01	1.27204979e-19	1.38710347e-17
6.42578125e-01	1.34163188e-19	1.46297909e-17
6.43066406e-01	1.41502017e-19	1.54300516e-17
6.43554688e-01	1.49242285e-19	1.62740872e-17
6.44042969e-01	1.57405952e-19	1.71642922e-17
6.44531250e-01	1.66016177e-19	1.81031921e-17
6.45019531e-01	1.75097389e-19	1.90934505e-17
6.45507812e-01	1.84675350e-19	2.01378768e-17
6.45996094e-01	1.94777232e-19	2.12394340e-17
6.46484375e-01	2.05431695e-19	2.24012473e-17
6.46972656e-01	2.16668966e-19	2.36266126e-17
6.47460938e-01	2.28520924e-19	2.49190063e-17
6.47949219e-01	2.41021193e-19	2.62820950e-17
6.48437500e-01	2.54205236e-19	2.77197456e-17
6.48925781e-01	2.68110456e-19	2.92360368e-17
6.49414062e-01	2.82776302e-19	3.08352704e-17
6.49902344e-01	2.98244382e-19	3.25219832e-17
6.50390625e-01	3.14558577e-19	3.43009605e-17
6.50878906e-01	3.31765171e-19	3.61772492e-17
6.51367188e-01	3.49912979e-19	3.81561723e-17
6.51855469e-01	3.69053486e-19	4.02433441e-17
6.52343750e-01	3.89240993e-19	4.24446857e-17
6.52832031e-01	4.10532773e-19	4.47664424e-17
6.53320312e-01	4.32989229e-19	4.72152009e-17
6.53808594e-01	4.56674070e-19	4.97979084e-17
6.54296875e-01	4.81654490e-19	5.25218920e-17
6.54785156e-01	5.08001358e-19	5.53948796e-17
6.55273438e-01	5.35769200e-19	5.83422033e-17
6.55761719e-01	5.65016590e-19	6.14551047e-17
6.56250000e-01	5.95826531e-19	6.47424152e-17
6.56738281e-01	6.28286462e-19	6.82134607e-17
6.57226562e-01	6.62488500e-19	7.18780883e-17
6.57714844e-01	6.98529707e-19	7.57466945e-17
6.58203125e-01	7.36512361e-19	7.98302545e-17
6.58691406e-01	7.76544247e-19	8.41403530e-17
6.59179688e-01	8.18738967e-19	8.86892178e-17
6.59667969e-01	8.63216255e-19	9.34897538e-17
6.60156250e-01	9.10102323e-19	9.85555800e-17
6.60644531e-01	9.59530215e-19	1.03901068e-16
6.61132812e-01	1.01164019e-18	1.09541383e-16
6.61621094e-01	1.06658011e-18	1.15492526e-16
6.62109375e-01	1.12450587e-18	1.21771380e-16
6.62597656e-01	1.18558183e-18	1.28395759e-16
6.63085938e-01	1.24998129e-18	1.35384455e-16
6.63574219e-01	1.31788699e-18	1.42757296e-16
6.64062500e-01	1.38949161e-18	1.50535197e-16
6.64550781e-01	1.46499830e-18	1.58740226e-16
6.65039062e-01	1.54462132e-18	1.67395658e-16
6.65527344e-01	1.62856667e-18	1.76444507e-16
6.66015625e-01	1.71705265e-18	1.85994048e-16
6.66503906e-01	1.81033034e-18	1.96071370e-16
6.66992188e-01	1.90866443e-18	2.06705064e-16
6.67480469e-01	2.01233395e-18	2.17925297e-16
6.67968750e-01	2.12163307e-18	2.29763900e-16
6.68457031e-01	2.23687193e-18	2.42254459e-16
6.68945312e-01	2.35837751e-18	2.55432410e-16
6.69433594e-01	2.48649459e-18	2.69335138e-16
6.69921875e-01	2.62158668e-18	2.84002085e-16
6.70410156e-01	2.76401735e-18	2.99393912e-16
6.70898438e-01	2.91417096e-18	3.15635294e-16
6.71386719e-01	3.07247360e-18	3.32772305e-16
6.71875000e-01	3.23937445e-18	3.50853563e-16
6.72363281e-01	3.41534708e-18	3.69930366e-16
6.72851562e-01	3.60089083e-18	3.90056831e-16
6.73339844e-01	3.79651249e-18	4.11209464e-16
6.73828125e-01	4.00274745e-18	4.33528926e-16
6.74316406e-01	4.22018091e-18	4.57078538e-16
6.74804688e-01	4.44942985e-18	4.81925110e-16
6.75292969e-01	4.69114475e-18	5.08139130e-16
6.75781250e-01	4.94599187e-18	5.35714662e-16
6.76269531e-01	5.21467472e-18	5.64810301e-16
6.76757812e-01	5.49795570e-18	5.95508590e-16
6.77246094e-01	5.79661905e-18	6.27816488e-16
6.77734375e-01	6.11149266e-18	6.61905840e-16
6.78222656e-01	6.44347000e-18	6.97873357e-16
6.78710938e-01	6.79349306e-18	7.35821078e-16
6.79199219e-01	7.16253550e-18	7.75776760e-16
6.79687500e-01	7.55162497e-18	8.17933713e-16
6.80175781e-01	7.96184603e-18	8.62331750e-16
6.80664062e-01	8.39434321e-18	9.09176670e-16
6.81152344e-01	8.85034370e-18	9.58601371e-16
6.81640625e-01	9.33112198e-18	1.01066646e-15
6.82128906e-01	9.83802280e-18	1.06559930e-15
6.82617188e-01	1.03724651e-17	1.12347625e-15
6.83105469e-01	1.09359459e-17	1.18454106e-15
6.83593750e-01	1.15300447e-17	1.24888758e-15
6.84082031e-01	1.21564084e-17	1.31669847e-15
6.84570312e-01	1.28167952e-17	1.38824550e-15
6.85058594e-01	1.35130593e-17	1.46365243e-15
6.85546875e-01	1.42471378e-17	1.54313329e-15
6.86035156e-01	1.50210944e-17	1.62699280e-15
6.86523438e-01	1.58371058e-17	1.71538980e-15
6.87011719e-01	1.66974488e-17	1.80857520e-15
6.87500000e-01	1.76045261e-17	1.90681347e-15
6.87988281e-01	1.85608730e-17	2.01038341e-15
6.88476562e-01	1.95691646e-17	2.11957898e-15
6.88964844e-01	2.06322235e-17	2.23471006e-15
6.89453125e-01	2.17530275e-17	2.35610339e-15
6.89941406e-01	2.29347186e-17	2.48410347e-15
6.90429688e-01	2.41806115e-17	2.61907355e-15
6.90917969e-01	2.54942028e-17	2.76139664e-15
6.91406250e-01	2.68791625e-17	2.91139814e-15
6.91894531e-01	2.83393628e-17	3.06958224e-15
6.92382812e-01	2.98789087e-17	3.23639783e-15
6.92871094e-01	3.15021113e-17	3.41223995e-15
6.93359375e-01	3.32134999e-17	3.59760766e-15
6.93847656e-01	3.50178731e-17	3.79310530e-15
6.94335938e-01	3.69202937e-17	3.99920943e-15
6.94824219e-01	3.89260834e-17	4.21650499e-15
6.95312500e-01	4.10408763e-17	4.44568671e-15
6.95800781e-01	4.32706159e-17	4.68732688e-15
6.96289062e-01	4.56215530e-17	4.94211125e-15
6.96777344e-01	4.81002630e-17	5.21068498e-15
6.97265625e-01	5.07136842e-17	5.49388816e-15
6.97753906e-01	5.34691370e-17	5.79244667e-15
6.98242188e-01	5.63743261e-17	6.10720784e-15
6.98730469e-01	5.94373810e-17	6.43906497e-15
6.99218750e-01	6.26668792e-17	6.78895985e-15
6.99707031e-01	6.60718707e-17	7.15788545e-15
7.00195312e-01	6.96619035e-17	7.54688874e-15
7.00683594e-01	7.34470317e-17	7.95699617e-15
7.01171875e-01	7.74378441e-17	8.38937165e-15
7.01660156e-01	8.16455135e-17	8.84524224e-15
7.02148438e-01	8.60818280e-17	9.32590167e-15
7.02636719e-01	9.07592244e-17	9.83271399e-15
7.03125000e-01	9.56908050e-17	1.03670403e-14
7.03613281e-01	1.00890375e-16	1.09303969e-14
7.04101562e-01	1.06372499e-16	1.15243826e-14
7.04589844e-01	1.12152525e-16	1.21506062e-14
7.05078125e-01	1.18246648e-16	1.28109216e-14
7.05566406e-01	1.24671953e-16	1.35071259e-14
7.06054688e-01	1.31446445e-16	1.42411949e-14
7.06542969e-01	1.38589104e-16	1.50151348e-14
7.07031250e-01	1.46119933e-16	1.58311421e-14
7.07519531e-01	1.54060039e-16	1.66915326e-14
7.08007812e-01	1.62431671e-16	1.75986711e-14
7.08496094e-01	1.71258264e-16	1.85550556e-14
7.08984375e-01	1.80564528e-16	1.95634001e-14
7.09472656e-01	1.90376531e-16	2.06265663e-14
7.09960938e-01	2.00721761e-16	2.17474949e-14
7.10449219e-01	2.11629217e-16	2.29294434e-14
7.10937500e-01	2.23129475e-16	2.41756131e-14
7.11425781e-01	2.35254738e-16	2.54894644e-14
7.11914062e-01	2.48038964e-16	2.68747258e-14
7.12402344e-01	2.61517963e-16	2.83352524e-14
7.12890625e-01	2.75729496e-16	2.98751890e-14
7.13378906e-01	2.90713406e-16	3.14989058e-14
7.13867188e-01	3.06511688e-16	3.32108585e-14
7.14355469e-01	3.23168595e-16	3.50158294e-14
7.14843750e-01	3.40730776e-16	3.69188650e-14
7.15332031e-01	3.59247415e-16	3.89252900e-14
7.15820312e-01	3.78770404e-16	4.10408743e-14
7.16308594e-01	3.99354454e-16	4.32713943e-14
7.16796875e-01	4.21057231e-16	4.56231799e-14
7.17285156e-01	4.43939539e-16	4.81027538e-14
7.17773438e-01	4.68065493e-16	5.07171529e-14
7.18261719e-01	4.93502700e-16	5.34736452e-14
7.18750000e-01	5.20322413e-16	5.63799023e-14
7.19238281e-01	5.48599775e-16	5.94441719e-14
7.19726562e-01	5.78414026e-16	6.26749991e-14
7.20214844e-01	6.09848694e-16	6.60814018e-14
7.20703125e-01	6.42991870e-16	6.96730470e-14
7.21191406e-01	6.77936419e-16	7.34598262e-14
7.21679688e-01	7.14780245e-16	7.74524859e-14
7.22167969e-01	7.53626588e-16	8.16621311e-14
7.22656250e-01	7.94584294e-16	8.61006332e-14
7.23144531e-01	8.37768131e-16	9.07803629e-14
7.23632812e-01	8.83299109e-16	9.57145255e-14
7.24121094e-01	9.31304810e-16	1.00916824e-13
7.24609375e-01	9.81919744e-16	1.06401946e-13
7.25097656e-01	1.03528577e-15	1.12185309e-13
7.25585938e-01	1.09155244e-15	1.18282950e-13
7.26074219e-01	1.15087740e-15	1.24712100e-13
7.26562500e-01	1.21342691e-15	1.31490704e-13
7.27050781e-01	1.27937623e-15	1.38637700e-13
7.27539062e-01	1.34891015e-15	1.46173222e-13
7.28027344e-01	1.42222354e-15	1.54118430e-13
7.28515625e-01	1.49952186e-15	1.62495499e-13
7.29003906e-01	1.58102173e-15	1.71327979e-13
7.29492188e-01	1.66695155e-15	1.80640563e-13
7.29980469e-01	1.75755213e-15	1.90459381e-13
7.30468750e-01	1.85307735e-15	2.00811926e-13
7.30957031e-01	1.95379491e-15	2.11727205e-13
7.31445312e-01	2.05998707e-15	2.23235898e-13
7.31933594e-01	2.17195146e-15	2.35370219e-13
7.32421875e-01	2.29000182e-15	2.48164086e-13
7.32910156e-01	2.41446901e-15	2.61653508e-13
7.33398438e-01	2.54570184e-15	2.75876175e-13
7.33886719e-01	2.68406812e-15	2.90872078e-13
7.34375000e-01	2.82995563e-15	3.06683182e-13
7.34863281e-01	2.98377326e-15	3.23353840e-13
7.35351562e-01	3.14595210e-15	3.40930695e-13
7.35839844e-01	3.31694669e-15	3.59463111e-13
7.36328125e-01	3.49723625e-15	3.79002943e-13
7.36816406e-01	3.68732608e-15	3.99604979e-13
7.37304688e-01	3.88774893e-15	4.21327022e-13
7.37792969e-01	4.09906655e-15	4.44229979e-13
7.38281250e-01	4.32187123e-15	4.68377963e-13
7.38769531e-01	4.55678742e-15	4.93838766e-13
7.39257812e-01	4.80447357e-15	5.20683688e-13
7.39746094e-01	5.06562389e-15	5.48988030e-13
7.40234375e-01	5.34097035e-15	5.78831087e-13
7.40722656e-01	5.63128473e-15	6.10296596e-13
7.41210938e-01	5.93738074e-15	6.43472679e-13
7.41699219e-01	6.26011636e-15	6.78452387e-13
7.42187500e-01	6.60039617e-15	7.15333741e-13
7.42675781e-01	6.95917398e-15	7.54220163e-13
7.43164062e-01	7.33745544e-15	7.95220690e-13
7.43652344e-01	7.73630087e-15	8.38450214e-13
7.44140625e-01	8.15682826e-15	8.84029954e-13
7.44628906e-01	8.60021635e-15	9.32087653e-13
7.45117188e-01	9.06770798e-15	9.82758088e-13
7.45605469e-01	9.56061360e-15	1.03618330e-12
7.46093750e-01	1.00803149e-14	1.09251309e-12
7.46582031e-01	1.06282686e-14	1.15190535e-12
7.47070312e-01	1.12060108e-14	1.21452665e-12
7.47558594e-01	1.18151609e-14	1.28055245e-12
7.48046875e-01	1.24574266e-14	1.35016787e-12
7.48535156e-01	1.31346083e-14	1.42356815e-12
7.49023438e-01	1.38486042e-14	1.50095905e-12
7.49511719e-01	1.46014159e-14	1.58255757e-12
7.50000000e-01	1.53951537e-14	1.66859246e-12
7.50488281e-01	1.62320427e-14	1.75930498e-12
7.50976562e-01	1.71144290e-14	1.85494943e-12
7.51464844e-01	1.80447863e-14	1.95579400e-12
7.51953125e-01	1.90257227e-14	2.06212138e-12
7.52441406e-01	2.00599881e-14	2.17422972e-12
7.52929688e-01	2.11504820e-14	2.29243340e-12
7.53417969e-01	2.23002616e-14	2.41706375e-12
7.53906250e-01	2.35125502e-14	2.54847028e-12
7.54394531e-01	2.47907464e-14	2.68702135e-12
7.54882812e-01	2.61384336e-14	2.83310561e-12
7.55371094e-01	2.75593902e-14	2.98713253e-12
7.55859375e-01	2.90575998e-14	3.14953402e-12
7.56347656e-01	3.06372628e-14	3.32076550e-12
7.56835938e-01	3.23028078e-14	3.50130706e-12
7.57324219e-01	3.40589045e-14	3.69166497e-12
7.57812500e-01	3.59104763e-14	3.89237297e-12
7.58300781e-01	3.78627142e-14	4.10399381e-12
7.58789062e-01	3.99210919e-14	4.32712097e-12
7.59277344e-01	4.20913802e-14	4.56238004e-12
7.59765625e-01	4.43796641e-14	4.81043079e-12
7.60253906e-01	4.67923593e-14	5.07196869e-12
7.60742188e-01	4.93362304e-14	5.34772717e-12
7.61230469e-01	5.20184097e-14	5.63847957e-12
7.61718750e-01	5.48464177e-14	5.94504106e-12
7.62207031e-01	5.78281834e-14	6.26827143e-12
7.62695312e-01	6.09720674e-14	6.60907711e-12
7.63183594e-01	6.42868844e-14	6.96841364e-12
7.63671875e-01	6.77819290e-14	7.34728887e-12
7.64160156e-01	7.14670008e-14	7.74676517e-12
7.64648438e-01	7.53524324e-14	8.16796282e-12
7.65136719e-01	7.94491184e-14	8.61206296e-12
7.65625000e-01	8.37685457e-14	9.08031111e-12
7.66113281e-01	8.83228258e-14	9.57402031e-12
7.66601562e-01	9.31247290e-14	1.00945752e-11
7.67089844e-01	9.81877199e-14	1.06434355e-11
7.67578125e-01	1.03525995e-13	1.12221406e-11
7.68066406e-01	1.09154524e-13	1.18323132e-11
7.68554688e-01	1.15089089e-13	1.24756648e-11
7.69042969e-01	1.21346331e-13	1.31539994e-11
7.69531250e-01	1.27943797e-13	1.38692196e-11
7.70019531e-01	1.34899986e-13	1.46233312e-11
7.70507812e-01	1.42234405e-13	1.54184491e-11
7.70996094e-01	1.49967621e-13	1.62568032e-11
7.71484375e-01	1.58121319e-13	1.71407448e-11
7.71972656e-01	1.66718365e-13	1.80727531e-11
7.72460938e-01	1.75782865e-13	1.90554419e-11
7.72949219e-01	1.85340241e-13	2.00915673e-11
7.73437500e-01	1.95417292e-13	2.11840353e-11
7.73925781e-01	2.06042279e-13	2.23359099e-11
7.74414062e-01	2.17244996e-13	2.35504218e-11
7.74902344e-01	2.29056861e-13	2.48309774e-11
7.75390625e-01	2.41510998e-13	2.61811682e-11
7.75878906e-01	2.54642334e-13	2.76047813e-11
7.76367188e-01	2.68487693e-13	2.91058095e-11
7.76855469e-01	2.83085904e-13	3.06884630e-11
7.77343750e-01	2.98477907e-13	3.23571806e-11
7.77832031e-01	3.14706868e-13	3.41166430e-11
7.78320312e-01	3.31818300e-13	3.59717853e-11
7.78808594e-01	3.49860194e-13	3.79278107e-11
7.79296875e-01	3.68883147e-13	3.99902057e-11
7.79785156e-01	3.88940511e-13	4.21647553e-11
7.80273438e-01	4.10088537e-13	4.44575589e-11
7.80761719e-01	4.32386536e-13	4.68750477e-11
7.81250000e-01	4.55897047e-13	4.94240026e-11
7.81738281e-01	4.80686005e-13	5.21115733e-11
7.82226562e-01	5.06822937e-13	5.49452988e-11
7.82714844e-01	5.34381147e-13	5.79331275e-11
7.83203125e-01	5.63437926e-13	6.10834405e-11
7.83691406e-01	5.94074770e-13	6.44050746e-11
7.84179688e-01	6.26377608e-13	6.79073473e-11
7.84667969e-01	6.60437039e-13	7.16000827e-11
7.85156250e-01	6.96348592e-13	7.54936396e-11
7.85644531e-01	7.34212992e-13	7.95989399e-11
7.86132812e-01	7.74136439e-13	8.39274995e-11
7.86621094e-01	8.16230911e-13	8.84914610e-11
7.87109375e-01	8.60614478e-13	9.33036271e-11
7.87597656e-01	9.07411627e-13	9.83774969e-11
7.88085938e-01	9.56753620e-13	1.03727304e-10
7.88574219e-01	1.00877885e-12	1.09368056e-10
7.89062500e-01	1.06363326e-12	1.15315576e-10
7.89550781e-01	1.12147069e-12	1.21586550e-10
7.90039062e-01	1.18245338e-12	1.28198569e-10
7.90527344e-01	1.24675240e-12	1.35170182e-10
7.91015625e-01	1.31454808e-12	1.42520946e-10
7.91503906e-01	1.38603061e-12	1.50271485e-10
7.91992188e-01	1.46140049e-12	1.58443540e-10
7.92480469e-01	1.54086913e-12	1.67060038e-10
7.92968750e-01	1.62465946e-12	1.76145151e-10
7.93457031e-01	1.71300651e-12	1.85724368e-10
7.93945312e-01	1.80615811e-12	1.95824563e-10
7.94433594e-01	1.90437555e-12	2.06474071e-10
7.94921875e-01	2.00793435e-12	2.17702769e-10
7.95410156e-01	2.11712500e-12	2.29542161e-10
7.95898438e-01	2.23225382e-12	2.42025461e-10
7.96386719e-01	2.35364375e-12	2.55187693e-10
7.96875000e-01	2.48163532e-12	2.69065783e-10
7.97363281e-01	2.61658758e-12	2.83698669e-10
7.97851562e-01	2.75887910e-12	2.99127405e-10
7.98339844e-01	2.90890905e-12	3.15395277e-10
7.98828125e-01	3.06709831e-12	3.32547927e-10
7.99316406e-01	3.23389065e-12	3.50633481e-10
7.99804688e-01	3.40975397e-12	3.69702680e-10
8.00292969e-01	3.59518163e-12	3.89809028e-10
8.00781250e-01	3.79069383e-12	4.11008936e-10
8.01269531e-01	3.99683905e-12	4.33361887e-10
8.01757812e-01	4.21419561e-12	4.56930597e-10
8.02246094e-01	4.44337330e-12	4.81781194e-10
8.02734375e-01	4.68501504e-12	5.07983405e-10
8.03222656e-01	4.93979877e-12	5.35610748e-10
8.03710938e-01	5.20843927e-12	5.64740740e-10
8.04199219e-01	5.49169021e-12	5.95455116e-10
8.04687500e-01	5.79034626e-12	6.27840056e-10
8.05175781e-01	6.10524531e-12	6.61986429e-10
8.05664062e-01	6.43727081e-12	6.97990046e-10
8.06152344e-01	6.78735430e-12	7.35951931e-10
8.06640625e-01	7.15647797e-12	7.75978601e-10
8.07128906e-01	7.54567743e-12	8.18182371e-10
8.07617188e-01	7.95604462e-12	8.62681663e-10
8.08105469e-01	8.38873090e-12	9.09601341e-10
8.08593750e-01	8.84495024e-12	9.59073063e-10
8.09082031e-01	9.32598264e-12	1.01123565e-09
8.09570312e-01	9.83317773e-12	1.06623547e-09
8.10058594e-01	1.03679586e-11	1.12422685e-09
8.10546875e-01	1.09318256e-11	1.18537253e-09
8.11035156e-01	1.15263609e-11	1.24984409e-09
8.11523438e-01	1.21532326e-11	1.31782244e-09
8.12011719e-01	1.28141996e-11	1.38949833e-09
8.12500000e-01	1.35111164e-11	1.46507291e-09
8.12988281e-01	1.42459385e-11	1.54475824e-09
8.13476562e-01	1.50207276e-11	1.62877794e-09
8.13964844e-01	1.58376577e-11	1.71736779e-09
8.14453125e-01	1.66990210e-11	1.81077638e-09
8.14941406e-01	1.76072344e-11	1.90926585e-09
8.15429688e-01	1.85648464e-11	2.01311258e-09
8.15917969e-01	1.95745438e-11	2.12260800e-09
8.16406250e-01	2.06391598e-11	2.23805938e-09
8.16894531e-01	2.17616818e-11	2.35979072e-09
8.17382812e-01	2.29452596e-11	2.48814363e-09
8.17871094e-01	2.41932141e-11	2.62347831e-09
8.18359375e-01	2.55090474e-11	2.76617457e-09
8.18847656e-01	2.68964515e-11	2.91663287e-09
8.19335938e-01	2.83593198e-11	3.07527545e-09
8.19824219e-01	2.99017570e-11	3.24254753e-09
8.20312500e-01	3.15280915e-11	3.41891854e-09
8.20800781e-01	3.32428869e-11	3.60488347e-09
8.21289062e-01	3.50509552e-11	3.80096423e-09
8.21777344e-01	3.69573701e-11	4.00771110e-09
8.22265625e-01	3.89674813e-11	4.22570433e-09
8.22753906e-01	4.10869295e-11	4.45555571e-09
8.23242188e-01	4.33216624e-11	4.69791035e-09
8.23730469e-01	4.56779512e-11	4.95344841e-09
8.24218750e-01	4.81624081e-11	5.22288709e-09
8.24707031e-01	5.07820052e-11	5.50698259e-09
8.25195312e-01	5.35440938e-11	5.80653225e-09
8.25683594e-01	5.64564251e-11	6.12237681e-09
8.26171875e-01	5.95271720e-11	6.45540272e-09
8.26660156e-01	6.27649522e-11	6.80654467e-09
8.27148438e-01	6.61788518e-11	7.17678822e-09
8.27636719e-01	6.97784516e-11	7.56717251e-09
8.28125000e-01	7.35738534e-11	7.97879325e-09
8.28613281e-01	7.75757086e-11	8.41280575e-09
8.29101562e-01	8.17952481e-11	8.87042817e-09
8.29589844e-01	8.62443138e-11	9.35294495e-09
8.30078125e-01	9.09353918e-11	9.86171040e-09
8.30566406e-01	9.58816474e-11	1.03981525e-08
8.31054688e-01	1.01096962e-10	1.09637770e-08
8.31542969e-01	1.06595973e-10	1.15601716e-08
8.32031250e-01	1.12394113e-10	1.21890100e-08
8.32519531e-01	1.18507655e-10	1.28520576e-08
8.33007812e-01	1.24953757e-10	1.35511752e-08
8.33496094e-01	1.31750510e-10	1.42883254e-08
8.33984375e-01	1.38916990e-10	1.50655772e-08
8.34472656e-01	1.46473311e-10	1.58851123e-08
8.34960938e-01	1.54440680e-10	1.67492312e-08
8.35449219e-01	1.62841459e-10	1.76603593e-08
8.35937500e-01	1.71699226e-10	1.86210541e-08
8.36425781e-01	1.81038841e-10	1.96340125e-08
8.36914062e-01	1.90886520e-10	2.07020777e-08
8.37402344e-01	2.01269900e-10	2.18282479e-08
8.37890625e-01	2.12218126e-10	2.30156843e-08
8.38378906e-01	2.23761926e-10	2.42677200e-08
8.38867188e-01	2.35933700e-10	2.55878697e-08
8.39355469e-01	2.48767614e-10	2.69798392e-08
8.39843750e-01	2.62299688e-10	2.84475359e-08
8.40332031e-01	2.76567904e-10	2.99950798e-08
8.40820312e-01	2.91612312e-10	3.16268152e-08
8.41308594e-01	3.07475139e-10	3.33473225e-08
8.41796875e-01	3.24200909e-10	3.51614316e-08
8.42285156e-01	3.41836570e-10	3.70742350e-08
8.42773438e-01	3.60431623e-10	3.90911024e-08
8.43261719e-01	3.80038263e-10	4.12176956e-08
8.43750000e-01	4.00711525e-10	4.34599846e-08
8.44238281e-01	4.22509437e-10	4.58242640e-08
8.44726562e-01	4.45493186e-10	4.83171710e-08
8.45214844e-01	4.69727286e-10	5.09457040e-08
8.45703125e-01	4.95279763e-10	5.37172421e-08
8.46191406e-01	5.22222343e-10	5.66395660e-08
8.46679688e-01	5.50630655e-10	5.97208796e-08
8.47167969e-01	5.80584443e-10	6.29698334e-08
8.47656250e-01	6.12167788e-10	6.63955484e-08
8.48144531e-01	6.45469348e-10	7.00076419e-08
8.48632812e-01	6.80582604e-10	7.38162547e-08
8.49121094e-01	7.17606123e-10	7.78320791e-08
8.49609375e-01	7.56643835e-10	8.20663895e-08
8.50097656e-01	7.97805325e-10	8.65310734e-08
8.50585938e-01	8.41206140e-10	9.12386654e-08
8.51074219e-01	8.86968115e-10	9.62023821e-08
8.51562500e-01	9.35219712e-10	1.01436159e-07
8.52050781e-01	9.86096384e-10	1.06954691e-07
8.52539062e-01	1.03974095e-09	1.12773470e-07
8.53027344e-01	1.09630402e-09	1.18908834e-07
8.53515625e-01	1.15594436e-09	1.25378008e-07
8.54003906e-01	1.21882941e-09	1.32199155e-07
8.54492188e-01	1.28513570e-09	1.39391427e-07
8.54980469e-01	1.35504939e-09	1.46975015e-07
8.55468750e-01	1.42876673e-09	1.54971213e-07
8.55957031e-01	1.50649468e-09	1.63402471e-07
8.56445312e-01	1.58845145e-09	1.72292461e-07
8.56933594e-01	1.67486712e-09	1.81666144e-07
8.57421875e-01	1.76598431e-09	1.91549837e-07
8.57910156e-01	1.86205880e-09	2.01971293e-07
8.58398438e-01	1.96336033e-09	2.12959772e-07
8.58886719e-01	2.07017329e-09	2.24546126e-07
8.59375000e-01	2.18279756e-09	2.36762888e-07
8.59863281e-01	2.30154933e-09	2.49644360e-07
8.60351562e-01	2.42676200e-09	2.63226710e-07
8.60839844e-01	2.55878709e-09	2.77548075e-07
8.61328125e-01	2.69799528e-09	2.92648667e-07
8.61816406e-01	2.84477740e-09	3.08570887e-07
8.62304688e-01	2.99954554e-09	3.25359442e-07
8.62792969e-01	3.16273424e-09	3.43061473e-07
8.63281250e-01	3.33480167e-09	3.61726685e-07
8.63769531e-01	3.51623091e-09	3.81407488e-07
8.64257812e-01	3.70753135e-09	4.02159145e-07
8.64746094e-01	3.90924011e-09	4.24039925e-07
8.65234375e-01	4.12192351e-09	4.47111269e-07
8.65722656e-01	4.34617869e-09	4.71437962e-07
8.66210938e-01	4.58263530e-09	4.97088311e-07
8.66699219e-01	4.83195724e-09	5.24134344e-07
8.67187500e-01	5.09484453e-09	5.52652007e-07
8.67675781e-01	5.37203530e-09	5.82721378e-07
8.68164062e-01	5.66430783e-09	6.14426894e-07
8.68652344e-01	5.97248275e-09	6.47857587e-07
8.69140625e-01	6.29742536e-09	6.83107333e-07
8.69628906e-01	6.64004802e-09	7.20275118e-07
8.70117188e-01	7.00131278e-09	7.59465312e-07
8.70605469e-01	7.38223399e-09	8.00787967e-07
8.71093750e-01	7.78388123e-09	8.44359125e-07
8.71582031e-01	8.20738227e-09	8.90301139e-07
8.72070312e-01	8.65392625e-09	9.38743024e-07
8.72558594e-01	9.12476703e-09	9.89820814e-07
8.73046875e-01	9.62122669e-09	1.04367795e-06
8.73535156e-01	1.01446993e-08	1.10046566e-06
8.74023438e-01	1.06966546e-08	1.16034344e-06
8.74511719e-01	1.12786426e-08	1.22347943e-06
8.75000000e-01	1.18922975e-08	1.29005094e-06
8.75488281e-01	1.25393424e-08	1.36024492e-06
8.75976562e-01	1.32215942e-08	1.43425849e-06
8.76464844e-01	1.39409687e-08	1.51229950e-06
8.76953125e-01	1.46994859e-08	1.59458714e-06
8.77441406e-01	1.54992759e-08	1.68135248e-06
8.77929688e-01	1.63425844e-08	1.77283919e-06
8.78417969e-01	1.72317796e-08	1.86930421e-06
8.78906250e-01	1.81693583e-08	1.97101846e-06
8.79394531e-01	1.91579536e-08	2.07826757e-06
8.79882812e-01	2.02003413e-08	2.19135277e-06
8.80371094e-01	2.12994489e-08	2.31059163e-06
8.80859375e-01	2.24583626e-08	2.43631904e-06
8.81347656e-01	2.36803370e-08	2.56888811e-06
8.81835938e-01	2.49688036e-08	2.70867114e-06
8.82324219e-01	2.63273807e-08	2.85606073e-06
8.82812500e-01	2.77598835e-08	3.01147081e-06
8.83300781e-01	2.92703349e-08	3.17533787e-06
8.83789062e-01	3.08629765e-08	3.34812214e-06
8.84277344e-01	3.25422809e-08	3.53030888e-06
8.84765625e-01	3.43129642e-08	3.72240979e-06
8.85253906e-01	3.61799989e-08	3.92496440e-06
8.85742188e-01	3.81486283e-08	4.13854161e-06
8.86230469e-01	4.02243810e-08	4.36374128e-06
8.86718750e-01	4.24130863e-08	4.60119592e-06
8.87207031e-01	4.47208911e-08	4.85157245e-06
8.87695312e-01	4.71542765e-08	5.11557409e-06
8.88183594e-01	4.97200764e-08	5.39394236e-06
8.88671875e-01	5.24254967e-08	5.68745909e-06
8.89160156e-01	5.52781353e-08	5.99694871e-06
8.89648438e-01	5.82860038e-08	6.32328048e-06
8.90136719e-01	6.14575495e-08	6.66737098e-06
8.90625000e-01	6.48016798e-08	7.03018669e-06
8.91113281e-01	6.83277866e-08	7.41274668e-06
8.91601562e-01	7.20457730e-08	7.81612547e-06
8.92089844e-01	7.59660810e-08	8.24145608e-06
8.92578125e-01	8.00997209e-08	8.68993319e-06
8.93066406e-01	8.44583024e-08	9.16281651e-06
8.93554688e-01	8.90540668e-08	9.66143428e-06
8.94042969e-01	9.38999216e-08	1.01871871e-05
8.94531250e-01	9.90094769e-08	1.07415516e-05
8.95019531e-01	1.04397084e-07	1.13260851e-05
8.95507812e-01	1.10077873e-07	1.19424295e-05
8.95996094e-01	1.16067801e-07	1.25923160e-05
8.96484375e-01	1.22383692e-07	1.32775701e-05
8.96972656e-01	1.29043283e-07	1.40001166e-05
8.97460938e-01	1.36065281e-07	1.47619852e-05
8.97949219e-01	1.43469407e-07	1.55653160e-05
8.98437500e-01	1.51276458e-07	1.64123654e-05
8.98925781e-01	1.59508362e-07	1.73055130e-05
8.99414062e-01	1.68188240e-07	1.82472675e-05
8.99902344e-01	1.77340472e-07	1.92402743e-05
9.00390625e-01	1.86990764e-07	2.02873230e-05
9.00878906e-01	1.97166222e-07	2.13913548e-05
9.01367188e-01	2.07895428e-07	2.25554709e-05
9.01855469e-01	2.19208517e-07	2.37829415e-05
9.02343750e-01	2.31137266e-07	2.50772146e-05
9.02832031e-01	2.43715181e-07	2.64419262e-05
9.03320312e-01	2.56977592e-07	2.78809098e-05
9.03808594e-01	2.70961752e-07	2.93982079e-05
9.04296875e-01	2.85706940e-07	3.09980826e-05
9.04785156e-01	3.01254575e-07	3.26850285e-05
9.05273438e-01	3.17648328e-07	3.44637845e-05
9.05761719e-01	3.34934249e-07	3.63393475e-05
9.06250000e-01	3.53160893e-07	3.83169863e-05
9.06738281e-01	3.72379458e-07	4.04022568e-05
9.07226562e-01	3.92643929e-07	4.26010169e-05
9.07714844e-01	4.14011229e-07	4.49194435e-05
9.08203125e-01	4.36541379e-07	4.73640499e-05
9.08691406e-01	4.60297666e-07	4.99417037e-05
9.09179688e-01	4.85346824e-07	5.26596462e-05
9.09667969e-01	5.11759216e-07	5.55255132e-05
9.10156250e-01	5.39609038e-07	5.85473558e-05
9.10644531e-01	5.68974521e-07	6.17336635e-05
9.11132812e-01	5.99938157e-07	6.50933879e-05
9.11621094e-01	6.32586925e-07	6.86359677e-05
9.12109375e-01	6.67012541e-07	7.23713555e-05
9.12597656e-01	7.03311711e-07	7.63100455e-05
9.13085938e-01	7.41586406e-07	8.04631032e-05
9.13574219e-01	7.81944145e-07	8.48421965e-05
9.14062500e-01	8.24498301e-07	8.94596283e-05
9.14550781e-01	8.69368418e-07	9.43283710e-05
9.15039062e-01	9.16680546e-07	9.94621035e-05
9.15527344e-01	9.66567595e-07	1.04875249e-04
9.16015625e-01	1.01916971e-06	1.10583016e-04
9.16503906e-01	1.07463467e-06	1.16601440e-04
9.16992188e-01	1.13311828e-06	1.22947430e-04
9.17480469e-01	1.19478484e-06	1.29638817e-04
9.17968750e-01	1.25980760e-06	1.36694400e-04
9.18457031e-01	1.32836922e-06	1.44134002e-04
9.18945312e-01	1.40066232e-06	1.51978525e-04
9.19433594e-01	1.47688999e-06	1.60250010e-04
9.19921875e-01	1.55726638e-06	1.68971697e-04
9.20410156e-01	1.64201730e-06	1.78168090e-04
9.20898438e-01	1.73138086e-06	1.87865028e-04
9.21386719e-01	1.82560810e-06	1.98089756e-04
9.21875000e-01	1.92496376e-06	2.08871003e-04
9.22363281e-01	2.02972695e-06	2.20239061e-04
9.22851562e-01	2.14019203e-06	2.32225871e-04
9.23339844e-01	2.25666932e-06	2.44865112e-04
9.23828125e-01	2.37948607e-06	2.58192298e-04
9.24316406e-01	2.50898733e-06	2.72244874e-04
9.24804688e-01	2.64553694e-06	2.87062326e-04
9.25292969e-01	2.78951853e-06	3.02686286e-04
9.25781250e-01	2.94133664e-06	3.19160656e-04
9.26269531e-01	3.10141778e-06	3.36531726e-04
9.26757812e-01	3.27021174e-06	3.54848304e-04
9.27246094e-01	3.44819273e-06	3.74161858e-04
9.27734375e-01	3.63586083e-06	3.94526655e-04
9.28222656e-01	3.83374329e-06	4.15999919e-04
9.28710938e-01	4.04239610e-06	4.38641987e-04
9.29199219e-01	4.26240549e-06	4.62516480e-04
9.29687500e-01	4.49438961e-06	4.87690484e-04
9.30175781e-01	4.73900026e-06	5.14234736e-04
9.30664062e-01	4.99692471e-06	5.42223823e-04
9.31152344e-01	5.26888766e-06	5.71736393e-04
9.31640625e-01	5.55565323e-06	6.02855376e-04
9.32128906e-01	5.85802715e-06	6.35668216e-04
9.32617188e-01	6.17685902e-06	6.70267116e-04
9.33105469e-01	6.51304467e-06	7.06749299e-04
9.33593750e-01	6.86752870e-06	7.45217281e-04
9.34082031e-01	7.24130712e-06	7.85779159e-04
9.34570312e-01	7.63543019e-06	8.28548912e-04
9.35058594e-01	8.05100529e-06	8.73646728e-04
9.35546875e-01	8.48920013e-06	9.21199333e-04
9.36035156e-01	8.95124596e-06	9.71340356e-04
9.36523438e-01	9.43844104e-06	1.02421070e-03
9.37011719e-01	9.95215432e-06	1.07995893e-03
9.37500000e-01	1.04938293e-05	1.13874171e-03
9.37988281e-01	1.10649880e-05	1.20072422e-03
9.38476562e-01	1.16672352e-05	1.26608066e-03
9.38964844e-01	1.23022634e-05	1.33499468e-03
9.39453125e-01	1.29718568e-05	1.40765994e-03
9.39941406e-01	1.36778970e-05	1.48428064e-03
9.40429688e-01	1.44223679e-05	1.56507211e-03
9.40917969e-01	1.52073614e-05	1.65026139e-03
9.41406250e-01	1.60350834e-05	1.74008788e-03
9.41894531e-01	1.69078597e-05	1.83480401e-03
9.42382812e-01	1.78281429e-05	1.93467596e-03
9.42871094e-01	1.87985190e-05	2.03998440e-03
9.43359375e-01	1.98217147e-05	2.15102528e-03
9.43847656e-01	2.09006053e-05	2.26811066e-03
9.44335938e-01	2.20382226e-05	2.39156957e-03
9.44824219e-01	2.32377632e-05	2.52174899e-03
9.45312500e-01	2.45025981e-05	2.65901477e-03
9.45800781e-01	2.58362816e-05	2.80375265e-03
9.46289062e-01	2.72425614e-05	2.95636943e-03
9.46777344e-01	2.87253894e-05	3.11729399e-03
9.47265625e-01	3.02889325e-05	3.28697862e-03
9.47753906e-01	3.19375846e-05	3.46590019e-03
9.48242188e-01	3.36759785e-05	3.65456154e-03
9.48730469e-01	3.55089996e-05	3.85349290e-03
9.49218750e-01	3.74417990e-05	4.06325335e-03
9.49707031e-01	3.94798082e-05	4.28443242e-03
9.50195312e-01	4.16287546e-05	4.51765173e-03
9.50683594e-01	4.38946770e-05	4.76356673e-03
9.51171875e-01	4.62839435e-05	5.02286857e-03
9.51660156e-01	4.88032683e-05	5.29628602e-03
9.52148438e-01	5.14597316e-05	5.58458754e-03
9.52636719e-01	5.42607987e-05	5.88858339e-03
9.53125000e-01	5.72143415e-05	6.20912799e-03
9.53613281e-01	6.03286604e-05	6.54712224e-03
9.54101562e-01	6.36125077e-05	6.90351610e-03
9.54589844e-01	6.70751120e-05	7.27931125e-03
9.55078125e-01	7.07262046e-05	7.67556391e-03
9.55566406e-01	7.45760463e-05	8.09338778e-03
9.56054688e-01	7.86354567e-05	8.53395723e-03
9.56542969e-01	8.29158443e-05	8.99851052e-03
9.57031250e-01	8.74292388e-05	9.48835338e-03
9.57519531e-01	9.21883248e-05	1.00048626e-02
9.58007812e-01	9.72064772e-05	1.05494899e-02
9.58496094e-01	1.02497799e-04	1.11237660e-02
9.58984375e-01	1.08077163e-04	1.17293052e-02
9.59472656e-01	1.13960247e-04	1.23678093e-02
9.59960938e-01	1.20163588e-04	1.30410731e-02
9.60449219e-01	1.26704618e-04	1.37509890e-02
9.60937500e-01	1.33601723e-04	1.44995523e-02
9.61425781e-01	1.40874286e-04	1.52888671e-02
9.61914062e-01	1.48542748e-04	1.61211519e-02
9.62402344e-01	1.56628661e-04	1.69987463e-02
9.62890625e-01	1.65154750e-04	1.79241169e-02
9.63378906e-01	1.74144980e-04	1.88998648e-02
9.63867188e-01	1.83624618e-04	1.99287326e-02
9.64355469e-01	1.93620308e-04	2.10136125e-02
9.64843750e-01	2.04160144e-04	2.21575537e-02
9.65332031e-01	2.15273748e-04	2.33637718e-02
9.65820312e-01	2.26992359e-04	2.46356574e-02
9.66308594e-01	2.39348913e-04	2.59767856e-02
9.66796875e-01	2.52378139e-04	2.73909262e-02
9.67285156e-01	2.66116660e-04	2.88820542e-02
9.67773438e-01	2.80603089e-04	3.04543612e-02
9.68261719e-01	2.95878145e-04	3.21122668e-02
9.68750000e-01	3.11984761e-04	3.38604314e-02
9.69238281e-01	3.28968208e-04	3.57037690e-02
9.69726562e-01	3.46876223e-04	3.76474612e-02
9.70214844e-01	3.65759141e-04	3.96969718e-02
9.70703125e-01	3.85670038e-04	4.18580621e-02
9.71191406e-01	4.06664879e-04	4.41368069e-02
9.71679688e-01	4.28802677e-04	4.65396118e-02
9.72167969e-01	4.52145656e-04	4.90732314e-02
9.72656250e-01	4.76759430e-04	5.17447879e-02
9.73144531e-01	5.02713185e-04	5.45617912e-02
9.73632812e-01	5.30079872e-04	5.75321603e-02
9.74121094e-01	5.58936417e-04	6.06642452e-02
9.74609375e-01	5.89363930e-04	6.39668506e-02
9.75097656e-01	6.21447942e-04	6.74492607e-02
9.75585938e-01	6.55278637e-04	7.11212651e-02
9.76074219e-01	6.90951110e-04	7.49931865e-02
9.76562500e-01	7.28565636e-04	7.90759097e-02
9.77050781e-01	7.68227946e-04	8.33809119e-02
9.77539062e-01	8.10049530e-04	8.79202956e-02
9.78027344e-01	8.54147947e-04	9.27068221e-02
9.78515625e-01	9.00647158e-04	9.77539475e-02
9.79003906e-01	9.49677873e-04	1.03075861e-01
9.79492188e-01	1.00137792e-03	1.08687523e-01
9.79980469e-01	1.05589262e-03	1.14604711e-01
9.80468750e-01	1.11337523e-03	1.20844060e-01
9.80957031e-01	1.17398734e-03	1.27423111e-01
9.81445312e-01	1.23789932e-03	1.34360359e-01
9.81933594e-01	1.30529084e-03	1.41675308e-01
9.82421875e-01	1.37635134e-03	1.49388524e-01
9.82910156e-01	1.45128059e-03	1.57521692e-01
9.83398438e-01	1.53028923e-03	1.66097678e-01
9.83886719e-01	1.61359935e-03	1.75140593e-01
9.84375000e-01	1.70144517e-03	1.84675862e-01
9.84863281e-01	1.79407362e-03	1.94730293e-01
9.85351562e-01	1.89174512e-03	2.05332155e-01
9.85839844e-01	1.99473424e-03	2.16511257e-01
9.86328125e-01	2.10333050e-03	2.28299031e-01
9.86816406e-01	2.21783920e-03	2.40728619e-01
9.87304688e-01	2.33858226e-03	2.53834971e-01
9.87792969e-01	2.46589914e-03	2.67654938e-01
9.88281250e-01	2.60014775e-03	2.82227379e-01
9.88769531e-01	2.74170553e-03	2.97593272e-01
9.89257812e-01	2.89097044e-03	3.13795822e-01
9.89746094e-01	3.04836214e-03	3.30880593e-01
9.90234375e-01	3.21432313e-03	3.48895626e-01
9.90722656e-01	3.38932001e-03	3.67891582e-01
9.91210938e-01	3.57384478e-03	3.87921882e-01
9.91699219e-01	3.76841625e-03	4.09042857e-01
9.92187500e-01	3.97358148e-03	4.31313908e-01
9.92675781e-01	4.18991731e-03	4.54797670e-01
9.93164062e-01	4.41803203e-03	4.79560195e-01
9.93652344e-01	4.65856702e-03	5.05671133e-01
9.94140625e-01	4.91219863e-03	5.33203930e-01
9.94628906e-01	5.17964002e-03	5.62236036e-01
9.95117188e-01	5.46164324e-03	5.92849124e-01
9.95605469e-01	5.75900125e-03	6.25129320e-01
9.96093750e-01	6.07255027e-03	6.59167447e-01
9.96582031e-01	6.40317203e-03	6.95059280e-01
9.97070312e-01	6.75179632e-03	7.32905822e-01
9.97558594e-01	7.11940360e-03	7.72813583e-01
9.98046875e-01	7.50702774e-03	8.14894890e-01
9.98535156e-01	7.91575896e-03	8.59268200e-01
9.99023438e-01	8.34674691e-03	9.06058439e-01
9.99511719e-01	8.80120389e-03	9.55397356e-01
1.00000000e+00	9.28040830e-03	1.00742390e+00
