0.00000000e+00	0.00000000e+00	8.91509789e-05
4.88281250e-05	4.35310599e-09	8.91522426e-05
9.76562500e-05	8.70631296e-09	8.91551147e-05
1.46484375e-04	1.30597064e-08	8.91598805e-05
1.95312500e-04	1.74133787e-08	8.91665360e-05
2.44140625e-04	2.17674221e-08	8.91750835e-05
2.92968750e-04	2.61219291e-08	8.91855242e-05
3.41796875e-04	3.04769922e-08	8.91978593e-05
3.90625000e-04	3.48327039e-08	8.92120896e-05
4.39453125e-04	3.91891566e-08	8.92282158e-05
4.88281250e-04	4.35464431e-08	8.92462384e-05
5.37109375e-04	4.79046559e-08	8.92661580e-05
5.85937500e-04	5.22638877e-08	8.92879753e-05
6.34765625e-04	5.66242311e-08	8.93116909e-05
6.83593750e-04	6.09857788e-08	8.93373054e-05
7.32421875e-04	6.53486237e-08	8.93648194e-05
7.81250000e-04	6.97128584e-08	8.93942337e-05
8.30078125e-04	7.40785757e-08	8.94255491e-05
8.78906250e-04	7.84458686e-08	8.94587662e-05
9.27734375e-04	8.28148298e-08	8.94938860e-05
9.76562500e-04	8.71855524e-08	8.95309091e-05
1.02539063e-03	9.15581292e-08	8.95698367e-05
1.07421875e-03	9.59326532e-08	8.96106695e-05
1.12304688e-03	1.00309218e-07	8.96534086e-05
1.17187500e-03	1.04687915e-07	8.96980550e-05
1.22070312e-03	1.09068840e-07	8.97446098e-05
1.26953125e-03	1.13452084e-07	8.97930740e-05
1.31835938e-03	1.17837741e-07	8.98434488e-05
1.36718750e-03	1.22225905e-07	8.98957355e-05
1.41601563e-03	1.26616669e-07	8.99499352e-05
1.46484375e-03	1.31010125e-07	9.00060493e-05
1.51367188e-03	1.35406369e-07	9.00640791e-05
1.56250000e-03	1.39805492e-07	9.01240259e-05
1.61132813e-03	1.44207590e-07	9.01858912e-05
1.66015625e-03	1.48612755e-07	9.02496765e-05
1.70898438e-03	1.53021082e-07	9.03153832e-05
1.75781250e-03	1.57432664e-07	9.03830130e-05
1.80664063e-03	1.61847595e-07	9.04525673e-05
1.85546875e-03	1.66265969e-07	9.05240480e-05
1.90429688e-03	1.70687881e-07	9.05974566e-05
1.95312500e-03	1.75113424e-07	9.06727948e-05
2.00195313e-03	1.79542693e-07	9.07500646e-05
2.05078125e-03	1.83975782e-07	9.08292677e-05
2.09960937e-03	1.88412786e-07	9.09104059e-05
2.14843750e-03	1.92853799e-07	9.09934813e-05
2.19726562e-03	1.97298916e-07	9.10784957e-05
2.24609375e-03	2.01748231e-07	9.11654512e-05
2.29492188e-03	2.06201839e-07	9.12543499e-05
2.34375000e-03	2.10659836e-07	9.13451937e-05
2.39257813e-03	2.15122316e-07	9.14379850e-05
2.44140625e-03	2.19589374e-07	9.15327258e-05
2.49023438e-03	2.24061106e-07	9.16294185e-05
2.53906250e-03	2.28537607e-07	9.17280653e-05
2.58789063e-03	2.33018973e-07	9.18286685e-05
2.63671875e-03	2.37505299e-07	9.19312305e-05
2.68554688e-03	2.41996680e-07	9.20357538e-05
2.73437500e-03	2.46493213e-07	9.21422408e-05
2.78320313e-03	2.50994994e-07	9.22506940e-05
2.83203125e-03	2.55502118e-07	9.23611160e-05
2.88085938e-03	2.60014682e-07	9.24735095e-05
2.92968750e-03	2.64532782e-07	9.25878770e-05
2.97851563e-03	2.69056515e-07	9.27042213e-05
3.02734375e-03	2.73585977e-07	9.28225451e-05
3.07617188e-03	2.78121265e-07	9.29428512e-05
3.12500000e-03	2.82662476e-07	9.30651425e-05
3.17382812e-03	2.87209707e-07	9.31894218e-05
3.22265625e-03	2.91763054e-07	9.33156922e-05
3.27148438e-03	2.96322616e-07	9.34439565e-05
3.32031250e-03	3.00888489e-07	9.35742179e-05
3.36914063e-03	3.05460772e-07	9.37064793e-05
3.41796875e-03	3.10039562e-07	9.38407440e-05
3.46679688e-03	3.14624956e-07	9.39770151e-05
3.51562500e-03	3.19217053e-07	9.41152958e-05
3.56445313e-03	3.23815952e-07	9.42555894e-05
3.61328125e-03	3.28421750e-07	9.43978993e-05
3.66210938e-03	3.33034546e-07	9.45422287e-05
3.71093750e-03	3.37654439e-07	9.46885811e-05
3.75976563e-03	3.42281527e-07	9.48369599e-05
3.80859375e-03	3.46915910e-07	9.49873687e-05
3.85742188e-03	3.51557687e-07	9.51398111e-05
3.90625000e-03	3.56206957e-07	9.52942906e-05
3.95507812e-03	3.60863820e-07	9.54508108e-05
4.00390625e-03	3.65528375e-07	9.56093756e-05
4.05273438e-03	3.70200723e-07	9.57699885e-05
4.10156250e-03	3.74880964e-07	9.59326536e-05
4.15039062e-03	3.79569197e-07	9.60973745e-05
4.19921875e-03	3.84265523e-07	9.62641552e-05
4.24804688e-03	3.88970043e-07	9.64329996e-05
4.29687500e-03	3.93682859e-07	9.66039117e-05
4.34570313e-03	3.98404070e-07	9.67768956e-05
4.39453125e-03	4.03133778e-07	9.69519554e-05
4.44335937e-03	4.07872085e-07	9.71290952e-05
4.49218750e-03	4.12619092e-07	9.73083192e-05
4.54101563e-03	4.17374901e-07	9.74896316e-05
4.58984375e-03	4.22139615e-07	9.76730367e-05
4.63867188e-03	4.26913335e-07	9.78585389e-05
4.68750000e-03	4.31696164e-07	9.80461426e-05
4.73632813e-03	4.36488205e-07	9.82358522e-05
4.78515625e-03	4.41289561e-07	9.84276721e-05
4.83398438e-03	4.46100334e-07	9.86216070e-05
4.88281250e-03	4.50920629e-07	9.88176614e-05
4.93164063e-03	4.55750548e-07	9.90158400e-05
4.98046875e-03	4.60590196e-07	9.92161474e-05
5.02929688e-03	4.65439677e-07	9.94185884e-05
5.07812500e-03	4.70299095e-07	9.96231678e-05
5.12695312e-03	4.75168555e-07	9.98298904e-05
5.17578125e-03	4.80048160e-07	1.00038761e-04
5.22460938e-03	4.84938017e-07	1.00249785e-04
5.27343750e-03	4.89838231e-07	1.00462967e-04
5.32226563e-03	4.94748907e-07	1.00678312e-04
5.37109375e-03	4.99670150e-07	1.00895825e-04
5.41992188e-03	5.04602068e-07	1.01115512e-04
5.46875000e-03	5.09544765e-07	1.01337377e-04
5.51757813e-03	5.14498349e-07	1.01561426e-04
5.56640625e-03	5.19462927e-07	1.01787664e-04
5.61523438e-03	5.24438604e-07	1.02016096e-04
5.66406250e-03	5.29425490e-07	1.02246729e-04
5.71289063e-03	5.34423690e-07	1.02479567e-04
5.76171875e-03	5.39433314e-07	1.02714615e-04
5.81054688e-03	5.44454469e-07	1.02951881e-04
5.85937500e-03	5.49487263e-07	1.03191368e-04
5.90820313e-03	5.54531805e-07	1.03433083e-04
5.95703125e-03	5.59588204e-07	1.03677031e-04
6.00585938e-03	5.64656570e-07	1.03923219e-04
6.05468750e-03	5.69737011e-07	1.04171651e-04
6.10351562e-03	5.74829638e-07	1.04422335e-04
6.15234375e-03	5.79934560e-07	1.04675276e-04
6.20117188e-03	5.85051888e-07	1.04930479e-04
6.25000000e-03	5.90181732e-07	1.05187951e-04
6.29882813e-03	5.95324204e-07	1.05447699e-04
6.34765625e-03	6.00479415e-07	1.05709728e-04
6.39648438e-03	6.05647476e-07	1.05974044e-04
6.44531250e-03	6.10828498e-07	1.06240653e-04
6.49414063e-03	6.16022596e-07	1.06509563e-04
6.54296875e-03	6.21229879e-07	1.06780779e-04
6.59179688e-03	6.26450462e-07	1.07054308e-04
6.64062500e-03	6.31684458e-07	1.07330156e-04
6.68945313e-03	6.36931980e-07	1.07608330e-04
6.73828125e-03	6.42193141e-07	1.07888837e-04
6.78710938e-03	6.47468056e-07	1.08171682e-04
6.83593750e-03	6.52756839e-07	1.08456873e-04
6.88476563e-03	6.58059605e-07	1.08744417e-04
6.93359375e-03	6.63376469e-07	1.09034320e-04
6.98242188e-03	6.68707546e-07	1.09326590e-04
7.03125000e-03	6.74052951e-07	1.09621232e-04
7.08007812e-03	6.79412802e-07	1.09918255e-04
7.12890625e-03	6.84787214e-07	1.10217665e-04
7.17773438e-03	6.90176304e-07	1.10519469e-04
7.22656250e-03	6.95580190e-07	1.10823674e-04
7.27539063e-03	7.00998988e-07	1.11130289e-04
7.32421875e-03	7.06432816e-07	1.11439319e-04
7.37304688e-03	7.11881793e-07	1.11750772e-04
7.42187500e-03	7.17346037e-07	1.12064657e-04
7.47070313e-03	7.22825667e-07	1.12380979e-04
7.51953125e-03	7.28320801e-07	1.12699747e-04
7.56835938e-03	7.33831561e-07	1.13020968e-04
7.61718750e-03	7.39358065e-07	1.13344650e-04
7.66601563e-03	7.44900435e-07	1.13670800e-04
7.71484375e-03	7.50458790e-07	1.13999427e-04
7.76367188e-03	7.56033252e-07	1.14330538e-04
7.81250000e-03	7.61623942e-07	1.14664140e-04
7.86132813e-03	7.67230983e-07	1.15000242e-04
7.91015625e-03	7.72854496e-07	1.15338853e-04
7.95898438e-03	7.78494604e-07	1.15679979e-04
8.00781250e-03	7.84151431e-07	1.16023628e-04
8.05664062e-03	7.89825098e-07	1.16369810e-04
8.10546875e-03	7.95515732e-07	1.16718533e-04
8.15429687e-03	8.01223455e-07	1.17069804e-04
8.20312500e-03	8.06948392e-07	1.17423631e-04
8.25195313e-03	8.12690669e-07	1.17780025e-04
8.30078125e-03	8.18450411e-07	1.18138991e-04
8.34960938e-03	8.24227743e-07	1.18500541e-04
8.39843750e-03	8.30022792e-07	1.18864681e-04
8.44726563e-03	8.35835685e-07	1.19231421e-04
8.49609375e-03	8.41666549e-07	1.19600769e-04
8.54492188e-03	8.47515512e-07	1.19972734e-04
8.59375000e-03	8.53382701e-07	1.20347325e-04
8.64257812e-03	8.59268245e-07	1.20724550e-04
8.69140625e-03	8.65172272e-07	1.21104420e-04
8.74023438e-03	8.71094913e-07	1.21486942e-04
8.78906250e-03	8.77036296e-07	1.21872126e-04
8.83789063e-03	8.82996553e-07	1.22259981e-04
8.88671875e-03	8.88975813e-07	1.22650516e-04
8.93554688e-03	8.94974208e-07	1.23043741e-04
8.98437500e-03	9.00991869e-07	1.23439665e-04
9.03320312e-03	9.07028929e-07	1.23838297e-04
9.08203125e-03	9.13085519e-07	1.24239647e-04
9.13085937e-03	9.19161774e-07	1.24643724e-04
9.17968750e-03	9.25257825e-07	1.25050538e-04
9.22851563e-03	9.31373807e-07	1.25460098e-04
9.27734375e-03	9.37509855e-07	1.25872415e-04
9.32617188e-03	9.43666103e-07	1.26287498e-04
9.37500000e-03	9.49842686e-07	1.26705357e-04
9.42382813e-03	9.56039741e-07	1.27126002e-04
9.47265625e-03	9.62257403e-07	1.27549443e-04
9.52148438e-03	9.68495810e-07	1.27975690e-04
9.57031250e-03	9.74755098e-07	1.28404753e-04
9.61914063e-03	9.81035405e-07	1.28836642e-04
9.66796875e-03	9.87336870e-07	1.29271368e-04
9.71679688e-03	9.93659632e-07	1.29708941e-04
9.76562500e-03	1.00000383e-06	1.30149372e-04
9.81445313e-03	1.00636960e-06	1.30592670e-04
9.86328125e-03	1.01275709e-06	1.31038847e-04
9.91210938e-03	1.01916643e-06	1.31487912e-04
9.96093750e-03	1.02559778e-06	1.31939878e-04
1.00097656e-02	1.03205126e-06	1.32394754e-04
1.00585938e-02	1.03852702e-06	1.32852551e-04
1.01074219e-02	1.04502521e-06	1.33313281e-04
1.01562500e-02	1.05154597e-06	1.33776953e-04
1.02050781e-02	1.05808944e-06	1.34243580e-04
1.02539062e-02	1.06465577e-06	1.34713172e-04
1.03027344e-02	1.07124510e-06	1.35185741e-04
1.03515625e-02	1.07785757e-06	1.35661298e-04
1.04003906e-02	1.08449334e-06	1.36139853e-04
1.04492188e-02	1.09115255e-06	1.36621419e-04
1.04980469e-02	1.09783535e-06	1.37106007e-04
1.05468750e-02	1.10454189e-06	1.37593629e-04
1.05957031e-02	1.11127230e-06	1.38084296e-04
1.06445313e-02	1.11802676e-06	1.38578019e-04
1.06933594e-02	1.12480539e-06	1.39074811e-04
1.07421875e-02	1.13160836e-06	1.39574684e-04
1.07910156e-02	1.13843580e-06	1.40077649e-04
1.08398438e-02	1.14528789e-06	1.40583718e-04
1.08886719e-02	1.15216476e-06	1.41092903e-04
1.09375000e-02	1.15906657e-06	1.41605218e-04
1.09863281e-02	1.16599347e-06	1.42120672e-04
1.10351563e-02	1.17294562e-06	1.42639280e-04
1.10839844e-02	1.17992317e-06	1.43161053e-04
1.11328125e-02	1.18692627e-06	1.43686004e-04
1.11816406e-02	1.19395508e-06	1.44214146e-04
1.12304688e-02	1.20100976e-06	1.44745490e-04
1.12792969e-02	1.20809046e-06	1.45280050e-04
1.13281250e-02	1.21519734e-06	1.45817838e-04
1.13769531e-02	1.22233056e-06	1.46358867e-04
1.14257813e-02	1.22949028e-06	1.46903151e-04
1.14746094e-02	1.23667665e-06	1.47450702e-04
1.15234375e-02	1.24388984e-06	1.48001532e-04
1.15722656e-02	1.25113001e-06	1.48555656e-04
1.16210938e-02	1.25839731e-06	1.49113087e-04
1.16699219e-02	1.26569191e-06	1.49673837e-04
1.17187500e-02	1.27301398e-06	1.50237920e-04
1.17675781e-02	1.28036367e-06	1.50805350e-04
1.18164063e-02	1.28774115e-06	1.51376141e-04
1.18652344e-02	1.29514658e-06	1.51950305e-04
1.19140625e-02	1.30258012e-06	1.52527856e-04
1.19628906e-02	1.31004196e-06	1.53108809e-04
1.20117188e-02	1.31753224e-06	1.53693177e-04
1.20605469e-02	1.32505114e-06	1.54280974e-04
1.21093750e-02	1.33259883e-06	1.54872214e-04
1.21582031e-02	1.34017546e-06	1.55466912e-04
1.22070312e-02	1.34778123e-06	1.56065081e-04
1.22558594e-02	1.35541628e-06	1.56666736e-04
1.23046875e-02	1.36308080e-06	1.57271891e-04
1.23535156e-02	1.37077495e-06	1.57880560e-04
1.24023438e-02	1.37849891e-06	1.58492759e-04
1.24511719e-02	1.38625284e-06	1.59108501e-04
1.25000000e-02	1.39403693e-06	1.59727802e-04
1.25488281e-02	1.40185135e-06	1.60350676e-04
1.25976563e-02	1.40969627e-06	1.60977138e-04
1.26464844e-02	1.41757186e-06	1.61607204e-04
1.26953125e-02	1.42547831e-06	1.62240887e-04
1.27441406e-02	1.43341579e-06	1.62878204e-04
1.27929688e-02	1.44138447e-06	1.63519170e-04
1.28417969e-02	1.44938454e-06	1.64163799e-04
1.28906250e-02	1.45741618e-06	1.64812107e-04
1.29394531e-02	1.46547957e-06	1.65464111e-04
1.29882813e-02	1.47357488e-06	1.66119825e-04
1.30371094e-02	1.48170230e-06	1.66779265e-04
1.30859375e-02	1.48986201e-06	1.67442446e-04
1.31347656e-02	1.49805419e-06	1.68109386e-04
1.31835938e-02	1.50627903e-06	1.68780099e-04
1.32324219e-02	1.51453671e-06	1.69454602e-04
1.32812500e-02	1.52282743e-06	1.70132910e-04
1.33300781e-02	1.53115135e-06	1.70815041e-04
1.33789063e-02	1.53950868e-06	1.71501010e-04
1.34277344e-02	1.54789959e-06	1.72190834e-04
1.34765625e-02	1.55632428e-06	1.72884529e-04
1.35253906e-02	1.56478294e-06	1.73582112e-04
1.35742188e-02	1.57327575e-06	1.74283600e-04
1.36230469e-02	1.58180292e-06	1.74989009e-04
1.36718750e-02	1.59036462e-06	1.75698356e-04
1.37207031e-02	1.59896106e-06	1.76411659e-04
1.37695313e-02	1.60759242e-06	1.77128934e-04
1.38183594e-02	1.61625890e-06	1.77850198e-04
1.38671875e-02	1.62496070e-06	1.78575469e-04
1.39160156e-02	1.63369801e-06	1.79304765e-04
1.39648438e-02	1.64247103e-06	1.80038102e-04
1.40136719e-02	1.65127996e-06	1.80775498e-04
1.40625000e-02	1.66012499e-06	1.81516971e-04
1.41113281e-02	1.66900632e-06	1.82262539e-04
1.41601562e-02	1.67792416e-06	1.83012219e-04
1.42089844e-02	1.68687871e-06	1.83766030e-04
1.42578125e-02	1.69587017e-06	1.84523989e-04
1.43066406e-02	1.70489873e-06	1.85286115e-04
1.43554688e-02	1.71396462e-06	1.86052426e-04
1.44042969e-02	1.72306802e-06	1.86822940e-04
1.44531250e-02	1.73220915e-06	1.87597676e-04
1.45019531e-02	1.74138821e-06	1.88376652e-04
1.45507813e-02	1.75060541e-06	1.89159888e-04
1.45996094e-02	1.75986096e-06	1.89947401e-04
1.46484375e-02	1.76915506e-06	1.90739211e-04
1.46972656e-02	1.77848794e-06	1.91535336e-04
1.47460938e-02	1.78785979e-06	1.92335796e-04
1.47949219e-02	1.79727084e-06	1.93140611e-04
1.48437500e-02	1.80672129e-06	1.93949798e-04
1.48925781e-02	1.81621135e-06	1.94763378e-04
1.49414063e-02	1.82574126e-06	1.95581371e-04
1.49902344e-02	1.83531121e-06	1.96403795e-04
1.50390625e-02	1.84492142e-06	1.97230671e-04
1.50878906e-02	1.85457212e-06	1.98062018e-04
1.51367188e-02	1.86426353e-06	1.98897857e-04
1.51855469e-02	1.87399585e-06	1.99738207e-04
1.52343750e-02	1.88376932e-06	2.00583088e-04
1.52832031e-02	1.89358415e-06	2.01432522e-04
1.53320313e-02	1.90344058e-06	2.02286528e-04
1.53808594e-02	1.91333881e-06	2.03145126e-04
1.54296875e-02	1.92327908e-06	2.04008338e-04
1.54785156e-02	1.93326161e-06	2.04876184e-04
1.55273438e-02	1.94328663e-06	2.05748685e-04
1.55761719e-02	1.95335437e-06	2.06625862e-04
1.56250000e-02	1.96346506e-06	2.07507736e-04
1.56738281e-02	1.97361891e-06	2.08394329e-04
1.57226563e-02	1.98381618e-06	2.09285660e-04
1.57714844e-02	1.99405708e-06	2.10181753e-04
1.58203125e-02	2.00434186e-06	2.11082628e-04
1.58691406e-02	2.01467074e-06	2.11988307e-04
1.59179688e-02	2.02504396e-06	2.12898812e-04
1.59667969e-02	2.03546176e-06	2.13814164e-04
1.60156250e-02	2.04592437e-06	2.14734387e-04
1.60644531e-02	2.05643203e-06	2.15659501e-04
1.61132812e-02	2.06698499e-06	2.16589529e-04
1.61621094e-02	2.07758347e-06	2.17524494e-04
1.62109375e-02	2.08822773e-06	2.18464418e-04
1.62597656e-02	2.09891801e-06	2.19409323e-04
1.63085937e-02	2.10965455e-06	2.20359232e-04
1.63574219e-02	2.12043759e-06	2.21314169e-04
1.64062500e-02	2.13126738e-06	2.22274155e-04
1.64550781e-02	2.14214417e-06	2.23239215e-04
1.65039063e-02	2.15306821e-06	2.24209372e-04
1.65527344e-02	2.16403975e-06	2.25184647e-04
1.66015625e-02	2.17505903e-06	2.26165067e-04
1.66503906e-02	2.18612630e-06	2.27150653e-04
1.66992188e-02	2.19724183e-06	2.28141429e-04
1.67480469e-02	2.20840587e-06	2.29137420e-04
1.67968750e-02	2.21961866e-06	2.30138649e-04
1.68457031e-02	2.23088047e-06	2.31145141e-04
1.68945313e-02	2.24219156e-06	2.32156919e-04
1.69433594e-02	2.25355218e-06	2.33174008e-04
1.69921875e-02	2.26496259e-06	2.34196433e-04
1.70410156e-02	2.27642305e-06	2.35224218e-04
1.70898438e-02	2.28793383e-06	2.36257388e-04
1.71386719e-02	2.29949520e-06	2.37295968e-04
1.71875000e-02	2.31110740e-06	2.38339982e-04
1.72363281e-02	2.32277072e-06	2.39389456e-04
1.72851562e-02	2.33448541e-06	2.40444416e-04
1.73339844e-02	2.34625175e-06	2.41504886e-04
1.73828125e-02	2.35807001e-06	2.42570893e-04
1.74316406e-02	2.36994045e-06	2.43642461e-04
1.74804688e-02	2.38186335e-06	2.44719617e-04
1.75292969e-02	2.39383899e-06	2.45802387e-04
1.75781250e-02	2.40586763e-06	2.46890797e-04
1.76269531e-02	2.41794956e-06	2.47984872e-04
1.76757813e-02	2.43008504e-06	2.49084640e-04
1.77246094e-02	2.44227437e-06	2.50190127e-04
1.77734375e-02	2.45451781e-06	2.51301360e-04
1.78222656e-02	2.46681566e-06	2.52418365e-04
1.78710938e-02	2.47916819e-06	2.53541169e-04
1.79199219e-02	2.49157568e-06	2.54669800e-04
1.79687500e-02	2.50403843e-06	2.55804284e-04
1.80175781e-02	2.51655671e-06	2.56944650e-04
1.80664062e-02	2.52913082e-06	2.58090923e-04
1.81152344e-02	2.54176105e-06	2.59243133e-04
1.81640625e-02	2.55444768e-06	2.60401307e-04
1.82128906e-02	2.56719101e-06	2.61565473e-04
1.82617187e-02	2.57999133e-06	2.62735659e-04
1.83105469e-02	2.59284894e-06	2.63911894e-04
1.83593750e-02	2.60576412e-06	2.65094204e-04
1.84082031e-02	2.61873719e-06	2.66282621e-04
1.84570313e-02	2.63176844e-06	2.67477171e-04
1.85058594e-02	2.64485816e-06	2.68677883e-04
1.85546875e-02	2.65800666e-06	2.69884788e-04
1.86035156e-02	2.67121425e-06	2.71097913e-04
1.86523438e-02	2.68448122e-06	2.72317289e-04
1.87011719e-02	2.69780789e-06	2.73542944e-04
1.87500000e-02	2.71119455e-06	2.74774909e-04
1.87988281e-02	2.72464153e-06	2.76013213e-04
1.88476563e-02	2.73814912e-06	2.77257885e-04
1.88964844e-02	2.75171765e-06	2.78508957e-04
1.89453125e-02	2.76534742e-06	2.79766458e-04
1.89941406e-02	2.77903875e-06	2.81030418e-04
1.90429688e-02	2.79279195e-06	2.82300869e-04
1.90917969e-02	2.80660735e-06	2.83577840e-04
1.91406250e-02	2.82048526e-06	2.84861364e-04
1.91894531e-02	2.83442601e-06	2.86151470e-04
1.92382813e-02	2.84842990e-06	2.87448191e-04
1.92871094e-02	2.86249728e-06	2.88751556e-04
1.93359375e-02	2.87662846e-06	2.90061599e-04
1.93847656e-02	2.89082377e-06	2.91378350e-04
1.94335938e-02	2.90508354e-06	2.92701842e-04
1.94824219e-02	2.91940810e-06	2.94032106e-04
1.95312500e-02	2.93379778e-06	2.95369174e-04
1.95800781e-02	2.94825292e-06	2.96713080e-04
1.96289063e-02	2.96277384e-06	2.98063855e-04
1.96777344e-02	2.97736088e-06	2.99421533e-04
1.97265625e-02	2.99201439e-06	3.00786145e-04
1.97753906e-02	3.00673470e-06	3.02157726e-04
1.98242188e-02	3.02152215e-06	3.03536308e-04
1.98730469e-02	3.03637709e-06	3.04921924e-04
1.99218750e-02	3.05129986e-06	3.06314609e-04
1.99707031e-02	3.06629080e-06	3.07714396e-04
2.00195312e-02	3.08135026e-06	3.09121318e-04
2.00683594e-02	3.09647860e-06	3.10535410e-04
2.01171875e-02	3.11167616e-06	3.11956707e-04
2.01660156e-02	3.12694330e-06	3.13385242e-04
2.02148438e-02	3.14228037e-06	3.14821051e-04
2.02636719e-02	3.15768772e-06	3.16264167e-04
2.03125000e-02	3.17316572e-06	3.17714626e-04
2.03613281e-02	3.18871472e-06	3.19172464e-04
2.04101563e-02	3.20433509e-06	3.20637714e-04
2.04589844e-02	3.22002718e-06	3.22110414e-04
2.05078125e-02	3.23579136e-06	3.23590598e-04
2.05566406e-02	3.25162801e-06	3.25078303e-04
2.06054688e-02	3.26753748e-06	3.26573564e-04
2.06542969e-02	3.28352014e-06	3.28076419e-04
2.07031250e-02	3.29957638e-06	3.29586902e-04
2.07519531e-02	3.31570655e-06	3.31105052e-04
2.08007813e-02	3.33191104e-06	3.32630904e-04
2.08496094e-02	3.34819023e-06	3.34164495e-04
2.08984375e-02	3.36454448e-06	3.35705864e-04
2.09472656e-02	3.38097419e-06	3.37255047e-04
2.09960938e-02	3.39747974e-06	3.38812082e-04
2.10449219e-02	3.41406150e-06	3.40377007e-04
2.10937500e-02	3.43071987e-06	3.41949859e-04
2.11425781e-02	3.44745524e-06	3.43530677e-04
2.11914063e-02	3.46426799e-06	3.45119499e-04
2.12402344e-02	3.48115851e-06	3.46716364e-04
2.12890625e-02	3.49812720e-06	3.48321310e-04
2.13378906e-02	3.51517446e-06	3.49934377e-04
2.13867188e-02	3.53230068e-06	3.51555604e-04
2.14355469e-02	3.54950626e-06	3.53185029e-04
2.14843750e-02	3.56679161e-06	3.54822693e-04
2.15332031e-02	3.58415712e-06	3.56468635e-04
2.15820313e-02	3.60160320e-06	3.58122896e-04
2.16308594e-02	3.61913026e-06	3.59785515e-04
2.16796875e-02	3.63673871e-06	3.61456533e-04
2.17285156e-02	3.65442896e-06	3.63135991e-04
2.17773438e-02	3.67220142e-06	3.64823929e-04
2.18261719e-02	3.69005650e-06	3.66520388e-04
2.18750000e-02	3.70799463e-06	3.68225409e-04
2.19238281e-02	3.72601623e-06	3.69939035e-04
2.19726562e-02	3.74412170e-06	3.71661306e-04
2.20214844e-02	3.76231149e-06	3.73392264e-04
2.20703125e-02	3.78058600e-06	3.75131952e-04
2.21191406e-02	3.79894568e-06	3.76880412e-04
2.21679688e-02	3.81739095e-06	3.78637687e-04
2.22167969e-02	3.83592223e-06	3.80403818e-04
2.22656250e-02	3.85453998e-06	3.82178849e-04
2.23144531e-02	3.87324461e-06	3.83962824e-04
2.23632813e-02	3.89203656e-06	3.85755785e-04
2.24121094e-02	3.91091629e-06	3.87557777e-04
2.24609375e-02	3.92988422e-06	3.89368842e-04
2.25097656e-02	3.94894081e-06	3.91189026e-04
2.25585938e-02	3.96808650e-06	3.93018371e-04
2.26074219e-02	3.98732174e-06	3.94856924e-04
2.26562500e-02	4.00664697e-06	3.96704729e-04
2.27050781e-02	4.02606266e-06	3.98561830e-04
2.27539063e-02	4.04556926e-06	4.00428273e-04
2.28027344e-02	4.06516721e-06	4.02304103e-04
2.28515625e-02	4.08485700e-06	4.04189366e-04
2.29003906e-02	4.10463906e-06	4.06084108e-04
2.29492188e-02	4.12451388e-06	4.07988375e-04
2.29980469e-02	4.14448191e-06	4.09902214e-04
2.30468750e-02	4.16454363e-06	4.11825670e-04
2.30957031e-02	4.18469950e-06	4.13758791e-04
2.31445313e-02	4.20495000e-06	4.15701624e-04
2.31933594e-02	4.22529560e-06	4.17654216e-04
2.32421875e-02	4.24573678e-06	4.19616615e-04
2.32910156e-02	4.26627402e-06	4.21588869e-04
2.33398438e-02	4.28690781e-06	4.23571025e-04
2.33886719e-02	4.30763863e-06	4.25563133e-04
2.34375000e-02	4.32846695e-06	4.27565239e-04
2.34863281e-02	4.34939329e-06	4.29577394e-04
2.35351563e-02	4.37041812e-06	4.31599647e-04
2.35839844e-02	4.39154194e-06	4.33632046e-04
2.36328125e-02	4.41276525e-06	4.35674642e-04
2.36816406e-02	4.43408854e-06	4.37727483e-04
2.37304688e-02	4.45551232e-06	4.39790621e-04
2.37792969e-02	4.47703710e-06	4.41864105e-04
2.38281250e-02	4.49866337e-06	4.43947986e-04
2.38769531e-02	4.52039165e-06	4.46042315e-04
2.39257812e-02	4.54222244e-06	4.48147142e-04
2.39746094e-02	4.56415627e-06	4.50262520e-04
2.40234375e-02	4.58619365e-06	4.52388500e-04
2.40722656e-02	4.60833510e-06	4.54525134e-04
2.41210938e-02	4.63058113e-06	4.56672473e-04
2.41699219e-02	4.65293228e-06	4.58830571e-04
2.42187500e-02	4.67538907e-06	4.60999480e-04
2.42675781e-02	4.69795203e-06	4.63179253e-04
2.43164063e-02	4.72062169e-06	4.65369942e-04
2.43652344e-02	4.74339858e-06	4.67571603e-04
2.44140625e-02	4.76628324e-06	4.69784288e-04
2.44628906e-02	4.78927622e-06	4.72008051e-04
2.45117188e-02	4.81237805e-06	4.74242947e-04
2.45605469e-02	4.83558928e-06	4.76489030e-04
2.46093750e-02	4.85891046e-06	4.78746356e-04
2.46582031e-02	4.88234213e-06	4.81014978e-04
2.47070313e-02	4.90588486e-06	4.83294954e-04
2.47558594e-02	4.92953918e-06	4.85586338e-04
2.48046875e-02	4.95330568e-06	4.87889186e-04
2.48535156e-02	4.97718489e-06	4.90203555e-04
2.49023438e-02	5.00117740e-06	4.92529501e-04
2.49511719e-02	5.02528376e-06	4.94867082e-04
2.50000000e-02	5.04950455e-06	4.97216353e-04
2.50488281e-02	5.07384033e-06	4.99577373e-04
2.50976563e-02	5.09829169e-06	5.01950200e-04
2.51464844e-02	5.12285920e-06	5.04334891e-04
2.51953125e-02	5.14754343e-06	5.06731505e-04
2.52441406e-02	5.17234499e-06	5.09140100e-04
2.52929688e-02	5.19726444e-06	5.11560736e-04
2.53417969e-02	5.22230239e-06	5.13993470e-04
2.53906250e-02	5.24745941e-06	5.16438364e-04
2.54394531e-02	5.27273612e-06	5.18895477e-04
2.54882813e-02	5.29813310e-06	5.21364868e-04
2.55371094e-02	5.32365096e-06	5.23846599e-04
2.55859375e-02	5.34929030e-06	5.26340730e-04
2.56347656e-02	5.37505172e-06	5.28847322e-04
2.56835938e-02	5.40093585e-06	5.31366436e-04
2.57324219e-02	5.42694328e-06	5.33898134e-04
2.57812500e-02	5.45307465e-06	5.36442479e-04
2.58300781e-02	5.47933056e-06	5.38999531e-04
2.58789062e-02	5.50571163e-06	5.41569355e-04
2.59277344e-02	5.53221850e-06	5.44152012e-04
2.59765625e-02	5.55885179e-06	5.46747567e-04
2.60253906e-02	5.58561213e-06	5.49356082e-04
2.60742188e-02	5.61250016e-06	5.51977622e-04
2.61230469e-02	5.63951652e-06	5.54612251e-04
2.61718750e-02	5.66666184e-06	5.57260033e-04
2.62207031e-02	5.69393677e-06	5.59921033e-04
2.62695313e-02	5.72134195e-06	5.62595317e-04
2.63183594e-02	5.74887804e-06	5.65282949e-04
2.63671875e-02	5.77654569e-06	5.67983996e-04
2.64160156e-02	5.80434556e-06	5.70698524e-04
2.64648438e-02	5.83227830e-06	5.73426600e-04
2.65136719e-02	5.86034458e-06	5.76168290e-04
2.65625000e-02	5.88854507e-06	5.78923662e-04
2.66113281e-02	5.91688043e-06	5.81692782e-04
2.66601563e-02	5.94535134e-06	5.84475720e-04
2.67089844e-02	5.97395848e-06	5.87272543e-04
2.67578125e-02	6.00270252e-06	5.90083320e-04
2.68066406e-02	6.03158414e-06	5.92908120e-04
2.68554688e-02	6.06060404e-06	5.95747011e-04
2.69042969e-02	6.08976291e-06	5.98600065e-04
2.69531250e-02	6.11906143e-06	6.01467350e-04
2.70019531e-02	6.14850030e-06	6.04348937e-04
2.70507813e-02	6.17808023e-06	6.07244897e-04
2.70996094e-02	6.20780192e-06	6.10155301e-04
2.71484375e-02	6.23766606e-06	6.13080220e-04
2.71972656e-02	6.26767339e-06	6.16019726e-04
2.72460938e-02	6.29782460e-06	6.18973891e-04
2.72949219e-02	6.32812042e-06	6.21942788e-04
2.73437500e-02	6.35856156e-06	6.24926489e-04
2.73925781e-02	6.38914876e-06	6.27925068e-04
2.74414063e-02	6.41988273e-06	6.30938599e-04
2.74902344e-02	6.45076422e-06	6.33967155e-04
2.75390625e-02	6.48179396e-06	6.37010811e-04
2.75878906e-02	6.51297268e-06	6.40069641e-04
2.76367188e-02	6.54430113e-06	6.43143721e-04
2.76855469e-02	6.57578006e-06	6.46233126e-04
2.77343750e-02	6.60741021e-06	6.49337933e-04
2.77832031e-02	6.63919234e-06	6.52458217e-04
2.78320312e-02	6.67112721e-06	6.55594055e-04
2.78808594e-02	6.70321558e-06	6.58745523e-04
2.79296875e-02	6.73545821e-06	6.61912701e-04
2.79785156e-02	6.76785588e-06	6.65095665e-04
2.80273438e-02	6.80040935e-06	6.68294493e-04
2.80761719e-02	6.83311940e-06	6.71509265e-04
2.81250000e-02	6.86598682e-06	6.74740059e-04
2.81738281e-02	6.89901238e-06	6.77986955e-04
2.82226563e-02	6.93219687e-06	6.81250033e-04
2.82714844e-02	6.96554110e-06	6.84529372e-04
2.83203125e-02	6.99904585e-06	6.87825054e-04
2.83691406e-02	7.03271191e-06	6.91137159e-04
2.84179688e-02	7.06654011e-06	6.94465769e-04
2.84667969e-02	7.10053124e-06	6.97810966e-04
2.85156250e-02	7.13468612e-06	7.01172832e-04
2.85644531e-02	7.16900556e-06	7.04551450e-04
2.86132813e-02	7.20349038e-06	7.07946903e-04
2.86621094e-02	7.23814141e-06	7.11359274e-04
2.87109375e-02	7.27295948e-06	7.14788648e-04
2.87597656e-02	7.30794541e-06	7.18235109e-04
2.88085938e-02	7.34310004e-06	7.21698742e-04
2.88574219e-02	7.37842422e-06	7.25179632e-04
2.89062500e-02	7.41391879e-06	7.28677864e-04
2.89550781e-02	7.44958460e-06	7.32193525e-04
2.90039063e-02	7.48542249e-06	7.35726702e-04
2.90527344e-02	7.52143334e-06	7.39277481e-04
2.91015625e-02	7.55761799e-06	7.42845950e-04
2.91503906e-02	7.59397732e-06	7.46432196e-04
2.91992188e-02	7.63051220e-06	7.50036309e-04
2.92480469e-02	7.66722349e-06	7.53658377e-04
2.92968750e-02	7.70411209e-06	7.57298488e-04
2.93457031e-02	7.74117887e-06	7.60956733e-04
2.93945313e-02	7.77842471e-06	7.64633203e-04
2.94433594e-02	7.81585052e-06	7.68327986e-04
2.94921875e-02	7.85345719e-06	7.72041175e-04
2.95410156e-02	7.89124562e-06	7.75772862e-04
2.95898438e-02	7.92921672e-06	7.79523137e-04
2.96386719e-02	7.96737138e-06	7.83292094e-04
2.96875000e-02	8.00571054e-06	7.87079825e-04
2.97363281e-02	8.04423511e-06	7.90886424e-04
2.97851562e-02	8.08294601e-06	7.94711984e-04
2.98339844e-02	8.12184417e-06	7.98556601e-04
2.98828125e-02	8.16093052e-06	8.02420368e-04
2.99316406e-02	8.20020600e-06	8.06303382e-04
2.99804688e-02	8.23967156e-06	8.10205737e-04
3.00292969e-02	8.27932813e-06	8.14127530e-04
3.00781250e-02	8.31917667e-06	8.18068858e-04
3.01269531e-02	8.35921815e-06	8.22029818e-04
3.01757813e-02	8.39945350e-06	8.26010508e-04
3.02246094e-02	8.43988372e-06	8.30011026e-04
3.02734375e-02	8.48050976e-06	8.34031471e-04
3.03222656e-02	8.52133259e-06	8.38071942e-04
3.03710938e-02	8.56235321e-06	8.42132538e-04
3.04199219e-02	8.60357259e-06	8.46213360e-04
3.04687500e-02	8.64499173e-06	8.50314509e-04
3.05175781e-02	8.68661162e-06	8.54436086e-04
3.05664063e-02	8.72843326e-06	8.58578193e-04
3.06152344e-02	8.77045765e-06	8.62740931e-04
3.06640625e-02	8.81268581e-06	8.66924405e-04
3.07128906e-02	8.85511874e-06	8.71128716e-04
3.07617188e-02	8.89775748e-06	8.75353969e-04
3.08105469e-02	8.94060304e-06	8.79600269e-04
3.08593750e-02	8.98365646e-06	8.83867720e-04
3.09082031e-02	9.02691877e-06	8.88156427e-04
3.09570313e-02	9.07039101e-06	8.92466497e-04
3.10058594e-02	9.11407422e-06	8.96798036e-04
3.10546875e-02	9.15796947e-06	9.01151151e-04
3.11035156e-02	9.20207780e-06	9.05525949e-04
3.11523438e-02	9.24640027e-06	9.09922540e-04
3.12011719e-02	9.29093795e-06	9.14341031e-04
3.12500000e-02	9.33569192e-06	9.18781531e-04
3.12988281e-02	9.38066325e-06	9.23244151e-04
3.13476563e-02	9.42585303e-06	9.27729001e-04
3.13964844e-02	9.47126233e-06	9.32236191e-04
3.14453125e-02	9.51689227e-06	9.36765834e-04
3.14941406e-02	9.56274392e-06	9.41318041e-04
3.15429688e-02	9.60881841e-06	9.45892924e-04
3.15917969e-02	9.65511683e-06	9.50490597e-04
3.16406250e-02	9.70164032e-06	9.55111174e-04
3.16894531e-02	9.74838997e-06	9.59754769e-04
3.17382812e-02	9.79536693e-06	9.64421497e-04
3.17871094e-02	9.84257233e-06	9.69111473e-04
3.18359375e-02	9.89000729e-06	9.73824813e-04
3.18847656e-02	9.93767298e-06	9.78561634e-04
3.19335938e-02	9.98557053e-06	9.83322053e-04
3.19824219e-02	1.00337011e-05	9.88106188e-04
3.20312500e-02	1.00820659e-05	9.92914158e-04
3.20800781e-02	1.01306660e-05	9.97746081e-04
3.21289062e-02	1.01795026e-05	1.00260208e-03
3.21777344e-02	1.02285769e-05	1.00748227e-03
3.22265625e-02	1.02778901e-05	1.01238677e-03
3.22753906e-02	1.03274434e-05	1.01731571e-03
3.23242188e-02	1.03772380e-05	1.02226921e-03
3.23730469e-02	1.04272750e-05	1.02724738e-03
3.24218750e-02	1.04775557e-05	1.03225036e-03
3.24707031e-02	1.05280813e-05	1.03727827e-03
3.25195313e-02	1.05788530e-05	1.04233123e-03
3.25683594e-02	1.06298721e-05	1.04740937e-03
3.26171875e-02	1.06811397e-05	1.05251281e-03
3.26660156e-02	1.07326571e-05	1.05764168e-03
3.27148438e-02	1.07844256e-05	1.06279610e-03
3.27636719e-02	1.08364464e-05	1.06797622e-03
3.28125000e-02	1.08887208e-05	1.07318214e-03
3.28613281e-02	1.09412500e-05	1.07841400e-03
3.29101563e-02	1.09940353e-05	1.08367194e-03
3.29589844e-02	1.10470780e-05	1.08895608e-03
3.30078125e-02	1.11003793e-05	1.09426655e-03
3.30566406e-02	1.11539406e-05	1.09960349e-03
3.31054687e-02	1.12077631e-05	1.10496702e-03
3.31542969e-02	1.12618482e-05	1.11035728e-03
3.32031250e-02	1.13161971e-05	1.11577441e-03
3.32519531e-02	1.13708112e-05	1.12121853e-03
3.33007813e-02	1.14256918e-05	1.12668979e-03
3.33496094e-02	1.14808402e-05	1.13218832e-03
3.33984375e-02	1.15362577e-05	1.13771425e-03
3.34472656e-02	1.15919458e-05	1.14326772e-03
3.34960938e-02	1.16479056e-05	1.14884888e-03
3.35449219e-02	1.17041387e-05	1.15445785e-03
3.35937500e-02	1.17606463e-05	1.16009478e-03
3.36425781e-02	1.18174299e-05	1.16575980e-03
3.36914062e-02	1.18744908e-05	1.17145307e-03
3.37402344e-02	1.19318303e-05	1.17717471e-03
3.37890625e-02	1.19894499e-05	1.18292488e-03
3.38378906e-02	1.20473510e-05	1.18870371e-03
3.38867188e-02	1.21055350e-05	1.19451135e-03
3.39355469e-02	1.21640032e-05	1.20034794e-03
3.39843750e-02	1.22227572e-05	1.20621363e-03
3.40332031e-02	1.22817982e-05	1.21210856e-03
3.40820312e-02	1.23411279e-05	1.21803287e-03
3.41308594e-02	1.24007475e-05	1.22398673e-03
3.41796875e-02	1.24606585e-05	1.22997027e-03
3.42285156e-02	1.25208625e-05	1.23598364e-03
3.42773438e-02	1.25813608e-05	1.24202699e-03
3.43261719e-02	1.26421549e-05	1.24810048e-03
3.43750000e-02	1.27032463e-05	1.25420425e-03
3.44238281e-02	1.27646365e-05	1.26033845e-03
3.44726563e-02	1.28263270e-05	1.26650325e-03
3.45214844e-02	1.28883193e-05	1.27269878e-03
3.45703125e-02	1.29506148e-05	1.27892521e-03
3.46191406e-02	1.30132151e-05	1.28518268e-03
3.46679688e-02	1.30761216e-05	1.29147136e-03
3.47167969e-02	1.31393361e-05	1.29779141e-03
3.47656250e-02	1.32028599e-05	1.30414297e-03
3.48144531e-02	1.32666946e-05	1.31052620e-03
3.48632813e-02	1.33308417e-05	1.31694128e-03
3.49121094e-02	1.33953029e-05	1.32338834e-03
3.49609375e-02	1.34600796e-05	1.32986757e-03
3.50097656e-02	1.35251736e-05	1.33637910e-03
3.50585937e-02	1.35905862e-05	1.34292312e-03
3.51074219e-02	1.36563192e-05	1.34949978e-03
3.51562500e-02	1.37223741e-05	1.35610924e-03
3.52050781e-02	1.37887525e-05	1.36275167e-03
3.52539063e-02	1.38554561e-05	1.36942724e-03
3.53027344e-02	1.39224865e-05	1.37613610e-03
3.53515625e-02	1.39898452e-05	1.38287843e-03
3.54003906e-02	1.40575340e-05	1.38965440e-03
3.54492188e-02	1.41255545e-05	1.39646418e-03
3.54980469e-02	1.41939083e-05	1.40330792e-03
3.55468750e-02	1.42625971e-05	1.41018581e-03
3.55957031e-02	1.43316226e-05	1.41709802e-03
3.56445312e-02	1.44009864e-05	1.42404471e-03
3.56933594e-02	1.44706903e-05	1.43102606e-03
3.57421875e-02	1.45407359e-05	1.43804225e-03
3.57910156e-02	1.46111250e-05	1.44509344e-03
3.58398438e-02	1.46818592e-05	1.45217982e-03
3.58886719e-02	1.47529403e-05	1.45930156e-03
3.59375000e-02	1.48243700e-05	1.46645884e-03
3.59863281e-02	1.48961500e-05	1.47365183e-03
3.60351562e-02	1.49682822e-05	1.48088072e-03
3.60839844e-02	1.50407682e-05	1.48814569e-03
3.61328125e-02	1.51136098e-05	1.49544691e-03
3.61816406e-02	1.51868088e-05	1.50278458e-03
3.62304688e-02	1.52603670e-05	1.51015886e-03
3.62792969e-02	1.53342861e-05	1.51756995e-03
3.63281250e-02	1.54085681e-05	1.52501803e-03
3.63769531e-02	1.54832146e-05	1.53250329e-03
3.64257813e-02	1.55582275e-05	1.54002591e-03
3.64746094e-02	1.56336087e-05	1.54758608e-03
3.65234375e-02	1.57093599e-05	1.55518399e-03
3.65722656e-02	1.57854830e-05	1.56281982e-03
3.66210938e-02	1.58619799e-05	1.57049378e-03
3.66699219e-02	1.59388525e-05	1.57820604e-03
3.67187500e-02	1.60161026e-05	1.58595681e-03
3.67675781e-02	1.60937320e-05	1.59374627e-03
3.68164063e-02	1.61717428e-05	1.60157463e-03
3.68652344e-02	1.62501368e-05	1.60944206e-03
3.69140625e-02	1.63289158e-05	1.61734878e-03
3.69628906e-02	1.64080819e-05	1.62529498e-03
3.70117187e-02	1.64876370e-05	1.63328086e-03
3.70605469e-02	1.65675830e-05	1.64130661e-03
3.71093750e-02	1.66479218e-05	1.64937244e-03
3.71582031e-02	1.67286555e-05	1.65747855e-03
3.72070313e-02	1.68097860e-05	1.66562513e-03
3.72558594e-02	1.68913152e-05	1.67381241e-03
3.73046875e-02	1.69732452e-05	1.68204056e-03
3.73535156e-02	1.70555780e-05	1.69030982e-03
3.74023438e-02	1.71383155e-05	1.69862037e-03
3.74511719e-02	1.72214599e-05	1.70697243e-03
3.75000000e-02	1.73050131e-05	1.71536621e-03
3.75488281e-02	1.73889771e-05	1.72380191e-03
3.75976562e-02	1.74733541e-05	1.73227975e-03
3.76464844e-02	1.75581461e-05	1.74079994e-03
3.76953125e-02	1.76433552e-05	1.74936268e-03
3.77441406e-02	1.77289834e-05	1.75796821e-03
3.77929688e-02	1.78150328e-05	1.76661672e-03
3.78417969e-02	1.79015056e-05	1.77530844e-03
3.78906250e-02	1.79884038e-05	1.78404358e-03
3.79394531e-02	1.80757297e-05	1.79282236e-03
3.79882813e-02	1.81634852e-05	1.80164501e-03
3.80371094e-02	1.82516726e-05	1.81051174e-03
3.80859375e-02	1.83402941e-05	1.81942276e-03
3.81347656e-02	1.84293517e-05	1.82837832e-03
3.81835938e-02	1.85188477e-05	1.83737862e-03
3.82324219e-02	1.86087843e-05	1.84642390e-03
3.82812500e-02	1.86991637e-05	1.85551438e-03
3.83300781e-02	1.87899880e-05	1.86465029e-03
3.83789063e-02	1.88812595e-05	1.87383185e-03
3.84277344e-02	1.89729805e-05	1.88305930e-03
3.84765625e-02	1.90651532e-05	1.89233287e-03
3.85253906e-02	1.91577798e-05	1.90165279e-03
3.85742188e-02	1.92508626e-05	1.91101929e-03
3.86230469e-02	1.93444039e-05	1.92043260e-03
3.86718750e-02	1.94384060e-05	1.92989297e-03
3.87207031e-02	1.95328712e-05	1.93940062e-03
3.87695313e-02	1.96278017e-05	1.94895580e-03
3.88183594e-02	1.97232000e-05	1.95855875e-03
3.88671875e-02	1.98190684e-05	1.96820970e-03
3.89160156e-02	1.99154092e-05	1.97790890e-03
3.89648438e-02	2.00122248e-05	1.98765659e-03
3.90136719e-02	2.01095175e-05	1.99745301e-03
3.90625000e-02	2.02072897e-05	2.00729841e-03
3.91113281e-02	2.03055439e-05	2.01719304e-03
3.91601563e-02	2.04042824e-05	2.02713714e-03
3.92089844e-02	2.05035077e-05	2.03713097e-03
3.92578125e-02	2.06032222e-05	2.04717476e-03
3.93066406e-02	2.07034284e-05	2.05726878e-03
3.93554688e-02	2.08041286e-05	2.06741328e-03
3.94042969e-02	2.09053254e-05	2.07760851e-03
3.94531250e-02	2.10070213e-05	2.08785472e-03
3.95019531e-02	2.11092188e-05	2.09815218e-03
3.95507812e-02	2.12119203e-05	2.10850114e-03
3.95996094e-02	2.13151283e-05	2.11890186e-03
3.96484375e-02	2.14188455e-05	2.12935460e-03
3.96972656e-02	2.15230744e-05	2.13985962e-03
3.97460938e-02	2.16278175e-05	2.15041719e-03
3.97949219e-02	2.17330774e-05	2.16102756e-03
3.98437500e-02	2.18388566e-05	2.17169102e-03
3.98925781e-02	2.19451579e-05	2.18240782e-03
3.99414063e-02	2.20519837e-05	2.19317823e-03
3.99902344e-02	2.21593367e-05	2.20400252e-03
4.00390625e-02	2.22672196e-05	2.21488096e-03
4.00878906e-02	2.23756350e-05	2.22581383e-03
4.01367188e-02	2.24845856e-05	2.23680141e-03
4.01855469e-02	2.25940740e-05	2.24784395e-03
4.02343750e-02	2.27041030e-05	2.25894175e-03
4.02832031e-02	2.28146752e-05	2.27009508e-03
4.03320313e-02	2.29257933e-05	2.28130423e-03
4.03808594e-02	2.30374601e-05	2.29256946e-03
4.04296875e-02	2.31496784e-05	2.30389107e-03
4.04785156e-02	2.32624509e-05	2.31526933e-03
4.05273438e-02	2.33757803e-05	2.32670454e-03
4.05761719e-02	2.34896695e-05	2.33819698e-03
4.06250000e-02	2.36041213e-05	2.34974694e-03
4.06738281e-02	2.37191384e-05	2.36135471e-03
4.07226563e-02	2.38347237e-05	2.37302058e-03
4.07714844e-02	2.39508801e-05	2.38474484e-03
4.08203125e-02	2.40676104e-05	2.39652778e-03
4.08691406e-02	2.41849175e-05	2.40836972e-03
4.09179688e-02	2.43028042e-05	2.42027093e-03
4.09667969e-02	2.44212735e-05	2.43223171e-03
4.10156250e-02	2.45403283e-05	2.44425238e-03
4.10644531e-02	2.46599715e-05	2.45633323e-03
4.11132813e-02	2.47802061e-05	2.46847456e-03
4.11621094e-02	2.49010350e-05	2.48067668e-03
4.12109375e-02	2.50224612e-05	2.49293990e-03
4.12597656e-02	2.51444876e-05	2.50526452e-03
4.13085938e-02	2.52671174e-05	2.51765085e-03
4.13574219e-02	2.53903535e-05	2.53009921e-03
4.14062500e-02	2.55141989e-05	2.54260990e-03
4.14550781e-02	2.56386568e-05	2.55518325e-03
4.15039062e-02	2.57637301e-05	2.56781956e-03
4.15527344e-02	2.58894219e-05	2.58051915e-03
4.16015625e-02	2.60157355e-05	2.59328235e-03
4.16503906e-02	2.61426737e-05	2.60610947e-03
4.16992188e-02	2.62702399e-05	2.61900084e-03
4.17480469e-02	2.63984371e-05	2.63195678e-03
4.17968750e-02	2.65272685e-05	2.64497761e-03
4.18457031e-02	2.66567373e-05	2.65806367e-03
4.18945313e-02	2.67868466e-05	2.67121528e-03
4.19433594e-02	2.69175998e-05	2.68443277e-03
4.19921875e-02	2.70489999e-05	2.69771647e-03
4.20410156e-02	2.71810503e-05	2.71106673e-03
4.20898438e-02	2.73137541e-05	2.72448386e-03
4.21386719e-02	2.74471148e-05	2.73796822e-03
4.21875000e-02	2.75811355e-05	2.75152014e-03
4.22363281e-02	2.77158196e-05	2.76513997e-03
4.22851563e-02	2.78511704e-05	2.77882803e-03
4.23339844e-02	2.79871912e-05	2.79258469e-03
4.23828125e-02	2.81238854e-05	2.80641028e-03
4.24316406e-02	2.82612564e-05	2.82030515e-03
4.24804688e-02	2.83993075e-05	2.83426965e-03
4.25292969e-02	2.85380422e-05	2.84830414e-03
4.25781250e-02	2.86774639e-05	2.86240896e-03
4.26269531e-02	2.88175761e-05	2.87658447e-03
4.26757813e-02	2.89583821e-05	2.89083103e-03
4.27246094e-02	2.90998855e-05	2.90514900e-03
4.27734375e-02	2.92420898e-05	2.91953873e-03
4.28222656e-02	2.93849985e-05	2.93400059e-03
4.28710938e-02	2.95286151e-05	2.94853494e-03
4.29199219e-02	2.96729432e-05	2.96314215e-03
4.29687500e-02	2.98179862e-05	2.97782259e-03
4.30175781e-02	2.99637479e-05	2.99257663e-03
4.30664063e-02	3.01102319e-05	3.00740463e-03
4.31152344e-02	3.02574416e-05	3.02230697e-03
4.31640625e-02	3.04053808e-05	3.03728402e-03
4.32128906e-02	3.05540532e-05	3.05233617e-03
4.32617188e-02	3.07034624e-05	3.06746380e-03
4.33105469e-02	3.08536121e-05	3.08266727e-03
4.33593750e-02	3.10045060e-05	3.09794698e-03
4.34082031e-02	3.11561478e-05	3.11330331e-03
4.34570312e-02	3.13085414e-05	3.12873665e-03
4.35058594e-02	3.14616904e-05	3.14424738e-03
4.35546875e-02	3.16155987e-05	3.15983590e-03
4.36035156e-02	3.17702700e-05	3.17550261e-03
4.36523438e-02	3.19257083e-05	3.19124788e-03
4.37011719e-02	3.20819173e-05	3.20707213e-03
4.37500000e-02	3.22389009e-05	3.22297574e-03
4.37988281e-02	3.23966629e-05	3.23895913e-03
4.38476563e-02	3.25552074e-05	3.25502269e-03
4.38964844e-02	3.27145382e-05	3.27116683e-03
4.39453125e-02	3.28746593e-05	3.28739196e-03
4.39941406e-02	3.30355746e-05	3.30369848e-03
4.40429688e-02	3.31972881e-05	3.32008680e-03
4.40917969e-02	3.33598038e-05	3.33655734e-03
4.41406250e-02	3.35231258e-05	3.35311052e-03
4.41894531e-02	3.36872580e-05	3.36974675e-03
4.42382813e-02	3.38522046e-05	3.38646645e-03
4.42871094e-02	3.40179697e-05	3.40327004e-03
4.43359375e-02	3.41845573e-05	3.42015795e-03
4.43847656e-02	3.43519716e-05	3.43713060e-03
4.44335938e-02	3.45202167e-05	3.45418842e-03
4.44824219e-02	3.46892967e-05	3.47133184e-03
4.45312500e-02	3.48592160e-05	3.48856130e-03
4.45800781e-02	3.50299787e-05	3.50587722e-03
4.46289063e-02	3.52015890e-05	3.52328005e-03
4.46777344e-02	3.53740511e-05	3.54077022e-03
4.47265625e-02	3.55473694e-05	3.55834817e-03
4.47753906e-02	3.57215482e-05	3.57601435e-03
4.48242188e-02	3.58965918e-05	3.59376921e-03
4.48730469e-02	3.60725044e-05	3.61161319e-03
4.49218750e-02	3.62492905e-05	3.62954675e-03
4.49707031e-02	3.64269545e-05	3.64757032e-03
4.50195313e-02	3.66055008e-05	3.66568438e-03
4.50683594e-02	3.67849337e-05	3.68388938e-03
4.51171875e-02	3.69652578e-05	3.70218577e-03
4.51660156e-02	3.71464776e-05	3.72057403e-03
4.52148438e-02	3.73285974e-05	3.73905461e-03
4.52636719e-02	3.75116219e-05	3.75762797e-03
4.53125000e-02	3.76955555e-05	3.77629460e-03
4.53613281e-02	3.78804029e-05	3.79505496e-03
4.54101562e-02	3.80661687e-05	3.81390952e-03
4.54589844e-02	3.82528574e-05	3.83285876e-03
4.55078125e-02	3.84404736e-05	3.85190316e-03
4.55566406e-02	3.86290221e-05	3.87104320e-03
4.56054688e-02	3.88185075e-05	3.89027937e-03
4.56542969e-02	3.90089346e-05	3.90961215e-03
4.57031250e-02	3.92003080e-05	3.92904202e-03
4.57519531e-02	3.93926325e-05	3.94856948e-03
4.58007813e-02	3.95859128e-05	3.96819503e-03
4.58496094e-02	3.97801539e-05	3.98791916e-03
4.58984375e-02	3.99753605e-05	4.00774236e-03
4.59472656e-02	4.01715374e-05	4.02766514e-03
4.59960938e-02	4.03686896e-05	4.04768800e-03
4.60449219e-02	4.05668219e-05	4.06781145e-03
4.60937500e-02	4.07659393e-05	4.08803600e-03
4.61425781e-02	4.09660467e-05	4.10836215e-03
4.61914063e-02	4.11671490e-05	4.12879042e-03
4.62402344e-02	4.13692514e-05	4.14932134e-03
4.62890625e-02	4.15723587e-05	4.16995541e-03
4.63378906e-02	4.17764761e-05	4.19069316e-03
4.63867188e-02	4.19816086e-05	4.21153511e-03
4.64355469e-02	4.21877614e-05	4.23248180e-03
4.64843750e-02	4.23949395e-05	4.25353374e-03
4.65332031e-02	4.26031481e-05	4.27469148e-03
4.65820313e-02	4.28123924e-05	4.29595554e-03
4.66308594e-02	4.30226776e-05	4.31732647e-03
4.66796875e-02	4.32340090e-05	4.33880481e-03
4.67285156e-02	4.34463917e-05	4.36039110e-03
4.67773438e-02	4.36598311e-05	4.38208588e-03
4.68261719e-02	4.38743324e-05	4.40388971e-03
4.68750000e-02	4.40899011e-05	4.42580314e-03
4.69238281e-02	4.43065424e-05	4.44782671e-03
4.69726563e-02	4.45242619e-05	4.46996100e-03
4.70214844e-02	4.47430648e-05	4.49220655e-03
4.70703125e-02	4.49629566e-05	4.51456393e-03
4.71191406e-02	4.51839429e-05	4.53703372e-03
4.71679688e-02	4.54060291e-05	4.55961647e-03
4.72167969e-02	4.56292207e-05	4.58231275e-03
4.72656250e-02	4.58535234e-05	4.60512315e-03
4.73144531e-02	4.60789426e-05	4.62804824e-03
4.73632812e-02	4.63054840e-05	4.65108860e-03
4.74121094e-02	4.65331533e-05	4.67424482e-03
4.74609375e-02	4.67619561e-05	4.69751748e-03
4.75097656e-02	4.69918981e-05	4.72090716e-03
4.75585938e-02	4.72229850e-05	4.74441447e-03
4.76074219e-02	4.74552227e-05	4.76803999e-03
4.76562500e-02	4.76886168e-05	4.79178434e-03
4.77050781e-02	4.79231733e-05	4.81564809e-03
4.77539063e-02	4.81588979e-05	4.83963188e-03
4.78027344e-02	4.83957966e-05	4.86373629e-03
4.78515625e-02	4.86338751e-05	4.88796194e-03
4.79003906e-02	4.88731396e-05	4.91230944e-03
4.79492188e-02	4.91135958e-05	4.93677942e-03
4.79980469e-02	4.93552499e-05	4.96137249e-03
4.80468750e-02	4.95981079e-05	4.98608927e-03
4.80957031e-02	4.98421757e-05	5.01093039e-03
4.81445313e-02	5.00874596e-05	5.03589648e-03
4.81933594e-02	5.03339656e-05	5.06098818e-03
4.82421875e-02	5.05816998e-05	5.08620611e-03
4.82910156e-02	5.08306685e-05	5.11155093e-03
4.83398438e-02	5.10808778e-05	5.13702326e-03
4.83886719e-02	5.13323340e-05	5.16262376e-03
4.84375000e-02	5.15850434e-05	5.18835308e-03
4.84863281e-02	5.18390123e-05	5.21421186e-03
4.85351563e-02	5.20942470e-05	5.24020077e-03
4.85839844e-02	5.23507539e-05	5.26632046e-03
4.86328125e-02	5.26085393e-05	5.29257160e-03
4.86816406e-02	5.28676098e-05	5.31895485e-03
4.87304688e-02	5.31279717e-05	5.34547088e-03
4.87792969e-02	5.33896317e-05	5.37212036e-03
4.88281250e-02	5.36525961e-05	5.39890397e-03
4.88769531e-02	5.39168717e-05	5.42582239e-03
4.89257813e-02	5.41824649e-05	5.45287630e-03
4.89746094e-02	5.44493825e-05	5.48006639e-03
4.90234375e-02	5.47176310e-05	5.50739334e-03
4.90722656e-02	5.49872172e-05	5.53485786e-03
4.91210938e-02	5.52581478e-05	5.56246063e-03
4.91699219e-02	5.55304296e-05	5.59020236e-03
4.92187500e-02	5.58040694e-05	5.61808375e-03
4.92675781e-02	5.60790741e-05	5.64610552e-03
4.93164062e-02	5.63554504e-05	5.67426836e-03
4.93652344e-02	5.66332053e-05	5.70257300e-03
4.94140625e-02	5.69123458e-05	5.73102016e-03
4.94628906e-02	5.71928787e-05	5.75961055e-03
4.95117188e-02	5.74748112e-05	5.78834490e-03
4.95605469e-02	5.77581503e-05	5.81722395e-03
4.96093750e-02	5.80429031e-05	5.84624842e-03
4.96582031e-02	5.83290766e-05	5.87541905e-03
4.97070313e-02	5.86166780e-05	5.90473659e-03
4.97558594e-02	5.89057146e-05	5.93420177e-03
4.98046875e-02	5.91961936e-05	5.96381535e-03
4.98535156e-02	5.94881221e-05	5.99357808e-03
4.99023438e-02	5.97815076e-05	6.02349071e-03
4.99511719e-02	6.00763573e-05	6.05355401e-03
5.00000000e-02	6.03726787e-05	6.08376873e-03
5.00488281e-02	6.06704791e-05	6.11413565e-03
5.00976563e-02	6.09697659e-05	6.14465553e-03
5.01464844e-02	6.12705468e-05	6.17532916e-03
5.01953125e-02	6.15728292e-05	6.20615731e-03
5.02441406e-02	6.18766207e-05	6.23714076e-03
5.02929688e-02	6.21819288e-05	6.26828030e-03
5.03417969e-02	6.24887612e-05	6.29957673e-03
5.03906250e-02	6.27971257e-05	6.33103083e-03
5.04394531e-02	6.31070298e-05	6.36264342e-03
5.04882813e-02	6.34184815e-05	6.39441528e-03
5.05371094e-02	6.37314884e-05	6.42634724e-03
5.05859375e-02	6.40460584e-05	6.45844009e-03
5.06347656e-02	6.43621994e-05	6.49069467e-03
5.06835938e-02	6.46799192e-05	6.52311177e-03
5.07324219e-02	6.49992260e-05	6.55569224e-03
5.07812500e-02	6.53201276e-05	6.58843690e-03
5.08300781e-02	6.56426320e-05	6.62134659e-03
5.08789063e-02	6.59667475e-05	6.65442213e-03
5.09277344e-02	6.62924820e-05	6.68766437e-03
5.09765625e-02	6.66198438e-05	6.72107415e-03
5.10253906e-02	6.69488410e-05	6.75465233e-03
5.10742188e-02	6.72794820e-05	6.78839976e-03
5.11230469e-02	6.76117749e-05	6.82231730e-03
5.11718750e-02	6.79457281e-05	6.85640581e-03
5.12207031e-02	6.82813499e-05	6.89066616e-03
5.12695312e-02	6.86186489e-05	6.92509921e-03
5.13183594e-02	6.89576334e-05	6.95970585e-03
5.13671875e-02	6.92983119e-05	6.99448696e-03
5.14160156e-02	6.96406930e-05	7.02944342e-03
5.14648438e-02	6.99847853e-05	7.06457612e-03
5.15136719e-02	7.03305974e-05	7.09988595e-03
5.15625000e-02	7.06781379e-05	7.13537381e-03
5.16113281e-02	7.10274156e-05	7.17104062e-03
5.16601563e-02	7.13784392e-05	7.20688726e-03
5.17089844e-02	7.17312176e-05	7.24291466e-03
5.17578125e-02	7.20857595e-05	7.27912374e-03
5.18066406e-02	7.24420740e-05	7.31551541e-03
5.18554688e-02	7.28001698e-05	7.35209061e-03
5.19042969e-02	7.31600561e-05	7.38885025e-03
5.19531250e-02	7.35217418e-05	7.42579529e-03
5.20019531e-02	7.38852359e-05	7.46292665e-03
5.20507813e-02	7.42505478e-05	7.50024530e-03
5.20996094e-02	7.46176864e-05	7.53775216e-03
5.21484375e-02	7.49866610e-05	7.57544821e-03
5.21972656e-02	7.53574809e-05	7.61333440e-03
5.22460938e-02	7.57301553e-05	7.65141169e-03
5.22949219e-02	7.61046937e-05	7.68968106e-03
5.23437500e-02	7.64811055e-05	7.72814348e-03
5.23925781e-02	7.68594000e-05	7.76679993e-03
5.24414063e-02	7.72395868e-05	7.80565140e-03
5.24902344e-02	7.76216754e-05	7.84469887e-03
5.25390625e-02	7.80056755e-05	7.88394334e-03
5.25878906e-02	7.83915966e-05	7.92338581e-03
5.26367188e-02	7.87794485e-05	7.96302729e-03
5.26855469e-02	7.91692409e-05	8.00286878e-03
5.27343750e-02	7.95609835e-05	8.04291130e-03
5.27832031e-02	7.99546863e-05	8.08315587e-03
5.28320313e-02	8.03503592e-05	8.12360352e-03
5.28808594e-02	8.07480120e-05	8.16425528e-03
5.29296875e-02	8.11476547e-05	8.20511218e-03
5.29785156e-02	8.15492975e-05	8.24617526e-03
5.30273438e-02	8.19529504e-05	8.28744558e-03
5.30761719e-02	8.23586235e-05	8.32892418e-03
5.31250000e-02	8.27663270e-05	8.37061212e-03
5.31738281e-02	8.31760712e-05	8.41251047e-03
5.32226562e-02	8.35878664e-05	8.45462029e-03
5.32714844e-02	8.40017229e-05	8.49694266e-03
5.33203125e-02	8.44176511e-05	8.53947865e-03
5.33691406e-02	8.48356616e-05	8.58222936e-03
5.34179688e-02	8.52557647e-05	8.62519587e-03
5.34667969e-02	8.56779712e-05	8.66837927e-03
5.35156250e-02	8.61022915e-05	8.71178067e-03
5.35644531e-02	8.65287363e-05	8.75540118e-03
5.36132813e-02	8.69573165e-05	8.79924190e-03
5.36621094e-02	8.73880427e-05	8.84330396e-03
5.37109375e-02	8.78209258e-05	8.88758849e-03
5.37597656e-02	8.82559767e-05	8.93209660e-03
5.38085938e-02	8.86932064e-05	8.97682944e-03
5.38574219e-02	8.91326258e-05	9.02178815e-03
5.39062500e-02	8.95742459e-05	9.06697387e-03
5.39550781e-02	9.00180780e-05	9.11238776e-03
5.40039063e-02	9.04641331e-05	9.15803098e-03
5.40527344e-02	9.09124226e-05	9.20390469e-03
5.41015625e-02	9.13629576e-05	9.25001007e-03
5.41503906e-02	9.18157496e-05	9.29634828e-03
5.41992188e-02	9.22708098e-05	9.34292052e-03
5.42480469e-02	9.27281499e-05	9.38972796e-03
5.42968750e-02	9.31877812e-05	9.43677182e-03
5.43457031e-02	9.36497154e-05	9.48405328e-03
5.43945313e-02	9.41139641e-05	9.53157356e-03
5.44433594e-02	9.45805390e-05	9.57933386e-03
5.44921875e-02	9.50494518e-05	9.62733542e-03
5.45410156e-02	9.55207144e-05	9.67557944e-03
5.45898438e-02	9.59943386e-05	9.72406717e-03
5.46386719e-02	9.64703363e-05	9.77279985e-03
5.46875000e-02	9.69487196e-05	9.82177871e-03
5.47363281e-02	9.74295004e-05	9.87100501e-03
5.47851563e-02	9.79126910e-05	9.92048001e-03
5.48339844e-02	9.83983034e-05	9.97020497e-03
5.48828125e-02	9.88863500e-05	1.00201812e-02
5.49316406e-02	9.93768429e-05	1.00704099e-02
5.49804688e-02	9.98697946e-05	1.01208924e-02
5.50292969e-02	1.00365218e-04	1.01716299e-02
5.50781250e-02	1.00863124e-04	1.02226239e-02
5.51269531e-02	1.01363527e-04	1.02738755e-02
5.51757812e-02	1.01866439e-04	1.03253861e-02
5.52246094e-02	1.02371872e-04	1.03771570e-02
5.52734375e-02	1.02879839e-04	1.04291896e-02
5.53222656e-02	1.03390354e-04	1.04814851e-02
5.53710938e-02	1.03903428e-04	1.05340449e-02
5.54199219e-02	1.04419076e-04	1.05868704e-02
5.54687500e-02	1.04937309e-04	1.06399628e-02
5.55175781e-02	1.05458141e-04	1.06933236e-02
5.55664063e-02	1.05981585e-04	1.07469541e-02
5.56152344e-02	1.06507655e-04	1.08008556e-02
5.56640625e-02	1.07036363e-04	1.08550297e-02
5.57128906e-02	1.07567723e-04	1.09094776e-02
5.57617188e-02	1.08101748e-04	1.09642007e-02
5.58105469e-02	1.08638452e-04	1.10192004e-02
5.58593750e-02	1.09177849e-04	1.10744782e-02
5.59082031e-02	1.09719951e-04	1.11300355e-02
5.59570313e-02	1.10264773e-04	1.11858736e-02
5.60058594e-02	1.10812329e-04	1.12419941e-02
5.60546875e-02	1.11362631e-04	1.12983982e-02
5.61035156e-02	1.11915695e-04	1.13550876e-02
5.61523438e-02	1.12471533e-04	1.14120636e-02
5.62011719e-02	1.13030161e-04	1.14693277e-02
5.62500000e-02	1.13591592e-04	1.15268814e-02
5.62988281e-02	1.14155840e-04	1.15847260e-02
5.63476563e-02	1.14722920e-04	1.16428632e-02
5.63964844e-02	1.15292846e-04	1.17012944e-02
5.64453125e-02	1.15865632e-04	1.17600211e-02
5.64941406e-02	1.16441293e-04	1.18190448e-02
5.65429688e-02	1.17019843e-04	1.18783669e-02
5.65917969e-02	1.17601297e-04	1.19379891e-02
5.66406250e-02	1.18185669e-04	1.19979129e-02
5.66894531e-02	1.18772975e-04	1.20581397e-02
5.67382813e-02	1.19363230e-04	1.21186712e-02
5.67871094e-02	1.19956447e-04	1.21795088e-02
5.68359375e-02	1.20552642e-04	1.22406542e-02
5.68847656e-02	1.21151831e-04	1.23021089e-02
5.69335938e-02	1.21754028e-04	1.23638744e-02
5.69824219e-02	1.22359248e-04	1.24259524e-02
5.70312500e-02	1.22967507e-04	1.24883444e-02
5.70800781e-02	1.23578821e-04	1.25510521e-02
5.71289062e-02	1.24193204e-04	1.26140770e-02
5.71777344e-02	1.24810672e-04	1.26774208e-02
5.72265625e-02	1.25431241e-04	1.27410851e-02
5.72753906e-02	1.26054926e-04	1.28050714e-02
5.73242188e-02	1.26681744e-04	1.28693815e-02
5.73730469e-02	1.27311710e-04	1.29340171e-02
5.74218750e-02	1.27944840e-04	1.29989796e-02
5.74707031e-02	1.28581149e-04	1.30642709e-02
5.75195313e-02	1.29220655e-04	1.31298926e-02
5.75683594e-02	1.29863374e-04	1.31958464e-02
5.76171875e-02	1.30509320e-04	1.32621339e-02
5.76660156e-02	1.31158512e-04	1.33287568e-02
5.77148438e-02	1.31810965e-04	1.33957170e-02
5.77636719e-02	1.32466696e-04	1.34630160e-02
5.78125000e-02	1.33125721e-04	1.35306556e-02
5.78613281e-02	1.33788057e-04	1.35986376e-02
5.79101563e-02	1.34453721e-04	1.36669637e-02
5.79589844e-02	1.35122730e-04	1.37356356e-02
5.80078125e-02	1.35795100e-04	1.38046550e-02
5.80566406e-02	1.36470849e-04	1.38740239e-02
5.81054688e-02	1.37149994e-04	1.39437439e-02
5.81542969e-02	1.37832552e-04	1.40138168e-02
5.82031250e-02	1.38518540e-04	1.40842444e-02
5.82519531e-02	1.39207975e-04	1.41550286e-02
5.83007813e-02	1.39900875e-04	1.42261711e-02
5.83496094e-02	1.40597258e-04	1.42976738e-02
5.83984375e-02	1.41297141e-04	1.43695385e-02
5.84472656e-02	1.42000542e-04	1.44417670e-02
5.84960938e-02	1.42707479e-04	1.45143613e-02
5.85449219e-02	1.43417970e-04	1.45873231e-02
5.85937500e-02	1.44132031e-04	1.46606543e-02
5.86425781e-02	1.44849683e-04	1.47343568e-02
5.86914063e-02	1.45570943e-04	1.48084326e-02
5.87402344e-02	1.46295828e-04	1.48828834e-02
5.87890625e-02	1.47024358e-04	1.49577113e-02
5.88378906e-02	1.47756552e-04	1.50329180e-02
5.88867188e-02	1.48492426e-04	1.51085057e-02
5.89355469e-02	1.49232001e-04	1.51844761e-02
5.89843750e-02	1.49975294e-04	1.52608313e-02
5.90332031e-02	1.50722326e-04	1.53375732e-02
5.90820312e-02	1.51473114e-04	1.54147038e-02
5.91308594e-02	1.52227678e-04	1.54922250e-02
5.91796875e-02	1.52986036e-04	1.55701389e-02
5.92285156e-02	1.53748209e-04	1.56484474e-02
5.92773438e-02	1.54514214e-04	1.57271526e-02
5.93261719e-02	1.55284073e-04	1.58062565e-02
5.93750000e-02	1.56057804e-04	1.58857611e-02
5.94238281e-02	1.56835427e-04	1.59656684e-02
5.94726563e-02	1.57616961e-04	1.60459805e-02
5.95214844e-02	1.58402427e-04	1.61266994e-02
5.95703125e-02	1.59191844e-04	1.62078273e-02
5.96191406e-02	1.59985233e-04	1.62893662e-02
5.96679688e-02	1.60782613e-04	1.63713183e-02
5.97167969e-02	1.61584004e-04	1.64536855e-02
5.97656250e-02	1.62389428e-04	1.65364700e-02
5.98144531e-02	1.63198904e-04	1.66196741e-02
5.98632813e-02	1.64012453e-04	1.67032997e-02
5.99121094e-02	1.64830096e-04	1.67873490e-02
5.99609375e-02	1.65651853e-04	1.68718242e-02
6.00097656e-02	1.66477746e-04	1.69567275e-02
6.00585938e-02	1.67307794e-04	1.70420610e-02
6.01074219e-02	1.68142020e-04	1.71278270e-02
6.01562500e-02	1.68980444e-04	1.72140276e-02
6.02050781e-02	1.69823088e-04	1.73006651e-02
6.02539063e-02	1.70669973e-04	1.73877417e-02
6.03027344e-02	1.71521121e-04	1.74752595e-02
6.03515625e-02	1.72376552e-04	1.75632209e-02
6.04003906e-02	1.73236290e-04	1.76516282e-02
6.04492188e-02	1.74100355e-04	1.77404836e-02
6.04980469e-02	1.74968770e-04	1.78297893e-02
6.05468750e-02	1.75841556e-04	1.79195477e-02
6.05957031e-02	1.76718737e-04	1.80097611e-02
6.06445313e-02	1.77600333e-04	1.81004318e-02
6.06933594e-02	1.78486368e-04	1.81915621e-02
6.07421875e-02	1.79376864e-04	1.82831544e-02
6.07910156e-02	1.80271844e-04	1.83752110e-02
6.08398438e-02	1.81171330e-04	1.84677343e-02
6.08886719e-02	1.82075345e-04	1.85607267e-02
6.09375000e-02	1.82983912e-04	1.86541906e-02
6.09863281e-02	1.83897055e-04	1.87481283e-02
6.10351562e-02	1.84814796e-04	1.88425423e-02
6.10839844e-02	1.85737159e-04	1.89374350e-02
6.11328125e-02	1.86664166e-04	1.90328088e-02
6.11816406e-02	1.87595843e-04	1.91286663e-02
6.12304688e-02	1.88532212e-04	1.92250098e-02
6.12792969e-02	1.89473297e-04	1.93218418e-02
6.13281250e-02	1.90419123e-04	1.94191649e-02
6.13769531e-02	1.91369712e-04	1.95169815e-02
6.14257813e-02	1.92325090e-04	1.96152942e-02
6.14746094e-02	1.93285281e-04	1.97141054e-02
6.15234375e-02	1.94250308e-04	1.98134178e-02
6.15722656e-02	1.95220197e-04	1.99132338e-02
6.16210938e-02	1.96194972e-04	2.00135561e-02
6.16699219e-02	1.97174658e-04	2.01143872e-02
6.17187500e-02	1.98159280e-04	2.02157298e-02
6.17675781e-02	1.99148863e-04	2.03175863e-02
6.18164063e-02	2.00143432e-04	2.04199595e-02
6.18652344e-02	2.01143012e-04	2.05228520e-02
6.19140625e-02	2.02147630e-04	2.06262664e-02
6.19628906e-02	2.03157309e-04	2.07302054e-02
6.20117188e-02	2.04172077e-04	2.08346716e-02
6.20605469e-02	2.05191958e-04	2.09396678e-02
6.21093750e-02	2.06216979e-04	2.10451967e-02
6.21582031e-02	2.07247166e-04	2.11512609e-02
6.22070313e-02	2.08282545e-04	2.12578632e-02
6.22558594e-02	2.09323142e-04	2.13650064e-02
6.23046875e-02	2.10368985e-04	2.14726932e-02
6.23535156e-02	2.11420098e-04	2.15809263e-02
6.24023438e-02	2.12476510e-04	2.16897086e-02
6.24511719e-02	2.13538247e-04	2.17990428e-02
6.25000000e-02	2.14605337e-04	2.19089319e-02
6.25488281e-02	2.15677805e-04	2.20193785e-02
6.25976563e-02	2.16755680e-04	2.21303856e-02
6.26464844e-02	2.17838989e-04	2.22419560e-02
6.26953125e-02	2.18927760e-04	2.23540926e-02
6.27441406e-02	2.20022020e-04	2.24667982e-02
6.27929687e-02	2.21121797e-04	2.25800758e-02
6.28417969e-02	2.22227120e-04	2.26939283e-02
6.28906250e-02	2.23338015e-04	2.28083586e-02
6.29394531e-02	2.24454513e-04	2.29233697e-02
6.29882812e-02	2.25576640e-04	2.30389645e-02
6.30371094e-02	2.26704426e-04	2.31551460e-02
6.30859375e-02	2.27837899e-04	2.32719172e-02
6.31347656e-02	2.28977089e-04	2.33892811e-02
6.31835938e-02	2.30122023e-04	2.35072407e-02
6.32324219e-02	2.31272732e-04	2.36257992e-02
6.32812500e-02	2.32429245e-04	2.37449594e-02
6.33300781e-02	2.33591591e-04	2.38647245e-02
6.33789063e-02	2.34759799e-04	2.39850976e-02
6.34277344e-02	2.35933900e-04	2.41060818e-02
6.34765625e-02	2.37113924e-04	2.42276802e-02
6.35253906e-02	2.38299900e-04	2.43498959e-02
6.35742188e-02	2.39491858e-04	2.44727321e-02
6.36230469e-02	2.40689830e-04	2.45961920e-02
6.36718750e-02	2.41893846e-04	2.47202787e-02
6.37207031e-02	2.43103935e-04	2.48449954e-02
6.37695312e-02	2.44320130e-04	2.49703453e-02
6.38183594e-02	2.45542461e-04	2.50963318e-02
6.38671875e-02	2.46770959e-04	2.52229579e-02
6.39160156e-02	2.48005656e-04	2.53502271e-02
6.39648438e-02	2.49246583e-04	2.54781425e-02
6.40136719e-02	2.50493772e-04	2.56067075e-02
6.40625000e-02	2.51747254e-04	2.57359253e-02
6.41113281e-02	2.53007062e-04	2.58657994e-02
6.41601563e-02	2.54273227e-04	2.59963330e-02
6.42089844e-02	2.55545782e-04	2.61275296e-02
6.42578125e-02	2.56824760e-04	2.62593924e-02
6.43066406e-02	2.58110193e-04	2.63919250e-02
6.43554688e-02	2.59402113e-04	2.65251307e-02
6.44042969e-02	2.60700554e-04	2.66590130e-02
6.44531250e-02	2.62005549e-04	2.67935753e-02
6.45019531e-02	2.63317131e-04	2.69288210e-02
6.45507813e-02	2.64635333e-04	2.70647538e-02
6.45996094e-02	2.65960190e-04	2.72013770e-02
6.46484375e-02	2.67291735e-04	2.73386943e-02
6.46972656e-02	2.68630001e-04	2.74767091e-02
6.47460937e-02	2.69975024e-04	2.76154250e-02
6.47949219e-02	2.71326837e-04	2.77548456e-02
6.48437500e-02	2.72685476e-04	2.78949744e-02
6.48925781e-02	2.74050973e-04	2.80358152e-02
6.49414062e-02	2.75423366e-04	2.81773716e-02
6.49902344e-02	2.76802687e-04	2.83196471e-02
6.50390625e-02	2.78188974e-04	2.84626454e-02
6.50878906e-02	2.79582260e-04	2.86063704e-02
6.51367188e-02	2.80982582e-04	2.87508256e-02
6.51855469e-02	2.82389976e-04	2.88960147e-02
6.52343750e-02	2.83804477e-04	2.90419417e-02
6.52832031e-02	2.85226121e-04	2.91886101e-02
6.53320313e-02	2.86654945e-04	2.93360238e-02
6.53808594e-02	2.88090986e-04	2.94841866e-02
6.54296875e-02	2.89534279e-04	2.96331023e-02
6.54785156e-02	2.90984862e-04	2.97827748e-02
6.55273438e-02	2.92442771e-04	2.99332080e-02
6.55761719e-02	2.93908045e-04	3.00844056e-02
6.56250000e-02	2.95380720e-04	3.02363716e-02
6.56738281e-02	2.96860835e-04	3.03891100e-02
6.57226562e-02	2.98348426e-04	3.05426247e-02
6.57714844e-02	2.99843532e-04	3.06969196e-02
6.58203125e-02	3.01346191e-04	3.08519988e-02
6.58691406e-02	3.02856442e-04	3.10078662e-02
6.59179688e-02	3.04374322e-04	3.11645259e-02
6.59667969e-02	3.05899872e-04	3.13219818e-02
6.60156250e-02	3.07433129e-04	3.14802382e-02
6.60644531e-02	3.08974134e-04	3.16392990e-02
6.61132813e-02	3.10522924e-04	3.17991684e-02
6.61621094e-02	3.12079541e-04	3.19598505e-02
6.62109375e-02	3.13644023e-04	3.21213494e-02
6.62597656e-02	3.15216412e-04	3.22836694e-02
6.63085938e-02	3.16796746e-04	3.24468146e-02
6.63574219e-02	3.18385066e-04	3.26107892e-02
6.64062500e-02	3.19981413e-04	3.27755975e-02
6.64550781e-02	3.21585828e-04	3.29412438e-02
6.65039063e-02	3.23198352e-04	3.31077322e-02
6.65527344e-02	3.24819026e-04	3.32750672e-02
6.66015625e-02	3.26447891e-04	3.34432530e-02
6.66503906e-02	3.28084990e-04	3.36122940e-02
6.66992187e-02	3.29730363e-04	3.37821945e-02
6.67480469e-02	3.31384053e-04	3.39529590e-02
6.67968750e-02	3.33046103e-04	3.41245918e-02
6.68457031e-02	3.34716554e-04	3.42970974e-02
6.68945312e-02	3.36395450e-04	3.44704803e-02
6.69433594e-02	3.38082833e-04	3.46447449e-02
6.69921875e-02	3.39778748e-04	3.48198958e-02
6.70410156e-02	3.41483236e-04	3.49959374e-02
6.70898438e-02	3.43196341e-04	3.51728744e-02
6.71386719e-02	3.44918109e-04	3.53507112e-02
6.71875000e-02	3.46648581e-04	3.55294526e-02
6.72363281e-02	3.48387804e-04	3.57091030e-02
6.72851563e-02	3.50135821e-04	3.58896672e-02
6.73339844e-02	3.51892677e-04	3.60711499e-02
6.73828125e-02	3.53658417e-04	3.62535556e-02
6.74316406e-02	3.55433086e-04	3.64368892e-02
6.74804688e-02	3.57216729e-04	3.66211554e-02
6.75292969e-02	3.59009393e-04	3.68063589e-02
6.75781250e-02	3.60811123e-04	3.69925046e-02
6.76269531e-02	3.62621966e-04	3.71795972e-02
6.76757812e-02	3.64441967e-04	3.73676416e-02
6.77246094e-02	3.66271173e-04	3.75566427e-02
6.77734375e-02	3.68109631e-04	3.77466053e-02
6.78222656e-02	3.69957388e-04	3.79375343e-02
6.78710938e-02	3.71814492e-04	3.81294348e-02
6.79199219e-02	3.73680990e-04	3.83223116e-02
6.79687500e-02	3.75556929e-04	3.85161698e-02
6.80175781e-02	3.77442359e-04	3.87110143e-02
6.80664063e-02	3.79337326e-04	3.89068503e-02
6.81152344e-02	3.81241880e-04	3.91036827e-02
6.81640625e-02	3.83156069e-04	3.93015167e-02
6.82128906e-02	3.85079943e-04	3.95003574e-02
6.82617188e-02	3.87013551e-04	3.97002100e-02
6.83105469e-02	3.88956942e-04	3.99010795e-02
6.83593750e-02	3.90910166e-04	4.01029713e-02
6.84082031e-02	3.92873273e-04	4.03058905e-02
6.84570313e-02	3.94846313e-04	4.05098423e-02
6.85058594e-02	3.96829337e-04	4.07148322e-02
6.85546875e-02	3.98822396e-04	4.09208653e-02
6.86035156e-02	4.00825541e-04	4.11279470e-02
6.86523437e-02	4.02838823e-04	4.13360827e-02
6.87011719e-02	4.04862294e-04	4.15452778e-02
6.87500000e-02	4.06896005e-04	4.17555376e-02
6.87988281e-02	4.08940009e-04	4.19668676e-02
6.88476562e-02	4.10994358e-04	4.21792733e-02
6.88964844e-02	4.13059105e-04	4.23927602e-02
6.89453125e-02	4.15134303e-04	4.26073339e-02
6.89941406e-02	4.17220004e-04	4.28229998e-02
6.90429688e-02	4.19316263e-04	4.30397635e-02
6.90917969e-02	4.21423133e-04	4.32576308e-02
6.91406250e-02	4.23540668e-04	4.34766071e-02
6.91894531e-02	4.25668923e-04	4.36966982e-02
6.92382813e-02	4.27807951e-04	4.39179098e-02
6.92871094e-02	4.29957809e-04	4.41402477e-02
6.93359375e-02	4.32118550e-04	4.43637175e-02
6.93847656e-02	4.34290231e-04	4.45883251e-02
6.94335938e-02	4.36472907e-04	4.48140762e-02
6.94824219e-02	4.38666633e-04	4.50409768e-02
6.95312500e-02	4.40871468e-04	4.52690327e-02
6.95800781e-02	4.43087466e-04	4.54982498e-02
6.96289062e-02	4.45314685e-04	4.57286341e-02
6.96777344e-02	4.47553181e-04	4.59601915e-02
6.97265625e-02	4.49803013e-04	4.61929280e-02
6.97753906e-02	4.52064238e-04	4.64268497e-02
6.98242188e-02	4.54336914e-04	4.66619626e-02
6.98730469e-02	4.56621100e-04	4.68982728e-02
6.99218750e-02	4.58916853e-04	4.71357865e-02
6.99707031e-02	4.61224234e-04	4.73745097e-02
7.00195313e-02	4.63543300e-04	4.76144488e-02
7.00683594e-02	4.65874112e-04	4.78556098e-02
7.01171875e-02	4.68216729e-04	4.80979991e-02
7.01660156e-02	4.70571212e-04	4.83416229e-02
7.02148438e-02	4.72937621e-04	4.85864875e-02
7.02636719e-02	4.75316017e-04	4.88325994e-02
7.03125000e-02	4.77706460e-04	4.90799648e-02
7.03613281e-02	4.80109013e-04	4.93285902e-02
7.04101563e-02	4.82523736e-04	4.95784821e-02
7.04589844e-02	4.84950693e-04	4.98296469e-02
7.05078125e-02	4.87389944e-04	5.00820911e-02
7.05566406e-02	4.89841553e-04	5.03358213e-02
7.06054687e-02	4.92305583e-04	5.05908440e-02
7.06542969e-02	4.94782097e-04	5.08471659e-02
7.07031250e-02	4.97271159e-04	5.11047936e-02
7.07519531e-02	4.99772832e-04	5.13637338e-02
7.08007812e-02	5.02287180e-04	5.16239932e-02
7.08496094e-02	5.04814270e-04	5.18855786e-02
7.08984375e-02	5.07354164e-04	5.21484967e-02
7.09472656e-02	5.09906929e-04	5.24127544e-02
7.09960938e-02	5.12472630e-04	5.26783585e-02
7.10449219e-02	5.15051333e-04	5.29453159e-02
7.10937500e-02	5.17643104e-04	5.32136335e-02
7.11425781e-02	5.20248010e-04	5.34833184e-02
7.11914063e-02	5.22866118e-04	5.37543774e-02
7.12402344e-02	5.25497495e-04	5.40268177e-02
7.12890625e-02	5.28142208e-04	5.43006462e-02
7.13378906e-02	5.30800326e-04	5.45758701e-02
7.13867188e-02	5.33471917e-04	5.48524966e-02
7.14355469e-02	5.36157050e-04	5.51305328e-02
7.14843750e-02	5.38855793e-04	5.54099860e-02
7.15332031e-02	5.41568216e-04	5.56908633e-02
7.15820312e-02	5.44294389e-04	5.59731721e-02
7.16308594e-02	5.47034381e-04	5.62569197e-02
7.16796875e-02	5.49788264e-04	5.65421134e-02
7.17285156e-02	5.52556108e-04	5.68287607e-02
7.17773438e-02	5.55337983e-04	5.71168691e-02
7.18261719e-02	5.58133963e-04	5.74064459e-02
7.18750000e-02	5.60944118e-04	5.76974987e-02
7.19238281e-02	5.63768520e-04	5.79900350e-02
7.19726563e-02	5.66607243e-04	5.82840626e-02
7.20214844e-02	5.69460360e-04	5.85795889e-02
7.20703125e-02	5.72327943e-04	5.88766216e-02
7.21191406e-02	5.75210067e-04	5.91751685e-02
7.21679688e-02	5.78106805e-04	5.94752374e-02
7.22167969e-02	5.81018233e-04	5.97768360e-02
7.22656250e-02	5.83944424e-04	6.00799721e-02
7.23144531e-02	5.86885455e-04	6.03846536e-02
7.23632813e-02	5.89841401e-04	6.06908884e-02
7.24121094e-02	5.92812338e-04	6.09986845e-02
7.24609375e-02	5.95798342e-04	6.13080499e-02
7.25097656e-02	5.98799491e-04	6.16189926e-02
7.25585937e-02	6.01815861e-04	6.19315207e-02
7.26074219e-02	6.04847530e-04	6.22456423e-02
7.26562500e-02	6.07894576e-04	6.25613655e-02
7.27050781e-02	6.10957077e-04	6.28786986e-02
7.27539062e-02	6.14035113e-04	6.31976498e-02
7.28027344e-02	6.17128763e-04	6.35182274e-02
7.28515625e-02	6.20238105e-04	6.38404397e-02
7.29003906e-02	6.23363221e-04	6.41642951e-02
7.29492188e-02	6.26504190e-04	6.44898020e-02
7.29980469e-02	6.29661093e-04	6.48169688e-02
7.30468750e-02	6.32834013e-04	6.51458041e-02
7.30957031e-02	6.36023029e-04	6.54763164e-02
7.31445313e-02	6.39228225e-04	6.58085143e-02
7.31933594e-02	6.42449683e-04	6.61424064e-02
7.32421875e-02	6.45687486e-04	6.64780014e-02
7.32910156e-02	6.48941718e-04	6.68153081e-02
7.33398438e-02	6.52212461e-04	6.71543351e-02
7.33886719e-02	6.55499800e-04	6.74950913e-02
7.34375000e-02	6.58803821e-04	6.78375856e-02
7.34863281e-02	6.62124607e-04	6.81818268e-02
7.35351562e-02	6.65462245e-04	6.85278240e-02
7.35839844e-02	6.68816821e-04	6.88755860e-02
7.36328125e-02	6.72188420e-04	6.92251219e-02
7.36816406e-02	6.75577130e-04	6.95764409e-02
7.37304688e-02	6.78983038e-04	6.99295521e-02
7.37792969e-02	6.82406232e-04	7.02844645e-02
7.38281250e-02	6.85846799e-04	7.06411876e-02
7.38769531e-02	6.89304830e-04	7.09997304e-02
7.39257813e-02	6.92780411e-04	7.13601025e-02
7.39746094e-02	6.96273634e-04	7.17223130e-02
7.40234375e-02	6.99784589e-04	7.20863715e-02
7.40722656e-02	7.03313365e-04	7.24522875e-02
7.41210938e-02	7.06860053e-04	7.28200703e-02
7.41699219e-02	7.10424745e-04	7.31897297e-02
7.42187500e-02	7.14007534e-04	7.35612751e-02
7.42675781e-02	7.17608510e-04	7.39347163e-02
7.43164063e-02	7.21227767e-04	7.43100630e-02
7.43652344e-02	7.24865399e-04	7.46873250e-02
7.44140625e-02	7.28521498e-04	7.50665120e-02
7.44628906e-02	7.32196160e-04	7.54476339e-02
7.45117187e-02	7.35889479e-04	7.58307006e-02
7.45605469e-02	7.39601550e-04	7.62157222e-02
7.46093750e-02	7.43332468e-04	7.66027085e-02
7.46582031e-02	7.47082331e-04	7.69916698e-02
7.47070312e-02	7.50851235e-04	7.73826160e-02
7.47558594e-02	7.54639276e-04	7.77755574e-02
7.48046875e-02	7.58446553e-04	7.81705042e-02
7.48535156e-02	7.62273163e-04	7.85674667e-02
7.49023438e-02	7.66119206e-04	7.89664552e-02
7.49511719e-02	7.69984781e-04	7.93674801e-02
7.50000000e-02	7.73869987e-04	7.97705517e-02
7.50488281e-02	7.77774924e-04	8.01756807e-02
7.50976563e-02	7.81699694e-04	8.05828776e-02
7.51464844e-02	7.85644397e-04	8.09921528e-02
7.51953125e-02	7.89609135e-04	8.14035172e-02
7.52441406e-02	7.93594010e-04	8.18169814e-02
7.52929688e-02	7.97599126e-04	8.22325561e-02
7.53417969e-02	8.01624585e-04	8.26502523e-02
7.53906250e-02	8.05670491e-04	8.30700807e-02
7.54394531e-02	8.09736950e-04	8.34920522e-02
7.54882813e-02	8.13824065e-04	8.39161780e-02
7.55371094e-02	8.17931942e-04	8.43424689e-02
7.55859375e-02	8.22060687e-04	8.47709361e-02
7.56347656e-02	8.26210407e-04	8.52015909e-02
7.56835938e-02	8.30381209e-04	8.56344442e-02
7.57324219e-02	8.34573200e-04	8.60695076e-02
7.57812500e-02	8.38786488e-04	8.65067922e-02
7.58300781e-02	8.43021183e-04	8.69463094e-02
7.58789063e-02	8.47277394e-04	8.73880708e-02
7.59277344e-02	8.51555229e-04	8.78320877e-02
7.59765625e-02	8.55854801e-04	8.82783719e-02
7.60253906e-02	8.60176220e-04	8.87269348e-02
7.60742188e-02	8.64519597e-04	8.91777882e-02
7.61230469e-02	8.68885044e-04	8.96309438e-02
7.61718750e-02	8.73272675e-04	9.00864134e-02
7.62207031e-02	8.77682603e-04	9.05442089e-02
7.62695313e-02	8.82114940e-04	9.10043422e-02
7.63183594e-02	8.86569803e-04	9.14668253e-02
7.63671875e-02	8.91047305e-04	9.19316702e-02
7.64160156e-02	8.95547563e-04	9.23988891e-02
7.64648438e-02	9.00070692e-04	9.28684941e-02
7.65136719e-02	9.04616810e-04	9.33404974e-02
7.65625000e-02	9.09186034e-04	9.38149114e-02
7.66113281e-02	9.13778482e-04	9.42917484e-02
7.66601562e-02	9.18394272e-04	9.47710208e-02
7.67089844e-02	9.23033524e-04	9.52527412e-02
7.67578125e-02	9.27696358e-04	9.57369220e-02
7.68066406e-02	9.32382893e-04	9.62235759e-02
7.68554688e-02	9.37093252e-04	9.67127156e-02
7.69042969e-02	9.41827555e-04	9.72043537e-02
7.69531250e-02	9.46585926e-04	9.76985033e-02
7.70019531e-02	9.51368487e-04	9.81951770e-02
7.70507813e-02	9.56175361e-04	9.86943878e-02
7.70996094e-02	9.61006673e-04	9.91961489e-02
7.71484375e-02	9.65862547e-04	9.97004731e-02
7.71972656e-02	9.70743110e-04	1.00207374e-01
7.72460938e-02	9.75648487e-04	1.00716864e-01
7.72949219e-02	9.80578805e-04	1.01228957e-01
7.73437500e-02	9.85534191e-04	1.01743666e-01
7.73925781e-02	9.90514774e-04	1.02261005e-01
7.74414063e-02	9.95520682e-04	1.02780988e-01
7.74902344e-02	1.00055204e-03	1.03303626e-01
7.75390625e-02	1.00560899e-03	1.03828936e-01
7.75878906e-02	1.01069165e-03	1.04356929e-01
7.76367188e-02	1.01580016e-03	1.04887620e-01
7.76855469e-02	1.02093465e-03	1.05421022e-01
7.77343750e-02	1.02609525e-03	1.05957150e-01
7.77832031e-02	1.03128210e-03	1.06496018e-01
7.78320313e-02	1.03649532e-03	1.07037639e-01
7.78808594e-02	1.04173506e-03	1.07582028e-01
7.79296875e-02	1.04700145e-03	1.08129198e-01
7.79785156e-02	1.05229462e-03	1.08679165e-01
7.80273438e-02	1.05761471e-03	1.09231942e-01
7.80761719e-02	1.06296187e-03	1.09787544e-01
7.81250000e-02	1.06833622e-03	1.10345986e-01
7.81738281e-02	1.07373792e-03	1.10907282e-01
7.82226563e-02	1.07916708e-03	1.11471446e-01
7.82714844e-02	1.08462387e-03	1.12038493e-01
7.83203125e-02	1.09010841e-03	1.12608439e-01
7.83691406e-02	1.09562086e-03	1.13181297e-01
7.84179688e-02	1.10116135e-03	1.13757084e-01
7.84667969e-02	1.10673002e-03	1.14335813e-01
7.85156250e-02	1.11232702e-03	1.14917501e-01
7.85644531e-02	1.11795250e-03	1.15502161e-01
7.86132812e-02	1.12360661e-03	1.16089811e-01
7.86621094e-02	1.12928947e-03	1.16680464e-01
7.87109375e-02	1.13500126e-03	1.17274136e-01
7.87597656e-02	1.14074210e-03	1.17870843e-01
7.88085938e-02	1.14651215e-03	1.18470600e-01
7.88574219e-02	1.15231157e-03	1.19073423e-01
7.89062500e-02	1.15814049e-03	1.19679328e-01
7.89550781e-02	1.16399908e-03	1.20288331e-01
7.90039063e-02	1.16988748e-03	1.20900446e-01
7.90527344e-02	1.17580584e-03	1.21515691e-01
7.91015625e-02	1.18175432e-03	1.22134082e-01
7.91503906e-02	1.18773307e-03	1.22755634e-01
7.91992188e-02	1.19374225e-03	1.23380364e-01
7.92480469e-02	1.19978202e-03	1.24008288e-01
7.92968750e-02	1.20585252e-03	1.24639422e-01
7.93457031e-02	1.21195391e-03	1.25273783e-01
7.93945313e-02	1.21808636e-03	1.25911388e-01
7.94433594e-02	1.22425003e-03	1.26552253e-01
7.94921875e-02	1.23044506e-03	1.27196395e-01
7.95410156e-02	1.23667163e-03	1.27843831e-01
7.95898438e-02	1.24292989e-03	1.28494577e-01
7.96386719e-02	1.24922001e-03	1.29148651e-01
7.96875000e-02	1.25554215e-03	1.29806070e-01
7.97363281e-02	1.26189647e-03	1.30466850e-01
7.97851563e-02	1.26828313e-03	1.31131010e-01
7.98339844e-02	1.27470231e-03	1.31798566e-01
7.98828125e-02	1.28115417e-03	1.32469535e-01
7.99316406e-02	1.28763887e-03	1.33143937e-01
7.99804688e-02	1.29415659e-03	1.33821787e-01
8.00292969e-02	1.30070749e-03	1.34503104e-01
8.00781250e-02	1.30729174e-03	1.35187906e-01
8.01269531e-02	1.31390952e-03	1.35876210e-01
8.01757813e-02	1.32056099e-03	1.36568034e-01
8.02246094e-02	1.32724633e-03	1.37263397e-01
8.02734375e-02	1.33396571e-03	1.37962317e-01
8.03222656e-02	1.34071930e-03	1.38664811e-01
8.03710938e-02	1.34750728e-03	1.39370899e-01
8.04199219e-02	1.35432983e-03	1.40080598e-01
8.04687500e-02	1.36118711e-03	1.40793927e-01
8.05175781e-02	1.36807932e-03	1.41510906e-01
8.05664062e-02	1.37500663e-03	1.42231552e-01
8.06152344e-02	1.38196921e-03	1.42955884e-01
8.06640625e-02	1.38896725e-03	1.43683922e-01
8.07128906e-02	1.39600094e-03	1.44415685e-01
8.07617188e-02	1.40307044e-03	1.45151190e-01
8.08105469e-02	1.41017595e-03	1.45890459e-01
8.08593750e-02	1.41731765e-03	1.46633509e-01
8.09082031e-02	1.42449572e-03	1.47380361e-01
8.09570313e-02	1.43171035e-03	1.48131034e-01
8.10058594e-02	1.43896174e-03	1.48885548e-01
8.10546875e-02	1.44625005e-03	1.49643922e-01
8.11035156e-02	1.45357549e-03	1.50406176e-01
8.11523438e-02	1.46093825e-03	1.51172330e-01
8.12011719e-02	1.46833851e-03	1.51942404e-01
8.12500000e-02	1.47577647e-03	1.52716419e-01
8.12988281e-02	1.48325232e-03	1.53494394e-01
8.13476563e-02	1.49076626e-03	1.54276349e-01
8.13964844e-02	1.49831847e-03	1.55062306e-01
8.14453125e-02	1.50590916e-03	1.55852285e-01
8.14941406e-02	1.51353852e-03	1.56646306e-01
8.15429688e-02	1.52120675e-03	1.57444391e-01
8.15917969e-02	1.52891405e-03	1.58246560e-01
8.16406250e-02	1.53666061e-03	1.59052833e-01
8.16894531e-02	1.54444665e-03	1.59863233e-01
8.17382813e-02	1.55227236e-03	1.60677780e-01
8.17871094e-02	1.56013794e-03	1.61496496e-01
8.18359375e-02	1.56804360e-03	1.62319402e-01
8.18847656e-02	1.57598955e-03	1.63146519e-01
8.19335938e-02	1.58397598e-03	1.63977869e-01
8.19824219e-02	1.59200312e-03	1.64813475e-01
8.20312500e-02	1.60007115e-03	1.65653357e-01
8.20800781e-02	1.60818031e-03	1.66497538e-01
8.21289063e-02	1.61633079e-03	1.67346040e-01
8.21777344e-02	1.62452280e-03	1.68198885e-01
8.22265625e-02	1.63275656e-03	1.69056095e-01
8.22753906e-02	1.64103229e-03	1.69917694e-01
8.23242188e-02	1.64935020e-03	1.70783702e-01
8.23730469e-02	1.65771050e-03	1.71654143e-01
8.24218750e-02	1.66611341e-03	1.72529040e-01
8.24707031e-02	1.67455914e-03	1.73408416e-01
8.25195312e-02	1.68304793e-03	1.74292294e-01
8.25683594e-02	1.69157999e-03	1.75180696e-01
8.26171875e-02	1.70015553e-03	1.76073646e-01
8.26660156e-02	1.70877479e-03	1.76971168e-01
8.27148438e-02	1.71743798e-03	1.77873284e-01
8.27636719e-02	1.72614534e-03	1.78780019e-01
8.28125000e-02	1.73489708e-03	1.79691396e-01
8.28613281e-02	1.74369344e-03	1.80607439e-01
8.29101563e-02	1.75253464e-03	1.81528172e-01
8.29589844e-02	1.76142092e-03	1.82453620e-01
8.30078125e-02	1.77035250e-03	1.83383806e-01
8.30566406e-02	1.77932961e-03	1.84318754e-01
8.31054688e-02	1.78835249e-03	1.85258489e-01
8.31542969e-02	1.79742138e-03	1.86203037e-01
8.32031250e-02	1.80653650e-03	1.87152421e-01
8.32519531e-02	1.81569810e-03	1.88106666e-01
8.33007813e-02	1.82490641e-03	1.89065797e-01
8.33496094e-02	1.83416168e-03	1.90029840e-01
8.33984375e-02	1.84346413e-03	1.90998820e-01
8.34472656e-02	1.85281402e-03	1.91972761e-01
8.34960938e-02	1.86221159e-03	1.92951691e-01
8.35449219e-02	1.87165709e-03	1.93935633e-01
8.35937500e-02	1.88115074e-03	1.94924614e-01
8.36425781e-02	1.89069282e-03	1.95918660e-01
8.36914063e-02	1.90028355e-03	1.96917797e-01
8.37402344e-02	1.90992319e-03	1.97922051e-01
8.37890625e-02	1.91961200e-03	1.98931449e-01
8.38378906e-02	1.92935022e-03	1.99946016e-01
8.38867188e-02	1.93913811e-03	2.00965779e-01
8.39355469e-02	1.94897591e-03	2.01990766e-01
8.39843750e-02	1.95886389e-03	2.03021002e-01
8.40332031e-02	1.96880231e-03	2.04056515e-01
8.40820313e-02	1.97879142e-03	2.05097332e-01
8.41308594e-02	1.98883148e-03	2.06143481e-01
8.41796875e-02	1.99892275e-03	2.07194988e-01
8.42285156e-02	2.00906549e-03	2.08251881e-01
8.42773438e-02	2.01925998e-03	2.09314188e-01
8.43261719e-02	2.02950647e-03	2.10381937e-01
8.43750000e-02	2.03980522e-03	2.11455156e-01
8.44238281e-02	2.05015652e-03	2.12533872e-01
8.44726562e-02	2.06056062e-03	2.13618115e-01
8.45214844e-02	2.07101780e-03	2.14707912e-01
8.45703125e-02	2.08152832e-03	2.15803291e-01
8.46191406e-02	2.09209247e-03	2.16904283e-01
8.46679688e-02	2.10271052e-03	2.18010915e-01
8.47167969e-02	2.11338274e-03	2.19123217e-01
8.47656250e-02	2.12410941e-03	2.20241218e-01
8.48144531e-02	2.13489081e-03	2.21364946e-01
8.48632813e-02	2.14572722e-03	2.22494432e-01
8.49121094e-02	2.15661893e-03	2.23629705e-01
8.49609375e-02	2.16756620e-03	2.24770795e-01
8.50097656e-02	2.17856934e-03	2.25917732e-01
8.50585938e-02	2.18962863e-03	2.27070545e-01
8.51074219e-02	2.20074434e-03	2.28229265e-01
8.51562500e-02	2.21191678e-03	2.29393923e-01
8.52050781e-02	2.22314624e-03	2.30564549e-01
8.52539063e-02	2.23443300e-03	2.31741173e-01
8.53027344e-02	2.24577736e-03	2.32923827e-01
8.53515625e-02	2.25717962e-03	2.34112541e-01
8.54003906e-02	2.26864006e-03	2.35307346e-01
8.54492188e-02	2.28015900e-03	2.36508275e-01
8.54980469e-02	2.29173672e-03	2.37715358e-01
8.55468750e-02	2.30337354e-03	2.38928627e-01
8.55957031e-02	2.31506975e-03	2.40148114e-01
8.56445313e-02	2.32682566e-03	2.41373851e-01
8.56933594e-02	2.33864157e-03	2.42605869e-01
8.57421875e-02	2.35051779e-03	2.43844202e-01
8.57910156e-02	2.36245463e-03	2.45088882e-01
8.58398438e-02	2.37445241e-03	2.46339941e-01
8.58886719e-02	2.38651142e-03	2.47597413e-01
8.59375000e-02	2.39863200e-03	2.48861329e-01
8.59863281e-02	2.41081445e-03	2.50131724e-01
8.60351563e-02	2.42305908e-03	2.51408631e-01
8.60839844e-02	2.43536623e-03	2.52692083e-01
8.61328125e-02	2.44773621e-03	2.53982113e-01
8.61816406e-02	2.46016933e-03	2.55278756e-01
8.62304688e-02	2.47266593e-03	2.56582046e-01
8.62792969e-02	2.48522634e-03	2.57892017e-01
8.63281250e-02	2.49785087e-03	2.59208703e-01
8.63769531e-02	2.51053985e-03	2.60532138e-01
8.64257812e-02	2.52329362e-03	2.61862358e-01
8.64746094e-02	2.53611251e-03	2.63199398e-01
8.65234375e-02	2.54899686e-03	2.64543291e-01
8.65722656e-02	2.56194699e-03	2.65894075e-01
8.66210938e-02	2.57496324e-03	2.67251784e-01
8.66699219e-02	2.58804596e-03	2.68616453e-01
8.67187500e-02	2.60119549e-03	2.69988119e-01
8.67675781e-02	2.61441216e-03	2.71366818e-01
8.68164063e-02	2.62769633e-03	2.72752585e-01
8.68652344e-02	2.64104833e-03	2.74145457e-01
8.69140625e-02	2.65446852e-03	2.75545471e-01
8.69628906e-02	2.66795724e-03	2.76952664e-01
8.70117188e-02	2.68151485e-03	2.78367071e-01
8.70605469e-02	2.69514171e-03	2.79788732e-01
8.71093750e-02	2.70883815e-03	2.81217682e-01
8.71582031e-02	2.72260455e-03	2.82653959e-01
8.72070313e-02	2.73644126e-03	2.84097601e-01
8.72558594e-02	2.75034864e-03	2.85548646e-01
8.73046875e-02	2.76432705e-03	2.87007132e-01
8.73535156e-02	2.77837686e-03	2.88473097e-01
8.74023438e-02	2.79249843e-03	2.89946580e-01
8.74511719e-02	2.80669214e-03	2.91427620e-01
8.75000000e-02	2.82095835e-03	2.92916254e-01
8.75488281e-02	2.83529743e-03	2.94412523e-01
8.75976563e-02	2.84970976e-03	2.95916466e-01
8.76464844e-02	2.86419571e-03	2.97428122e-01
8.76953125e-02	2.87875566e-03	2.98947530e-01
8.77441406e-02	2.89338999e-03	3.00474732e-01
8.77929688e-02	2.90809909e-03	3.02009766e-01
8.78417969e-02	2.92288333e-03	3.03552673e-01
8.78906250e-02	2.93774310e-03	3.05103494e-01
8.79394531e-02	2.95267878e-03	3.06662269e-01
8.79882813e-02	2.96769078e-03	3.08229040e-01
8.80371094e-02	2.98277947e-03	3.09803847e-01
8.80859375e-02	2.99794526e-03	3.11386731e-01
8.81347656e-02	3.01318853e-03	3.12977736e-01
8.81835938e-02	3.02850969e-03	3.14576901e-01
8.82324219e-02	3.04390913e-03	3.16184270e-01
8.82812500e-02	3.05938726e-03	3.17799883e-01
8.83300781e-02	3.07494448e-03	3.19423785e-01
8.83789062e-02	3.09058119e-03	3.21056017e-01
8.84277344e-02	3.10629781e-03	3.22696623e-01
8.84765625e-02	3.12209474e-03	3.24345645e-01
8.85253906e-02	3.13797240e-03	3.26003127e-01
8.85742188e-02	3.15393119e-03	3.27669112e-01
8.86230469e-02	3.16997154e-03	3.29343644e-01
8.86718750e-02	3.18609387e-03	3.31026768e-01
8.87207031e-02	3.20229859e-03	3.32718526e-01
8.87695313e-02	3.21858612e-03	3.34418965e-01
8.88183594e-02	3.23495690e-03	3.36128128e-01
8.88671875e-02	3.25141135e-03	3.37846060e-01
8.89160156e-02	3.26794990e-03	3.39572806e-01
8.89648438e-02	3.28457297e-03	3.41308413e-01
8.90136719e-02	3.30128101e-03	3.43052925e-01
8.90625000e-02	3.31807445e-03	3.44806389e-01
8.91113281e-02	3.33495373e-03	3.46568849e-01
8.91601563e-02	3.35191929e-03	3.48340354e-01
8.92089844e-02	3.36897157e-03	3.50120949e-01
8.92578125e-02	3.38611101e-03	3.51910681e-01
8.93066406e-02	3.40333807e-03	3.53709597e-01
8.93554688e-02	3.42065319e-03	3.55517744e-01
8.94042969e-02	3.43805682e-03	3.57335171e-01
8.94531250e-02	3.45554943e-03	3.59161924e-01
8.95019531e-02	3.47313146e-03	3.60998052e-01
8.95507813e-02	3.49080337e-03	3.62843603e-01
8.95996094e-02	3.50856564e-03	3.64698625e-01
8.96484375e-02	3.52641871e-03	3.66563168e-01
8.96972656e-02	3.54436305e-03	3.68437280e-01
8.97460938e-02	3.56239914e-03	3.70321011e-01
8.97949219e-02	3.58052745e-03	3.72214410e-01
8.98437500e-02	3.59874845e-03	3.74117527e-01
8.98925781e-02	3.61706260e-03	3.76030412e-01
8.99414063e-02	3.63547041e-03	3.77953115e-01
8.99902344e-02	3.65397233e-03	3.79885687e-01
9.00390625e-02	3.67256886e-03	3.81828178e-01
9.00878906e-02	3.69126048e-03	3.83780640e-01
9.01367188e-02	3.71004768e-03	3.85743125e-01
9.01855469e-02	3.72893095e-03	3.87715683e-01
9.02343750e-02	3.74791079e-03	3.89698366e-01
9.02832031e-02	3.76698768e-03	3.91691227e-01
9.03320312e-02	3.78616213e-03	3.93694319e-01
9.03808594e-02	3.80543464e-03	3.95707693e-01
9.04296875e-02	3.82480572e-03	3.97731403e-01
9.04785156e-02	3.84427586e-03	3.99765502e-01
9.05273438e-02	3.86384557e-03	4.01810044e-01
9.05761719e-02	3.88351537e-03	4.03865082e-01
9.06250000e-02	3.90328578e-03	4.05930670e-01
9.06738281e-02	3.92315730e-03	4.08006863e-01
9.07226563e-02	3.94313046e-03	4.10093715e-01
9.07714844e-02	3.96320578e-03	4.12191282e-01
9.08203125e-02	3.98338378e-03	4.14299618e-01
9.08691406e-02	4.00366499e-03	4.16418779e-01
9.09179688e-02	4.02404994e-03	4.18548820e-01
9.09667969e-02	4.04453916e-03	4.20689799e-01
9.10156250e-02	4.06513319e-03	4.22841770e-01
9.10644531e-02	4.08583257e-03	4.25004791e-01
9.11132813e-02	4.10663784e-03	4.27178919e-01
9.11621094e-02	4.12754954e-03	4.29364211e-01
9.12109375e-02	4.14856821e-03	4.31560723e-01
9.12597656e-02	4.16969442e-03	4.33768516e-01
9.13085938e-02	4.19092870e-03	4.35987645e-01
9.13574219e-02	4.21227161e-03	4.38218170e-01
9.14062500e-02	4.23372372e-03	4.40460149e-01
9.14550781e-02	4.25528558e-03	4.42713642e-01
9.15039063e-02	4.27695776e-03	4.44978708e-01
9.15527344e-02	4.29874082e-03	4.47255406e-01
9.16015625e-02	4.32063533e-03	4.49543796e-01
9.16503906e-02	4.34264186e-03	4.51843939e-01
9.16992188e-02	4.36476100e-03	4.54155895e-01
9.17480469e-02	4.38699331e-03	4.56479725e-01
9.17968750e-02	4.40933939e-03	4.58815490e-01
9.18457031e-02	4.43179981e-03	4.61163251e-01
9.18945313e-02	4.45437516e-03	4.63523071e-01
9.19433594e-02	4.47706603e-03	4.65895012e-01
9.19921875e-02	4.49987301e-03	4.68279136e-01
9.20410156e-02	4.52279671e-03	4.70675506e-01
9.20898438e-02	4.54583772e-03	4.73084184e-01
9.21386719e-02	4.56899664e-03	4.75505235e-01
9.21875000e-02	4.59227408e-03	4.77938722e-01
9.22363281e-02	4.61567065e-03	4.80384710e-01
9.22851562e-02	4.63918696e-03	4.82843262e-01
9.23339844e-02	4.66282362e-03	4.85314443e-01
9.23828125e-02	4.68658126e-03	4.87798319e-01
9.24316406e-02	4.71046049e-03	4.90294955e-01
9.24804688e-02	4.73446194e-03	4.92804417e-01
9.25292969e-02	4.75858623e-03	4.95326770e-01
9.25781250e-02	4.78283401e-03	4.97862082e-01
9.26269531e-02	4.80720589e-03	5.00410418e-01
9.26757813e-02	4.83170253e-03	5.02971847e-01
9.27246094e-02	4.85632456e-03	5.05546436e-01
9.27734375e-02	4.88107262e-03	5.08134252e-01
9.28222656e-02	4.90594737e-03	5.10735364e-01
9.28710938e-02	4.93094945e-03	5.13349840e-01
9.29199219e-02	4.95607952e-03	5.15977749e-01
9.29687500e-02	4.98133823e-03	5.18619160e-01
9.30175781e-02	5.00672625e-03	5.21274143e-01
9.30664063e-02	5.03224424e-03	5.23942769e-01
9.31152344e-02	5.05789287e-03	5.26625106e-01
9.31640625e-02	5.08367281e-03	5.29321227e-01
9.32128906e-02	5.10958474e-03	5.32031201e-01
9.32617188e-02	5.13562933e-03	5.34755101e-01
9.33105469e-02	5.16180726e-03	5.37492999e-01
9.33593750e-02	5.18811922e-03	5.40244965e-01
9.34082031e-02	5.21456590e-03	5.43011074e-01
9.34570313e-02	5.24114799e-03	5.45791397e-01
9.35058594e-02	5.26786619e-03	5.48586008e-01
9.35546875e-02	5.29472119e-03	5.51394982e-01
9.36035156e-02	5.32171371e-03	5.54218391e-01
9.36523438e-02	5.34884444e-03	5.57056310e-01
9.37011719e-02	5.37611409e-03	5.59908815e-01
9.37500000e-02	5.40352339e-03	5.62775980e-01
9.37988281e-02	5.43107305e-03	5.65657880e-01
9.38476563e-02	5.45876378e-03	5.68554593e-01
9.38964844e-02	5.48659632e-03	5.71466194e-01
9.39453125e-02	5.51457139e-03	5.74392760e-01
9.39941406e-02	5.54268973e-03	5.77334368e-01
9.40429688e-02	5.57095207e-03	5.80291096e-01
9.40917969e-02	5.59935915e-03	5.83263022e-01
9.41406250e-02	5.62791172e-03	5.86250224e-01
9.41894531e-02	5.65661053e-03	5.89252781e-01
9.42382812e-02	5.68545632e-03	5.92270773e-01
9.42871094e-02	5.71444985e-03	5.95304277e-01
9.43359375e-02	5.74359188e-03	5.98353376e-01
9.43847656e-02	5.77288318e-03	6.01418149e-01
9.44335938e-02	5.80232451e-03	6.04498677e-01
9.44824219e-02	5.83191664e-03	6.07595041e-01
9.45312500e-02	5.86166035e-03	6.10707323e-01
9.45800781e-02	5.89155642e-03	6.13835605e-01
9.46289063e-02	5.92160562e-03	6.16979970e-01
9.46777344e-02	5.95180876e-03	6.20140500e-01
9.47265625e-02	5.98216662e-03	6.23317280e-01
9.47753906e-02	6.01267999e-03	6.26510392e-01
9.48242188e-02	6.04334967e-03	6.29719921e-01
9.48730469e-02	6.07417648e-03	6.32945952e-01
9.49218750e-02	6.10516121e-03	6.36188570e-01
9.49707031e-02	6.13630467e-03	6.39447860e-01
9.50195313e-02	6.16760769e-03	6.42723909e-01
9.50683594e-02	6.19907109e-03	6.46016803e-01
9.51171875e-02	6.23069569e-03	6.49326628e-01
9.51660156e-02	6.26248231e-03	6.52653473e-01
9.52148438e-02	6.29443179e-03	6.55997424e-01
9.52636719e-02	6.32654498e-03	6.59358571e-01
9.53125000e-02	6.35882270e-03	6.62737002e-01
9.53613281e-02	6.39126581e-03	6.66132806e-01
9.54101563e-02	6.42387516e-03	6.69546073e-01
9.54589844e-02	6.45665160e-03	6.72976893e-01
9.55078125e-02	6.48959599e-03	6.76425356e-01
9.55566406e-02	6.52270920e-03	6.79891554e-01
9.56054688e-02	6.55599209e-03	6.83375577e-01
9.56542969e-02	6.58944553e-03	6.86877519e-01
9.57031250e-02	6.62307041e-03	6.90397472e-01
9.57519531e-02	6.65686760e-03	6.93935527e-01
9.58007813e-02	6.69083799e-03	6.97491780e-01
9.58496094e-02	6.72498248e-03	7.01066323e-01
9.58984375e-02	6.75930195e-03	7.04659252e-01
9.59472656e-02	6.79379731e-03	7.08270661e-01
9.59960938e-02	6.82846946e-03	7.11900645e-01
9.60449219e-02	6.86331931e-03	7.15549300e-01
9.60937500e-02	6.89834778e-03	7.19216724e-01
9.61425781e-02	6.93355578e-03	7.22903011e-01
9.61914062e-02	6.96894424e-03	7.26608261e-01
9.62402344e-02	7.00451409e-03	7.30332570e-01
9.62890625e-02	7.04026625e-03	7.34076038e-01
9.63378906e-02	7.07620167e-03	7.37838763e-01
9.63867188e-02	7.11232129e-03	7.41620844e-01
9.64355469e-02	7.14862605e-03	7.45422382e-01
9.64843750e-02	7.18511692e-03	7.49243477e-01
9.65332031e-02	7.22179484e-03	7.53084229e-01
9.65820313e-02	7.25866078e-03	7.56944741e-01
9.66308594e-02	7.29571571e-03	7.60825114e-01
9.66796875e-02	7.33296060e-03	7.64725451e-01
9.67285156e-02	7.37039642e-03	7.68645855e-01
9.67773438e-02	7.40802416e-03	7.72586429e-01
9.68261719e-02	7.44584481e-03	7.76547278e-01
9.68750000e-02	7.48385936e-03	7.80528507e-01
9.69238281e-02	7.52206880e-03	7.84530220e-01
9.69726563e-02	7.56047414e-03	7.88552524e-01
9.70214844e-02	7.59907638e-03	7.92595524e-01
9.70703125e-02	7.63787655e-03	7.96659327e-01
9.71191406e-02	7.67687566e-03	8.00744042e-01
9.71679688e-02	7.71607473e-03	8.04849776e-01
9.72167969e-02	7.75547478e-03	8.08976637e-01
9.72656250e-02	7.79507687e-03	8.13124735e-01
9.73144531e-02	7.83488202e-03	8.17294179e-01
9.73632813e-02	7.87489128e-03	8.21485080e-01
9.74121094e-02	7.91510570e-03	8.25697548e-01
9.74609375e-02	7.95552633e-03	8.29931695e-01
9.75097656e-02	7.99615425e-03	8.34187633e-01
9.75585938e-02	8.03699050e-03	8.38465474e-01
9.76074219e-02	8.07803618e-03	8.42765331e-01
9.76562500e-02	8.11929235e-03	8.47087319e-01
9.77050781e-02	8.16076009e-03	8.51431551e-01
9.77539063e-02	8.20244050e-03	8.55798142e-01
9.78027344e-02	8.24433468e-03	8.60187208e-01
9.78515625e-02	8.28644371e-03	8.64598865e-01
9.79003906e-02	8.32876872e-03	8.69033230e-01
9.79492188e-02	8.37131080e-03	8.73490420e-01
9.79980469e-02	8.41407107e-03	8.77970553e-01
9.80468750e-02	8.45705067e-03	8.82473747e-01
9.80957031e-02	8.50025072e-03	8.87000121e-01
9.81445312e-02	8.54367235e-03	8.91549796e-01
9.81933594e-02	8.58731670e-03	8.96122892e-01
9.82421875e-02	8.63118492e-03	9.00719529e-01
9.82910156e-02	8.67527817e-03	9.05339830e-01
9.83398438e-02	8.71959760e-03	9.09983917e-01
9.83886719e-02	8.76414437e-03	9.14651912e-01
9.84375000e-02	8.80891966e-03	9.19343939e-01
9.84863281e-02	8.85392464e-03	9.24060122e-01
9.85351563e-02	8.89916050e-03	9.28800587e-01
9.85839844e-02	8.94462842e-03	9.33565458e-01
9.86328125e-02	8.99032960e-03	9.38354862e-01
9.86816406e-02	9.03626524e-03	9.43168925e-01
9.87304688e-02	9.08243654e-03	9.48007775e-01
9.87792969e-02	9.12884473e-03	9.52871541e-01
9.88281250e-02	9.17549102e-03	9.57760350e-01
9.88769531e-02	9.22237663e-03	9.62674333e-01
9.89257813e-02	9.26950280e-03	9.67613619e-01
9.89746094e-02	9.31687077e-03	9.72578339e-01
9.90234375e-02	9.36448178e-03	9.77568625e-01
9.90722656e-02	9.41233708e-03	9.82584608e-01
9.91210938e-02	9.46043794e-03	9.87626423e-01
9.91699219e-02	9.50878561e-03	9.92694202e-01
9.92187500e-02	9.55738137e-03	9.97788079e-01
9.92675781e-02	9.60622649e-03	1.00290819e+00
9.93164063e-02	9.65532226e-03	1.00805467e+00
9.93652344e-02	9.70466998e-03	1.01322765e+00
9.94140625e-02	9.75427093e-03	1.01842728e+00
9.94628906e-02	9.80412642e-03	1.02365369e+00
9.95117188e-02	9.85423776e-03	1.02890701e+00
9.95605469e-02	9.90460628e-03	1.03418740e+00
9.96093750e-02	9.95523329e-03	1.03949498e+00
9.96582031e-02	1.00061201e-02	1.04482990e+00
9.97070313e-02	1.00572681e-02	1.05019230e+00
9.97558594e-02	1.01086786e-02	1.05558232e+00
9.98046875e-02	1.01603530e-02	1.06100011e+00
9.98535156e-02	1.02122926e-02	1.06644580e+00
9.99023438e-02	1.02644988e-02	1.07191955e+00
9.99511719e-02	1.03169729e-02	1.07742150e+00
1.00000000e-01	1.03697164e-02	1.08295178e+00
