0.00000000e+00	0.00000000e+00	8.91063313e-05
4.88281250e-05	4.35092592e-09	8.91075945e-05
9.76562500e-05	8.70195278e-09	8.91104655e-05
1.46484375e-04	1.30531660e-08	8.91152293e-05
1.95312500e-04	1.74046580e-08	8.91218822e-05
2.44140625e-04	2.17565210e-08	8.91304261e-05
2.92968750e-04	2.61088474e-08	8.91408626e-05
3.41796875e-04	3.04617296e-08	8.91531928e-05
3.90625000e-04	3.48152601e-08	8.91674173e-05
4.39453125e-04	3.91695315e-08	8.91835369e-05
4.88281250e-04	4.35246362e-08	8.92015521e-05
5.37109375e-04	4.78806668e-08	8.92214637e-05
5.85937500e-04	5.22377161e-08	8.92432721e-05
6.34765625e-04	5.65958765e-08	8.92669781e-05
6.83593750e-04	6.09552407e-08	8.92925822e-05
7.32421875e-04	6.53159015e-08	8.93200850e-05
7.81250000e-04	6.96779516e-08	8.93494874e-05
8.30078125e-04	7.40414838e-08	8.93807901e-05
8.78906250e-04	7.84065908e-08	8.94139937e-05
9.27734375e-04	8.27733656e-08	8.94490992e-05
9.76562500e-04	8.71419009e-08	8.94861074e-05
1.02539063e-03	9.15122897e-08	8.95250191e-05
1.07421875e-03	9.58846250e-08	8.95658354e-05
1.12304688e-03	1.00259000e-07	8.96085571e-05
1.17187500e-03	1.04635507e-07	8.96531854e-05
1.22070312e-03	1.09014240e-07	8.96997212e-05
1.26953125e-03	1.13395292e-07	8.97481658e-05
1.31835938e-03	1.17778756e-07	8.97985202e-05
1.36718750e-03	1.22164726e-07	8.98507856e-05
1.41601563e-03	1.26553294e-07	8.99049634e-05
1.46484375e-03	1.30944554e-07	8.99610547e-05
1.51367188e-03	1.35338600e-07	9.00190609e-05
1.56250000e-03	1.39735525e-07	9.00789834e-05
1.61132813e-03	1.44135422e-07	9.01408237e-05
1.66015625e-03	1.48538386e-07	9.02045831e-05
1.70898438e-03	1.52944510e-07	9.02702631e-05
1.75781250e-03	1.57353889e-07	9.03378655e-05
1.80664063e-03	1.61766615e-07	9.04073916e-05
1.85546875e-03	1.66182782e-07	9.04788433e-05
1.90429688e-03	1.70602486e-07	9.05522221e-05
1.95312500e-03	1.75025820e-07	9.06275298e-05
2.00195313e-03	1.79452878e-07	9.07047683e-05
2.05078125e-03	1.83883755e-07	9.07839392e-05
2.09960937e-03	1.88318544e-07	9.08650446e-05
2.14843750e-03	1.92757341e-07	9.09480863e-05
2.19726562e-03	1.97200241e-07	9.10330662e-05
2.24609375e-03	2.01647337e-07	9.11199865e-05
2.29492188e-03	2.06098724e-07	9.12088491e-05
2.34375000e-03	2.10554498e-07	9.12996562e-05
2.39257813e-03	2.15014754e-07	9.13924098e-05
2.44140625e-03	2.19479586e-07	9.14871123e-05
2.49023438e-03	2.23949090e-07	9.15837658e-05
2.53906250e-03	2.28423361e-07	9.16823726e-05
2.58789063e-03	2.32902494e-07	9.17829351e-05
2.63671875e-03	2.37386586e-07	9.18854556e-05
2.68554688e-03	2.41875731e-07	9.19899365e-05
2.73437500e-03	2.46370026e-07	9.20963804e-05
2.78320313e-03	2.50869566e-07	9.22047897e-05
2.83203125e-03	2.55374448e-07	9.23151670e-05
2.88085938e-03	2.59884767e-07	9.24275150e-05
2.92968750e-03	2.64400621e-07	9.25418362e-05
2.97851563e-03	2.68922104e-07	9.26581334e-05
3.02734375e-03	2.73449315e-07	9.27764093e-05
3.07617188e-03	2.77982349e-07	9.28966667e-05
3.12500000e-03	2.82521303e-07	9.30189086e-05
3.17382812e-03	2.87066275e-07	9.31431376e-05
3.22265625e-03	2.91617362e-07	9.32693569e-05
3.27148438e-03	2.96174660e-07	9.33975694e-05
3.32031250e-03	3.00738267e-07	9.35277781e-05
3.36914063e-03	3.05308280e-07	9.36599861e-05
3.41796875e-03	3.09884799e-07	9.37941965e-05
3.46679688e-03	3.14467919e-07	9.39304125e-05
3.51562500e-03	3.19057739e-07	9.40686373e-05
3.56445313e-03	3.23654358e-07	9.42088742e-05
3.61328125e-03	3.28257874e-07	9.43511265e-05
3.66210938e-03	3.32868385e-07	9.44953976e-05
3.71093750e-03	3.37485990e-07	9.46416909e-05
3.75976563e-03	3.42110787e-07	9.47900098e-05
3.80859375e-03	3.46742876e-07	9.49403579e-05
3.85742188e-03	3.51382356e-07	9.50927387e-05
3.90625000e-03	3.56029326e-07	9.52471558e-05
3.95507812e-03	3.60683886e-07	9.54036129e-05
4.00390625e-03	3.65346135e-07	9.55621136e-05
4.05273438e-03	3.70016173e-07	9.57226618e-05
4.10156250e-03	3.74694101e-07	9.58852612e-05
4.15039062e-03	3.79380019e-07	9.60499156e-05
4.19921875e-03	3.84074026e-07	9.62166291e-05
4.24804688e-03	3.88776224e-07	9.63854054e-05
4.29687500e-03	3.93486714e-07	9.65562486e-05
4.34570313e-03	3.98205596e-07	9.67291628e-05
4.39453125e-03	4.02932972e-07	9.69041520e-05
4.44335937e-03	4.07668943e-07	9.70812204e-05
4.49218750e-03	4.12413611e-07	9.72603721e-05
4.54101563e-03	4.17167077e-07	9.74416115e-05
4.58984375e-03	4.21929444e-07	9.76249428e-05
4.63867188e-03	4.26700814e-07	9.78103703e-05
4.68750000e-03	4.31481289e-07	9.79978984e-05
4.73632813e-03	4.36270973e-07	9.81875316e-05
4.78515625e-03	4.41069967e-07	9.83792743e-05
4.83398438e-03	4.45878375e-07	9.85731311e-05
4.88281250e-03	4.50696301e-07	9.87691066e-05
4.93164063e-03	4.55523848e-07	9.89672055e-05
4.98046875e-03	4.60361119e-07	9.91674323e-05
5.02929688e-03	4.65208219e-07	9.93697919e-05
5.07812500e-03	4.70065252e-07	9.95742890e-05
5.12695312e-03	4.74932323e-07	9.97809286e-05
5.17578125e-03	4.79809536e-07	9.99897153e-05
5.22460938e-03	4.84696996e-07	1.00200654e-04
5.27343750e-03	4.89594809e-07	1.00413751e-04
5.32226563e-03	4.94503080e-07	1.00629009e-04
5.37109375e-03	4.99421914e-07	1.00846435e-04
5.41992188e-03	5.04351417e-07	1.01066033e-04
5.46875000e-03	5.09291697e-07	1.01287809e-04
5.51757813e-03	5.14242858e-07	1.01511768e-04
5.56640625e-03	5.19205009e-07	1.01737916e-04
5.61523438e-03	5.24178255e-07	1.01966257e-04
5.66406250e-03	5.29162705e-07	1.02196796e-04
5.71289063e-03	5.34158465e-07	1.02429541e-04
5.76171875e-03	5.39165643e-07	1.02664495e-04
5.81054688e-03	5.44184348e-07	1.02901665e-04
5.85937500e-03	5.49214688e-07	1.03141057e-04
5.90820313e-03	5.54256772e-07	1.03382675e-04
5.95703125e-03	5.59310707e-07	1.03626525e-04
6.00585938e-03	5.64376604e-07	1.03872614e-04
6.05468750e-03	5.69454572e-07	1.04120947e-04
6.10351562e-03	5.74544720e-07	1.04371531e-04
6.15234375e-03	5.79647159e-07	1.04624370e-04
6.20117188e-03	5.84761999e-07	1.04879471e-04
6.25000000e-03	5.89889351e-07	1.05136841e-04
6.29882813e-03	5.95029324e-07	1.05396484e-04
6.34765625e-03	6.00182032e-07	1.05658408e-04
6.39648438e-03	6.05347584e-07	1.05922619e-04
6.44531250e-03	6.10526093e-07	1.06189122e-04
6.49414063e-03	6.15717672e-07	1.06457924e-04
6.54296875e-03	6.20922431e-07	1.06729032e-04
6.59179688e-03	6.26140485e-07	1.07002451e-04
6.64062500e-03	6.31371946e-07	1.07278189e-04
6.68945313e-03	6.36616927e-07	1.07556252e-04
6.73828125e-03	6.41875543e-07	1.07836647e-04
6.78710938e-03	6.47147907e-07	1.08119379e-04
6.83593750e-03	6.52434134e-07	1.08404457e-04
6.88476563e-03	6.57734337e-07	1.08691886e-04
6.93359375e-03	6.63048633e-07	1.08981673e-04
6.98242188e-03	6.68377136e-07	1.09273826e-04
7.03125000e-03	6.73719963e-07	1.09568351e-04
7.08007812e-03	6.79077229e-07	1.09865255e-04
7.12890625e-03	6.84449050e-07	1.10164546e-04
7.17773438e-03	6.89835544e-07	1.10466230e-04
7.22656250e-03	6.95236827e-07	1.10770314e-04
7.27539063e-03	7.00653016e-07	1.11076807e-04
7.32421875e-03	7.06084230e-07	1.11385714e-04
7.37304688e-03	7.11530586e-07	1.11697044e-04
7.42187500e-03	7.16992204e-07	1.12010803e-04
7.47070313e-03	7.22469201e-07	1.12326999e-04
7.51953125e-03	7.27961697e-07	1.12645641e-04
7.56835938e-03	7.33469811e-07	1.12966734e-04
7.61718750e-03	7.38993665e-07	1.13290287e-04
7.66601563e-03	7.44533376e-07	1.13616308e-04
7.71484375e-03	7.50089068e-07	1.13944804e-04
7.76367188e-03	7.55660859e-07	1.14275783e-04
7.81250000e-03	7.61248873e-07	1.14609254e-04
7.86132813e-03	7.66853230e-07	1.14945223e-04
7.91015625e-03	7.72474053e-07	1.15283698e-04
7.95898438e-03	7.78111465e-07	1.15624689e-04
8.00781250e-03	7.83765589e-07	1.15968203e-04
8.05664062e-03	7.89436547e-07	1.16314248e-04
8.10546875e-03	7.95124464e-07	1.16662832e-04
8.15429687e-03	8.00829464e-07	1.17013963e-04
8.20312500e-03	8.06551671e-07	1.17367651e-04
8.25195313e-03	8.12291211e-07	1.17723903e-04
8.30078125e-03	8.18048209e-07	1.18082728e-04
8.34960938e-03	8.23822790e-07	1.18444134e-04
8.39843750e-03	8.29615082e-07	1.18808130e-04
8.44726563e-03	8.35425210e-07	1.19174725e-04
8.49609375e-03	8.41253302e-07	1.19543927e-04
8.54492188e-03	8.47099486e-07	1.19915745e-04
8.59375000e-03	8.52963889e-07	1.20290188e-04
8.64257812e-03	8.58846639e-07	1.20667265e-04
8.69140625e-03	8.64747866e-07	1.21046984e-04
8.74023438e-03	8.70667698e-07	1.21429356e-04
8.78906250e-03	8.76606266e-07	1.21814388e-04
8.83789063e-03	8.82563700e-07	1.22202090e-04
8.88671875e-03	8.88540129e-07	1.22592471e-04
8.93554688e-03	8.94535686e-07	1.22985541e-04
8.98437500e-03	9.00550502e-07	1.23381309e-04
9.03320312e-03	9.06584708e-07	1.23779784e-04
9.08203125e-03	9.12638438e-07	1.24180975e-04
9.13085937e-03	9.18711823e-07	1.24584893e-04
9.17968750e-03	9.24804998e-07	1.24991547e-04
9.22851563e-03	9.30918096e-07	1.25400947e-04
9.27734375e-03	9.37051251e-07	1.25813101e-04
9.32617188e-03	9.43204599e-07	1.26228021e-04
9.37500000e-03	9.49378274e-07	1.26645716e-04
9.42382813e-03	9.55572413e-07	1.27066196e-04
9.47265625e-03	9.61787151e-07	1.27489470e-04
9.52148438e-03	9.68022625e-07	1.27915550e-04
9.57031250e-03	9.74278972e-07	1.28344444e-04
9.61914063e-03	9.80556331e-07	1.28776164e-04
9.66796875e-03	9.86854839e-07	1.29210720e-04
9.71679688e-03	9.93174635e-07	1.29648121e-04
9.76562500e-03	9.99515858e-07	1.30088379e-04
9.81445313e-03	1.00587865e-06	1.30531503e-04
9.86328125e-03	1.01226315e-06	1.30977505e-04
9.91210938e-03	1.01866949e-06	1.31426395e-04
9.96093750e-03	1.02509783e-06	1.31878184e-04
1.00097656e-02	1.03154829e-06	1.32332882e-04
1.00585938e-02	1.03802103e-06	1.32790500e-04
1.01074219e-02	1.04451618e-06	1.33251049e-04
1.01562500e-02	1.05103390e-06	1.33714540e-04
1.02050781e-02	1.05757432e-06	1.34180985e-04
1.02539062e-02	1.06413758e-06	1.34650394e-04
1.03027344e-02	1.07072384e-06	1.35122778e-04
1.03515625e-02	1.07733324e-06	1.35598149e-04
1.04003906e-02	1.08396592e-06	1.36076518e-04
1.04492188e-02	1.09062204e-06	1.36557896e-04
1.04980469e-02	1.09730173e-06	1.37042295e-04
1.05468750e-02	1.10400515e-06	1.37529727e-04
1.05957031e-02	1.11073244e-06	1.38020202e-04
1.06445313e-02	1.11748376e-06	1.38513733e-04
1.06933594e-02	1.12425925e-06	1.39010332e-04
1.07421875e-02	1.13105906e-06	1.39510010e-04
1.07910156e-02	1.13788335e-06	1.40012779e-04
1.08398438e-02	1.14473226e-06	1.40518651e-04
1.08886719e-02	1.15160595e-06	1.41027639e-04
1.09375000e-02	1.15850456e-06	1.41539754e-04
1.09863281e-02	1.16542826e-06	1.42055009e-04
1.10351563e-02	1.17237720e-06	1.42573415e-04
1.10839844e-02	1.17935153e-06	1.43094986e-04
1.11328125e-02	1.18635140e-06	1.43619733e-04
1.11816406e-02	1.19337697e-06	1.44147669e-04
1.12304688e-02	1.20042840e-06	1.44678808e-04
1.12792969e-02	1.20750584e-06	1.45213160e-04
1.13281250e-02	1.21460945e-06	1.45750740e-04
1.13769531e-02	1.22173939e-06	1.46291560e-04
1.14257813e-02	1.22889581e-06	1.46835633e-04
1.14746094e-02	1.23607888e-06	1.47382971e-04
1.15234375e-02	1.24328876e-06	1.47933589e-04
1.15722656e-02	1.25052560e-06	1.48487499e-04
1.16210938e-02	1.25778957e-06	1.49044714e-04
1.16699219e-02	1.26508083e-06	1.49605247e-04
1.17187500e-02	1.27239954e-06	1.50169113e-04
1.17675781e-02	1.27974587e-06	1.50736324e-04
1.18164063e-02	1.28711997e-06	1.51306894e-04
1.18652344e-02	1.29452201e-06	1.51880836e-04
1.19140625e-02	1.30195217e-06	1.52458165e-04
1.19628906e-02	1.30941059e-06	1.53038894e-04
1.20117188e-02	1.31689745e-06	1.53623037e-04
1.20605469e-02	1.32441292e-06	1.54210607e-04
1.21093750e-02	1.33195717e-06	1.54801620e-04
1.21582031e-02	1.33953035e-06	1.55396089e-04
1.22070312e-02	1.34713265e-06	1.55994028e-04
1.22558594e-02	1.35476423e-06	1.56595451e-04
1.23046875e-02	1.36242526e-06	1.57200373e-04
1.23535156e-02	1.37011591e-06	1.57808809e-04
1.24023438e-02	1.37783636e-06	1.58420772e-04
1.24511719e-02	1.38558678e-06	1.59036278e-04
1.25000000e-02	1.39336734e-06	1.59655342e-04
1.25488281e-02	1.40117821e-06	1.60277977e-04
1.25976563e-02	1.40901957e-06	1.60904199e-04
1.26464844e-02	1.41689160e-06	1.61534023e-04
1.26953125e-02	1.42479447e-06	1.62167464e-04
1.27441406e-02	1.43272835e-06	1.62804537e-04
1.27929688e-02	1.44069344e-06	1.63445257e-04
1.28417969e-02	1.44868989e-06	1.64089639e-04
1.28906250e-02	1.45671790e-06	1.64737700e-04
1.29394531e-02	1.46477765e-06	1.65389454e-04
1.29882813e-02	1.47286931e-06	1.66044917e-04
1.30371094e-02	1.48099306e-06	1.66704105e-04
1.30859375e-02	1.48914910e-06	1.67367034e-04
1.31347656e-02	1.49733759e-06	1.68033719e-04
1.31835938e-02	1.50555873e-06	1.68704176e-04
1.32324219e-02	1.51381270e-06	1.69378422e-04
1.32812500e-02	1.52209969e-06	1.70056472e-04
1.33300781e-02	1.53041987e-06	1.70738343e-04
1.33789063e-02	1.53877345e-06	1.71424051e-04
1.34277344e-02	1.54716060e-06	1.72113612e-04
1.34765625e-02	1.55558151e-06	1.72807043e-04
1.35253906e-02	1.56403638e-06	1.73504361e-04
1.35742188e-02	1.57252539e-06	1.74205582e-04
1.36230469e-02	1.58104874e-06	1.74910723e-04
1.36718750e-02	1.58960661e-06	1.75619801e-04
1.37207031e-02	1.59819921e-06	1.76332833e-04
1.37695313e-02	1.60682671e-06	1.77049836e-04
1.38183594e-02	1.61548933e-06	1.77770827e-04
1.38671875e-02	1.62418724e-06	1.78495823e-04
1.39160156e-02	1.63292066e-06	1.79224842e-04
1.39648438e-02	1.64168977e-06	1.79957901e-04
1.40136719e-02	1.65049477e-06	1.80695019e-04
1.40625000e-02	1.65933587e-06	1.81436211e-04
1.41113281e-02	1.66821325e-06	1.82181497e-04
1.41601562e-02	1.67712713e-06	1.82930894e-04
1.42089844e-02	1.68607770e-06	1.83684420e-04
1.42578125e-02	1.69506516e-06	1.84442093e-04
1.43066406e-02	1.70408972e-06	1.85203931e-04
1.43554688e-02	1.71315158e-06	1.85969952e-04
1.44042969e-02	1.72225095e-06	1.86740176e-04
1.44531250e-02	1.73138803e-06	1.87514620e-04
1.45019531e-02	1.74056303e-06	1.88293303e-04
1.45507813e-02	1.74977615e-06	1.89076243e-04
1.45996094e-02	1.75902761e-06	1.89863460e-04
1.46484375e-02	1.76831761e-06	1.90654971e-04
1.46972656e-02	1.77764637e-06	1.91450798e-04
1.47460938e-02	1.78701408e-06	1.92250957e-04
1.47949219e-02	1.79642098e-06	1.93055469e-04
1.48437500e-02	1.80586726e-06	1.93864352e-04
1.48925781e-02	1.81535315e-06	1.94677627e-04
1.49414063e-02	1.82487886e-06	1.95495313e-04
1.49902344e-02	1.83444460e-06	1.96317429e-04
1.50390625e-02	1.84405059e-06	1.97143995e-04
1.50878906e-02	1.85369705e-06	1.97975030e-04
1.51367188e-02	1.86338420e-06	1.98810556e-04
1.51855469e-02	1.87311226e-06	1.99650591e-04
1.52343750e-02	1.88288144e-06	2.00495157e-04
1.52832031e-02	1.89269197e-06	2.01344273e-04
1.53320313e-02	1.90254408e-06	2.02197960e-04
1.53808594e-02	1.91243798e-06	2.03056237e-04
1.54296875e-02	1.92237390e-06	2.03919127e-04
1.54785156e-02	1.93235207e-06	2.04786649e-04
1.55273438e-02	1.94237271e-06	2.05658825e-04
1.55761719e-02	1.95243605e-06	2.06535675e-04
1.56250000e-02	1.96254232e-06	2.07417220e-04
1.56738281e-02	1.97269176e-06	2.08303482e-04
1.57226563e-02	1.98288458e-06	2.09194482e-04
1.57714844e-02	1.99312102e-06	2.10090241e-04
1.58203125e-02	2.00340132e-06	2.10990781e-04
1.58691406e-02	2.01372571e-06	2.11896124e-04
1.59179688e-02	2.02409442e-06	2.12806290e-04
1.59667969e-02	2.03450769e-06	2.13721303e-04
1.60156250e-02	2.04496576e-06	2.14641184e-04
1.60644531e-02	2.05546886e-06	2.15565955e-04
1.61132812e-02	2.06601724e-06	2.16495638e-04
1.61621094e-02	2.07661113e-06	2.17430257e-04
1.62109375e-02	2.08725079e-06	2.18369832e-04
1.62597656e-02	2.09793643e-06	2.19314388e-04
1.63085937e-02	2.10866833e-06	2.20263946e-04
1.63574219e-02	2.11944671e-06	2.21218529e-04
1.64062500e-02	2.13027182e-06	2.22178161e-04
1.64550781e-02	2.14114392e-06	2.23142864e-04
1.65039063e-02	2.15206324e-06	2.24112662e-04
1.65527344e-02	2.16303005e-06	2.25087578e-04
1.66015625e-02	2.17404458e-06	2.26067636e-04
1.66503906e-02	2.18510709e-06	2.27052858e-04
1.66992188e-02	2.19621783e-06	2.28043270e-04
1.67480469e-02	2.20737707e-06	2.29038894e-04
1.67968750e-02	2.21858504e-06	2.30039754e-04
1.68457031e-02	2.22984202e-06	2.31045876e-04
1.68945313e-02	2.24114824e-06	2.32057282e-04
1.69433594e-02	2.25250399e-06	2.33073997e-04
1.69921875e-02	2.26390951e-06	2.34096047e-04
1.70410156e-02	2.27536506e-06	2.35123454e-04
1.70898438e-02	2.28687091e-06	2.36156245e-04
1.71386719e-02	2.29842733e-06	2.37194444e-04
1.71875000e-02	2.31003457e-06	2.38238076e-04
1.72363281e-02	2.32169290e-06	2.39287165e-04
1.72851562e-02	2.33340259e-06	2.40341739e-04
1.73339844e-02	2.34516390e-06	2.41401821e-04
1.73828125e-02	2.35697712e-06	2.42467438e-04
1.74316406e-02	2.36884250e-06	2.43538614e-04
1.74804688e-02	2.38076032e-06	2.44615377e-04
1.75292969e-02	2.39273086e-06	2.45697751e-04
1.75781250e-02	2.40475438e-06	2.46785764e-04
1.76269531e-02	2.41683117e-06	2.47879440e-04
1.76757813e-02	2.42896150e-06	2.48978807e-04
1.77246094e-02	2.44114565e-06	2.50083892e-04
1.77734375e-02	2.45338389e-06	2.51194719e-04
1.78222656e-02	2.46567652e-06	2.52311318e-04
1.78710938e-02	2.47802381e-06	2.53433714e-04
1.79199219e-02	2.49042605e-06	2.54561934e-04
1.79687500e-02	2.50288352e-06	2.55696006e-04
1.80175781e-02	2.51539651e-06	2.56835957e-04
1.80664062e-02	2.52796530e-06	2.57981815e-04
1.81152344e-02	2.54059019e-06	2.59133607e-04
1.81640625e-02	2.55327146e-06	2.60291361e-04
1.82128906e-02	2.56600941e-06	2.61455105e-04
1.82617187e-02	2.57880433e-06	2.62624867e-04
1.83105469e-02	2.59165652e-06	2.63800676e-04
1.83593750e-02	2.60456627e-06	2.64982559e-04
1.84082031e-02	2.61753387e-06	2.66170545e-04
1.84570313e-02	2.63055963e-06	2.67364664e-04
1.85058594e-02	2.64364385e-06	2.68564943e-04
1.85546875e-02	2.65678683e-06	2.69771412e-04
1.86035156e-02	2.66998887e-06	2.70984099e-04
1.86523438e-02	2.68325027e-06	2.72203035e-04
1.87011719e-02	2.69657135e-06	2.73428249e-04
1.87500000e-02	2.70995240e-06	2.74659770e-04
1.87988281e-02	2.72339375e-06	2.75897628e-04
1.88476563e-02	2.73689569e-06	2.77141853e-04
1.88964844e-02	2.75045854e-06	2.78392474e-04
1.89453125e-02	2.76408261e-06	2.79649523e-04
1.89941406e-02	2.77776822e-06	2.80913030e-04
1.90429688e-02	2.79151568e-06	2.82183025e-04
1.90917969e-02	2.80532531e-06	2.83459538e-04
1.91406250e-02	2.81919744e-06	2.84742601e-04
1.91894531e-02	2.83313237e-06	2.86032245e-04
1.92382813e-02	2.84713043e-06	2.87328501e-04
1.92871094e-02	2.86119195e-06	2.88631401e-04
1.93359375e-02	2.87531726e-06	2.89940975e-04
1.93847656e-02	2.88950667e-06	2.91257255e-04
1.94335938e-02	2.90376051e-06	2.92580274e-04
1.94824219e-02	2.91807912e-06	2.93910063e-04
1.95312500e-02	2.93246283e-06	2.95246654e-04
1.95800781e-02	2.94691197e-06	2.96590081e-04
1.96289063e-02	2.96142688e-06	2.97940374e-04
1.96777344e-02	2.97600788e-06	2.99297568e-04
1.97265625e-02	2.99065532e-06	3.00661695e-04
1.97753906e-02	3.00536954e-06	3.02032787e-04
1.98242188e-02	3.02015088e-06	3.03410879e-04
1.98730469e-02	3.03499968e-06	3.04796003e-04
1.99218750e-02	3.04991629e-06	3.06188193e-04
1.99707031e-02	3.06490105e-06	3.07587483e-04
2.00195312e-02	3.07995431e-06	3.08993906e-04
2.00683594e-02	3.09507641e-06	3.10407497e-04
2.01171875e-02	3.11026771e-06	3.11828290e-04
2.01660156e-02	3.12552857e-06	3.13256319e-04
2.02148438e-02	3.14085933e-06	3.14691619e-04
2.02636719e-02	3.15626035e-06	3.16134225e-04
2.03125000e-02	3.17173199e-06	3.17584172e-04
2.03613281e-02	3.18727461e-06	3.19041494e-04
2.04101563e-02	3.20288857e-06	3.20506227e-04
2.04589844e-02	3.21857423e-06	3.21978407e-04
2.05078125e-02	3.23433195e-06	3.23458070e-04
2.05566406e-02	3.25016211e-06	3.24945250e-04
2.06054688e-02	3.26606507e-06	3.26439985e-04
2.06542969e-02	3.28204120e-06	3.27942310e-04
2.07031250e-02	3.29809088e-06	3.29452262e-04
2.07519531e-02	3.31421446e-06	3.30969877e-04
2.08007813e-02	3.33041234e-06	3.32495193e-04
2.08496094e-02	3.34668489e-06	3.34028246e-04
2.08984375e-02	3.36303248e-06	3.35569074e-04
2.09472656e-02	3.37945549e-06	3.37117714e-04
2.09960938e-02	3.39595432e-06	3.38674203e-04
2.10449219e-02	3.41252934e-06	3.40238579e-04
2.10937500e-02	3.42918094e-06	3.41810880e-04
2.11425781e-02	3.44590950e-06	3.43391145e-04
2.11914063e-02	3.46271542e-06	3.44979412e-04
2.12402344e-02	3.47959909e-06	3.46575719e-04
2.12890625e-02	3.49656091e-06	3.48180104e-04
2.13378906e-02	3.51360125e-06	3.49792608e-04
2.13867188e-02	3.53072054e-06	3.51413269e-04
2.14355469e-02	3.54791916e-06	3.53042127e-04
2.14843750e-02	3.56519751e-06	3.54679220e-04
2.15332031e-02	3.58255600e-06	3.56324589e-04
2.15820313e-02	3.59999504e-06	3.57978274e-04
2.16308594e-02	3.61751502e-06	3.59640315e-04
2.16796875e-02	3.63511637e-06	3.61310752e-04
2.17285156e-02	3.65279948e-06	3.62989626e-04
2.17773438e-02	3.67056478e-06	3.64676978e-04
2.18261719e-02	3.68841267e-06	3.66372849e-04
2.18750000e-02	3.70634359e-06	3.68077279e-04
2.19238281e-02	3.72435793e-06	3.69790311e-04
2.19726562e-02	3.74245613e-06	3.71511986e-04
2.20214844e-02	3.76063861e-06	3.73242345e-04
2.20703125e-02	3.77890579e-06	3.74981432e-04
2.21191406e-02	3.79725811e-06	3.76729287e-04
2.21679688e-02	3.81569598e-06	3.78485955e-04
2.22167969e-02	3.83421984e-06	3.80251476e-04
2.22656250e-02	3.85283013e-06	3.82025895e-04
2.23144531e-02	3.87152728e-06	3.83809255e-04
2.23632813e-02	3.89031172e-06	3.85601599e-04
2.24121094e-02	3.90918390e-06	3.87402969e-04
2.24609375e-02	3.92814426e-06	3.89213412e-04
2.25097656e-02	3.94719325e-06	3.91032969e-04
2.25585938e-02	3.96633130e-06	3.92861687e-04
2.26074219e-02	3.98555887e-06	3.94699608e-04
2.26562500e-02	4.00487641e-06	3.96546778e-04
2.27050781e-02	4.02428437e-06	3.98403243e-04
2.27539063e-02	4.04378320e-06	4.00269046e-04
2.28027344e-02	4.06337337e-06	4.02144233e-04
2.28515625e-02	4.08305533e-06	4.04028851e-04
2.29003906e-02	4.10282955e-06	4.05922945e-04
2.29492188e-02	4.12269648e-06	4.07826561e-04
2.29980469e-02	4.14265659e-06	4.09739745e-04
2.30468750e-02	4.16271036e-06	4.11662545e-04
2.30957031e-02	4.18285825e-06	4.13595006e-04
2.31445313e-02	4.20310073e-06	4.15537177e-04
2.31933594e-02	4.22343829e-06	4.17489104e-04
2.32421875e-02	4.24387139e-06	4.19450834e-04
2.32910156e-02	4.26440052e-06	4.21422417e-04
2.33398438e-02	4.28502617e-06	4.23403899e-04
2.33886719e-02	4.30574880e-06	4.25395329e-04
2.34375000e-02	4.32656892e-06	4.27396756e-04
2.34863281e-02	4.34748701e-06	4.29408228e-04
2.35351563e-02	4.36850357e-06	4.31429794e-04
2.35839844e-02	4.38961908e-06	4.33461504e-04
2.36328125e-02	4.41083404e-06	4.35503408e-04
2.36816406e-02	4.43214896e-06	4.37555554e-04
2.37304688e-02	4.45356433e-06	4.39617994e-04
2.37792969e-02	4.47508065e-06	4.41690777e-04
2.38281250e-02	4.49669845e-06	4.43773953e-04
2.38769531e-02	4.51841821e-06	4.45867575e-04
2.39257812e-02	4.54024046e-06	4.47971692e-04
2.39746094e-02	4.56216570e-06	4.50086357e-04
2.40234375e-02	4.58419446e-06	4.52211620e-04
2.40722656e-02	4.60632725e-06	4.54347534e-04
2.41210938e-02	4.62856460e-06	4.56494151e-04
2.41699219e-02	4.65090702e-06	4.58651523e-04
2.42187500e-02	4.67335505e-06	4.60819703e-04
2.42675781e-02	4.69590921e-06	4.62998743e-04
2.43164063e-02	4.71857004e-06	4.65188698e-04
2.43652344e-02	4.74133806e-06	4.67389620e-04
2.44140625e-02	4.76421383e-06	4.69601563e-04
2.44628906e-02	4.78719786e-06	4.71824581e-04
2.45117188e-02	4.81029072e-06	4.74058729e-04
2.45605469e-02	4.83349293e-06	4.76304061e-04
2.46093750e-02	4.85680506e-06	4.78560631e-04
2.46582031e-02	4.88022765e-06	4.80828496e-04
2.47070313e-02	4.90376124e-06	4.83107710e-04
2.47558594e-02	4.92740641e-06	4.85398330e-04
2.48046875e-02	4.95116370e-06	4.87700410e-04
2.48535156e-02	4.97503369e-06	4.90014008e-04
2.49023438e-02	4.99901692e-06	4.92339180e-04
2.49511719e-02	5.02311397e-06	4.94675982e-04
2.50000000e-02	5.04732540e-06	4.97024473e-04
2.50488281e-02	5.07165180e-06	4.99384708e-04
2.50976563e-02	5.09609373e-06	5.01756747e-04
2.51464844e-02	5.12065177e-06	5.04140647e-04
2.51953125e-02	5.14532651e-06	5.06536466e-04
2.52441406e-02	5.17011852e-06	5.08944263e-04
2.52929688e-02	5.19502839e-06	5.11364096e-04
2.53417969e-02	5.22005671e-06	5.13796026e-04
2.53906250e-02	5.24520408e-06	5.16240111e-04
2.54394531e-02	5.27047108e-06	5.18696412e-04
2.54882813e-02	5.29585832e-06	5.21164988e-04
2.55371094e-02	5.32136640e-06	5.23645899e-04
2.55859375e-02	5.34699592e-06	5.26139208e-04
2.56347656e-02	5.37274749e-06	5.28644973e-04
2.56835938e-02	5.39862171e-06	5.31163258e-04
2.57324219e-02	5.42461921e-06	5.33694123e-04
2.57812500e-02	5.45074059e-06	5.36237630e-04
2.58300781e-02	5.47698647e-06	5.38793843e-04
2.58789062e-02	5.50335749e-06	5.41362822e-04
2.59277344e-02	5.52985425e-06	5.43944632e-04
2.59765625e-02	5.55647739e-06	5.46539335e-04
2.60253906e-02	5.58322755e-06	5.49146996e-04
2.60742188e-02	5.61010535e-06	5.51767677e-04
2.61230469e-02	5.63711143e-06	5.54401443e-04
2.61718750e-02	5.66424644e-06	5.57048359e-04
2.62207031e-02	5.69151101e-06	5.59708490e-04
2.62695313e-02	5.71890579e-06	5.62381900e-04
2.63183594e-02	5.74643144e-06	5.65068655e-04
2.63671875e-02	5.77408861e-06	5.67768821e-04
2.64160156e-02	5.80187794e-06	5.70482464e-04
2.64648438e-02	5.82980011e-06	5.73209651e-04
2.65136719e-02	5.85785578e-06	5.75950449e-04
2.65625000e-02	5.88604561e-06	5.78704924e-04
2.66113281e-02	5.91437027e-06	5.81473145e-04
2.66601563e-02	5.94283043e-06	5.84255179e-04
2.67089844e-02	5.97142678e-06	5.87051094e-04
2.67578125e-02	6.00015998e-06	5.89860960e-04
2.68066406e-02	6.02903073e-06	5.92684844e-04
2.68554688e-02	6.05803971e-06	5.95522816e-04
2.69042969e-02	6.08718760e-06	5.98374946e-04
2.69531250e-02	6.11647511e-06	6.01241304e-04
2.70019531e-02	6.14590292e-06	6.04121960e-04
2.70507813e-02	6.17547174e-06	6.07016984e-04
2.70996094e-02	6.20518227e-06	6.09926449e-04
2.71484375e-02	6.23503523e-06	6.12850424e-04
2.71972656e-02	6.26503131e-06	6.15788983e-04
2.72460938e-02	6.29517123e-06	6.18742197e-04
2.72949219e-02	6.32545571e-06	6.21710138e-04
2.73437500e-02	6.35588547e-06	6.24692880e-04
2.73925781e-02	6.38646123e-06	6.27690496e-04
2.74414063e-02	6.41718373e-06	6.30703059e-04
2.74902344e-02	6.44805370e-06	6.33730643e-04
2.75390625e-02	6.47907186e-06	6.36773323e-04
2.75878906e-02	6.51023896e-06	6.39831173e-04
2.76367188e-02	6.54155575e-06	6.42904269e-04
2.76855469e-02	6.57302296e-06	6.45992686e-04
2.77343750e-02	6.60464134e-06	6.49096499e-04
2.77832031e-02	6.63641166e-06	6.52215786e-04
2.78320312e-02	6.66833467e-06	6.55350623e-04
2.78808594e-02	6.70041113e-06	6.58501087e-04
2.79296875e-02	6.73264180e-06	6.61667254e-04
2.79785156e-02	6.76502746e-06	6.64849204e-04
2.80273438e-02	6.79756887e-06	6.68047015e-04
2.80761719e-02	6.83026681e-06	6.71260764e-04
2.81250000e-02	6.86312207e-06	6.74490531e-04
2.81738281e-02	6.89613542e-06	6.77736395e-04
2.82226563e-02	6.92930766e-06	6.80998437e-04
2.82714844e-02	6.96263957e-06	6.84276736e-04
2.83203125e-02	6.99613196e-06	6.87571373e-04
2.83691406e-02	7.02978562e-06	6.90882429e-04
2.84179688e-02	7.06360135e-06	6.94209986e-04
2.84667969e-02	7.09757996e-06	6.97554125e-04
2.85156250e-02	7.13172228e-06	7.00914929e-04
2.85644531e-02	7.16602910e-06	7.04292480e-04
2.86132813e-02	7.20050125e-06	7.07686861e-04
2.86621094e-02	7.23513955e-06	7.11098157e-04
2.87109375e-02	7.26994484e-06	7.14526450e-04
2.87597656e-02	7.30491795e-06	7.17971826e-04
2.88085938e-02	7.34005970e-06	7.21434369e-04
2.88574219e-02	7.37537094e-06	7.24914165e-04
2.89062500e-02	7.41085252e-06	7.28411298e-04
2.89550781e-02	7.44650528e-06	7.31925856e-04
2.90039063e-02	7.48233008e-06	7.35457924e-04
2.90527344e-02	7.51832778e-06	7.39007590e-04
2.91015625e-02	7.55449922e-06	7.42574941e-04
2.91503906e-02	7.59084529e-06	7.46160065e-04
2.91992188e-02	7.62736685e-06	7.49763051e-04
2.92480469e-02	7.66406478e-06	7.53383986e-04
2.92968750e-02	7.70093995e-06	7.57022961e-04
2.93457031e-02	7.73799325e-06	7.60680065e-04
2.93945313e-02	7.77522556e-06	7.64355388e-04
2.94433594e-02	7.81263777e-06	7.68049020e-04
2.94921875e-02	7.85023079e-06	7.71761053e-04
2.95410156e-02	7.88800552e-06	7.75491579e-04
2.95898438e-02	7.92596285e-06	7.79240688e-04
2.96386719e-02	7.96410369e-06	7.83008474e-04
2.96875000e-02	8.00242898e-06	7.86795029e-04
2.97363281e-02	8.04093961e-06	7.90600447e-04
2.97851562e-02	8.07963651e-06	7.94424822e-04
2.98339844e-02	8.11852062e-06	7.98268248e-04
2.98828125e-02	8.15759286e-06	8.02130820e-04
2.99316406e-02	8.19685418e-06	8.06012632e-04
2.99804688e-02	8.23630551e-06	8.09913782e-04
3.00292969e-02	8.27594780e-06	8.13834364e-04
3.00781250e-02	8.31578200e-06	8.17774476e-04
3.01269531e-02	8.35580906e-06	8.21734215e-04
3.01757813e-02	8.39602996e-06	8.25713679e-04
3.02246094e-02	8.43644565e-06	8.29712965e-04
3.02734375e-02	8.47705710e-06	8.33732173e-04
3.03222656e-02	8.51786530e-06	8.37771402e-04
3.03710938e-02	8.55887121e-06	8.41830751e-04
3.04199219e-02	8.60007582e-06	8.45910321e-04
3.04687500e-02	8.64148013e-06	8.50010213e-04
3.05175781e-02	8.68308513e-06	8.54130527e-04
3.05664063e-02	8.72489182e-06	8.58271365e-04
3.06152344e-02	8.76690120e-06	8.62432830e-04
3.06640625e-02	8.80911428e-06	8.66615024e-04
3.07128906e-02	8.85153208e-06	8.70818052e-04
3.07617188e-02	8.89415562e-06	8.75042015e-04
3.08105469e-02	8.93698592e-06	8.79287020e-04
3.08593750e-02	8.98002401e-06	8.83553170e-04
3.09082031e-02	9.02327092e-06	8.87840571e-04
3.09570313e-02	9.06672771e-06	8.92149329e-04
3.10058594e-02	9.11039541e-06	8.96479551e-04
3.10546875e-02	9.15427507e-06	9.00831344e-04
3.11035156e-02	9.19836775e-06	9.05204814e-04
3.11523438e-02	9.24267451e-06	9.09600071e-04
3.12011719e-02	9.28719641e-06	9.14017222e-04
3.12500000e-02	9.33193454e-06	9.18456378e-04
3.12988281e-02	9.37688996e-06	9.22917647e-04
3.13476563e-02	9.42206376e-06	9.27401141e-04
3.13964844e-02	9.46745702e-06	9.31906970e-04
3.14453125e-02	9.51307085e-06	9.36435244e-04
3.14941406e-02	9.55890633e-06	9.40986078e-04
3.15429688e-02	9.60496457e-06	9.45559582e-04
3.15917969e-02	9.65124669e-06	9.50155871e-04
3.16406250e-02	9.69775379e-06	9.54775057e-04
3.16894531e-02	9.74448700e-06	9.59417255e-04
3.17382812e-02	9.79144744e-06	9.64082580e-04
3.17871094e-02	9.83863626e-06	9.68771148e-04
3.18359375e-02	9.88605457e-06	9.73483074e-04
3.18847656e-02	9.93370354e-06	9.78218475e-04
3.19335938e-02	9.98158430e-06	9.82977468e-04
3.19824219e-02	1.00296980e-05	9.87760171e-04
3.20312500e-02	1.00780458e-05	9.92566703e-04
3.20800781e-02	1.01266289e-05	9.97397182e-04
3.21289062e-02	1.01754485e-05	1.00225173e-03
3.21777344e-02	1.02245057e-05	1.00713046e-03
3.22265625e-02	1.02738017e-05	1.01203350e-03
3.22753906e-02	1.03233377e-05	1.01696097e-03
3.23242188e-02	1.03731149e-05	1.02191300e-03
3.23730469e-02	1.04231345e-05	1.02688969e-03
3.24218750e-02	1.04733977e-05	1.03189118e-03
3.24707031e-02	1.05239057e-05	1.03691760e-03
3.25195313e-02	1.05746598e-05	1.04196906e-03
3.25683594e-02	1.06256611e-05	1.04704569e-03
3.26171875e-02	1.06769109e-05	1.05214762e-03
3.26660156e-02	1.07284105e-05	1.05727497e-03
3.27148438e-02	1.07801611e-05	1.06242787e-03
3.27636719e-02	1.08321639e-05	1.06760645e-03
3.28125000e-02	1.08844201e-05	1.07281084e-03
3.28613281e-02	1.09369312e-05	1.07804116e-03
3.29101563e-02	1.09896982e-05	1.08329755e-03
3.29589844e-02	1.10427226e-05	1.08858013e-03
3.30078125e-02	1.10960055e-05	1.09388904e-03
3.30566406e-02	1.11495483e-05	1.09922441e-03
3.31054687e-02	1.12033523e-05	1.10458636e-03
3.31542969e-02	1.12574188e-05	1.10997504e-03
3.32031250e-02	1.13117490e-05	1.11539058e-03
3.32519531e-02	1.13663443e-05	1.12083311e-03
3.33007813e-02	1.14212060e-05	1.12630276e-03
3.33496094e-02	1.14763354e-05	1.13179968e-03
3.33984375e-02	1.15317340e-05	1.13732400e-03
3.34472656e-02	1.15874029e-05	1.14287585e-03
3.34960938e-02	1.16433436e-05	1.14845537e-03
3.35449219e-02	1.16995574e-05	1.15406271e-03
3.35937500e-02	1.17560457e-05	1.15969799e-03
3.36425781e-02	1.18128099e-05	1.16536137e-03
3.36914062e-02	1.18698512e-05	1.17105298e-03
3.37402344e-02	1.19271712e-05	1.17677296e-03
3.37890625e-02	1.19847712e-05	1.18252145e-03
3.38378906e-02	1.20426525e-05	1.18829861e-03
3.38867188e-02	1.21008167e-05	1.19410456e-03
3.39355469e-02	1.21592650e-05	1.19993946e-03
3.39843750e-02	1.22179990e-05	1.20580345e-03
3.40332031e-02	1.22770200e-05	1.21169667e-03
3.40820312e-02	1.23363294e-05	1.21761928e-03
3.41308594e-02	1.23959288e-05	1.22357141e-03
3.41796875e-02	1.24558196e-05	1.22955323e-03
3.42285156e-02	1.25160031e-05	1.23556487e-03
3.42773438e-02	1.25764809e-05	1.24160648e-03
3.43261719e-02	1.26372545e-05	1.24767822e-03
3.43750000e-02	1.26983252e-05	1.25378023e-03
3.44238281e-02	1.27596947e-05	1.25991267e-03
3.44726563e-02	1.28213643e-05	1.26607569e-03
3.45214844e-02	1.28833356e-05	1.27226945e-03
3.45703125e-02	1.29456101e-05	1.27849409e-03
3.46191406e-02	1.30081893e-05	1.28474977e-03
3.46679688e-02	1.30710747e-05	1.29103665e-03
3.47167969e-02	1.31342679e-05	1.29735489e-03
3.47656250e-02	1.31977703e-05	1.30370464e-03
3.48144531e-02	1.32615836e-05	1.31008605e-03
3.48632813e-02	1.33257092e-05	1.31649929e-03
3.49121094e-02	1.33901487e-05	1.32294452e-03
3.49609375e-02	1.34549038e-05	1.32942190e-03
3.50097656e-02	1.35199759e-05	1.33593159e-03
3.50585937e-02	1.35853666e-05	1.34247374e-03
3.51074219e-02	1.36510776e-05	1.34904853e-03
3.51562500e-02	1.37171105e-05	1.35565612e-03
3.52050781e-02	1.37834667e-05	1.36229666e-03
3.52539063e-02	1.38501481e-05	1.36897034e-03
3.53027344e-02	1.39171561e-05	1.37567730e-03
3.53515625e-02	1.39844924e-05	1.38241773e-03
3.54003906e-02	1.40521586e-05	1.38919178e-03
3.54492188e-02	1.41201564e-05	1.39599963e-03
3.54980469e-02	1.41884875e-05	1.40284145e-03
3.55468750e-02	1.42571535e-05	1.40971740e-03
3.55957031e-02	1.43261561e-05	1.41662766e-03
3.56445312e-02	1.43954969e-05	1.42357239e-03
3.56933594e-02	1.44651777e-05	1.43055178e-03
3.57421875e-02	1.45352001e-05	1.43756600e-03
3.57910156e-02	1.46055658e-05	1.44461521e-03
3.58398438e-02	1.46762766e-05	1.45169961e-03
3.58886719e-02	1.47473342e-05	1.45881935e-03
3.59375000e-02	1.48187403e-05	1.46597462e-03
3.59863281e-02	1.48904967e-05	1.47316561e-03
3.60351562e-02	1.49626050e-05	1.48039248e-03
3.60839844e-02	1.50350671e-05	1.48765542e-03
3.61328125e-02	1.51078848e-05	1.49495460e-03
3.61816406e-02	1.51810597e-05	1.50229022e-03
3.62304688e-02	1.52545937e-05	1.50966245e-03
3.62792969e-02	1.53284886e-05	1.51707148e-03
3.63281250e-02	1.54027461e-05	1.52451749e-03
3.63769531e-02	1.54773681e-05	1.53200067e-03
3.64257813e-02	1.55523565e-05	1.53952120e-03
3.64746094e-02	1.56277129e-05	1.54707927e-03
3.65234375e-02	1.57034393e-05	1.55467507e-03
3.65722656e-02	1.57795376e-05	1.56230880e-03
3.66210938e-02	1.58560095e-05	1.56998063e-03
3.66699219e-02	1.59328569e-05	1.57769076e-03
3.67187500e-02	1.60100818e-05	1.58543939e-03
3.67675781e-02	1.60876859e-05	1.59322670e-03
3.68164063e-02	1.61656713e-05	1.60105290e-03
3.68652344e-02	1.62440397e-05	1.60891817e-03
3.69140625e-02	1.63227932e-05	1.61682271e-03
3.69628906e-02	1.64019335e-05	1.62476673e-03
3.70117187e-02	1.64814628e-05	1.63275041e-03
3.70605469e-02	1.65613828e-05	1.64077396e-03
3.71093750e-02	1.66416956e-05	1.64883758e-03
3.71582031e-02	1.67224031e-05	1.65694147e-03
3.72070313e-02	1.68035072e-05	1.66508582e-03
3.72558594e-02	1.68850101e-05	1.67327086e-03
3.73046875e-02	1.69669136e-05	1.68149677e-03
3.73535156e-02	1.70492198e-05	1.68976376e-03
3.74023438e-02	1.71319306e-05	1.69807205e-03
3.74511719e-02	1.72150481e-05	1.70642183e-03
3.75000000e-02	1.72985744e-05	1.71481332e-03
3.75488281e-02	1.73825114e-05	1.72324673e-03
3.75976562e-02	1.74668612e-05	1.73172227e-03
3.76464844e-02	1.75516259e-05	1.74024014e-03
3.76953125e-02	1.76368076e-05	1.74880057e-03
3.77441406e-02	1.77224083e-05	1.75740376e-03
3.77929688e-02	1.78084301e-05	1.76604993e-03
3.78417969e-02	1.78948751e-05	1.77473929e-03
3.78906250e-02	1.79817455e-05	1.78347208e-03
3.79394531e-02	1.80690434e-05	1.79224849e-03
3.79882813e-02	1.81567709e-05	1.80106875e-03
3.80371094e-02	1.82449301e-05	1.80993309e-03
3.80859375e-02	1.83335232e-05	1.81884172e-03
3.81347656e-02	1.84225524e-05	1.82779486e-03
3.81835938e-02	1.85120199e-05	1.83679275e-03
3.82324219e-02	1.86019278e-05	1.84583559e-03
3.82812500e-02	1.86922784e-05	1.85492363e-03
3.83300781e-02	1.87830738e-05	1.86405709e-03
3.83789063e-02	1.88743163e-05	1.87323620e-03
3.84277344e-02	1.89660082e-05	1.88246118e-03
3.84765625e-02	1.90581516e-05	1.89173227e-03
3.85253906e-02	1.91507488e-05	1.90104969e-03
3.85742188e-02	1.92438021e-05	1.91041369e-03
3.86230469e-02	1.93373138e-05	1.91982449e-03
3.86718750e-02	1.94312861e-05	1.92928234e-03
3.87207031e-02	1.95257214e-05	1.93878746e-03
3.87695313e-02	1.96206220e-05	1.94834010e-03
3.88183594e-02	1.97159902e-05	1.95794050e-03
3.88671875e-02	1.98118283e-05	1.96758889e-03
3.89160156e-02	1.99081387e-05	1.97728551e-03
3.89648438e-02	2.00049237e-05	1.98703062e-03
3.90136719e-02	2.01021858e-05	1.99682445e-03
3.90625000e-02	2.01999273e-05	2.00666725e-03
3.91113281e-02	2.02981506e-05	2.01655926e-03
3.91601563e-02	2.03968581e-05	2.02650074e-03
3.92089844e-02	2.04960523e-05	2.03649192e-03
3.92578125e-02	2.05957355e-05	2.04653307e-03
3.93066406e-02	2.06959103e-05	2.05662444e-03
3.93554688e-02	2.07965790e-05	2.06676627e-03
3.94042969e-02	2.08977442e-05	2.07695881e-03
3.94531250e-02	2.09994082e-05	2.08720234e-03
3.95019531e-02	2.11015738e-05	2.09749709e-03
3.95507812e-02	2.12042432e-05	2.10784334e-03
3.95996094e-02	2.13074191e-05	2.11824134e-03
3.96484375e-02	2.14111040e-05	2.12869134e-03
3.96972656e-02	2.15153004e-05	2.13919362e-03
3.97460938e-02	2.16200109e-05	2.14974843e-03
3.97949219e-02	2.17252381e-05	2.16035604e-03
3.98437500e-02	2.18309845e-05	2.17101671e-03
3.98925781e-02	2.19372527e-05	2.18173072e-03
3.99414063e-02	2.20440454e-05	2.19249833e-03
3.99902344e-02	2.21513652e-05	2.20331981e-03
4.00390625e-02	2.22592147e-05	2.21419543e-03
4.00878906e-02	2.23675965e-05	2.22512546e-03
4.01367188e-02	2.24765134e-05	2.23611019e-03
4.01855469e-02	2.25859680e-05	2.24714987e-03
4.02343750e-02	2.26959630e-05	2.25824480e-03
4.02832031e-02	2.28065011e-05	2.26939525e-03
4.03320313e-02	2.29175850e-05	2.28060150e-03
4.03808594e-02	2.30292174e-05	2.29186383e-03
4.04296875e-02	2.31414012e-05	2.30318252e-03
4.04785156e-02	2.32541390e-05	2.31455785e-03
4.05273438e-02	2.33674336e-05	2.32599012e-03
4.05761719e-02	2.34812879e-05	2.33747961e-03
4.06250000e-02	2.35957045e-05	2.34902660e-03
4.06738281e-02	2.37106864e-05	2.36063139e-03
4.07226563e-02	2.38262363e-05	2.37229427e-03
4.07714844e-02	2.39423572e-05	2.38401553e-03
4.08203125e-02	2.40590518e-05	2.39579546e-03
4.08691406e-02	2.41763230e-05	2.40763437e-03
4.09179688e-02	2.42941738e-05	2.41953254e-03
4.09667969e-02	2.44126070e-05	2.43149028e-03
4.10156250e-02	2.45316255e-05	2.44350788e-03
4.10644531e-02	2.46512322e-05	2.45558566e-03
4.11132813e-02	2.47714302e-05	2.46772390e-03
4.11621094e-02	2.48922224e-05	2.47992292e-03
4.12109375e-02	2.50136117e-05	2.49218303e-03
4.12597656e-02	2.51356011e-05	2.50450452e-03
4.13085938e-02	2.52581937e-05	2.51688772e-03
4.13574219e-02	2.53813925e-05	2.52933292e-03
4.14062500e-02	2.55052004e-05	2.54184045e-03
4.14550781e-02	2.56296206e-05	2.55441062e-03
4.15039062e-02	2.57546561e-05	2.56704374e-03
4.15527344e-02	2.58803100e-05	2.57974013e-03
4.16015625e-02	2.60065854e-05	2.59250012e-03
4.16503906e-02	2.61334854e-05	2.60532401e-03
4.16992188e-02	2.62610132e-05	2.61821214e-03
4.17480469e-02	2.63891718e-05	2.63116482e-03
4.17968750e-02	2.65179644e-05	2.64418239e-03
4.18457031e-02	2.66473943e-05	2.65726516e-03
4.18945313e-02	2.67774646e-05	2.67041348e-03
4.19433594e-02	2.69081785e-05	2.68362766e-03
4.19921875e-02	2.70395392e-05	2.69690805e-03
4.20410156e-02	2.71715500e-05	2.71025497e-03
4.20898438e-02	2.73042142e-05	2.72366876e-03
4.21386719e-02	2.74375349e-05	2.73714976e-03
4.21875000e-02	2.75715156e-05	2.75069831e-03
4.22363281e-02	2.77061595e-05	2.76431474e-03
4.22851563e-02	2.78414699e-05	2.77799941e-03
4.23339844e-02	2.79774502e-05	2.79175265e-03
4.23828125e-02	2.81141037e-05	2.80557481e-03
4.24316406e-02	2.82514338e-05	2.81946624e-03
4.24804688e-02	2.83894439e-05	2.83342728e-03
4.25292969e-02	2.85281374e-05	2.84745830e-03
4.25781250e-02	2.86675177e-05	2.86155964e-03
4.26269531e-02	2.88075883e-05	2.87573165e-03
4.26757813e-02	2.89483526e-05	2.88997470e-03
4.27246094e-02	2.90898141e-05	2.90428914e-03
4.27734375e-02	2.92319763e-05	2.91867533e-03
4.28222656e-02	2.93748428e-05	2.93313364e-03
4.28710938e-02	2.95184169e-05	2.94766442e-03
4.29199219e-02	2.96627024e-05	2.96226805e-03
4.29687500e-02	2.98077027e-05	2.97694489e-03
4.30175781e-02	2.99534215e-05	2.99169532e-03
4.30664063e-02	3.00998623e-05	3.00651969e-03
4.31152344e-02	3.02470287e-05	3.02141839e-03
4.31640625e-02	3.03949245e-05	3.03639179e-03
4.32128906e-02	3.05435532e-05	3.05144027e-03
4.32617188e-02	3.06929185e-05	3.06656421e-03
4.33105469e-02	3.08430242e-05	3.08176398e-03
4.33593750e-02	3.09938739e-05	3.09703998e-03
4.34082031e-02	3.11454714e-05	3.11239258e-03
4.34570312e-02	3.12978204e-05	3.12782217e-03
4.35058594e-02	3.14509246e-05	3.14332915e-03
4.35546875e-02	3.16047880e-05	3.15891389e-03
4.36035156e-02	3.17594142e-05	3.17457681e-03
4.36523438e-02	3.19148072e-05	3.19031828e-03
4.37011719e-02	3.20709707e-05	3.20613870e-03
4.37500000e-02	3.22279086e-05	3.22203849e-03
4.37988281e-02	3.23856248e-05	3.23801802e-03
4.38476563e-02	3.25441233e-05	3.25407772e-03
4.38964844e-02	3.27034078e-05	3.27021798e-03
4.39453125e-02	3.28634825e-05	3.28643920e-03
4.39941406e-02	3.30243511e-05	3.30274181e-03
4.40429688e-02	3.31860178e-05	3.31912621e-03
4.40917969e-02	3.33484866e-05	3.33559281e-03
4.41406250e-02	3.35117613e-05	3.35214203e-03
4.41894531e-02	3.36758462e-05	3.36877428e-03
4.42382813e-02	3.38407452e-05	3.38548999e-03
4.42871094e-02	3.40064625e-05	3.40228957e-03
4.43359375e-02	3.41730021e-05	3.41917346e-03
4.43847656e-02	3.43403682e-05	3.43614207e-03
4.44335938e-02	3.45085650e-05	3.45319584e-03
4.44824219e-02	3.46775965e-05	3.47033519e-03
4.45312500e-02	3.48474670e-05	3.48756055e-03
4.45800781e-02	3.50181807e-05	3.50487237e-03
4.46289063e-02	3.51897418e-05	3.52227108e-03
4.46777344e-02	3.53621546e-05	3.53975711e-03
4.47265625e-02	3.55354233e-05	3.55733091e-03
4.47753906e-02	3.57095523e-05	3.57499293e-03
4.48242188e-02	3.58845459e-05	3.59274360e-03
4.48730469e-02	3.60604084e-05	3.61058338e-03
4.49218750e-02	3.62371441e-05	3.62851271e-03
4.49707031e-02	3.64147575e-05	3.64653205e-03
4.50195313e-02	3.65932530e-05	3.66464186e-03
4.50683594e-02	3.67726349e-05	3.68284259e-03
4.51171875e-02	3.69529078e-05	3.70113469e-03
4.51660156e-02	3.71340761e-05	3.71951864e-03
4.52148438e-02	3.73161443e-05	3.73799490e-03
4.52636719e-02	3.74991169e-05	3.75656393e-03
4.53125000e-02	3.76829985e-05	3.77522620e-03
4.53613281e-02	3.78677937e-05	3.79398219e-03
4.54101562e-02	3.80535069e-05	3.81283236e-03
4.54589844e-02	3.82401429e-05	3.83177719e-03
4.55078125e-02	3.84277062e-05	3.85081717e-03
4.55566406e-02	3.86162016e-05	3.86995277e-03
4.56054688e-02	3.88056336e-05	3.88918448e-03
4.56542969e-02	3.89960071e-05	3.90851277e-03
4.57031250e-02	3.91873267e-05	3.92793815e-03
4.57519531e-02	3.93795972e-05	3.94746110e-03
4.58007813e-02	3.95728234e-05	3.96708212e-03
4.58496094e-02	3.97670100e-05	3.98680169e-03
4.58984375e-02	3.99621619e-05	4.00662033e-03
4.59472656e-02	4.01582839e-05	4.02653853e-03
4.59960938e-02	4.03553810e-05	4.04655678e-03
4.60449219e-02	4.05534579e-05	4.06667561e-03
4.60937500e-02	4.07525197e-05	4.08689552e-03
4.61425781e-02	4.09525713e-05	4.10721702e-03
4.61914063e-02	4.11536176e-05	4.12764061e-03
4.62402344e-02	4.13556637e-05	4.14816683e-03
4.62890625e-02	4.15587146e-05	4.16879619e-03
4.63378906e-02	4.17627753e-05	4.18952921e-03
4.63867188e-02	4.19678508e-05	4.21036641e-03
4.64355469e-02	4.21739464e-05	4.23130833e-03
4.64843750e-02	4.23810671e-05	4.25235548e-03
4.65332031e-02	4.25892181e-05	4.27350841e-03
4.65820313e-02	4.27984045e-05	4.29476765e-03
4.66308594e-02	4.30086316e-05	4.31613374e-03
4.66796875e-02	4.32199046e-05	4.33760721e-03
4.67285156e-02	4.34322287e-05	4.35918862e-03
4.67773438e-02	4.36456092e-05	4.38087850e-03
4.68261719e-02	4.38600515e-05	4.40267740e-03
4.68750000e-02	4.40755609e-05	4.42458589e-03
4.69238281e-02	4.42921427e-05	4.44660450e-03
4.69726563e-02	4.45098023e-05	4.46873381e-03
4.70214844e-02	4.47285452e-05	4.49097436e-03
4.70703125e-02	4.49483767e-05	4.51332673e-03
4.71191406e-02	4.51693025e-05	4.53579147e-03
4.71679688e-02	4.53913279e-05	4.55836916e-03
4.72167969e-02	4.56144585e-05	4.58106037e-03
4.72656250e-02	4.58386998e-05	4.60386567e-03
4.73144531e-02	4.60640575e-05	4.62678564e-03
4.73632812e-02	4.62905372e-05	4.64982086e-03
4.74121094e-02	4.65181444e-05	4.67297192e-03
4.74609375e-02	4.67468849e-05	4.69623940e-03
4.75097656e-02	4.69767644e-05	4.71962388e-03
4.75585938e-02	4.72077886e-05	4.74312597e-03
4.76074219e-02	4.74399632e-05	4.76674626e-03
4.76562500e-02	4.76732940e-05	4.79048534e-03
4.77050781e-02	4.79077869e-05	4.81434381e-03
4.77539063e-02	4.81434477e-05	4.83832229e-03
4.78027344e-02	4.83802823e-05	4.86242138e-03
4.78515625e-02	4.86182965e-05	4.88664169e-03
4.79003906e-02	4.88574964e-05	4.91098383e-03
4.79492188e-02	4.90978878e-05	4.93544842e-03
4.79980469e-02	4.93394768e-05	4.96003608e-03
4.80468750e-02	4.95822693e-05	4.98474743e-03
4.80957031e-02	4.98262715e-05	5.00958311e-03
4.81445313e-02	5.00714895e-05	5.03454373e-03
4.81933594e-02	5.03179293e-05	5.05962994e-03
4.82421875e-02	5.05655971e-05	5.08484236e-03
4.82910156e-02	5.08144990e-05	5.11018164e-03
4.83398438e-02	5.10646413e-05	5.13564841e-03
4.83886719e-02	5.13160303e-05	5.16124334e-03
4.84375000e-02	5.15686722e-05	5.18696706e-03
4.84863281e-02	5.18225732e-05	5.21282022e-03
4.85351563e-02	5.20777398e-05	5.23880348e-03
4.85839844e-02	5.23341783e-05	5.26491751e-03
4.86328125e-02	5.25918951e-05	5.29116296e-03
4.86816406e-02	5.28508967e-05	5.31754050e-03
4.87304688e-02	5.31111894e-05	5.34405080e-03
4.87792969e-02	5.33727799e-05	5.37069452e-03
4.88281250e-02	5.36356746e-05	5.39747236e-03
4.88769531e-02	5.38998801e-05	5.42438498e-03
4.89257813e-02	5.41654030e-05	5.45143307e-03
4.89746094e-02	5.44322499e-05	5.47861731e-03
4.90234375e-02	5.47004275e-05	5.50593840e-03
4.90722656e-02	5.49699426e-05	5.53339702e-03
4.91210938e-02	5.52408017e-05	5.56099388e-03
4.91699219e-02	5.55130118e-05	5.58872968e-03
4.92187500e-02	5.57865795e-05	5.61660512e-03
4.92675781e-02	5.60615118e-05	5.64462090e-03
4.93164062e-02	5.63378155e-05	5.67277774e-03
4.93652344e-02	5.66154975e-05	5.70107635e-03
4.94140625e-02	5.68945647e-05	5.72951745e-03
4.94628906e-02	5.71750241e-05	5.75810177e-03
4.95117188e-02	5.74568828e-05	5.78683003e-03
4.95605469e-02	5.77401478e-05	5.81570295e-03
4.96093750e-02	5.80248261e-05	5.84472128e-03
4.96582031e-02	5.83109249e-05	5.87388574e-03
4.97070313e-02	5.85984514e-05	5.90319708e-03
4.97558594e-02	5.88874126e-05	5.93265605e-03
4.98046875e-02	5.91778159e-05	5.96226339e-03
4.98535156e-02	5.94696685e-05	5.99201985e-03
4.99023438e-02	5.97629778e-05	6.02192619e-03
4.99511719e-02	6.00577509e-05	6.05198317e-03
5.00000000e-02	6.03539954e-05	6.08219156e-03
5.00488281e-02	6.06517187e-05	6.11255211e-03
5.00976563e-02	6.09509281e-05	6.14306561e-03
5.01464844e-02	6.12516312e-05	6.17373283e-03
5.01953125e-02	6.15538355e-05	6.20455454e-03
5.02441406e-02	6.18575485e-05	6.23553153e-03
5.02929688e-02	6.21627779e-05	6.26666458e-03
5.03417969e-02	6.24695313e-05	6.29795450e-03
5.03906250e-02	6.27778164e-05	6.32940207e-03
5.04394531e-02	6.30876408e-05	6.36100809e-03
5.04882813e-02	6.33990125e-05	6.39277337e-03
5.05371094e-02	6.37119390e-05	6.42469871e-03
5.05859375e-02	6.40264284e-05	6.45678493e-03
5.06347656e-02	6.43424884e-05	6.48903284e-03
5.06835938e-02	6.46601269e-05	6.52144326e-03
5.07324219e-02	6.49793521e-05	6.55401702e-03
5.07812500e-02	6.53001717e-05	6.58675494e-03
5.08300781e-02	6.56225939e-05	6.61965785e-03
5.08789063e-02	6.59466267e-05	6.65272660e-03
5.09277344e-02	6.62722783e-05	6.68596202e-03
5.09765625e-02	6.65995568e-05	6.71936497e-03
5.10253906e-02	6.69284704e-05	6.75293628e-03
5.10742188e-02	6.72590273e-05	6.78667681e-03
5.11230469e-02	6.75912359e-05	6.82058743e-03
5.11718750e-02	6.79251045e-05	6.85466898e-03
5.12207031e-02	6.82606414e-05	6.88892235e-03
5.12695312e-02	6.85978550e-05	6.92334841e-03
5.13183594e-02	6.89367539e-05	6.95794802e-03
5.13671875e-02	6.92773464e-05	6.99272207e-03
5.14160156e-02	6.96196412e-05	7.02767144e-03
5.14648438e-02	6.99636467e-05	7.06279703e-03
5.15136719e-02	7.03093718e-05	7.09809973e-03
5.15625000e-02	7.06568249e-05	7.13358043e-03
5.16113281e-02	7.10060148e-05	7.16924004e-03
5.16601563e-02	7.13569504e-05	7.20507946e-03
5.17089844e-02	7.17096403e-05	7.24109962e-03
5.17578125e-02	7.20640934e-05	7.27730142e-03
5.18066406e-02	7.24203187e-05	7.31368579e-03
5.18554688e-02	7.27783251e-05	7.35025365e-03
5.19042969e-02	7.31381214e-05	7.38700594e-03
5.19531250e-02	7.34997169e-05	7.42394359e-03
5.20019531e-02	7.38631205e-05	7.46106754e-03
5.20507813e-02	7.42283413e-05	7.49837874e-03
5.20996094e-02	7.45953886e-05	7.53587813e-03
5.21484375e-02	7.49642715e-05	7.57356668e-03
5.21972656e-02	7.53349994e-05	7.61144534e-03
5.22460938e-02	7.57075814e-05	7.64951508e-03
5.22949219e-02	7.60820270e-05	7.68777687e-03
5.23437500e-02	7.64583456e-05	7.72623167e-03
5.23925781e-02	7.68365466e-05	7.76488048e-03
5.24414063e-02	7.72166395e-05	7.80372427e-03
5.24902344e-02	7.75986338e-05	7.84276404e-03
5.25390625e-02	7.79825392e-05	7.88200079e-03
5.25878906e-02	7.83683653e-05	7.92143550e-03
5.26367188e-02	7.87561217e-05	7.96106918e-03
5.26855469e-02	7.91458183e-05	8.00090286e-03
5.27343750e-02	7.95374648e-05	8.04093753e-03
5.27832031e-02	7.99310711e-05	8.08117422e-03
5.28320313e-02	8.03266469e-05	8.12161396e-03
5.28808594e-02	8.07242024e-05	8.16225778e-03
5.29296875e-02	8.11237474e-05	8.20310672e-03
5.29785156e-02	8.15252921e-05	8.24416180e-03
5.30273438e-02	8.19288464e-05	8.28542409e-03
5.30761719e-02	8.23344206e-05	8.32689464e-03
5.31250000e-02	8.27420248e-05	8.36857449e-03
5.31738281e-02	8.31516693e-05	8.41046472e-03
5.32226562e-02	8.35633644e-05	8.45256639e-03
5.32714844e-02	8.39771205e-05	8.49488058e-03
5.33203125e-02	8.43929478e-05	8.53740836e-03
5.33691406e-02	8.48108570e-05	8.58015083e-03
5.34179688e-02	8.52308585e-05	8.62310906e-03
5.34667969e-02	8.56529628e-05	8.66628416e-03
5.35156250e-02	8.60771806e-05	8.70967723e-03
5.35644531e-02	8.65035226e-05	8.75328937e-03
5.36132813e-02	8.69319994e-05	8.79712169e-03
5.36621094e-02	8.73626219e-05	8.84117533e-03
5.37109375e-02	8.77954008e-05	8.88545139e-03
5.37597656e-02	8.82303472e-05	8.92995101e-03
5.38085938e-02	8.86674719e-05	8.97467533e-03
5.38574219e-02	8.91067858e-05	9.01962548e-03
5.39062500e-02	8.95483002e-05	9.06480261e-03
5.39550781e-02	8.99920260e-05	9.11020788e-03
5.40039063e-02	9.04379745e-05	9.15584245e-03
5.40527344e-02	9.08861569e-05	9.20170747e-03
5.41015625e-02	9.13365844e-05	9.24780413e-03
5.41503906e-02	9.17892685e-05	9.29413359e-03
5.41992188e-02	9.22442204e-05	9.34069704e-03
5.42480469e-02	9.27014516e-05	9.38749568e-03
5.42968750e-02	9.31609738e-05	9.43453068e-03
5.43457031e-02	9.36227983e-05	9.48180326e-03
5.43945313e-02	9.40869370e-05	9.52931462e-03
5.44433594e-02	9.45534013e-05	9.57706598e-03
5.44921875e-02	9.50222032e-05	9.62505855e-03
5.45410156e-02	9.54933544e-05	9.67329356e-03
5.45898438e-02	9.59668667e-05	9.72177224e-03
5.46386719e-02	9.64427522e-05	9.77049584e-03
5.46875000e-02	9.69210227e-05	9.81946558e-03
5.47363281e-02	9.74016904e-05	9.86868274e-03
5.47851563e-02	9.78847673e-05	9.91814855e-03
5.48339844e-02	9.83702657e-05	9.96786429e-03
5.48828125e-02	9.88581977e-05	1.00178312e-02
5.49316406e-02	9.93485757e-05	1.00680506e-02
5.49804688e-02	9.98414120e-05	1.01185238e-02
5.50292969e-02	1.00336719e-04	1.01692520e-02
5.50781250e-02	1.00834509e-04	1.02202366e-02
5.51269531e-02	1.01334795e-04	1.02714788e-02
5.51757812e-02	1.01837590e-04	1.03229799e-02
5.52246094e-02	1.02342905e-04	1.03747414e-02
5.52734375e-02	1.02850754e-04	1.04267644e-02
5.53222656e-02	1.03361150e-04	1.04790503e-02
5.53710938e-02	1.03874106e-04	1.05316005e-02
5.54199219e-02	1.04389633e-04	1.05844164e-02
5.54687500e-02	1.04907747e-04	1.06374991e-02
5.55175781e-02	1.05428458e-04	1.06908502e-02
5.55664063e-02	1.05951781e-04	1.07444709e-02
5.56152344e-02	1.06477730e-04	1.07983627e-02
5.56640625e-02	1.07006316e-04	1.08525270e-02
5.57128906e-02	1.07537553e-04	1.09069650e-02
5.57617188e-02	1.08071456e-04	1.09616782e-02
5.58105469e-02	1.08608036e-04	1.10166680e-02
5.58593750e-02	1.09147309e-04	1.10719359e-02
5.59082031e-02	1.09689287e-04	1.11274831e-02
5.59570313e-02	1.10233984e-04	1.11833112e-02
5.60058594e-02	1.10781414e-04	1.12394216e-02
5.60546875e-02	1.11331591e-04	1.12958157e-02
5.61035156e-02	1.11884528e-04	1.13524949e-02
5.61523438e-02	1.12440240e-04	1.14094607e-02
5.62011719e-02	1.12998740e-04	1.14667146e-02
5.62500000e-02	1.13560043e-04	1.15242580e-02
5.62988281e-02	1.14124163e-04	1.15820924e-02
5.63476563e-02	1.14691114e-04	1.16402192e-02
5.63964844e-02	1.15260911e-04	1.16986400e-02
5.64453125e-02	1.15833567e-04	1.17573563e-02
5.64941406e-02	1.16409097e-04	1.18163695e-02
5.65429688e-02	1.16987516e-04	1.18756812e-02
5.65917969e-02	1.17568839e-04	1.19352929e-02
5.66406250e-02	1.18153080e-04	1.19952061e-02
5.66894531e-02	1.18740253e-04	1.20554223e-02
5.67382813e-02	1.19330374e-04	1.21159432e-02
5.67871094e-02	1.19923458e-04	1.21767701e-02
5.68359375e-02	1.20519520e-04	1.22379048e-02
5.68847656e-02	1.21118574e-04	1.22993487e-02
5.69335938e-02	1.21720635e-04	1.23611034e-02
5.69824219e-02	1.22325720e-04	1.24231706e-02
5.70312500e-02	1.22933843e-04	1.24855517e-02
5.70800781e-02	1.23545020e-04	1.25482485e-02
5.71289062e-02	1.24159266e-04	1.26112625e-02
5.71777344e-02	1.24776597e-04	1.26745952e-02
5.72265625e-02	1.25397027e-04	1.27382485e-02
5.72753906e-02	1.26020574e-04	1.28022238e-02
5.73242188e-02	1.26647252e-04	1.28665228e-02
5.73730469e-02	1.27277078e-04	1.29311471e-02
5.74218750e-02	1.27910068e-04	1.29960985e-02
5.74707031e-02	1.28546237e-04	1.30613786e-02
5.75195313e-02	1.29185601e-04	1.31269890e-02
5.75683594e-02	1.29828177e-04	1.31929314e-02
5.76171875e-02	1.30473981e-04	1.32592076e-02
5.76660156e-02	1.31123030e-04	1.33258192e-02
5.77148438e-02	1.31775339e-04	1.33927679e-02
5.77636719e-02	1.32430926e-04	1.34600554e-02
5.78125000e-02	1.33089806e-04	1.35276835e-02
5.78613281e-02	1.33751997e-04	1.35956539e-02
5.79101563e-02	1.34417515e-04	1.36639684e-02
5.79589844e-02	1.35086377e-04	1.37326286e-02
5.80078125e-02	1.35758600e-04	1.38016364e-02
5.80566406e-02	1.36434202e-04	1.38709935e-02
5.81054688e-02	1.37113198e-04	1.39407017e-02
5.81542969e-02	1.37795607e-04	1.40107628e-02
5.82031250e-02	1.38481445e-04	1.40811786e-02
5.82519531e-02	1.39170731e-04	1.41519509e-02
5.83007813e-02	1.39863481e-04	1.42230815e-02
5.83496094e-02	1.40559712e-04	1.42945722e-02
5.83984375e-02	1.41259444e-04	1.43664248e-02
5.84472656e-02	1.41962693e-04	1.44386413e-02
5.84960938e-02	1.42669476e-04	1.45112234e-02
5.85449219e-02	1.43379813e-04	1.45841731e-02
5.85937500e-02	1.44093721e-04	1.46574921e-02
5.86425781e-02	1.44811218e-04	1.47311824e-02
5.86914063e-02	1.45532322e-04	1.48052458e-02
5.87402344e-02	1.46257052e-04	1.48796843e-02
5.87890625e-02	1.46985425e-04	1.49544998e-02
5.88378906e-02	1.47717461e-04	1.50296942e-02
5.88867188e-02	1.48453178e-04	1.51052694e-02
5.89355469e-02	1.49192595e-04	1.51812273e-02
5.89843750e-02	1.49935729e-04	1.52575699e-02
5.90332031e-02	1.50682601e-04	1.53342993e-02
5.90820312e-02	1.51433229e-04	1.54114172e-02
5.91308594e-02	1.52187632e-04	1.54889257e-02
5.91796875e-02	1.52945829e-04	1.55668269e-02
5.92285156e-02	1.53707840e-04	1.56451226e-02
5.92773438e-02	1.54473683e-04	1.57238150e-02
5.93261719e-02	1.55243378e-04	1.58029060e-02
5.93750000e-02	1.56016945e-04	1.58823976e-02
5.94238281e-02	1.56794403e-04	1.59622920e-02
5.94726563e-02	1.57575773e-04	1.60425911e-02
5.95214844e-02	1.58361073e-04	1.61232970e-02
5.95703125e-02	1.59150323e-04	1.62044118e-02
5.96191406e-02	1.59943545e-04	1.62859376e-02
5.96679688e-02	1.60740757e-04	1.63678764e-02
5.97167969e-02	1.61541980e-04	1.64502304e-02
5.97656250e-02	1.62347235e-04	1.65330017e-02
5.98144531e-02	1.63156541e-04	1.66161924e-02
5.98632813e-02	1.63969920e-04	1.66998046e-02
5.99121094e-02	1.64787392e-04	1.67838405e-02
5.99609375e-02	1.65608978e-04	1.68683023e-02
6.00097656e-02	1.66434698e-04	1.69531920e-02
6.00585938e-02	1.67264573e-04	1.70385120e-02
6.01074219e-02	1.68098625e-04	1.71242644e-02
6.01562500e-02	1.68936875e-04	1.72104513e-02
6.02050781e-02	1.69779344e-04	1.72970751e-02
6.02539063e-02	1.70626054e-04	1.73841379e-02
6.03027344e-02	1.71477025e-04	1.74716419e-02
6.03515625e-02	1.72332279e-04	1.75595895e-02
6.04003906e-02	1.73191839e-04	1.76479829e-02
6.04492188e-02	1.74055726e-04	1.77368243e-02
6.04980469e-02	1.74923962e-04	1.78261160e-02
6.05468750e-02	1.75796569e-04	1.79158604e-02
6.05957031e-02	1.76673569e-04	1.80060597e-02
6.06445313e-02	1.77554984e-04	1.80967162e-02
6.06933594e-02	1.78440838e-04	1.81878324e-02
6.07421875e-02	1.79331151e-04	1.82794104e-02
6.07910156e-02	1.80225948e-04	1.83714527e-02
6.08398438e-02	1.81125250e-04	1.84639617e-02
6.08886719e-02	1.82029080e-04	1.85569397e-02
6.09375000e-02	1.82937462e-04	1.86503891e-02
6.09863281e-02	1.83850419e-04	1.87443123e-02
6.10351562e-02	1.84767973e-04	1.88387118e-02
6.10839844e-02	1.85690149e-04	1.89335899e-02
6.11328125e-02	1.86616968e-04	1.90289491e-02
6.11816406e-02	1.87548456e-04	1.91247919e-02
6.12304688e-02	1.88484636e-04	1.92211206e-02
6.12792969e-02	1.89425531e-04	1.93179379e-02
6.13281250e-02	1.90371165e-04	1.94152461e-02
6.13769531e-02	1.91321563e-04	1.95130478e-02
6.14257813e-02	1.92276748e-04	1.96113456e-02
6.14746094e-02	1.93236745e-04	1.97101418e-02
6.15234375e-02	1.94201579e-04	1.98094391e-02
6.15722656e-02	1.95171273e-04	1.99092401e-02
6.16210938e-02	1.96145853e-04	2.00095472e-02
6.16699219e-02	1.97125343e-04	2.01103631e-02
6.17187500e-02	1.98109768e-04	2.02116904e-02
6.17675781e-02	1.99099153e-04	2.03135316e-02
6.18164063e-02	2.00093524e-04	2.04158895e-02
6.18652344e-02	2.01092905e-04	2.05187665e-02
6.19140625e-02	2.02097323e-04	2.06221654e-02
6.19628906e-02	2.03106802e-04	2.07260889e-02
6.20117188e-02	2.04121368e-04	2.08305396e-02
6.20605469e-02	2.05141047e-04	2.09355202e-02
6.21093750e-02	2.06165865e-04	2.10410334e-02
6.21582031e-02	2.07195848e-04	2.11470819e-02
6.22070313e-02	2.08231023e-04	2.12536684e-02
6.22558594e-02	2.09271415e-04	2.13607957e-02
6.23046875e-02	2.10317051e-04	2.14684666e-02
6.23535156e-02	2.11367958e-04	2.15766838e-02
6.24023438e-02	2.12424163e-04	2.16854501e-02
6.24511719e-02	2.13485692e-04	2.17947683e-02
6.25000000e-02	2.14552572e-04	2.19046412e-02
6.25488281e-02	2.15624830e-04	2.20150717e-02
6.25976563e-02	2.16702495e-04	2.21260626e-02
6.26464844e-02	2.17785592e-04	2.22376167e-02
6.26953125e-02	2.18874151e-04	2.23497369e-02
6.27441406e-02	2.19968198e-04	2.24624262e-02
6.27929687e-02	2.21067761e-04	2.25756874e-02
6.28417969e-02	2.22172869e-04	2.26895234e-02
6.28906250e-02	2.23283549e-04	2.28039371e-02
6.29394531e-02	2.24399830e-04	2.29189316e-02
6.29882812e-02	2.25521740e-04	2.30345097e-02
6.30371094e-02	2.26649308e-04	2.31506745e-02
6.30859375e-02	2.27782563e-04	2.32674290e-02
6.31347656e-02	2.28921532e-04	2.33847761e-02
6.31835938e-02	2.30066247e-04	2.35027188e-02
6.32324219e-02	2.31216734e-04	2.36212603e-02
6.32812500e-02	2.32373025e-04	2.37404035e-02
6.33300781e-02	2.33535148e-04	2.38601516e-02
6.33789063e-02	2.34703133e-04	2.39805076e-02
6.34277344e-02	2.35877009e-04	2.41014746e-02
6.34765625e-02	2.37056807e-04	2.42230558e-02
6.35253906e-02	2.38242557e-04	2.43452543e-02
6.35742188e-02	2.39434289e-04	2.44680731e-02
6.36230469e-02	2.40632033e-04	2.45915156e-02
6.36718750e-02	2.41835819e-04	2.47155848e-02
6.37207031e-02	2.43045679e-04	2.48402840e-02
6.37695312e-02	2.44261644e-04	2.49656164e-02
6.38183594e-02	2.45483743e-04	2.50915852e-02
6.38671875e-02	2.46712009e-04	2.52181937e-02
6.39160156e-02	2.47946473e-04	2.53454451e-02
6.39648438e-02	2.49187166e-04	2.54733427e-02
6.40136719e-02	2.50434120e-04	2.56018898e-02
6.40625000e-02	2.51687367e-04	2.57310898e-02
6.41113281e-02	2.52946938e-04	2.58609459e-02
6.41601563e-02	2.54212866e-04	2.59914614e-02
6.42089844e-02	2.55485183e-04	2.61226399e-02
6.42578125e-02	2.56763921e-04	2.62544846e-02
6.43066406e-02	2.58049114e-04	2.63869990e-02
6.43554688e-02	2.59340793e-04	2.65201864e-02
6.44042969e-02	2.60638992e-04	2.66540504e-02
6.44531250e-02	2.61943744e-04	2.67885943e-02
6.45019531e-02	2.63255083e-04	2.69238216e-02
6.45507813e-02	2.64573041e-04	2.70597358e-02
6.45996094e-02	2.65897652e-04	2.71963405e-02
6.46484375e-02	2.67228950e-04	2.73336391e-02
6.46972656e-02	2.68566969e-04	2.74716352e-02
6.47460937e-02	2.69911744e-04	2.76103324e-02
6.47949219e-02	2.71263308e-04	2.77497341e-02
6.48437500e-02	2.72621696e-04	2.78898442e-02
6.48925781e-02	2.73986943e-04	2.80306660e-02
6.49414062e-02	2.75359084e-04	2.81722033e-02
6.49902344e-02	2.76738152e-04	2.83144598e-02
6.50390625e-02	2.78124185e-04	2.84574391e-02
6.50878906e-02	2.79517217e-04	2.86011448e-02
6.51367188e-02	2.80917284e-04	2.87455808e-02
6.51855469e-02	2.82324421e-04	2.88907506e-02
6.52343750e-02	2.83738664e-04	2.90366582e-02
6.52832031e-02	2.85160050e-04	2.91833072e-02
6.53320313e-02	2.86588614e-04	2.93307014e-02
6.53808594e-02	2.88024394e-04	2.94788447e-02
6.54296875e-02	2.89467426e-04	2.96277408e-02
6.54785156e-02	2.90917747e-04	2.97773936e-02
6.55273438e-02	2.92375393e-04	2.99278070e-02
6.55761719e-02	2.93840403e-04	3.00789848e-02
6.56250000e-02	2.95312813e-04	3.02309310e-02
6.56738281e-02	2.96792661e-04	3.03836495e-02
6.57226562e-02	2.98279985e-04	3.05371442e-02
6.57714844e-02	2.99774823e-04	3.06914191e-02
6.58203125e-02	3.01277213e-04	3.08464781e-02
6.58691406e-02	3.02787194e-04	3.10023253e-02
6.59179688e-02	3.04304803e-04	3.11589647e-02
6.59667969e-02	3.05830081e-04	3.13164004e-02
6.60156250e-02	3.07363065e-04	3.14746364e-02
6.60644531e-02	3.08903796e-04	3.16336768e-02
6.61132813e-02	3.10452311e-04	3.17935257e-02
6.61621094e-02	3.12008652e-04	3.19541872e-02
6.62109375e-02	3.13572857e-04	3.21156655e-02
6.62597656e-02	3.15144967e-04	3.22779648e-02
6.63085938e-02	3.16725022e-04	3.24410892e-02
6.63574219e-02	3.18313063e-04	3.26050430e-02
6.64062500e-02	3.19909129e-04	3.27698304e-02
6.64550781e-02	3.21513262e-04	3.29354557e-02
6.65039063e-02	3.23125503e-04	3.31019232e-02
6.65527344e-02	3.24745892e-04	3.32692370e-02
6.66015625e-02	3.26374472e-04	3.34374017e-02
6.66503906e-02	3.28011284e-04	3.36064214e-02
6.66992187e-02	3.29656370e-04	3.37763007e-02
6.67480469e-02	3.31309772e-04	3.39470438e-02
6.67968750e-02	3.32971533e-04	3.41186552e-02
6.68457031e-02	3.34641694e-04	3.42911394e-02
6.68945312e-02	3.36320298e-04	3.44645007e-02
6.69433594e-02	3.38007389e-04	3.46387438e-02
6.69921875e-02	3.39703010e-04	3.48138729e-02
6.70410156e-02	3.41407203e-04	3.49898928e-02
6.70898438e-02	3.43120013e-04	3.51668080e-02
6.71386719e-02	3.44841484e-04	3.53446229e-02
6.71875000e-02	3.46571659e-04	3.55233423e-02
6.72363281e-02	3.48310582e-04	3.57029707e-02
6.72851563e-02	3.50058299e-04	3.58835129e-02
6.73339844e-02	3.51814854e-04	3.60649734e-02
6.73828125e-02	3.53580292e-04	3.62473569e-02
6.74316406e-02	3.55354658e-04	3.64306682e-02
6.74804688e-02	3.57137997e-04	3.66149121e-02
6.75292969e-02	3.58930355e-04	3.68000932e-02
6.75781250e-02	3.60731779e-04	3.69862164e-02
6.76269531e-02	3.62542314e-04	3.71732864e-02
6.76757812e-02	3.64362006e-04	3.73613082e-02
6.77246094e-02	3.66190902e-04	3.75502866e-02
6.77734375e-02	3.68029050e-04	3.77402264e-02
6.78222656e-02	3.69876495e-04	3.79311327e-02
6.78710938e-02	3.71733285e-04	3.81230102e-02
6.79199219e-02	3.73599469e-04	3.83158641e-02
6.79687500e-02	3.75475093e-04	3.85096992e-02
6.80175781e-02	3.77360206e-04	3.87045207e-02
6.80664063e-02	3.79254856e-04	3.89003335e-02
6.81152344e-02	3.81159091e-04	3.90971427e-02
6.81640625e-02	3.83072960e-04	3.92949534e-02
6.82128906e-02	3.84996513e-04	3.94937707e-02
6.82617188e-02	3.86929799e-04	3.96935998e-02
6.83105469e-02	3.88872866e-04	3.98944458e-02
6.83593750e-02	3.90825766e-04	4.00963140e-02
6.84082031e-02	3.92788547e-04	4.02992095e-02
6.84570313e-02	3.94761260e-04	4.05031377e-02
6.85058594e-02	3.96743957e-04	4.07081037e-02
6.85546875e-02	3.98736687e-04	4.09141130e-02
6.86035156e-02	4.00739501e-04	4.11211708e-02
6.86523437e-02	4.02752452e-04	4.13292825e-02
6.87011719e-02	4.04775590e-04	4.15384534e-02
6.87500000e-02	4.06808967e-04	4.17486891e-02
6.87988281e-02	4.08852636e-04	4.19599949e-02
6.88476562e-02	4.10906649e-04	4.21723764e-02
6.88964844e-02	4.12971059e-04	4.23858389e-02
6.89453125e-02	4.15045918e-04	4.26003881e-02
6.89941406e-02	4.17131280e-04	4.28160295e-02
6.90429688e-02	4.19227198e-04	4.30327687e-02
6.90917969e-02	4.21333725e-04	4.32506113e-02
6.91406250e-02	4.23450917e-04	4.34695629e-02
6.91894531e-02	4.25578827e-04	4.36896293e-02
6.92382813e-02	4.27717510e-04	4.39108160e-02
6.92871094e-02	4.29867020e-04	4.41331290e-02
6.93359375e-02	4.32027413e-04	4.43565738e-02
6.93847656e-02	4.34198745e-04	4.45811563e-02
6.94335938e-02	4.36381070e-04	4.48068823e-02
6.94824219e-02	4.38574445e-04	4.50337577e-02
6.95312500e-02	4.40778926e-04	4.52617883e-02
6.95800781e-02	4.42994570e-04	4.54909801e-02
6.96289062e-02	4.45221433e-04	4.57213389e-02
6.96777344e-02	4.47459573e-04	4.59528708e-02
6.97265625e-02	4.49709047e-04	4.61855818e-02
6.97753906e-02	4.51969913e-04	4.64194778e-02
6.98242188e-02	4.54242228e-04	4.66545650e-02
6.98730469e-02	4.56526052e-04	4.68908494e-02
6.99218750e-02	4.58821442e-04	4.71283372e-02
6.99707031e-02	4.61128458e-04	4.73670345e-02
7.00195313e-02	4.63447159e-04	4.76069476e-02
7.00683594e-02	4.65777604e-04	4.78480825e-02
7.01171875e-02	4.68119853e-04	4.80904457e-02
7.01660156e-02	4.70473966e-04	4.83340433e-02
7.02148438e-02	4.72840005e-04	4.85788816e-02
7.02636719e-02	4.75218028e-04	4.88249671e-02
7.03125000e-02	4.77608098e-04	4.90723061e-02
7.03613281e-02	4.80010276e-04	4.93209050e-02
7.04101563e-02	4.82424624e-04	4.95707703e-02
7.04589844e-02	4.84851203e-04	4.98219084e-02
7.05078125e-02	4.87290076e-04	5.00743259e-02
7.05566406e-02	4.89741305e-04	5.03280293e-02
7.06054687e-02	4.92204954e-04	5.05830251e-02
7.06542969e-02	4.94681086e-04	5.08393201e-02
7.07031250e-02	4.97169763e-04	5.10969207e-02
7.07519531e-02	4.99671051e-04	5.13558338e-02
7.08007812e-02	5.02185014e-04	5.16160661e-02
7.08496094e-02	5.04711715e-04	5.18776242e-02
7.08984375e-02	5.07251220e-04	5.21405150e-02
7.09472656e-02	5.09803595e-04	5.24047453e-02
7.09960938e-02	5.12368904e-04	5.26703219e-02
7.10449219e-02	5.14947214e-04	5.29372518e-02
7.10937500e-02	5.17538591e-04	5.32055418e-02
7.11425781e-02	5.20143101e-04	5.34751990e-02
7.11914063e-02	5.22760812e-04	5.37462303e-02
7.12402344e-02	5.25391790e-04	5.40186427e-02
7.12890625e-02	5.28036104e-04	5.42924433e-02
7.13378906e-02	5.30693821e-04	5.45676393e-02
7.13867188e-02	5.33365009e-04	5.48442377e-02
7.14355469e-02	5.36049738e-04	5.51222458e-02
7.14843750e-02	5.38748076e-04	5.54016707e-02
7.15332031e-02	5.41460092e-04	5.56825198e-02
7.15820312e-02	5.44185857e-04	5.59648002e-02
7.16308594e-02	5.46925440e-04	5.62485194e-02
7.16796875e-02	5.49678911e-04	5.65336846e-02
7.17285156e-02	5.52446343e-04	5.68203034e-02
7.17773438e-02	5.55227805e-04	5.71083831e-02
7.18261719e-02	5.58023369e-04	5.73979312e-02
7.18750000e-02	5.60833107e-04	5.76889552e-02
7.19238281e-02	5.63657092e-04	5.79814627e-02
7.19726563e-02	5.66495396e-04	5.82754613e-02
7.20214844e-02	5.69348092e-04	5.85709585e-02
7.20703125e-02	5.72215253e-04	5.88679622e-02
7.21191406e-02	5.75096953e-04	5.91664800e-02
7.21679688e-02	5.77993267e-04	5.94665196e-02
7.22167969e-02	5.80904268e-04	5.97680888e-02
7.22656250e-02	5.83830032e-04	6.00711955e-02
7.23144531e-02	5.86770633e-04	6.03758476e-02
7.23632813e-02	5.89726149e-04	6.06820529e-02
7.24121094e-02	5.92696653e-04	6.09898194e-02
7.24609375e-02	5.95682224e-04	6.12991551e-02
7.25097656e-02	5.98682937e-04	6.16100681e-02
7.25585937e-02	6.01698871e-04	6.19225663e-02
7.26074219e-02	6.04730102e-04	6.22366580e-02
7.26562500e-02	6.07776709e-04	6.25523512e-02
7.27050781e-02	6.10838769e-04	6.28696543e-02
7.27539062e-02	6.13916363e-04	6.31885754e-02
7.28027344e-02	6.17009568e-04	6.35091227e-02
7.28515625e-02	6.20118465e-04	6.38313048e-02
7.29003906e-02	6.23243134e-04	6.41551298e-02
7.29492188e-02	6.26383655e-04	6.44806063e-02
7.29980469e-02	6.29540109e-04	6.48077426e-02
7.30468750e-02	6.32712577e-04	6.51365474e-02
7.30957031e-02	6.35901141e-04	6.54670290e-02
7.31445313e-02	6.39105883e-04	6.57991962e-02
7.31933594e-02	6.42326885e-04	6.61330575e-02
7.32421875e-02	6.45564231e-04	6.64686217e-02
7.32910156e-02	6.48818003e-04	6.68058974e-02
7.33398438e-02	6.52088286e-04	6.71448934e-02
7.33886719e-02	6.55375164e-04	6.74856185e-02
7.34375000e-02	6.58678721e-04	6.78280817e-02
7.34863281e-02	6.61999043e-04	6.81722917e-02
7.35351562e-02	6.65336214e-04	6.85182575e-02
7.35839844e-02	6.68690322e-04	6.88659881e-02
7.36328125e-02	6.72061452e-04	6.92154926e-02
7.36816406e-02	6.75449691e-04	6.95667801e-02
7.37304688e-02	6.78855126e-04	6.99198596e-02
7.37792969e-02	6.82277846e-04	7.02747405e-02
7.38281250e-02	6.85717938e-04	7.06314317e-02
7.38769531e-02	6.89175491e-04	7.09899428e-02
7.39257813e-02	6.92650594e-04	7.13502829e-02
7.39746094e-02	6.96143337e-04	7.17124615e-02
7.40234375e-02	6.99653809e-04	7.20764880e-02
7.40722656e-02	7.03182102e-04	7.24423718e-02
7.41210938e-02	7.06728305e-04	7.28101225e-02
7.41699219e-02	7.10292511e-04	7.31797496e-02
7.42187500e-02	7.13874811e-04	7.35512627e-02
7.42675781e-02	7.17475298e-04	7.39246716e-02
7.43164063e-02	7.21094064e-04	7.42999858e-02
7.43652344e-02	7.24731203e-04	7.46772152e-02
7.44140625e-02	7.28386808e-04	7.50563696e-02
7.44628906e-02	7.32060974e-04	7.54374588e-02
7.45117187e-02	7.35753795e-04	7.58204928e-02
7.45605469e-02	7.39465366e-04	7.62054815e-02
7.46093750e-02	7.43195784e-04	7.65924350e-02
7.46582031e-02	7.46945145e-04	7.69813633e-02
7.47070312e-02	7.50713544e-04	7.73722765e-02
7.47558594e-02	7.54501080e-04	7.77651848e-02
7.48046875e-02	7.58307849e-04	7.81600984e-02
7.48535156e-02	7.62133951e-04	7.85570277e-02
7.49023438e-02	7.65979483e-04	7.89559828e-02
7.49511719e-02	7.69844546e-04	7.93569743e-02
7.50000000e-02	7.73729238e-04	7.97600125e-02
7.50488281e-02	7.77633660e-04	8.01651080e-02
7.50976563e-02	7.81557912e-04	8.05722712e-02
7.51464844e-02	7.85502096e-04	8.09815128e-02
7.51953125e-02	7.89466314e-04	8.13928435e-02
7.52441406e-02	7.93450668e-04	8.18062738e-02
7.52929688e-02	7.97455260e-04	8.22218147e-02
7.53417969e-02	8.01480193e-04	8.26394769e-02
7.53906250e-02	8.05525573e-04	8.30592713e-02
7.54394531e-02	8.09591503e-04	8.34812087e-02
7.54882813e-02	8.13678087e-04	8.39053003e-02
7.55371094e-02	8.17785433e-04	8.43315570e-02
7.55859375e-02	8.21913644e-04	8.47599900e-02
7.56347656e-02	8.26062829e-04	8.51906104e-02
7.56835938e-02	8.30233093e-04	8.56234293e-02
7.57324219e-02	8.34424546e-04	8.60584581e-02
7.57812500e-02	8.38637294e-04	8.64957082e-02
7.58300781e-02	8.42871447e-04	8.69351908e-02
7.58789063e-02	8.47127113e-04	8.73769175e-02
7.59277344e-02	8.51404404e-04	8.78208997e-02
7.59765625e-02	8.55703429e-04	8.82671490e-02
7.60253906e-02	8.60024298e-04	8.87156770e-02
7.60742188e-02	8.64367125e-04	8.91664954e-02
7.61230469e-02	8.68732020e-04	8.96196160e-02
7.61718750e-02	8.73119097e-04	9.00750506e-02
7.62207031e-02	8.77528468e-04	9.05328109e-02
7.62695313e-02	8.81960249e-04	9.09929090e-02
7.63183594e-02	8.86414552e-04	9.14553568e-02
7.63671875e-02	8.90891494e-04	9.19201664e-02
7.64160156e-02	8.95391189e-04	9.23873498e-02
7.64648438e-02	8.99913754e-04	9.28569194e-02
7.65136719e-02	9.04459306e-04	9.33288872e-02
7.65625000e-02	9.09027962e-04	9.38032655e-02
7.66113281e-02	9.13619840e-04	9.42800669e-02
7.66601562e-02	9.18235059e-04	9.47593036e-02
7.67089844e-02	9.22873738e-04	9.52409881e-02
7.67578125e-02	9.27535997e-04	9.57251331e-02
7.68066406e-02	9.32221956e-04	9.62117511e-02
7.68554688e-02	9.36931737e-04	9.67008548e-02
7.69042969e-02	9.41665460e-04	9.71924569e-02
7.69531250e-02	9.46423249e-04	9.76865703e-02
7.70019531e-02	9.51205226e-04	9.81832079e-02
7.70507813e-02	9.56011515e-04	9.86823825e-02
7.70996094e-02	9.60842239e-04	9.91841073e-02
7.71484375e-02	9.65697525e-04	9.96883952e-02
7.71972656e-02	9.70577497e-04	1.00195259e-01
7.72460938e-02	9.75482282e-04	1.00704713e-01
7.72949219e-02	9.80412005e-04	1.01216770e-01
7.73437500e-02	9.85366796e-04	1.01731443e-01
7.73925781e-02	9.90346781e-04	1.02248745e-01
7.74414063e-02	9.95352089e-04	1.02768690e-01
7.74902344e-02	1.00038285e-03	1.03291292e-01
7.75390625e-02	1.00543919e-03	1.03816565e-01
7.75878906e-02	1.01052125e-03	1.04344521e-01
7.76367188e-02	1.01562916e-03	1.04875175e-01
7.76855469e-02	1.02076303e-03	1.05408541e-01
7.77343750e-02	1.02592302e-03	1.05944632e-01
7.77832031e-02	1.03110926e-03	1.06483462e-01
7.78320313e-02	1.03632187e-03	1.07025046e-01
7.78808594e-02	1.04156099e-03	1.07569398e-01
7.79296875e-02	1.04682676e-03	1.08116531e-01
7.79785156e-02	1.05211931e-03	1.08666460e-01
7.80273438e-02	1.05743879e-03	1.09219200e-01
7.80761719e-02	1.06278532e-03	1.09774765e-01
7.81250000e-02	1.06815905e-03	1.10333169e-01
7.81738281e-02	1.07356011e-03	1.10894427e-01
7.82226563e-02	1.07898865e-03	1.11458554e-01
7.82714844e-02	1.08444481e-03	1.12025564e-01
7.83203125e-02	1.08992872e-03	1.12595472e-01
7.83691406e-02	1.09544053e-03	1.13168293e-01
7.84179688e-02	1.10098038e-03	1.13744041e-01
7.84667969e-02	1.10654842e-03	1.14322733e-01
7.85156250e-02	1.11214478e-03	1.14904383e-01
7.85644531e-02	1.11776962e-03	1.15489005e-01
7.86132812e-02	1.12342308e-03	1.16076617e-01
7.86621094e-02	1.12910530e-03	1.16667232e-01
7.87109375e-02	1.13481644e-03	1.17260866e-01
7.87597656e-02	1.14055663e-03	1.17857535e-01
7.88085938e-02	1.14632604e-03	1.18457254e-01
7.88574219e-02	1.15212480e-03	1.19060039e-01
7.89062500e-02	1.15795307e-03	1.19665905e-01
7.89550781e-02	1.16381100e-03	1.20274869e-01
7.90039063e-02	1.16969874e-03	1.20886947e-01
7.90527344e-02	1.17561644e-03	1.21502154e-01
7.91015625e-02	1.18156426e-03	1.22120506e-01
7.91503906e-02	1.18754235e-03	1.22742019e-01
7.91992188e-02	1.19355086e-03	1.23366711e-01
7.92480469e-02	1.19958996e-03	1.23994596e-01
7.92968750e-02	1.20565979e-03	1.24625692e-01
7.93457031e-02	1.21176051e-03	1.25260015e-01
7.93945313e-02	1.21789229e-03	1.25897581e-01
7.94433594e-02	1.22405528e-03	1.26538407e-01
7.94921875e-02	1.23024964e-03	1.27182510e-01
7.95410156e-02	1.23647553e-03	1.27829907e-01
7.95898438e-02	1.24273311e-03	1.28480615e-01
7.96386719e-02	1.24902254e-03	1.29134650e-01
7.96875000e-02	1.25534399e-03	1.29792030e-01
7.97363281e-02	1.26169763e-03	1.30452771e-01
7.97851563e-02	1.26808361e-03	1.31116892e-01
7.98339844e-02	1.27450209e-03	1.31784409e-01
7.98828125e-02	1.28095326e-03	1.32455340e-01
7.99316406e-02	1.28743727e-03	1.33129702e-01
7.99804688e-02	1.29395429e-03	1.33807513e-01
8.00292969e-02	1.30050449e-03	1.34488791e-01
8.00781250e-02	1.30708805e-03	1.35173554e-01
8.01269531e-02	1.31370512e-03	1.35861819e-01
8.01757813e-02	1.32035589e-03	1.36553604e-01
8.02246094e-02	1.32704052e-03	1.37248927e-01
8.02734375e-02	1.33375919e-03	1.37947808e-01
8.03222656e-02	1.34051207e-03	1.38650263e-01
8.03710938e-02	1.34729934e-03	1.39356311e-01
8.04199219e-02	1.35412118e-03	1.40065971e-01
8.04687500e-02	1.36097775e-03	1.40779262e-01
8.05175781e-02	1.36786924e-03	1.41496201e-01
8.05664062e-02	1.37479583e-03	1.42216807e-01
8.06152344e-02	1.38175769e-03	1.42941100e-01
8.06640625e-02	1.38875501e-03	1.43669099e-01
8.07128906e-02	1.39578797e-03	1.44400822e-01
8.07617188e-02	1.40285674e-03	1.45136288e-01
8.08105469e-02	1.40996152e-03	1.45875517e-01
8.08593750e-02	1.41710249e-03	1.46618528e-01
8.09082031e-02	1.42427983e-03	1.47365341e-01
8.09570313e-02	1.43149373e-03	1.48115974e-01
8.10058594e-02	1.43874438e-03	1.48870448e-01
8.10546875e-02	1.44603196e-03	1.49628782e-01
8.11035156e-02	1.45335666e-03	1.50390997e-01
8.11523438e-02	1.46071867e-03	1.51157112e-01
8.12011719e-02	1.46811819e-03	1.51927146e-01
8.12500000e-02	1.47555540e-03	1.52701121e-01
8.12988281e-02	1.48303051e-03	1.53479056e-01
8.13476563e-02	1.49054369e-03	1.54260973e-01
8.13964844e-02	1.49809515e-03	1.55046890e-01
8.14453125e-02	1.50568509e-03	1.55836829e-01
8.14941406e-02	1.51331369e-03	1.56630811e-01
8.15429688e-02	1.52098116e-03	1.57428856e-01
8.15917969e-02	1.52868770e-03	1.58230985e-01
8.16406250e-02	1.53643351e-03	1.59037219e-01
8.16894531e-02	1.54421878e-03	1.59847579e-01
8.17382813e-02	1.55204372e-03	1.60662086e-01
8.17871094e-02	1.55990854e-03	1.61480762e-01
8.18359375e-02	1.56781343e-03	1.62303629e-01
8.18847656e-02	1.57575861e-03	1.63130706e-01
8.19335938e-02	1.58374427e-03	1.63962017e-01
8.19824219e-02	1.59177063e-03	1.64797583e-01
8.20312500e-02	1.59983789e-03	1.65637426e-01
8.20800781e-02	1.60794626e-03	1.66481567e-01
8.21289063e-02	1.61609596e-03	1.67330030e-01
8.21777344e-02	1.62428719e-03	1.68182835e-01
8.22265625e-02	1.63252017e-03	1.69040006e-01
8.22753906e-02	1.64079511e-03	1.69901564e-01
8.23242188e-02	1.64911223e-03	1.70767533e-01
8.23730469e-02	1.65747174e-03	1.71637935e-01
8.24218750e-02	1.66587385e-03	1.72512793e-01
8.24707031e-02	1.67431880e-03	1.73392129e-01
8.25195312e-02	1.68280679e-03	1.74275967e-01
8.25683594e-02	1.69133805e-03	1.75164330e-01
8.26171875e-02	1.69991279e-03	1.76057240e-01
8.26660156e-02	1.70853125e-03	1.76954723e-01
8.27148438e-02	1.71719364e-03	1.77856800e-01
8.27636719e-02	1.72590019e-03	1.78763495e-01
8.28125000e-02	1.73465112e-03	1.79674833e-01
8.28613281e-02	1.74344667e-03	1.80590837e-01
8.29101563e-02	1.75228706e-03	1.81511531e-01
8.29589844e-02	1.76117252e-03	1.82436939e-01
8.30078125e-02	1.77010328e-03	1.83367085e-01
8.30566406e-02	1.77907958e-03	1.84301995e-01
8.31054688e-02	1.78810164e-03	1.85241691e-01
8.31542969e-02	1.79716971e-03	1.86186199e-01
8.32031250e-02	1.80628401e-03	1.87135544e-01
8.32519531e-02	1.81544478e-03	1.88089750e-01
8.33007813e-02	1.82465227e-03	1.89048843e-01
8.33496094e-02	1.83390670e-03	1.90012847e-01
8.33984375e-02	1.84320833e-03	1.90981787e-01
8.34472656e-02	1.85255739e-03	1.91955690e-01
8.34960938e-02	1.86195412e-03	1.92934580e-01
8.35449219e-02	1.87139878e-03	1.93918484e-01
8.35937500e-02	1.88089160e-03	1.94907427e-01
8.36425781e-02	1.89043283e-03	1.95901434e-01
8.36914063e-02	1.90002272e-03	1.96900532e-01
8.37402344e-02	1.90966152e-03	1.97904748e-01
8.37890625e-02	1.91934948e-03	1.98914107e-01
8.38378906e-02	1.92908685e-03	1.99928635e-01
8.38867188e-02	1.93887389e-03	2.00948360e-01
8.39355469e-02	1.94871085e-03	2.01973308e-01
8.39843750e-02	1.95859797e-03	2.03003506e-01
8.40332031e-02	1.96853554e-03	2.04038981e-01
8.40820313e-02	1.97852379e-03	2.05079760e-01
8.41308594e-02	1.98856299e-03	2.06125871e-01
8.41796875e-02	1.99865340e-03	2.07177340e-01
8.42285156e-02	2.00879528e-03	2.08234195e-01
8.42773438e-02	2.01898890e-03	2.09296464e-01
8.43261719e-02	2.02923452e-03	2.10364175e-01
8.43750000e-02	2.03953241e-03	2.11437356e-01
8.44238281e-02	2.04988283e-03	2.12516035e-01
8.44726562e-02	2.06028606e-03	2.13600240e-01
8.45214844e-02	2.07074237e-03	2.14689999e-01
8.45703125e-02	2.08125202e-03	2.15785341e-01
8.46191406e-02	2.09181529e-03	2.16886296e-01
8.46679688e-02	2.10243246e-03	2.17992891e-01
8.47167969e-02	2.11310380e-03	2.19105155e-01
8.47656250e-02	2.12382959e-03	2.20223119e-01
8.48144531e-02	2.13461010e-03	2.21346810e-01
8.48632813e-02	2.14544563e-03	2.22476259e-01
8.49121094e-02	2.15633644e-03	2.23611495e-01
8.49609375e-02	2.16728283e-03	2.24752549e-01
8.50097656e-02	2.17828507e-03	2.25899449e-01
8.50585938e-02	2.18934347e-03	2.27052225e-01
8.51074219e-02	2.20045829e-03	2.28210909e-01
8.51562500e-02	2.21162983e-03	2.29375531e-01
8.52050781e-02	2.22285839e-03	2.30546120e-01
8.52539063e-02	2.23414425e-03	2.31722708e-01
8.53027344e-02	2.24548771e-03	2.32905326e-01
8.53515625e-02	2.25688906e-03	2.34094004e-01
8.54003906e-02	2.26834860e-03	2.35288774e-01
8.54492188e-02	2.27986663e-03	2.36489667e-01
8.54980469e-02	2.29144344e-03	2.37696714e-01
8.55468750e-02	2.30307935e-03	2.38909948e-01
8.55957031e-02	2.31477464e-03	2.40129400e-01
8.56445313e-02	2.32652964e-03	2.41355101e-01
8.56933594e-02	2.33834463e-03	2.42587085e-01
8.57421875e-02	2.35021993e-03	2.43825383e-01
8.57910156e-02	2.36215586e-03	2.45070028e-01
8.58398438e-02	2.37415271e-03	2.46321053e-01
8.58886719e-02	2.38621080e-03	2.47578490e-01
8.59375000e-02	2.39833045e-03	2.48842372e-01
8.59863281e-02	2.41051198e-03	2.50112732e-01
8.60351563e-02	2.42275569e-03	2.51389605e-01
8.60839844e-02	2.43506190e-03	2.52673023e-01
8.61328125e-02	2.44743095e-03	2.53963019e-01
8.61816406e-02	2.45986314e-03	2.55259629e-01
8.62304688e-02	2.47235881e-03	2.56562885e-01
8.62792969e-02	2.48491827e-03	2.57872823e-01
8.63281250e-02	2.49754186e-03	2.59189475e-01
8.63769531e-02	2.51022991e-03	2.60512878e-01
8.64257812e-02	2.52298274e-03	2.61843065e-01
8.64746094e-02	2.53580069e-03	2.63180072e-01
8.65234375e-02	2.54868409e-03	2.64523933e-01
8.65722656e-02	2.56163327e-03	2.65874684e-01
8.66210938e-02	2.57464858e-03	2.67232361e-01
8.66699219e-02	2.58773035e-03	2.68596998e-01
8.67187500e-02	2.60087893e-03	2.69968632e-01
8.67675781e-02	2.61409465e-03	2.71347299e-01
8.68164063e-02	2.62737786e-03	2.72733035e-01
8.68652344e-02	2.64072891e-03	2.74125876e-01
8.69140625e-02	2.65414814e-03	2.75525859e-01
8.69628906e-02	2.66763590e-03	2.76933020e-01
8.70117188e-02	2.68119255e-03	2.78347398e-01
8.70605469e-02	2.69481844e-03	2.79769027e-01
8.71093750e-02	2.70851393e-03	2.81197947e-01
8.71582031e-02	2.72227936e-03	2.82634194e-01
8.72070313e-02	2.73611510e-03	2.84077806e-01
8.72558594e-02	2.75002151e-03	2.85528822e-01
8.73046875e-02	2.76399896e-03	2.86987278e-01
8.73535156e-02	2.77804780e-03	2.88453214e-01
8.74023438e-02	2.79216840e-03	2.89926668e-01
8.74511719e-02	2.80636113e-03	2.91407679e-01
8.75000000e-02	2.82062637e-03	2.92896285e-01
8.75488281e-02	2.83496447e-03	2.94392525e-01
8.75976563e-02	2.84937582e-03	2.95896440e-01
8.76464844e-02	2.86386080e-03	2.97408068e-01
8.76953125e-02	2.87841977e-03	2.98927449e-01
8.77441406e-02	2.89305312e-03	3.00454622e-01
8.77929688e-02	2.90776123e-03	3.01989629e-01
8.78417969e-02	2.92254449e-03	3.03532510e-01
8.78906250e-02	2.93740327e-03	3.05083304e-01
8.79394531e-02	2.95233797e-03	3.06642053e-01
8.79882813e-02	2.96734898e-03	3.08208797e-01
8.80371094e-02	2.98243668e-03	3.09783578e-01
8.80859375e-02	2.99760148e-03	3.11366437e-01
8.81347656e-02	3.01284376e-03	3.12957416e-01
8.81835938e-02	3.02816393e-03	3.14556556e-01
8.82324219e-02	3.04356238e-03	3.16163900e-01
8.82812500e-02	3.05903951e-03	3.17779489e-01
8.83300781e-02	3.07459573e-03	3.19403367e-01
8.83789062e-02	3.09023145e-03	3.21035575e-01
8.84277344e-02	3.10594707e-03	3.22676157e-01
8.84765625e-02	3.12174300e-03	3.24325155e-01
8.85253906e-02	3.13761965e-03	3.25982614e-01
8.85742188e-02	3.15357744e-03	3.27648576e-01
8.86230469e-02	3.16961679e-03	3.29323086e-01
8.86718750e-02	3.18573811e-03	3.31006187e-01
8.87207031e-02	3.20194182e-03	3.32697924e-01
8.87695313e-02	3.21822835e-03	3.34398340e-01
8.88183594e-02	3.23459813e-03	3.36107482e-01
8.88671875e-02	3.25105156e-03	3.37825393e-01
8.89160156e-02	3.26758910e-03	3.39552119e-01
8.89648438e-02	3.28421117e-03	3.41287706e-01
8.90136719e-02	3.30091820e-03	3.43032198e-01
8.90625000e-02	3.31771062e-03	3.44785641e-01
8.91113281e-02	3.33458889e-03	3.46548083e-01
8.91601563e-02	3.35155343e-03	3.48319568e-01
8.92089844e-02	3.36860469e-03	3.50100145e-01
8.92578125e-02	3.38574312e-03	3.51889858e-01
8.93066406e-02	3.40296916e-03	3.53688756e-01
8.93554688e-02	3.42028326e-03	3.55496886e-01
8.94042969e-02	3.43768588e-03	3.57314296e-01
8.94531250e-02	3.45517747e-03	3.59141032e-01
8.95019531e-02	3.47275848e-03	3.60977143e-01
8.95507813e-02	3.49042937e-03	3.62822678e-01
8.95996094e-02	3.50819061e-03	3.64677685e-01
8.96484375e-02	3.52604266e-03	3.66542212e-01
8.96972656e-02	3.54398598e-03	3.68416310e-01
8.97460938e-02	3.56202105e-03	3.70300026e-01
8.97949219e-02	3.58014833e-03	3.72193411e-01
8.98437500e-02	3.59836830e-03	3.74096514e-01
8.98925781e-02	3.61668143e-03	3.76009385e-01
8.99414063e-02	3.63508820e-03	3.77932075e-01
8.99902344e-02	3.65358910e-03	3.79864634e-01
9.00390625e-02	3.67218460e-03	3.81807114e-01
9.00878906e-02	3.69087520e-03	3.83759564e-01
9.01367188e-02	3.70966137e-03	3.85722037e-01
9.01855469e-02	3.72854361e-03	3.87694585e-01
9.02343750e-02	3.74752241e-03	3.89677258e-01
9.02832031e-02	3.76659828e-03	3.91670109e-01
9.03320312e-02	3.78577170e-03	3.93673191e-01
9.03808594e-02	3.80504318e-03	3.95686556e-01
9.04296875e-02	3.82441322e-03	3.97710258e-01
9.04785156e-02	3.84388232e-03	3.99744349e-01
9.05273438e-02	3.86345100e-03	4.01788883e-01
9.05761719e-02	3.88311977e-03	4.03843913e-01
9.06250000e-02	3.90288914e-03	4.05909495e-01
9.06738281e-02	3.92275963e-03	4.07985682e-01
9.07226563e-02	3.94273176e-03	4.10072528e-01
9.07714844e-02	3.96280604e-03	4.12170090e-01
9.08203125e-02	3.98298300e-03	4.14278421e-01
9.08691406e-02	4.00326318e-03	4.16397578e-01
9.09179688e-02	4.02364710e-03	4.18527616e-01
9.09667969e-02	4.04413528e-03	4.20668591e-01
9.10156250e-02	4.06472828e-03	4.22820559e-01
9.10644531e-02	4.08542662e-03	4.24983578e-01
9.11132813e-02	4.10623086e-03	4.27157705e-01
9.11621094e-02	4.12714152e-03	4.29342995e-01
9.12109375e-02	4.14815916e-03	4.31539507e-01
9.12597656e-02	4.16928432e-03	4.33747300e-01
9.13085938e-02	4.19051757e-03	4.35966430e-01
9.13574219e-02	4.21185945e-03	4.38196956e-01
9.14062500e-02	4.23331052e-03	4.40438937e-01
9.14550781e-02	4.25487134e-03	4.42692432e-01
9.15039063e-02	4.27654248e-03	4.44957500e-01
9.15527344e-02	4.29832451e-03	4.47234202e-01
9.16015625e-02	4.32021798e-03	4.49522596e-01
9.16503906e-02	4.34222349e-03	4.51822743e-01
9.16992188e-02	4.36434159e-03	4.54134705e-01
9.17480469e-02	4.38657287e-03	4.56458540e-01
9.17968750e-02	4.40891791e-03	4.58794312e-01
9.18457031e-02	4.43137729e-03	4.61142080e-01
9.18945313e-02	4.45395161e-03	4.63501908e-01
9.19433594e-02	4.47664145e-03	4.65873857e-01
9.19921875e-02	4.49944740e-03	4.68257990e-01
9.20410156e-02	4.52237007e-03	4.70654369e-01
9.20898438e-02	4.54541004e-03	4.73063058e-01
9.21386719e-02	4.56856793e-03	4.75484120e-01
9.21875000e-02	4.59184434e-03	4.77917619e-01
9.22363281e-02	4.61523988e-03	4.80363618e-01
9.22851562e-02	4.63875516e-03	4.82822183e-01
9.23339844e-02	4.66239079e-03	4.85293378e-01
9.23828125e-02	4.68614740e-03	4.87777268e-01
9.24316406e-02	4.71002560e-03	4.90273919e-01
9.24804688e-02	4.73402602e-03	4.92783397e-01
9.25292969e-02	4.75814930e-03	4.95305766e-01
9.25781250e-02	4.78239604e-03	4.97841095e-01
9.26269531e-02	4.80676691e-03	5.00389450e-01
9.26757813e-02	4.83126252e-03	5.02950897e-01
9.27246094e-02	4.85588353e-03	5.05525505e-01
9.27734375e-02	4.88063057e-03	5.08113341e-01
9.28222656e-02	4.90550430e-03	5.10714474e-01
9.28710938e-02	4.93050536e-03	5.13328971e-01
9.29199219e-02	4.95563441e-03	5.15956903e-01
9.29687500e-02	4.98089210e-03	5.18598337e-01
9.30175781e-02	5.00627911e-03	5.21253344e-01
9.30664063e-02	5.03179608e-03	5.23921994e-01
9.31152344e-02	5.05744370e-03	5.26604358e-01
9.31640625e-02	5.08322263e-03	5.29300504e-01
9.32128906e-02	5.10913354e-03	5.32010506e-01
9.32617188e-02	5.13517712e-03	5.34734434e-01
9.33105469e-02	5.16135404e-03	5.37472360e-01
9.33593750e-02	5.18766500e-03	5.40224356e-01
9.34082031e-02	5.21411067e-03	5.42990495e-01
9.34570313e-02	5.24069176e-03	5.45770849e-01
9.35058594e-02	5.26740895e-03	5.48565493e-01
9.35546875e-02	5.29426296e-03	5.51374499e-01
9.36035156e-02	5.32125447e-03	5.54197942e-01
9.36523438e-02	5.34838420e-03	5.57035896e-01
9.37011719e-02	5.37565286e-03	5.59888437e-01
9.37500000e-02	5.40306117e-03	5.62755638e-01
9.37988281e-02	5.43060983e-03	5.65637576e-01
9.38476563e-02	5.45829957e-03	5.68534327e-01
9.38964844e-02	5.48613112e-03	5.71445968e-01
9.39453125e-02	5.51410521e-03	5.74372574e-01
9.39941406e-02	5.54222256e-03	5.77314223e-01
9.40429688e-02	5.57048392e-03	5.80270993e-01
9.40917969e-02	5.59889002e-03	5.83242962e-01
9.41406250e-02	5.62744161e-03	5.86230208e-01
9.41894531e-02	5.65613944e-03	5.89232810e-01
9.42382812e-02	5.68498426e-03	5.92250848e-01
9.42871094e-02	5.71397682e-03	5.95284399e-01
9.43359375e-02	5.74311788e-03	5.98333546e-01
9.43847656e-02	5.77240821e-03	6.01398368e-01
9.44335938e-02	5.80184857e-03	6.04478946e-01
9.44824219e-02	5.83143974e-03	6.07575361e-01
9.45312500e-02	5.86118249e-03	6.10687695e-01
9.45800781e-02	5.89107760e-03	6.13816031e-01
9.46289063e-02	5.92112586e-03	6.16960450e-01
9.46777344e-02	5.95132804e-03	6.20121035e-01
9.47265625e-02	5.98168495e-03	6.23297871e-01
9.47753906e-02	6.01219738e-03	6.26491041e-01
9.48242188e-02	6.04286612e-03	6.29700629e-01
9.48730469e-02	6.07369198e-03	6.32926719e-01
9.49218750e-02	6.10467577e-03	6.36169398e-01
9.49707031e-02	6.13581830e-03	6.39428750e-01
9.50195313e-02	6.16712039e-03	6.42704862e-01
9.50683594e-02	6.19858286e-03	6.45997819e-01
9.51171875e-02	6.23020653e-03	6.49307710e-01
9.51660156e-02	6.26199223e-03	6.52634621e-01
9.52148438e-02	6.29394080e-03	6.55978641e-01
9.52636719e-02	6.32605307e-03	6.59339856e-01
9.53125000e-02	6.35832988e-03	6.62718357e-01
9.53613281e-02	6.39077208e-03	6.66114233e-01
9.54101563e-02	6.42338052e-03	6.69527572e-01
9.54589844e-02	6.45615606e-03	6.72958465e-01
9.55078125e-02	6.48909956e-03	6.76407004e-01
9.55566406e-02	6.52221187e-03	6.79873277e-01
9.56054688e-02	6.55549387e-03	6.83357379e-01
9.56542969e-02	6.58894642e-03	6.86859399e-01
9.57031250e-02	6.62257042e-03	6.90379432e-01
9.57519531e-02	6.65636673e-03	6.93917569e-01
9.58007813e-02	6.69033625e-03	6.97473904e-01
9.58496094e-02	6.72447986e-03	7.01048531e-01
9.58984375e-02	6.75879847e-03	7.04641545e-01
9.59472656e-02	6.79329297e-03	7.08253041e-01
9.59960938e-02	6.82796426e-03	7.11883113e-01
9.60449219e-02	6.86281326e-03	7.15531857e-01
9.60937500e-02	6.89784088e-03	7.19199371e-01
9.61425781e-02	6.93304803e-03	7.22885751e-01
9.61914062e-02	6.96843565e-03	7.26591094e-01
9.62402344e-02	7.00400466e-03	7.30315499e-01
9.62890625e-02	7.03975599e-03	7.34059063e-01
9.63378906e-02	7.07569058e-03	7.37821885e-01
9.63867188e-02	7.11180938e-03	7.41604066e-01
9.64355469e-02	7.14811333e-03	7.45405704e-01
9.64843750e-02	7.18460339e-03	7.49226901e-01
9.65332031e-02	7.22128050e-03	7.53067757e-01
9.65820313e-02	7.25814564e-03	7.56928374e-01
9.66308594e-02	7.29519977e-03	7.60808854e-01
9.66796875e-02	7.33244387e-03	7.64709299e-01
9.67285156e-02	7.36987890e-03	7.68629812e-01
9.67773438e-02	7.40750587e-03	7.72570498e-01
9.68261719e-02	7.44532574e-03	7.76531460e-01
9.68750000e-02	7.48333951e-03	7.80512803e-01
9.69238281e-02	7.52154819e-03	7.84514632e-01
9.69726563e-02	7.55995277e-03	7.88537053e-01
9.70214844e-02	7.59855427e-03	7.92580173e-01
9.70703125e-02	7.63735369e-03	7.96644097e-01
9.71191406e-02	7.67635205e-03	8.00728934e-01
9.71679688e-02	7.71555039e-03	8.04834792e-01
9.72167969e-02	7.75494972e-03	8.08961779e-01
9.72656250e-02	7.79455108e-03	8.13110005e-01
9.73144531e-02	7.83435551e-03	8.17279578e-01
9.73632813e-02	7.87436406e-03	8.21470610e-01
9.74121094e-02	7.91457778e-03	8.25683211e-01
9.74609375e-02	7.95499772e-03	8.29917492e-01
9.75097656e-02	7.99562494e-03	8.34173566e-01
9.75585938e-02	8.03646051e-03	8.38451545e-01
9.76074219e-02	8.07750551e-03	8.42751542e-01
9.76562500e-02	8.11876101e-03	8.47073670e-01
9.77050781e-02	8.16022809e-03	8.51418046e-01
9.77539063e-02	8.20190785e-03	8.55784782e-01
9.78027344e-02	8.24380137e-03	8.60173995e-01
9.78515625e-02	8.28590977e-03	8.64585801e-01
9.79003906e-02	8.32823414e-03	8.69020317e-01
9.79492188e-02	8.37077559e-03	8.73477659e-01
9.79980469e-02	8.41353525e-03	8.77957946e-01
9.80468750e-02	8.45651423e-03	8.82461296e-01
9.80957031e-02	8.49971368e-03	8.86987829e-01
9.81445312e-02	8.54313471e-03	8.91537665e-01
9.81933594e-02	8.58677847e-03	8.96110923e-01
9.82421875e-02	8.63064612e-03	9.00707724e-01
9.82910156e-02	8.67473879e-03	9.05328191e-01
9.83398438e-02	8.71905765e-03	9.09972446e-01
9.83886719e-02	8.76360387e-03	9.14640611e-01
9.84375000e-02	8.80837861e-03	9.19332811e-01
9.84863281e-02	8.85338305e-03	9.24049168e-01
9.85351563e-02	8.89861838e-03	9.28789809e-01
9.85839844e-02	8.94408578e-03	9.33554859e-01
9.86328125e-02	8.98978645e-03	9.38344443e-01
9.86816406e-02	9.03572158e-03	9.43158690e-01
9.87304688e-02	9.08189239e-03	9.47997725e-01
9.87792969e-02	9.12830009e-03	9.52861677e-01
9.88281250e-02	9.17494590e-03	9.57750676e-01
9.88769531e-02	9.22183105e-03	9.62664850e-01
9.89257813e-02	9.26895676e-03	9.67604330e-01
9.89746094e-02	9.31632428e-03	9.72569246e-01
9.90234375e-02	9.36393485e-03	9.77559730e-01
9.90722656e-02	9.41178972e-03	9.82575915e-01
9.91210938e-02	9.45989016e-03	9.87617932e-01
9.91699219e-02	9.50823742e-03	9.92685916e-01
9.92187500e-02	9.55683278e-03	9.97780000e-01
9.92675781e-02	9.60567751e-03	1.00290032e+00
9.93164063e-02	9.65477291e-03	1.00804701e+00
9.93652344e-02	9.70412025e-03	1.01322021e+00
9.94140625e-02	9.75372084e-03	1.01842006e+00
9.94628906e-02	9.80357599e-03	1.02364668e+00
9.95117188e-02	9.85368700e-03	1.02890023e+00
9.95605469e-02	9.90405519e-03	1.03418084e+00
9.96093750e-02	9.95468188e-03	1.03948865e+00
9.96582031e-02	1.00055684e-02	1.04482380e+00
9.97070313e-02	1.00567161e-02	1.05018643e+00
9.97558594e-02	1.01081264e-02	1.05557668e+00
9.98046875e-02	1.01598005e-02	1.06099471e+00
9.98535156e-02	1.02117398e-02	1.06644064e+00
9.99023438e-02	1.02639457e-02	1.07191463e+00
9.99511719e-02	1.03164197e-02	1.07741682e+00
1.00000000e-01	1.03691629e-02	1.08294736e+00
