0.00000000e+00	0.00000000e+00	1.75231895e+02
1.46484375e-06	2.56687593e-04	1.75232232e+02
2.92968750e-06	5.13375993e-04	1.75232997e+02
4.39453125e-06	7.70065883e-04	1.75234267e+02
5.85937500e-06	1.02675800e-03	1.75236041e+02
7.32421875e-06	1.28345309e-03	1.75238318e+02
8.78906250e-06	1.54015188e-03	1.75241100e+02
1.02539063e-05	1.79685512e-03	1.75244387e+02
1.17187500e-05	2.05356354e-03	1.75248179e+02
1.31835937e-05	2.31027789e-03	1.75252475e+02
1.46484375e-05	2.56699890e-03	1.75257277e+02
1.61132813e-05	2.82372731e-03	1.75262583e+02
1.75781250e-05	3.08046387e-03	1.75268396e+02
1.90429687e-05	3.33720931e-03	1.75274713e+02
2.05078125e-05	3.59396437e-03	1.75281536e+02
2.19726562e-05	3.85072980e-03	1.75288864e+02
2.34375000e-05	4.10750634e-03	1.75296698e+02
2.49023438e-05	4.36429472e-03	1.75305037e+02
2.63671875e-05	4.62109568e-03	1.75313882e+02
2.78320313e-05	4.87790998e-03	1.75323233e+02
2.92968750e-05	5.13473834e-03	1.75333090e+02
3.07617188e-05	5.39158151e-03	1.75343453e+02
3.22265625e-05	5.64844023e-03	1.75354322e+02
3.36914063e-05	5.90531525e-03	1.75365697e+02
3.51562500e-05	6.16220729e-03	1.75377579e+02
3.66210937e-05	6.41911712e-03	1.75389967e+02
3.80859375e-05	6.67604546e-03	1.75402861e+02
3.95507813e-05	6.93299306e-03	1.75416262e+02
4.10156250e-05	7.18996066e-03	1.75430170e+02
4.24804688e-05	7.44694901e-03	1.75444585e+02
4.39453125e-05	7.70395884e-03	1.75459507e+02
4.54101562e-05	7.96099090e-03	1.75474936e+02
4.68750000e-05	8.21804594e-03	1.75490872e+02
4.83398438e-05	8.47512469e-03	1.75507316e+02
4.98046875e-05	8.73222790e-03	1.75524267e+02
5.12695312e-05	8.98935631e-03	1.75541727e+02
5.27343750e-05	9.24651067e-03	1.75559694e+02
5.41992188e-05	9.50369172e-03	1.75578169e+02
5.56640625e-05	9.76090021e-03	1.75597153e+02
5.71289063e-05	1.00181369e-02	1.75616645e+02
5.85937500e-05	1.02754025e-02	1.75636645e+02
6.00585937e-05	1.05326977e-02	1.75657155e+02
6.15234375e-05	1.07900234e-02	1.75678173e+02
6.29882813e-05	1.10473803e-02	1.75699700e+02
6.44531250e-05	1.13047690e-02	1.75721737e+02
6.59179688e-05	1.15621904e-02	1.75744284e+02
6.73828125e-05	1.18196452e-02	1.75767340e+02
6.88476563e-05	1.20771342e-02	1.75790906e+02
7.03125000e-05	1.23346580e-02	1.75814983e+02
7.17773437e-05	1.25922175e-02	1.75839570e+02
7.32421875e-05	1.28498134e-02	1.75864667e+02
7.47070312e-05	1.31074464e-02	1.75890276e+02
7.61718750e-05	1.33651173e-02	1.75916396e+02
7.76367188e-05	1.36228268e-02	1.75943026e+02
7.91015625e-05	1.38805757e-02	1.75970169e+02
8.05664063e-05	1.41383648e-02	1.75997823e+02
8.20312500e-05	1.43961947e-02	1.76025990e+02
8.34960938e-05	1.46540663e-02	1.76054669e+02
8.49609375e-05	1.49119803e-02	1.76083860e+02
8.64257812e-05	1.51699374e-02	1.76113565e+02
8.78906250e-05	1.54279384e-02	1.76143782e+02
8.93554687e-05	1.56859840e-02	1.76174513e+02
9.08203125e-05	1.59440750e-02	1.76205758e+02
9.22851563e-05	1.62022122e-02	1.76237516e+02
9.37500000e-05	1.64603962e-02	1.76269789e+02
9.52148438e-05	1.67186280e-02	1.76302577e+02
9.66796875e-05	1.69769081e-02	1.76335879e+02
9.81445313e-05	1.72352373e-02	1.76369697e+02
9.96093750e-05	1.74936165e-02	1.76404030e+02
1.01074219e-04	1.77520464e-02	1.76438879e+02
1.02539062e-04	1.80105277e-02	1.76474244e+02
1.04003906e-04	1.82690612e-02	1.76510125e+02
1.05468750e-04	1.85276476e-02	1.76546523e+02
1.06933594e-04	1.87862877e-02	1.76583439e+02
1.08398438e-04	1.90449823e-02	1.76620872e+02
1.09863281e-04	1.93037320e-02	1.76658822e+02
1.11328125e-04	1.95625378e-02	1.76697291e+02
1.12792969e-04	1.98214003e-02	1.76736278e+02
1.14257813e-04	2.00803202e-02	1.76775785e+02
1.15722656e-04	2.03392984e-02	1.76815810e+02
1.17187500e-04	2.05983357e-02	1.76856355e+02
1.18652344e-04	2.08574327e-02	1.76897420e+02
1.20117187e-04	2.11165902e-02	1.76939005e+02
1.21582031e-04	2.13758090e-02	1.76981111e+02
1.23046875e-04	2.16350899e-02	1.77023738e+02
1.24511719e-04	2.18944337e-02	1.77066886e+02
1.25976563e-04	2.21538410e-02	1.77110557e+02
1.27441406e-04	2.24133126e-02	1.77154750e+02
1.28906250e-04	2.26728494e-02	1.77199465e+02
1.30371094e-04	2.29324521e-02	1.77244703e+02
1.31835938e-04	2.31921214e-02	1.77290465e+02
1.33300781e-04	2.34518581e-02	1.77336751e+02
1.34765625e-04	2.37116630e-02	1.77383562e+02
1.36230469e-04	2.39715369e-02	1.77430897e+02
1.37695313e-04	2.42314805e-02	1.77478757e+02
1.39160156e-04	2.44914946e-02	1.77527143e+02
1.40625000e-04	2.47515799e-02	1.77576055e+02
1.42089844e-04	2.50117373e-02	1.77625494e+02
1.43554687e-04	2.52719675e-02	1.77675460e+02
1.45019531e-04	2.55322713e-02	1.77725953e+02
1.46484375e-04	2.57926494e-02	1.77776974e+02
1.47949219e-04	2.60531026e-02	1.77828524e+02
1.49414062e-04	2.63136318e-02	1.77880602e+02
1.50878906e-04	2.65742376e-02	1.77933210e+02
1.52343750e-04	2.68349209e-02	1.77986348e+02
1.53808594e-04	2.70956824e-02	1.78040016e+02
1.55273438e-04	2.73565229e-02	1.78094215e+02
1.56738281e-04	2.76174432e-02	1.78148945e+02
1.58203125e-04	2.78784440e-02	1.78204207e+02
1.59667969e-04	2.81395262e-02	1.78260002e+02
1.61132813e-04	2.84006905e-02	1.78316329e+02
1.62597656e-04	2.86619377e-02	1.78373190e+02
1.64062500e-04	2.89232686e-02	1.78430585e+02
1.65527344e-04	2.91846839e-02	1.78488514e+02
1.66992188e-04	2.94461846e-02	1.78546978e+02
1.68457031e-04	2.97077712e-02	1.78605978e+02
1.69921875e-04	2.99694446e-02	1.78665514e+02
1.71386719e-04	3.02312057e-02	1.78725586e+02
1.72851562e-04	3.04930552e-02	1.78786196e+02
1.74316406e-04	3.07549938e-02	1.78847343e+02
1.75781250e-04	3.10170224e-02	1.78909029e+02
1.77246094e-04	3.12791417e-02	1.78971253e+02
1.78710937e-04	3.15413526e-02	1.79034017e+02
1.80175781e-04	3.18036558e-02	1.79097322e+02
1.81640625e-04	3.20660522e-02	1.79161166e+02
1.83105469e-04	3.23285425e-02	1.79225552e+02
1.84570313e-04	3.25911275e-02	1.79290480e+02
1.86035156e-04	3.28538079e-02	1.79355950e+02
1.87500000e-04	3.31165847e-02	1.79421964e+02
1.88964844e-04	3.33794586e-02	1.79488521e+02
1.90429688e-04	3.36424304e-02	1.79555622e+02
1.91894531e-04	3.39055009e-02	1.79623268e+02
1.93359375e-04	3.41686709e-02	1.79691460e+02
1.94824219e-04	3.44319411e-02	1.79760198e+02
1.96289063e-04	3.46953125e-02	1.79829482e+02
1.97753906e-04	3.49587857e-02	1.79899314e+02
1.99218750e-04	3.52223616e-02	1.79969695e+02
2.00683594e-04	3.54860411e-02	1.80040624e+02
2.02148438e-04	3.57498248e-02	1.80112102e+02
2.03613281e-04	3.60137136e-02	1.80184130e+02
2.05078125e-04	3.62777084e-02	1.80256710e+02
2.06542969e-04	3.65418099e-02	1.80329840e+02
2.08007812e-04	3.68060189e-02	1.80403523e+02
2.09472656e-04	3.70703362e-02	1.80477759e+02
2.10937500e-04	3.73347627e-02	1.80552548e+02
2.12402344e-04	3.75992992e-02	1.80627892e+02
2.13867188e-04	3.78639464e-02	1.80703790e+02
2.15332031e-04	3.81287052e-02	1.80780244e+02
2.16796875e-04	3.83935764e-02	1.80857254e+02
2.18261719e-04	3.86585609e-02	1.80934822e+02
2.19726563e-04	3.89236593e-02	1.81012947e+02
2.21191406e-04	3.91888726e-02	1.81091631e+02
2.22656250e-04	3.94542016e-02	1.81170874e+02
2.24121094e-04	3.97196471e-02	1.81250677e+02
2.25585938e-04	3.99852099e-02	1.81331041e+02
2.27050781e-04	4.02508908e-02	1.81411966e+02
2.28515625e-04	4.05166907e-02	1.81493454e+02
2.29980469e-04	4.07826103e-02	1.81575504e+02
2.31445313e-04	4.10486506e-02	1.81658119e+02
2.32910156e-04	4.13148122e-02	1.81741298e+02
2.34375000e-04	4.15810962e-02	1.81825043e+02
2.35839844e-04	4.18475032e-02	1.81909353e+02
2.37304687e-04	4.21140342e-02	1.81994231e+02
2.38769531e-04	4.23806898e-02	1.82079676e+02
2.40234375e-04	4.26474711e-02	1.82165691e+02
2.41699219e-04	4.29143788e-02	1.82252274e+02
2.43164062e-04	4.31814137e-02	1.82339428e+02
2.44628906e-04	4.34485768e-02	1.82427152e+02
2.46093750e-04	4.37158687e-02	1.82515449e+02
2.47558594e-04	4.39832904e-02	1.82604318e+02
2.49023438e-04	4.42508427e-02	1.82693761e+02
2.50488281e-04	4.45185265e-02	1.82783778e+02
2.51953125e-04	4.47863425e-02	1.82874371e+02
2.53417969e-04	4.50542916e-02	1.82965540e+02
2.54882813e-04	4.53223748e-02	1.83057285e+02
2.56347656e-04	4.55905927e-02	1.83149609e+02
2.57812500e-04	4.58589463e-02	1.83242511e+02
2.59277344e-04	4.61274364e-02	1.83335993e+02
2.60742188e-04	4.63960639e-02	1.83430055e+02
2.62207031e-04	4.66648296e-02	1.83524699e+02
2.63671875e-04	4.69337343e-02	1.83619925e+02
2.65136719e-04	4.72027790e-02	1.83715734e+02
2.66601563e-04	4.74719645e-02	1.83812127e+02
2.68066406e-04	4.77412915e-02	1.83909106e+02
2.69531250e-04	4.80107611e-02	1.84006670e+02
2.70996094e-04	4.82803740e-02	1.84104821e+02
2.72460938e-04	4.85501311e-02	1.84203560e+02
2.73925781e-04	4.88200333e-02	1.84302888e+02
2.75390625e-04	4.90900814e-02	1.84402806e+02
2.76855469e-04	4.93602763e-02	1.84503314e+02
2.78320313e-04	4.96306189e-02	1.84604414e+02
2.79785156e-04	4.99011100e-02	1.84706107e+02
2.81250000e-04	5.01717505e-02	1.84808393e+02
2.82714844e-04	5.04425413e-02	1.84911273e+02
2.84179687e-04	5.07134832e-02	1.85014750e+02
2.85644531e-04	5.09845771e-02	1.85118823e+02
2.87109375e-04	5.12558239e-02	1.85223493e+02
2.88574219e-04	5.15272245e-02	1.85328762e+02
2.90039062e-04	5.17987797e-02	1.85434630e+02
2.91503906e-04	5.20704905e-02	1.85541100e+02
2.92968750e-04	5.23423576e-02	1.85648170e+02
2.94433594e-04	5.26143820e-02	1.85755844e+02
2.95898437e-04	5.28865646e-02	1.85864121e+02
2.97363281e-04	5.31589063e-02	1.85973003e+02
2.98828125e-04	5.34314079e-02	1.86082490e+02
3.00292969e-04	5.37040703e-02	1.86192585e+02
3.01757812e-04	5.39768944e-02	1.86303287e+02
3.03222656e-04	5.42498811e-02	1.86414598e+02
3.04687500e-04	5.45230314e-02	1.86526520e+02
3.06152344e-04	5.47963460e-02	1.86639052e+02
3.07617188e-04	5.50698259e-02	1.86752197e+02
3.09082031e-04	5.53434720e-02	1.86865955e+02
3.10546875e-04	5.56172852e-02	1.86980328e+02
3.12011719e-04	5.58912664e-02	1.87095316e+02
3.13476563e-04	5.61654165e-02	1.87210920e+02
3.14941406e-04	5.64397363e-02	1.87327143e+02
3.16406250e-04	5.67142269e-02	1.87443984e+02
3.17871094e-04	5.69888891e-02	1.87561446e+02
3.19335938e-04	5.72637238e-02	1.87679528e+02
3.20800781e-04	5.75387319e-02	1.87798233e+02
3.22265625e-04	5.78139144e-02	1.87917562e+02
3.23730469e-04	5.80892721e-02	1.88037515e+02
3.25195313e-04	5.83648060e-02	1.88158094e+02
3.26660156e-04	5.86405170e-02	1.88279300e+02
3.28125000e-04	5.89164060e-02	1.88401134e+02
3.29589844e-04	5.91924739e-02	1.88523598e+02
3.31054688e-04	5.94687217e-02	1.88646692e+02
3.32519531e-04	5.97451502e-02	1.88770418e+02
3.33984375e-04	6.00217605e-02	1.88894777e+02
3.35449219e-04	6.02985533e-02	1.89019770e+02
3.36914063e-04	6.05755298e-02	1.89145399e+02
3.38378906e-04	6.08526907e-02	1.89271665e+02
3.39843750e-04	6.11300371e-02	1.89398568e+02
3.41308594e-04	6.14075698e-02	1.89526110e+02
3.42773438e-04	6.16852898e-02	1.89654293e+02
3.44238281e-04	6.19631981e-02	1.89783118e+02
3.45703125e-04	6.22412955e-02	1.89912586e+02
3.47167969e-04	6.25195831e-02	1.90042697e+02
3.48632812e-04	6.27980617e-02	1.90173455e+02
3.50097656e-04	6.30767324e-02	1.90304859e+02
3.51562500e-04	6.33555960e-02	1.90436911e+02
3.53027344e-04	6.36346535e-02	1.90569613e+02
3.54492187e-04	6.39139058e-02	1.90702966e+02
3.55957031e-04	6.41933540e-02	1.90836970e+02
3.57421875e-04	6.44729990e-02	1.90971628e+02
3.58886719e-04	6.47528417e-02	1.91106941e+02
3.60351562e-04	6.50328831e-02	1.91242909e+02
3.61816406e-04	6.53131241e-02	1.91379535e+02
3.63281250e-04	6.55935658e-02	1.91516820e+02
3.64746094e-04	6.58742091e-02	1.91654765e+02
3.66210938e-04	6.61550549e-02	1.91793372e+02
3.67675781e-04	6.64361042e-02	1.91932641e+02
3.69140625e-04	6.67173580e-02	1.92072575e+02
3.70605469e-04	6.69988173e-02	1.92213175e+02
3.72070313e-04	6.72804830e-02	1.92354441e+02
3.73535156e-04	6.75623562e-02	1.92496376e+02
3.75000000e-04	6.78444378e-02	1.92638981e+02
3.76464844e-04	6.81267287e-02	1.92782257e+02
3.77929688e-04	6.84092300e-02	1.92926206e+02
3.79394531e-04	6.86919427e-02	1.93070830e+02
3.80859375e-04	6.89748677e-02	1.93216128e+02
3.82324219e-04	6.92580061e-02	1.93362104e+02
3.83789063e-04	6.95413588e-02	1.93508759e+02
3.85253906e-04	6.98249268e-02	1.93656094e+02
3.86718750e-04	7.01087111e-02	1.93804110e+02
3.88183594e-04	7.03927127e-02	1.93952809e+02
3.89648438e-04	7.06769327e-02	1.94102193e+02
3.91113281e-04	7.09613720e-02	1.94252263e+02
3.92578125e-04	7.12460316e-02	1.94403020e+02
3.94042969e-04	7.15309126e-02	1.94554467e+02
3.95507813e-04	7.18160159e-02	1.94706604e+02
3.96972656e-04	7.21013426e-02	1.94859433e+02
3.98437500e-04	7.23868937e-02	1.95012956e+02
3.99902344e-04	7.26726701e-02	1.95167174e+02
4.01367188e-04	7.29586730e-02	1.95322089e+02
4.02832031e-04	7.32449033e-02	1.95477702e+02
4.04296875e-04	7.35313621e-02	1.95634016e+02
4.05761719e-04	7.38180504e-02	1.95791031e+02
4.07226562e-04	7.41049692e-02	1.95948749e+02
4.08691406e-04	7.43921195e-02	1.96107171e+02
4.10156250e-04	7.46795024e-02	1.96266300e+02
4.11621094e-04	7.49671189e-02	1.96426138e+02
4.13085937e-04	7.52549701e-02	1.96586684e+02
4.14550781e-04	7.55430570e-02	1.96747942e+02
4.16015625e-04	7.58313806e-02	1.96909913e+02
4.17480469e-04	7.61199421e-02	1.97072599e+02
4.18945312e-04	7.64087423e-02	1.97236000e+02
4.20410156e-04	7.66977824e-02	1.97400120e+02
4.21875000e-04	7.69870635e-02	1.97564959e+02
4.23339844e-04	7.72765865e-02	1.97730520e+02
4.24804687e-04	7.75663527e-02	1.97896803e+02
4.26269531e-04	7.78563629e-02	1.98063811e+02
4.27734375e-04	7.81466183e-02	1.98231546e+02
4.29199219e-04	7.84371199e-02	1.98400008e+02
4.30664063e-04	7.87278688e-02	1.98569201e+02
4.32128906e-04	7.90188661e-02	1.98739125e+02
4.33593750e-04	7.93101129e-02	1.98909783e+02
4.35058594e-04	7.96016102e-02	1.99081175e+02
4.36523438e-04	7.98933591e-02	1.99253305e+02
4.37988281e-04	8.01853606e-02	1.99426173e+02
4.39453125e-04	8.04776160e-02	1.99599782e+02
4.40917969e-04	8.07701262e-02	1.99774133e+02
4.42382813e-04	8.10628923e-02	1.99949228e+02
4.43847656e-04	8.13559155e-02	2.00125069e+02
4.45312500e-04	8.16491967e-02	2.00301657e+02
4.46777344e-04	8.19427373e-02	2.00478996e+02
4.48242188e-04	8.22365381e-02	2.00657085e+02
4.49707031e-04	8.25306004e-02	2.00835928e+02
4.51171875e-04	8.28249252e-02	2.01015526e+02
4.52636719e-04	8.31195136e-02	2.01195881e+02
4.54101563e-04	8.34143668e-02	2.01376995e+02
4.55566406e-04	8.37094858e-02	2.01558870e+02
4.57031250e-04	8.40048718e-02	2.01741507e+02
4.58496094e-04	8.43005260e-02	2.01924909e+02
4.59960938e-04	8.45964493e-02	2.02109078e+02
4.61425781e-04	8.48926430e-02	2.02294015e+02
4.62890625e-04	8.51891081e-02	2.02479722e+02
4.64355469e-04	8.54858458e-02	2.02666202e+02
4.65820313e-04	8.57828573e-02	2.02853456e+02
4.67285156e-04	8.60801436e-02	2.03041487e+02
4.68750000e-04	8.63777060e-02	2.03230295e+02
4.70214844e-04	8.66755455e-02	2.03419884e+02
4.71679687e-04	8.69736632e-02	2.03610255e+02
4.73144531e-04	8.72720605e-02	2.03801411e+02
4.74609375e-04	8.75707383e-02	2.03993353e+02
4.76074219e-04	8.78696978e-02	2.04186083e+02
4.77539062e-04	8.81689403e-02	2.04379603e+02
4.79003906e-04	8.84684668e-02	2.04573916e+02
4.80468750e-04	8.87682785e-02	2.04769023e+02
4.81933594e-04	8.90683766e-02	2.04964927e+02
4.83398437e-04	8.93687623e-02	2.05161630e+02
4.84863281e-04	8.96694366e-02	2.05359133e+02
4.86328125e-04	8.99704009e-02	2.05557440e+02
4.87792969e-04	9.02716563e-02	2.05756551e+02
4.89257813e-04	9.05732039e-02	2.05956469e+02
4.90722656e-04	9.08750450e-02	2.06157196e+02
4.92187500e-04	9.11771807e-02	2.06358735e+02
4.93652344e-04	9.14796122e-02	2.06561088e+02
4.95117188e-04	9.17823407e-02	2.06764256e+02
4.96582031e-04	9.20853674e-02	2.06968242e+02
4.98046875e-04	9.23886936e-02	2.07173048e+02
4.99511719e-04	9.26923203e-02	2.07378677e+02
5.00976563e-04	9.29962489e-02	2.07585129e+02
5.02441406e-04	9.33004805e-02	2.07792409e+02
5.03906250e-04	9.36050163e-02	2.08000518e+02
5.05371094e-04	9.39098576e-02	2.08209457e+02
5.06835938e-04	9.42150056e-02	2.08419231e+02
5.08300781e-04	9.45204614e-02	2.08629840e+02
5.09765625e-04	9.48262264e-02	2.08841287e+02
5.11230469e-04	9.51323018e-02	2.09053574e+02
5.12695313e-04	9.54386887e-02	2.09266704e+02
5.14160156e-04	9.57453884e-02	2.09480679e+02
5.15625000e-04	9.60524022e-02	2.09695501e+02
5.17089844e-04	9.63597313e-02	2.09911172e+02
5.18554688e-04	9.66673770e-02	2.10127696e+02
5.20019531e-04	9.69753405e-02	2.10345074e+02
5.21484375e-04	9.72836230e-02	2.10563309e+02
5.22949219e-04	9.75922258e-02	2.10782402e+02
5.24414063e-04	9.79011502e-02	2.11002357e+02
5.25878906e-04	9.82103974e-02	2.11223176e+02
5.27343750e-04	9.85199687e-02	2.11444861e+02
5.28808594e-04	9.88298654e-02	2.11667415e+02
5.30273438e-04	9.91400887e-02	2.11890840e+02
5.31738281e-04	9.94506400e-02	2.12115139e+02
5.33203125e-04	9.97615204e-02	2.12340313e+02
5.34667969e-04	1.00072731e-01	2.12566367e+02
5.36132813e-04	1.00384274e-01	2.12793301e+02
5.37597656e-04	1.00696150e-01	2.13021119e+02
5.39062500e-04	1.01008360e-01	2.13249823e+02
5.40527344e-04	1.01320906e-01	2.13479415e+02
5.41992188e-04	1.01633789e-01	2.13709899e+02
5.43457031e-04	1.01947010e-01	2.13941276e+02
5.44921875e-04	1.02260570e-01	2.14173550e+02
5.46386719e-04	1.02574472e-01	2.14406722e+02
5.47851563e-04	1.02888716e-01	2.14640796e+02
5.49316406e-04	1.03203303e-01	2.14875774e+02
5.50781250e-04	1.03518235e-01	2.15111659e+02
5.52246094e-04	1.03833514e-01	2.15348452e+02
5.53710938e-04	1.04149140e-01	2.15586158e+02
5.55175781e-04	1.04465114e-01	2.15824778e+02
5.56640625e-04	1.04781439e-01	2.16064316e+02
5.58105469e-04	1.05098116e-01	2.16304774e+02
5.59570313e-04	1.05415146e-01	2.16546154e+02
5.61035156e-04	1.05732529e-01	2.16788459e+02
5.62500000e-04	1.06050269e-01	2.17031693e+02
5.63964844e-04	1.06368365e-01	2.17275857e+02
5.65429687e-04	1.06686820e-01	2.17520955e+02
5.66894531e-04	1.07005634e-01	2.17766989e+02
5.68359375e-04	1.07324810e-01	2.18013963e+02
5.69824219e-04	1.07644348e-01	2.18261878e+02
5.71289062e-04	1.07964249e-01	2.18510738e+02
5.72753906e-04	1.08284516e-01	2.18760545e+02
5.74218750e-04	1.08605150e-01	2.19011303e+02
5.75683594e-04	1.08926152e-01	2.19263013e+02
5.77148437e-04	1.09247523e-01	2.19515680e+02
5.78613281e-04	1.09569265e-01	2.19769306e+02
5.80078125e-04	1.09891379e-01	2.20023894e+02
5.81542969e-04	1.10213867e-01	2.20279446e+02
5.83007812e-04	1.10536730e-01	2.20535966e+02
5.84472656e-04	1.10859969e-01	2.20793456e+02
5.85937500e-04	1.11183586e-01	2.21051920e+02
5.87402344e-04	1.11507583e-01	2.21311360e+02
5.88867187e-04	1.11831960e-01	2.21571780e+02
5.90332031e-04	1.12156720e-01	2.21833182e+02
5.91796875e-04	1.12481863e-01	2.22095570e+02
5.93261719e-04	1.12807391e-01	2.22358946e+02
5.94726562e-04	1.13133306e-01	2.22623313e+02
5.96191406e-04	1.13459608e-01	2.22888675e+02
5.97656250e-04	1.13786301e-01	2.23155034e+02
5.99121094e-04	1.14113384e-01	2.23422394e+02
6.00585937e-04	1.14440859e-01	2.23690758e+02
6.02050781e-04	1.14768728e-01	2.23960129e+02
6.03515625e-04	1.15096993e-01	2.24230509e+02
6.04980469e-04	1.15425654e-01	2.24501903e+02
6.06445312e-04	1.15754714e-01	2.24774313e+02
6.07910156e-04	1.16084174e-01	2.25047742e+02
6.09375000e-04	1.16414034e-01	2.25322194e+02
6.10839844e-04	1.16744298e-01	2.25597672e+02
6.12304688e-04	1.17074966e-01	2.25874179e+02
6.13769531e-04	1.17406040e-01	2.26151718e+02
6.15234375e-04	1.17737521e-01	2.26430292e+02
6.16699219e-04	1.18069410e-01	2.26709905e+02
6.18164063e-04	1.18401710e-01	2.26990561e+02
6.19628906e-04	1.18734422e-01	2.27272261e+02
6.21093750e-04	1.19067548e-01	2.27555010e+02
6.22558594e-04	1.19401088e-01	2.27838811e+02
6.24023438e-04	1.19735045e-01	2.28123668e+02
6.25488281e-04	1.20069420e-01	2.28409583e+02
6.26953125e-04	1.20404215e-01	2.28696560e+02
6.28417969e-04	1.20739430e-01	2.28984602e+02
6.29882813e-04	1.21075069e-01	2.29273714e+02
6.31347656e-04	1.21411132e-01	2.29563897e+02
6.32812500e-04	1.21747620e-01	2.29855157e+02
6.34277344e-04	1.22084536e-01	2.30147495e+02
6.35742188e-04	1.22421881e-01	2.30440916e+02
6.37207031e-04	1.22759657e-01	2.30735423e+02
6.38671875e-04	1.23097865e-01	2.31031020e+02
6.40136719e-04	1.23436506e-01	2.31327710e+02
6.41601563e-04	1.23775583e-01	2.31625497e+02
6.43066406e-04	1.24115097e-01	2.31924384e+02
6.44531250e-04	1.24455050e-01	2.32224374e+02
6.45996094e-04	1.24795443e-01	2.32525473e+02
6.47460938e-04	1.25136278e-01	2.32827682e+02
6.48925781e-04	1.25477556e-01	2.33131006e+02
6.50390625e-04	1.25819280e-01	2.33435448e+02
6.51855469e-04	1.26161450e-01	2.33741012e+02
6.53320313e-04	1.26504069e-01	2.34047702e+02
6.54785156e-04	1.26847137e-01	2.34355522e+02
6.56250000e-04	1.27190658e-01	2.34664474e+02
6.57714844e-04	1.27534632e-01	2.34974564e+02
6.59179688e-04	1.27879061e-01	2.35285794e+02
6.60644531e-04	1.28223946e-01	2.35598168e+02
6.62109375e-04	1.28569291e-01	2.35911690e+02
6.63574219e-04	1.28915095e-01	2.36226365e+02
6.65039063e-04	1.29261361e-01	2.36542195e+02
6.66503906e-04	1.29608090e-01	2.36859185e+02
6.67968750e-04	1.29955285e-01	2.37177339e+02
6.69433594e-04	1.30302947e-01	2.37496660e+02
6.70898438e-04	1.30651077e-01	2.37817152e+02
6.72363281e-04	1.30999678e-01	2.38138820e+02
6.73828125e-04	1.31348750e-01	2.38461667e+02
6.75292969e-04	1.31698297e-01	2.38785697e+02
6.76757813e-04	1.32048319e-01	2.39110914e+02
6.78222656e-04	1.32398818e-01	2.39437323e+02
6.79687500e-04	1.32749796e-01	2.39764926e+02
6.81152344e-04	1.33101255e-01	2.40093729e+02
6.82617188e-04	1.33453196e-01	2.40423735e+02
6.84082031e-04	1.33805622e-01	2.40754949e+02
6.85546875e-04	1.34158534e-01	2.41087374e+02
6.87011719e-04	1.34511934e-01	2.41421015e+02
6.88476562e-04	1.34865823e-01	2.41755876e+02
6.89941406e-04	1.35220204e-01	2.42091960e+02
6.91406250e-04	1.35575078e-01	2.42429273e+02
6.92871094e-04	1.35930447e-01	2.42767818e+02
6.94335937e-04	1.36286313e-01	2.43107599e+02
6.95800781e-04	1.36642677e-01	2.43448622e+02
6.97265625e-04	1.36999542e-01	2.43790889e+02
6.98730469e-04	1.37356909e-01	2.44134406e+02
7.00195312e-04	1.37714780e-01	2.44479176e+02
7.01660156e-04	1.38073157e-01	2.44825205e+02
7.03125000e-04	1.38432043e-01	2.45172496e+02
7.04589844e-04	1.38791437e-01	2.45521053e+02
7.06054687e-04	1.39151343e-01	2.45870882e+02
7.07519531e-04	1.39511763e-01	2.46221987e+02
7.08984375e-04	1.39872698e-01	2.46574371e+02
7.10449219e-04	1.40234150e-01	2.46928040e+02
7.11914062e-04	1.40596121e-01	2.47282998e+02
7.13378906e-04	1.40958613e-01	2.47639249e+02
7.14843750e-04	1.41321627e-01	2.47996798e+02
7.16308594e-04	1.41685167e-01	2.48355650e+02
7.17773437e-04	1.42049233e-01	2.48715809e+02
7.19238281e-04	1.42413827e-01	2.49077280e+02
7.20703125e-04	1.42778952e-01	2.49440067e+02
7.22167969e-04	1.43144610e-01	2.49804175e+02
7.23632812e-04	1.43510801e-01	2.50169609e+02
7.25097656e-04	1.43877529e-01	2.50536373e+02
7.26562500e-04	1.44244796e-01	2.50904472e+02
7.28027344e-04	1.44612602e-01	2.51273911e+02
7.29492187e-04	1.44980951e-01	2.51644694e+02
7.30957031e-04	1.45349843e-01	2.52016827e+02
7.32421875e-04	1.45719282e-01	2.52390314e+02
7.33886719e-04	1.46089269e-01	2.52765160e+02
7.35351563e-04	1.46459806e-01	2.53141370e+02
7.36816406e-04	1.46830895e-01	2.53518948e+02
7.38281250e-04	1.47202538e-01	2.53897900e+02
7.39746094e-04	1.47574738e-01	2.54278231e+02
7.41210938e-04	1.47947495e-01	2.54659945e+02
7.42675781e-04	1.48320813e-01	2.55043048e+02
7.44140625e-04	1.48694693e-01	2.55427544e+02
7.45605469e-04	1.49069137e-01	2.55813438e+02
7.47070313e-04	1.49444147e-01	2.56200736e+02
7.48535156e-04	1.49819726e-01	2.56589443e+02
7.50000000e-04	1.50195875e-01	2.56979564e+02
7.51464844e-04	1.50572597e-01	2.57371103e+02
7.52929688e-04	1.50949893e-01	2.57764066e+02
7.54394531e-04	1.51327766e-01	2.58158459e+02
7.55859375e-04	1.51706218e-01	2.58554286e+02
7.57324219e-04	1.52085250e-01	2.58951552e+02
7.58789063e-04	1.52464866e-01	2.59350264e+02
7.60253906e-04	1.52845067e-01	2.59750425e+02
7.61718750e-04	1.53225854e-01	2.60152042e+02
7.63183594e-04	1.53607232e-01	2.60555120e+02
7.64648438e-04	1.53989201e-01	2.60959664e+02
7.66113281e-04	1.54371763e-01	2.61365680e+02
7.67578125e-04	1.54754921e-01	2.61773172e+02
7.69042969e-04	1.55138678e-01	2.62182147e+02
7.70507813e-04	1.55523034e-01	2.62592610e+02
7.71972656e-04	1.55907993e-01	2.63004567e+02
7.73437500e-04	1.56293557e-01	2.63418022e+02
7.74902344e-04	1.56679727e-01	2.63832981e+02
7.76367188e-04	1.57066506e-01	2.64249451e+02
7.77832031e-04	1.57453896e-01	2.64667437e+02
7.79296875e-04	1.57841900e-01	2.65086943e+02
7.80761719e-04	1.58230519e-01	2.65507977e+02
7.82226563e-04	1.58619756e-01	2.65930544e+02
7.83691406e-04	1.59009614e-01	2.66354648e+02
7.85156250e-04	1.59400093e-01	2.66780297e+02
7.86621094e-04	1.59791198e-01	2.67207496e+02
7.88085938e-04	1.60182929e-01	2.67636251e+02
7.89550781e-04	1.60575290e-01	2.68066567e+02
7.91015625e-04	1.60968281e-01	2.68498451e+02
7.92480469e-04	1.61361907e-01	2.68931908e+02
7.93945313e-04	1.61756169e-01	2.69366944e+02
7.95410156e-04	1.62151069e-01	2.69803566e+02
7.96875000e-04	1.62546610e-01	2.70241778e+02
7.98339844e-04	1.62942794e-01	2.70681588e+02
7.99804688e-04	1.63339624e-01	2.71123002e+02
8.01269531e-04	1.63737101e-01	2.71566024e+02
8.02734375e-04	1.64135229e-01	2.72010663e+02
8.04199219e-04	1.64534009e-01	2.72456922e+02
8.05664063e-04	1.64933444e-01	2.72904810e+02
8.07128906e-04	1.65333536e-01	2.73354332e+02
8.08593750e-04	1.65734288e-01	2.73805494e+02
8.10058594e-04	1.66135702e-01	2.74258302e+02
8.11523438e-04	1.66537780e-01	2.74712763e+02
8.12988281e-04	1.66940525e-01	2.75168883e+02
8.14453125e-04	1.67343940e-01	2.75626669e+02
8.15917969e-04	1.67748027e-01	2.76086127e+02
8.17382812e-04	1.68152787e-01	2.76547263e+02
8.18847656e-04	1.68558225e-01	2.77010084e+02
8.20312500e-04	1.68964342e-01	2.77474596e+02
8.21777344e-04	1.69371140e-01	2.77940806e+02
8.23242187e-04	1.69778622e-01	2.78408721e+02
8.24707031e-04	1.70186792e-01	2.78878346e+02
8.26171875e-04	1.70595650e-01	2.79349689e+02
8.27636719e-04	1.71005200e-01	2.79822756e+02
8.29101562e-04	1.71415445e-01	2.80297554e+02
8.30566406e-04	1.71826386e-01	2.80774090e+02
8.32031250e-04	1.72238026e-01	2.81252370e+02
8.33496094e-04	1.72650369e-01	2.81732402e+02
8.34960937e-04	1.73063415e-01	2.82214191e+02
8.36425781e-04	1.73477169e-01	2.82697746e+02
8.37890625e-04	1.73891633e-01	2.83183072e+02
8.39355469e-04	1.74306808e-01	2.83670177e+02
8.40820312e-04	1.74722699e-01	2.84159068e+02
8.42285156e-04	1.75139307e-01	2.84649752e+02
8.43750000e-04	1.75556635e-01	2.85142236e+02
8.45214844e-04	1.75974686e-01	2.85636526e+02
8.46679687e-04	1.76393462e-01	2.86132631e+02
8.48144531e-04	1.76812967e-01	2.86630556e+02
8.49609375e-04	1.77233202e-01	2.87130310e+02
8.51074219e-04	1.77654170e-01	2.87631900e+02
8.52539062e-04	1.78075875e-01	2.88135332e+02
8.54003906e-04	1.78498318e-01	2.88640615e+02
8.55468750e-04	1.78921503e-01	2.89147755e+02
8.56933594e-04	1.79345432e-01	2.89656760e+02
8.58398438e-04	1.79770108e-01	2.90167637e+02
8.59863281e-04	1.80195534e-01	2.90680394e+02
8.61328125e-04	1.80621712e-01	2.91195038e+02
8.62792969e-04	1.81048645e-01	2.91711577e+02
8.64257813e-04	1.81476337e-01	2.92230019e+02
8.65722656e-04	1.81904790e-01	2.92750370e+02
8.67187500e-04	1.82334006e-01	2.93272639e+02
8.68652344e-04	1.82763988e-01	2.93796833e+02
8.70117188e-04	1.83194740e-01	2.94322961e+02
8.71582031e-04	1.83626264e-01	2.94851029e+02
8.73046875e-04	1.84058563e-01	2.95381045e+02
8.74511719e-04	1.84491639e-01	2.95913018e+02
8.75976563e-04	1.84925497e-01	2.96446956e+02
8.77441406e-04	1.85360138e-01	2.96982865e+02
8.78906250e-04	1.85795565e-01	2.97520755e+02
8.80371094e-04	1.86231782e-01	2.98060634e+02
8.81835938e-04	1.86668791e-01	2.98602508e+02
8.83300781e-04	1.87106596e-01	2.99146387e+02
8.84765625e-04	1.87545198e-01	2.99692278e+02
8.86230469e-04	1.87984602e-01	3.00240190e+02
8.87695313e-04	1.88424810e-01	3.00790131e+02
8.89160156e-04	1.88865824e-01	3.01342110e+02
8.90625000e-04	1.89307649e-01	3.01896134e+02
8.92089844e-04	1.89750287e-01	3.02452211e+02
8.93554688e-04	1.90193741e-01	3.03010351e+02
8.95019531e-04	1.90638014e-01	3.03570562e+02
8.96484375e-04	1.91083110e-01	3.04132852e+02
8.97949219e-04	1.91529030e-01	3.04697229e+02
8.99414063e-04	1.91975779e-01	3.05263703e+02
9.00878906e-04	1.92423359e-01	3.05832282e+02
9.02343750e-04	1.92871773e-01	3.06402974e+02
9.03808594e-04	1.93321025e-01	3.06975789e+02
9.05273438e-04	1.93771118e-01	3.07550734e+02
9.06738281e-04	1.94222055e-01	3.08127820e+02
9.08203125e-04	1.94673838e-01	3.08707054e+02
9.09667969e-04	1.95126471e-01	3.09288445e+02
9.11132813e-04	1.95579958e-01	3.09872003e+02
9.12597656e-04	1.96034301e-01	3.10457737e+02
9.14062500e-04	1.96489504e-01	3.11045655e+02
9.15527344e-04	1.96945569e-01	3.11635767e+02
9.16992188e-04	1.97402501e-01	3.12228081e+02
9.18457031e-04	1.97860302e-01	3.12822608e+02
9.19921875e-04	1.98318975e-01	3.13419355e+02
9.21386719e-04	1.98778524e-01	3.14018333e+02
9.22851563e-04	1.99238952e-01	3.14619551e+02
9.24316406e-04	1.99700263e-01	3.15223017e+02
9.25781250e-04	2.00162459e-01	3.15828743e+02
9.27246094e-04	2.00625544e-01	3.16436736e+02
9.28710938e-04	2.01089521e-01	3.17047006e+02
9.30175781e-04	2.01554394e-01	3.17659564e+02
9.31640625e-04	2.02020166e-01	3.18274418e+02
9.33105469e-04	2.02486840e-01	3.18891579e+02
9.34570313e-04	2.02954420e-01	3.19511056e+02
9.36035156e-04	2.03422910e-01	3.20132859e+02
9.37500000e-04	2.03892311e-01	3.20756997e+02
9.38964844e-04	2.04362629e-01	3.21383481e+02
9.40429687e-04	2.04833866e-01	3.22012320e+02
9.41894531e-04	2.05306026e-01	3.22643525e+02
9.43359375e-04	2.05779113e-01	3.23277105e+02
9.44824219e-04	2.06253129e-01	3.23913071e+02
9.46289062e-04	2.06728079e-01	3.24551432e+02
9.47753906e-04	2.07203965e-01	3.25192200e+02
9.49218750e-04	2.07680792e-01	3.25835383e+02
9.50683594e-04	2.08158563e-01	3.26480993e+02
9.52148437e-04	2.08637281e-01	3.27129040e+02
9.53613281e-04	2.09116950e-01	3.27779534e+02
9.55078125e-04	2.09597574e-01	3.28432486e+02
9.56542969e-04	2.10079157e-01	3.29087906e+02
9.58007812e-04	2.10561701e-01	3.29745805e+02
9.59472656e-04	2.11045211e-01	3.30406193e+02
9.60937500e-04	2.11529690e-01	3.31069081e+02
9.62402344e-04	2.12015141e-01	3.31734481e+02
9.63867187e-04	2.12501570e-01	3.32402402e+02
9.65332031e-04	2.12988978e-01	3.33072855e+02
9.66796875e-04	2.13477371e-01	3.33745852e+02
9.68261719e-04	2.13966751e-01	3.34421404e+02
9.69726562e-04	2.14457123e-01	3.35099520e+02
9.71191406e-04	2.14948490e-01	3.35780214e+02
9.72656250e-04	2.15440856e-01	3.36463495e+02
9.74121094e-04	2.15934225e-01	3.37149375e+02
9.75585937e-04	2.16428600e-01	3.37837866e+02
9.77050781e-04	2.16923986e-01	3.38528978e+02
9.78515625e-04	2.17420386e-01	3.39222723e+02
9.79980469e-04	2.17917805e-01	3.39919113e+02
9.81445313e-04	2.18416245e-01	3.40618158e+02
9.82910156e-04	2.18915711e-01	3.41319871e+02
9.84375000e-04	2.19416208e-01	3.42024264e+02
9.85839844e-04	2.19917738e-01	3.42731347e+02
9.87304688e-04	2.20420305e-01	3.43441133e+02
9.88769531e-04	2.20923915e-01	3.44153633e+02
9.90234375e-04	2.21428570e-01	3.44868860e+02
9.91699219e-04	2.21934275e-01	3.45586825e+02
9.93164063e-04	2.22441033e-01	3.46307541e+02
9.94628906e-04	2.22948850e-01	3.47031019e+02
9.96093750e-04	2.23457728e-01	3.47757272e+02
9.97558594e-04	2.23967672e-01	3.48486311e+02
9.99023438e-04	2.24478686e-01	3.49218150e+02
1.00048828e-03	2.24990774e-01	3.49952801e+02
1.00195313e-03	2.25503940e-01	3.50690275e+02
1.00341797e-03	2.26018189e-01	3.51430586e+02
1.00488281e-03	2.26533524e-01	3.52173746e+02
1.00634766e-03	2.27049950e-01	3.52919767e+02
1.00781250e-03	2.27567471e-01	3.53668663e+02
1.00927734e-03	2.28086091e-01	3.54420446e+02
1.01074219e-03	2.28605814e-01	3.55175128e+02
1.01220703e-03	2.29126645e-01	3.55932724e+02
1.01367188e-03	2.29648588e-01	3.56693245e+02
1.01513672e-03	2.30171647e-01	3.57456705e+02
1.01660156e-03	2.30695827e-01	3.58223118e+02
1.01806641e-03	2.31221131e-01	3.58992495e+02
1.01953125e-03	2.31747565e-01	3.59764850e+02
1.02099609e-03	2.32275132e-01	3.60540198e+02
1.02246094e-03	2.32803837e-01	3.61318550e+02
1.02392578e-03	2.33333684e-01	3.62099921e+02
1.02539063e-03	2.33864679e-01	3.62884324e+02
1.02685547e-03	2.34396824e-01	3.63671773e+02
1.02832031e-03	2.34930126e-01	3.64462281e+02
1.02978516e-03	2.35464587e-01	3.65255862e+02
1.03125000e-03	2.36000213e-01	3.66052531e+02
1.03271484e-03	2.36537009e-01	3.66852300e+02
1.03417969e-03	2.37074978e-01	3.67655184e+02
1.03564453e-03	2.37614126e-01	3.68461198e+02
1.03710938e-03	2.38154457e-01	3.69270354e+02
1.03857422e-03	2.38695975e-01	3.70082668e+02
1.04003906e-03	2.39238686e-01	3.70898154e+02
1.04150391e-03	2.39782593e-01	3.71716825e+02
1.04296875e-03	2.40327702e-01	3.72538698e+02
1.04443359e-03	2.40874017e-01	3.73363785e+02
1.04589844e-03	2.41421544e-01	3.74192102e+02
1.04736328e-03	2.41970286e-01	3.75023663e+02
1.04882813e-03	2.42520248e-01	3.75858483e+02
1.05029297e-03	2.43071436e-01	3.76696578e+02
1.05175781e-03	2.43623854e-01	3.77537961e+02
1.05322266e-03	2.44177507e-01	3.78382649e+02
1.05468750e-03	2.44732399e-01	3.79230655e+02
1.05615234e-03	2.45288536e-01	3.80081996e+02
1.05761719e-03	2.45845923e-01	3.80936686e+02
1.05908203e-03	2.46404564e-01	3.81794741e+02
1.06054688e-03	2.46964465e-01	3.82656177e+02
1.06201172e-03	2.47525630e-01	3.83521008e+02
1.06347656e-03	2.48088064e-01	3.84389251e+02
1.06494141e-03	2.48651773e-01	3.85260921e+02
1.06640625e-03	2.49216761e-01	3.86136034e+02
1.06787109e-03	2.49783033e-01	3.87014605e+02
1.06933594e-03	2.50350595e-01	3.87896652e+02
1.07080078e-03	2.50919452e-01	3.88782189e+02
1.07226563e-03	2.51489608e-01	3.89671233e+02
1.07373047e-03	2.52061069e-01	3.90563801e+02
1.07519531e-03	2.52633840e-01	3.91459907e+02
1.07666016e-03	2.53207927e-01	3.92359570e+02
1.07812500e-03	2.53783334e-01	3.93262805e+02
1.07958984e-03	2.54360067e-01	3.94169629e+02
1.08105469e-03	2.54938130e-01	3.95080059e+02
1.08251953e-03	2.55517531e-01	3.95994110e+02
1.08398438e-03	2.56098272e-01	3.96911802e+02
1.08544922e-03	2.56680361e-01	3.97833149e+02
1.08691406e-03	2.57263802e-01	3.98758169e+02
1.08837891e-03	2.57848600e-01	3.99686880e+02
1.08984375e-03	2.58434762e-01	4.00619299e+02
1.09130859e-03	2.59022292e-01	4.01555442e+02
1.09277344e-03	2.59611197e-01	4.02495328e+02
1.09423828e-03	2.60201481e-01	4.03438974e+02
1.09570313e-03	2.60793150e-01	4.04386397e+02
1.09716797e-03	2.61386209e-01	4.05337615e+02
1.09863281e-03	2.61980665e-01	4.06292646e+02
1.10009766e-03	2.62576522e-01	4.07251509e+02
1.10156250e-03	2.63173787e-01	4.08214220e+02
1.10302734e-03	2.63772465e-01	4.09180798e+02
1.10449219e-03	2.64372562e-01	4.10151261e+02
1.10595703e-03	2.64974083e-01	4.11125628e+02
1.10742188e-03	2.65577035e-01	4.12103917e+02
1.10888672e-03	2.66181422e-01	4.13086147e+02
1.11035156e-03	2.66787251e-01	4.14072336e+02
1.11181641e-03	2.67394527e-01	4.15062502e+02
1.11328125e-03	2.68003257e-01	4.16056665e+02
1.11474609e-03	2.68613446e-01	4.17054844e+02
1.11621094e-03	2.69225100e-01	4.18057057e+02
1.11767578e-03	2.69838226e-01	4.19063324e+02
1.11914063e-03	2.70452828e-01	4.20073664e+02
1.12060547e-03	2.71068913e-01	4.21088097e+02
1.12207031e-03	2.71686488e-01	4.22106641e+02
1.12353516e-03	2.72305557e-01	4.23129317e+02
1.12500000e-03	2.72926127e-01	4.24156144e+02
1.12646484e-03	2.73548205e-01	4.25187142e+02
1.12792969e-03	2.74171796e-01	4.26222330e+02
1.12939453e-03	2.74796906e-01	4.27261729e+02
1.13085937e-03	2.75423542e-01	4.28305359e+02
1.13232422e-03	2.76051710e-01	4.29353241e+02
1.13378906e-03	2.76681416e-01	4.30405394e+02
1.13525391e-03	2.77312667e-01	4.31461838e+02
1.13671875e-03	2.77945468e-01	4.32522596e+02
1.13818359e-03	2.78579826e-01	4.33587686e+02
1.13964844e-03	2.79215747e-01	4.34657131e+02
1.14111328e-03	2.79853239e-01	4.35730950e+02
1.14257812e-03	2.80492306e-01	4.36809166e+02
1.14404297e-03	2.81132956e-01	4.37891798e+02
1.14550781e-03	2.81775195e-01	4.38978869e+02
1.14697266e-03	2.82419030e-01	4.40070400e+02
1.14843750e-03	2.83064468e-01	4.41166412e+02
1.14990234e-03	2.83711513e-01	4.42266927e+02
1.15136719e-03	2.84360175e-01	4.43371967e+02
1.15283203e-03	2.85010458e-01	4.44481553e+02
1.15429687e-03	2.85662370e-01	4.45595708e+02
1.15576172e-03	2.86315918e-01	4.46714453e+02
1.15722656e-03	2.86971107e-01	4.47837811e+02
1.15869141e-03	2.87627946e-01	4.48965805e+02
1.16015625e-03	2.88286440e-01	4.50098456e+02
1.16162109e-03	2.88946597e-01	4.51235788e+02
1.16308594e-03	2.89608423e-01	4.52377823e+02
1.16455078e-03	2.90271926e-01	4.53524584e+02
1.16601562e-03	2.90937112e-01	4.54676093e+02
1.16748047e-03	2.91603989e-01	4.55832375e+02
1.16894531e-03	2.92272562e-01	4.56993452e+02
1.17041016e-03	2.92942840e-01	4.58159348e+02
1.17187500e-03	2.93614829e-01	4.59330086e+02
1.17333984e-03	2.94288537e-01	4.60505690e+02
1.17480469e-03	2.94963971e-01	4.61686184e+02
1.17626953e-03	2.95641137e-01	4.62871592e+02
1.17773437e-03	2.96320043e-01	4.64061936e+02
1.17919922e-03	2.97000697e-01	4.65257243e+02
1.18066406e-03	2.97683105e-01	4.66457536e+02
1.18212891e-03	2.98367276e-01	4.67662839e+02
1.18359375e-03	2.99053215e-01	4.68873178e+02
1.18505859e-03	2.99740931e-01	4.70088576e+02
1.18652344e-03	3.00430431e-01	4.71309059e+02
1.18798828e-03	3.01121723e-01	4.72534652e+02
1.18945312e-03	3.01814814e-01	4.73765379e+02
1.19091797e-03	3.02509712e-01	4.75001267e+02
1.19238281e-03	3.03206423e-01	4.76242340e+02
1.19384766e-03	3.03904957e-01	4.77488625e+02
1.19531250e-03	3.04605319e-01	4.78740146e+02
1.19677734e-03	3.05307519e-01	4.79996930e+02
1.19824219e-03	3.06011564e-01	4.81259002e+02
1.19970703e-03	3.06717462e-01	4.82526390e+02
1.20117187e-03	3.07425220e-01	4.83799118e+02
1.20263672e-03	3.08134846e-01	4.85077214e+02
1.20410156e-03	3.08846348e-01	4.86360704e+02
1.20556641e-03	3.09559735e-01	4.87649614e+02
1.20703125e-03	3.10275013e-01	4.88943972e+02
1.20849609e-03	3.10992192e-01	4.90243805e+02
1.20996094e-03	3.11711279e-01	4.91549140e+02
1.21142578e-03	3.12432281e-01	4.92860004e+02
1.21289062e-03	3.13155208e-01	4.94176425e+02
1.21435547e-03	3.13880068e-01	4.95498430e+02
1.21582031e-03	3.14606868e-01	4.96826047e+02
1.21728516e-03	3.15335617e-01	4.98159304e+02
1.21875000e-03	3.16066323e-01	4.99498229e+02
1.22021484e-03	3.16798995e-01	5.00842850e+02
1.22167969e-03	3.17533641e-01	5.02193196e+02
1.22314453e-03	3.18270268e-01	5.03549296e+02
1.22460938e-03	3.19008887e-01	5.04911177e+02
1.22607422e-03	3.19749505e-01	5.06278869e+02
1.22753906e-03	3.20492130e-01	5.07652402e+02
1.22900391e-03	3.21236772e-01	5.09031803e+02
1.23046875e-03	3.21983438e-01	5.10417103e+02
1.23193359e-03	3.22732139e-01	5.11808331e+02
1.23339844e-03	3.23482881e-01	5.13205516e+02
1.23486328e-03	3.24235675e-01	5.14608690e+02
1.23632813e-03	3.24990528e-01	5.16017880e+02
1.23779297e-03	3.25747450e-01	5.17433119e+02
1.23925781e-03	3.26506450e-01	5.18854436e+02
1.24072266e-03	3.27267536e-01	5.20281861e+02
1.24218750e-03	3.28030718e-01	5.21715425e+02
1.24365234e-03	3.28796004e-01	5.23155160e+02
1.24511719e-03	3.29563404e-01	5.24601096e+02
1.24658203e-03	3.30332926e-01	5.26053265e+02
1.24804688e-03	3.31104580e-01	5.27511697e+02
1.24951172e-03	3.31878375e-01	5.28976424e+02
1.25097656e-03	3.32654320e-01	5.30447479e+02
1.25244141e-03	3.33432425e-01	5.31924893e+02
1.25390625e-03	3.34212698e-01	5.33408697e+02
1.25537109e-03	3.34995150e-01	5.34898925e+02
1.25683594e-03	3.35779790e-01	5.36395608e+02
1.25830078e-03	3.36566627e-01	5.37898780e+02
1.25976563e-03	3.37355670e-01	5.39408473e+02
1.26123047e-03	3.38146930e-01	5.40924720e+02
1.26269531e-03	3.38940415e-01	5.42447554e+02
1.26416016e-03	3.39736136e-01	5.43977008e+02
1.26562500e-03	3.40534103e-01	5.45513116e+02
1.26708984e-03	3.41334324e-01	5.47055912e+02
1.26855469e-03	3.42136811e-01	5.48605430e+02
1.27001953e-03	3.42941572e-01	5.50161703e+02
1.27148438e-03	3.43748617e-01	5.51724766e+02
1.27294922e-03	3.44557958e-01	5.53294653e+02
1.27441406e-03	3.45369603e-01	5.54871399e+02
1.27587891e-03	3.46183563e-01	5.56455038e+02
1.27734375e-03	3.46999847e-01	5.58045607e+02
1.27880859e-03	3.47818467e-01	5.59643139e+02
1.28027344e-03	3.48639432e-01	5.61247670e+02
1.28173828e-03	3.49462752e-01	5.62859236e+02
1.28320313e-03	3.50288439e-01	5.64477872e+02
1.28466797e-03	3.51116501e-01	5.66103615e+02
1.28613281e-03	3.51946951e-01	5.67736501e+02
1.28759766e-03	3.52779797e-01	5.69376565e+02
1.28906250e-03	3.53615051e-01	5.71023845e+02
1.29052734e-03	3.54452724e-01	5.72678377e+02
1.29199219e-03	3.55292825e-01	5.74340199e+02
1.29345703e-03	3.56135367e-01	5.76009346e+02
1.29492188e-03	3.56980358e-01	5.77685857e+02
1.29638672e-03	3.57827811e-01	5.79369769e+02
1.29785156e-03	3.58677736e-01	5.81061120e+02
1.29931641e-03	3.59530144e-01	5.82759948e+02
1.30078125e-03	3.60385046e-01	5.84466291e+02
1.30224609e-03	3.61242453e-01	5.86180187e+02
1.30371094e-03	3.62102376e-01	5.87901674e+02
1.30517578e-03	3.62964827e-01	5.89630792e+02
1.30664063e-03	3.63829816e-01	5.91367580e+02
1.30810547e-03	3.64697355e-01	5.93112076e+02
1.30957031e-03	3.65567455e-01	5.94864320e+02
1.31103516e-03	3.66440127e-01	5.96624352e+02
1.31250000e-03	3.67315383e-01	5.98392211e+02
1.31396484e-03	3.68193235e-01	6.00167937e+02
1.31542969e-03	3.69073694e-01	6.01951571e+02
1.31689453e-03	3.69956771e-01	6.03743153e+02
1.31835938e-03	3.70842478e-01	6.05542723e+02
1.31982422e-03	3.71730828e-01	6.07350323e+02
1.32128906e-03	3.72621831e-01	6.09165993e+02
1.32275391e-03	3.73515499e-01	6.10989775e+02
1.32421875e-03	3.74411846e-01	6.12821710e+02
1.32568359e-03	3.75310882e-01	6.14661840e+02
1.32714844e-03	3.76212619e-01	6.16510207e+02
1.32861328e-03	3.77117070e-01	6.18366853e+02
1.33007813e-03	3.78024247e-01	6.20231820e+02
1.33154297e-03	3.78934161e-01	6.22105151e+02
1.33300781e-03	3.79846827e-01	6.23986888e+02
1.33447266e-03	3.80762254e-01	6.25877075e+02
1.33593750e-03	3.81680457e-01	6.27775755e+02
1.33740234e-03	3.82601447e-01	6.29682972e+02
1.33886719e-03	3.83525238e-01	6.31598768e+02
1.34033203e-03	3.84451841e-01	6.33523188e+02
1.34179688e-03	3.85381269e-01	6.35456276e+02
1.34326172e-03	3.86313535e-01	6.37398077e+02
1.34472656e-03	3.87248652e-01	6.39348635e+02
1.34619141e-03	3.88186633e-01	6.41307994e+02
1.34765625e-03	3.89127491e-01	6.43276200e+02
1.34912109e-03	3.90071238e-01	6.45253298e+02
1.35058594e-03	3.91017888e-01	6.47239334e+02
1.35205078e-03	3.91967454e-01	6.49234352e+02
1.35351563e-03	3.92919948e-01	6.51238400e+02
1.35498047e-03	3.93875385e-01	6.53251523e+02
1.35644531e-03	3.94833778e-01	6.55273768e+02
1.35791016e-03	3.95795139e-01	6.57305181e+02
1.35937500e-03	3.96759483e-01	6.59345809e+02
1.36083984e-03	3.97726823e-01	6.61395700e+02
1.36230469e-03	3.98697173e-01	6.63454900e+02
1.36376953e-03	3.99670546e-01	6.65523457e+02
1.36523438e-03	4.00646956e-01	6.67601419e+02
1.36669922e-03	4.01626416e-01	6.69688833e+02
1.36816406e-03	4.02608942e-01	6.71785749e+02
1.36962891e-03	4.03594546e-01	6.73892215e+02
1.37109375e-03	4.04583242e-01	6.76008278e+02
1.37255859e-03	4.05575046e-01	6.78133990e+02
1.37402344e-03	4.06569970e-01	6.80269397e+02
1.37548828e-03	4.07568030e-01	6.82414550e+02
1.37695312e-03	4.08569239e-01	6.84569499e+02
1.37841797e-03	4.09573611e-01	6.86734294e+02
1.37988281e-03	4.10581163e-01	6.88908983e+02
1.38134766e-03	4.11591907e-01	6.91093619e+02
1.38281250e-03	4.12605858e-01	6.93288251e+02
1.38427734e-03	4.13623032e-01	6.95492931e+02
1.38574219e-03	4.14643443e-01	6.97707709e+02
1.38720703e-03	4.15667105e-01	6.99932637e+02
1.38867187e-03	4.16694034e-01	7.02167766e+02
1.39013672e-03	4.17724245e-01	7.04413148e+02
1.39160156e-03	4.18757752e-01	7.06668835e+02
1.39306641e-03	4.19794571e-01	7.08934879e+02
1.39453125e-03	4.20834717e-01	7.11211334e+02
1.39599609e-03	4.21878206e-01	7.13498251e+02
1.39746094e-03	4.22925052e-01	7.15795683e+02
1.39892578e-03	4.23975271e-01	7.18103685e+02
1.40039062e-03	4.25028879e-01	7.20422308e+02
1.40185547e-03	4.26085891e-01	7.22751608e+02
1.40332031e-03	4.27146323e-01	7.25091637e+02
1.40478516e-03	4.28210191e-01	7.27442450e+02
1.40625000e-03	4.29277510e-01	7.29804102e+02
1.40771484e-03	4.30348297e-01	7.32176647e+02
1.40917969e-03	4.31422567e-01	7.34560140e+02
1.41064453e-03	4.32500337e-01	7.36954636e+02
1.41210937e-03	4.33581622e-01	7.39360190e+02
1.41357422e-03	4.34666439e-01	7.41776858e+02
1.41503906e-03	4.35754804e-01	7.44204696e+02
1.41650391e-03	4.36846735e-01	7.46643760e+02
1.41796875e-03	4.37942246e-01	7.49094106e+02
1.41943359e-03	4.39041354e-01	7.51555791e+02
1.42089844e-03	4.40144078e-01	7.54028872e+02
1.42236328e-03	4.41250432e-01	7.56513404e+02
1.42382812e-03	4.42360434e-01	7.59009447e+02
1.42529297e-03	4.43474101e-01	7.61517056e+02
1.42675781e-03	4.44591449e-01	7.64036291e+02
1.42822266e-03	4.45712497e-01	7.66567208e+02
1.42968750e-03	4.46837260e-01	7.69109866e+02
1.43115234e-03	4.47965757e-01	7.71664323e+02
1.43261719e-03	4.49098004e-01	7.74230638e+02
1.43408203e-03	4.50234020e-01	7.76808870e+02
1.43554687e-03	4.51373820e-01	7.79399078e+02
1.43701172e-03	4.52517424e-01	7.82001321e+02
1.43847656e-03	4.53664849e-01	7.84615658e+02
1.43994141e-03	4.54816112e-01	7.87242150e+02
1.44140625e-03	4.55971231e-01	7.89880856e+02
1.44287109e-03	4.57130225e-01	7.92531836e+02
1.44433594e-03	4.58293111e-01	7.95195151e+02
1.44580078e-03	4.59459907e-01	7.97870862e+02
1.44726562e-03	4.60630632e-01	8.00559029e+02
1.44873047e-03	4.61805304e-01	8.03259714e+02
1.45019531e-03	4.62983941e-01	8.05972977e+02
1.45166016e-03	4.64166562e-01	8.08698880e+02
1.45312500e-03	4.65353186e-01	8.11437485e+02
1.45458984e-03	4.66543830e-01	8.14188854e+02
1.45605469e-03	4.67738514e-01	8.16953048e+02
1.45751953e-03	4.68937257e-01	8.19730131e+02
1.45898437e-03	4.70140077e-01	8.22520164e+02
1.46044922e-03	4.71346993e-01	8.25323211e+02
1.46191406e-03	4.72558025e-01	8.28139334e+02
1.46337891e-03	4.73773192e-01	8.30968596e+02
1.46484375e-03	4.74992513e-01	8.33811061e+02
1.46630859e-03	4.76216008e-01	8.36666792e+02
1.46777344e-03	4.77443695e-01	8.39535853e+02
1.46923828e-03	4.78675595e-01	8.42418308e+02
1.47070313e-03	4.79911727e-01	8.45314221e+02
1.47216797e-03	4.81152112e-01	8.48223656e+02
1.47363281e-03	4.82396768e-01	8.51146678e+02
1.47509766e-03	4.83645715e-01	8.54083351e+02
1.47656250e-03	4.84898975e-01	8.57033740e+02
1.47802734e-03	4.86156567e-01	8.59997910e+02
1.47949219e-03	4.87418510e-01	8.62975926e+02
1.48095703e-03	4.88684827e-01	8.65967854e+02
1.48242188e-03	4.89955536e-01	8.68973759e+02
1.48388672e-03	4.91230658e-01	8.71993706e+02
1.48535156e-03	4.92510215e-01	8.75027762e+02
1.48681641e-03	4.93794227e-01	8.78075992e+02
1.48828125e-03	4.95082714e-01	8.81138463e+02
1.48974609e-03	4.96375698e-01	8.84215240e+02
1.49121094e-03	4.97673199e-01	8.87306391e+02
1.49267578e-03	4.98975239e-01	8.90411982e+02
1.49414063e-03	5.00281838e-01	8.93532079e+02
1.49560547e-03	5.01593019e-01	8.96666749e+02
1.49707031e-03	5.02908802e-01	8.99816059e+02
1.49853516e-03	5.04229210e-01	9.02980077e+02
1.50000000e-03	5.05554263e-01	9.06158870e+02
1.50146484e-03	5.06883983e-01	9.09352504e+02
1.50292969e-03	5.08218392e-01	9.12561047e+02
1.50439453e-03	5.09557512e-01	9.15784568e+02
1.50585938e-03	5.10901366e-01	9.19023133e+02
1.50732422e-03	5.12249974e-01	9.22276810e+02
1.50878906e-03	5.13603360e-01	9.25545667e+02
1.51025391e-03	5.14961545e-01	9.28829772e+02
1.51171875e-03	5.16324552e-01	9.32129193e+02
1.51318359e-03	5.17692403e-01	9.35443999e+02
1.51464844e-03	5.19065122e-01	9.38774257e+02
1.51611328e-03	5.20442730e-01	9.42120035e+02
1.51757813e-03	5.21825251e-01	9.45481402e+02
1.51904297e-03	5.23212706e-01	9.48858427e+02
1.52050781e-03	5.24605121e-01	9.52251177e+02
1.52197266e-03	5.26002516e-01	9.55659721e+02
1.52343750e-03	5.27404917e-01	9.59084128e+02
1.52490234e-03	5.28812345e-01	9.62524466e+02
1.52636719e-03	5.30224824e-01	9.65980804e+02
1.52783203e-03	5.31642378e-01	9.69453211e+02
1.52929688e-03	5.33065031e-01	9.72941754e+02
1.53076172e-03	5.34492806e-01	9.76446503e+02
1.53222656e-03	5.35925726e-01	9.79967526e+02
1.53369141e-03	5.37363816e-01	9.83504892e+02
1.53515625e-03	5.38807100e-01	9.87058669e+02
1.53662109e-03	5.40255602e-01	9.90628927e+02
1.53808594e-03	5.41709345e-01	9.94215732e+02
1.53955078e-03	5.43168355e-01	9.97819155e+02
1.54101563e-03	5.44632656e-01	1.00143926e+03
1.54248047e-03	5.46102272e-01	1.00507613e+03
1.54394531e-03	5.47577227e-01	1.00872981e+03
1.54541016e-03	5.49057547e-01	1.01240039e+03
1.54687500e-03	5.50543256e-01	1.01608792e+03
1.54833984e-03	5.52034380e-01	1.01979248e+03
1.54980469e-03	5.53530942e-01	1.02351414e+03
1.55126953e-03	5.55032969e-01	1.02725295e+03
1.55273438e-03	5.56540485e-01	1.03100900e+03
1.55419922e-03	5.58053516e-01	1.03478235e+03
1.55566406e-03	5.59572087e-01	1.03857306e+03
1.55712891e-03	5.61096223e-01	1.04238121e+03
1.55859375e-03	5.62625951e-01	1.04620686e+03
1.56005859e-03	5.64161295e-01	1.05005007e+03
1.56152344e-03	5.65702282e-01	1.05391092e+03
1.56298828e-03	5.67248938e-01	1.05778947e+03
1.56445313e-03	5.68801288e-01	1.06168579e+03
1.56591797e-03	5.70359358e-01	1.06559995e+03
1.56738281e-03	5.71923176e-01	1.06953200e+03
1.56884766e-03	5.73492766e-01	1.07348202e+03
1.57031250e-03	5.75068156e-01	1.07745007e+03
1.57177734e-03	5.76649371e-01	1.08143622e+03
1.57324219e-03	5.78236439e-01	1.08544054e+03
1.57470703e-03	5.79829386e-01	1.08946308e+03
1.57617188e-03	5.81428239e-01	1.09350391e+03
1.57763672e-03	5.83033024e-01	1.09756310e+03
1.57910156e-03	5.84643769e-01	1.10164071e+03
1.58056641e-03	5.86260501e-01	1.10573680e+03
1.58203125e-03	5.87883246e-01	1.10985144e+03
1.58349609e-03	5.89512032e-01	1.11398469e+03
1.58496094e-03	5.91146887e-01	1.11813662e+03
1.58642578e-03	5.92787837e-01	1.12230728e+03
1.58789063e-03	5.94434910e-01	1.12649673e+03
1.58935547e-03	5.96088134e-01	1.13070505e+03
1.59082031e-03	5.97747537e-01	1.13493229e+03
1.59228516e-03	5.99413145e-01	1.13917850e+03
1.59375000e-03	6.01084988e-01	1.14344376e+03
1.59521484e-03	6.02763092e-01	1.14772811e+03
1.59667969e-03	6.04447486e-01	1.15203163e+03
1.59814453e-03	6.06138199e-01	1.15635436e+03
1.59960938e-03	6.07835257e-01	1.16069637e+03
1.60107422e-03	6.09538691e-01	1.16505772e+03
1.60253906e-03	6.11248527e-01	1.16943845e+03
1.60400391e-03	6.12964794e-01	1.17383864e+03
1.60546875e-03	6.14687521e-01	1.17825832e+03
1.60693359e-03	6.16416737e-01	1.18269757e+03
1.60839844e-03	6.18152470e-01	1.18715643e+03
1.60986328e-03	6.19894749e-01	1.19163495e+03
1.61132813e-03	6.21643602e-01	1.19613320e+03
1.61279297e-03	6.23399060e-01	1.20065122e+03
1.61425781e-03	6.25161150e-01	1.20518907e+03
1.61572266e-03	6.26929902e-01	1.20974680e+03
1.61718750e-03	6.28705344e-01	1.21432445e+03
1.61865234e-03	6.30487507e-01	1.21892208e+03
1.62011719e-03	6.32276420e-01	1.22353975e+03
1.62158203e-03	6.34072111e-01	1.22817748e+03
1.62304688e-03	6.35874611e-01	1.23283534e+03
1.62451172e-03	6.37683948e-01	1.23751337e+03
1.62597656e-03	6.39500153e-01	1.24221162e+03
1.62744141e-03	6.41323255e-01	1.24693013e+03
1.62890625e-03	6.43153284e-01	1.25166894e+03
1.63037109e-03	6.44990269e-01	1.25642810e+03
1.63183594e-03	6.46834240e-01	1.26120766e+03
1.63330078e-03	6.48685228e-01	1.26600764e+03
1.63476562e-03	6.50543262e-01	1.27082810e+03
1.63623047e-03	6.52408372e-01	1.27566907e+03
1.63769531e-03	6.54280589e-01	1.28053060e+03
1.63916016e-03	6.56159942e-01	1.28541271e+03
1.64062500e-03	6.58046461e-01	1.29031545e+03
1.64208984e-03	6.59940178e-01	1.29523884e+03
1.64355469e-03	6.61841122e-01	1.30018293e+03
1.64501953e-03	6.63749323e-01	1.30514775e+03
1.64648437e-03	6.65664812e-01	1.31013333e+03
1.64794922e-03	6.67587619e-01	1.31513970e+03
1.64941406e-03	6.69517775e-01	1.32016688e+03
1.65087891e-03	6.71455311e-01	1.32521492e+03
1.65234375e-03	6.73400256e-01	1.33028383e+03
1.65380859e-03	6.75352642e-01	1.33537364e+03
1.65527344e-03	6.77312499e-01	1.34048437e+03
1.65673828e-03	6.79279858e-01	1.34561606e+03
1.65820312e-03	6.81254749e-01	1.35076871e+03
1.65966797e-03	6.83237203e-01	1.35594235e+03
1.66113281e-03	6.85227252e-01	1.36113701e+03
1.66259766e-03	6.87224925e-01	1.36635269e+03
1.66406250e-03	6.89230254e-01	1.37158941e+03
1.66552734e-03	6.91243269e-01	1.37684719e+03
1.66699219e-03	6.93264001e-01	1.38212604e+03
1.66845703e-03	6.95292481e-01	1.38742597e+03
1.66992187e-03	6.97328741e-01	1.39274700e+03
1.67138672e-03	6.99372810e-01	1.39808913e+03
1.67285156e-03	7.01424721e-01	1.40345237e+03
1.67431641e-03	7.03484503e-01	1.40883671e+03
1.67578125e-03	7.05552187e-01	1.41424218e+03
1.67724609e-03	7.07627806e-01	1.41966877e+03
1.67871094e-03	7.09711389e-01	1.42511647e+03
1.68017578e-03	7.11802967e-01	1.43058529e+03
1.68164062e-03	7.13902572e-01	1.43607523e+03
1.68310547e-03	7.16010234e-01	1.44158627e+03
1.68457031e-03	7.18125985e-01	1.44711842e+03
1.68603516e-03	7.20249854e-01	1.45267166e+03
1.68750000e-03	7.22381874e-01	1.45824598e+03
1.68896484e-03	7.24522075e-01	1.46384137e+03
1.69042969e-03	7.26670487e-01	1.46945782e+03
1.69189453e-03	7.28827143e-01	1.47509531e+03
1.69335937e-03	7.30992071e-01	1.48075382e+03
1.69482422e-03	7.33165304e-01	1.48643333e+03
1.69628906e-03	7.35346872e-01	1.49213382e+03
1.69775391e-03	7.37536805e-01	1.49785526e+03
1.69921875e-03	7.39735135e-01	1.50359763e+03
1.70068359e-03	7.41941892e-01	1.50936090e+03
1.70214844e-03	7.44157106e-01	1.51514503e+03
1.70361328e-03	7.46380808e-01	1.52095000e+03
1.70507812e-03	7.48613029e-01	1.52677578e+03
1.70654297e-03	7.50853799e-01	1.53262231e+03
1.70800781e-03	7.53103149e-01	1.53848957e+03
1.70947266e-03	7.55361108e-01	1.54437751e+03
1.71093750e-03	7.57627707e-01	1.55028608e+03
1.71240234e-03	7.59902977e-01	1.55621525e+03
1.71386719e-03	7.62186947e-01	1.56216497e+03
1.71533203e-03	7.64479647e-01	1.56813517e+03
1.71679688e-03	7.66781108e-01	1.57412582e+03
1.71826172e-03	7.69091359e-01	1.58013684e+03
1.71972656e-03	7.71410430e-01	1.58616820e+03
1.72119141e-03	7.73738351e-01	1.59221982e+03
1.72265625e-03	7.76075151e-01	1.59829164e+03
1.72412109e-03	7.78420861e-01	1.60438361e+03
1.72558594e-03	7.80775509e-01	1.61049564e+03
1.72705078e-03	7.83139124e-01	1.61662767e+03
1.72851563e-03	7.85511737e-01	1.62277964e+03
1.72998047e-03	7.87893376e-01	1.62895146e+03
1.73144531e-03	7.90284070e-01	1.63514305e+03
1.73291016e-03	7.92683849e-01	1.64135435e+03
1.73437500e-03	7.95092740e-01	1.64758526e+03
1.73583984e-03	7.97510773e-01	1.65383570e+03
1.73730469e-03	7.99937976e-01	1.66010559e+03
1.73876953e-03	8.02374378e-01	1.66639483e+03
1.74023438e-03	8.04820006e-01	1.67270334e+03
1.74169922e-03	8.07274890e-01	1.67903102e+03
1.74316406e-03	8.09739056e-01	1.68537777e+03
1.74462891e-03	8.12212534e-01	1.69174349e+03
1.74609375e-03	8.14695350e-01	1.69812809e+03
1.74755859e-03	8.17187532e-01	1.70453145e+03
1.74902344e-03	8.19689108e-01	1.71095348e+03
1.75048828e-03	8.22200105e-01	1.71739406e+03
1.75195313e-03	8.24720549e-01	1.72385309e+03
1.75341797e-03	8.27250469e-01	1.73033045e+03
1.75488281e-03	8.29789890e-01	1.73682602e+03
1.75634766e-03	8.32338840e-01	1.74333969e+03
1.75781250e-03	8.34897344e-01	1.74987134e+03
1.75927734e-03	8.37465429e-01	1.75642085e+03
1.76074219e-03	8.40043121e-01	1.76298809e+03
1.76220703e-03	8.42630446e-01	1.76957293e+03
1.76367188e-03	8.45227430e-01	1.77617526e+03
1.76513672e-03	8.47834097e-01	1.78279494e+03
1.76660156e-03	8.50450474e-01	1.78943183e+03
1.76806641e-03	8.53076586e-01	1.79608581e+03
1.76953125e-03	8.55712457e-01	1.80275674e+03
1.77099609e-03	8.58358112e-01	1.80944448e+03
1.77246094e-03	8.61013576e-01	1.81614890e+03
1.77392578e-03	8.63678873e-01	1.82286986e+03
1.77539063e-03	8.66354027e-01	1.82960721e+03
1.77685547e-03	8.69039062e-01	1.83636082e+03
1.77832031e-03	8.71734002e-01	1.84313054e+03
1.77978516e-03	8.74438870e-01	1.84991622e+03
1.78125000e-03	8.77153690e-01	1.85671773e+03
1.78271484e-03	8.79878485e-01	1.86353492e+03
1.78417969e-03	8.82613277e-01	1.87036764e+03
1.78564453e-03	8.85358089e-01	1.87721574e+03
1.78710938e-03	8.88112943e-01	1.88407909e+03
1.78857422e-03	8.90877863e-01	1.89095753e+03
1.79003906e-03	8.93652869e-01	1.89785091e+03
1.79150391e-03	8.96437983e-01	1.90475910e+03
1.79296875e-03	8.99233228e-01	1.91168195e+03
1.79443359e-03	9.02038625e-01	1.91861932e+03
1.79589844e-03	9.04854194e-01	1.92557105e+03
1.79736328e-03	9.07679957e-01	1.93253702e+03
1.79882813e-03	9.10515934e-01	1.93951708e+03
1.80029297e-03	9.13362146e-01	1.94651110e+03
1.80175781e-03	9.16218613e-01	1.95351893e+03
1.80322266e-03	9.19085356e-01	1.96054045e+03
1.80468750e-03	9.21962394e-01	1.96757554e+03
1.80615234e-03	9.24849747e-01	1.97462405e+03
1.80761719e-03	9.27747435e-01	1.98168587e+03
1.80908203e-03	9.30655477e-01	1.98876089e+03
1.81054688e-03	9.33573893e-01	1.99584899e+03
1.81201172e-03	9.36502701e-01	2.00295006e+03
1.81347656e-03	9.39441920e-01	2.01006400e+03
1.81494141e-03	9.42391569e-01	2.01719071e+03
1.81640625e-03	9.45351668e-01	2.02433011e+03
1.81787109e-03	9.48322233e-01	2.03148212e+03
1.81933594e-03	9.51303284e-01	2.03864665e+03
1.82080078e-03	9.54294840e-01	2.04582364e+03
1.82226563e-03	9.57296917e-01	2.05301305e+03
1.82373047e-03	9.60309536e-01	2.06021482e+03
1.82519531e-03	9.63332712e-01	2.06742891e+03
1.82666016e-03	9.66366465e-01	2.07465531e+03
1.82812500e-03	9.69410813e-01	2.08189400e+03
1.82958984e-03	9.72465773e-01	2.08914499e+03
1.83105469e-03	9.75531364e-01	2.09640829e+03
1.83251953e-03	9.78607603e-01	2.10368394e+03
1.83398438e-03	9.81694509e-01	2.11097198e+03
1.83544922e-03	9.84792101e-01	2.11827249e+03
1.83691406e-03	9.87900395e-01	2.12558555e+03
1.83837891e-03	9.91019411e-01	2.13291126e+03
1.83984375e-03	9.94149168e-01	2.14024975e+03
1.84130859e-03	9.97289684e-01	2.14760119e+03
1.84277344e-03	1.00044098e+00	2.15496573e+03
1.84423828e-03	1.00360307e+00	2.16234359e+03
1.84570313e-03	1.00677598e+00	2.16973499e+03
1.84716797e-03	1.00995973e+00	2.17714020e+03
1.84863281e-03	1.01315433e+00	2.18455952e+03
1.85009766e-03	1.01635981e+00	2.19199326e+03
1.85156250e-03	1.01957620e+00	2.19944179e+03
1.85302734e-03	1.02280350e+00	2.20690552e+03
1.85449219e-03	1.02604175e+00	2.21438488e+03
1.85595703e-03	1.02929097e+00	2.22188038e+03
1.85742188e-03	1.03255118e+00	2.22939254e+03
1.85888672e-03	1.03582240e+00	2.23692194e+03
1.86035156e-03	1.03910467e+00	2.24446924e+03
1.86181641e-03	1.04239801e+00	2.25203512e+03
1.86328125e-03	1.04570245e+00	2.25962034e+03
1.86474609e-03	1.04901801e+00	2.26722572e+03
1.86621094e-03	1.05234472e+00	2.27485216e+03
1.86767578e-03	1.05568263e+00	2.28250061e+03
1.86914063e-03	1.05903176e+00	2.29017213e+03
1.87060547e-03	1.06239214e+00	2.29786783e+03
1.87207031e-03	1.06576381e+00	2.30558894e+03
1.87353516e-03	1.06914681e+00	2.31333676e+03
1.87500000e-03	1.07254118e+00	2.32111271e+03
1.87646484e-03	1.07594697e+00	2.32891830e+03
1.87792969e-03	1.07936421e+00	2.33675519e+03
1.87939453e-03	1.08279295e+00	2.34462512e+03
1.88085937e-03	1.08623325e+00	2.35253000e+03
1.88232422e-03	1.08968516e+00	2.36047187e+03
1.88378906e-03	1.09314873e+00	2.36845290e+03
1.88525391e-03	1.09662402e+00	2.37647547e+03
1.88671875e-03	1.10011109e+00	2.38454208e+03
1.88818359e-03	1.10361001e+00	2.39265546e+03
1.88964844e-03	1.10712086e+00	2.40081853e+03
1.89111328e-03	1.11064370e+00	2.40903441e+03
1.89257812e-03	1.11417862e+00	2.41730646e+03
1.89404297e-03	1.11772570e+00	2.42563829e+03
1.89550781e-03	1.12128503e+00	2.43403379e+03
1.89697266e-03	1.12485670e+00	2.44249711e+03
1.89843750e-03	1.12844083e+00	2.45103273e+03
1.89990234e-03	1.13203752e+00	2.45964546e+03
1.90136719e-03	1.13564689e+00	2.46834047e+03
1.90283203e-03	1.13926905e+00	2.47712330e+03
1.90429687e-03	1.14290415e+00	2.48599994e+03
1.90576172e-03	1.14655233e+00	2.49497680e+03
1.90722656e-03	1.15021373e+00	2.50406082e+03
1.90869141e-03	1.15388853e+00	2.51325943e+03
1.91015625e-03	1.15757689e+00	2.52258065e+03
1.91162109e-03	1.16127900e+00	2.53203315e+03
1.91308594e-03	1.16499506e+00	2.54162623e+03
1.91455078e-03	1.16872528e+00	2.55136998e+03
1.91601562e-03	1.17246989e+00	2.56127524e+03
1.91748047e-03	1.17622914e+00	2.57135378e+03
1.91894531e-03	1.18000329e+00	2.58161827e+03
1.92041016e-03	1.18379262e+00	2.59208247e+03
1.92187500e-03	1.18759744e+00	2.60276126e+03
1.92333984e-03	1.19141807e+00	2.61367077e+03
1.92480469e-03	1.19525486e+00	2.62482851e+03
1.92626953e-03	1.19910819e+00	2.63625348e+03
1.92773437e-03	1.20297847e+00	2.64796638e+03
1.92919922e-03	1.20686613e+00	2.65998969e+03
1.93066406e-03	1.21077165e+00	2.67234794e+03
1.93212891e-03	1.21469554e+00	2.68506788e+03
1.93359375e-03	1.21863835e+00	2.69817875e+03
1.93505859e-03	1.22260067e+00	2.71171251e+03
1.93652344e-03	1.22658315e+00	2.72570421e+03
1.93798828e-03	1.23058650e+00	2.74019226e+03
1.93945312e-03	1.23461146e+00	2.75521891e+03
1.94091797e-03	1.23865886e+00	2.77083065e+03
1.94238281e-03	1.24272959e+00	2.78707875e+03
1.94384766e-03	1.24682463e+00	2.80401985e+03
1.94531250e-03	1.25094505e+00	2.82171666e+03
1.94677734e-03	1.25509199e+00	2.84023873e+03
1.94824219e-03	1.25926672e+00	2.85966340e+03
1.94970703e-03	1.26347063e+00	2.88007687e+03
1.95117187e-03	1.26770524e+00	2.90157541e+03
1.95263672e-03	1.27197221e+00	2.92426689e+03
1.95410156e-03	1.27627339e+00	2.94827248e+03
1.95556641e-03	1.28061079e+00	2.97372871e+03
1.95703125e-03	1.28498666e+00	3.00078991e+03
1.95849609e-03	1.28940347e+00	3.02963115e+03
1.95996094e-03	1.29386398e+00	3.06045172e+03
1.96142578e-03	1.29837126e+00	3.09347944e+03
1.96289063e-03	1.30292872e+00	3.12897581e+03
1.96435547e-03	1.30754021e+00	3.16724239e+03
1.96582031e-03	1.31221003e+00	3.20862868e+03
1.96728516e-03	1.31694307e+00	3.25354190e+03
1.96875000e-03	1.32174483e+00	3.30245934e+03
1.97021484e-03	1.32662159e+00	3.35594402e+03
1.97167969e-03	1.33158053e+00	3.41466472e+03
1.97314453e-03	1.33662991e+00	3.47942201e+03
1.97460938e-03	1.34177928e+00	3.55118240e+03
1.97607422e-03	1.34703976e+00	3.63112381e+03
1.97753906e-03	1.35242439e+00	3.72069702e+03
1.97900391e-03	1.35794862e+00	3.82171001e+03
1.98046875e-03	1.36363086e+00	3.93644624e+03
1.98193359e-03	1.36949337e+00	4.06783376e+03
1.98339844e-03	1.37556333e+00	4.21969301e+03
1.98486328e-03	1.38187447e+00	4.39711050e+03
1.98632813e-03	1.38846929e+00	4.60702034e+03
1.98779297e-03	1.39540252e+00	4.85914487e+03
1.98925781e-03	1.40274632e+00	5.16758662e+03
1.99072266e-03	1.41059880e+00	5.55367603e+03
1.99218750e-03	1.41909864e+00	6.05142929e+03
1.99365234e-03	1.42845196e+00	6.71897652e+03
1.99511719e-03	1.43898747e+00	7.66550331e+03
1.99658203e-03	1.45128625e+00	9.12643868e+03
1.99804688e-03	1.46656727e+00	1.17372475e+04
1.99951172e-03	1.57079717e+00	1.30571303e+05
2.00097656e-03	1.67504670e+00	1.17640518e+04
2.00244141e-03	1.69035894e+00	9.14226222e+03
2.00390625e-03	1.70267449e+00	7.67257579e+03
2.00537109e-03	1.71321447e+00	6.71800633e+03
2.00683594e-03	1.72256072e+00	6.04274085e+03
2.00830078e-03	1.73104232e+00	5.53746571e+03
2.00976562e-03	1.73886566e+00	5.14400072e+03
2.01123047e-03	1.74616960e+00	4.82830809e+03
2.01269531e-03	1.75305242e+00	4.56904735e+03
2.01416016e-03	1.75958648e+00	4.35211109e+03
2.01562500e-03	1.76582663e+00	4.16777441e+03
2.01708984e-03	1.77181555e+00	4.00910172e+03
2.01855469e-03	1.77758711e+00	3.87100551e+03
2.02001953e-03	1.78316866e+00	3.74966449e+03
2.02148437e-03	1.78858258e+00	3.64214986e+03
2.02294922e-03	1.79384747e+00	3.54617733e+03
2.02441406e-03	1.79897890e+00	3.45993801e+03
2.02587891e-03	1.80399007e+00	3.38198022e+03
2.02734375e-03	1.80889225e+00	3.31112499e+03
2.02880859e-03	1.81369513e+00	3.24640474e+03
2.03027344e-03	1.81840711e+00	3.18701776e+03
2.03173828e-03	1.82303551e+00	3.13229408e+03
2.03320312e-03	1.82758675e+00	3.08166948e+03
2.03466797e-03	1.83206649e+00	3.03466542e+03
2.03613281e-03	1.83647973e+00	2.99087339e+03
2.03759766e-03	1.84083091e+00	2.94994263e+03
2.03906250e-03	1.84512401e+00	2.91157029e+03
2.04052734e-03	1.84936258e+00	2.87549358e+03
2.04199219e-03	1.85354982e+00	2.84148339e+03
2.04345703e-03	1.85768861e+00	2.80933913e+03
2.04492187e-03	1.86178155e+00	2.77888449e+03
2.04638672e-03	1.86583100e+00	2.74996385e+03
2.04785156e-03	1.86983910e+00	2.72243944e+03
2.04931641e-03	1.87380783e+00	2.69618887e+03
2.05078125e-03	1.87773895e+00	2.67110306e+03
2.05224609e-03	1.88163410e+00	2.64708452e+03
2.05371094e-03	1.88549480e+00	2.62404590e+03
2.05517578e-03	1.88932240e+00	2.60190871e+03
2.05664062e-03	1.89311818e+00	2.58060225e+03
2.05810547e-03	1.89688332e+00	2.56006270e+03
2.05957031e-03	1.90061889e+00	2.54023235e+03
2.06103516e-03	1.90432589e+00	2.52105885e+03
2.06250000e-03	1.90800525e+00	2.50249466e+03
2.06396484e-03	1.91165783e+00	2.48449651e+03
2.06542969e-03	1.91528443e+00	2.46702499e+03
2.06689453e-03	1.91888580e+00	2.45004406e+03
2.06835937e-03	1.92246263e+00	2.43352079e+03
2.06982422e-03	1.92601557e+00	2.41742502e+03
2.07128906e-03	1.92954522e+00	2.40172906e+03
2.07275391e-03	1.93305216e+00	2.38640748e+03
2.07421875e-03	1.93653691e+00	2.37143689e+03
2.07568359e-03	1.93999997e+00	2.35679576e+03
2.07714844e-03	1.94344181e+00	2.34246422e+03
2.07861328e-03	1.94686287e+00	2.32842392e+03
2.08007812e-03	1.95026357e+00	2.31465791e+03
2.08154297e-03	1.95364428e+00	2.30115051e+03
2.08300781e-03	1.95700540e+00	2.28788719e+03
2.08447266e-03	1.96034725e+00	2.27485447e+03
2.08593750e-03	1.96367017e+00	2.26203986e+03
2.08740234e-03	1.96697447e+00	2.24943174e+03
2.08886719e-03	1.97026044e+00	2.23701931e+03
2.09033203e-03	1.97352837e+00	2.22479253e+03
2.09179687e-03	1.97677852e+00	2.21274204e+03
2.09326172e-03	1.98001114e+00	2.20085912e+03
2.09472656e-03	1.98322647e+00	2.18913564e+03
2.09619141e-03	1.98642473e+00	2.17756401e+03
2.09765625e-03	1.98960615e+00	2.16613713e+03
2.09912109e-03	1.99277094e+00	2.15484837e+03
2.10058594e-03	1.99591928e+00	2.14369154e+03
2.10205078e-03	1.99905138e+00	2.13266084e+03
2.10351562e-03	2.00216740e+00	2.12175082e+03
2.10498047e-03	2.00526753e+00	2.11095640e+03
2.10644531e-03	2.00835193e+00	2.10027281e+03
2.10791016e-03	2.01142075e+00	2.08969555e+03
2.10937500e-03	2.01447415e+00	2.07922043e+03
2.11083984e-03	2.01751229e+00	2.06884351e+03
2.11230469e-03	2.02053529e+00	2.05856106e+03
2.11376953e-03	2.02354329e+00	2.04836960e+03
2.11523437e-03	2.02653644e+00	2.03826586e+03
2.11669922e-03	2.02951484e+00	2.02824673e+03
2.11816406e-03	2.03247863e+00	2.01830933e+03
2.11962891e-03	2.03542791e+00	2.00845090e+03
2.12109375e-03	2.03836281e+00	1.99866887e+03
2.12255859e-03	2.04128344e+00	1.98896081e+03
2.12402344e-03	2.04418990e+00	1.97932442e+03
2.12548828e-03	2.04708229e+00	1.96975755e+03
2.12695312e-03	2.04996072e+00	1.96025814e+03
2.12841797e-03	2.05282529e+00	1.95082427e+03
2.12988281e-03	2.05567608e+00	1.94145413e+03
2.13134766e-03	2.05851319e+00	1.93214597e+03
2.13281250e-03	2.06133670e+00	1.92289819e+03
2.13427734e-03	2.06414672e+00	1.91370924e+03
2.13574219e-03	2.06694332e+00	1.90457766e+03
2.13720703e-03	2.06972658e+00	1.89550208e+03
2.13867187e-03	2.07249659e+00	1.88648119e+03
2.14013672e-03	2.07525342e+00	1.87751376e+03
2.14160156e-03	2.07799715e+00	1.86859861e+03
2.14306641e-03	2.08072786e+00	1.85973464e+03
2.14453125e-03	2.08344563e+00	1.85092079e+03
2.14599609e-03	2.08615052e+00	1.84215606e+03
2.14746094e-03	2.08884261e+00	1.83343952e+03
2.14892578e-03	2.09152196e+00	1.82477025e+03
2.15039062e-03	2.09418865e+00	1.81614741e+03
2.15185547e-03	2.09684274e+00	1.80757018e+03
2.15332031e-03	2.09948430e+00	1.79903779e+03
2.15478516e-03	2.10211339e+00	1.79054952e+03
2.15625000e-03	2.10473008e+00	1.78210466e+03
2.15771484e-03	2.10733443e+00	1.77370255e+03
2.15917969e-03	2.10992650e+00	1.76534255e+03
2.16064453e-03	2.11250636e+00	1.75702407e+03
2.16210937e-03	2.11507407e+00	1.74874654e+03
2.16357422e-03	2.11762967e+00	1.74050940e+03
2.16503906e-03	2.12017324e+00	1.73231214e+03
2.16650391e-03	2.12270483e+00	1.72415426e+03
2.16796875e-03	2.12522450e+00	1.71603528e+03
2.16943359e-03	2.12773231e+00	1.70795475e+03
2.17089844e-03	2.13022831e+00	1.69991224e+03
2.17236328e-03	2.13271255e+00	1.69190733e+03
2.17382812e-03	2.13518509e+00	1.68393963e+03
2.17529297e-03	2.13764599e+00	1.67600875e+03
2.17675781e-03	2.14009530e+00	1.66811434e+03
2.17822266e-03	2.14253307e+00	1.66025605e+03
2.17968750e-03	2.14495936e+00	1.65243354e+03
2.18115234e-03	2.14737421e+00	1.64464648e+03
2.18261719e-03	2.14977769e+00	1.63689459e+03
2.18408203e-03	2.15216983e+00	1.62917754e+03
2.18554687e-03	2.15455069e+00	1.62149508e+03
2.18701172e-03	2.15692033e+00	1.61384691e+03
2.18847656e-03	2.15927878e+00	1.60623277e+03
2.18994141e-03	2.16162611e+00	1.59865242e+03
2.19140625e-03	2.16396236e+00	1.59110561e+03
2.19287109e-03	2.16628758e+00	1.58359210e+03
2.19433594e-03	2.16860181e+00	1.57611166e+03
2.19580078e-03	2.17090512e+00	1.56866407e+03
2.19726562e-03	2.17319753e+00	1.56124912e+03
2.19873047e-03	2.17547911e+00	1.55386661e+03
2.20019531e-03	2.17774990e+00	1.54651632e+03
2.20166016e-03	2.18000995e+00	1.53919807e+03
2.20312500e-03	2.18225929e+00	1.53191168e+03
2.20458984e-03	2.18449799e+00	1.52465694e+03
2.20605469e-03	2.18672609e+00	1.51743370e+03
2.20751953e-03	2.18894362e+00	1.51024177e+03
2.20898438e-03	2.19115064e+00	1.50308099e+03
2.21044922e-03	2.19334720e+00	1.49595118e+03
2.21191406e-03	2.19553334e+00	1.48885220e+03
2.21337891e-03	2.19770910e+00	1.48178388e+03
2.21484375e-03	2.19987452e+00	1.47474608e+03
2.21630859e-03	2.20202966e+00	1.46773863e+03
2.21777344e-03	2.20417456e+00	1.46076140e+03
2.21923828e-03	2.20630926e+00	1.45381423e+03
2.22070313e-03	2.20843380e+00	1.44689700e+03
2.22216797e-03	2.21054824e+00	1.44000956e+03
2.22363281e-03	2.21265260e+00	1.43315177e+03
2.22509766e-03	2.21474695e+00	1.42632351e+03
2.22656250e-03	2.21683131e+00	1.41952463e+03
2.22802734e-03	2.21890573e+00	1.41275501e+03
2.22949219e-03	2.22097026e+00	1.40601453e+03
2.23095703e-03	2.22302493e+00	1.39930305e+03
2.23242188e-03	2.22506980e+00	1.39262046e+03
2.23388672e-03	2.22710490e+00	1.38596662e+03
2.23535156e-03	2.22913027e+00	1.37934143e+03
2.23681641e-03	2.23114596e+00	1.37274475e+03
2.23828125e-03	2.23315200e+00	1.36617647e+03
2.23974609e-03	2.23514845e+00	1.35963648e+03
2.24121094e-03	2.23713534e+00	1.35312465e+03
2.24267578e-03	2.23911270e+00	1.34664088e+03
2.24414063e-03	2.24108059e+00	1.34018505e+03
2.24560547e-03	2.24303905e+00	1.33375704e+03
2.24707031e-03	2.24498810e+00	1.32735674e+03
2.24853516e-03	2.24692781e+00	1.32098404e+03
2.25000000e-03	2.24885820e+00	1.31463883e+03
2.25146484e-03	2.25077931e+00	1.30832100e+03
2.25292969e-03	2.25269119e+00	1.30203045e+03
2.25439453e-03	2.25459387e+00	1.29576705e+03
2.25585938e-03	2.25648740e+00	1.28953070e+03
2.25732422e-03	2.25837181e+00	1.28332131e+03
2.25878906e-03	2.26024715e+00	1.27713874e+03
2.26025391e-03	2.26211345e+00	1.27098291e+03
2.26171875e-03	2.26397075e+00	1.26485370e+03
2.26318359e-03	2.26581909e+00	1.25875101e+03
2.26464844e-03	2.26765852e+00	1.25267473e+03
2.26611328e-03	2.26948906e+00	1.24662475e+03
2.26757813e-03	2.27131076e+00	1.24060098e+03
2.26904297e-03	2.27312365e+00	1.23460330e+03
2.27050781e-03	2.27492778e+00	1.22863161e+03
2.27197266e-03	2.27672318e+00	1.22268580e+03
2.27343750e-03	2.27850988e+00	1.21676578e+03
2.27490234e-03	2.28028794e+00	1.21087143e+03
2.27636719e-03	2.28205738e+00	1.20500265e+03
2.27783203e-03	2.28381824e+00	1.19915935e+03
2.27929688e-03	2.28557056e+00	1.19334140e+03
2.28076172e-03	2.28731438e+00	1.18754872e+03
2.28222656e-03	2.28904972e+00	1.18178120e+03
2.28369141e-03	2.29077664e+00	1.17603873e+03
2.28515625e-03	2.29249517e+00	1.17032121e+03
2.28662109e-03	2.29420534e+00	1.16462854e+03
2.28808594e-03	2.29590718e+00	1.15896061e+03
2.28955078e-03	2.29760075e+00	1.15331733e+03
2.29101563e-03	2.29928606e+00	1.14769858e+03
2.29248047e-03	2.30096316e+00	1.14210427e+03
2.29394531e-03	2.30263209e+00	1.13653429e+03
2.29541016e-03	2.30429287e+00	1.13098854e+03
2.29687500e-03	2.30594555e+00	1.12546692e+03
2.29833984e-03	2.30759016e+00	1.11996932e+03
2.29980469e-03	2.30922673e+00	1.11449565e+03
2.30126953e-03	2.31085530e+00	1.10904579e+03
2.30273438e-03	2.31247590e+00	1.10361965e+03
2.30419922e-03	2.31408857e+00	1.09821713e+03
2.30566406e-03	2.31569335e+00	1.09283812e+03
2.30712891e-03	2.31729027e+00	1.08748251e+03
2.30859375e-03	2.31887935e+00	1.08215022e+03
2.31005859e-03	2.32046065e+00	1.07684113e+03
2.31152344e-03	2.32203418e+00	1.07155514e+03
2.31298828e-03	2.32359998e+00	1.06629216e+03
2.31445313e-03	2.32515810e+00	1.06105208e+03
2.31591797e-03	2.32670855e+00	1.05583479e+03
2.31738281e-03	2.32825138e+00	1.05064020e+03
2.31884766e-03	2.32978662e+00	1.04546820e+03
2.32031250e-03	2.33131429e+00	1.04031870e+03
2.32177734e-03	2.33283444e+00	1.03519158e+03
2.32324219e-03	2.33434710e+00	1.03008676e+03
2.32470703e-03	2.33585229e+00	1.02500412e+03
2.32617188e-03	2.33735005e+00	1.01994358e+03
2.32763672e-03	2.33884042e+00	1.01490501e+03
2.32910156e-03	2.34032342e+00	1.00988834e+03
2.33056641e-03	2.34179909e+00	1.00489344e+03
2.33203125e-03	2.34326746e+00	9.99920230e+02
2.33349609e-03	2.34472856e+00	9.94968601e+02
2.33496094e-03	2.34618243e+00	9.90038453e+02
2.33642578e-03	2.34762908e+00	9.85129686e+02
2.33789063e-03	2.34906856e+00	9.80242200e+02
2.33935547e-03	2.35050090e+00	9.75375895e+02
2.34082031e-03	2.35192613e+00	9.70530670e+02
2.34228516e-03	2.35334427e+00	9.65706426e+02
2.34375000e-03	2.35475536e+00	9.60903062e+02
2.34521484e-03	2.35615943e+00	9.56120480e+02
2.34667969e-03	2.35755651e+00	9.51358579e+02
2.34814453e-03	2.35894663e+00	9.46617261e+02
2.34960938e-03	2.36032982e+00	9.41896426e+02
2.35107422e-03	2.36170611e+00	9.37195975e+02
2.35253906e-03	2.36307552e+00	9.32515810e+02
2.35400391e-03	2.36443810e+00	9.27855832e+02
2.35546875e-03	2.36579387e+00	9.23215942e+02
2.35693359e-03	2.36714285e+00	9.18596043e+02
2.35839844e-03	2.36848508e+00	9.13996035e+02
2.35986328e-03	2.36982059e+00	9.09415822e+02
2.36132813e-03	2.37114940e+00	9.04855306e+02
2.36279297e-03	2.37247154e+00	9.00314389e+02
2.36425781e-03	2.37378705e+00	8.95792975e+02
2.36572266e-03	2.37509595e+00	8.91290965e+02
2.36718750e-03	2.37639827e+00	8.86808264e+02
2.36865234e-03	2.37769404e+00	8.82344774e+02
2.37011719e-03	2.37898328e+00	8.77900400e+02
2.37158203e-03	2.38026602e+00	8.73475046e+02
2.37304688e-03	2.38154230e+00	8.69068615e+02
2.37451172e-03	2.38281214e+00	8.64681012e+02
2.37597656e-03	2.38407556e+00	8.60312141e+02
2.37744141e-03	2.38533260e+00	8.55961908e+02
2.37890625e-03	2.38658327e+00	8.51630217e+02
2.38037109e-03	2.38782762e+00	8.47316975e+02
2.38183594e-03	2.38906566e+00	8.43022086e+02
2.38330078e-03	2.39029743e+00	8.38745456e+02
2.38476563e-03	2.39152294e+00	8.34486993e+02
2.38623047e-03	2.39274222e+00	8.30246601e+02
2.38769531e-03	2.39395531e+00	8.26024188e+02
2.38916016e-03	2.39516223e+00	8.21819661e+02
2.39062500e-03	2.39636300e+00	8.17632927e+02
2.39208984e-03	2.39755765e+00	8.13463894e+02
2.39355469e-03	2.39874621e+00	8.09312470e+02
2.39501953e-03	2.39992870e+00	8.05178562e+02
2.39648438e-03	2.40110514e+00	8.01062079e+02
2.39794922e-03	2.40227557e+00	7.96962929e+02
2.39941406e-03	2.40344001e+00	7.92881023e+02
2.40087891e-03	2.40459848e+00	7.88816268e+02
2.40234375e-03	2.40575101e+00	7.84768575e+02
2.40380859e-03	2.40689762e+00	7.80737854e+02
2.40527344e-03	2.40803834e+00	7.76724014e+02
2.40673828e-03	2.40917319e+00	7.72726967e+02
2.40820313e-03	2.41030220e+00	7.68746623e+02
2.40966797e-03	2.41142539e+00	7.64782893e+02
2.41113281e-03	2.41254278e+00	7.60835689e+02
2.41259766e-03	2.41365441e+00	7.56904922e+02
2.41406250e-03	2.41476029e+00	7.52990505e+02
2.41552734e-03	2.41586045e+00	7.49092350e+02
2.41699219e-03	2.41695491e+00	7.45210370e+02
2.41845703e-03	2.41804369e+00	7.41344478e+02
2.41992188e-03	2.41912683e+00	7.37494586e+02
2.42138672e-03	2.42020434e+00	7.33660610e+02
2.42285156e-03	2.42127624e+00	7.29842463e+02
2.42431641e-03	2.42234256e+00	7.26040059e+02
2.42578125e-03	2.42340332e+00	7.22253313e+02
2.42724609e-03	2.42445854e+00	7.18482140e+02
2.42871094e-03	2.42550826e+00	7.14726455e+02
2.43017578e-03	2.42655248e+00	7.10986175e+02
2.43164063e-03	2.42759124e+00	7.07261215e+02
2.43310547e-03	2.42862455e+00	7.03551492e+02
2.43457031e-03	2.42965243e+00	6.99856922e+02
2.43603516e-03	2.43067492e+00	6.96177422e+02
2.43750000e-03	2.43169203e+00	6.92512911e+02
2.43896484e-03	2.43270378e+00	6.88863305e+02
2.44042969e-03	2.43371019e+00	6.85228522e+02
2.44189453e-03	2.43471129e+00	6.81608482e+02
2.44335938e-03	2.43570710e+00	6.78003103e+02
2.44482422e-03	2.43669764e+00	6.74412304e+02
2.44628906e-03	2.43768293e+00	6.70836004e+02
2.44775391e-03	2.43866299e+00	6.67274124e+02
2.44921875e-03	2.43963785e+00	6.63726583e+02
2.45068359e-03	2.44060751e+00	6.60193303e+02
2.45214844e-03	2.44157202e+00	6.56674203e+02
2.45361328e-03	2.44253137e+00	6.53169206e+02
2.45507813e-03	2.44348561e+00	6.49678233e+02
2.45654297e-03	2.44443474e+00	6.46201205e+02
2.45800781e-03	2.44537879e+00	6.42738045e+02
2.45947266e-03	2.44631777e+00	6.39288676e+02
2.46093750e-03	2.44725171e+00	6.35853020e+02
2.46240234e-03	2.44818063e+00	6.32431002e+02
2.46386719e-03	2.44910455e+00	6.29022543e+02
2.46533203e-03	2.45002348e+00	6.25627570e+02
2.46679688e-03	2.45093745e+00	6.22246006e+02
2.46826172e-03	2.45184648e+00	6.18877775e+02
2.46972656e-03	2.45275058e+00	6.15522803e+02
2.47119141e-03	2.45364978e+00	6.12181015e+02
2.47265625e-03	2.45454409e+00	6.08852337e+02
2.47412109e-03	2.45543353e+00	6.05536696e+02
2.47558594e-03	2.45631813e+00	6.02234017e+02
2.47705078e-03	2.45719790e+00	5.98944227e+02
2.47851563e-03	2.45807286e+00	5.95667254e+02
2.47998047e-03	2.45894303e+00	5.92403026e+02
2.48144531e-03	2.45980842e+00	5.89151469e+02
2.48291016e-03	2.46066907e+00	5.85912513e+02
2.48437500e-03	2.46152497e+00	5.82686085e+02
2.48583984e-03	2.46237616e+00	5.79472115e+02
2.48730469e-03	2.46322265e+00	5.76270532e+02
2.48876953e-03	2.46406447e+00	5.73081266e+02
2.49023438e-03	2.46490161e+00	5.69904247e+02
2.49169922e-03	2.46573412e+00	5.66739404e+02
2.49316406e-03	2.46656199e+00	5.63586669e+02
2.49462891e-03	2.46738526e+00	5.60445972e+02
2.49609375e-03	2.46820393e+00	5.57317246e+02
2.49755859e-03	2.46901803e+00	5.54200421e+02
2.49902344e-03	2.46982757e+00	5.51095429e+02
2.50048828e-03	2.47063258e+00	5.48002204e+02
2.50195312e-03	2.47143306e+00	5.44920677e+02
2.50341797e-03	2.47222903e+00	5.41850782e+02
2.50488281e-03	2.47302052e+00	5.38792452e+02
2.50634766e-03	2.47380754e+00	5.35745620e+02
2.50781250e-03	2.47459010e+00	5.32710222e+02
2.50927734e-03	2.47536822e+00	5.29686191e+02
2.51074219e-03	2.47614192e+00	5.26673462e+02
2.51220703e-03	2.47691121e+00	5.23671970e+02
2.51367187e-03	2.47767612e+00	5.20681650e+02
2.51513672e-03	2.47843666e+00	5.17702439e+02
2.51660156e-03	2.47919284e+00	5.14734272e+02
2.51806641e-03	2.47994468e+00	5.11777085e+02
2.51953125e-03	2.48069219e+00	5.08830816e+02
2.52099609e-03	2.48143540e+00	5.05895401e+02
2.52246094e-03	2.48217431e+00	5.02970778e+02
2.52392578e-03	2.48290895e+00	5.00056885e+02
2.52539062e-03	2.48363933e+00	4.97153659e+02
2.52685547e-03	2.48436547e+00	4.94261039e+02
2.52832031e-03	2.48508737e+00	4.91378964e+02
2.52978516e-03	2.48580506e+00	4.88507372e+02
2.53125000e-03	2.48651855e+00	4.85646204e+02
2.53271484e-03	2.48722786e+00	4.82795397e+02
2.53417969e-03	2.48793300e+00	4.79954894e+02
2.53564453e-03	2.48863399e+00	4.77124633e+02
2.53710937e-03	2.48933083e+00	4.74304556e+02
2.53857422e-03	2.49002356e+00	4.71494603e+02
2.54003906e-03	2.49071217e+00	4.68694715e+02
2.54150391e-03	2.49139669e+00	4.65904835e+02
2.54296875e-03	2.49207714e+00	4.63124903e+02
2.54443359e-03	2.49275351e+00	4.60354863e+02
2.54589844e-03	2.49342584e+00	4.57594656e+02
2.54736328e-03	2.49409413e+00	4.54844226e+02
2.54882812e-03	2.49475840e+00	4.52103515e+02
2.55029297e-03	2.49541866e+00	4.49372468e+02
2.55175781e-03	2.49607493e+00	4.46651026e+02
2.55322266e-03	2.49672721e+00	4.43939135e+02
2.55468750e-03	2.49737554e+00	4.41236740e+02
2.55615234e-03	2.49801991e+00	4.38543783e+02
2.55761719e-03	2.49866034e+00	4.35860211e+02
2.55908203e-03	2.49929685e+00	4.33185969e+02
2.56054687e-03	2.49992944e+00	4.30521002e+02
2.56201172e-03	2.50055815e+00	4.27865256e+02
2.56347656e-03	2.50118296e+00	4.25218676e+02
2.56494141e-03	2.50180391e+00	4.22581210e+02
2.56640625e-03	2.50242100e+00	4.19952805e+02
2.56787109e-03	2.50303425e+00	4.17333406e+02
2.56933594e-03	2.50364366e+00	4.14722961e+02
2.57080078e-03	2.50424926e+00	4.12121419e+02
2.57226562e-03	2.50485106e+00	4.09528726e+02
2.57373047e-03	2.50544906e+00	4.06944830e+02
2.57519531e-03	2.50604328e+00	4.04369681e+02
2.57666016e-03	2.50663374e+00	4.01803227e+02
2.57812500e-03	2.50722045e+00	3.99245416e+02
2.57958984e-03	2.50780341e+00	3.96696199e+02
2.58105469e-03	2.50838265e+00	3.94155524e+02
2.58251953e-03	2.50895817e+00	3.91623342e+02
2.58398437e-03	2.50952999e+00	3.89099602e+02
2.58544922e-03	2.51009812e+00	3.86584255e+02
2.58691406e-03	2.51066257e+00	3.84077251e+02
2.58837891e-03	2.51122335e+00	3.81578541e+02
2.58984375e-03	2.51178048e+00	3.79088077e+02
2.59130859e-03	2.51233397e+00	3.76605810e+02
2.59277344e-03	2.51288382e+00	3.74131691e+02
2.59423828e-03	2.51343006e+00	3.71665673e+02
2.59570312e-03	2.51397269e+00	3.69207708e+02
2.59716797e-03	2.51451173e+00	3.66757747e+02
2.59863281e-03	2.51504718e+00	3.64315745e+02
2.60009766e-03	2.51557907e+00	3.61881654e+02
2.60156250e-03	2.51610739e+00	3.59455427e+02
2.60302734e-03	2.51663217e+00	3.57037018e+02
2.60449219e-03	2.51715340e+00	3.54626380e+02
2.60595703e-03	2.51767112e+00	3.52223469e+02
2.60742187e-03	2.51818531e+00	3.49828237e+02
2.60888672e-03	2.51869601e+00	3.47440639e+02
2.61035156e-03	2.51920321e+00	3.45060631e+02
2.61181641e-03	2.51970693e+00	3.42688167e+02
2.61328125e-03	2.52020719e+00	3.40323202e+02
2.61474609e-03	2.52070398e+00	3.37965693e+02
2.61621094e-03	2.52119733e+00	3.35615595e+02
2.61767578e-03	2.52168723e+00	3.33272864e+02
2.61914062e-03	2.52217372e+00	3.30937455e+02
2.62060547e-03	2.52265678e+00	3.28609327e+02
2.62207031e-03	2.52313644e+00	3.26288435e+02
2.62353516e-03	2.52361271e+00	3.23974737e+02
2.62500000e-03	2.52408559e+00	3.21668189e+02
2.62646484e-03	2.52455510e+00	3.19368750e+02
2.62792969e-03	2.52502125e+00	3.17076376e+02
2.62939453e-03	2.52548404e+00	3.14791026e+02
2.63085937e-03	2.52594349e+00	3.12512658e+02
2.63232422e-03	2.52639961e+00	3.10241231e+02
2.63378906e-03	2.52685241e+00	3.07976702e+02
2.63525391e-03	2.52730189e+00	3.05719032e+02
2.63671875e-03	2.52774808e+00	3.03468178e+02
2.63818359e-03	2.52819097e+00	3.01224101e+02
2.63964844e-03	2.52863057e+00	2.98986760e+02
2.64111328e-03	2.52906691e+00	2.96756114e+02
2.64257812e-03	2.52949998e+00	2.94532123e+02
2.64404297e-03	2.52992980e+00	2.92314748e+02
2.64550781e-03	2.53035638e+00	2.90103950e+02
2.64697266e-03	2.53077972e+00	2.87899688e+02
2.64843750e-03	2.53119984e+00	2.85701924e+02
2.64990234e-03	2.53161674e+00	2.83510618e+02
2.65136719e-03	2.53203044e+00	2.81325733e+02
2.65283203e-03	2.53244094e+00	2.79147229e+02
2.65429687e-03	2.53284826e+00	2.76975068e+02
2.65576172e-03	2.53325240e+00	2.74809212e+02
2.65722656e-03	2.53365337e+00	2.72649624e+02
2.65869141e-03	2.53405118e+00	2.70496265e+02
2.66015625e-03	2.53444584e+00	2.68349098e+02
2.66162109e-03	2.53483736e+00	2.66208086e+02
2.66308594e-03	2.53522575e+00	2.64073191e+02
2.66455078e-03	2.53561102e+00	2.61944378e+02
2.66601562e-03	2.53599317e+00	2.59821609e+02
2.66748047e-03	2.53637222e+00	2.57704847e+02
2.66894531e-03	2.53674817e+00	2.55594058e+02
2.67041016e-03	2.53712104e+00	2.53489203e+02
2.67187500e-03	2.53749082e+00	2.51390249e+02
2.67333984e-03	2.53785753e+00	2.49297158e+02
2.67480469e-03	2.53822119e+00	2.47209896e+02
2.67626953e-03	2.53858179e+00	2.45128428e+02
2.67773437e-03	2.53893934e+00	2.43052717e+02
2.67919922e-03	2.53929386e+00	2.40982730e+02
2.68066406e-03	2.53964535e+00	2.38918431e+02
2.68212891e-03	2.53999382e+00	2.36859786e+02
2.68359375e-03	2.54033928e+00	2.34806762e+02
2.68505859e-03	2.54068173e+00	2.32759322e+02
2.68652344e-03	2.54102119e+00	2.30717435e+02
2.68798828e-03	2.54135767e+00	2.28681065e+02
2.68945313e-03	2.54169116e+00	2.26650180e+02
2.69091797e-03	2.54202169e+00	2.24624745e+02
2.69238281e-03	2.54234925e+00	2.22604728e+02
2.69384766e-03	2.54267385e+00	2.20590096e+02
2.69531250e-03	2.54299551e+00	2.18580816e+02
2.69677734e-03	2.54331423e+00	2.16576854e+02
2.69824219e-03	2.54363002e+00	2.14578179e+02
2.69970703e-03	2.54394288e+00	2.12584759e+02
2.70117188e-03	2.54425283e+00	2.10596560e+02
2.70263672e-03	2.54455987e+00	2.08613552e+02
2.70410156e-03	2.54486400e+00	2.06635701e+02
2.70556641e-03	2.54516525e+00	2.04662977e+02
2.70703125e-03	2.54546361e+00	2.02695349e+02
2.70849609e-03	2.54575909e+00	2.00732784e+02
2.70996094e-03	2.54605169e+00	1.98775251e+02
2.71142578e-03	2.54634144e+00	1.96822720e+02
2.71289063e-03	2.54662833e+00	1.94875160e+02
2.71435547e-03	2.54691237e+00	1.92932540e+02
2.71582031e-03	2.54719356e+00	1.90994830e+02
2.71728516e-03	2.54747193e+00	1.89061999e+02
2.71875000e-03	2.54774746e+00	1.87134017e+02
2.72021484e-03	2.54802017e+00	1.85210854e+02
2.72167969e-03	2.54829007e+00	1.83292481e+02
2.72314453e-03	2.54855717e+00	1.81378867e+02
2.72460938e-03	2.54882146e+00	1.79469983e+02
2.72607422e-03	2.54908296e+00	1.77565800e+02
2.72753906e-03	2.54934168e+00	1.75666288e+02
2.72900391e-03	2.54959761e+00	1.73771419e+02
2.73046875e-03	2.54985077e+00	1.71881163e+02
2.73193359e-03	2.55010117e+00	1.69995491e+02
2.73339844e-03	2.55034881e+00	1.68114376e+02
2.73486328e-03	2.55059370e+00	1.66237788e+02
2.73632813e-03	2.55083584e+00	1.64365699e+02
2.73779297e-03	2.55107524e+00	1.62498082e+02
2.73925781e-03	2.55131191e+00	1.60634907e+02
2.74072266e-03	2.55154586e+00	1.58776148e+02
2.74218750e-03	2.55177708e+00	1.56921776e+02
2.74365234e-03	2.55200559e+00	1.55071763e+02
2.74511719e-03	2.55223139e+00	1.53226084e+02
2.74658203e-03	2.55245450e+00	1.51384709e+02
2.74804688e-03	2.55267491e+00	1.49547612e+02
2.74951172e-03	2.55289263e+00	1.47714766e+02
2.75097656e-03	2.55310767e+00	1.45886143e+02
2.75244141e-03	2.55332003e+00	1.44061718e+02
2.75390625e-03	2.55352973e+00	1.42241464e+02
2.75537109e-03	2.55373676e+00	1.40425354e+02
2.75683594e-03	2.55394113e+00	1.38613361e+02
2.75830078e-03	2.55414286e+00	1.36805460e+02
2.75976563e-03	2.55434193e+00	1.35001624e+02
2.76123047e-03	2.55453837e+00	1.33201828e+02
2.76269531e-03	2.55473218e+00	1.31406046e+02
2.76416016e-03	2.55492335e+00	1.29614252e+02
2.76562500e-03	2.55511191e+00	1.27826420e+02
2.76708984e-03	2.55529785e+00	1.26042525e+02
2.76855469e-03	2.55548118e+00	1.24262542e+02
2.77001953e-03	2.55566190e+00	1.22486445e+02
2.77148438e-03	2.55584003e+00	1.20714210e+02
2.77294922e-03	2.55601556e+00	1.18945812e+02
2.77441406e-03	2.55618850e+00	1.17181226e+02
2.77587891e-03	2.55635887e+00	1.15420427e+02
2.77734375e-03	2.55652665e+00	1.13663390e+02
2.77880859e-03	2.55669187e+00	1.11910092e+02
2.78027344e-03	2.55685452e+00	1.10160507e+02
2.78173828e-03	2.55701460e+00	1.08414613e+02
2.78320313e-03	2.55717214e+00	1.06672384e+02
2.78466797e-03	2.55732712e+00	1.04933797e+02
2.78613281e-03	2.55747956e+00	1.03198828e+02
2.78759766e-03	2.55762947e+00	1.01467453e+02
2.78906250e-03	2.55777684e+00	9.97396484e+01
2.79052734e-03	2.55792168e+00	9.80153913e+01
2.79199219e-03	2.55806399e+00	9.62946581e+01
2.79345703e-03	2.55820379e+00	9.45774254e+01
2.79492188e-03	2.55834108e+00	9.28636703e+01
2.79638672e-03	2.55847586e+00	9.11533696e+01
2.79785156e-03	2.55860813e+00	8.94465004e+01
2.79931641e-03	2.55873791e+00	8.77430401e+01
2.80078125e-03	2.55886519e+00	8.60429658e+01
2.80224609e-03	2.55898999e+00	8.43462551e+01
2.80371094e-03	2.55911230e+00	8.26528854e+01
2.80517578e-03	2.55923214e+00	8.09628345e+01
2.80664063e-03	2.55934950e+00	7.92760800e+01
2.80810547e-03	2.55946440e+00	7.75925999e+01
2.80957031e-03	2.55957683e+00	7.59123721e+01
2.81103516e-03	2.55968680e+00	7.42353746e+01
2.81250000e-03	2.55979431e+00	7.25615858e+01
2.81396484e-03	2.55989938e+00	7.08909837e+01
2.81542969e-03	2.56000201e+00	6.92235469e+01
2.81689453e-03	2.56010219e+00	6.75592538e+01
2.81835938e-03	2.56019994e+00	6.58980831e+01
2.81982422e-03	2.56029525e+00	6.42400133e+01
2.82128906e-03	2.56038814e+00	6.25850233e+01
2.82275391e-03	2.56047861e+00	6.09330921e+01
2.82421875e-03	2.56056666e+00	5.92841985e+01
2.82568359e-03	2.56065229e+00	5.76383217e+01
2.82714844e-03	2.56073552e+00	5.59954408e+01
2.82861328e-03	2.56081635e+00	5.43555352e+01
2.83007813e-03	2.56089477e+00	5.27185842e+01
2.83154297e-03	2.56097080e+00	5.10845673e+01
2.83300781e-03	2.56104443e+00	4.94534641e+01
2.83447266e-03	2.56111568e+00	4.78252542e+01
2.83593750e-03	2.56118455e+00	4.61999175e+01
2.83740234e-03	2.56125104e+00	4.45774336e+01
2.83886719e-03	2.56131515e+00	4.29577827e+01
2.84033203e-03	2.56137689e+00	4.13409447e+01
2.84179688e-03	2.56143627e+00	3.97268998e+01
2.84326172e-03	2.56149328e+00	3.81156282e+01
2.84472656e-03	2.56154794e+00	3.65071102e+01
2.84619141e-03	2.56160024e+00	3.49013261e+01
2.84765625e-03	2.56165019e+00	3.32982565e+01
2.84912109e-03	2.56169779e+00	3.16978820e+01
2.85058594e-03	2.56174305e+00	3.01001832e+01
2.85205078e-03	2.56178598e+00	2.85051409e+01
2.85351563e-03	2.56182657e+00	2.69127359e+01
2.85498047e-03	2.56186483e+00	2.53229491e+01
2.85644531e-03	2.56190076e+00	2.37357615e+01
2.85791016e-03	2.56193437e+00	2.21511543e+01
2.85937500e-03	2.56196566e+00	2.05691085e+01
2.86083984e-03	2.56199463e+00	1.89896055e+01
2.86230469e-03	2.56202129e+00	1.74126266e+01
2.86376953e-03	2.56204564e+00	1.58381532e+01
2.86523438e-03	2.56206769e+00	1.42661669e+01
2.86669922e-03	2.56208744e+00	1.26966491e+01
2.86816406e-03	2.56210489e+00	1.11295816e+01
2.86962891e-03	2.56212005e+00	9.56494618e+00
2.87109375e-03	2.56213292e+00	8.00272457e+00
2.87255859e-03	2.56214350e+00	6.44289870e+00
2.87402344e-03	2.56215179e+00	4.88545057e+00
2.87548828e-03	2.56215781e+00	3.33036223e+00
2.87695313e-03	2.56216155e+00	1.77761582e+00
2.87841797e-03	2.56216302e+00	2.27193551e-01
2.87988281e-03	2.56216222e+00	-1.32092229e+00
2.88134766e-03	2.56215915e+00	-2.86674933e+00
2.88281250e-03	2.56215382e+00	-4.41030513e+00
2.88427734e-03	2.56214623e+00	-5.95160719e+00
2.88574219e-03	2.56213639e+00	-7.49067290e+00
2.88720703e-03	2.56212429e+00	-9.02751961e+00
2.88867188e-03	2.56210994e+00	-1.05621646e+01
2.89013672e-03	2.56209335e+00	-1.20946250e+01
2.89160156e-03	2.56207451e+00	-1.36249180e+01
2.89306641e-03	2.56205343e+00	-1.51530607e+01
2.89453125e-03	2.56203012e+00	-1.66790699e+01
2.89599609e-03	2.56200457e+00	-1.82029627e+01
2.89746094e-03	2.56197679e+00	-1.97247558e+01
2.89892578e-03	2.56194678e+00	-2.12444660e+01
2.90039063e-03	2.56191455e+00	-2.27621101e+01
2.90185547e-03	2.56188010e+00	-2.42777046e+01
2.90332031e-03	2.56184343e+00	-2.57912661e+01
2.90478516e-03	2.56180454e+00	-2.73028111e+01
2.90625000e-03	2.56176344e+00	-2.88123561e+01
2.90771484e-03	2.56172013e+00	-3.03199174e+01
2.90917969e-03	2.56167461e+00	-3.18255113e+01
2.91064453e-03	2.56162689e+00	-3.33291540e+01
2.91210938e-03	2.56157697e+00	-3.48308617e+01
2.91357422e-03	2.56152485e+00	-3.63306505e+01
2.91503906e-03	2.56147054e+00	-3.78285365e+01
2.91650391e-03	2.56141403e+00	-3.93245355e+01
2.91796875e-03	2.56135533e+00	-4.08186636e+01
2.91943359e-03	2.56129444e+00	-4.23109366e+01
2.92089844e-03	2.56123137e+00	-4.38013702e+01
2.92236328e-03	2.56116612e+00	-4.52899802e+01
2.92382813e-03	2.56109869e+00	-4.67767822e+01
2.92529297e-03	2.56102908e+00	-4.82617918e+01
2.92675781e-03	2.56095730e+00	-4.97450247e+01
2.92822266e-03	2.56088334e+00	-5.12264962e+01
2.92968750e-03	2.56080722e+00	-5.27062218e+01
2.93115234e-03	2.56072893e+00	-5.41842168e+01
2.93261719e-03	2.56064848e+00	-5.56604965e+01
2.93408203e-03	2.56056587e+00	-5.71350763e+01
2.93554688e-03	2.56048109e+00	-5.86079712e+01
2.93701172e-03	2.56039416e+00	-6.00791964e+01
2.93847656e-03	2.56030508e+00	-6.15487669e+01
2.93994141e-03	2.56021385e+00	-6.30166979e+01
2.94140625e-03	2.56012046e+00	-6.44830041e+01
2.94287109e-03	2.56002493e+00	-6.59477006e+01
2.94433594e-03	2.55992726e+00	-6.74108022e+01
2.94580078e-03	2.55982744e+00	-6.88723237e+01
2.94726563e-03	2.55972548e+00	-7.03322797e+01
2.94873047e-03	2.55962139e+00	-7.17906850e+01
2.95019531e-03	2.55951516e+00	-7.32475543e+01
2.95166016e-03	2.55940680e+00	-7.47029020e+01
2.95312500e-03	2.55929631e+00	-7.61567427e+01
2.95458984e-03	2.55918368e+00	-7.76090909e+01
2.95605469e-03	2.55906894e+00	-7.90599609e+01
2.95751953e-03	2.55895206e+00	-8.05093672e+01
2.95898438e-03	2.55883307e+00	-8.19573240e+01
2.96044922e-03	2.55871196e+00	-8.34038457e+01
2.96191406e-03	2.55858872e+00	-8.48489463e+01
2.96337891e-03	2.55846338e+00	-8.62926401e+01
2.96484375e-03	2.55833591e+00	-8.77349412e+01
2.96630859e-03	2.55820634e+00	-8.91758637e+01
2.96777344e-03	2.55807466e+00	-9.06154214e+01
2.96923828e-03	2.55794087e+00	-9.20536284e+01
2.97070313e-03	2.55780497e+00	-9.34904987e+01
2.97216797e-03	2.55766697e+00	-9.49260460e+01
2.97363281e-03	2.55752687e+00	-9.63602841e+01
2.97509766e-03	2.55738467e+00	-9.77932269e+01
2.97656250e-03	2.55724037e+00	-9.92248880e+01
2.97802734e-03	2.55709397e+00	-1.00655281e+02
2.97949219e-03	2.55694548e+00	-1.02084420e+02
2.98095703e-03	2.55679489e+00	-1.03512318e+02
2.98242188e-03	2.55664222e+00	-1.04938989e+02
2.98388672e-03	2.55648746e+00	-1.06364446e+02
2.98535156e-03	2.55633061e+00	-1.07788702e+02
2.98681641e-03	2.55617167e+00	-1.09211772e+02
2.98828125e-03	2.55601065e+00	-1.10633668e+02
2.98974609e-03	2.55584755e+00	-1.12054403e+02
2.99121094e-03	2.55568237e+00	-1.13473992e+02
2.99267578e-03	2.55551511e+00	-1.14892447e+02
2.99414063e-03	2.55534577e+00	-1.16309781e+02
2.99560547e-03	2.55517436e+00	-1.17726008e+02
2.99707031e-03	2.55500087e+00	-1.19141140e+02
2.99853516e-03	2.55482531e+00	-1.20555190e+02
3.00000000e-03	2.55464768e+00	-1.21968173e+02
