0.00000000e+00	0.00000000e+00	1.55896057e+00
1.76699749e-04	2.75468248e-04	1.55896404e+00
3.53399498e-04	5.50937498e-04	1.55897192e+00
5.30099247e-04	8.26408599e-04	1.55898499e+00
7.06798996e-04	1.10188247e-03	1.55900325e+00
8.83498745e-04	1.37736002e-03	1.55902670e+00
1.06019849e-03	1.65284218e-03	1.55905534e+00
1.23689824e-03	1.92832986e-03	1.55908918e+00
1.41359799e-03	2.20382398e-03	1.55912822e+00
1.59029774e-03	2.47932545e-03	1.55917246e+00
1.76699749e-03	2.75483520e-03	1.55922189e+00
1.94369724e-03	3.03035414e-03	1.55927653e+00
2.12039699e-03	3.30588320e-03	1.55933637e+00
2.29709674e-03	3.58142329e-03	1.55940141e+00
2.47379649e-03	3.85697534e-03	1.55947166e+00
2.65049623e-03	4.13254026e-03	1.55954711e+00
2.82719598e-03	4.40811897e-03	1.55962777e+00
3.00389573e-03	4.68371239e-03	1.55971364e+00
3.18059548e-03	4.95932144e-03	1.55980471e+00
3.35729523e-03	5.23494705e-03	1.55990099e+00
3.53399498e-03	5.51059013e-03	1.56000248e+00
3.71069473e-03	5.78625160e-03	1.56010919e+00
3.88739448e-03	6.06193239e-03	1.56022110e+00
4.06409423e-03	6.33763342e-03	1.56033823e+00
4.24079398e-03	6.61335560e-03	1.56046057e+00
4.41749372e-03	6.88909986e-03	1.56058813e+00
4.59419347e-03	7.16486712e-03	1.56072091e+00
4.77089322e-03	7.44065831e-03	1.56085890e+00
4.94759297e-03	7.71647434e-03	1.56100212e+00
5.12429272e-03	7.99231614e-03	1.56115056e+00
5.30099247e-03	8.26818462e-03	1.56130422e+00
5.47769222e-03	8.54408072e-03	1.56146311e+00
5.65439197e-03	8.82000536e-03	1.56162722e+00
5.83109172e-03	9.09595946e-03	1.56179656e+00
6.00779147e-03	9.37194395e-03	1.56197113e+00
6.18449121e-03	9.64795974e-03	1.56215094e+00
6.36119096e-03	9.92400777e-03	1.56233598e+00
6.53789071e-03	1.02000890e-02	1.56252625e+00
6.71459046e-03	1.04762042e-02	1.56272176e+00
6.89129021e-03	1.07523545e-02	1.56292252e+00
7.06798996e-03	1.10285407e-02	1.56312851e+00
7.24468971e-03	1.13047638e-02	1.56333975e+00
7.42138946e-03	1.15810247e-02	1.56355624e+00
7.59808921e-03	1.18573243e-02	1.56377797e+00
7.77478896e-03	1.21336635e-02	1.56400496e+00
7.95148870e-03	1.24100433e-02	1.56423720e+00
8.12818845e-03	1.26864646e-02	1.56447470e+00
8.30488820e-03	1.29629283e-02	1.56471745e+00
8.48158795e-03	1.32394354e-02	1.56496547e+00
8.65828770e-03	1.35159868e-02	1.56521875e+00
8.83498745e-03	1.37925834e-02	1.56547730e+00
9.01168720e-03	1.40692262e-02	1.56574112e+00
9.18838695e-03	1.43459160e-02	1.56601021e+00
9.36508670e-03	1.46226538e-02	1.56628457e+00
9.54178645e-03	1.48994406e-02	1.56656421e+00
9.71848619e-03	1.51762773e-02	1.56684913e+00
9.89518594e-03	1.54531648e-02	1.56713934e+00
1.00718857e-02	1.57301040e-02	1.56743484e+00
1.02485854e-02	1.60070960e-02	1.56773562e+00
1.04252852e-02	1.62841415e-02	1.56804170e+00
1.06019849e-02	1.65612416e-02	1.56835307e+00
1.07786847e-02	1.68383971e-02	1.56866974e+00
1.09553844e-02	1.71156091e-02	1.56899172e+00
1.11320842e-02	1.73928785e-02	1.56931900e+00
1.13087839e-02	1.76702062e-02	1.56965160e+00
1.14854837e-02	1.79475931e-02	1.56998951e+00
1.16621834e-02	1.82250401e-02	1.57033273e+00
1.18388832e-02	1.85025483e-02	1.57068127e+00
1.20155829e-02	1.87801186e-02	1.57103514e+00
1.21922827e-02	1.90577518e-02	1.57139434e+00
1.23689824e-02	1.93354490e-02	1.57175887e+00
1.25456822e-02	1.96132111e-02	1.57212874e+00
1.27223819e-02	1.98910390e-02	1.57250395e+00
1.28990817e-02	2.01689337e-02	1.57288450e+00
1.30757814e-02	2.04468961e-02	1.57327039e+00
1.32524812e-02	2.07249271e-02	1.57366164e+00
1.34291809e-02	2.10030278e-02	1.57405825e+00
1.36058807e-02	2.12811990e-02	1.57446022e+00
1.37825804e-02	2.15594417e-02	1.57486755e+00
1.39592802e-02	2.18377569e-02	1.57528025e+00
1.41359799e-02	2.21161454e-02	1.57569833e+00
1.43126797e-02	2.23946083e-02	1.57612178e+00
1.44893794e-02	2.26731465e-02	1.57655061e+00
1.46660792e-02	2.29517610e-02	1.57698483e+00
1.48427789e-02	2.32304527e-02	1.57742445e+00
1.50194787e-02	2.35092225e-02	1.57786946e+00
1.51961784e-02	2.37880714e-02	1.57831987e+00
1.53728782e-02	2.40670004e-02	1.57877569e+00
1.55495779e-02	2.43460104e-02	1.57923691e+00
1.57262777e-02	2.46251024e-02	1.57970356e+00
1.59029774e-02	2.49042774e-02	1.58017562e+00
1.60796772e-02	2.51835362e-02	1.58065311e+00
1.62563769e-02	2.54628798e-02	1.58113603e+00
1.64330767e-02	2.57423093e-02	1.58162439e+00
1.66097764e-02	2.60218256e-02	1.58211818e+00
1.67864762e-02	2.63014296e-02	1.58261743e+00
1.69631759e-02	2.65811223e-02	1.58312212e+00
1.71398757e-02	2.68609046e-02	1.58363228e+00
1.73165754e-02	2.71407776e-02	1.58414789e+00
1.74932752e-02	2.74207422e-02	1.58466898e+00
1.76699749e-02	2.77007993e-02	1.58519554e+00
1.78466746e-02	2.79809500e-02	1.58572757e+00
1.80233744e-02	2.82611951e-02	1.58626510e+00
1.82000741e-02	2.85415358e-02	1.58680811e+00
1.83767739e-02	2.88219728e-02	1.58735662e+00
1.85534736e-02	2.91025073e-02	1.58791063e+00
1.87301734e-02	2.93831401e-02	1.58847015e+00
1.89068731e-02	2.96638723e-02	1.58903519e+00
1.90835729e-02	2.99447048e-02	1.58960575e+00
1.92602726e-02	3.02256387e-02	1.59018183e+00
1.94369724e-02	3.05066748e-02	1.59076345e+00
1.96136721e-02	3.07878142e-02	1.59135060e+00
1.97903719e-02	3.10690578e-02	1.59194331e+00
1.99670716e-02	3.13504066e-02	1.59254156e+00
2.01437714e-02	3.16318617e-02	1.59314537e+00
2.03204711e-02	3.19134239e-02	1.59375475e+00
2.04971709e-02	3.21950943e-02	1.59436970e+00
2.06738706e-02	3.24768738e-02	1.59499022e+00
2.08505704e-02	3.27587635e-02	1.59561633e+00
2.10272701e-02	3.30407643e-02	1.59624804e+00
2.12039699e-02	3.33228773e-02	1.59688534e+00
2.13806696e-02	3.36051033e-02	1.59752824e+00
2.15573694e-02	3.38874434e-02	1.59817676e+00
2.17340691e-02	3.41698987e-02	1.59883090e+00
2.19107689e-02	3.44524700e-02	1.59949066e+00
2.20874686e-02	3.47351584e-02	1.60015606e+00
2.22641684e-02	3.50179648e-02	1.60082710e+00
2.24408681e-02	3.53008904e-02	1.60150378e+00
2.26175679e-02	3.55839360e-02	1.60218612e+00
2.27942676e-02	3.58671026e-02	1.60287413e+00
2.29709674e-02	3.61503914e-02	1.60356780e+00
2.31476671e-02	3.64338032e-02	1.60426715e+00
2.33243669e-02	3.67173391e-02	1.60497219e+00
2.35010666e-02	3.70010001e-02	1.60568292e+00
2.36777664e-02	3.72847871e-02	1.60639935e+00
2.38544661e-02	3.75687013e-02	1.60712149e+00
2.40311659e-02	3.78527436e-02	1.60784934e+00
2.42078656e-02	3.81369149e-02	1.60858292e+00
2.43845654e-02	3.84212165e-02	1.60932223e+00
2.45612651e-02	3.87056491e-02	1.61006728e+00
2.47379649e-02	3.89902139e-02	1.61081808e+00
2.49146646e-02	3.92749119e-02	1.61157464e+00
2.50913644e-02	3.95597441e-02	1.61233696e+00
2.52680641e-02	3.98447115e-02	1.61310505e+00
2.54447639e-02	4.01298151e-02	1.61387892e+00
2.56214636e-02	4.04150560e-02	1.61465859e+00
2.57981634e-02	4.07004352e-02	1.61544405e+00
2.59748631e-02	4.09859536e-02	1.61623532e+00
2.61515629e-02	4.12716124e-02	1.61703241e+00
2.63282626e-02	4.15574126e-02	1.61783532e+00
2.65049623e-02	4.18433551e-02	1.61864406e+00
2.66816621e-02	4.21294411e-02	1.61945864e+00
2.68583618e-02	4.24156715e-02	1.62027908e+00
2.70350616e-02	4.27020474e-02	1.62110537e+00
2.72117613e-02	4.29885699e-02	1.62193754e+00
2.73884611e-02	4.32752399e-02	1.62277558e+00
2.75651608e-02	4.35620585e-02	1.62361951e+00
2.77418606e-02	4.38490267e-02	1.62446934e+00
2.79185603e-02	4.41361456e-02	1.62532507e+00
2.80952601e-02	4.44234163e-02	1.62618672e+00
2.82719598e-02	4.47108397e-02	1.62705429e+00
2.84486596e-02	4.49984170e-02	1.62792779e+00
2.86253593e-02	4.52861491e-02	1.62880724e+00
2.88020591e-02	4.55740372e-02	1.62969265e+00
2.89787588e-02	4.58620822e-02	1.63058402e+00
2.91554586e-02	4.61502853e-02	1.63148136e+00
2.93321583e-02	4.64386474e-02	1.63238468e+00
2.95088581e-02	4.67271697e-02	1.63329400e+00
2.96855578e-02	4.70158533e-02	1.63420932e+00
2.98622576e-02	4.73046990e-02	1.63513065e+00
3.00389573e-02	4.75937081e-02	1.63605801e+00
3.02156571e-02	4.78828816e-02	1.63699140e+00
3.03923568e-02	4.81722206e-02	1.63793083e+00
3.05690566e-02	4.84617261e-02	1.63887632e+00
3.07457563e-02	4.87513992e-02	1.63982788e+00
3.09224561e-02	4.90412410e-02	1.64078551e+00
3.10991558e-02	4.93312525e-02	1.64174922e+00
3.12758556e-02	4.96214349e-02	1.64271903e+00
3.14525553e-02	4.99117891e-02	1.64369496e+00
3.16292551e-02	5.02023164e-02	1.64467699e+00
3.18059548e-02	5.04930177e-02	1.64566516e+00
3.19826546e-02	5.07838942e-02	1.64665947e+00
3.21593543e-02	5.10749469e-02	1.64765993e+00
3.23360541e-02	5.13661769e-02	1.64866656e+00
3.25127538e-02	5.16575854e-02	1.64967935e+00
3.26894536e-02	5.19491733e-02	1.65069834e+00
3.28661533e-02	5.22409419e-02	1.65172351e+00
3.30428531e-02	5.25328921e-02	1.65275490e+00
3.32195528e-02	5.28250252e-02	1.65379251e+00
3.33962526e-02	5.31173421e-02	1.65483635e+00
3.35729523e-02	5.34098441e-02	1.65588643e+00
3.37496521e-02	5.37025321e-02	1.65694276e+00
3.39263518e-02	5.39954074e-02	1.65800536e+00
3.41030516e-02	5.42884709e-02	1.65907425e+00
3.42797513e-02	5.45817239e-02	1.66014942e+00
3.44564511e-02	5.48751675e-02	1.66123089e+00
3.46331508e-02	5.51688026e-02	1.66231868e+00
3.48098506e-02	5.54626306e-02	1.66341279e+00
3.49865503e-02	5.57566524e-02	1.66451325e+00
3.51632501e-02	5.60508693e-02	1.66562006e+00
3.53399498e-02	5.63452823e-02	1.66673323e+00
3.55166495e-02	5.66398926e-02	1.66785277e+00
3.56933493e-02	5.69347012e-02	1.66897871e+00
3.58700490e-02	5.72297094e-02	1.67011105e+00
3.60467488e-02	5.75249182e-02	1.67124980e+00
3.62234485e-02	5.78203288e-02	1.67239498e+00
3.64001483e-02	5.81159423e-02	1.67354661e+00
3.65768480e-02	5.84117599e-02	1.67470468e+00
3.67535478e-02	5.87077827e-02	1.67586922e+00
3.69302475e-02	5.90040118e-02	1.67704025e+00
3.71069473e-02	5.93004484e-02	1.67821776e+00
3.72836470e-02	5.95970937e-02	1.67940179e+00
3.74603468e-02	5.98939487e-02	1.68059233e+00
3.76370465e-02	6.01910147e-02	1.68178941e+00
3.78137463e-02	6.04882928e-02	1.68299303e+00
3.79904460e-02	6.07857842e-02	1.68420322e+00
3.81671458e-02	6.10834900e-02	1.68541998e+00
3.83438455e-02	6.13814114e-02	1.68664333e+00
3.85205453e-02	6.16795495e-02	1.68787328e+00
3.86972450e-02	6.19779055e-02	1.68910985e+00
3.88739448e-02	6.22764806e-02	1.69035305e+00
3.90506445e-02	6.25752760e-02	1.69160289e+00
3.92273443e-02	6.28742928e-02	1.69285940e+00
3.94040440e-02	6.31735323e-02	1.69412258e+00
3.95807438e-02	6.34729955e-02	1.69539245e+00
3.97574435e-02	6.37726837e-02	1.69666902e+00
3.99341433e-02	6.40725981e-02	1.69795230e+00
4.01108430e-02	6.43727398e-02	1.69924232e+00
4.02875428e-02	6.46731101e-02	1.70053909e+00
4.04642425e-02	6.49737101e-02	1.70184262e+00
4.06409423e-02	6.52745410e-02	1.70315293e+00
4.08176420e-02	6.55756040e-02	1.70447003e+00
4.09943418e-02	6.58769004e-02	1.70579393e+00
4.11710415e-02	6.61784314e-02	1.70712466e+00
4.13477413e-02	6.64801980e-02	1.70846223e+00
4.15244410e-02	6.67822017e-02	1.70980665e+00
4.17011408e-02	6.70844435e-02	1.71115794e+00
4.18778405e-02	6.73869246e-02	1.71251612e+00
4.20545403e-02	6.76896464e-02	1.71388120e+00
4.22312400e-02	6.79926100e-02	1.71525319e+00
4.24079398e-02	6.82958166e-02	1.71663211e+00
4.25846395e-02	6.85992675e-02	1.71801799e+00
4.27613393e-02	6.89029639e-02	1.71941082e+00
4.29380390e-02	6.92069071e-02	1.72081064e+00
4.31147388e-02	6.95110982e-02	1.72221746e+00
4.32914385e-02	6.98155385e-02	1.72363129e+00
4.34681383e-02	7.01202292e-02	1.72505215e+00
4.36448380e-02	7.04251717e-02	1.72648005e+00
4.38215378e-02	7.07303670e-02	1.72791502e+00
4.39982375e-02	7.10358166e-02	1.72935707e+00
4.41749372e-02	7.13415216e-02	1.73080622e+00
4.43516370e-02	7.16474833e-02	1.73226248e+00
4.45283367e-02	7.19537029e-02	1.73372587e+00
4.47050365e-02	7.22601818e-02	1.73519641e+00
4.48817362e-02	7.25669211e-02	1.73667411e+00
4.50584360e-02	7.28739221e-02	1.73815900e+00
4.52351357e-02	7.31811862e-02	1.73965109e+00
4.54118355e-02	7.34887146e-02	1.74115039e+00
4.55885352e-02	7.37965085e-02	1.74265693e+00
4.57652350e-02	7.41045693e-02	1.74417073e+00
4.59419347e-02	7.44128982e-02	1.74569179e+00
4.61186345e-02	7.47214966e-02	1.74722015e+00
4.62953342e-02	7.50303656e-02	1.74875581e+00
4.64720340e-02	7.53395067e-02	1.75029880e+00
4.66487337e-02	7.56489210e-02	1.75184913e+00
4.68254335e-02	7.59586099e-02	1.75340682e+00
4.70021332e-02	7.62685747e-02	1.75497190e+00
4.71788330e-02	7.65788168e-02	1.75654437e+00
4.73555327e-02	7.68893373e-02	1.75812426e+00
4.75322325e-02	7.72001376e-02	1.75971159e+00
4.77089322e-02	7.75112191e-02	1.76130637e+00
4.78856320e-02	7.78225831e-02	1.76290863e+00
4.80623317e-02	7.81342308e-02	1.76451838e+00
4.82390315e-02	7.84461637e-02	1.76613565e+00
4.84157312e-02	7.87583829e-02	1.76776045e+00
4.85924310e-02	7.90708900e-02	1.76939279e+00
4.87691307e-02	7.93836861e-02	1.77103271e+00
4.89458305e-02	7.96967727e-02	1.77268023e+00
4.91225302e-02	8.00101511e-02	1.77433535e+00
4.92992300e-02	8.03238226e-02	1.77599810e+00
4.94759297e-02	8.06377886e-02	1.77766850e+00
4.96526295e-02	8.09520505e-02	1.77934658e+00
4.98293292e-02	8.12666095e-02	1.78103234e+00
5.00060290e-02	8.15814671e-02	1.78272582e+00
5.01827287e-02	8.18966246e-02	1.78442702e+00
5.03594285e-02	8.22120834e-02	1.78613598e+00
5.05361282e-02	8.25278448e-02	1.78785272e+00
5.07128280e-02	8.28439103e-02	1.78957724e+00
5.08895277e-02	8.31602812e-02	1.79130959e+00
5.10662275e-02	8.34769589e-02	1.79304976e+00
5.12429272e-02	8.37939448e-02	1.79479780e+00
5.14196270e-02	8.41112402e-02	1.79655371e+00
5.15963267e-02	8.44288467e-02	1.79831752e+00
5.17730265e-02	8.47467655e-02	1.80008925e+00
5.19497262e-02	8.50649980e-02	1.80186892e+00
5.21264260e-02	8.53835457e-02	1.80365656e+00
5.23031257e-02	8.57024100e-02	1.80545218e+00
5.24798255e-02	8.60215923e-02	1.80725581e+00
5.26565252e-02	8.63410940e-02	1.80906748e+00
5.28332250e-02	8.66609166e-02	1.81088719e+00
5.30099247e-02	8.69810614e-02	1.81271498e+00
5.31866244e-02	8.73015299e-02	1.81455086e+00
5.33633242e-02	8.76223235e-02	1.81639486e+00
5.35400239e-02	8.79434436e-02	1.81824701e+00
5.37167237e-02	8.82648918e-02	1.82010732e+00
5.38934234e-02	8.85866694e-02	1.82197582e+00
5.40701232e-02	8.89087778e-02	1.82385253e+00
5.42468229e-02	8.92312186e-02	1.82573747e+00
5.44235227e-02	8.95539933e-02	1.82763067e+00
5.46002224e-02	8.98771031e-02	1.82953215e+00
5.47769222e-02	9.02005497e-02	1.83144193e+00
5.49536219e-02	9.05243345e-02	1.83336004e+00
5.51303217e-02	9.08484590e-02	1.83528651e+00
5.53070214e-02	9.11729246e-02	1.83722135e+00
5.54837212e-02	9.14977328e-02	1.83916458e+00
5.56604209e-02	9.18228852e-02	1.84111625e+00
5.58371207e-02	9.21483831e-02	1.84307636e+00
5.60138204e-02	9.24742282e-02	1.84504494e+00
5.61905202e-02	9.28004218e-02	1.84702202e+00
5.63672199e-02	9.31269656e-02	1.84900762e+00
5.65439197e-02	9.34538610e-02	1.85100177e+00
5.67206194e-02	9.37811095e-02	1.85300448e+00
5.68973192e-02	9.41087126e-02	1.85501580e+00
5.70740189e-02	9.44366719e-02	1.85703574e+00
5.72507187e-02	9.47649888e-02	1.85906432e+00
5.74274184e-02	9.50936650e-02	1.86110158e+00
5.76041182e-02	9.54227020e-02	1.86314754e+00
5.77808179e-02	9.57521012e-02	1.86520222e+00
5.79575177e-02	9.60818643e-02	1.86726565e+00
5.81342174e-02	9.64119927e-02	1.86933785e+00
5.83109172e-02	9.67424881e-02	1.87141886e+00
5.84876169e-02	9.70733520e-02	1.87350870e+00
5.86643167e-02	9.74045859e-02	1.87560739e+00
5.88410164e-02	9.77361915e-02	1.87771496e+00
5.90177162e-02	9.80681702e-02	1.87983144e+00
5.91944159e-02	9.84005238e-02	1.88195686e+00
5.93711157e-02	9.87332536e-02	1.88409124e+00
5.95478154e-02	9.90663615e-02	1.88623461e+00
5.97245152e-02	9.93998488e-02	1.88838700e+00
5.99012149e-02	9.97337173e-02	1.89054843e+00
6.00779147e-02	1.00067968e-01	1.89271893e+00
6.02546144e-02	1.00402604e-01	1.89489853e+00
6.04313142e-02	1.00737625e-01	1.89708726e+00
6.06080139e-02	1.01073034e-01	1.89928514e+00
6.07847137e-02	1.01408833e-01	1.90149221e+00
6.09614134e-02	1.01745022e-01	1.90370850e+00
6.11381132e-02	1.02081603e-01	1.90593402e+00
6.13148129e-02	1.02418579e-01	1.90816881e+00
6.14915127e-02	1.02755950e-01	1.91041290e+00
6.16682124e-02	1.03093718e-01	1.91266632e+00
6.18449121e-02	1.03431886e-01	1.91492909e+00
6.20216119e-02	1.03770454e-01	1.91720125e+00
6.21983116e-02	1.04109425e-01	1.91948282e+00
6.23750114e-02	1.04448799e-01	1.92177384e+00
6.25517111e-02	1.04788580e-01	1.92407434e+00
6.27284109e-02	1.05128767e-01	1.92638433e+00
6.29051106e-02	1.05469364e-01	1.92870387e+00
6.30818104e-02	1.05810371e-01	1.93103296e+00
6.32585101e-02	1.06151791e-01	1.93337165e+00
6.34352099e-02	1.06493624e-01	1.93571997e+00
6.36119096e-02	1.06835874e-01	1.93807794e+00
6.37886094e-02	1.07178541e-01	1.94044560e+00
6.39653091e-02	1.07521627e-01	1.94282298e+00
6.41420089e-02	1.07865134e-01	1.94521011e+00
6.43187086e-02	1.08209064e-01	1.94760701e+00
6.44954084e-02	1.08553419e-01	1.95001373e+00
6.46721081e-02	1.08898199e-01	1.95243029e+00
6.48488079e-02	1.09243407e-01	1.95485673e+00
6.50255076e-02	1.09589045e-01	1.95729308e+00
6.52022074e-02	1.09935115e-01	1.95973936e+00
6.53789071e-02	1.10281617e-01	1.96219562e+00
6.55556069e-02	1.10628555e-01	1.96466188e+00
6.57323066e-02	1.10975929e-01	1.96713818e+00
6.59090064e-02	1.11323741e-01	1.96962455e+00
6.60857061e-02	1.11671994e-01	1.97212103e+00
6.62624059e-02	1.12020689e-01	1.97462764e+00
6.64391056e-02	1.12369827e-01	1.97714441e+00
6.66158054e-02	1.12719411e-01	1.97967140e+00
6.67925051e-02	1.13069443e-01	1.98220862e+00
6.69692049e-02	1.13419924e-01	1.98475611e+00
6.71459046e-02	1.13770856e-01	1.98731390e+00
6.73226044e-02	1.14122240e-01	1.98988204e+00
6.74993041e-02	1.14474080e-01	1.99246054e+00
6.76760039e-02	1.14826376e-01	1.99504946e+00
6.78527036e-02	1.15179130e-01	1.99764882e+00
6.80294034e-02	1.15532345e-01	2.00025866e+00
6.82061031e-02	1.15886022e-01	2.00287901e+00
6.83828029e-02	1.16240162e-01	2.00550991e+00
6.85595026e-02	1.16594769e-01	2.00815140e+00
6.87362024e-02	1.16949843e-01	2.01080350e+00
6.89129021e-02	1.17305387e-01	2.01346626e+00
6.90896019e-02	1.17661402e-01	2.01613972e+00
6.92663016e-02	1.18017890e-01	2.01882390e+00
6.94430014e-02	1.18374854e-01	2.02151885e+00
6.96197011e-02	1.18732295e-01	2.02422459e+00
6.97964009e-02	1.19090215e-01	2.02694118e+00
6.99731006e-02	1.19448616e-01	2.02966864e+00
7.01498004e-02	1.19807500e-01	2.03240702e+00
7.03265001e-02	1.20166869e-01	2.03515635e+00
7.05031999e-02	1.20526724e-01	2.03791666e+00
7.06798996e-02	1.20887068e-01	2.04068800e+00
7.08565993e-02	1.21247903e-01	2.04347040e+00
7.10332991e-02	1.21609231e-01	2.04626391e+00
7.12099988e-02	1.21971053e-01	2.04906856e+00
7.13866986e-02	1.22333371e-01	2.05188438e+00
7.15633983e-02	1.22696189e-01	2.05471143e+00
7.17400981e-02	1.23059506e-01	2.05754973e+00
7.19167978e-02	1.23423327e-01	2.06039933e+00
7.20934976e-02	1.23787652e-01	2.06326026e+00
7.22701973e-02	1.24152483e-01	2.06613257e+00
7.24468971e-02	1.24517823e-01	2.06901630e+00
7.26235968e-02	1.24883673e-01	2.07191148e+00
7.28002966e-02	1.25250036e-01	2.07481816e+00
7.29769963e-02	1.25616914e-01	2.07773637e+00
7.31536961e-02	1.25984308e-01	2.08066617e+00
7.33303958e-02	1.26352221e-01	2.08360758e+00
7.35070956e-02	1.26720655e-01	2.08656065e+00
7.36837953e-02	1.27089612e-01	2.08952542e+00
7.38604951e-02	1.27459093e-01	2.09250193e+00
7.40371948e-02	1.27829102e-01	2.09549023e+00
7.42138946e-02	1.28199640e-01	2.09849036e+00
7.43905943e-02	1.28570708e-01	2.10150235e+00
7.45672941e-02	1.28942311e-01	2.10452626e+00
7.47439938e-02	1.29314448e-01	2.10756212e+00
7.49206936e-02	1.29687123e-01	2.11060998e+00
7.50973933e-02	1.30060338e-01	2.11366987e+00
7.52740931e-02	1.30434094e-01	2.11674186e+00
7.54507928e-02	1.30808394e-01	2.11982596e+00
7.56274926e-02	1.31183240e-01	2.12292224e+00
7.58041923e-02	1.31558635e-01	2.12603074e+00
7.59808921e-02	1.31934580e-01	2.12915149e+00
7.61575918e-02	1.32311077e-01	2.13228455e+00
7.63342916e-02	1.32688129e-01	2.13542996e+00
7.65109913e-02	1.33065738e-01	2.13858776e+00
7.66876911e-02	1.33443906e-01	2.14175801e+00
7.68643908e-02	1.33822635e-01	2.14494073e+00
7.70410906e-02	1.34201928e-01	2.14813599e+00
7.72177903e-02	1.34581787e-01	2.15134382e+00
7.73944901e-02	1.34962213e-01	2.15456428e+00
7.75711898e-02	1.35343210e-01	2.15779741e+00
7.77478896e-02	1.35724779e-01	2.16104325e+00
7.79245893e-02	1.36106922e-01	2.16430186e+00
7.81012891e-02	1.36489643e-01	2.16757327e+00
7.82779888e-02	1.36872943e-01	2.17085755e+00
7.84546886e-02	1.37256824e-01	2.17415473e+00
7.86313883e-02	1.37641289e-01	2.17746486e+00
7.88080881e-02	1.38026340e-01	2.18078800e+00
7.89847878e-02	1.38411980e-01	2.18412419e+00
7.91614876e-02	1.38798210e-01	2.18747347e+00
7.93381873e-02	1.39185033e-01	2.19083591e+00
7.95148870e-02	1.39572451e-01	2.19421154e+00
7.96915868e-02	1.39960467e-01	2.19760042e+00
7.98682865e-02	1.40349083e-01	2.20100259e+00
8.00449863e-02	1.40738302e-01	2.20441812e+00
8.02216860e-02	1.41128125e-01	2.20784704e+00
8.03983858e-02	1.41518555e-01	2.21128941e+00
8.05750855e-02	1.41909595e-01	2.21474527e+00
8.07517853e-02	1.42301246e-01	2.21821469e+00
8.09284850e-02	1.42693512e-01	2.22169771e+00
8.11051848e-02	1.43086394e-01	2.22519438e+00
8.12818845e-02	1.43479896e-01	2.22870476e+00
8.14585843e-02	1.43874018e-01	2.23222889e+00
8.16352840e-02	1.44268765e-01	2.23576684e+00
8.18119838e-02	1.44664139e-01	2.23931865e+00
8.19886835e-02	1.45060141e-01	2.24288437e+00
8.21653833e-02	1.45456774e-01	2.24646406e+00
8.23420830e-02	1.45854041e-01	2.25005778e+00
8.25187828e-02	1.46251945e-01	2.25366557e+00
8.26954825e-02	1.46650487e-01	2.25728749e+00
8.28721823e-02	1.47049670e-01	2.26092360e+00
8.30488820e-02	1.47449497e-01	2.26457395e+00
8.32255818e-02	1.47849971e-01	2.26823860e+00
8.34022815e-02	1.48251093e-01	2.27191759e+00
8.35789813e-02	1.48652866e-01	2.27561099e+00
8.37556810e-02	1.49055294e-01	2.27931886e+00
8.39323808e-02	1.49458378e-01	2.28304124e+00
8.41090805e-02	1.49862121e-01	2.28677820e+00
8.42857803e-02	1.50266525e-01	2.29052980e+00
8.44624800e-02	1.50671594e-01	2.29429608e+00
8.46391798e-02	1.51077330e-01	2.29807711e+00
8.48158795e-02	1.51483735e-01	2.30187294e+00
8.49925793e-02	1.51890812e-01	2.30568364e+00
8.51692790e-02	1.52298564e-01	2.30950926e+00
8.53459788e-02	1.52706993e-01	2.31334986e+00
8.55226785e-02	1.53116102e-01	2.31720550e+00
8.56993783e-02	1.53525893e-01	2.32107624e+00
8.58760780e-02	1.53936370e-01	2.32496214e+00
8.60527778e-02	1.54347535e-01	2.32886326e+00
8.62294775e-02	1.54759391e-01	2.33277965e+00
8.64061773e-02	1.55171940e-01	2.33671139e+00
8.65828770e-02	1.55585185e-01	2.34065853e+00
8.67595768e-02	1.55999128e-01	2.34462113e+00
8.69362765e-02	1.56413774e-01	2.34859925e+00
8.71129763e-02	1.56829124e-01	2.35259296e+00
8.72896760e-02	1.57245180e-01	2.35660232e+00
8.74663758e-02	1.57661947e-01	2.36062738e+00
8.76430755e-02	1.58079426e-01	2.36466823e+00
8.78197753e-02	1.58497621e-01	2.36872491e+00
8.79964750e-02	1.58916534e-01	2.37279749e+00
8.81731748e-02	1.59336168e-01	2.37688604e+00
8.83498745e-02	1.59756526e-01	2.38099061e+00
8.85265742e-02	1.60177610e-01	2.38511128e+00
8.87032740e-02	1.60599424e-01	2.38924811e+00
8.88799737e-02	1.61021971e-01	2.39340117e+00
8.90566735e-02	1.61445252e-01	2.39757051e+00
8.92333732e-02	1.61869272e-01	2.40175622e+00
8.94100730e-02	1.62294033e-01	2.40595834e+00
8.95867727e-02	1.62719538e-01	2.41017696e+00
8.97634725e-02	1.63145790e-01	2.41441213e+00
8.99401722e-02	1.63572792e-01	2.41866393e+00
9.01168720e-02	1.64000546e-01	2.42293243e+00
9.02935717e-02	1.64429056e-01	2.42721768e+00
9.04702715e-02	1.64858325e-01	2.43151977e+00
