0.00000000e+00	0.00000000e+00	7.92885538e-05
4.88281250e-05	3.87153885e-09	7.92896777e-05
9.76562500e-05	7.74316751e-09	7.92922321e-05
1.46484375e-04	1.16149620e-08	7.92964706e-05
1.95312500e-04	1.54870045e-08	7.93023899e-05
2.44140625e-04	1.93593771e-08	7.93099917e-05
2.92968750e-04	2.32321620e-08	7.93192775e-05
3.41796875e-04	2.71054414e-08	7.93302480e-05
3.90625000e-04	3.09792977e-08	7.93429040e-05
4.39453125e-04	3.48538131e-08	7.93572461e-05
4.88281250e-04	3.87290699e-08	7.93732749e-05
5.37109375e-04	4.26051506e-08	7.93909909e-05
5.85937500e-04	4.64821376e-08	7.94103946e-05
6.34765625e-04	5.03601132e-08	7.94314866e-05
6.83593750e-04	5.42391599e-08	7.94542674e-05
7.32421875e-04	5.81193602e-08	7.94787376e-05
7.81250000e-04	6.20007966e-08	7.95048979e-05
8.30078125e-04	6.58835517e-08	7.95327489e-05
8.78906250e-04	6.97677080e-08	7.95622913e-05
9.27734375e-04	7.36533480e-08	7.95935258e-05
9.76562500e-04	7.75405545e-08	7.96264532e-05
1.02539063e-03	8.14294102e-08	7.96610743e-05
1.07421875e-03	8.53199977e-08	7.96973898e-05
1.12304688e-03	8.92123998e-08	7.97354008e-05
1.17187500e-03	9.31066993e-08	7.97751081e-05
1.22070312e-03	9.70029791e-08	7.98165126e-05
1.26953125e-03	1.00901322e-07	7.98596153e-05
1.31835938e-03	1.04801811e-07	7.99044173e-05
1.36718750e-03	1.08704529e-07	7.99509196e-05
1.41601563e-03	1.12609560e-07	7.99991233e-05
1.46484375e-03	1.16516985e-07	8.00490296e-05
1.51367188e-03	1.20426889e-07	8.01006397e-05
1.56250000e-03	1.24339355e-07	8.01539547e-05
1.61132813e-03	1.28254466e-07	8.02089760e-05
1.66015625e-03	1.32172305e-07	8.02657048e-05
1.70898438e-03	1.36092955e-07	8.03241426e-05
1.75781250e-03	1.40016501e-07	8.03842906e-05
1.80664063e-03	1.43943025e-07	8.04461503e-05
1.85546875e-03	1.47872612e-07	8.05097232e-05
1.90429688e-03	1.51805345e-07	8.05750107e-05
1.95312500e-03	1.55741307e-07	8.06420145e-05
2.00195313e-03	1.59680583e-07	8.07107361e-05
2.05078125e-03	1.63623257e-07	8.07811771e-05
2.09960937e-03	1.67569412e-07	8.08533392e-05
2.14843750e-03	1.71519133e-07	8.09272241e-05
2.19726562e-03	1.75472504e-07	8.10028336e-05
2.24609375e-03	1.79429608e-07	8.10801694e-05
2.29492188e-03	1.83390531e-07	8.11592333e-05
2.34375000e-03	1.87355357e-07	8.12400273e-05
2.39257813e-03	1.91324170e-07	8.13225533e-05
2.44140625e-03	1.95297055e-07	8.14068131e-05
2.49023438e-03	1.99274096e-07	8.14928089e-05
2.53906250e-03	2.03255379e-07	8.15805426e-05
2.58789063e-03	2.07240989e-07	8.16700163e-05
2.63671875e-03	2.11231009e-07	8.17612321e-05
2.68554688e-03	2.15225527e-07	8.18541922e-05
2.73437500e-03	2.19224625e-07	8.19488987e-05
2.78320313e-03	2.23228391e-07	8.20453540e-05
2.83203125e-03	2.27236910e-07	8.21435603e-05
2.88085938e-03	2.31250266e-07	8.22435199e-05
2.92968750e-03	2.35268546e-07	8.23452351e-05
2.97851563e-03	2.39291836e-07	8.24487085e-05
3.02734375e-03	2.43320221e-07	8.25539424e-05
3.07617188e-03	2.47353787e-07	8.26609393e-05
3.12500000e-03	2.51392622e-07	8.27697018e-05
3.17382812e-03	2.55436809e-07	8.28802324e-05
3.22265625e-03	2.59486437e-07	8.29925337e-05
3.27148438e-03	2.63541592e-07	8.31066084e-05
3.32031250e-03	2.67602361e-07	8.32224592e-05
3.36914063e-03	2.71668829e-07	8.33400889e-05
3.41796875e-03	2.75741085e-07	8.34595001e-05
3.46679688e-03	2.79819214e-07	8.35806958e-05
3.51562500e-03	2.83903306e-07	8.37036788e-05
3.56445313e-03	2.87993445e-07	8.38284521e-05
3.61328125e-03	2.92089722e-07	8.39550184e-05
3.66210938e-03	2.96192222e-07	8.40833810e-05
3.71093750e-03	3.00301033e-07	8.42135427e-05
3.75976563e-03	3.04416244e-07	8.43455067e-05
3.80859375e-03	3.08537943e-07	8.44792761e-05
3.85742188e-03	3.12666218e-07	8.46148541e-05
3.90625000e-03	3.16801157e-07	8.47522438e-05
3.95507812e-03	3.20942848e-07	8.48914486e-05
4.00390625e-03	3.25091382e-07	8.50324716e-05
4.05273438e-03	3.29246845e-07	8.51753163e-05
4.10156250e-03	3.33409328e-07	8.53199861e-05
4.15039062e-03	3.37578920e-07	8.54664842e-05
4.19921875e-03	3.41755709e-07	8.56148143e-05
4.24804688e-03	3.45939786e-07	8.57649799e-05
4.29687500e-03	3.50131240e-07	8.59169843e-05
4.34570313e-03	3.54330162e-07	8.60708314e-05
4.39453125e-03	3.58536640e-07	8.62265247e-05
4.44335937e-03	3.62750766e-07	8.63840679e-05
4.49218750e-03	3.66972630e-07	8.65434647e-05
4.54101563e-03	3.71202322e-07	8.67047188e-05
4.58984375e-03	3.75439933e-07	8.68678343e-05
4.63867188e-03	3.79685554e-07	8.70328147e-05
4.68750000e-03	3.83939277e-07	8.71996642e-05
4.73632813e-03	3.88201192e-07	8.73683866e-05
4.78515625e-03	3.92471391e-07	8.75389859e-05
4.83398438e-03	3.96749967e-07	8.77114662e-05
4.88281250e-03	4.01037010e-07	8.78858315e-05
4.93164063e-03	4.05332614e-07	8.80620860e-05
4.98046875e-03	4.09636870e-07	8.82402338e-05
5.02929688e-03	4.13949870e-07	8.84202792e-05
5.07812500e-03	4.18271709e-07	8.86022264e-05
5.12695312e-03	4.22602478e-07	8.87860797e-05
5.17578125e-03	4.26942271e-07	8.89718435e-05
5.22460938e-03	4.31291182e-07	8.91595222e-05
5.27343750e-03	4.35649303e-07	8.93491202e-05
5.32226563e-03	4.40016729e-07	8.95406420e-05
5.37109375e-03	4.44393553e-07	8.97340922e-05
5.41992188e-03	4.48779871e-07	8.99294753e-05
5.46875000e-03	4.53175776e-07	9.01267959e-05
5.51757813e-03	4.57581363e-07	9.03260588e-05
5.56640625e-03	4.61996727e-07	9.05272686e-05
5.61523438e-03	4.66421964e-07	9.07304302e-05
5.66406250e-03	4.70857169e-07	9.09355482e-05
5.71289063e-03	4.75302437e-07	9.11426277e-05
5.76171875e-03	4.79757864e-07	9.13516734e-05
5.81054688e-03	4.84223547e-07	9.15626904e-05
5.85937500e-03	4.88699581e-07	9.17756836e-05
5.90820313e-03	4.93186064e-07	9.19906581e-05
5.95703125e-03	4.97683092e-07	9.22076190e-05
6.00585938e-03	5.02190763e-07	9.24265714e-05
6.05468750e-03	5.06709174e-07	9.26475205e-05
6.10351562e-03	5.11238421e-07	9.28704715e-05
6.15234375e-03	5.15778605e-07	9.30954298e-05
6.20117188e-03	5.20329821e-07	9.33224006e-05
6.25000000e-03	5.24892169e-07	9.35513893e-05
6.29882813e-03	5.29465748e-07	9.37824014e-05
6.34765625e-03	5.34050657e-07	9.40154424e-05
6.39648438e-03	5.38646994e-07	9.42505177e-05
6.44531250e-03	5.43254859e-07	9.44876329e-05
6.49414063e-03	5.47874351e-07	9.47267937e-05
6.54296875e-03	5.52505572e-07	9.49680057e-05
6.59179688e-03	5.57148621e-07	9.52112746e-05
6.64062500e-03	5.61803598e-07	9.54566062e-05
6.68945313e-03	5.66470606e-07	9.57040064e-05
6.73828125e-03	5.71149743e-07	9.59534809e-05
6.78710938e-03	5.75841114e-07	9.62050357e-05
6.83593750e-03	5.80544817e-07	9.64586768e-05
6.88476563e-03	5.85260957e-07	9.67144102e-05
6.93359375e-03	5.89989635e-07	9.69722419e-05
6.98242188e-03	5.94730954e-07	9.72321781e-05
7.03125000e-03	5.99485017e-07	9.74942249e-05
7.08007812e-03	6.04251926e-07	9.77583886e-05
7.12890625e-03	6.09031786e-07	9.80246753e-05
7.17773438e-03	6.13824700e-07	9.82930915e-05
7.22656250e-03	6.18630773e-07	9.85636435e-05
7.27539063e-03	6.23450109e-07	9.88363376e-05
7.32421875e-03	6.28282812e-07	9.91111804e-05
7.37304688e-03	6.33128987e-07	9.93881785e-05
7.42187500e-03	6.37988741e-07	9.96673383e-05
7.47070313e-03	6.42862179e-07	9.99486664e-05
7.51953125e-03	6.47749406e-07	1.00232170e-04
7.56835938e-03	6.52650530e-07	1.00517855e-04
7.61718750e-03	6.57565656e-07	1.00805728e-04
7.66601563e-03	6.62494893e-07	1.01095797e-04
7.71484375e-03	6.67438347e-07	1.01388069e-04
7.76367188e-03	6.72396125e-07	1.01682549e-04
7.81250000e-03	6.77368337e-07	1.01979246e-04
7.86132813e-03	6.82355090e-07	1.02278166e-04
7.91015625e-03	6.87356494e-07	1.02579316e-04
7.95898438e-03	6.92372656e-07	1.02882704e-04
8.00781250e-03	6.97403688e-07	1.03188337e-04
8.05664062e-03	7.02449697e-07	1.03496221e-04
8.10546875e-03	7.07510796e-07	1.03806365e-04
8.15429687e-03	7.12587093e-07	1.04118776e-04
8.20312500e-03	7.17678700e-07	1.04433460e-04
8.25195313e-03	7.22785729e-07	1.04750426e-04
8.30078125e-03	7.27908290e-07	1.05069681e-04
8.34960938e-03	7.33046496e-07	1.05391233e-04
8.39843750e-03	7.38200459e-07	1.05715089e-04
8.44726563e-03	7.43370292e-07	1.06041257e-04
8.49609375e-03	7.48556107e-07	1.06369745e-04
8.54492188e-03	7.53758019e-07	1.06700560e-04
8.59375000e-03	7.58976141e-07	1.07033711e-04
8.64257812e-03	7.64210587e-07	1.07369205e-04
8.69140625e-03	7.69461472e-07	1.07707050e-04
8.74023438e-03	7.74728911e-07	1.08047254e-04
8.78906250e-03	7.80013020e-07	1.08389826e-04
8.83789063e-03	7.85313913e-07	1.08734774e-04
8.88671875e-03	7.90631708e-07	1.09082105e-04
8.93554688e-03	7.95966521e-07	1.09431828e-04
8.98437500e-03	8.01318469e-07	1.09783952e-04
9.03320312e-03	8.06687669e-07	1.10138484e-04
9.08203125e-03	8.12074239e-07	1.10495433e-04
9.13085937e-03	8.17478297e-07	1.10854808e-04
9.17968750e-03	8.22899963e-07	1.11216617e-04
9.22851563e-03	8.28339355e-07	1.11580868e-04
9.27734375e-03	8.33796592e-07	1.11947571e-04
9.32617188e-03	8.39271795e-07	1.12316734e-04
9.37500000e-03	8.44765083e-07	1.12688366e-04
9.42382813e-03	8.50276579e-07	1.13062476e-04
9.47265625e-03	8.55806402e-07	1.13439073e-04
9.52148438e-03	8.61354674e-07	1.13818165e-04
9.57031250e-03	8.66921518e-07	1.14199761e-04
9.61914063e-03	8.72507056e-07	1.14583871e-04
9.66796875e-03	8.78111411e-07	1.14970505e-04
9.71679688e-03	8.83734706e-07	1.15359670e-04
9.76562500e-03	8.89377065e-07	1.15751376e-04
9.81445313e-03	8.95038614e-07	1.16145633e-04
9.86328125e-03	9.00719475e-07	1.16542450e-04
9.91210938e-03	9.06419775e-07	1.16941837e-04
9.96093750e-03	9.12139639e-07	1.17343802e-04
1.00097656e-02	9.17879194e-07	1.17748356e-04
1.00585938e-02	9.23638565e-07	1.18155508e-04
1.01074219e-02	9.29417881e-07	1.18565268e-04
1.01562500e-02	9.35217269e-07	1.18977645e-04
1.02050781e-02	9.41036856e-07	1.19392650e-04
1.02539062e-02	9.46876772e-07	1.19810292e-04
1.03027344e-02	9.52737144e-07	1.20230581e-04
1.03515625e-02	9.58618104e-07	1.20653528e-04
1.04003906e-02	9.64519781e-07	1.21079142e-04
1.04492188e-02	9.70442304e-07	1.21507433e-04
1.04980469e-02	9.76385807e-07	1.21938412e-04
1.05468750e-02	9.82350418e-07	1.22372089e-04
1.05957031e-02	9.88336272e-07	1.22808474e-04
1.06445313e-02	9.94343500e-07	1.23247578e-04
1.06933594e-02	1.00037223e-06	1.23689411e-04
1.07421875e-02	1.00642261e-06	1.24133983e-04
1.07910156e-02	1.01249476e-06	1.24581306e-04
1.08398438e-02	1.01858882e-06	1.25031390e-04
1.08886719e-02	1.02470493e-06	1.25484245e-04
1.09375000e-02	1.03084321e-06	1.25939883e-04
1.09863281e-02	1.03700381e-06	1.26398314e-04
1.10351563e-02	1.04318686e-06	1.26859549e-04
1.10839844e-02	1.04939251e-06	1.27323599e-04
1.11328125e-02	1.05562088e-06	1.27790476e-04
1.11816406e-02	1.06187211e-06	1.28260190e-04
1.12304688e-02	1.06814636e-06	1.28732752e-04
1.12792969e-02	1.07444374e-06	1.29208175e-04
1.13281250e-02	1.08076441e-06	1.29686468e-04
1.13769531e-02	1.08710851e-06	1.30167645e-04
1.14257813e-02	1.09347617e-06	1.30651715e-04
1.14746094e-02	1.09986753e-06	1.31138691e-04
1.15234375e-02	1.10628275e-06	1.31628584e-04
1.15722656e-02	1.11272196e-06	1.32121407e-04
1.16210938e-02	1.11918530e-06	1.32617169e-04
1.16699219e-02	1.12567293e-06	1.33115885e-04
1.17187500e-02	1.13218497e-06	1.33617565e-04
1.17675781e-02	1.13872159e-06	1.34122221e-04
1.18164063e-02	1.14528292e-06	1.34629866e-04
1.18652344e-02	1.15186911e-06	1.35140511e-04
1.19140625e-02	1.15848031e-06	1.35654169e-04
1.19628906e-02	1.16511666e-06	1.36170852e-04
1.20117188e-02	1.17177832e-06	1.36690572e-04
1.20605469e-02	1.17846543e-06	1.37213343e-04
1.21093750e-02	1.18517813e-06	1.37739175e-04
1.21582031e-02	1.19191659e-06	1.38268082e-04
1.22070312e-02	1.19868095e-06	1.38800077e-04
1.22558594e-02	1.20547136e-06	1.39335171e-04
1.23046875e-02	1.21228798e-06	1.39873379e-04
1.23535156e-02	1.21913095e-06	1.40414713e-04
1.24023438e-02	1.22600043e-06	1.40959185e-04
1.24511719e-02	1.23289657e-06	1.41506809e-04
1.25000000e-02	1.23981953e-06	1.42057597e-04
1.25488281e-02	1.24676946e-06	1.42611564e-04
1.25976563e-02	1.25374652e-06	1.43168722e-04
1.26464844e-02	1.26075086e-06	1.43729084e-04
1.26953125e-02	1.26778264e-06	1.44292664e-04
1.27441406e-02	1.27484202e-06	1.44859476e-04
1.27929688e-02	1.28192915e-06	1.45429532e-04
1.28417969e-02	1.28904420e-06	1.46002847e-04
1.28906250e-02	1.29618732e-06	1.46579435e-04
1.29394531e-02	1.30335868e-06	1.47159308e-04
1.29882813e-02	1.31055843e-06	1.47742481e-04
1.30371094e-02	1.31778674e-06	1.48328969e-04
1.30859375e-02	1.32504376e-06	1.48918784e-04
1.31347656e-02	1.33232967e-06	1.49511941e-04
1.31835938e-02	1.33964462e-06	1.50108454e-04
1.32324219e-02	1.34698878e-06	1.50708337e-04
1.32812500e-02	1.35436231e-06	1.51311606e-04
1.33300781e-02	1.36176539e-06	1.51918274e-04
1.33789063e-02	1.36919817e-06	1.52528355e-04
1.34277344e-02	1.37666082e-06	1.53141865e-04
1.34765625e-02	1.38415351e-06	1.53758818e-04
1.35253906e-02	1.39167641e-06	1.54379228e-04
1.35742188e-02	1.39922969e-06	1.55003111e-04
1.36230469e-02	1.40681352e-06	1.55630482e-04
1.36718750e-02	1.41442807e-06	1.56261356e-04
1.37207031e-02	1.42207350e-06	1.56895747e-04
1.37695313e-02	1.42975000e-06	1.57533671e-04
1.38183594e-02	1.43745774e-06	1.58175143e-04
1.38671875e-02	1.44519688e-06	1.58820179e-04
1.39160156e-02	1.45296761e-06	1.59468793e-04
1.39648438e-02	1.46077009e-06	1.60121003e-04
1.40136719e-02	1.46860451e-06	1.60776822e-04
1.40625000e-02	1.47647104e-06	1.61436267e-04
1.41113281e-02	1.48436986e-06	1.62099354e-04
1.41601562e-02	1.49230115e-06	1.62766098e-04
1.42089844e-02	1.50026508e-06	1.63436516e-04
1.42578125e-02	1.50826183e-06	1.64110623e-04
1.43066406e-02	1.51629160e-06	1.64788436e-04
1.43554688e-02	1.52435455e-06	1.65469972e-04
1.44042969e-02	1.53245087e-06	1.66155245e-04
1.44531250e-02	1.54058074e-06	1.66844273e-04
1.45019531e-02	1.54874434e-06	1.67537072e-04
1.45507813e-02	1.55694187e-06	1.68233660e-04
1.45996094e-02	1.56517350e-06	1.68934051e-04
1.46484375e-02	1.57343943e-06	1.69638265e-04
1.46972656e-02	1.58173984e-06	1.70346316e-04
1.47460938e-02	1.59007491e-06	1.71058222e-04
1.47949219e-02	1.59844483e-06	1.71774001e-04
1.48437500e-02	1.60684981e-06	1.72493670e-04
1.48925781e-02	1.61529001e-06	1.73217245e-04
1.49414063e-02	1.62376565e-06	1.73944744e-04
1.49902344e-02	1.63227690e-06	1.74676185e-04
1.50390625e-02	1.64082397e-06	1.75411585e-04
1.50878906e-02	1.64940704e-06	1.76150961e-04
1.51367188e-02	1.65802631e-06	1.76894332e-04
1.51855469e-02	1.66668197e-06	1.77641716e-04
1.52343750e-02	1.67537423e-06	1.78393129e-04
1.52832031e-02	1.68410327e-06	1.79148591e-04
1.53320313e-02	1.69286931e-06	1.79908120e-04
1.53808594e-02	1.70167253e-06	1.80671733e-04
1.54296875e-02	1.71051313e-06	1.81439449e-04
1.54785156e-02	1.71939132e-06	1.82211287e-04
1.55273438e-02	1.72830730e-06	1.82987264e-04
1.55761719e-02	1.73726128e-06	1.83767401e-04
1.56250000e-02	1.74625344e-06	1.84551714e-04
1.56738281e-02	1.75528401e-06	1.85340224e-04
1.57226563e-02	1.76435318e-06	1.86132949e-04
1.57714844e-02	1.77346116e-06	1.86929908e-04
1.58203125e-02	1.78260815e-06	1.87731121e-04
1.58691406e-02	1.79179438e-06	1.88536606e-04
1.59179688e-02	1.80102004e-06	1.89346383e-04
1.59667969e-02	1.81028534e-06	1.90160471e-04
1.60156250e-02	1.81959050e-06	1.90978891e-04
1.60644531e-02	1.82893573e-06	1.91801661e-04
1.61132812e-02	1.83832124e-06	1.92628802e-04
1.61621094e-02	1.84774724e-06	1.93460333e-04
1.62109375e-02	1.85721396e-06	1.94296274e-04
1.62597656e-02	1.86672160e-06	1.95136646e-04
1.63085937e-02	1.87627038e-06	1.95981468e-04
1.63574219e-02	1.88586052e-06	1.96830761e-04
1.64062500e-02	1.89549224e-06	1.97684546e-04
1.64550781e-02	1.90516576e-06	1.98542843e-04
1.65039063e-02	1.91488130e-06	1.99405672e-04
1.65527344e-02	1.92463908e-06	2.00273054e-04
1.66015625e-02	1.93443933e-06	2.01145011e-04
1.66503906e-02	1.94428226e-06	2.02021563e-04
1.66992188e-02	1.95416811e-06	2.02902731e-04
1.67480469e-02	1.96409710e-06	2.03788537e-04
1.67968750e-02	1.97406945e-06	2.04679002e-04
1.68457031e-02	1.98408539e-06	2.05574147e-04
1.68945313e-02	1.99414516e-06	2.06473993e-04
1.69433594e-02	2.00424898e-06	2.07378563e-04
1.69921875e-02	2.01439709e-06	2.08287879e-04
1.70410156e-02	2.02458971e-06	2.09201961e-04
1.70898438e-02	2.03482709e-06	2.10120833e-04
1.71386719e-02	2.04510944e-06	2.11044516e-04
1.71875000e-02	2.05543702e-06	2.11973033e-04
1.72363281e-02	2.06581005e-06	2.12906405e-04
1.72851562e-02	2.07622878e-06	2.13844656e-04
1.73339844e-02	2.08669344e-06	2.14787808e-04
1.73828125e-02	2.09720427e-06	2.15735884e-04
1.74316406e-02	2.10776152e-06	2.16688906e-04
1.74804688e-02	2.11836542e-06	2.17646898e-04
1.75292969e-02	2.12901622e-06	2.18609882e-04
1.75781250e-02	2.13971416e-06	2.19577883e-04
1.76269531e-02	2.15045950e-06	2.20550922e-04
1.76757813e-02	2.16125246e-06	2.21529024e-04
1.77246094e-02	2.17209331e-06	2.22512213e-04
1.77734375e-02	2.18298230e-06	2.23500511e-04
1.78222656e-02	2.19391966e-06	2.24493943e-04
1.78710938e-02	2.20490566e-06	2.25492533e-04
1.79199219e-02	2.21594054e-06	2.26496305e-04
1.79687500e-02	2.22702457e-06	2.27505283e-04
1.80175781e-02	2.23815798e-06	2.28519491e-04
1.80664062e-02	2.24934105e-06	2.29538954e-04
1.81152344e-02	2.26057403e-06	2.30563697e-04
1.81640625e-02	2.27185717e-06	2.31593743e-04
1.82128906e-02	2.28319073e-06	2.32629119e-04
1.82617187e-02	2.29457499e-06	2.33669849e-04
1.83105469e-02	2.30601019e-06	2.34715958e-04
1.83593750e-02	2.31749660e-06	2.35767471e-04
1.84082031e-02	2.32903449e-06	2.36824415e-04
1.84570313e-02	2.34062411e-06	2.37886813e-04
1.85058594e-02	2.35226575e-06	2.38954693e-04
1.85546875e-02	2.36395967e-06	2.40028079e-04
1.86035156e-02	2.37570613e-06	2.41106998e-04
1.86523438e-02	2.38750541e-06	2.42191475e-04
1.87011719e-02	2.39935778e-06	2.43281538e-04
1.87500000e-02	2.41126351e-06	2.44377212e-04
1.87988281e-02	2.42322288e-06	2.45478524e-04
1.88476563e-02	2.43523616e-06	2.46585500e-04
1.88964844e-02	2.44730363e-06	2.47698167e-04
1.89453125e-02	2.45942557e-06	2.48816552e-04
1.89941406e-02	2.47160226e-06	2.49940682e-04
1.90429688e-02	2.48383398e-06	2.51070584e-04
1.90917969e-02	2.49612102e-06	2.52206286e-04
1.91406250e-02	2.50846365e-06	2.53347815e-04
1.91894531e-02	2.52086216e-06	2.54495199e-04
1.92382813e-02	2.53331684e-06	2.55648464e-04
1.92871094e-02	2.54582797e-06	2.56807640e-04
1.93359375e-02	2.55839585e-06	2.57972754e-04
1.93847656e-02	2.57102077e-06	2.59143835e-04
1.94335938e-02	2.58370301e-06	2.60320910e-04
1.94824219e-02	2.59644288e-06	2.61504009e-04
1.95312500e-02	2.60924066e-06	2.62693159e-04
1.95800781e-02	2.62209666e-06	2.63888390e-04
1.96289063e-02	2.63501116e-06	2.65089731e-04
1.96777344e-02	2.64798448e-06	2.66297210e-04
1.97265625e-02	2.66101690e-06	2.67510857e-04
1.97753906e-02	2.67410874e-06	2.68730701e-04
1.98242188e-02	2.68726028e-06	2.69956772e-04
1.98730469e-02	2.70047185e-06	2.71189100e-04
1.99218750e-02	2.71374375e-06	2.72427713e-04
1.99707031e-02	2.72707628e-06	2.73672643e-04
2.00195312e-02	2.74046975e-06	2.74923920e-04
2.00683594e-02	2.75392447e-06	2.76181573e-04
2.01171875e-02	2.76744076e-06	2.77445633e-04
2.01660156e-02	2.78101893e-06	2.78716131e-04
2.02148438e-02	2.79465929e-06	2.79993097e-04
2.02636719e-02	2.80836216e-06	2.81276563e-04
2.03125000e-02	2.82212786e-06	2.82566560e-04
2.03613281e-02	2.83595671e-06	2.83863118e-04
2.04101563e-02	2.84984903e-06	2.85166270e-04
2.04589844e-02	2.86380514e-06	2.86476047e-04
2.05078125e-02	2.87782537e-06	2.87792480e-04
2.05566406e-02	2.89191004e-06	2.89115602e-04
2.06054688e-02	2.90605948e-06	2.90445444e-04
2.06542969e-02	2.92027402e-06	2.91782039e-04
2.07031250e-02	2.93455399e-06	2.93125419e-04
2.07519531e-02	2.94889972e-06	2.94475618e-04
2.08007813e-02	2.96331154e-06	2.95832666e-04
2.08496094e-02	2.97778979e-06	2.97196599e-04
2.08984375e-02	2.99233481e-06	2.98567447e-04
2.09472656e-02	3.00694694e-06	2.99945246e-04
2.09960938e-02	3.02162651e-06	3.01330028e-04
2.10449219e-02	3.03637387e-06	3.02721826e-04
2.10937500e-02	3.05118936e-06	3.04120676e-04
2.11425781e-02	3.06607333e-06	3.05526609e-04
2.11914063e-02	3.08102612e-06	3.06939662e-04
2.12402344e-02	3.09604808e-06	3.08359867e-04
2.12890625e-02	3.11113956e-06	3.09787260e-04
2.13378906e-02	3.12630092e-06	3.11221875e-04
2.13867188e-02	3.14153250e-06	3.12663747e-04
2.14355469e-02	3.15683467e-06	3.14112911e-04
2.14843750e-02	3.17220777e-06	3.15569402e-04
2.15332031e-02	3.18765217e-06	3.17033256e-04
2.15820313e-02	3.20316823e-06	3.18504507e-04
2.16308594e-02	3.21875631e-06	3.19983192e-04
2.16796875e-02	3.23441677e-06	3.21469347e-04
2.17285156e-02	3.25014998e-06	3.22963008e-04
2.17773438e-02	3.26595631e-06	3.24464211e-04
2.18261719e-02	3.28183612e-06	3.25972993e-04
2.18750000e-02	3.29778980e-06	3.27489389e-04
2.19238281e-02	3.31381770e-06	3.29013438e-04
2.19726562e-02	3.32992020e-06	3.30545176e-04
2.20214844e-02	3.34609769e-06	3.32084641e-04
2.20703125e-02	3.36235053e-06	3.33631869e-04
2.21191406e-02	3.37867912e-06	3.35186898e-04
2.21679688e-02	3.39508382e-06	3.36749767e-04
2.22167969e-02	3.41156503e-06	3.38320513e-04
2.22656250e-02	3.42812313e-06	3.39899174e-04
2.23144531e-02	3.44475850e-06	3.41485790e-04
2.23632813e-02	3.46147154e-06	3.43080397e-04
2.24121094e-02	3.47826264e-06	3.44683036e-04
2.24609375e-02	3.49513219e-06	3.46293745e-04
2.25097656e-02	3.51208059e-06	3.47912564e-04
2.25585938e-02	3.52910823e-06	3.49539531e-04
2.26074219e-02	3.54621551e-06	3.51174686e-04
2.26562500e-02	3.56340283e-06	3.52818070e-04
2.27050781e-02	3.58067060e-06	3.54469722e-04
2.27539063e-02	3.59801922e-06	3.56129682e-04
2.28027344e-02	3.61544909e-06	3.57797991e-04
2.28515625e-02	3.63296063e-06	3.59474689e-04
2.29003906e-02	3.65055425e-06	3.61159817e-04
2.29492188e-02	3.66823035e-06	3.62853417e-04
2.29980469e-02	3.68598936e-06	3.64555529e-04
2.30468750e-02	3.70383169e-06	3.66266195e-04
2.30957031e-02	3.72175775e-06	3.67985457e-04
2.31445313e-02	3.73976798e-06	3.69713356e-04
2.31933594e-02	3.75786278e-06	3.71449935e-04
2.32421875e-02	3.77604260e-06	3.73195236e-04
2.32910156e-02	3.79430785e-06	3.74949300e-04
2.33398438e-02	3.81265896e-06	3.76712173e-04
2.33886719e-02	3.83109636e-06	3.78483895e-04
2.34375000e-02	3.84962049e-06	3.80264510e-04
2.34863281e-02	3.86823178e-06	3.82054063e-04
2.35351563e-02	3.88693068e-06	3.83852595e-04
2.35839844e-02	3.90571761e-06	3.85660152e-04
2.36328125e-02	3.92459302e-06	3.87476777e-04
2.36816406e-02	3.94355736e-06	3.89302514e-04
2.37304688e-02	3.96261107e-06	3.91137408e-04
2.37792969e-02	3.98175460e-06	3.92981505e-04
2.38281250e-02	4.00098840e-06	3.94834848e-04
2.38769531e-02	4.02031292e-06	3.96697483e-04
2.39257812e-02	4.03972861e-06	3.98569455e-04
2.39746094e-02	4.05923594e-06	4.00450811e-04
2.40234375e-02	4.07883537e-06	4.02341595e-04
2.40722656e-02	4.09852735e-06	4.04241855e-04
2.41210938e-02	4.11831234e-06	4.06151636e-04
2.41699219e-02	4.13819083e-06	4.08070985e-04
2.42187500e-02	4.15816326e-06	4.09999949e-04
2.42675781e-02	4.17823012e-06	4.11938575e-04
2.43164063e-02	4.19839187e-06	4.13886911e-04
2.43652344e-02	4.21864900e-06	4.15845004e-04
2.44140625e-02	4.23900198e-06	4.17812901e-04
2.44628906e-02	4.25945128e-06	4.19790651e-04
2.45117188e-02	4.27999740e-06	4.21778302e-04
2.45605469e-02	4.30064081e-06	4.23775903e-04
2.46093750e-02	4.32138201e-06	4.25783502e-04
2.46582031e-02	4.34222148e-06	4.27801149e-04
2.47070313e-02	4.36315971e-06	4.29828893e-04
2.47558594e-02	4.38419720e-06	4.31866782e-04
2.48046875e-02	4.40533445e-06	4.33914868e-04
2.48535156e-02	4.42657195e-06	4.35973200e-04
2.49023438e-02	4.44791021e-06	4.38041829e-04
2.49511719e-02	4.46934973e-06	4.40120805e-04
2.50000000e-02	4.49089101e-06	4.42210178e-04
2.50488281e-02	4.51253457e-06	4.44310000e-04
2.50976563e-02	4.53428092e-06	4.46420323e-04
2.51464844e-02	4.55613056e-06	4.48541198e-04
2.51953125e-02	4.57808403e-06	4.50672676e-04
2.52441406e-02	4.60014183e-06	4.52814810e-04
2.52929688e-02	4.62230448e-06	4.54967652e-04
2.53417969e-02	4.64457252e-06	4.57131255e-04
2.53906250e-02	4.66694647e-06	4.59305672e-04
2.54394531e-02	4.68942686e-06	4.61490956e-04
2.54882813e-02	4.71201421e-06	4.63687161e-04
2.55371094e-02	4.73470908e-06	4.65894339e-04
2.55859375e-02	4.75751198e-06	4.68112546e-04
2.56347656e-02	4.78042346e-06	4.70341835e-04
2.56835938e-02	4.80344407e-06	4.72582262e-04
2.57324219e-02	4.82657435e-06	4.74833880e-04
2.57812500e-02	4.84981484e-06	4.77096745e-04
2.58300781e-02	4.87316610e-06	4.79370913e-04
2.58789062e-02	4.89662868e-06	4.81656439e-04
2.59277344e-02	4.92020314e-06	4.83953379e-04
2.59765625e-02	4.94389004e-06	4.86261789e-04
2.60253906e-02	4.96768993e-06	4.88581726e-04
2.60742188e-02	4.99160338e-06	4.90913246e-04
2.61230469e-02	5.01563096e-06	4.93256408e-04
2.61718750e-02	5.03977323e-06	4.95611267e-04
2.62207031e-02	5.06403078e-06	4.97977883e-04
2.62695313e-02	5.08840418e-06	5.00356312e-04
2.63183594e-02	5.11289399e-06	5.02746613e-04
2.63671875e-02	5.13750082e-06	5.05148845e-04
2.64160156e-02	5.16222523e-06	5.07563067e-04
2.64648438e-02	5.18706782e-06	5.09989337e-04
2.65136719e-02	5.21202917e-06	5.12427716e-04
2.65625000e-02	5.23710988e-06	5.14878262e-04
2.66113281e-02	5.26231055e-06	5.17341037e-04
2.66601563e-02	5.28763177e-06	5.19816100e-04
2.67089844e-02	5.31307414e-06	5.22303512e-04
2.67578125e-02	5.33863827e-06	5.24803335e-04
2.68066406e-02	5.36432477e-06	5.27315628e-04
2.68554688e-02	5.39013425e-06	5.29840455e-04
2.69042969e-02	5.41606731e-06	5.32377877e-04
2.69531250e-02	5.44212458e-06	5.34927956e-04
2.70019531e-02	5.46830668e-06	5.37490755e-04
2.70507813e-02	5.49461423e-06	5.40066336e-04
2.70996094e-02	5.52104785e-06	5.42654764e-04
2.71484375e-02	5.54760817e-06	5.45256100e-04
2.71972656e-02	5.57429583e-06	5.47870411e-04
2.72460938e-02	5.60111146e-06	5.50497758e-04
2.72949219e-02	5.62805570e-06	5.53138207e-04
2.73437500e-02	5.65512918e-06	5.55791823e-04
2.73925781e-02	5.68233256e-06	5.58458671e-04
2.74414063e-02	5.70966649e-06	5.61138817e-04
2.74902344e-02	5.73713160e-06	5.63832325e-04
2.75390625e-02	5.76472857e-06	5.66539263e-04
2.75878906e-02	5.79245803e-06	5.69259697e-04
2.76367188e-02	5.82032066e-06	5.71993693e-04
2.76855469e-02	5.84831712e-06	5.74741319e-04
2.77343750e-02	5.87644808e-06	5.77502642e-04
2.77832031e-02	5.90471420e-06	5.80277731e-04
2.78320312e-02	5.93311616e-06	5.83066652e-04
2.78808594e-02	5.96165464e-06	5.85869476e-04
2.79296875e-02	5.99033032e-06	5.88686270e-04
2.79785156e-02	6.01914388e-06	5.91517104e-04
2.80273438e-02	6.04809601e-06	5.94362048e-04
2.80761719e-02	6.07718740e-06	5.97221171e-04
2.81250000e-02	6.10641874e-06	6.00094544e-04
2.81738281e-02	6.13579073e-06	6.02982237e-04
2.82226563e-02	6.16530407e-06	6.05884322e-04
2.82714844e-02	6.19495947e-06	6.08800869e-04
2.83203125e-02	6.22475764e-06	6.11731951e-04
2.83691406e-02	6.25469928e-06	6.14677640e-04
2.84179688e-02	6.28478511e-06	6.17638007e-04
2.84667969e-02	6.31501585e-06	6.20613126e-04
2.85156250e-02	6.34539222e-06	6.23603071e-04
2.85644531e-02	6.37591495e-06	6.26607914e-04
2.86132813e-02	6.40658477e-06	6.29627729e-04
2.86621094e-02	6.43740240e-06	6.32662591e-04
2.87109375e-02	6.46836859e-06	6.35712575e-04
2.87597656e-02	6.49948408e-06	6.38777756e-04
2.88085938e-02	6.53074960e-06	6.41858208e-04
2.88574219e-02	6.56216592e-06	6.44954008e-04
2.89062500e-02	6.59373377e-06	6.48065233e-04
2.89550781e-02	6.62545392e-06	6.51191958e-04
2.90039063e-02	6.65732712e-06	6.54334261e-04
2.90527344e-02	6.68935413e-06	6.57492218e-04
2.91015625e-02	6.72153572e-06	6.60665909e-04
2.91503906e-02	6.75387267e-06	6.63855410e-04
2.91992188e-02	6.78636574e-06	6.67060801e-04
2.92480469e-02	6.81901572e-06	6.70282161e-04
2.92968750e-02	6.85182338e-06	6.73519568e-04
2.93457031e-02	6.88478951e-06	6.76773103e-04
2.93945313e-02	6.91791489e-06	6.80042846e-04
2.94433594e-02	6.95120034e-06	6.83328877e-04
2.94921875e-02	6.98464663e-06	6.86631277e-04
2.95410156e-02	7.01825457e-06	6.89950129e-04
2.95898438e-02	7.05202498e-06	6.93285512e-04
2.96386719e-02	7.08595864e-06	6.96637511e-04
2.96875000e-02	7.12005639e-06	7.00006206e-04
2.97363281e-02	7.15431903e-06	7.03391682e-04
2.97851562e-02	7.18874740e-06	7.06794022e-04
2.98339844e-02	7.22334230e-06	7.10213310e-04
2.98828125e-02	7.25810458e-06	7.13649630e-04
2.99316406e-02	7.29303507e-06	7.17103067e-04
2.99804688e-02	7.32813460e-06	7.20573706e-04
3.00292969e-02	7.36340401e-06	7.24061632e-04
3.00781250e-02	7.39884416e-06	7.27566932e-04
3.01269531e-02	7.43445590e-06	7.31089693e-04
3.01757813e-02	7.47024007e-06	7.34630000e-04
3.02246094e-02	7.50619754e-06	7.38187942e-04
3.02734375e-02	7.54232917e-06	7.41763606e-04
3.03222656e-02	7.57863583e-06	7.45357080e-04
3.03710938e-02	7.61511838e-06	7.48968454e-04
3.04199219e-02	7.65177772e-06	7.52597816e-04
3.04687500e-02	7.68861471e-06	7.56245256e-04
3.05175781e-02	7.72563024e-06	7.59910864e-04
3.05664063e-02	7.76282520e-06	7.63594731e-04
3.06152344e-02	7.80020048e-06	7.67296946e-04
3.06640625e-02	7.83775699e-06	7.71017603e-04
3.07128906e-02	7.87549562e-06	7.74756793e-04
3.07617188e-02	7.91341729e-06	7.78514607e-04
3.08105469e-02	7.95152290e-06	7.82291139e-04
3.08593750e-02	7.98981337e-06	7.86086483e-04
3.09082031e-02	8.02828962e-06	7.89900732e-04
3.09570313e-02	8.06695257e-06	7.93733979e-04
3.10058594e-02	8.10580317e-06	7.97586321e-04
3.10546875e-02	8.14484233e-06	8.01457852e-04
3.11035156e-02	8.18407101e-06	8.05348667e-04
3.11523438e-02	8.22349013e-06	8.09258864e-04
3.12011719e-02	8.26310067e-06	8.13188538e-04
3.12500000e-02	8.30290356e-06	8.17137787e-04
3.12988281e-02	8.34289976e-06	8.21106708e-04
3.13476563e-02	8.38309024e-06	8.25095400e-04
3.13964844e-02	8.42347597e-06	8.29103961e-04
3.14453125e-02	8.46405791e-06	8.33132490e-04
3.14941406e-02	8.50483705e-06	8.37181086e-04
3.15429688e-02	8.54581437e-06	8.41249851e-04
3.15917969e-02	8.58699085e-06	8.45338885e-04
3.16406250e-02	8.62836749e-06	8.49448288e-04
3.16894531e-02	8.66994529e-06	8.53578163e-04
3.17382812e-02	8.71172524e-06	8.57728611e-04
3.17871094e-02	8.75370835e-06	8.61899735e-04
3.18359375e-02	8.79589564e-06	8.66091639e-04
3.18847656e-02	8.83828812e-06	8.70304427e-04
3.19335938e-02	8.88088682e-06	8.74538201e-04
3.19824219e-02	8.92369276e-06	8.78793068e-04
3.20312500e-02	8.96670697e-06	8.83069133e-04
3.20800781e-02	9.00993050e-06	8.87366501e-04
3.21289062e-02	9.05336438e-06	8.91685278e-04
3.21777344e-02	9.09700966e-06	8.96025573e-04
3.22265625e-02	9.14086741e-06	9.00387492e-04
3.22753906e-02	9.18493866e-06	9.04771143e-04
3.23242188e-02	9.22922450e-06	9.09176634e-04
3.23730469e-02	9.27372598e-06	9.13604076e-04
3.24218750e-02	9.31844418e-06	9.18053577e-04
3.24707031e-02	9.36338019e-06	9.22525248e-04
3.25195313e-02	9.40853508e-06	9.27019199e-04
3.25683594e-02	9.45390995e-06	9.31535543e-04
3.26171875e-02	9.49950590e-06	9.36074390e-04
3.26660156e-02	9.54532402e-06	9.40635853e-04
3.27148438e-02	9.59136542e-06	9.45220046e-04
3.27636719e-02	9.63763122e-06	9.49827081e-04
3.28125000e-02	9.68412254e-06	9.54457074e-04
3.28613281e-02	9.73084049e-06	9.59110138e-04
3.29101563e-02	9.77778620e-06	9.63786390e-04
3.29589844e-02	9.82496082e-06	9.68485945e-04
3.30078125e-02	9.87236548e-06	9.73208919e-04
3.30566406e-02	9.92000133e-06	9.77955430e-04
3.31054687e-02	9.96786952e-06	9.82725595e-04
3.31542969e-02	1.00159712e-05	9.87519534e-04
3.32031250e-02	1.00643076e-05	9.92337363e-04
3.32519531e-02	1.01128797e-05	9.97179204e-04
3.33007813e-02	1.01616889e-05	1.00204518e-03
3.33496094e-02	1.02107363e-05	1.00693540e-03
3.33984375e-02	1.02600231e-05	1.01185000e-03
3.34472656e-02	1.03095504e-05	1.01678909e-03
3.34960938e-02	1.03593195e-05	1.02175280e-03
3.35449219e-02	1.04093315e-05	1.02674125e-03
3.35937500e-02	1.04595878e-05	1.03175457e-03
3.36425781e-02	1.05100894e-05	1.03679287e-03
3.36914062e-02	1.05608377e-05	1.04185629e-03
3.37402344e-02	1.06118338e-05	1.04694495e-03
3.37890625e-02	1.06630790e-05	1.05205897e-03
3.38378906e-02	1.07145746e-05	1.05719849e-03
3.38867188e-02	1.07663217e-05	1.06236363e-03
3.39355469e-02	1.08183216e-05	1.06755452e-03
3.39843750e-02	1.08705757e-05	1.07277129e-03
3.40332031e-02	1.09230851e-05	1.07801406e-03
3.40820312e-02	1.09758511e-05	1.08328297e-03
3.41308594e-02	1.10288751e-05	1.08857815e-03
3.41796875e-02	1.10821582e-05	1.09389973e-03
3.42285156e-02	1.11357019e-05	1.09924784e-03
3.42773438e-02	1.11895073e-05	1.10462262e-03
3.43261719e-02	1.12435758e-05	1.11002420e-03
3.43750000e-02	1.12979088e-05	1.11545270e-03
3.44238281e-02	1.13525074e-05	1.12090828e-03
3.44726563e-02	1.14073731e-05	1.12639106e-03
3.45214844e-02	1.14625072e-05	1.13190118e-03
3.45703125e-02	1.15179110e-05	1.13743878e-03
3.46191406e-02	1.15735859e-05	1.14300399e-03
3.46679688e-02	1.16295332e-05	1.14859695e-03
3.47167969e-02	1.16857543e-05	1.15421781e-03
3.47656250e-02	1.17422505e-05	1.15986669e-03
3.48144531e-02	1.17990232e-05	1.16554375e-03
3.48632813e-02	1.18560738e-05	1.17124913e-03
3.49121094e-02	1.19134037e-05	1.17698295e-03
3.49609375e-02	1.19710142e-05	1.18274538e-03
3.50097656e-02	1.20289069e-05	1.18853654e-03
3.50585937e-02	1.20870830e-05	1.19435659e-03
3.51074219e-02	1.21455439e-05	1.20020567e-03
3.51562500e-02	1.22042913e-05	1.20608393e-03
3.52050781e-02	1.22633263e-05	1.21199151e-03
3.52539063e-02	1.23226505e-05	1.21792855e-03
3.53027344e-02	1.23822654e-05	1.22389522e-03
3.53515625e-02	1.24421723e-05	1.22989165e-03
3.54003906e-02	1.25023727e-05	1.23591799e-03
3.54492188e-02	1.25628681e-05	1.24197439e-03
3.54980469e-02	1.26236600e-05	1.24806101e-03
3.55468750e-02	1.26847498e-05	1.25417800e-03
3.55957031e-02	1.27461391e-05	1.26032551e-03
3.56445312e-02	1.28078292e-05	1.26650368e-03
3.56933594e-02	1.28698218e-05	1.27271269e-03
3.57421875e-02	1.29321183e-05	1.27895267e-03
3.57910156e-02	1.29947203e-05	1.28522379e-03
3.58398438e-02	1.30576292e-05	1.29152620e-03
3.58886719e-02	1.31208467e-05	1.29786006e-03
3.59375000e-02	1.31843741e-05	1.30422553e-03
3.59863281e-02	1.32482132e-05	1.31062276e-03
3.60351562e-02	1.33123654e-05	1.31705192e-03
3.60839844e-02	1.33768324e-05	1.32351316e-03
3.61328125e-02	1.34416156e-05	1.33000665e-03
3.61816406e-02	1.35067166e-05	1.33653254e-03
3.62304688e-02	1.35721371e-05	1.34309101e-03
3.62792969e-02	1.36378786e-05	1.34968221e-03
3.63281250e-02	1.37039428e-05	1.35630631e-03
3.63769531e-02	1.37703312e-05	1.36296347e-03
3.64257813e-02	1.38370455e-05	1.36965386e-03
3.64746094e-02	1.39040873e-05	1.37637764e-03
3.65234375e-02	1.39714582e-05	1.38313499e-03
3.65722656e-02	1.40391599e-05	1.38992607e-03
3.66210938e-02	1.41071940e-05	1.39675106e-03
3.66699219e-02	1.41755622e-05	1.40361011e-03
3.67187500e-02	1.42442662e-05	1.41050341e-03
3.67675781e-02	1.43133075e-05	1.41743112e-03
3.68164063e-02	1.43826880e-05	1.42439342e-03
3.68652344e-02	1.44524093e-05	1.43139048e-03
3.69140625e-02	1.45224731e-05	1.43842248e-03
3.69628906e-02	1.45928811e-05	1.44548959e-03
3.70117187e-02	1.46636350e-05	1.45259198e-03
3.70605469e-02	1.47347366e-05	1.45972984e-03
3.71093750e-02	1.48061876e-05	1.46690335e-03
3.71582031e-02	1.48779898e-05	1.47411267e-03
3.72070313e-02	1.49501448e-05	1.48135800e-03
3.72558594e-02	1.50226545e-05	1.48863951e-03
3.73046875e-02	1.50955207e-05	1.49595738e-03
3.73535156e-02	1.51687450e-05	1.50331181e-03
3.74023438e-02	1.52423294e-05	1.51070296e-03
3.74511719e-02	1.53162755e-05	1.51813103e-03
3.75000000e-02	1.53905853e-05	1.52559620e-03
3.75488281e-02	1.54652604e-05	1.53309866e-03
3.75976562e-02	1.55403028e-05	1.54063859e-03
3.76464844e-02	1.56157143e-05	1.54821618e-03
3.76953125e-02	1.56914968e-05	1.55583163e-03
3.77441406e-02	1.57676519e-05	1.56348512e-03
3.77929688e-02	1.58441818e-05	1.57117685e-03
3.78417969e-02	1.59210881e-05	1.57890700e-03
3.78906250e-02	1.59983729e-05	1.58667577e-03
3.79394531e-02	1.60760379e-05	1.59448335e-03
3.79882813e-02	1.61540851e-05	1.60232994e-03
3.80371094e-02	1.62325164e-05	1.61021574e-03
3.80859375e-02	1.63113337e-05	1.61814094e-03
3.81347656e-02	1.63905389e-05	1.62610573e-03
3.81835938e-02	1.64701340e-05	1.63411033e-03
3.82324219e-02	1.65501210e-05	1.64215493e-03
3.82812500e-02	1.66305017e-05	1.65023972e-03
3.83300781e-02	1.67112782e-05	1.65836492e-03
3.83789063e-02	1.67924524e-05	1.66653072e-03
3.84277344e-02	1.68740263e-05	1.67473734e-03
3.84765625e-02	1.69560020e-05	1.68298496e-03
3.85253906e-02	1.70383813e-05	1.69127381e-03
3.85742188e-02	1.71211664e-05	1.69960409e-03
3.86230469e-02	1.72043593e-05	1.70797601e-03
3.86718750e-02	1.72879620e-05	1.71638977e-03
3.87207031e-02	1.73719765e-05	1.72484559e-03
3.87695313e-02	1.74564050e-05	1.73334367e-03
3.88183594e-02	1.75412494e-05	1.74188424e-03
3.88671875e-02	1.76265119e-05	1.75046750e-03
3.89160156e-02	1.77121945e-05	1.75909367e-03
3.89648438e-02	1.77982994e-05	1.76776297e-03
3.90136719e-02	1.78848287e-05	1.77647561e-03
3.90625000e-02	1.79717845e-05	1.78523181e-03
3.91113281e-02	1.80591688e-05	1.79403179e-03
3.91601563e-02	1.81469839e-05	1.80287577e-03
3.92089844e-02	1.82352320e-05	1.81176397e-03
3.92578125e-02	1.83239151e-05	1.82069662e-03
3.93066406e-02	1.84130355e-05	1.82967393e-03
3.93554688e-02	1.85025953e-05	1.83869614e-03
3.94042969e-02	1.85925967e-05	1.84776346e-03
3.94531250e-02	1.86830421e-05	1.85687613e-03
3.95019531e-02	1.87739334e-05	1.86603438e-03
3.95507812e-02	1.88652731e-05	1.87523842e-03
3.95996094e-02	1.89570633e-05	1.88448850e-03
3.96484375e-02	1.90493063e-05	1.89378485e-03
3.96972656e-02	1.91420044e-05	1.90312770e-03
3.97460938e-02	1.92351598e-05	1.91251727e-03
3.97949219e-02	1.93287748e-05	1.92195382e-03
3.98437500e-02	1.94228517e-05	1.93143757e-03
3.98925781e-02	1.95173929e-05	1.94096876e-03
3.99414063e-02	1.96124006e-05	1.95054763e-03
3.99902344e-02	1.97078772e-05	1.96017443e-03
4.00390625e-02	1.98038251e-05	1.96984938e-03
4.00878906e-02	1.99002465e-05	1.97957274e-03
4.01367188e-02	1.99971439e-05	1.98934475e-03
4.01855469e-02	2.00945196e-05	1.99916566e-03
4.02343750e-02	2.01923761e-05	2.00903570e-03
4.02832031e-02	2.02907157e-05	2.01895513e-03
4.03320313e-02	2.03895409e-05	2.02892420e-03
4.03808594e-02	2.04888541e-05	2.03894315e-03
4.04296875e-02	2.05886577e-05	2.04901224e-03
4.04785156e-02	2.06889542e-05	2.05913172e-03
4.05273438e-02	2.07897460e-05	2.06930185e-03
4.05761719e-02	2.08910357e-05	2.07952287e-03
4.06250000e-02	2.09928257e-05	2.08979505e-03
4.06738281e-02	2.10951185e-05	2.10011864e-03
4.07226563e-02	2.11979166e-05	2.11049391e-03
4.07714844e-02	2.13012227e-05	2.12092110e-03
4.08203125e-02	2.14050391e-05	2.13140050e-03
4.08691406e-02	2.15093685e-05	2.14193235e-03
4.09179688e-02	2.16142135e-05	2.15251692e-03
4.09667969e-02	2.17195765e-05	2.16315447e-03
4.10156250e-02	2.18254603e-05	2.17384529e-03
4.10644531e-02	2.19318674e-05	2.18458962e-03
4.11132813e-02	2.20388005e-05	2.19538775e-03
4.11621094e-02	2.21462621e-05	2.20623994e-03
4.12109375e-02	2.22542549e-05	2.21714647e-03
4.12597656e-02	2.23627816e-05	2.22810761e-03
4.13085938e-02	2.24718449e-05	2.23912363e-03
4.13574219e-02	2.25814474e-05	2.25019482e-03
4.14062500e-02	2.26915918e-05	2.26132144e-03
4.14550781e-02	2.28022809e-05	2.27250379e-03
4.15039062e-02	2.29135174e-05	2.28374214e-03
4.15527344e-02	2.30253040e-05	2.29503676e-03
4.16015625e-02	2.31376435e-05	2.30638796e-03
4.16503906e-02	2.32505386e-05	2.31779601e-03
4.16992188e-02	2.33639921e-05	2.32926119e-03
4.17480469e-02	2.34780069e-05	2.34078380e-03
4.17968750e-02	2.35925857e-05	2.35236413e-03
4.18457031e-02	2.37077314e-05	2.36400247e-03
4.18945313e-02	2.38234467e-05	2.37569910e-03
4.19433594e-02	2.39397347e-05	2.38745433e-03
4.19921875e-02	2.40565980e-05	2.39926845e-03
4.20410156e-02	2.41740397e-05	2.41114176e-03
4.20898438e-02	2.42920625e-05	2.42307455e-03
4.21386719e-02	2.44106695e-05	2.43506712e-03
4.21875000e-02	2.45298635e-05	2.44711978e-03
4.22363281e-02	2.46496475e-05	2.45923283e-03
4.22851563e-02	2.47700245e-05	2.47140657e-03
4.23339844e-02	2.48909973e-05	2.48364132e-03
4.23828125e-02	2.50125691e-05	2.49593737e-03
4.24316406e-02	2.51347427e-05	2.50829504e-03
4.24804688e-02	2.52575213e-05	2.52071464e-03
4.25292969e-02	2.53809078e-05	2.53319648e-03
4.25781250e-02	2.55049053e-05	2.54574087e-03
4.26269531e-02	2.56295168e-05	2.55834813e-03
4.26757813e-02	2.57547455e-05	2.57101858e-03
4.27246094e-02	2.58805944e-05	2.58375254e-03
4.27734375e-02	2.60070666e-05	2.59655032e-03
4.28222656e-02	2.61341653e-05	2.60941226e-03
4.28710938e-02	2.62618936e-05	2.62233866e-03
4.29199219e-02	2.63902547e-05	2.63532986e-03
4.29687500e-02	2.65192516e-05	2.64838619e-03
4.30175781e-02	2.66488877e-05	2.66150797e-03
4.30664063e-02	2.67791661e-05	2.67469554e-03
4.31152344e-02	2.69100901e-05	2.68794922e-03
4.31640625e-02	2.70416628e-05	2.70126935e-03
4.32128906e-02	2.71738875e-05	2.71465627e-03
4.32617188e-02	2.73067676e-05	2.72811031e-03
4.33105469e-02	2.74403062e-05	2.74163181e-03
4.33593750e-02	2.75745067e-05	2.75522111e-03
4.34082031e-02	2.77093724e-05	2.76887855e-03
4.34570312e-02	2.78449067e-05	2.78260449e-03
4.35058594e-02	2.79811128e-05	2.79639925e-03
4.35546875e-02	2.81179942e-05	2.81026320e-03
4.36035156e-02	2.82555543e-05	2.82419668e-03
4.36523438e-02	2.83937964e-05	2.83820004e-03
4.37011719e-02	2.85327240e-05	2.85227364e-03
4.37500000e-02	2.86723405e-05	2.86641782e-03
4.37988281e-02	2.88126493e-05	2.88063295e-03
4.38476563e-02	2.89536540e-05	2.89491938e-03
4.38964844e-02	2.90953581e-05	2.90927748e-03
4.39453125e-02	2.92377649e-05	2.92370760e-03
4.39941406e-02	2.93808781e-05	2.93821012e-03
4.40429688e-02	2.95247013e-05	2.95278539e-03
4.40917969e-02	2.96692379e-05	2.96743378e-03
4.41406250e-02	2.98144915e-05	2.98215566e-03
4.41894531e-02	2.99604658e-05	2.99695140e-03
4.42382813e-02	3.01071644e-05	3.01182139e-03
4.42871094e-02	3.02545908e-05	3.02676598e-03
4.43359375e-02	3.04027488e-05	3.04178556e-03
4.43847656e-02	3.05516420e-05	3.05688051e-03
4.44335938e-02	3.07012742e-05	3.07205121e-03
4.44824219e-02	3.08516489e-05	3.08729803e-03
4.45312500e-02	3.10027700e-05	3.10262137e-03
4.45800781e-02	3.11546411e-05	3.11802162e-03
4.46289063e-02	3.13072662e-05	3.13349915e-03
4.46777344e-02	3.14606488e-05	3.14905437e-03
4.47265625e-02	3.16147929e-05	3.16468765e-03
4.47753906e-02	3.17697023e-05	3.18039941e-03
4.48242188e-02	3.19253807e-05	3.19619003e-03
4.48730469e-02	3.20818321e-05	3.21205991e-03
4.49218750e-02	3.22390604e-05	3.22800945e-03
4.49707031e-02	3.23970694e-05	3.24403906e-03
4.50195313e-02	3.25558630e-05	3.26014914e-03
4.50683594e-02	3.27154453e-05	3.27634010e-03
4.51171875e-02	3.28758201e-05	3.29261235e-03
4.51660156e-02	3.30369915e-05	3.30896629e-03
4.52148438e-02	3.31989633e-05	3.32540234e-03
4.52636719e-02	3.33617398e-05	3.34192091e-03
4.53125000e-02	3.35253248e-05	3.35852243e-03
4.53613281e-02	3.36897225e-05	3.37520731e-03
4.54101562e-02	3.38549370e-05	3.39197597e-03
4.54589844e-02	3.40209722e-05	3.40882883e-03
4.55078125e-02	3.41878325e-05	3.42576633e-03
4.55566406e-02	3.43555218e-05	3.44278889e-03
4.56054688e-02	3.45240444e-05	3.45989693e-03
4.56542969e-02	3.46934045e-05	3.47709090e-03
4.57031250e-02	3.48636062e-05	3.49437123e-03
4.57519531e-02	3.50346538e-05	3.51173835e-03
4.58007813e-02	3.52065515e-05	3.52919269e-03
4.58496094e-02	3.53793036e-05	3.54673472e-03
4.58984375e-02	3.55529145e-05	3.56436485e-03
4.59472656e-02	3.57273883e-05	3.58208355e-03
4.59960938e-02	3.59027295e-05	3.59989126e-03
4.60449219e-02	3.60789424e-05	3.61778843e-03
4.60937500e-02	3.62560313e-05	3.63577551e-03
4.61425781e-02	3.64340008e-05	3.65385296e-03
4.61914063e-02	3.66128551e-05	3.67202123e-03
4.62402344e-02	3.67925988e-05	3.69028078e-03
4.62890625e-02	3.69732364e-05	3.70863208e-03
4.63378906e-02	3.71547722e-05	3.72707559e-03
4.63867188e-02	3.73372108e-05	3.74561177e-03
4.64355469e-02	3.75205569e-05	3.76424110e-03
4.64843750e-02	3.77048148e-05	3.78296404e-03
4.65332031e-02	3.78899892e-05	3.80178107e-03
4.65820313e-02	3.80760848e-05	3.82069267e-03
4.66308594e-02	3.82631061e-05	3.83969930e-03
4.66796875e-02	3.84510578e-05	3.85880147e-03
4.67285156e-02	3.86399445e-05	3.87799964e-03
4.67773438e-02	3.88297710e-05	3.89729430e-03
4.68261719e-02	3.90205420e-05	3.91668594e-03
4.68750000e-02	3.92122623e-05	3.93617505e-03
4.69238281e-02	3.94049365e-05	3.95576213e-03
4.69726563e-02	3.95985696e-05	3.97544767e-03
4.70214844e-02	3.97931662e-05	3.99523217e-03
4.70703125e-02	3.99887314e-05	4.01511613e-03
4.71191406e-02	4.01852699e-05	4.03510005e-03
4.71679688e-02	4.03827866e-05	4.05518444e-03
4.72167969e-02	4.05812864e-05	4.07536981e-03
4.72656250e-02	4.07807744e-05	4.09565667e-03
4.73144531e-02	4.09812554e-05	4.11604552e-03
4.73632812e-02	4.11827345e-05	4.13653690e-03
4.74121094e-02	4.13852166e-05	4.15713131e-03
4.74609375e-02	4.15887068e-05	4.17782928e-03
4.75097656e-02	4.17932103e-05	4.19863134e-03
4.75585938e-02	4.19987320e-05	4.21953800e-03
4.76074219e-02	4.22052771e-05	4.24054980e-03
4.76562500e-02	4.24128508e-05	4.26166727e-03
4.77050781e-02	4.26214581e-05	4.28289095e-03
4.77539063e-02	4.28311044e-05	4.30422138e-03
4.78027344e-02	4.30417949e-05	4.32565908e-03
4.78515625e-02	4.32535347e-05	4.34720462e-03
4.79003906e-02	4.34663292e-05	4.36885852e-03
4.79492188e-02	4.36801837e-05	4.39062135e-03
4.79980469e-02	4.38951035e-05	4.41249366e-03
4.80468750e-02	4.41110940e-05	4.43447599e-03
4.80957031e-02	4.43281605e-05	4.45656890e-03
4.81445313e-02	4.45463085e-05	4.47877296e-03
4.81933594e-02	4.47655434e-05	4.50108873e-03
4.82421875e-02	4.49858707e-05	4.52351676e-03
4.82910156e-02	4.52072958e-05	4.54605765e-03
4.83398438e-02	4.54298244e-05	4.56871194e-03
4.83886719e-02	4.56534619e-05	4.59148022e-03
4.84375000e-02	4.58782139e-05	4.61436307e-03
4.84863281e-02	4.61040861e-05	4.63736106e-03
4.85351563e-02	4.63310840e-05	4.66047478e-03
4.85839844e-02	4.65592134e-05	4.68370481e-03
4.86328125e-02	4.67884800e-05	4.70705175e-03
4.86816406e-02	4.70188893e-05	4.73051618e-03
4.87304688e-02	4.72504473e-05	4.75409870e-03
4.87792969e-02	4.74831597e-05	4.77779991e-03
4.88281250e-02	4.77170322e-05	4.80162041e-03
4.88769531e-02	4.79520708e-05	4.82556080e-03
4.89257813e-02	4.81882814e-05	4.84962170e-03
4.89746094e-02	4.84256697e-05	4.87380371e-03
4.90234375e-02	4.86642417e-05	4.89810744e-03
4.90722656e-02	4.89040035e-05	4.92253352e-03
4.91210938e-02	4.91449609e-05	4.94708255e-03
4.91699219e-02	4.93871200e-05	4.97175518e-03
4.92187500e-02	4.96304869e-05	4.99655201e-03
4.92675781e-02	4.98750676e-05	5.02147368e-03
4.93164062e-02	5.01208682e-05	5.04652083e-03
4.93652344e-02	5.03678950e-05	5.07169408e-03
4.94140625e-02	5.06161540e-05	5.09699409e-03
4.94628906e-02	5.08656514e-05	5.12242148e-03
4.95117188e-02	5.11163936e-05	5.14797691e-03
4.95605469e-02	5.13683867e-05	5.17366102e-03
4.96093750e-02	5.16216370e-05	5.19947447e-03
4.96582031e-02	5.18761510e-05	5.22541791e-03
4.97070313e-02	5.21319350e-05	5.25149200e-03
4.97558594e-02	5.23889952e-05	5.27769741e-03
4.98046875e-02	5.26473383e-05	5.30403479e-03
4.98535156e-02	5.29069706e-05	5.33050482e-03
4.99023438e-02	5.31678987e-05	5.35710817e-03
4.99511719e-02	5.34301290e-05	5.38384552e-03
5.00000000e-02	5.36936681e-05	5.41071754e-03
5.00488281e-02	5.39585227e-05	5.43772492e-03
5.00976563e-02	5.42246993e-05	5.46486834e-03
5.01464844e-02	5.44922046e-05	5.49214849e-03
5.01953125e-02	5.47610453e-05	5.51956607e-03
5.02441406e-02	5.50312281e-05	5.54712178e-03
5.02929688e-02	5.53027598e-05	5.57481630e-03
5.03417969e-02	5.55756471e-05	5.60265035e-03
5.03906250e-02	5.58498970e-05	5.63062464e-03
5.04394531e-02	5.61255163e-05	5.65873987e-03
5.04882813e-02	5.64025118e-05	5.68699677e-03
5.05371094e-02	5.66808905e-05	5.71539604e-03
5.05859375e-02	5.69606594e-05	5.74393841e-03
5.06347656e-02	5.72418255e-05	5.77262460e-03
5.06835938e-02	5.75243958e-05	5.80145535e-03
5.07324219e-02	5.78083774e-05	5.83043139e-03
5.07812500e-02	5.80937774e-05	5.85955346e-03
5.08300781e-02	5.83806030e-05	5.88882229e-03
5.08789063e-02	5.86688614e-05	5.91823863e-03
5.09277344e-02	5.89585596e-05	5.94780322e-03
5.09765625e-02	5.92497051e-05	5.97751683e-03
5.10253906e-02	5.95423052e-05	6.00738020e-03
5.10742188e-02	5.98363670e-05	6.03739409e-03
5.11230469e-02	6.01318981e-05	6.06755928e-03
5.11718750e-02	6.04289058e-05	6.09787652e-03
5.12207031e-02	6.07273976e-05	6.12834658e-03
5.12695312e-02	6.10273809e-05	6.15897025e-03
5.13183594e-02	6.13288633e-05	6.18974830e-03
5.13671875e-02	6.16318523e-05	6.22068151e-03
5.14160156e-02	6.19363556e-05	6.25177068e-03
5.14648438e-02	6.22423806e-05	6.28301659e-03
5.15136719e-02	6.25499352e-05	6.31442003e-03
5.15625000e-02	6.28590271e-05	6.34598181e-03
5.16113281e-02	6.31696639e-05	6.37770273e-03
5.16601563e-02	6.34818535e-05	6.40958360e-03
5.17089844e-02	6.37956037e-05	6.44162523e-03
5.17578125e-02	6.41109224e-05	6.47382843e-03
5.18066406e-02	6.44278175e-05	6.50619403e-03
5.18554688e-02	6.47462969e-05	6.53872285e-03
5.19042969e-02	6.50663687e-05	6.57141571e-03
5.19531250e-02	6.53880408e-05	6.60427345e-03
5.20019531e-02	6.57113213e-05	6.63729691e-03
5.20507813e-02	6.60362184e-05	6.67048692e-03
5.20996094e-02	6.63627401e-05	6.70384434e-03
5.21484375e-02	6.66908948e-05	6.73737000e-03
5.21972656e-02	6.70206905e-05	6.77106478e-03
5.22460938e-02	6.73521357e-05	6.80492951e-03
5.22949219e-02	6.76852386e-05	6.83896507e-03
5.23437500e-02	6.80200076e-05	6.87317232e-03
5.23925781e-02	6.83564511e-05	6.90755214e-03
5.24414063e-02	6.86945775e-05	6.94210540e-03
5.24902344e-02	6.90343953e-05	6.97683298e-03
5.25390625e-02	6.93759131e-05	7.01173576e-03
5.25878906e-02	6.97191394e-05	7.04681464e-03
5.26367188e-02	7.00640829e-05	7.08207051e-03
5.26855469e-02	7.04107522e-05	7.11750426e-03
5.27343750e-02	7.07591560e-05	7.15311680e-03
5.27832031e-02	7.11093032e-05	7.18890904e-03
5.28320313e-02	7.14612023e-05	7.22488190e-03
5.28808594e-02	7.18148625e-05	7.26103627e-03
5.29296875e-02	7.21702924e-05	7.29737310e-03
5.29785156e-02	7.25275010e-05	7.33389330e-03
5.30273438e-02	7.28864974e-05	7.37059780e-03
5.30761719e-02	7.32472905e-05	7.40748755e-03
5.31250000e-02	7.36098894e-05	7.44456348e-03
5.31738281e-02	7.39743032e-05	7.48182653e-03
5.32226562e-02	7.43405411e-05	7.51927766e-03
5.32714844e-02	7.47086123e-05	7.55691783e-03
5.33203125e-02	7.50785260e-05	7.59474798e-03
5.33691406e-02	7.54502916e-05	7.63276909e-03
5.34179688e-02	7.58239183e-05	7.67098213e-03
5.34667969e-02	7.61994156e-05	7.70938807e-03
5.35156250e-02	7.65767930e-05	7.74798789e-03
5.35644531e-02	7.69560598e-05	7.78678258e-03
5.36132813e-02	7.73372257e-05	7.82577312e-03
5.36621094e-02	7.77203003e-05	7.86496051e-03
5.37109375e-02	7.81052931e-05	7.90434575e-03
5.37597656e-02	7.84922139e-05	7.94392985e-03
5.38085938e-02	7.88810724e-05	7.98371381e-03
5.38574219e-02	7.92718784e-05	8.02369865e-03
5.39062500e-02	7.96646416e-05	8.06388538e-03
5.39550781e-02	8.00593721e-05	8.10427505e-03
5.40039063e-02	8.04560797e-05	8.14486867e-03
5.40527344e-02	8.08547744e-05	8.18566728e-03
5.41015625e-02	8.12554663e-05	8.22667192e-03
5.41503906e-02	8.16581654e-05	8.26788365e-03
5.41992188e-02	8.20628819e-05	8.30930351e-03
5.42480469e-02	8.24696260e-05	8.35093255e-03
5.42968750e-02	8.28784078e-05	8.39277185e-03
5.43457031e-02	8.32892377e-05	8.43482247e-03
5.43945313e-02	8.37021261e-05	8.47708548e-03
5.44433594e-02	8.41170833e-05	8.51956197e-03
5.44921875e-02	8.45341198e-05	8.56225301e-03
5.45410156e-02	8.49532461e-05	8.60515971e-03
5.45898438e-02	8.53744728e-05	8.64828314e-03
5.46386719e-02	8.57978103e-05	8.69162442e-03
5.46875000e-02	8.62232695e-05	8.73518465e-03
5.47363281e-02	8.66508611e-05	8.77896495e-03
5.47851563e-02	8.70805957e-05	8.82296643e-03
5.48339844e-02	8.75124843e-05	8.86719022e-03
5.48828125e-02	8.79465377e-05	8.91163744e-03
5.49316406e-02	8.83827669e-05	8.95630923e-03
5.49804688e-02	8.88211828e-05	9.00120674e-03
5.50292969e-02	8.92617965e-05	9.04633111e-03
5.50781250e-02	8.97046192e-05	9.09168349e-03
5.51269531e-02	9.01496619e-05	9.13726504e-03
5.51757812e-02	9.05969358e-05	9.18307693e-03
5.52246094e-02	9.10464524e-05	9.22912033e-03
5.52734375e-02	9.14982228e-05	9.27539641e-03
5.53222656e-02	9.19522585e-05	9.32190636e-03
5.53710938e-02	9.24085710e-05	9.36865137e-03
5.54199219e-02	9.28671716e-05	9.41563263e-03
5.54687500e-02	9.33280721e-05	9.46285133e-03
5.55175781e-02	9.37912840e-05	9.51030870e-03
5.55664063e-02	9.42568191e-05	9.55800594e-03
5.56152344e-02	9.47246889e-05	9.60594427e-03
5.56640625e-02	9.51949055e-05	9.65412491e-03
5.57128906e-02	9.56674805e-05	9.70254911e-03
5.57617188e-02	9.61424260e-05	9.75121809e-03
5.58105469e-02	9.66197539e-05	9.80013311e-03
5.58593750e-02	9.70994763e-05	9.84929540e-03
5.59082031e-02	9.75816052e-05	9.89870624e-03
5.59570313e-02	9.80661529e-05	9.94836688e-03
5.60058594e-02	9.85531316e-05	9.99827859e-03
5.60546875e-02	9.90425535e-05	1.00484427e-02
5.61035156e-02	9.95344310e-05	1.00988604e-02
5.61523438e-02	1.00028777e-04	1.01495330e-02
5.62011719e-02	1.00525603e-04	1.02004618e-02
5.62500000e-02	1.01024922e-04	1.02516482e-02
5.62988281e-02	1.01526746e-04	1.03030934e-02
5.63476563e-02	1.02031089e-04	1.03547987e-02
5.63964844e-02	1.02537964e-04	1.04067655e-02
5.64453125e-02	1.03047382e-04	1.04589952e-02
5.64941406e-02	1.03559356e-04	1.05114889e-02
5.65429688e-02	1.04073901e-04	1.05642481e-02
5.65917969e-02	1.04591028e-04	1.06172742e-02
5.66406250e-02	1.05110750e-04	1.06705685e-02
5.66894531e-02	1.05633082e-04	1.07241323e-02
5.67382813e-02	1.06158036e-04	1.07779670e-02
5.67871094e-02	1.06685624e-04	1.08320740e-02
5.68359375e-02	1.07215862e-04	1.08864548e-02
5.68847656e-02	1.07748762e-04	1.09411105e-02
5.69335938e-02	1.08284337e-04	1.09960428e-02
5.69824219e-02	1.08822601e-04	1.10512530e-02
5.70312500e-02	1.09363567e-04	1.11067424e-02
5.70800781e-02	1.09907250e-04	1.11625126e-02
5.71289062e-02	1.10453663e-04	1.12185650e-02
5.71777344e-02	1.11002820e-04	1.12749009e-02
5.72265625e-02	1.11554735e-04	1.13315218e-02
5.72753906e-02	1.12109421e-04	1.13884292e-02
5.73242188e-02	1.12666893e-04	1.14456246e-02
5.73730469e-02	1.13227165e-04	1.15031093e-02
5.74218750e-02	1.13790251e-04	1.15608849e-02
5.74707031e-02	1.14356165e-04	1.16189529e-02
5.75195313e-02	1.14924921e-04	1.16773147e-02
5.75683594e-02	1.15496535e-04	1.17359718e-02
5.76171875e-02	1.16071020e-04	1.17949258e-02
5.76660156e-02	1.16648390e-04	1.18541781e-02
5.77148438e-02	1.17228661e-04	1.19137303e-02
5.77636719e-02	1.17811848e-04	1.19735839e-02
5.78125000e-02	1.18397964e-04	1.20337404e-02
5.78613281e-02	1.18987025e-04	1.20942013e-02
5.79101563e-02	1.19579046e-04	1.21549683e-02
5.79589844e-02	1.20174041e-04	1.22160429e-02
5.80078125e-02	1.20772026e-04	1.22774265e-02
5.80566406e-02	1.21373016e-04	1.23391210e-02
5.81054688e-02	1.21977026e-04	1.24011277e-02
5.81542969e-02	1.22584072e-04	1.24634482e-02
5.82031250e-02	1.23194168e-04	1.25260843e-02
5.82519531e-02	1.23807330e-04	1.25890374e-02
5.83007813e-02	1.24423574e-04	1.26523093e-02
5.83496094e-02	1.25042915e-04	1.27159015e-02
5.83984375e-02	1.25665369e-04	1.27798156e-02
5.84472656e-02	1.26290951e-04	1.28440533e-02
5.84960938e-02	1.26919679e-04	1.29086163e-02
5.85449219e-02	1.27551566e-04	1.29735061e-02
5.85937500e-02	1.28186631e-04	1.30387245e-02
5.86425781e-02	1.28824888e-04	1.31042732e-02
5.86914063e-02	1.29466353e-04	1.31701537e-02
5.87402344e-02	1.30111043e-04	1.32363679e-02
5.87890625e-02	1.30758975e-04	1.33029174e-02
5.88378906e-02	1.31410165e-04	1.33698038e-02
5.88867188e-02	1.32064628e-04	1.34370290e-02
5.89355469e-02	1.32722383e-04	1.35045947e-02
5.89843750e-02	1.33383445e-04	1.35725025e-02
5.90332031e-02	1.34047831e-04	1.36407543e-02
5.90820312e-02	1.34715558e-04	1.37093517e-02
5.91308594e-02	1.35386643e-04	1.37782966e-02
5.91796875e-02	1.36061104e-04	1.38475907e-02
5.92285156e-02	1.36738956e-04	1.39172357e-02
5.92773438e-02	1.37420217e-04	1.39872335e-02
5.93261719e-02	1.38104905e-04	1.40575859e-02
5.93750000e-02	1.38793037e-04	1.41282947e-02
5.94238281e-02	1.39484630e-04	1.41993617e-02
5.94726563e-02	1.40179702e-04	1.42707887e-02
5.95214844e-02	1.40878271e-04	1.43425775e-02
5.95703125e-02	1.41580353e-04	1.44147300e-02
5.96191406e-02	1.42285968e-04	1.44872480e-02
5.96679688e-02	1.42995133e-04	1.45601335e-02
5.97167969e-02	1.43707865e-04	1.46333882e-02
5.97656250e-02	1.44424184e-04	1.47070141e-02
5.98144531e-02	1.45144106e-04	1.47810131e-02
5.98632813e-02	1.45867651e-04	1.48553869e-02
5.99121094e-02	1.46594837e-04	1.49301377e-02
5.99609375e-02	1.47325682e-04	1.50052672e-02
6.00097656e-02	1.48060204e-04	1.50807774e-02
6.00585938e-02	1.48798423e-04	1.51566703e-02
6.01074219e-02	1.49540357e-04	1.52329478e-02
6.01562500e-02	1.50286025e-04	1.53096118e-02
6.02050781e-02	1.51035446e-04	1.53866643e-02
6.02539063e-02	1.51788639e-04	1.54641074e-02
6.03027344e-02	1.52545622e-04	1.55419429e-02
6.03515625e-02	1.53306416e-04	1.56201729e-02
6.04003906e-02	1.54071039e-04	1.56987995e-02
6.04492188e-02	1.54839512e-04	1.57778245e-02
6.04980469e-02	1.55611852e-04	1.58572501e-02
6.05468750e-02	1.56388081e-04	1.59370783e-02
6.05957031e-02	1.57168217e-04	1.60173112e-02
6.06445313e-02	1.57952282e-04	1.60979507e-02
6.06933594e-02	1.58740293e-04	1.61789990e-02
6.07421875e-02	1.59532272e-04	1.62604582e-02
6.07910156e-02	1.60328238e-04	1.63423304e-02
6.08398438e-02	1.61128213e-04	1.64246176e-02
6.08886719e-02	1.61932215e-04	1.65073220e-02
6.09375000e-02	1.62740266e-04	1.65904457e-02
6.09863281e-02	1.63552386e-04	1.66739908e-02
6.10351562e-02	1.64368596e-04	1.67579595e-02
6.10839844e-02	1.65188916e-04	1.68423540e-02
6.11328125e-02	1.66013367e-04	1.69271764e-02
6.11816406e-02	1.66841971e-04	1.70124289e-02
6.12304688e-02	1.67674748e-04	1.70981136e-02
6.12792969e-02	1.68511719e-04	1.71842329e-02
6.13281250e-02	1.69352906e-04	1.72707888e-02
6.13769531e-02	1.70198331e-04	1.73577837e-02
6.14257813e-02	1.71048013e-04	1.74452198e-02
6.14746094e-02	1.71901976e-04	1.75330993e-02
6.15234375e-02	1.72760241e-04	1.76214245e-02
6.15722656e-02	1.73622829e-04	1.77101976e-02
6.16210938e-02	1.74489763e-04	1.77994209e-02
6.16699219e-02	1.75361065e-04	1.78890968e-02
6.17187500e-02	1.76236757e-04	1.79792275e-02
6.17675781e-02	1.77116860e-04	1.80698154e-02
6.18164063e-02	1.78001398e-04	1.81608628e-02
6.18652344e-02	1.78890393e-04	1.82523720e-02
6.19140625e-02	1.79783868e-04	1.83443453e-02
6.19628906e-02	1.80681845e-04	1.84367853e-02
6.20117188e-02	1.81584347e-04	1.85296941e-02
6.20605469e-02	1.82491397e-04	1.86230743e-02
6.21093750e-02	1.83403018e-04	1.87169282e-02
6.21582031e-02	1.84319233e-04	1.88112583e-02
6.22070313e-02	1.85240066e-04	1.89060669e-02
6.22558594e-02	1.86165540e-04	1.90013565e-02
6.23046875e-02	1.87095679e-04	1.90971296e-02
6.23535156e-02	1.88030506e-04	1.91933886e-02
6.24023438e-02	1.88970046e-04	1.92901360e-02
6.24511719e-02	1.89914321e-04	1.93873743e-02
6.25000000e-02	1.90863356e-04	1.94851060e-02
6.25488281e-02	1.91817175e-04	1.95833336e-02
6.25976563e-02	1.92775803e-04	1.96820596e-02
6.26464844e-02	1.93739264e-04	1.97812867e-02
6.26953125e-02	1.94707582e-04	1.98810172e-02
6.27441406e-02	1.95680782e-04	1.99812539e-02
6.27929687e-02	1.96658888e-04	2.00819993e-02
6.28417969e-02	1.97641927e-04	2.01832560e-02
6.28906250e-02	1.98629922e-04	2.02850265e-02
6.29394531e-02	1.99622899e-04	2.03873136e-02
6.29882812e-02	2.00620883e-04	2.04901198e-02
6.30371094e-02	2.01623900e-04	2.05934478e-02
6.30859375e-02	2.02631975e-04	2.06973003e-02
6.31347656e-02	2.03645134e-04	2.08016799e-02
6.31835938e-02	2.04663402e-04	2.09065893e-02
6.32324219e-02	2.05686806e-04	2.10120312e-02
6.32812500e-02	2.06715371e-04	2.11180084e-02
6.33300781e-02	2.07749124e-04	2.12245236e-02
6.33789063e-02	2.08788092e-04	2.13315795e-02
6.34277344e-02	2.09832300e-04	2.14391788e-02
6.34765625e-02	2.10881775e-04	2.15473244e-02
6.35253906e-02	2.11936544e-04	2.16560191e-02
6.35742188e-02	2.12996634e-04	2.17652655e-02
6.36230469e-02	2.14062072e-04	2.18750667e-02
6.36718750e-02	2.15132885e-04	2.19854253e-02
6.37207031e-02	2.16209100e-04	2.20963442e-02
6.37695312e-02	2.17290744e-04	2.22078263e-02
6.38183594e-02	2.18377846e-04	2.23198745e-02
6.38671875e-02	2.19470434e-04	2.24324916e-02
6.39160156e-02	2.20568533e-04	2.25456806e-02
6.39648438e-02	2.21672174e-04	2.26594443e-02
6.40136719e-02	2.22781384e-04	2.27737858e-02
6.40625000e-02	2.23896191e-04	2.28887079e-02
6.41113281e-02	2.25016624e-04	2.30042136e-02
6.41601563e-02	2.26142710e-04	2.31203059e-02
6.42089844e-02	2.27274480e-04	2.32369877e-02
6.42578125e-02	2.28411962e-04	2.33542622e-02
6.43066406e-02	2.29555185e-04	2.34721323e-02
6.43554688e-02	2.30704177e-04	2.35906011e-02
6.44042969e-02	2.31858969e-04	2.37096715e-02
6.44531250e-02	2.33019589e-04	2.38293468e-02
6.45019531e-02	2.34186068e-04	2.39496299e-02
6.45507813e-02	2.35358435e-04	2.40705240e-02
6.45996094e-02	2.36536720e-04	2.41920322e-02
6.46484375e-02	2.37720954e-04	2.43141576e-02
6.46972656e-02	2.38911165e-04	2.44369034e-02
6.47460937e-02	2.40107385e-04	2.45602727e-02
6.47949219e-02	2.41309644e-04	2.46842688e-02
6.48437500e-02	2.42517974e-04	2.48088948e-02
6.48925781e-02	2.43732404e-04	2.49341539e-02
6.49414062e-02	2.44952965e-04	2.50600494e-02
6.49902344e-02	2.46179690e-04	2.51865845e-02
6.50390625e-02	2.47412608e-04	2.53137626e-02
6.50878906e-02	2.48651752e-04	2.54415867e-02
6.51367188e-02	2.49897154e-04	2.55700604e-02
6.51855469e-02	2.51148845e-04	2.56991868e-02
6.52343750e-02	2.52406856e-04	2.58289694e-02
6.52832031e-02	2.53671221e-04	2.59594114e-02
6.53320313e-02	2.54941971e-04	2.60905163e-02
6.53808594e-02	2.56219139e-04	2.62222874e-02
6.54296875e-02	2.57502758e-04	2.63547281e-02
6.54785156e-02	2.58792860e-04	2.64878419e-02
6.55273438e-02	2.60089478e-04	2.66216321e-02
6.55761719e-02	2.61392645e-04	2.67561022e-02
6.56250000e-02	2.62702395e-04	2.68912558e-02
6.56738281e-02	2.64018761e-04	2.70270963e-02
6.57226562e-02	2.65341777e-04	2.71636271e-02
6.57714844e-02	2.66671476e-04	2.73008519e-02
6.58203125e-02	2.68007893e-04	2.74387741e-02
6.58691406e-02	2.69351061e-04	2.75773974e-02
6.59179688e-02	2.70701015e-04	2.77167253e-02
6.59667969e-02	2.72057790e-04	2.78567614e-02
6.60156250e-02	2.73421419e-04	2.79975094e-02
6.60644531e-02	2.74791939e-04	2.81389728e-02
6.61132813e-02	2.76169383e-04	2.82811553e-02
6.61621094e-02	2.77553788e-04	2.84240606e-02
6.62109375e-02	2.78945188e-04	2.85676924e-02
6.62597656e-02	2.80343620e-04	2.87120544e-02
6.63085938e-02	2.81749118e-04	2.88571503e-02
6.63574219e-02	2.83161719e-04	2.90029839e-02
6.64062500e-02	2.84581458e-04	2.91495589e-02
6.64550781e-02	2.86008373e-04	2.92968791e-02
6.65039063e-02	2.87442500e-04	2.94449484e-02
6.65527344e-02	2.88883875e-04	2.95937706e-02
6.66015625e-02	2.90332535e-04	2.97433494e-02
6.66503906e-02	2.91788518e-04	2.98936888e-02
6.66992187e-02	2.93251859e-04	3.00447927e-02
6.67480469e-02	2.94722598e-04	3.01966649e-02
6.67968750e-02	2.96200771e-04	3.03493094e-02
6.68457031e-02	2.97686417e-04	3.05027302e-02
6.68945312e-02	2.99179573e-04	3.06569311e-02
6.69433594e-02	3.00680277e-04	3.08119163e-02
6.69921875e-02	3.02188568e-04	3.09676896e-02
6.70410156e-02	3.03704485e-04	3.11242552e-02
6.70898438e-02	3.05228066e-04	3.12816170e-02
6.71386719e-02	3.06759350e-04	3.14397791e-02
6.71875000e-02	3.08298376e-04	3.15987457e-02
6.72363281e-02	3.09845184e-04	3.17585208e-02
6.72851563e-02	3.11399814e-04	3.19191086e-02
6.73339844e-02	3.12962305e-04	3.20805132e-02
6.73828125e-02	3.14532697e-04	3.22427388e-02
6.74316406e-02	3.16111030e-04	3.24057896e-02
6.74804688e-02	3.17697345e-04	3.25696697e-02
6.75292969e-02	3.19291682e-04	3.27343836e-02
6.75781250e-02	3.20894082e-04	3.28999353e-02
6.76269531e-02	3.22504587e-04	3.30663292e-02
6.76757812e-02	3.24123237e-04	3.32335696e-02
6.77246094e-02	3.25750073e-04	3.34016608e-02
6.77734375e-02	3.27385139e-04	3.35706072e-02
6.78222656e-02	3.29028474e-04	3.37404131e-02
6.78710938e-02	3.30680122e-04	3.39110830e-02
6.79199219e-02	3.32340124e-04	3.40826212e-02
6.79687500e-02	3.34008524e-04	3.42550321e-02
6.80175781e-02	3.35685364e-04	3.44283203e-02
6.80664063e-02	3.37370686e-04	3.46024903e-02
6.81152344e-02	3.39064535e-04	3.47775465e-02
6.81640625e-02	3.40766953e-04	3.49534934e-02
6.82128906e-02	3.42477984e-04	3.51303356e-02
6.82617188e-02	3.44197672e-04	3.53080778e-02
6.83105469e-02	3.45926060e-04	3.54867244e-02
6.83593750e-02	3.47663194e-04	3.56662802e-02
6.84082031e-02	3.49409118e-04	3.58467497e-02
6.84570313e-02	3.51163876e-04	3.60281377e-02
6.85058594e-02	3.52927513e-04	3.62104487e-02
6.85546875e-02	3.54700075e-04	3.63936877e-02
6.86035156e-02	3.56481607e-04	3.65778592e-02
6.86523437e-02	3.58272155e-04	3.67629681e-02
6.87011719e-02	3.60071764e-04	3.69490192e-02
6.87500000e-02	3.61880480e-04	3.71360172e-02
6.87988281e-02	3.63698351e-04	3.73239670e-02
6.88476562e-02	3.65525422e-04	3.75128735e-02
6.88964844e-02	3.67361741e-04	3.77027416e-02
6.89453125e-02	3.69207354e-04	3.78935762e-02
6.89941406e-02	3.71062309e-04	3.80853822e-02
6.90429688e-02	3.72926654e-04	3.82781646e-02
6.90917969e-02	3.74800435e-04	3.84719284e-02
6.91406250e-02	3.76683702e-04	3.86666786e-02
6.91894531e-02	3.78576502e-04	3.88624202e-02
6.92382813e-02	3.80478885e-04	3.90591584e-02
6.92871094e-02	3.82390898e-04	3.92568982e-02
6.93359375e-02	3.84312591e-04	3.94556447e-02
6.93847656e-02	3.86244013e-04	3.96554031e-02
6.94335938e-02	3.88185214e-04	3.98561786e-02
6.94824219e-02	3.90136243e-04	4.00579763e-02
6.95312500e-02	3.92097150e-04	4.02608015e-02
6.95800781e-02	3.94067987e-04	4.04646595e-02
6.96289062e-02	3.96048803e-04	4.06695555e-02
6.96777344e-02	3.98039649e-04	4.08754949e-02
6.97265625e-02	4.00040576e-04	4.10824829e-02
6.97753906e-02	4.02051636e-04	4.12905249e-02
6.98242188e-02	4.04072879e-04	4.14996264e-02
6.98730469e-02	4.06104359e-04	4.17097928e-02
6.99218750e-02	4.08146128e-04	4.19210294e-02
6.99707031e-02	4.10198236e-04	4.21333418e-02
7.00195313e-02	4.12260738e-04	4.23467354e-02
7.00683594e-02	4.14333686e-04	4.25612159e-02
7.01171875e-02	4.16417133e-04	4.27767888e-02
7.01660156e-02	4.18511134e-04	4.29934595e-02
7.02148438e-02	4.20615740e-04	4.32112339e-02
7.02636719e-02	4.22731008e-04	4.34301175e-02
7.03125000e-02	4.24856990e-04	4.36501159e-02
7.03613281e-02	4.26993742e-04	4.38712350e-02
7.04101563e-02	4.29141318e-04	4.40934803e-02
7.04589844e-02	4.31299773e-04	4.43168578e-02
7.05078125e-02	4.33469164e-04	4.45413731e-02
7.05566406e-02	4.35649545e-04	4.47670322e-02
7.06054687e-02	4.37840972e-04	4.49938407e-02
7.06542969e-02	4.40043503e-04	4.52218048e-02
7.07031250e-02	4.42257193e-04	4.54509301e-02
7.07519531e-02	4.44482099e-04	4.56812228e-02
7.08007812e-02	4.46718278e-04	4.59126887e-02
7.08496094e-02	4.48965788e-04	4.61453338e-02
7.08984375e-02	4.51224687e-04	4.63791643e-02
7.09472656e-02	4.53495033e-04	4.66141861e-02
7.09960938e-02	4.55776883e-04	4.68504054e-02
7.10449219e-02	4.58070297e-04	4.70878283e-02
7.10937500e-02	4.60375333e-04	4.73264609e-02
7.11425781e-02	4.62692051e-04	4.75663094e-02
7.11914063e-02	4.65020511e-04	4.78073801e-02
7.12402344e-02	4.67360771e-04	4.80496792e-02
7.12890625e-02	4.69712892e-04	4.82932130e-02
7.13378906e-02	4.72076935e-04	4.85379879e-02
7.13867188e-02	4.74452961e-04	4.87840101e-02
7.14355469e-02	4.76841029e-04	4.90312860e-02
7.14843750e-02	4.79241203e-04	4.92798221e-02
7.15332031e-02	4.81653543e-04	4.95296249e-02
7.15820312e-02	4.84078111e-04	4.97807007e-02
7.16308594e-02	4.86514971e-04	5.00330562e-02
7.16796875e-02	4.88964183e-04	5.02866978e-02
7.17285156e-02	4.91425813e-04	5.05416322e-02
7.17773438e-02	4.93899921e-04	5.07978659e-02
7.18261719e-02	4.96386574e-04	5.10554057e-02
7.18750000e-02	4.98885833e-04	5.13142581e-02
7.19238281e-02	5.01397764e-04	5.15744300e-02
7.19726563e-02	5.03922431e-04	5.18359281e-02
7.20214844e-02	5.06459899e-04	5.20987591e-02
7.20703125e-02	5.09010233e-04	5.23629299e-02
7.21191406e-02	5.11573499e-04	5.26284474e-02
7.21679688e-02	5.14149763e-04	5.28953184e-02
7.22167969e-02	5.16739091e-04	5.31635499e-02
7.22656250e-02	5.19341549e-04	5.34331488e-02
7.23144531e-02	5.21957205e-04	5.37041221e-02
7.23632813e-02	5.24586126e-04	5.39764769e-02
7.24121094e-02	5.27228379e-04	5.42502203e-02
7.24609375e-02	5.29884033e-04	5.45253593e-02
7.25097656e-02	5.32553156e-04	5.48019011e-02
7.25585937e-02	5.35235816e-04	5.50798529e-02
7.26074219e-02	5.37932082e-04	5.53592219e-02
7.26562500e-02	5.40642025e-04	5.56400154e-02
7.27050781e-02	5.43365712e-04	5.59222406e-02
7.27539062e-02	5.46103216e-04	5.62059049e-02
7.28027344e-02	5.48854606e-04	5.64910156e-02
7.28515625e-02	5.51619952e-04	5.67775802e-02
7.29003906e-02	5.54399327e-04	5.70656061e-02
7.29492188e-02	5.57192801e-04	5.73551008e-02
7.29980469e-02	5.60000447e-04	5.76460718e-02
7.30468750e-02	5.62822337e-04	5.79385267e-02
7.30957031e-02	5.65658543e-04	5.82324730e-02
7.31445313e-02	5.68509138e-04	5.85279184e-02
7.31933594e-02	5.71374196e-04	5.88248707e-02
7.32421875e-02	5.74253791e-04	5.91233374e-02
7.32910156e-02	5.77147997e-04	5.94233263e-02
7.33398438e-02	5.80056888e-04	5.97248453e-02
7.33886719e-02	5.82980539e-04	6.00279022e-02
7.34375000e-02	5.85919026e-04	6.03325049e-02
7.34863281e-02	5.88872423e-04	6.06386612e-02
7.35351562e-02	5.91840808e-04	6.09463792e-02
7.35839844e-02	5.94824256e-04	6.12556668e-02
7.36328125e-02	5.97822845e-04	6.15665321e-02
7.36816406e-02	6.00836652e-04	6.18789831e-02
7.37304688e-02	6.03865754e-04	6.21930280e-02
7.37792969e-02	6.06910229e-04	6.25086750e-02
7.38281250e-02	6.09970156e-04	6.28259322e-02
7.38769531e-02	6.13045613e-04	6.31448079e-02
7.39257813e-02	6.16136680e-04	6.34653104e-02
7.39746094e-02	6.19243437e-04	6.37874480e-02
7.40234375e-02	6.22365964e-04	6.41112291e-02
7.40722656e-02	6.25504340e-04	6.44366621e-02
7.41210938e-02	6.28658647e-04	6.47637555e-02
7.41699219e-02	6.31828966e-04	6.50925178e-02
7.42187500e-02	6.35015379e-04	6.54229576e-02
7.42675781e-02	6.38217968e-04	6.57550833e-02
7.43164063e-02	6.41436815e-04	6.60889037e-02
7.43652344e-02	6.44672004e-04	6.64244275e-02
7.44140625e-02	6.47923618e-04	6.67616633e-02
7.44628906e-02	6.51191740e-04	6.71006200e-02
7.45117187e-02	6.54476455e-04	6.74413064e-02
7.45605469e-02	6.57777847e-04	6.77837312e-02
7.46093750e-02	6.61096002e-04	6.81279036e-02
7.46582031e-02	6.64431006e-04	6.84738322e-02
7.47070312e-02	6.67782943e-04	6.88215263e-02
7.47558594e-02	6.71151901e-04	6.91709949e-02
7.48046875e-02	6.74537967e-04	6.95222469e-02
7.48535156e-02	6.77941227e-04	6.98752916e-02
7.49023438e-02	6.81361770e-04	7.02301382e-02
7.49511719e-02	6.84799683e-04	7.05867958e-02
7.50000000e-02	6.88255056e-04	7.09452738e-02
7.50488281e-02	6.91727977e-04	7.13055815e-02
7.50976563e-02	6.95218536e-04	7.16677283e-02
7.51464844e-02	6.98726824e-04	7.20317235e-02
7.51953125e-02	7.02252930e-04	7.23975767e-02
7.52441406e-02	7.05796945e-04	7.27652975e-02
7.52929688e-02	7.09358962e-04	7.31348952e-02
7.53417969e-02	7.12939071e-04	7.35063797e-02
7.53906250e-02	7.16537365e-04	7.38797605e-02
7.54394531e-02	7.20153938e-04	7.42550474e-02
7.54882813e-02	7.23788882e-04	7.46322501e-02
7.55371094e-02	7.27442291e-04	7.50113784e-02
7.55859375e-02	7.31114259e-04	7.53924423e-02
7.56347656e-02	7.34804881e-04	7.57754517e-02
7.56835938e-02	7.38514253e-04	7.61604164e-02
7.57324219e-02	7.42242470e-04	7.65473466e-02
7.57812500e-02	7.45989628e-04	7.69362523e-02
7.58300781e-02	7.49755824e-04	7.73271437e-02
7.58789063e-02	7.53541156e-04	7.77200309e-02
7.59277344e-02	7.57345720e-04	7.81149241e-02
7.59765625e-02	7.61169615e-04	7.85118337e-02
7.60253906e-02	7.65012941e-04	7.89107699e-02
7.60742188e-02	7.68875795e-04	7.93117432e-02
7.61230469e-02	7.72758278e-04	7.97147640e-02
7.61718750e-02	7.76660490e-04	8.01198428e-02
7.62207031e-02	7.80582532e-04	8.05269902e-02
7.62695313e-02	7.84524505e-04	8.09362167e-02
7.63183594e-02	7.88486510e-04	8.13475330e-02
7.63671875e-02	7.92468651e-04	8.17609499e-02
7.64160156e-02	7.96471030e-04	8.21764780e-02
7.64648438e-02	8.00493750e-04	8.25941283e-02
7.65136719e-02	8.04536915e-04	8.30139116e-02
7.65625000e-02	8.08600629e-04	8.34358388e-02
7.66113281e-02	8.12684998e-04	8.38599210e-02
7.66601562e-02	8.16790128e-04	8.42861691e-02
7.67089844e-02	8.20916123e-04	8.47145943e-02
7.67578125e-02	8.25063091e-04	8.51452078e-02
7.68066406e-02	8.29231138e-04	8.55780208e-02
7.68554688e-02	8.33420373e-04	8.60130445e-02
7.69042969e-02	8.37630904e-04	8.64502902e-02
7.69531250e-02	8.41862839e-04	8.68897695e-02
7.70019531e-02	8.46116288e-04	8.73314937e-02
7.70507813e-02	8.50391360e-04	8.77754743e-02
7.70996094e-02	8.54688167e-04	8.82217230e-02
7.71484375e-02	8.59006818e-04	8.86702513e-02
7.71972656e-02	8.63347427e-04	8.91210709e-02
7.72460938e-02	8.67710104e-04	8.95741937e-02
7.72949219e-02	8.72094963e-04	9.00296313e-02
7.73437500e-02	8.76502117e-04	9.04873957e-02
7.73925781e-02	8.80931680e-04	9.09474988e-02
7.74414063e-02	8.85383766e-04	9.14099526e-02
7.74902344e-02	8.89858491e-04	9.18747692e-02
7.75390625e-02	8.94355970e-04	9.23419606e-02
7.75878906e-02	8.98876319e-04	9.28115391e-02
7.76367188e-02	9.03419655e-04	9.32835169e-02
7.76855469e-02	9.07986096e-04	9.37579063e-02
7.77343750e-02	9.12575760e-04	9.42347197e-02
7.77832031e-02	9.17188765e-04	9.47139695e-02
7.78320313e-02	9.21825231e-04	9.51956682e-02
7.78808594e-02	9.26485277e-04	9.56798284e-02
7.79296875e-02	9.31169024e-04	9.61664626e-02
7.79785156e-02	9.35876594e-04	9.66555837e-02
7.80273438e-02	9.40608107e-04	9.71472043e-02
7.80761719e-02	9.45363687e-04	9.76413372e-02
7.81250000e-02	9.50143456e-04	9.81379954e-02
7.81738281e-02	9.54947537e-04	9.86371918e-02
7.82226563e-02	9.59776056e-04	9.91389394e-02
7.82714844e-02	9.64629137e-04	9.96432514e-02
7.83203125e-02	9.69506905e-04	1.00150141e-01
7.83691406e-02	9.74409488e-04	1.00659621e-01
7.84179688e-02	9.79337010e-04	1.01171705e-01
7.84667969e-02	9.84289601e-04	1.01686406e-01
7.85156250e-02	9.89267388e-04	1.02203739e-01
7.85644531e-02	9.94270499e-04	1.02723715e-01
7.86132812e-02	9.99299065e-04	1.03246350e-01
7.86621094e-02	1.00435322e-03	1.03771655e-01
7.87109375e-02	1.00943308e-03	1.04299646e-01
7.87597656e-02	1.01453879e-03	1.04830336e-01
7.88085938e-02	1.01967049e-03	1.05363739e-01
7.88574219e-02	1.02482829e-03	1.05899869e-01
7.89062500e-02	1.03001234e-03	1.06438739e-01
7.89550781e-02	1.03522276e-03	1.06980364e-01
7.90039063e-02	1.04045970e-03	1.07524758e-01
7.90527344e-02	1.04572330e-03	1.08071935e-01
7.91015625e-02	1.05101367e-03	1.08621909e-01
7.91503906e-02	1.05633097e-03	1.09174695e-01
7.91992188e-02	1.06167533e-03	1.09730308e-01
7.92480469e-02	1.06704689e-03	1.10288761e-01
7.92968750e-02	1.07244579e-03	1.10850069e-01
7.93457031e-02	1.07787216e-03	1.11414248e-01
7.93945313e-02	1.08332616e-03	1.11981311e-01
7.94433594e-02	1.08880791e-03	1.12551273e-01
7.94921875e-02	1.09431756e-03	1.13124150e-01
7.95410156e-02	1.09985526e-03	1.13699956e-01
7.95898438e-02	1.10542115e-03	1.14278706e-01
7.96386719e-02	1.11101536e-03	1.14860416e-01
7.96875000e-02	1.11663806e-03	1.15445101e-01
7.97363281e-02	1.12228937e-03	1.16032775e-01
7.97851563e-02	1.12796946e-03	1.16623455e-01
7.98339844e-02	1.13367846e-03	1.17217155e-01
7.98828125e-02	1.13941652e-03	1.17813892e-01
7.99316406e-02	1.14518379e-03	1.18413680e-01
7.99804688e-02	1.15098043e-03	1.19016536e-01
8.00292969e-02	1.15680658e-03	1.19622475e-01
8.00781250e-02	1.16266239e-03	1.20231512e-01
8.01269531e-02	1.16854801e-03	1.20843665e-01
8.01757813e-02	1.17446360e-03	1.21458949e-01
8.02246094e-02	1.18040931e-03	1.22077380e-01
8.02734375e-02	1.18638530e-03	1.22698973e-01
8.03222656e-02	1.19239171e-03	1.23323747e-01
8.03710938e-02	1.19842871e-03	1.23951715e-01
8.04199219e-02	1.20449645e-03	1.24582896e-01
8.04687500e-02	1.21059509e-03	1.25217306e-01
8.05175781e-02	1.21672478e-03	1.25854961e-01
8.05664062e-02	1.22288569e-03	1.26495877e-01
8.06152344e-02	1.22907798e-03	1.27140072e-01
8.06640625e-02	1.23530180e-03	1.27787563e-01
8.07128906e-02	1.24155731e-03	1.28438366e-01
8.07617188e-02	1.24784469e-03	1.29092498e-01
8.08105469e-02	1.25416408e-03	1.29749976e-01
8.08593750e-02	1.26051566e-03	1.30410818e-01
8.09082031e-02	1.26689960e-03	1.31075041e-01
8.09570313e-02	1.27331604e-03	1.31742663e-01
8.10058594e-02	1.27976517e-03	1.32413700e-01
8.10546875e-02	1.28624715e-03	1.33088170e-01
8.11035156e-02	1.29276215e-03	1.33766091e-01
8.11523438e-02	1.29931033e-03	1.34447480e-01
8.12011719e-02	1.30589187e-03	1.35132356e-01
8.12500000e-02	1.31250694e-03	1.35820737e-01
8.12988281e-02	1.31915570e-03	1.36512639e-01
8.13476563e-02	1.32583834e-03	1.37208082e-01
8.13964844e-02	1.33255502e-03	1.37907084e-01
8.14453125e-02	1.33930591e-03	1.38609662e-01
8.14941406e-02	1.34609120e-03	1.39315835e-01
8.15429688e-02	1.35291106e-03	1.40025622e-01
8.15917969e-02	1.35976567e-03	1.40739042e-01
8.16406250e-02	1.36665520e-03	1.41456112e-01
8.16894531e-02	1.37357983e-03	1.42176852e-01
8.17382813e-02	1.38053975e-03	1.42901280e-01
8.17871094e-02	1.38753513e-03	1.43629416e-01
8.18359375e-02	1.39456615e-03	1.44361278e-01
8.18847656e-02	1.40163300e-03	1.45096886e-01
8.19335938e-02	1.40873586e-03	1.45836258e-01
8.19824219e-02	1.41587491e-03	1.46579415e-01
8.20312500e-02	1.42305035e-03	1.47326376e-01
8.20800781e-02	1.43026235e-03	1.48077159e-01
8.21289063e-02	1.43751110e-03	1.48831785e-01
8.21777344e-02	1.44479680e-03	1.49590274e-01
8.22265625e-02	1.45211962e-03	1.50352645e-01
8.22753906e-02	1.45947977e-03	1.51118919e-01
8.23242188e-02	1.46687742e-03	1.51889115e-01
8.23730469e-02	1.47431278e-03	1.52663253e-01
8.24218750e-02	1.48178604e-03	1.53441354e-01
8.24707031e-02	1.48929739e-03	1.54223438e-01
8.25195312e-02	1.49684702e-03	1.55009526e-01
8.25683594e-02	1.50443514e-03	1.55799638e-01
8.26171875e-02	1.51206193e-03	1.56593795e-01
8.26660156e-02	1.51972760e-03	1.57392017e-01
8.27148438e-02	1.52743234e-03	1.58194326e-01
8.27636719e-02	1.53517636e-03	1.59000742e-01
8.28125000e-02	1.54295986e-03	1.59811287e-01
8.28613281e-02	1.55078304e-03	1.60625982e-01
8.29101563e-02	1.55864609e-03	1.61444848e-01
8.29589844e-02	1.56654924e-03	1.62267906e-01
8.30078125e-02	1.57449267e-03	1.63095179e-01
8.30566406e-02	1.58247660e-03	1.63926687e-01
8.31054688e-02	1.59050124e-03	1.64762452e-01
8.31542969e-02	1.59856679e-03	1.65602497e-01
8.32031250e-02	1.60667346e-03	1.66446844e-01
8.32519531e-02	1.61482147e-03	1.67295514e-01
8.33007813e-02	1.62301102e-03	1.68148529e-01
8.33496094e-02	1.63124233e-03	1.69005913e-01
8.33984375e-02	1.63951561e-03	1.69867687e-01
8.34472656e-02	1.64783108e-03	1.70733874e-01
8.34960938e-02	1.65618895e-03	1.71604497e-01
8.35449219e-02	1.66458944e-03	1.72479578e-01
8.35937500e-02	1.67303277e-03	1.73359141e-01
8.36425781e-02	1.68151916e-03	1.74243208e-01
8.36914063e-02	1.69004882e-03	1.75131802e-01
8.37402344e-02	1.69862198e-03	1.76024948e-01
8.37890625e-02	1.70723887e-03	1.76922668e-01
8.38378906e-02	1.71589970e-03	1.77824985e-01
8.38867188e-02	1.72460470e-03	1.78731924e-01
8.39355469e-02	1.73335410e-03	1.79643508e-01
8.39843750e-02	1.74214813e-03	1.80559762e-01
8.40332031e-02	1.75098700e-03	1.81480708e-01
8.40820313e-02	1.75987097e-03	1.82406371e-01
8.41308594e-02	1.76880024e-03	1.83336775e-01
8.41796875e-02	1.77777506e-03	1.84271946e-01
8.42285156e-02	1.78679567e-03	1.85211906e-01
8.42773438e-02	1.79586228e-03	1.86156682e-01
8.43261719e-02	1.80497515e-03	1.87106297e-01
8.43750000e-02	1.81413450e-03	1.88060776e-01
8.44238281e-02	1.82334058e-03	1.89020146e-01
8.44726562e-02	1.83259362e-03	1.89984429e-01
8.45214844e-02	1.84189387e-03	1.90953653e-01
8.45703125e-02	1.85124156e-03	1.91927842e-01
8.46191406e-02	1.86063694e-03	1.92907021e-01
8.46679688e-02	1.87008026e-03	1.93891217e-01
8.47167969e-02	1.87957175e-03	1.94880456e-01
8.47656250e-02	1.88911168e-03	1.95874762e-01
8.48144531e-02	1.89870027e-03	1.96874163e-01
8.48632813e-02	1.90833779e-03	1.97878684e-01
8.49121094e-02	1.91802449e-03	1.98888352e-01
8.49609375e-02	1.92776061e-03	1.99903194e-01
8.50097656e-02	1.93754641e-03	2.00923235e-01
8.50585938e-02	1.94738215e-03	2.01948502e-01
8.51074219e-02	1.95726807e-03	2.02979023e-01
8.51562500e-02	1.96720445e-03	2.04014825e-01
8.52050781e-02	1.97719153e-03	2.05055933e-01
8.52539063e-02	1.98722957e-03	2.06102377e-01
8.53027344e-02	1.99731884e-03	2.07154183e-01
8.53515625e-02	2.00745960e-03	2.08211379e-01
8.54003906e-02	2.01765212e-03	2.09273993e-01
8.54492188e-02	2.02789665e-03	2.10342052e-01
8.54980469e-02	2.03819347e-03	2.11415584e-01
8.55468750e-02	2.04854284e-03	2.12494618e-01
8.55957031e-02	2.05894503e-03	2.13579182e-01
8.56445313e-02	2.06940031e-03	2.14669304e-01
8.56933594e-02	2.07990896e-03	2.15765013e-01
8.57421875e-02	2.09047125e-03	2.16866338e-01
8.57910156e-02	2.10108746e-03	2.17973307e-01
8.58398438e-02	2.11175785e-03	2.19085950e-01
8.58886719e-02	2.12248271e-03	2.20204295e-01
8.59375000e-02	2.13326231e-03	2.21328373e-01
8.59863281e-02	2.14409695e-03	2.22458212e-01
8.60351563e-02	2.15498689e-03	2.23593842e-01
8.60839844e-02	2.16593242e-03	2.24735293e-01
8.61328125e-02	2.17693384e-03	2.25882595e-01
8.61816406e-02	2.18799142e-03	2.27035778e-01
8.62304688e-02	2.19910544e-03	2.28194872e-01
8.62792969e-02	2.21027622e-03	2.29359908e-01
8.63281250e-02	2.22150402e-03	2.30530915e-01
8.63769531e-02	2.23278915e-03	2.31707926e-01
8.64257812e-02	2.24413189e-03	2.32890971e-01
8.64746094e-02	2.25553255e-03	2.34080080e-01
8.65234375e-02	2.26699143e-03	2.35275285e-01
8.65722656e-02	2.27850881e-03	2.36476618e-01
8.66210938e-02	2.29008500e-03	2.37684109e-01
8.66699219e-02	2.30172030e-03	2.38897791e-01
8.67187500e-02	2.31341501e-03	2.40117696e-01
8.67675781e-02	2.32516944e-03	2.41343855e-01
8.68164063e-02	2.33698390e-03	2.42576300e-01
8.68652344e-02	2.34885869e-03	2.43815064e-01
8.69140625e-02	2.36079412e-03	2.45060180e-01
8.69628906e-02	2.37279050e-03	2.46311680e-01
8.70117188e-02	2.38484815e-03	2.47569597e-01
8.70605469e-02	2.39696738e-03	2.48833964e-01
8.71093750e-02	2.40914850e-03	2.50104814e-01
8.71582031e-02	2.42139184e-03	2.51382180e-01
8.72070313e-02	2.43369770e-03	2.52666096e-01
8.72558594e-02	2.44606642e-03	2.53956596e-01
8.73046875e-02	2.45849831e-03	2.55253714e-01
8.73535156e-02	2.47099370e-03	2.56557484e-01
8.74023438e-02	2.48355292e-03	2.57867939e-01
8.74511719e-02	2.49617628e-03	2.59185114e-01
8.75000000e-02	2.50886413e-03	2.60509044e-01
8.75488281e-02	2.52161678e-03	2.61839764e-01
8.75976563e-02	2.53443458e-03	2.63177309e-01
8.76464844e-02	2.54731786e-03	2.64521713e-01
8.76953125e-02	2.56026695e-03	2.65873012e-01
8.77441406e-02	2.57328219e-03	2.67231241e-01
8.77929688e-02	2.58636392e-03	2.68596437e-01
8.78417969e-02	2.59951248e-03	2.69968634e-01
8.78906250e-02	2.61272822e-03	2.71347870e-01
8.79394531e-02	2.62601147e-03	2.72734179e-01
8.79882813e-02	2.63936259e-03	2.74127599e-01
8.80371094e-02	2.65278192e-03	2.75528167e-01
8.80859375e-02	2.66626981e-03	2.76935918e-01
8.81347656e-02	2.67982662e-03	2.78350890e-01
8.81835938e-02	2.69345269e-03	2.79773121e-01
8.82324219e-02	2.70714839e-03	2.81202646e-01
8.82812500e-02	2.72091407e-03	2.82639505e-01
8.83300781e-02	2.73475008e-03	2.84083735e-01
8.83789062e-02	2.74865680e-03	2.85535373e-01
8.84277344e-02	2.76263458e-03	2.86994458e-01
8.84765625e-02	2.77668379e-03	2.88461028e-01
8.85253906e-02	2.79080479e-03	2.89935121e-01
8.85742188e-02	2.80499795e-03	2.91416778e-01
8.86230469e-02	2.81926364e-03	2.92906035e-01
8.86718750e-02	2.83360224e-03	2.94402933e-01
8.87207031e-02	2.84801412e-03	2.95907510e-01
8.87695313e-02	2.86249965e-03	2.97419807e-01
8.88183594e-02	2.87705921e-03	2.98939863e-01
8.88671875e-02	2.89169318e-03	3.00467718e-01
8.89160156e-02	2.90640195e-03	3.02003412e-01
8.89648438e-02	2.92118590e-03	3.03546985e-01
8.90136719e-02	2.93604540e-03	3.05098478e-01
8.90625000e-02	2.95098086e-03	3.06657933e-01
8.91113281e-02	2.96599266e-03	3.08225389e-01
8.91601563e-02	2.98108119e-03	3.09800887e-01
8.92089844e-02	2.99624685e-03	3.11384471e-01
8.92578125e-02	3.01149003e-03	3.12976180e-01
8.93066406e-02	3.02681113e-03	3.14576057e-01
8.93554688e-02	3.04221055e-03	3.16184144e-01
8.94042969e-02	3.05768869e-03	3.17800483e-01
8.94531250e-02	3.07324596e-03	3.19425117e-01
8.95019531e-02	3.08888275e-03	3.21058088e-01
8.95507813e-02	3.10459949e-03	3.22699439e-01
8.95996094e-02	3.12039658e-03	3.24349214e-01
8.96484375e-02	3.13627443e-03	3.26007455e-01
8.96972656e-02	3.15223345e-03	3.27674207e-01
8.97460938e-02	3.16827407e-03	3.29349513e-01
8.97949219e-02	3.18439670e-03	3.31033417e-01
8.98437500e-02	3.20060176e-03	3.32725964e-01
8.98925781e-02	3.21688968e-03	3.34427198e-01
8.99414063e-02	3.23326088e-03	3.36137163e-01
8.99902344e-02	3.24971579e-03	3.37855905e-01
9.00390625e-02	3.26625484e-03	3.39583469e-01
9.00878906e-02	3.28287845e-03	3.41319901e-01
9.01367188e-02	3.29958708e-03	3.43065245e-01
9.01855469e-02	3.31638114e-03	3.44819548e-01
9.02343750e-02	3.33326108e-03	3.46582857e-01
9.02832031e-02	3.35022734e-03	3.48355216e-01
9.03320312e-02	3.36728037e-03	3.50136674e-01
9.03808594e-02	3.38442060e-03	3.51927277e-01
9.04296875e-02	3.40164849e-03	3.53727071e-01
9.04785156e-02	3.41896448e-03	3.55536105e-01
9.05273438e-02	3.43636904e-03	3.57354426e-01
9.05761719e-02	3.45386261e-03	3.59182081e-01
9.06250000e-02	3.47144564e-03	3.61019119e-01
9.06738281e-02	3.48911861e-03	3.62865589e-01
9.07226563e-02	3.50688197e-03	3.64721538e-01
9.07714844e-02	3.52473618e-03	3.66587015e-01
9.08203125e-02	3.54268171e-03	3.68462071e-01
9.08691406e-02	3.56071904e-03	3.70346753e-01
9.09179688e-02	3.57884862e-03	3.72241111e-01
9.09667969e-02	3.59707095e-03	3.74145196e-01
9.10156250e-02	3.61538648e-03	3.76059058e-01
9.10644531e-02	3.63379570e-03	3.77982746e-01
9.11132813e-02	3.65229910e-03	3.79916312e-01
9.11621094e-02	3.67089715e-03	3.81859806e-01
9.12109375e-02	3.68959034e-03	3.83813279e-01
9.12597656e-02	3.70837916e-03	3.85776784e-01
9.13085938e-02	3.72726410e-03	3.87750371e-01
9.13574219e-02	3.74624565e-03	3.89734092e-01
9.14062500e-02	3.76532432e-03	3.91728000e-01
9.14550781e-02	3.78450059e-03	3.93732148e-01
9.15039063e-02	3.80377497e-03	3.95746587e-01
9.15527344e-02	3.82314797e-03	3.97771371e-01
9.16015625e-02	3.84262009e-03	3.99806554e-01
9.16503906e-02	3.86219184e-03	4.01852188e-01
9.16992188e-02	3.88186372e-03	4.03908328e-01
9.17480469e-02	3.90163627e-03	4.05975028e-01
9.17968750e-02	3.92150998e-03	4.08052342e-01
9.18457031e-02	3.94148539e-03	4.10140325e-01
9.18945313e-02	3.96156301e-03	4.12239032e-01
9.19433594e-02	3.98174337e-03	4.14348518e-01
9.19921875e-02	4.00202700e-03	4.16468838e-01
9.20410156e-02	4.02241442e-03	4.18600049e-01
9.20898438e-02	4.04290617e-03	4.20742207e-01
9.21386719e-02	4.06350279e-03	4.22895368e-01
9.21875000e-02	4.08420482e-03	4.25059589e-01
9.22363281e-02	4.10501279e-03	4.27234926e-01
9.22851562e-02	4.12592725e-03	4.29421437e-01
9.23339844e-02	4.14694875e-03	4.31619180e-01
9.23828125e-02	4.16807784e-03	4.33828212e-01
9.24316406e-02	4.18931507e-03	4.36048592e-01
9.24804688e-02	4.21066099e-03	4.38280378e-01
9.25292969e-02	4.23211616e-03	4.40523629e-01
9.25781250e-02	4.25368116e-03	4.42778404e-01
9.26269531e-02	4.27535653e-03	4.45044763e-01
9.26757813e-02	4.29714284e-03	4.47322764e-01
9.27246094e-02	4.31904068e-03	4.49612469e-01
9.27734375e-02	4.34105060e-03	4.51913937e-01
9.28222656e-02	4.36317318e-03	4.54227229e-01
9.28710938e-02	4.38540902e-03	4.56552406e-01
9.29199219e-02	4.40775867e-03	4.58889530e-01
9.29687500e-02	4.43022274e-03	4.61238661e-01
9.30175781e-02	4.45280180e-03	4.63599862e-01
9.30664063e-02	4.47549646e-03	4.65973195e-01
9.31152344e-02	4.49830730e-03	4.68358722e-01
9.31640625e-02	4.52123491e-03	4.70756507e-01
9.32128906e-02	4.54427991e-03	4.73166612e-01
9.32617188e-02	4.56744289e-03	4.75589101e-01
9.33105469e-02	4.59072447e-03	4.78024038e-01
9.33593750e-02	4.61412523e-03	4.80471488e-01
9.34082031e-02	4.63764582e-03	4.82931513e-01
9.34570313e-02	4.66128682e-03	4.85404181e-01
9.35058594e-02	4.68504888e-03	4.87889554e-01
9.35546875e-02	4.70893260e-03	4.90387700e-01
9.36035156e-02	4.73293862e-03	4.92898684e-01
9.36523438e-02	4.75706755e-03	4.95422571e-01
9.37011719e-02	4.78132004e-03	4.97959430e-01
9.37500000e-02	4.80569672e-03	5.00509326e-01
9.37988281e-02	4.83019823e-03	5.03072326e-01
9.38476563e-02	4.85482520e-03	5.05648499e-01
9.38964844e-02	4.87957829e-03	5.08237912e-01
9.39453125e-02	4.90445813e-03	5.10840634e-01
9.39941406e-02	4.92946539e-03	5.13456733e-01
9.40429688e-02	4.95460072e-03	5.16086277e-01
9.40917969e-02	4.97986477e-03	5.18729338e-01
9.41406250e-02	5.00525821e-03	5.21385983e-01
9.41894531e-02	5.03078171e-03	5.24056283e-01
9.42382812e-02	5.05643592e-03	5.26740309e-01
9.42871094e-02	5.08222153e-03	5.29438132e-01
9.43359375e-02	5.10813920e-03	5.32149822e-01
9.43847656e-02	5.13418962e-03	5.34875450e-01
9.44335938e-02	5.16037347e-03	5.37615090e-01
9.44824219e-02	5.18669144e-03	5.40368813e-01
9.45312500e-02	5.21314421e-03	5.43136692e-01
9.45800781e-02	5.23973248e-03	5.45918800e-01
9.46289063e-02	5.26645694e-03	5.48715209e-01
9.46777344e-02	5.29331830e-03	5.51525995e-01
9.47265625e-02	5.32031726e-03	5.54351231e-01
9.47753906e-02	5.34745452e-03	5.57190991e-01
9.48242188e-02	5.37473080e-03	5.60045351e-01
9.48730469e-02	5.40214681e-03	5.62914386e-01
9.49218750e-02	5.42970326e-03	5.65798171e-01
9.49707031e-02	5.45740089e-03	5.68696783e-01
9.50195313e-02	5.48524042e-03	5.71610298e-01
9.50683594e-02	5.51322258e-03	5.74538793e-01
9.51171875e-02	5.54134809e-03	5.77482346e-01
9.51660156e-02	5.56961771e-03	5.80441033e-01
9.52148438e-02	5.59803216e-03	5.83414933e-01
9.52636719e-02	5.62659220e-03	5.86404125e-01
9.53125000e-02	5.65529856e-03	5.89408687e-01
9.53613281e-02	5.68415202e-03	5.92428699e-01
9.54101563e-02	5.71315331e-03	5.95464240e-01
9.54589844e-02	5.74230320e-03	5.98515390e-01
9.55078125e-02	5.77160246e-03	6.01582231e-01
9.55566406e-02	5.80105185e-03	6.04664842e-01
9.56054688e-02	5.83065215e-03	6.07763306e-01
9.56542969e-02	5.86040413e-03	6.10877704e-01
9.57031250e-02	5.89030856e-03	6.14008119e-01
9.57519531e-02	5.92036625e-03	6.17154632e-01
9.58007813e-02	5.95057797e-03	6.20317327e-01
9.58496094e-02	5.98094451e-03	6.23496288e-01
9.58984375e-02	6.01146668e-03	6.26691599e-01
9.59472656e-02	6.04214526e-03	6.29903343e-01
9.59960938e-02	6.07298108e-03	6.33131606e-01
9.60449219e-02	6.10397493e-03	6.36376472e-01
9.60937500e-02	6.13512762e-03	6.39638029e-01
9.61425781e-02	6.16643999e-03	6.42916361e-01
9.61914062e-02	6.19791284e-03	6.46211555e-01
9.62402344e-02	6.22954700e-03	6.49523699e-01
9.62890625e-02	6.26134330e-03	6.52852879e-01
9.63378906e-02	6.29330258e-03	6.56199184e-01
9.63867188e-02	6.32542567e-03	6.59562702e-01
9.64355469e-02	6.35771342e-03	6.62943522e-01
9.64843750e-02	6.39016668e-03	6.66341733e-01
9.65332031e-02	6.42278628e-03	6.69757425e-01
9.65820313e-02	6.45557310e-03	6.73190689e-01
9.66308594e-02	6.48852799e-03	6.76641614e-01
9.66796875e-02	6.52165182e-03	6.80110292e-01
9.67285156e-02	6.55494545e-03	6.83596815e-01
9.67773438e-02	6.58840976e-03	6.87101275e-01
9.68261719e-02	6.62204562e-03	6.90623764e-01
9.68750000e-02	6.65585393e-03	6.94164376e-01
9.69238281e-02	6.68983556e-03	6.97723203e-01
9.69726563e-02	6.72399141e-03	7.01300341e-01
9.70214844e-02	6.75832237e-03	7.04895883e-01
9.70703125e-02	6.79282935e-03	7.08509925e-01
9.71191406e-02	6.82751325e-03	7.12142562e-01
9.71679688e-02	6.86237498e-03	7.15793890e-01
9.72167969e-02	6.89741545e-03	7.19464006e-01
9.72656250e-02	6.93263559e-03	7.23153006e-01
9.73144531e-02	6.96803633e-03	7.26860988e-01
9.73632813e-02	7.00361858e-03	7.30588051e-01
9.74121094e-02	7.03938328e-03	7.34334292e-01
9.74609375e-02	7.07533138e-03	7.38099810e-01
9.75097656e-02	7.11146382e-03	7.41884706e-01
9.75585938e-02	7.14778154e-03	7.45689080e-01
9.76074219e-02	7.18428549e-03	7.49513031e-01
9.76562500e-02	7.22097665e-03	7.53356660e-01
9.77050781e-02	7.25785596e-03	7.57220071e-01
9.77539063e-02	7.29492441e-03	7.61103364e-01
9.78027344e-02	7.33218295e-03	7.65006643e-01
9.78515625e-02	7.36963258e-03	7.68930010e-01
9.79003906e-02	7.40727427e-03	7.72873569e-01
9.79492188e-02	7.44510901e-03	7.76837425e-01
9.79980469e-02	7.48313779e-03	7.80821683e-01
9.80468750e-02	7.52136162e-03	7.84826447e-01
9.80957031e-02	7.55978150e-03	7.88851824e-01
9.81445312e-02	7.59839844e-03	7.92897920e-01
9.81933594e-02	7.63721345e-03	7.96964843e-01
9.82421875e-02	7.67622755e-03	8.01052699e-01
9.82910156e-02	7.71544177e-03	8.05161597e-01
9.83398438e-02	7.75485713e-03	8.09291646e-01
9.83886719e-02	7.79447467e-03	8.13442955e-01
9.84375000e-02	7.83429544e-03	8.17615633e-01
9.84863281e-02	7.87432047e-03	8.21809792e-01
9.85351563e-02	7.91455083e-03	8.26025541e-01
9.85839844e-02	7.95498756e-03	8.30262994e-01
9.86328125e-02	7.99563173e-03	8.34522260e-01
9.86816406e-02	8.03648441e-03	8.38803455e-01
9.87304688e-02	8.07754667e-03	8.43106690e-01
9.87792969e-02	8.11881959e-03	8.47432079e-01
9.88281250e-02	8.16030425e-03	8.51779738e-01
9.88769531e-02	8.20200175e-03	8.56149781e-01
9.89257813e-02	8.24391318e-03	8.60542323e-01
9.89746094e-02	8.28603964e-03	8.64957482e-01
9.90234375e-02	8.32838224e-03	8.69395374e-01
9.90722656e-02	8.37094209e-03	8.73856116e-01
9.91210938e-02	8.41372031e-03	8.78339826e-01
9.91699219e-02	8.45671803e-03	8.82846624e-01
9.92187500e-02	8.49993637e-03	8.87376628e-01
9.92675781e-02	8.54337647e-03	8.91929958e-01
9.93164063e-02	8.58703947e-03	8.96506735e-01
9.93652344e-02	8.63092653e-03	9.01107081e-01
9.94140625e-02	8.67503879e-03	9.05731116e-01
9.94628906e-02	8.71937742e-03	9.10378964e-01
9.95117188e-02	8.76394357e-03	9.15050748e-01
9.95605469e-02	8.80873843e-03	9.19746590e-01
9.96093750e-02	8.85376316e-03	9.24466616e-01
9.96582031e-02	8.89901896e-03	9.29210951e-01
9.97070313e-02	8.94450702e-03	9.33979720e-01
9.97558594e-02	8.99022852e-03	9.38773049e-01
9.98046875e-02	9.03618468e-03	9.43591066e-01
9.98535156e-02	9.08237669e-03	9.48433898e-01
9.99023438e-02	9.12880578e-03	9.53301674e-01
9.99511719e-02	9.17547317e-03	9.58194522e-01
1.00000000e-01	9.22238008e-03	9.63112571e-01
