0.00000000e+00	0.00000000e+00	1.01816130e-04
4.88281250e-05	4.97152598e-09	1.01817574e-04
9.76562500e-05	9.94316727e-09	1.01820854e-04
1.46484375e-04	1.49150215e-08	1.01826297e-04
1.95312500e-04	1.98871942e-08	1.01833898e-04
2.44140625e-04	2.48597909e-08	1.01843659e-04
2.92968750e-04	2.98329169e-08	1.01855583e-04
3.41796875e-04	3.48066780e-08	1.01869671e-04
3.90625000e-04	3.97811798e-08	1.01885923e-04
4.39453125e-04	4.47565280e-08	1.01904340e-04
4.88281250e-04	4.97328283e-08	1.01924923e-04
5.37109375e-04	5.47101866e-08	1.01947672e-04
5.85937500e-04	5.96887086e-08	1.01972589e-04
6.34765625e-04	6.46685002e-08	1.01999673e-04
6.83593750e-04	6.96496672e-08	1.02028927e-04
7.32421875e-04	7.46323155e-08	1.02060350e-04
7.81250000e-04	7.96165512e-08	1.02093943e-04
8.30078125e-04	8.46024801e-08	1.02129707e-04
8.78906250e-04	8.95902083e-08	1.02167643e-04
9.27734375e-04	9.45798420e-08	1.02207752e-04
9.76562500e-04	9.95714871e-08	1.02250034e-04
1.02539063e-03	1.04565250e-07	1.02294492e-04
1.07421875e-03	1.09561237e-07	1.02341126e-04
1.12304688e-03	1.14559554e-07	1.02389936e-04
1.17187500e-03	1.19560307e-07	1.02440925e-04
1.22070312e-03	1.24563603e-07	1.02494094e-04
1.26953125e-03	1.29569549e-07	1.02549443e-04
1.31835938e-03	1.34578251e-07	1.02606974e-04
1.36718750e-03	1.39589815e-07	1.02666689e-04
1.41601563e-03	1.44604348e-07	1.02728588e-04
1.46484375e-03	1.49621957e-07	1.02792674e-04
1.51367188e-03	1.54642748e-07	1.02858947e-04
1.56250000e-03	1.59666829e-07	1.02927410e-04
1.61132813e-03	1.64694307e-07	1.02998064e-04
1.66015625e-03	1.69725288e-07	1.03070911e-04
1.70898438e-03	1.74759879e-07	1.03145952e-04
1.75781250e-03	1.79798188e-07	1.03223190e-04
1.80664063e-03	1.84840322e-07	1.03302625e-04
1.85546875e-03	1.89886389e-07	1.03384260e-04
1.90429688e-03	1.94936495e-07	1.03468097e-04
1.95312500e-03	1.99990749e-07	1.03554138e-04
2.00195313e-03	2.05049258e-07	1.03642385e-04
2.05078125e-03	2.10112130e-07	1.03732840e-04
2.09960937e-03	2.15179472e-07	1.03825505e-04
2.14843750e-03	2.20251393e-07	1.03920382e-04
2.19726562e-03	2.25328001e-07	1.04017474e-04
2.24609375e-03	2.30409404e-07	1.04116782e-04
2.29492188e-03	2.35495710e-07	1.04218310e-04
2.34375000e-03	2.40587027e-07	1.04322059e-04
2.39257813e-03	2.45683465e-07	1.04428033e-04
2.44140625e-03	2.50785132e-07	1.04536233e-04
2.49023438e-03	2.55892136e-07	1.04646662e-04
2.53906250e-03	2.61004587e-07	1.04759322e-04
2.58789063e-03	2.66122593e-07	1.04874217e-04
2.63671875e-03	2.71246264e-07	1.04991350e-04
2.68554688e-03	2.76375709e-07	1.05110722e-04
2.73437500e-03	2.81511038e-07	1.05232336e-04
2.78320313e-03	2.86652359e-07	1.05356197e-04
2.83203125e-03	2.91799784e-07	1.05482305e-04
2.88085938e-03	2.96953421e-07	1.05610666e-04
2.92968750e-03	3.02113380e-07	1.05741280e-04
2.97851563e-03	3.07279773e-07	1.05874153e-04
3.02734375e-03	3.12452708e-07	1.06009286e-04
3.07617188e-03	3.17632297e-07	1.06146683e-04
3.12500000e-03	3.22818651e-07	1.06286347e-04
3.17382812e-03	3.28011879e-07	1.06428282e-04
3.22265625e-03	3.33212093e-07	1.06572490e-04
3.27148438e-03	3.38419404e-07	1.06718976e-04
3.32031250e-03	3.43633924e-07	1.06867743e-04
3.36914063e-03	3.48855763e-07	1.07018793e-04
3.41796875e-03	3.54085034e-07	1.07172132e-04
3.46679688e-03	3.59321847e-07	1.07327762e-04
3.51562500e-03	3.64566316e-07	1.07485687e-04
3.56445313e-03	3.69818553e-07	1.07645911e-04
3.61328125e-03	3.75078669e-07	1.07808438e-04
3.66210938e-03	3.80346777e-07	1.07973271e-04
3.71093750e-03	3.85622990e-07	1.08140414e-04
3.75976563e-03	3.90907421e-07	1.08309872e-04
3.80859375e-03	3.96200182e-07	1.08481648e-04
3.85742188e-03	4.01501388e-07	1.08655747e-04
3.90625000e-03	4.06811152e-07	1.08832172e-04
3.95507812e-03	4.12129587e-07	1.09010928e-04
4.00390625e-03	4.17456807e-07	1.09192018e-04
4.05273438e-03	4.22792927e-07	1.09375448e-04
4.10156250e-03	4.28138061e-07	1.09561222e-04
4.15039062e-03	4.33492322e-07	1.09749343e-04
4.19921875e-03	4.38855827e-07	1.09939817e-04
4.24804688e-03	4.44228690e-07	1.10132648e-04
4.29687500e-03	4.49611026e-07	1.10327840e-04
4.34570313e-03	4.55002951e-07	1.10525398e-04
4.39453125e-03	4.60404580e-07	1.10725328e-04
4.44335937e-03	4.65816029e-07	1.10927632e-04
4.49218750e-03	4.71237415e-07	1.11132317e-04
4.54101563e-03	4.76668853e-07	1.11339387e-04
4.58984375e-03	4.82110460e-07	1.11548847e-04
4.63867188e-03	4.87562354e-07	1.11760702e-04
4.68750000e-03	4.93024650e-07	1.11974957e-04
4.73632813e-03	4.98497467e-07	1.12191617e-04
4.78515625e-03	5.03980921e-07	1.12410687e-04
4.83398438e-03	5.09475132e-07	1.12632173e-04
4.88281250e-03	5.14980216e-07	1.12856079e-04
4.93164063e-03	5.20496292e-07	1.13082411e-04
4.98046875e-03	5.26023480e-07	1.13311175e-04
5.02929688e-03	5.31561896e-07	1.13542375e-04
5.07812500e-03	5.37111662e-07	1.13776017e-04
5.12695312e-03	5.42672895e-07	1.14012107e-04
5.17578125e-03	5.48245716e-07	1.14250650e-04
5.22460938e-03	5.53830245e-07	1.14491652e-04
5.27343750e-03	5.59426602e-07	1.14735119e-04
5.32226563e-03	5.65034907e-07	1.14981057e-04
5.37109375e-03	5.70655281e-07	1.15229470e-04
5.41992188e-03	5.76287846e-07	1.15480366e-04
5.46875000e-03	5.81932722e-07	1.15733749e-04
5.51757813e-03	5.87590031e-07	1.15989627e-04
5.56640625e-03	5.93259895e-07	1.16248005e-04
5.61523438e-03	5.98942436e-07	1.16508889e-04
5.66406250e-03	6.04637777e-07	1.16772286e-04
5.71289063e-03	6.10346041e-07	1.17038201e-04
5.76171875e-03	6.16067351e-07	1.17306641e-04
5.81054688e-03	6.21801829e-07	1.17577612e-04
5.85937500e-03	6.27549601e-07	1.17851121e-04
5.90820313e-03	6.33310790e-07	1.18127175e-04
5.95703125e-03	6.39085520e-07	1.18405779e-04
6.00585938e-03	6.44873917e-07	1.18686940e-04
6.05468750e-03	6.50676105e-07	1.18970666e-04
6.10351562e-03	6.56492209e-07	1.19256962e-04
6.15234375e-03	6.62322355e-07	1.19545836e-04
6.20117188e-03	6.68166670e-07	1.19837294e-04
6.25000000e-03	6.74025279e-07	1.20131343e-04
6.29882813e-03	6.79898310e-07	1.20427991e-04
6.34765625e-03	6.85785889e-07	1.20727244e-04
6.39648438e-03	6.91688143e-07	1.21029109e-04
6.44531250e-03	6.97605202e-07	1.21333594e-04
6.49414063e-03	7.03537191e-07	1.21640705e-04
6.54296875e-03	7.09484241e-07	1.21950451e-04
6.59179688e-03	7.15446479e-07	1.22262837e-04
6.64062500e-03	7.21424036e-07	1.22577873e-04
6.68945313e-03	7.27417040e-07	1.22895565e-04
6.73828125e-03	7.33425621e-07	1.23215920e-04
6.78710938e-03	7.39449910e-07	1.23538947e-04
6.83593750e-03	7.45490037e-07	1.23864653e-04
6.88476563e-03	7.51546133e-07	1.24193046e-04
6.93359375e-03	7.57618330e-07	1.24524133e-04
6.98242188e-03	7.63706759e-07	1.24857923e-04
7.03125000e-03	7.69811552e-07	1.25194423e-04
7.08007812e-03	7.75932843e-07	1.25533641e-04
7.12890625e-03	7.82070763e-07	1.25875586e-04
7.17773438e-03	7.88225447e-07	1.26220265e-04
7.22656250e-03	7.94397028e-07	1.26567686e-04
7.27539063e-03	8.00585640e-07	1.26917858e-04
7.32421875e-03	8.06791418e-07	1.27270790e-04
7.37304688e-03	8.13014496e-07	1.27626489e-04
7.42187500e-03	8.19255010e-07	1.27984964e-04
7.47070313e-03	8.25513095e-07	1.28346224e-04
7.51953125e-03	8.31788889e-07	1.28710276e-04
7.56835938e-03	8.38082527e-07	1.29077131e-04
7.61718750e-03	8.44394146e-07	1.29446795e-04
7.66601563e-03	8.50723884e-07	1.29819279e-04
7.71484375e-03	8.57071879e-07	1.30194591e-04
7.76367188e-03	8.63438269e-07	1.30572740e-04
7.81250000e-03	8.69823193e-07	1.30953734e-04
7.86132813e-03	8.76226789e-07	1.31337584e-04
7.91015625e-03	8.82649199e-07	1.31724298e-04
7.95898438e-03	8.89090560e-07	1.32113885e-04
8.00781250e-03	8.95551015e-07	1.32506354e-04
8.05664062e-03	9.02030705e-07	1.32901715e-04
8.10546875e-03	9.08529769e-07	1.33299977e-04
8.15429687e-03	9.15048352e-07	1.33701150e-04
8.20312500e-03	9.21586594e-07	1.34105244e-04
8.25195313e-03	9.28144638e-07	1.34512266e-04
8.30078125e-03	9.34722629e-07	1.34922229e-04
8.34960938e-03	9.41320709e-07	1.35335140e-04
8.39843750e-03	9.47939023e-07	1.35751011e-04
8.44726563e-03	9.54577716e-07	1.36169850e-04
8.49609375e-03	9.61236933e-07	1.36591668e-04
8.54492188e-03	9.67916819e-07	1.37016475e-04
8.59375000e-03	9.74617521e-07	1.37444281e-04
8.64257812e-03	9.81339186e-07	1.37875096e-04
8.69140625e-03	9.88081960e-07	1.38308930e-04
8.74023438e-03	9.94845991e-07	1.38745794e-04
8.78906250e-03	1.00163143e-06	1.39185698e-04
8.83789063e-03	1.00843842e-06	1.39628653e-04
8.88671875e-03	1.01526711e-06	1.40074668e-04
8.93554688e-03	1.02211766e-06	1.40523755e-04
8.98437500e-03	1.02899021e-06	1.40975924e-04
9.03320312e-03	1.03588492e-06	1.41431186e-04
9.08203125e-03	1.04280193e-06	1.41889553e-04
9.13085937e-03	1.04974139e-06	1.42351033e-04
9.17968750e-03	1.05670347e-06	1.42815640e-04
9.22851563e-03	1.06368831e-06	1.43283383e-04
9.27734375e-03	1.07069607e-06	1.43754275e-04
9.32617188e-03	1.07772689e-06	1.44228325e-04
9.37500000e-03	1.08478094e-06	1.44705546e-04
9.42382813e-03	1.09185837e-06	1.45185948e-04
9.47265625e-03	1.09895933e-06	1.45669543e-04
9.52148438e-03	1.10608399e-06	1.46156344e-04
9.57031250e-03	1.11323249e-06	1.46646360e-04
9.61914063e-03	1.12040500e-06	1.47139604e-04
9.66796875e-03	1.12760167e-06	1.47636088e-04
9.71679688e-03	1.13482267e-06	1.48135823e-04
9.76562500e-03	1.14206814e-06	1.48638822e-04
9.81445313e-03	1.14933826e-06	1.49145096e-04
9.86328125e-03	1.15663317e-06	1.49654657e-04
9.91210938e-03	1.16395305e-06	1.50167518e-04
9.96093750e-03	1.17129805e-06	1.50683690e-04
1.00097656e-02	1.17866834e-06	1.51203186e-04
1.00585938e-02	1.18606407e-06	1.51726019e-04
1.01074219e-02	1.19348541e-06	1.52252200e-04
1.01562500e-02	1.20093253e-06	1.52781743e-04
1.02050781e-02	1.20840559e-06	1.53314659e-04
1.02539062e-02	1.21590475e-06	1.53850963e-04
1.03027344e-02	1.22343018e-06	1.54390665e-04
1.03515625e-02	1.23098204e-06	1.54933780e-04
1.04003906e-02	1.23856051e-06	1.55480320e-04
1.04492188e-02	1.24616575e-06	1.56030298e-04
1.04980469e-02	1.25379793e-06	1.56583727e-04
1.05468750e-02	1.26145722e-06	1.57140621e-04
1.05957031e-02	1.26914378e-06	1.57700992e-04
1.06445313e-02	1.27685779e-06	1.58264855e-04
1.06933594e-02	1.28459942e-06	1.58832222e-04
1.07421875e-02	1.29236883e-06	1.59403107e-04
1.07910156e-02	1.30016621e-06	1.59977524e-04
1.08398438e-02	1.30799173e-06	1.60555486e-04
1.08886719e-02	1.31584555e-06	1.61137007e-04
1.09375000e-02	1.32372785e-06	1.61722101e-04
1.09863281e-02	1.33163881e-06	1.62310782e-04
1.10351563e-02	1.33957860e-06	1.62903064e-04
1.10839844e-02	1.34754740e-06	1.63498961e-04
1.11328125e-02	1.35554538e-06	1.64098488e-04
1.11816406e-02	1.36357273e-06	1.64701657e-04
1.12304688e-02	1.37162962e-06	1.65308485e-04
1.12792969e-02	1.37971623e-06	1.65918985e-04
1.13281250e-02	1.38783274e-06	1.66533173e-04
1.13769531e-02	1.39597932e-06	1.67151061e-04
1.14257813e-02	1.40415617e-06	1.67772666e-04
1.14746094e-02	1.41236346e-06	1.68398003e-04
1.15234375e-02	1.42060138e-06	1.69027085e-04
1.15722656e-02	1.42887011e-06	1.69659929e-04
1.16210938e-02	1.43716983e-06	1.70296549e-04
1.16699219e-02	1.44550072e-06	1.70936960e-04
1.17187500e-02	1.45386298e-06	1.71581178e-04
1.17675781e-02	1.46225679e-06	1.72229217e-04
1.18164063e-02	1.47068233e-06	1.72881095e-04
1.18652344e-02	1.47913980e-06	1.73536825e-04
1.19140625e-02	1.48762938e-06	1.74196425e-04
1.19628906e-02	1.49615127e-06	1.74859908e-04
1.20117188e-02	1.50470564e-06	1.75527293e-04
1.20605469e-02	1.51329270e-06	1.76198593e-04
1.21093750e-02	1.52191263e-06	1.76873826e-04
1.21582031e-02	1.53056563e-06	1.77553007e-04
1.22070312e-02	1.53925189e-06	1.78236152e-04
1.22558594e-02	1.54797160e-06	1.78923279e-04
1.23046875e-02	1.55672496e-06	1.79614403e-04
1.23535156e-02	1.56551217e-06	1.80309541e-04
1.24023438e-02	1.57433342e-06	1.81008709e-04
1.24511719e-02	1.58318890e-06	1.81711925e-04
1.25000000e-02	1.59207882e-06	1.82419204e-04
1.25488281e-02	1.60100337e-06	1.83130565e-04
1.25976563e-02	1.60996276e-06	1.83846023e-04
1.26464844e-02	1.61895719e-06	1.84565596e-04
1.26953125e-02	1.62798685e-06	1.85289302e-04
1.27441406e-02	1.63705195e-06	1.86017156e-04
1.27929688e-02	1.64615269e-06	1.86749178e-04
1.28417969e-02	1.65528927e-06	1.87485384e-04
1.28906250e-02	1.66446191e-06	1.88225793e-04
1.29394531e-02	1.67367080e-06	1.88970420e-04
1.29882813e-02	1.68291616e-06	1.89719286e-04
1.30371094e-02	1.69219818e-06	1.90472406e-04
1.30859375e-02	1.70151708e-06	1.91229801e-04
1.31347656e-02	1.71087307e-06	1.91991486e-04
1.31835938e-02	1.72026636e-06	1.92757482e-04
1.32324219e-02	1.72969715e-06	1.93527805e-04
1.32812500e-02	1.73916566e-06	1.94302475e-04
1.33300781e-02	1.74867211e-06	1.95081510e-04
1.33789063e-02	1.75821670e-06	1.95864929e-04
1.34277344e-02	1.76779965e-06	1.96652750e-04
1.34765625e-02	1.77742118e-06	1.97444992e-04
1.35253906e-02	1.78708149e-06	1.98241674e-04
1.35742188e-02	1.79678082e-06	1.99042816e-04
1.36230469e-02	1.80651938e-06	1.99848437e-04
1.36718750e-02	1.81629738e-06	2.00658555e-04
1.37207031e-02	1.82611505e-06	2.01473190e-04
1.37695313e-02	1.83597261e-06	2.02292362e-04
1.38183594e-02	1.84587028e-06	2.03116090e-04
1.38671875e-02	1.85580828e-06	2.03944394e-04
1.39160156e-02	1.86578683e-06	2.04777294e-04
1.39648438e-02	1.87580617e-06	2.05614810e-04
1.40136719e-02	1.88586652e-06	2.06456962e-04
1.40625000e-02	1.89596810e-06	2.07303769e-04
1.41113281e-02	1.90611114e-06	2.08155253e-04
1.41601562e-02	1.91629587e-06	2.09011434e-04
1.42089844e-02	1.92652253e-06	2.09872332e-04
1.42578125e-02	1.93679133e-06	2.10737968e-04
1.43066406e-02	1.94710252e-06	2.11608362e-04
1.43554688e-02	1.95745633e-06	2.12483536e-04
1.44042969e-02	1.96785299e-06	2.13363510e-04
1.44531250e-02	1.97829273e-06	2.14248306e-04
1.45019531e-02	1.98877579e-06	2.15137944e-04
1.45507813e-02	1.99930241e-06	2.16032447e-04
1.45996094e-02	2.00987283e-06	2.16931835e-04
1.46484375e-02	2.02048728e-06	2.17836130e-04
1.46972656e-02	2.03114601e-06	2.18745354e-04
1.47460938e-02	2.04184925e-06	2.19659529e-04
1.47949219e-02	2.05259726e-06	2.20578676e-04
1.48437500e-02	2.06339026e-06	2.21502817e-04
1.48925781e-02	2.07422851e-06	2.22431975e-04
1.49414063e-02	2.08511226e-06	2.23366173e-04
1.49902344e-02	2.09604174e-06	2.24305431e-04
1.50390625e-02	2.10701721e-06	2.25249774e-04
1.50878906e-02	2.11803891e-06	2.26199223e-04
1.51367188e-02	2.12910710e-06	2.27153802e-04
1.51855469e-02	2.14022203e-06	2.28113533e-04
1.52343750e-02	2.15138394e-06	2.29078440e-04
1.52832031e-02	2.16259309e-06	2.30048545e-04
1.53320313e-02	2.17384975e-06	2.31023871e-04
1.53808594e-02	2.18515415e-06	2.32004443e-04
1.54296875e-02	2.19650656e-06	2.32990284e-04
1.54785156e-02	2.20790723e-06	2.33981417e-04
1.55273438e-02	2.21935644e-06	2.34977867e-04
1.55761719e-02	2.23085442e-06	2.35979656e-04
1.56250000e-02	2.24240145e-06	2.36986810e-04
1.56738281e-02	2.25399780e-06	2.37999353e-04
1.57226563e-02	2.26564371e-06	2.39017308e-04
1.57714844e-02	2.27733946e-06	2.40040700e-04
1.58203125e-02	2.28908532e-06	2.41069554e-04
1.58691406e-02	2.30088155e-06	2.42103895e-04
1.59179688e-02	2.31272841e-06	2.43143747e-04
1.59667969e-02	2.32462619e-06	2.44189136e-04
1.60156250e-02	2.33657514e-06	2.45240086e-04
1.60644531e-02	2.34857555e-06	2.46296622e-04
1.61132812e-02	2.36062769e-06	2.47358771e-04
1.61621094e-02	2.37273182e-06	2.48426558e-04
1.62109375e-02	2.38488823e-06	2.49500008e-04
1.62597656e-02	2.39709719e-06	2.50579148e-04
1.63085937e-02	2.40935899e-06	2.51664002e-04
1.63574219e-02	2.42167390e-06	2.52754598e-04
1.64062500e-02	2.43404220e-06	2.53850961e-04
1.64550781e-02	2.44646417e-06	2.54953118e-04
1.65039063e-02	2.45894010e-06	2.56061096e-04
1.65527344e-02	2.47147028e-06	2.57174920e-04
1.66015625e-02	2.48405499e-06	2.58294619e-04
1.66503906e-02	2.49669451e-06	2.59420218e-04
1.66992188e-02	2.50938914e-06	2.60551745e-04
1.67480469e-02	2.52213916e-06	2.61689227e-04
1.67968750e-02	2.53494487e-06	2.62832692e-04
1.68457031e-02	2.54780656e-06	2.63982166e-04
1.68945313e-02	2.56072453e-06	2.65137679e-04
1.69433594e-02	2.57369906e-06	2.66299257e-04
1.69921875e-02	2.58673046e-06	2.67466928e-04
1.70410156e-02	2.59981903e-06	2.68640721e-04
1.70898438e-02	2.61296506e-06	2.69820664e-04
1.71386719e-02	2.62616885e-06	2.71006785e-04
1.71875000e-02	2.63943071e-06	2.72199113e-04
1.72363281e-02	2.65275095e-06	2.73397677e-04
1.72851562e-02	2.66612986e-06	2.74602505e-04
1.73339844e-02	2.67956775e-06	2.75813627e-04
1.73828125e-02	2.69306494e-06	2.77031071e-04
1.74316406e-02	2.70662172e-06	2.78254867e-04
1.74804688e-02	2.72023842e-06	2.79485045e-04
1.75292969e-02	2.73391534e-06	2.80721634e-04
1.75781250e-02	2.74765280e-06	2.81964664e-04
1.76269531e-02	2.76145111e-06	2.83214165e-04
1.76757813e-02	2.77531059e-06	2.84470167e-04
1.77246094e-02	2.78923156e-06	2.85732700e-04
1.77734375e-02	2.80321434e-06	2.87001795e-04
1.78222656e-02	2.81725924e-06	2.88277483e-04
1.78710938e-02	2.83136660e-06	2.89559794e-04
1.79199219e-02	2.84553673e-06	2.90848759e-04
1.79687500e-02	2.85976996e-06	2.92144409e-04
1.80175781e-02	2.87406662e-06	2.93446775e-04
1.80664062e-02	2.88842704e-06	2.94755889e-04
1.81152344e-02	2.90285154e-06	2.96071783e-04
1.81640625e-02	2.91734046e-06	2.97394488e-04
1.82128906e-02	2.93189414e-06	2.98724037e-04
1.82617187e-02	2.94651290e-06	3.00060460e-04
1.83105469e-02	2.96119708e-06	3.01403791e-04
1.83593750e-02	2.97594703e-06	3.02754062e-04
1.84082031e-02	2.99076308e-06	3.04111305e-04
1.84570313e-02	3.00564557e-06	3.05475554e-04
1.85058594e-02	3.02059485e-06	3.06846841e-04
1.85546875e-02	3.03561126e-06	3.08225199e-04
1.86035156e-02	3.05069514e-06	3.09610662e-04
1.86523438e-02	3.06584685e-06	3.11003263e-04
1.87011719e-02	3.08106673e-06	3.12403036e-04
1.87500000e-02	3.09635513e-06	3.13810014e-04
1.87988281e-02	3.11171241e-06	3.15224232e-04
1.88476563e-02	3.12713893e-06	3.16645724e-04
1.88964844e-02	3.14263503e-06	3.18074524e-04
1.89453125e-02	3.15820107e-06	3.19510666e-04
1.89941406e-02	3.17383742e-06	3.20954185e-04
1.90429688e-02	3.18954443e-06	3.22405117e-04
1.90917969e-02	3.20532248e-06	3.23863496e-04
1.91406250e-02	3.22117191e-06	3.25329358e-04
1.91894531e-02	3.23709311e-06	3.26802738e-04
1.92382813e-02	3.25308643e-06	3.28283671e-04
1.92871094e-02	3.26915224e-06	3.29772194e-04
1.93359375e-02	3.28529093e-06	3.31268342e-04
1.93847656e-02	3.30150285e-06	3.32772151e-04
1.94335938e-02	3.31778840e-06	3.34283659e-04
1.94824219e-02	3.33414793e-06	3.35802901e-04
1.95312500e-02	3.35058184e-06	3.37329915e-04
1.95800781e-02	3.36709050e-06	3.38864737e-04
1.96289063e-02	3.38367429e-06	3.40407404e-04
1.96777344e-02	3.40033360e-06	3.41957954e-04
1.97265625e-02	3.41706881e-06	3.43516424e-04
1.97753906e-02	3.43388032e-06	3.45082852e-04
1.98242188e-02	3.45076851e-06	3.46657276e-04
1.98730469e-02	3.46773376e-06	3.48239734e-04
1.99218750e-02	3.48477649e-06	3.49830264e-04
1.99707031e-02	3.50189707e-06	3.51428906e-04
2.00195312e-02	3.51909592e-06	3.53035696e-04
2.00683594e-02	3.53637342e-06	3.54650676e-04
2.01171875e-02	3.55372997e-06	3.56273882e-04
2.01660156e-02	3.57116599e-06	3.57905356e-04
2.02148438e-02	3.58868187e-06	3.59545136e-04
2.02636719e-02	3.60627802e-06	3.61193262e-04
2.03125000e-02	3.62395486e-06	3.62849775e-04
2.03613281e-02	3.64171278e-06	3.64514713e-04
2.04101563e-02	3.65955220e-06	3.66188118e-04
2.04589844e-02	3.67747354e-06	3.67870030e-04
2.05078125e-02	3.69547722e-06	3.69560490e-04
2.05566406e-02	3.71356364e-06	3.71259539e-04
2.06054688e-02	3.73173324e-06	3.72967218e-04
2.06542969e-02	3.74998644e-06	3.74683569e-04
2.07031250e-02	3.76832365e-06	3.76408632e-04
2.07519531e-02	3.78674531e-06	3.78142451e-04
2.08007813e-02	3.80525184e-06	3.79885066e-04
2.08496094e-02	3.82384367e-06	3.81636521e-04
2.08984375e-02	3.84252125e-06	3.83396857e-04
2.09472656e-02	3.86128499e-06	3.85166118e-04
2.09960938e-02	3.88013534e-06	3.86944346e-04
2.10449219e-02	3.89907274e-06	3.88731584e-04
2.10937500e-02	3.91809763e-06	3.90527877e-04
2.11425781e-02	3.93721045e-06	3.92333266e-04
2.11914063e-02	3.95641165e-06	3.94147797e-04
2.12402344e-02	3.97570167e-06	3.95971514e-04
2.12890625e-02	3.99508097e-06	3.97804459e-04
2.13378906e-02	4.01454999e-06	3.99646679e-04
2.13867188e-02	4.03410919e-06	4.01498218e-04
2.14355469e-02	4.05375903e-06	4.03359120e-04
2.14843750e-02	4.07349996e-06	4.05229432e-04
2.15332031e-02	4.09333245e-06	4.07109197e-04
2.15820313e-02	4.11325695e-06	4.08998463e-04
2.16308594e-02	4.13327394e-06	4.10897274e-04
2.16796875e-02	4.15338387e-06	4.12805678e-04
2.17285156e-02	4.17358723e-06	4.14723720e-04
2.17773438e-02	4.19388447e-06	4.16651447e-04
2.18261719e-02	4.21427608e-06	4.18588905e-04
2.18750000e-02	4.23476253e-06	4.20536143e-04
2.19238281e-02	4.25534431e-06	4.22493207e-04
2.19726562e-02	4.27602188e-06	4.24460144e-04
2.20214844e-02	4.29679573e-06	4.26437003e-04
2.20703125e-02	4.31766636e-06	4.28423832e-04
2.21191406e-02	4.33863424e-06	4.30420679e-04
2.21679688e-02	4.35969987e-06	4.32427592e-04
2.22167969e-02	4.38086375e-06	4.34444621e-04
2.22656250e-02	4.40212636e-06	4.36471814e-04
2.23144531e-02	4.42348820e-06	4.38509220e-04
2.23632813e-02	4.44494977e-06	4.40556890e-04
2.24121094e-02	4.46651158e-06	4.42614873e-04
2.24609375e-02	4.48817413e-06	4.44683219e-04
2.25097656e-02	4.50993793e-06	4.46761979e-04
2.25585938e-02	4.53180349e-06	4.48851202e-04
2.26074219e-02	4.55377131e-06	4.50950940e-04
2.26562500e-02	4.57584192e-06	4.53061244e-04
2.27050781e-02	4.59801584e-06	4.55182166e-04
2.27539063e-02	4.62029357e-06	4.57313756e-04
2.28027344e-02	4.64267564e-06	4.59456067e-04
2.28515625e-02	4.66516259e-06	4.61609152e-04
2.29003906e-02	4.68775493e-06	4.63773061e-04
2.29492188e-02	4.71045319e-06	4.65947849e-04
2.29980469e-02	4.73325791e-06	4.68133568e-04
2.30468750e-02	4.75616963e-06	4.70330271e-04
2.30957031e-02	4.77918887e-06	4.72538011e-04
2.31445313e-02	4.80231619e-06	4.74756844e-04
2.31933594e-02	4.82555212e-06	4.76986822e-04
2.32421875e-02	4.84889721e-06	4.79228000e-04
2.32910156e-02	4.87235200e-06	4.81480432e-04
2.33398438e-02	4.89591706e-06	4.83744174e-04
2.33886719e-02	4.91959292e-06	4.86019280e-04
2.34375000e-02	4.94338016e-06	4.88305807e-04
2.34863281e-02	4.96727932e-06	4.90603809e-04
2.35351563e-02	4.99129097e-06	4.92913343e-04
2.35839844e-02	5.01541567e-06	4.95234466e-04
2.36328125e-02	5.03965399e-06	4.97567233e-04
2.36816406e-02	5.06400650e-06	4.99911701e-04
2.37304688e-02	5.08847378e-06	5.02267928e-04
2.37792969e-02	5.11305639e-06	5.04635972e-04
2.38281250e-02	5.13775493e-06	5.07015889e-04
2.38769531e-02	5.16256996e-06	5.09407739e-04
2.39257812e-02	5.18750207e-06	5.11811579e-04
2.39746094e-02	5.21255185e-06	5.14227468e-04
2.40234375e-02	5.23771989e-06	5.16655465e-04
2.40722656e-02	5.26300678e-06	5.19095629e-04
2.41210938e-02	5.28841312e-06	5.21548020e-04
2.41699219e-02	5.31393951e-06	5.24012697e-04
2.42187500e-02	5.33958654e-06	5.26489721e-04
2.42675781e-02	5.36535482e-06	5.28979153e-04
2.43164063e-02	5.39124496e-06	5.31481052e-04
2.43652344e-02	5.41725757e-06	5.33995481e-04
2.44140625e-02	5.44339327e-06	5.36522500e-04
2.44628906e-02	5.46965266e-06	5.39062171e-04
2.45117188e-02	5.49603637e-06	5.41614557e-04
2.45605469e-02	5.52254502e-06	5.44179719e-04
2.46093750e-02	5.54917923e-06	5.46757720e-04
2.46582031e-02	5.57593964e-06	5.49348624e-04
2.47070313e-02	5.60282687e-06	5.51952493e-04
2.47558594e-02	5.62984157e-06	5.54569391e-04
2.48046875e-02	5.65698436e-06	5.57199382e-04
2.48535156e-02	5.68425589e-06	5.59842530e-04
2.49023438e-02	5.71165681e-06	5.62498900e-04
2.49511719e-02	5.73918775e-06	5.65168558e-04
2.50000000e-02	5.76684937e-06	5.67851567e-04
2.50488281e-02	5.79464233e-06	5.70547994e-04
2.50976563e-02	5.82256728e-06	5.73257904e-04
2.51464844e-02	5.85062488e-06	5.75981365e-04
2.51953125e-02	5.87881579e-06	5.78718442e-04
2.52441406e-02	5.90714069e-06	5.81469202e-04
2.52929688e-02	5.93560023e-06	5.84233713e-04
2.53417969e-02	5.96419510e-06	5.87012042e-04
2.53906250e-02	5.99292596e-06	5.89804257e-04
2.54394531e-02	6.02179351e-06	5.92610427e-04
2.54882813e-02	6.05079842e-06	5.95430620e-04
2.55371094e-02	6.07994138e-06	5.98264906e-04
2.55859375e-02	6.10922307e-06	6.01113353e-04
2.56347656e-02	6.13864420e-06	6.03976031e-04
2.56835938e-02	6.16820545e-06	6.06853011e-04
2.57324219e-02	6.19790754e-06	6.09744362e-04
2.57812500e-02	6.22775115e-06	6.12650156e-04
2.58300781e-02	6.25773701e-06	6.15570463e-04
2.58789062e-02	6.28786581e-06	6.18505356e-04
2.59277344e-02	6.31813828e-06	6.21454906e-04
2.59765625e-02	6.34855513e-06	6.24419185e-04
2.60253906e-02	6.37911708e-06	6.27398265e-04
2.60742188e-02	6.40982485e-06	6.30392221e-04
2.61230469e-02	6.44067918e-06	6.33401125e-04
2.61718750e-02	6.47168080e-06	6.36425050e-04
2.62207031e-02	6.50283044e-06	6.39464072e-04
2.62695313e-02	6.53412883e-06	6.42518264e-04
2.63183594e-02	6.56557673e-06	6.45587701e-04
2.63671875e-02	6.59717488e-06	6.48672459e-04
2.64160156e-02	6.62892403e-06	6.51772613e-04
2.64648438e-02	6.66082493e-06	6.54888238e-04
2.65136719e-02	6.69287834e-06	6.58019413e-04
2.65625000e-02	6.72508502e-06	6.61166212e-04
2.66113281e-02	6.75744573e-06	6.64328714e-04
2.66601563e-02	6.78996125e-06	6.67506995e-04
2.67089844e-02	6.82263235e-06	6.70701134e-04
2.67578125e-02	6.85545980e-06	6.73911210e-04
2.68066406e-02	6.88844438e-06	6.77137300e-04
2.68554688e-02	6.92158688e-06	6.80379484e-04
2.69042969e-02	6.95488809e-06	6.83637842e-04
2.69531250e-02	6.98834879e-06	6.86912453e-04
2.70019531e-02	7.02196978e-06	6.90203398e-04
2.70507813e-02	7.05575186e-06	6.93510758e-04
2.70996094e-02	7.08969584e-06	6.96834613e-04
2.71484375e-02	7.12380252e-06	7.00175045e-04
2.71972656e-02	7.15807272e-06	7.03532137e-04
2.72460938e-02	7.19250724e-06	7.06905970e-04
2.72949219e-02	7.22710692e-06	7.10296628e-04
2.73437500e-02	7.26187256e-06	7.13704193e-04
2.73925781e-02	7.29680501e-06	7.17128750e-04
2.74414063e-02	7.33190508e-06	7.20570382e-04
2.74902344e-02	7.36717363e-06	7.24029174e-04
2.75390625e-02	7.40261148e-06	7.27505211e-04
2.75878906e-02	7.43821948e-06	7.30998578e-04
2.76367188e-02	7.47399848e-06	7.34509361e-04
2.76855469e-02	7.50994934e-06	7.38037646e-04
2.77343750e-02	7.54607290e-06	7.41583521e-04
2.77832031e-02	7.58237003e-06	7.45147071e-04
2.78320312e-02	7.61884160e-06	7.48728385e-04
2.78808594e-02	7.65548848e-06	7.52327551e-04
2.79296875e-02	7.69231153e-06	7.55944657e-04
2.79785156e-02	7.72931164e-06	7.59579792e-04
2.80273438e-02	7.76648968e-06	7.63233045e-04
2.80761719e-02	7.80384656e-06	7.66904506e-04
2.81250000e-02	7.84138315e-06	7.70594266e-04
2.81738281e-02	7.87910035e-06	7.74302415e-04
2.82226563e-02	7.91699907e-06	7.78029044e-04
2.82714844e-02	7.95508021e-06	7.81774245e-04
2.83203125e-02	7.99334467e-06	7.85538110e-04
2.83691406e-02	8.03179337e-06	7.89320732e-04
2.84179688e-02	8.07042723e-06	7.93122203e-04
2.84667969e-02	8.10924717e-06	7.96942618e-04
2.85156250e-02	8.14825412e-06	8.00782070e-04
2.85644531e-02	8.18744901e-06	8.04640653e-04
2.86132813e-02	8.22683278e-06	8.08518463e-04
2.86621094e-02	8.26640637e-06	8.12415594e-04
2.87109375e-02	8.30617072e-06	8.16332144e-04
2.87597656e-02	8.34612678e-06	8.20268208e-04
2.88085938e-02	8.38627551e-06	8.24223883e-04
2.88574219e-02	8.42661787e-06	8.28199267e-04
2.89062500e-02	8.46715483e-06	8.32194456e-04
2.89550781e-02	8.50788735e-06	8.36209551e-04
2.90039063e-02	8.54881641e-06	8.40244649e-04
2.90527344e-02	8.58994298e-06	8.44299851e-04
2.91015625e-02	8.63126806e-06	8.48375255e-04
2.91503906e-02	8.67279262e-06	8.52470962e-04
2.91992188e-02	8.71451767e-06	8.56587073e-04
2.92480469e-02	8.75644421e-06	8.60723690e-04
2.92968750e-02	8.79857322e-06	8.64880914e-04
2.93457031e-02	8.84090574e-06	8.69058848e-04
2.93945313e-02	8.88344276e-06	8.73257595e-04
2.94433594e-02	8.92618531e-06	8.77477258e-04
2.94921875e-02	8.96913441e-06	8.81717941e-04
2.95410156e-02	9.01229109e-06	8.85979749e-04
2.95898438e-02	9.05565639e-06	8.90262787e-04
2.96386719e-02	9.09923134e-06	8.94567160e-04
2.96875000e-02	9.14301699e-06	8.98892974e-04
2.97363281e-02	9.18701438e-06	9.03240337e-04
2.97851562e-02	9.23122458e-06	9.07609355e-04
2.98339844e-02	9.27564864e-06	9.12000135e-04
2.98828125e-02	9.32028763e-06	9.16412788e-04
2.99316406e-02	9.36514261e-06	9.20847420e-04
2.99804688e-02	9.41021467e-06	9.25304142e-04
3.00292969e-02	9.45550489e-06	9.29783063e-04
3.00781250e-02	9.50101435e-06	9.34284294e-04
3.01269531e-02	9.54674414e-06	9.38807946e-04
3.01757813e-02	9.59269536e-06	9.43354130e-04
3.02246094e-02	9.63886912e-06	9.47922960e-04
3.02734375e-02	9.68526652e-06	9.52514547e-04
3.03222656e-02	9.73188867e-06	9.57129005e-04
3.03710938e-02	9.77873671e-06	9.61766447e-04
3.04199219e-02	9.82581174e-06	9.66426989e-04
3.04687500e-02	9.87311491e-06	9.71110745e-04
3.05175781e-02	9.92064734e-06	9.75817830e-04
3.05664063e-02	9.96841019e-06	9.80548362e-04
3.06152344e-02	1.00164046e-05	9.85302457e-04
3.06640625e-02	1.00646317e-05	9.90080232e-04
3.07128906e-02	1.01130927e-05	9.94881805e-04
3.07617188e-02	1.01617887e-05	9.99707296e-04
3.08105469e-02	1.02107210e-05	1.00455682e-03
3.08593750e-02	1.02598906e-05	1.00943050e-03
3.09082031e-02	1.03092987e-05	1.01432846e-03
3.09570313e-02	1.03589467e-05	1.01925082e-03
3.10058594e-02	1.04088356e-05	1.02419769e-03
3.10546875e-02	1.04589666e-05	1.02916921e-03
3.11035156e-02	1.05093410e-05	1.03416549e-03
3.11523438e-02	1.05599599e-05	1.03918666e-03
3.12011719e-02	1.06108246e-05	1.04423283e-03
3.12500000e-02	1.06619364e-05	1.04930415e-03
3.12988281e-02	1.07132964e-05	1.05440073e-03
3.13476563e-02	1.07649058e-05	1.05952269e-03
3.13964844e-02	1.08167660e-05	1.06467017e-03
3.14453125e-02	1.08688782e-05	1.06984329e-03
3.14941406e-02	1.09212435e-05	1.07504218e-03
3.15429688e-02	1.09738634e-05	1.08026697e-03
3.15917969e-02	1.10267390e-05	1.08551778e-03
3.16406250e-02	1.10798716e-05	1.09079476e-03
3.16894531e-02	1.11332625e-05	1.09609802e-03
3.17382812e-02	1.11869131e-05	1.10142770e-03
3.17871094e-02	1.12408245e-05	1.10678393e-03
3.18359375e-02	1.12949981e-05	1.11216684e-03
3.18847656e-02	1.13494352e-05	1.11757657e-03
3.19335938e-02	1.14041371e-05	1.12301325e-03
3.19824219e-02	1.14591051e-05	1.12847702e-03
3.20312500e-02	1.15143406e-05	1.13396800e-03
3.20800781e-02	1.15698448e-05	1.13948635e-03
3.21289062e-02	1.16256192e-05	1.14503218e-03
3.21777344e-02	1.16816651e-05	1.15060565e-03
3.22265625e-02	1.17379837e-05	1.15620688e-03
3.22753906e-02	1.17945766e-05	1.16183602e-03
3.23242188e-02	1.18514450e-05	1.16749321e-03
3.23730469e-02	1.19085903e-05	1.17317858e-03
3.24218750e-02	1.19660139e-05	1.17889228e-03
3.24707031e-02	1.20237172e-05	1.18463445e-03
3.25195313e-02	1.20817015e-05	1.19040523e-03
3.25683594e-02	1.21399684e-05	1.19620476e-03
3.26171875e-02	1.21985191e-05	1.20203319e-03
3.26660156e-02	1.22573551e-05	1.20789067e-03
3.27148438e-02	1.23164779e-05	1.21377733e-03
3.27636719e-02	1.23758888e-05	1.21969332e-03
3.28125000e-02	1.24355893e-05	1.22563879e-03
3.28613281e-02	1.24955808e-05	1.23161389e-03
3.29101563e-02	1.25558648e-05	1.23761877e-03
3.29589844e-02	1.26164428e-05	1.24365356e-03
3.30078125e-02	1.26773161e-05	1.24971844e-03
3.30566406e-02	1.27384863e-05	1.25581353e-03
3.31054687e-02	1.27999549e-05	1.26193901e-03
3.31542969e-02	1.28617233e-05	1.26809500e-03
3.32031250e-02	1.29237930e-05	1.27428168e-03
3.32519531e-02	1.29861656e-05	1.28049920e-03
3.33007813e-02	1.30488425e-05	1.28674769e-03
3.33496094e-02	1.31118253e-05	1.29302734e-03
3.33984375e-02	1.31751155e-05	1.29933828e-03
3.34472656e-02	1.32387146e-05	1.30568067e-03
3.34960938e-02	1.33026241e-05	1.31205468e-03
3.35449219e-02	1.33668457e-05	1.31846045e-03
3.35937500e-02	1.34313808e-05	1.32489816e-03
3.36425781e-02	1.34962311e-05	1.33136796e-03
3.36914062e-02	1.35613980e-05	1.33787000e-03
3.37402344e-02	1.36268832e-05	1.34440446e-03
3.37890625e-02	1.36926883e-05	1.35097149e-03
3.38378906e-02	1.37588148e-05	1.35757125e-03
3.38867188e-02	1.38252644e-05	1.36420392e-03
3.39355469e-02	1.38920387e-05	1.37086965e-03
3.39843750e-02	1.39591392e-05	1.37756861e-03
3.40332031e-02	1.40265677e-05	1.38430097e-03
3.40820312e-02	1.40943257e-05	1.39106689e-03
3.41308594e-02	1.41624149e-05	1.39786654e-03
3.41796875e-02	1.42308369e-05	1.40470010e-03
3.42285156e-02	1.42995935e-05	1.41156772e-03
3.42773438e-02	1.43686862e-05	1.41846959e-03
3.43261719e-02	1.44381167e-05	1.42540587e-03
3.43750000e-02	1.45078868e-05	1.43237673e-03
3.44238281e-02	1.45779981e-05	1.43938236e-03
3.44726563e-02	1.46484523e-05	1.44642291e-03
3.45214844e-02	1.47192512e-05	1.45349858e-03
3.45703125e-02	1.47903964e-05	1.46060952e-03
3.46191406e-02	1.48618897e-05	1.46775593e-03
3.46679688e-02	1.49337328e-05	1.47493797e-03
3.47167969e-02	1.50059275e-05	1.48215584e-03
3.47656250e-02	1.50784755e-05	1.48940969e-03
3.48144531e-02	1.51513786e-05	1.49669973e-03
3.48632813e-02	1.52246385e-05	1.50402612e-03
3.49121094e-02	1.52982570e-05	1.51138905e-03
3.49609375e-02	1.53722359e-05	1.51878870e-03
3.50097656e-02	1.54465771e-05	1.52622526e-03
3.50585937e-02	1.55212823e-05	1.53369891e-03
3.51074219e-02	1.55963533e-05	1.54120984e-03
3.51562500e-02	1.56717920e-05	1.54875824e-03
3.52050781e-02	1.57476001e-05	1.55634428e-03
3.52539063e-02	1.58237796e-05	1.56396817e-03
3.53027344e-02	1.59003323e-05	1.57163009e-03
3.53515625e-02	1.59772601e-05	1.57933023e-03
3.54003906e-02	1.60545647e-05	1.58706879e-03
3.54492188e-02	1.61322482e-05	1.59484595e-03
3.54980469e-02	1.62103124e-05	1.60266191e-03
3.55468750e-02	1.62887591e-05	1.61051686e-03
3.55957031e-02	1.63675904e-05	1.61841101e-03
3.56445312e-02	1.64468080e-05	1.62634454e-03
3.56933594e-02	1.65264140e-05	1.63431765e-03
3.57421875e-02	1.66064103e-05	1.64233055e-03
3.57910156e-02	1.66867989e-05	1.65038343e-03
3.58398438e-02	1.67675816e-05	1.65847649e-03
3.58886719e-02	1.68487604e-05	1.66660994e-03
3.59375000e-02	1.69303374e-05	1.67478397e-03
3.59863281e-02	1.70123146e-05	1.68299879e-03
3.60351562e-02	1.70946938e-05	1.69125461e-03
3.60839844e-02	1.71774771e-05	1.69955163e-03
3.61328125e-02	1.72606666e-05	1.70789006e-03
3.61816406e-02	1.73442643e-05	1.71627010e-03
3.62304688e-02	1.74282722e-05	1.72469197e-03
3.62792969e-02	1.75126923e-05	1.73315587e-03
3.63281250e-02	1.75975267e-05	1.74166201e-03
3.63769531e-02	1.76827775e-05	1.75021062e-03
3.64257813e-02	1.77684467e-05	1.75880189e-03
3.64746094e-02	1.78545365e-05	1.76743605e-03
3.65234375e-02	1.79410490e-05	1.77611330e-03
3.65722656e-02	1.80279862e-05	1.78483388e-03
3.66210938e-02	1.81153502e-05	1.79359798e-03
3.66699219e-02	1.82031433e-05	1.80240584e-03
3.67187500e-02	1.82913675e-05	1.81125767e-03
3.67675781e-02	1.83800250e-05	1.82015370e-03
3.68164063e-02	1.84691180e-05	1.82909414e-03
3.68652344e-02	1.85586486e-05	1.83807921e-03
3.69140625e-02	1.86486190e-05	1.84710915e-03
3.69628906e-02	1.87390314e-05	1.85618418e-03
3.70117187e-02	1.88298881e-05	1.86530452e-03
3.70605469e-02	1.89211912e-05	1.87447040e-03
3.71093750e-02	1.90129429e-05	1.88368205e-03
3.71582031e-02	1.91051456e-05	1.89293969e-03
3.72070313e-02	1.91978015e-05	1.90224358e-03
3.72558594e-02	1.92909127e-05	1.91159392e-03
3.73046875e-02	1.93844817e-05	1.92099096e-03
3.73535156e-02	1.94785106e-05	1.93043493e-03
3.74023438e-02	1.95730019e-05	1.93992607e-03
3.74511719e-02	1.96679577e-05	1.94946461e-03
3.75000000e-02	1.97633804e-05	1.95905080e-03
3.75488281e-02	1.98592724e-05	1.96868486e-03
3.75976562e-02	1.99556360e-05	1.97836705e-03
3.76464844e-02	2.00524735e-05	1.98809761e-03
3.76953125e-02	2.01497873e-05	1.99787677e-03
3.77441406e-02	2.02475799e-05	2.00770478e-03
3.77929688e-02	2.03458535e-05	2.01758189e-03
3.78417969e-02	2.04446105e-05	2.02750834e-03
3.78906250e-02	2.05438535e-05	2.03748438e-03
3.79394531e-02	2.06435848e-05	2.04751027e-03
3.79882813e-02	2.07438069e-05	2.05758624e-03
3.80371094e-02	2.08445222e-05	2.06771256e-03
3.80859375e-02	2.09457332e-05	2.07788948e-03
3.81347656e-02	2.10474424e-05	2.08811725e-03
3.81835938e-02	2.11496522e-05	2.09839612e-03
3.82324219e-02	2.12523651e-05	2.10872636e-03
3.82812500e-02	2.13555837e-05	2.11910822e-03
3.83300781e-02	2.14593105e-05	2.12954196e-03
3.83789063e-02	2.15635481e-05	2.14002784e-03
3.84277344e-02	2.16682989e-05	2.15056613e-03
3.84765625e-02	2.17735656e-05	2.16115709e-03
3.85253906e-02	2.18793507e-05	2.17180098e-03
3.85742188e-02	2.19856568e-05	2.18249807e-03
3.86230469e-02	2.20924866e-05	2.19324862e-03
3.86718750e-02	2.21998426e-05	2.20405291e-03
3.87207031e-02	2.23077275e-05	2.21491121e-03
3.87695313e-02	2.24161438e-05	2.22582379e-03
3.88183594e-02	2.25250944e-05	2.23679091e-03
3.88671875e-02	2.26345818e-05	2.24781286e-03
3.89160156e-02	2.27446087e-05	2.25888992e-03
3.89648438e-02	2.28551779e-05	2.27002235e-03
3.90136719e-02	2.29662919e-05	2.28121044e-03
3.90625000e-02	2.30779537e-05	2.29245446e-03
3.91113281e-02	2.31901658e-05	2.30375470e-03
3.91601563e-02	2.33029311e-05	2.31511145e-03
3.92089844e-02	2.34162523e-05	2.32652498e-03
3.92578125e-02	2.35301322e-05	2.33799558e-03
3.93066406e-02	2.36445736e-05	2.34952354e-03
3.93554688e-02	2.37595793e-05	2.36110915e-03
3.94042969e-02	2.38751521e-05	2.37275270e-03
3.94531250e-02	2.39912948e-05	2.38445447e-03
3.95019531e-02	2.41080104e-05	2.39621477e-03
3.95507812e-02	2.42253016e-05	2.40803388e-03
3.95996094e-02	2.43431714e-05	2.41991211e-03
3.96484375e-02	2.44616226e-05	2.43184975e-03
3.96972656e-02	2.45806582e-05	2.44384710e-03
3.97460938e-02	2.47002810e-05	2.45590445e-03
3.97949219e-02	2.48204941e-05	2.46802213e-03
3.98437500e-02	2.49413003e-05	2.48020041e-03
3.98925781e-02	2.50627026e-05	2.49243962e-03
3.99414063e-02	2.51847041e-05	2.50474006e-03
3.99902344e-02	2.53073076e-05	2.51710203e-03
4.00390625e-02	2.54305163e-05	2.52952585e-03
4.00878906e-02	2.55543332e-05	2.54201182e-03
4.01367188e-02	2.56787612e-05	2.55456027e-03
4.01855469e-02	2.58038035e-05	2.56717150e-03
4.02343750e-02	2.59294631e-05	2.57984584e-03
4.02832031e-02	2.60557431e-05	2.59258359e-03
4.03320313e-02	2.61826466e-05	2.60538509e-03
4.03808594e-02	2.63101768e-05	2.61825064e-03
4.04296875e-02	2.64383367e-05	2.63118057e-03
4.04785156e-02	2.65671296e-05	2.64417522e-03
4.05273438e-02	2.66965586e-05	2.65723489e-03
4.05761719e-02	2.68266268e-05	2.67035993e-03
4.06250000e-02	2.69573375e-05	2.68355065e-03
4.06738281e-02	2.70886939e-05	2.69680740e-03
4.07226563e-02	2.72206992e-05	2.71013050e-03
4.07714844e-02	2.73533567e-05	2.72352029e-03
4.08203125e-02	2.74866696e-05	2.73697710e-03
4.08691406e-02	2.76206413e-05	2.75050128e-03
4.09179688e-02	2.77552749e-05	2.76409315e-03
4.09667969e-02	2.78905739e-05	2.77775307e-03
4.10156250e-02	2.80265415e-05	2.79148137e-03
4.10644531e-02	2.81631812e-05	2.80527840e-03
4.11132813e-02	2.83004962e-05	2.81914451e-03
4.11621094e-02	2.84384900e-05	2.83308004e-03
4.12109375e-02	2.85771659e-05	2.84708535e-03
4.12597656e-02	2.87165274e-05	2.86116078e-03
4.13085938e-02	2.88565778e-05	2.87530670e-03
4.13574219e-02	2.89973208e-05	2.88952344e-03
4.14062500e-02	2.91387596e-05	2.90381138e-03
4.14550781e-02	2.92808978e-05	2.91817087e-03
4.15039062e-02	2.94237390e-05	2.93260227e-03
4.15527344e-02	2.95672865e-05	2.94710595e-03
4.16015625e-02	2.97115441e-05	2.96168226e-03
4.16503906e-02	2.98565151e-05	2.97633158e-03
4.16992188e-02	3.00022032e-05	2.99105427e-03
4.17480469e-02	3.01486120e-05	3.00585071e-03
4.17968750e-02	3.02957451e-05	3.02072125e-03
4.18457031e-02	3.04436062e-05	3.03566629e-03
4.18945313e-02	3.05921988e-05	3.05068619e-03
4.19433594e-02	3.07415266e-05	3.06578133e-03
4.19921875e-02	3.08915933e-05	3.08095210e-03
4.20410156e-02	3.10424027e-05	3.09619886e-03
4.20898438e-02	3.11939584e-05	3.11152201e-03
4.21386719e-02	3.13462641e-05	3.12692194e-03
4.21875000e-02	3.14993237e-05	3.14239902e-03
4.22363281e-02	3.16531409e-05	3.15795364e-03
4.22851563e-02	3.18077195e-05	3.17358621e-03
4.23339844e-02	3.19630633e-05	3.18929711e-03
4.23828125e-02	3.21191762e-05	3.20508673e-03
4.24316406e-02	3.22760620e-05	3.22095548e-03
4.24804688e-02	3.24337246e-05	3.23690375e-03
4.25292969e-02	3.25921679e-05	3.25293195e-03
4.25781250e-02	3.27513957e-05	3.26904048e-03
4.26269531e-02	3.29114121e-05	3.28522973e-03
4.26757813e-02	3.30722209e-05	3.30150013e-03
4.27246094e-02	3.32338262e-05	3.31785208e-03
4.27734375e-02	3.33962319e-05	3.33428599e-03
4.28222656e-02	3.35594421e-05	3.35080227e-03
4.28710938e-02	3.37234607e-05	3.36740135e-03
4.29199219e-02	3.38882919e-05	3.38408363e-03
4.29687500e-02	3.40539397e-05	3.40084954e-03
4.30175781e-02	3.42204081e-05	3.41769950e-03
4.30664063e-02	3.43877014e-05	3.43463394e-03
4.31152344e-02	3.45558237e-05	3.45165328e-03
4.31640625e-02	3.47247790e-05	3.46875794e-03
4.32128906e-02	3.48945717e-05	3.48594837e-03
4.32617188e-02	3.50652058e-05	3.50322499e-03
4.33105469e-02	3.52366856e-05	3.52058824e-03
4.33593750e-02	3.54090154e-05	3.53803855e-03
4.34082031e-02	3.55821993e-05	3.55557637e-03
4.34570312e-02	3.57562418e-05	3.57320214e-03
4.35058594e-02	3.59311470e-05	3.59091629e-03
4.35546875e-02	3.61069194e-05	3.60871929e-03
4.36035156e-02	3.62835632e-05	3.62661157e-03
4.36523438e-02	3.64610828e-05	3.64459358e-03
4.37011719e-02	3.66394827e-05	3.66266579e-03
4.37500000e-02	3.68187672e-05	3.68082864e-03
4.37988281e-02	3.69989409e-05	3.69908259e-03
4.38476563e-02	3.71800080e-05	3.71742811e-03
4.38964844e-02	3.73619732e-05	3.73586565e-03
4.39453125e-02	3.75448409e-05	3.75439568e-03
4.39941406e-02	3.77286157e-05	3.77301867e-03
4.40429688e-02	3.79133020e-05	3.79173509e-03
4.40917969e-02	3.80989046e-05	3.81054540e-03
4.41406250e-02	3.82854279e-05	3.82945008e-03
4.41894531e-02	3.84728766e-05	3.84844962e-03
4.42382813e-02	3.86612554e-05	3.86754448e-03
4.42871094e-02	3.88505689e-05	3.88673516e-03
4.43359375e-02	3.90408217e-05	3.90602212e-03
4.43847656e-02	3.92320187e-05	3.92540587e-03
4.44335938e-02	3.94241645e-05	3.94488689e-03
4.44824219e-02	3.96172640e-05	3.96446567e-03
4.45312500e-02	3.98113218e-05	3.98414270e-03
4.45800781e-02	4.00063428e-05	4.00391848e-03
4.46289063e-02	4.02023319e-05	4.02379352e-03
4.46777344e-02	4.03992938e-05	4.04376830e-03
4.47265625e-02	4.05972336e-05	4.06384334e-03
4.47753906e-02	4.07961560e-05	4.08401914e-03
4.48242188e-02	4.09960660e-05	4.10429622e-03
4.48730469e-02	4.11969686e-05	4.12467507e-03
4.49218750e-02	4.13988688e-05	4.14515623e-03
4.49707031e-02	4.16017716e-05	4.16574019e-03
4.50195313e-02	4.18056819e-05	4.18642749e-03
4.50683594e-02	4.20106049e-05	4.20721865e-03
4.51171875e-02	4.22165457e-05	4.22811419e-03
4.51660156e-02	4.24235093e-05	4.24911464e-03
4.52148438e-02	4.26315008e-05	4.27022052e-03
4.52636719e-02	4.28405256e-05	4.29143238e-03
4.53125000e-02	4.30505886e-05	4.31275074e-03
4.53613281e-02	4.32616952e-05	4.33417616e-03
4.54101562e-02	4.34738506e-05	4.35570915e-03
4.54589844e-02	4.36870601e-05	4.37735028e-03
4.55078125e-02	4.39013289e-05	4.39910009e-03
4.55566406e-02	4.41166624e-05	4.42095912e-03
4.56054688e-02	4.43330659e-05	4.44292793e-03
4.56542969e-02	4.45505448e-05	4.46500707e-03
4.57031250e-02	4.47691044e-05	4.48719711e-03
4.57519531e-02	4.49887503e-05	4.50949860e-03
4.58007813e-02	4.52094879e-05	4.53191210e-03
4.58496094e-02	4.54313226e-05	4.55443819e-03
4.58984375e-02	4.56542600e-05	4.57707743e-03
4.59472656e-02	4.58783056e-05	4.59983039e-03
4.59960938e-02	4.61034650e-05	4.62269765e-03
4.60449219e-02	4.63297437e-05	4.64567979e-03
4.60937500e-02	4.65571475e-05	4.66877739e-03
4.61425781e-02	4.67856819e-05	4.69199103e-03
4.61914063e-02	4.70153526e-05	4.71532130e-03
4.62402344e-02	4.72461653e-05	4.73876878e-03
4.62890625e-02	4.74781258e-05	4.76233408e-03
4.63378906e-02	4.77112399e-05	4.78601778e-03
4.63867188e-02	4.79455133e-05	4.80982049e-03
4.64355469e-02	4.81809518e-05	4.83374281e-03
4.64843750e-02	4.84175614e-05	4.85778535e-03
4.65332031e-02	4.86553479e-05	4.88194870e-03
4.65820313e-02	4.88943172e-05	4.90623349e-03
4.66308594e-02	4.91344752e-05	4.93064032e-03
4.66796875e-02	4.93758280e-05	4.95516982e-03
4.67285156e-02	4.96183816e-05	4.97982260e-03
4.67773438e-02	4.98621419e-05	5.00459929e-03
4.68261719e-02	5.01071150e-05	5.02950051e-03
4.68750000e-02	5.03533071e-05	5.05452691e-03
4.69238281e-02	5.06007242e-05	5.07967910e-03
4.69726563e-02	5.08493726e-05	5.10495772e-03
4.70214844e-02	5.10992583e-05	5.13036342e-03
4.70703125e-02	5.13503877e-05	5.15589684e-03
4.71191406e-02	5.16027670e-05	5.18155862e-03
4.71679688e-02	5.18564025e-05	5.20734942e-03
4.72167969e-02	5.21113004e-05	5.23326989e-03
4.72656250e-02	5.23674672e-05	5.25932067e-03
4.73144531e-02	5.26249091e-05	5.28550244e-03
4.73632812e-02	5.28836327e-05	5.31181586e-03
4.74121094e-02	5.31436444e-05	5.33826159e-03
4.74609375e-02	5.34049506e-05	5.36484030e-03
4.75097656e-02	5.36675578e-05	5.39155266e-03
4.75585938e-02	5.39314727e-05	5.41839936e-03
4.76074219e-02	5.41967017e-05	5.44538107e-03
4.76562500e-02	5.44632515e-05	5.47249847e-03
4.77050781e-02	5.47311287e-05	5.49975225e-03
4.77539063e-02	5.50003400e-05	5.52714311e-03
4.78027344e-02	5.52708921e-05	5.55467173e-03
4.78515625e-02	5.55427918e-05	5.58233881e-03
4.79003906e-02	5.58160458e-05	5.61014506e-03
4.79492188e-02	5.60906609e-05	5.63809118e-03
4.79980469e-02	5.63666441e-05	5.66617787e-03
4.80468750e-02	5.66440021e-05	5.69440585e-03
4.80957031e-02	5.69227419e-05	5.72277584e-03
4.81445313e-02	5.72028704e-05	5.75128855e-03
4.81933594e-02	5.74843946e-05	5.77994471e-03
4.82421875e-02	5.77673216e-05	5.80874503e-03
4.82910156e-02	5.80516584e-05	5.83769026e-03
4.83398438e-02	5.83374121e-05	5.86678113e-03
4.83886719e-02	5.86245899e-05	5.89601837e-03
4.84375000e-02	5.89131988e-05	5.92540273e-03
4.84863281e-02	5.92032461e-05	5.95493494e-03
4.85351563e-02	5.94947390e-05	5.98461576e-03
4.85839844e-02	5.97876849e-05	6.01444595e-03
4.86328125e-02	6.00820909e-05	6.04442625e-03
4.86816406e-02	6.03779645e-05	6.07455743e-03
4.87304688e-02	6.06753131e-05	6.10484026e-03
4.87792969e-02	6.09741441e-05	6.13527549e-03
4.88281250e-02	6.12744648e-05	6.16586391e-03
4.88769531e-02	6.15762830e-05	6.19660629e-03
4.89257813e-02	6.18796060e-05	6.22750340e-03
4.89746094e-02	6.21844414e-05	6.25855604e-03
4.90234375e-02	6.24907969e-05	6.28976498e-03
4.90722656e-02	6.27986801e-05	6.32113103e-03
4.91210938e-02	6.31080987e-05	6.35265498e-03
4.91699219e-02	6.34190604e-05	6.38433763e-03
4.92187500e-02	6.37315731e-05	6.41617977e-03
4.92675781e-02	6.40456444e-05	6.44818223e-03
4.93164062e-02	6.43612823e-05	6.48034581e-03
4.93652344e-02	6.46784946e-05	6.51267133e-03
4.94140625e-02	6.49972893e-05	6.54515961e-03
4.94628906e-02	6.53176744e-05	6.57781147e-03
4.95117188e-02	6.56396577e-05	6.61062775e-03
4.95605469e-02	6.59632475e-05	6.64360927e-03
4.96093750e-02	6.62884518e-05	6.67675688e-03
4.96582031e-02	6.66152786e-05	6.71007141e-03
4.97070313e-02	6.69437363e-05	6.74355371e-03
4.97558594e-02	6.72738329e-05	6.77720464e-03
4.98046875e-02	6.76055768e-05	6.81102504e-03
4.98535156e-02	6.79389762e-05	6.84501577e-03
4.99023438e-02	6.82740395e-05	6.87917771e-03
4.99511719e-02	6.86107751e-05	6.91351171e-03
5.00000000e-02	6.89491914e-05	6.94801865e-03
5.00488281e-02	6.92892968e-05	6.98269941e-03
5.00976563e-02	6.96310999e-05	7.01755486e-03
5.01464844e-02	6.99746092e-05	7.05258589e-03
5.01953125e-02	7.03198333e-05	7.08779340e-03
5.02441406e-02	7.06667809e-05	7.12317827e-03
5.02929688e-02	7.10154605e-05	7.15874141e-03
5.03417969e-02	7.13658811e-05	7.19448371e-03
5.03906250e-02	7.17180512e-05	7.23040610e-03
5.04394531e-02	7.20719798e-05	7.26650947e-03
5.04882813e-02	7.24276757e-05	7.30279476e-03
5.05371094e-02	7.27851478e-05	7.33926287e-03
5.05859375e-02	7.31444051e-05	7.37591475e-03
5.06347656e-02	7.35054565e-05	7.41275131e-03
5.06835938e-02	7.38683111e-05	7.44977350e-03
5.07324219e-02	7.42329780e-05	7.48698225e-03
5.07812500e-02	7.45994663e-05	7.52437852e-03
5.08300781e-02	7.49677852e-05	7.56196326e-03
5.08789063e-02	7.53379439e-05	7.59973741e-03
5.09277344e-02	7.57099517e-05	7.63770195e-03
5.09765625e-02	7.60838179e-05	7.67585783e-03
5.10253906e-02	7.64595519e-05	7.71420603e-03
5.10742188e-02	7.68371631e-05	7.75274752e-03
5.11230469e-02	7.72166609e-05	7.79148328e-03
5.11718750e-02	7.75980549e-05	7.83041430e-03
5.12207031e-02	7.79813546e-05	7.86954157e-03
5.12695312e-02	7.83665696e-05	7.90886608e-03
5.13183594e-02	7.87537096e-05	7.94838884e-03
5.13671875e-02	7.91427843e-05	7.98811084e-03
5.14160156e-02	7.95338035e-05	8.02803311e-03
5.14648438e-02	7.99267769e-05	8.06815665e-03
5.15136719e-02	8.03217143e-05	8.10848249e-03
5.15625000e-02	8.07186258e-05	8.14901166e-03
5.16113281e-02	8.11175212e-05	8.18974518e-03
5.16601563e-02	8.15184106e-05	8.23068409e-03
5.17089844e-02	8.19213040e-05	8.27182944e-03
5.17578125e-02	8.23262115e-05	8.31318226e-03
5.18066406e-02	8.27331433e-05	8.35474362e-03
5.18554688e-02	8.31421096e-05	8.39651458e-03
5.19042969e-02	8.35531206e-05	8.43849619e-03
5.19531250e-02	8.39661866e-05	8.48068952e-03
5.20019531e-02	8.43813181e-05	8.52309565e-03
5.20507813e-02	8.47985254e-05	8.56571567e-03
5.20996094e-02	8.52178190e-05	8.60855064e-03
5.21484375e-02	8.56392095e-05	8.65160167e-03
5.21972656e-02	8.60627073e-05	8.69486986e-03
5.22460938e-02	8.64883232e-05	8.73835629e-03
5.22949219e-02	8.69160678e-05	8.78206209e-03
5.23437500e-02	8.73459518e-05	8.82598836e-03
5.23925781e-02	8.77779861e-05	8.87013623e-03
5.24414063e-02	8.82121815e-05	8.91450681e-03
5.24902344e-02	8.86485489e-05	8.95910125e-03
5.25390625e-02	8.90870992e-05	9.00392066e-03
5.25878906e-02	8.95278435e-05	9.04896621e-03
5.26367188e-02	8.99707929e-05	9.09423903e-03
5.26855469e-02	9.04159584e-05	9.13974027e-03
5.27343750e-02	9.08633512e-05	9.18547111e-03
5.27832031e-02	9.13129827e-05	9.23143270e-03
5.28320313e-02	9.17648640e-05	9.27762621e-03
5.28808594e-02	9.22190066e-05	9.32405283e-03
5.29296875e-02	9.26754218e-05	9.37071373e-03
5.29785156e-02	9.31341211e-05	9.41761010e-03
5.30273438e-02	9.35951160e-05	9.46474315e-03
5.30761719e-02	9.40584182e-05	9.51211407e-03
5.31250000e-02	9.45240393e-05	9.55972407e-03
5.31738281e-02	9.49919909e-05	9.60757436e-03
5.32226562e-02	9.54622848e-05	9.65566617e-03
5.32714844e-02	9.59349330e-05	9.70400071e-03
5.33203125e-02	9.64099471e-05	9.75257923e-03
5.33691406e-02	9.68873393e-05	9.80140296e-03
5.34179688e-02	9.73671214e-05	9.85047315e-03
5.34667969e-02	9.78493056e-05	9.89979105e-03
5.35156250e-02	9.83339039e-05	9.94935791e-03
5.35644531e-02	9.88209287e-05	9.99917501e-03
5.36132813e-02	9.93103920e-05	1.00492436e-02
5.36621094e-02	9.98023063e-05	1.00995650e-02
5.37109375e-02	1.00296684e-04	1.01501404e-02
5.37597656e-02	1.00793537e-04	1.02009712e-02
5.38085938e-02	1.01292879e-04	1.02520586e-02
5.38574219e-02	1.01794721e-04	1.03034040e-02
5.39062500e-02	1.02299077e-04	1.03550087e-02
5.39550781e-02	1.02805959e-04	1.04068739e-02
5.40039063e-02	1.03315380e-04	1.04590011e-02
5.40527344e-02	1.03827352e-04	1.05113915e-02
5.41015625e-02	1.04341889e-04	1.05640464e-02
5.41503906e-02	1.04859004e-04	1.06169673e-02
5.41992188e-02	1.05378709e-04	1.06701554e-02
5.42480469e-02	1.05901018e-04	1.07236122e-02
5.42968750e-02	1.06425943e-04	1.07773389e-02
5.43457031e-02	1.06953499e-04	1.08313370e-02
5.43945313e-02	1.07483698e-04	1.08856079e-02
5.44433594e-02	1.08016553e-04	1.09401528e-02
5.44921875e-02	1.08552079e-04	1.09949733e-02
5.45410156e-02	1.09090288e-04	1.10500707e-02
5.45898438e-02	1.09631194e-04	1.11054465e-02
5.46386719e-02	1.10174811e-04	1.11611020e-02
5.46875000e-02	1.10721152e-04	1.12170386e-02
5.47363281e-02	1.11270232e-04	1.12732578e-02
5.47851563e-02	1.11822063e-04	1.13297611e-02
5.48339844e-02	1.12376661e-04	1.13865498e-02
5.48828125e-02	1.12934038e-04	1.14436254e-02
5.49316406e-02	1.13494209e-04	1.15009894e-02
5.49804688e-02	1.14057188e-04	1.15586433e-02
5.50292969e-02	1.14622990e-04	1.16165885e-02
5.50781250e-02	1.15191628e-04	1.16748265e-02
5.51269531e-02	1.15763117e-04	1.17333587e-02
5.51757812e-02	1.16337471e-04	1.17921867e-02
5.52246094e-02	1.16914705e-04	1.18513121e-02
5.52734375e-02	1.17494833e-04	1.19107362e-02
5.53222656e-02	1.18077870e-04	1.19704606e-02
5.53710938e-02	1.18663831e-04	1.20304869e-02
5.54199219e-02	1.19252730e-04	1.20908165e-02
5.54687500e-02	1.19844582e-04	1.21514511e-02
5.55175781e-02	1.20439402e-04	1.22123921e-02
5.55664063e-02	1.21037206e-04	1.22736412e-02
5.56152344e-02	1.21638008e-04	1.23351998e-02
5.56640625e-02	1.22241823e-04	1.23970696e-02
5.57128906e-02	1.22848667e-04	1.24592522e-02
5.57617188e-02	1.23458554e-04	1.25217491e-02
5.58105469e-02	1.24071501e-04	1.25845619e-02
5.58593750e-02	1.24687523e-04	1.26476923e-02
5.59082031e-02	1.25306635e-04	1.27111418e-02
5.59570313e-02	1.25928854e-04	1.27749121e-02
5.60058594e-02	1.26554193e-04	1.28390048e-02
5.60546875e-02	1.27182671e-04	1.29034216e-02
5.61035156e-02	1.27814301e-04	1.29681640e-02
5.61523438e-02	1.28449101e-04	1.30332339e-02
5.62011719e-02	1.29087086e-04	1.30986327e-02
5.62500000e-02	1.29728272e-04	1.31643622e-02
5.62988281e-02	1.30372676e-04	1.32304241e-02
5.63476563e-02	1.31020314e-04	1.32968200e-02
5.63964844e-02	1.31671202e-04	1.33635517e-02
5.64453125e-02	1.32325357e-04	1.34306209e-02
5.64941406e-02	1.32982794e-04	1.34980293e-02
5.65429688e-02	1.33643532e-04	1.35657786e-02
5.65917969e-02	1.34307586e-04	1.36338705e-02
5.66406250e-02	1.34974973e-04	1.37023068e-02
5.66894531e-02	1.35645710e-04	1.37710892e-02
5.67382813e-02	1.36319814e-04	1.38402196e-02
5.67871094e-02	1.36997303e-04	1.39096996e-02
5.68359375e-02	1.37678192e-04	1.39795311e-02
5.68847656e-02	1.38362500e-04	1.40497157e-02
5.69335938e-02	1.39050243e-04	1.41202555e-02
5.69824219e-02	1.39741440e-04	1.41911520e-02
5.70312500e-02	1.40436107e-04	1.42624073e-02
5.70800781e-02	1.41134262e-04	1.43340229e-02
5.71289062e-02	1.41835922e-04	1.44060010e-02
5.71777344e-02	1.42541107e-04	1.44783431e-02
5.72265625e-02	1.43249832e-04	1.45510513e-02
5.72753906e-02	1.43962117e-04	1.46241273e-02
5.73242188e-02	1.44677979e-04	1.46975731e-02
5.73730469e-02	1.45397436e-04	1.47713905e-02
5.74218750e-02	1.46120506e-04	1.48455814e-02
5.74707031e-02	1.46847209e-04	1.49201478e-02
5.75195313e-02	1.47577561e-04	1.49950914e-02
5.75683594e-02	1.48311582e-04	1.50704143e-02
5.76171875e-02	1.49049291e-04	1.51461184e-02
5.76660156e-02	1.49790705e-04	1.52222056e-02
5.77148438e-02	1.50535843e-04	1.52986778e-02
5.77636719e-02	1.51284726e-04	1.53755371e-02
5.78125000e-02	1.52037370e-04	1.54527853e-02
5.78613281e-02	1.52793796e-04	1.55304246e-02
5.79101563e-02	1.53554023e-04	1.56084568e-02
5.79589844e-02	1.54318069e-04	1.56868839e-02
5.80078125e-02	1.55085955e-04	1.57657081e-02
5.80566406e-02	1.55857699e-04	1.58449312e-02
5.81054688e-02	1.56633321e-04	1.59245553e-02
5.81542969e-02	1.57412841e-04	1.60045826e-02
5.82031250e-02	1.58196279e-04	1.60850149e-02
5.82519531e-02	1.58983653e-04	1.61658544e-02
5.83007813e-02	1.59774985e-04	1.62471031e-02
5.83496094e-02	1.60570295e-04	1.63287632e-02
5.83984375e-02	1.61369601e-04	1.64108367e-02
5.84472656e-02	1.62172925e-04	1.64933258e-02
5.84960938e-02	1.62980288e-04	1.65762325e-02
5.85449219e-02	1.63791708e-04	1.66595590e-02
5.85937500e-02	1.64607208e-04	1.67433073e-02
5.86425781e-02	1.65426807e-04	1.68274798e-02
5.86914063e-02	1.66250527e-04	1.69120784e-02
5.87402344e-02	1.67078388e-04	1.69971055e-02
5.87890625e-02	1.67910411e-04	1.70825631e-02
5.88378906e-02	1.68746618e-04	1.71684535e-02
5.88867188e-02	1.69587029e-04	1.72547788e-02
5.89355469e-02	1.70431665e-04	1.73415413e-02
5.89843750e-02	1.71280549e-04	1.74287432e-02
5.90332031e-02	1.72133702e-04	1.75163868e-02
5.90820312e-02	1.72991145e-04	1.76044742e-02
5.91308594e-02	1.73852900e-04	1.76930078e-02
5.91796875e-02	1.74718988e-04	1.77819899e-02
5.92285156e-02	1.75589433e-04	1.78714226e-02
5.92773438e-02	1.76464256e-04	1.79613083e-02
5.93261719e-02	1.77343478e-04	1.80516494e-02
5.93750000e-02	1.78227123e-04	1.81424481e-02
5.94238281e-02	1.79115213e-04	1.82337067e-02
5.94726563e-02	1.80007770e-04	1.83254276e-02
5.95214844e-02	1.80904817e-04	1.84176132e-02
5.95703125e-02	1.81806376e-04	1.85102658e-02
5.96191406e-02	1.82712471e-04	1.86033878e-02
5.96679688e-02	1.83623125e-04	1.86969816e-02
5.97167969e-02	1.84538360e-04	1.87910496e-02
5.97656250e-02	1.85458200e-04	1.88855942e-02
5.98144531e-02	1.86382668e-04	1.89806179e-02
5.98632813e-02	1.87311788e-04	1.90761230e-02
5.99121094e-02	1.88245582e-04	1.91721120e-02
5.99609375e-02	1.89184076e-04	1.92685875e-02
6.00097656e-02	1.90127292e-04	1.93655518e-02
6.00585938e-02	1.91075255e-04	1.94630075e-02
6.01074219e-02	1.92027989e-04	1.95609570e-02
6.01562500e-02	1.92985517e-04	1.96594030e-02
6.02050781e-02	1.93947865e-04	1.97583478e-02
6.02539063e-02	1.94915056e-04	1.98577941e-02
6.03027344e-02	1.95887115e-04	1.99577444e-02
6.03515625e-02	1.96864066e-04	2.00582013e-02
6.04003906e-02	1.97845936e-04	2.01591673e-02
6.04492188e-02	1.98832748e-04	2.02606451e-02
6.04980469e-02	1.99824527e-04	2.03626373e-02
6.05468750e-02	2.00821299e-04	2.04651464e-02
6.05957031e-02	2.01823089e-04	2.05681751e-02
6.06445313e-02	2.02829923e-04	2.06717261e-02
6.06933594e-02	2.03841825e-04	2.07758021e-02
6.07421875e-02	2.04858822e-04	2.08804056e-02
6.07910156e-02	2.05880940e-04	2.09855394e-02
6.08398438e-02	2.06908204e-04	2.10912062e-02
6.08886719e-02	2.07940641e-04	2.11974087e-02
6.09375000e-02	2.08978277e-04	2.13041497e-02
6.09863281e-02	2.10021138e-04	2.14114318e-02
6.10351562e-02	2.11069250e-04	2.15192578e-02
6.10839844e-02	2.12122641e-04	2.16276306e-02
6.11328125e-02	2.13181337e-04	2.17365529e-02
6.11816406e-02	2.14245365e-04	2.18460274e-02
6.12304688e-02	2.15314752e-04	2.19560571e-02
6.12792969e-02	2.16389525e-04	2.20666447e-02
6.13281250e-02	2.17469711e-04	2.21777931e-02
6.13769531e-02	2.18555339e-04	2.22895052e-02
6.14257813e-02	2.19646435e-04	2.24017837e-02
6.14746094e-02	2.20743027e-04	2.25146317e-02
6.15234375e-02	2.21845143e-04	2.26280520e-02
6.15722656e-02	2.22952812e-04	2.27420475e-02
6.16210938e-02	2.24066060e-04	2.28566211e-02
6.16699219e-02	2.25184918e-04	2.29717759e-02
6.17187500e-02	2.26309412e-04	2.30875147e-02
6.17675781e-02	2.27439572e-04	2.32038406e-02
6.18164063e-02	2.28575427e-04	2.33207565e-02
6.18652344e-02	2.29717004e-04	2.34382654e-02
6.19140625e-02	2.30864334e-04	2.35563705e-02
6.19628906e-02	2.32017446e-04	2.36750746e-02
6.20117188e-02	2.33176368e-04	2.37943809e-02
6.20605469e-02	2.34341130e-04	2.39142924e-02
6.21093750e-02	2.35511763e-04	2.40348122e-02
6.21582031e-02	2.36688295e-04	2.41559435e-02
6.22070313e-02	2.37870757e-04	2.42776893e-02
6.22558594e-02	2.39059178e-04	2.44000528e-02
6.23046875e-02	2.40253590e-04	2.45230371e-02
6.23535156e-02	2.41454021e-04	2.46466454e-02
6.24023438e-02	2.42660504e-04	2.47708808e-02
6.24511719e-02	2.43873068e-04	2.48957467e-02
6.25000000e-02	2.45091745e-04	2.50212461e-02
6.25488281e-02	2.46316565e-04	2.51473823e-02
6.25976563e-02	2.47547559e-04	2.52741586e-02
6.26464844e-02	2.48784760e-04	2.54015782e-02
6.26953125e-02	2.50028198e-04	2.55296444e-02
6.27441406e-02	2.51277905e-04	2.56583605e-02
6.27929687e-02	2.52533913e-04	2.57877299e-02
6.28417969e-02	2.53796254e-04	2.59177557e-02
6.28906250e-02	2.55064960e-04	2.60484415e-02
6.29394531e-02	2.56340063e-04	2.61797906e-02
6.29882812e-02	2.57621596e-04	2.63118063e-02
6.30371094e-02	2.58909592e-04	2.64444921e-02
6.30859375e-02	2.60204083e-04	2.65778513e-02
6.31347656e-02	2.61505102e-04	2.67118874e-02
6.31835938e-02	2.62812682e-04	2.68466039e-02
6.32324219e-02	2.64126857e-04	2.69820042e-02
6.32812500e-02	2.65447660e-04	2.71180918e-02
6.33300781e-02	2.66775125e-04	2.72548703e-02
6.33789063e-02	2.68109286e-04	2.73923431e-02
6.34277344e-02	2.69450176e-04	2.75305138e-02
6.34765625e-02	2.70797830e-04	2.76693859e-02
6.35253906e-02	2.72152281e-04	2.78089631e-02
6.35742188e-02	2.73513566e-04	2.79492489e-02
6.36230469e-02	2.74881718e-04	2.80902469e-02
6.36718750e-02	2.76256772e-04	2.82319608e-02
6.37207031e-02	2.77638763e-04	2.83743942e-02
6.37695312e-02	2.79027726e-04	2.85175509e-02
6.38183594e-02	2.80423697e-04	2.86614344e-02
6.38671875e-02	2.81826712e-04	2.88060485e-02
6.39160156e-02	2.83236806e-04	2.89513969e-02
6.39648438e-02	2.84654015e-04	2.90974834e-02
6.40136719e-02	2.86078375e-04	2.92443118e-02
6.40625000e-02	2.87509923e-04	2.93918858e-02
6.41113281e-02	2.88948695e-04	2.95402092e-02
6.41601563e-02	2.90394728e-04	2.96892858e-02
6.42089844e-02	2.91848058e-04	2.98391196e-02
6.42578125e-02	2.93308723e-04	2.99897143e-02
6.43066406e-02	2.94776759e-04	3.01410739e-02
6.43554688e-02	2.96252206e-04	3.02932022e-02
6.44042969e-02	2.97735099e-04	3.04461032e-02
6.44531250e-02	2.99225477e-04	3.05997808e-02
6.45019531e-02	3.00723378e-04	3.07542390e-02
6.45507813e-02	3.02228840e-04	3.09094818e-02
6.45996094e-02	3.03741901e-04	3.10655131e-02
6.46484375e-02	3.05262601e-04	3.12223371e-02
6.46972656e-02	3.06790977e-04	3.13799576e-02
6.47460937e-02	3.08327069e-04	3.15383789e-02
6.47949219e-02	3.09870916e-04	3.16976050e-02
6.48437500e-02	3.11422558e-04	3.18576400e-02
6.48925781e-02	3.12982034e-04	3.20184880e-02
6.49414062e-02	3.14549384e-04	3.21801531e-02
6.49902344e-02	3.16124647e-04	3.23426397e-02
6.50390625e-02	3.17707865e-04	3.25059518e-02
6.50878906e-02	3.19299077e-04	3.26700936e-02
6.51367188e-02	3.20898324e-04	3.28350695e-02
6.51855469e-02	3.22505647e-04	3.30008836e-02
6.52343750e-02	3.24121087e-04	3.31675403e-02
6.52832031e-02	3.25744685e-04	3.33350437e-02
6.53320313e-02	3.27376483e-04	3.35033984e-02
6.53808594e-02	3.29016522e-04	3.36726085e-02
6.54296875e-02	3.30664845e-04	3.38426786e-02
6.54785156e-02	3.32321492e-04	3.40136129e-02
6.55273438e-02	3.33986508e-04	3.41854158e-02
6.55761719e-02	3.35659933e-04	3.43580919e-02
6.56250000e-02	3.37341812e-04	3.45316456e-02
6.56738281e-02	3.39032186e-04	3.47060813e-02
6.57226562e-02	3.40731099e-04	3.48814036e-02
6.57714844e-02	3.42438595e-04	3.50576170e-02
6.58203125e-02	3.44154716e-04	3.52347260e-02
6.58691406e-02	3.45879508e-04	3.54127352e-02
6.59179688e-02	3.47613013e-04	3.55916492e-02
6.59667969e-02	3.49355277e-04	3.57714727e-02
6.60156250e-02	3.51106344e-04	3.59522102e-02
6.60644531e-02	3.52866257e-04	3.61338665e-02
6.61132813e-02	3.54635064e-04	3.63164462e-02
6.61621094e-02	3.56412808e-04	3.64999541e-02
6.62109375e-02	3.58199535e-04	3.66843949e-02
6.62597656e-02	3.59995291e-04	3.68697733e-02
6.63085938e-02	3.61800122e-04	3.70560941e-02
6.63574219e-02	3.63614074e-04	3.72433623e-02
6.64062500e-02	3.65437193e-04	3.74315825e-02
6.64550781e-02	3.67269525e-04	3.76207597e-02
6.65039063e-02	3.69111118e-04	3.78108987e-02
6.65527344e-02	3.70962019e-04	3.80020045e-02
6.66015625e-02	3.72822275e-04	3.81940820e-02
6.66503906e-02	3.74691934e-04	3.83871362e-02
6.66992187e-02	3.76571043e-04	3.85811720e-02
6.67480469e-02	3.78459651e-04	3.87761945e-02
6.67968750e-02	3.80357805e-04	3.89722087e-02
6.68457031e-02	3.82265555e-04	3.91692197e-02
6.68945312e-02	3.84182949e-04	3.93672326e-02
6.69433594e-02	3.86110036e-04	3.95662524e-02
6.69921875e-02	3.88046865e-04	3.97662844e-02
6.70410156e-02	3.89993487e-04	3.99673337e-02
6.70898438e-02	3.91949950e-04	4.01694055e-02
6.71386719e-02	3.93916305e-04	4.03725050e-02
6.71875000e-02	3.95892603e-04	4.05766375e-02
6.72363281e-02	3.97878893e-04	4.07818083e-02
6.72851563e-02	3.99875227e-04	4.09880226e-02
6.73339844e-02	4.01881655e-04	4.11952858e-02
6.73828125e-02	4.03898229e-04	4.14036033e-02
6.74316406e-02	4.05925002e-04	4.16129805e-02
6.74804688e-02	4.07962023e-04	4.18234226e-02
6.75292969e-02	4.10009346e-04	4.20349353e-02
6.75781250e-02	4.12067024e-04	4.22475240e-02
6.76269531e-02	4.14135107e-04	4.24611941e-02
6.76757812e-02	4.16213651e-04	4.26759512e-02
6.77246094e-02	4.18302707e-04	4.28918009e-02
6.77734375e-02	4.20402330e-04	4.31087487e-02
6.78222656e-02	4.22512573e-04	4.33268003e-02
6.78710938e-02	4.24633490e-04	4.35459612e-02
6.79199219e-02	4.26765136e-04	4.37662372e-02
6.79687500e-02	4.28907564e-04	4.39876340e-02
6.80175781e-02	4.31060831e-04	4.42101572e-02
6.80664063e-02	4.33224990e-04	4.44338127e-02
6.81152344e-02	4.35400098e-04	4.46586063e-02
6.81640625e-02	4.37586210e-04	4.48845436e-02
6.82128906e-02	4.39783382e-04	4.51116307e-02
6.82617188e-02	4.41991671e-04	4.53398734e-02
6.83105469e-02	4.44211133e-04	4.55692775e-02
6.83593750e-02	4.46441824e-04	4.57998491e-02
6.84082031e-02	4.48683803e-04	4.60315940e-02
6.84570313e-02	4.50937126e-04	4.62645183e-02
6.85058594e-02	4.53201851e-04	4.64986281e-02
6.85546875e-02	4.55478036e-04	4.67339293e-02
6.86035156e-02	4.57765740e-04	4.69704281e-02
6.86523437e-02	4.60065022e-04	4.72081305e-02
6.87011719e-02	4.62375939e-04	4.74470429e-02
6.87500000e-02	4.64698552e-04	4.76871712e-02
6.87988281e-02	4.67032919e-04	4.79285218e-02
6.88476562e-02	4.69379101e-04	4.81711009e-02
6.88964844e-02	4.71737158e-04	4.84149147e-02
6.89453125e-02	4.74107151e-04	4.86599697e-02
6.89941406e-02	4.76489139e-04	4.89062720e-02
6.90429688e-02	4.78883184e-04	4.91538282e-02
6.90917969e-02	4.81289348e-04	4.94026447e-02
6.91406250e-02	4.83707692e-04	4.96527278e-02
6.91894531e-02	4.86138279e-04	4.99040840e-02
6.92382813e-02	4.88581169e-04	5.01567199e-02
6.92871094e-02	4.91036427e-04	5.04106420e-02
6.93359375e-02	4.93504115e-04	5.06658568e-02
6.93847656e-02	4.95984296e-04	5.09223711e-02
6.94335938e-02	4.98477035e-04	5.11801914e-02
6.94824219e-02	5.00982394e-04	5.14393244e-02
6.95312500e-02	5.03500439e-04	5.16997768e-02
6.95800781e-02	5.06031233e-04	5.19615555e-02
6.96289062e-02	5.08574842e-04	5.22246670e-02
6.96777344e-02	5.11131331e-04	5.24891184e-02
6.97265625e-02	5.13700765e-04	5.27549164e-02
6.97753906e-02	5.16283211e-04	5.30220678e-02
6.98242188e-02	5.18878735e-04	5.32905798e-02
6.98730469e-02	5.21487403e-04	5.35604591e-02
6.99218750e-02	5.24109282e-04	5.38317128e-02
6.99707031e-02	5.26744439e-04	5.41043479e-02
7.00195313e-02	5.29392943e-04	5.43783716e-02
7.00683594e-02	5.32054861e-04	5.46537908e-02
7.01171875e-02	5.34730262e-04	5.49306127e-02
7.01660156e-02	5.37419213e-04	5.52088446e-02
7.02148438e-02	5.40121785e-04	5.54884936e-02
7.02636719e-02	5.42838046e-04	5.57695669e-02
7.03125000e-02	5.45568067e-04	5.60520719e-02
7.03613281e-02	5.48311917e-04	5.63360158e-02
7.04101563e-02	5.51069666e-04	5.66214061e-02
7.04589844e-02	5.53841386e-04	5.69082502e-02
7.05078125e-02	5.56627148e-04	5.71965554e-02
7.05566406e-02	5.59427023e-04	5.74863293e-02
7.06054687e-02	5.62241084e-04	5.77775793e-02
7.06542969e-02	5.65069401e-04	5.80703131e-02
7.07031250e-02	5.67912049e-04	5.83645381e-02
7.07519531e-02	5.70769100e-04	5.86602621e-02
7.08007812e-02	5.73640627e-04	5.89574928e-02
7.08496094e-02	5.76526704e-04	5.92562377e-02
7.08984375e-02	5.79427406e-04	5.95565047e-02
7.09472656e-02	5.82342807e-04	5.98583016e-02
7.09960938e-02	5.85272981e-04	6.01616361e-02
7.10449219e-02	5.88218004e-04	6.04665162e-02
7.10937500e-02	5.91177952e-04	6.07729498e-02
7.11425781e-02	5.94152901e-04	6.10809448e-02
7.11914063e-02	5.97142926e-04	6.13905091e-02
7.12402344e-02	6.00148106e-04	6.17016509e-02
7.12890625e-02	6.03168517e-04	6.20143783e-02
7.13378906e-02	6.06204237e-04	6.23286992e-02
7.13867188e-02	6.09255343e-04	6.26446219e-02
7.14355469e-02	6.12321915e-04	6.29621546e-02
7.14843750e-02	6.15404031e-04	6.32813055e-02
7.15332031e-02	6.18501770e-04	6.36020829e-02
7.15820312e-02	6.21615211e-04	6.39244951e-02
7.16308594e-02	6.24744436e-04	6.42485505e-02
7.16796875e-02	6.27889524e-04	6.45742575e-02
7.17285156e-02	6.31050557e-04	6.49016246e-02
7.17773438e-02	6.34227614e-04	6.52306602e-02
7.18261719e-02	6.37420779e-04	6.55613729e-02
7.18750000e-02	6.40630133e-04	6.58937713e-02
7.19238281e-02	6.43855759e-04	6.62278640e-02
7.19726563e-02	6.47097740e-04	6.65636596e-02
7.20214844e-02	6.50356158e-04	6.69011670e-02
7.20703125e-02	6.53631099e-04	6.72403948e-02
7.21191406e-02	6.56922645e-04	6.75813519e-02
7.21679688e-02	6.60230883e-04	6.79240470e-02
7.22167969e-02	6.63555896e-04	6.82684892e-02
7.22656250e-02	6.66897770e-04	6.86146874e-02
7.23144531e-02	6.70256592e-04	6.89626505e-02
7.23632813e-02	6.73632447e-04	6.93123876e-02
7.24121094e-02	6.77025423e-04	6.96639078e-02
7.24609375e-02	6.80435607e-04	7.00172201e-02
7.25097656e-02	6.83863086e-04	7.03723338e-02
7.25585937e-02	6.87307949e-04	7.07292581e-02
7.26074219e-02	6.90770285e-04	7.10880023e-02
7.26562500e-02	6.94250182e-04	7.14485757e-02
7.27050781e-02	6.97747730e-04	7.18109876e-02
7.27539062e-02	7.01263019e-04	7.21752475e-02
7.28027344e-02	7.04796139e-04	7.25413648e-02
7.28515625e-02	7.08347182e-04	7.29093490e-02
7.29003906e-02	7.11916239e-04	7.32792097e-02
7.29492188e-02	7.15503401e-04	7.36509566e-02
7.29980469e-02	7.19108761e-04	7.40245992e-02
7.30468750e-02	7.22732412e-04	7.44001472e-02
7.30957031e-02	7.26374447e-04	7.47776105e-02
7.31445313e-02	7.30034960e-04	7.51569989e-02
7.31933594e-02	7.33714045e-04	7.55383221e-02
7.32421875e-02	7.37411797e-04	7.59215901e-02
7.32910156e-02	7.41128311e-04	7.63068129e-02
7.33398438e-02	7.44863682e-04	7.66940005e-02
7.33886719e-02	7.48618007e-04	7.70831629e-02
7.34375000e-02	7.52391383e-04	7.74743103e-02
7.34863281e-02	7.56183907e-04	7.78674528e-02
7.35351562e-02	7.59995676e-04	7.82626006e-02
7.35839844e-02	7.63826788e-04	7.86597640e-02
7.36328125e-02	7.67677343e-04	7.90589534e-02
7.36816406e-02	7.71547439e-04	7.94601791e-02
7.37304688e-02	7.75437176e-04	7.98634515e-02
7.37792969e-02	7.79346654e-04	8.02687812e-02
7.38281250e-02	7.83275974e-04	8.06761786e-02
7.38769531e-02	7.87225238e-04	8.10856543e-02
7.39257813e-02	7.91194546e-04	8.14972191e-02
7.39746094e-02	7.95184002e-04	8.19108836e-02
7.40234375e-02	7.99193707e-04	8.23266585e-02
7.40722656e-02	8.03223766e-04	8.27445547e-02
7.41210938e-02	8.07274282e-04	8.31645830e-02
7.41699219e-02	8.11345360e-04	8.35867544e-02
7.42187500e-02	8.15437104e-04	8.40110798e-02
7.42675781e-02	8.19549620e-04	8.44375703e-02
7.43164063e-02	8.23683014e-04	8.48662370e-02
7.43652344e-02	8.27837392e-04	8.52970910e-02
7.44140625e-02	8.32012861e-04	8.57301435e-02
7.44628906e-02	8.36209530e-04	8.61654058e-02
7.45117187e-02	8.40427506e-04	8.66028892e-02
7.45605469e-02	8.44666898e-04	8.70426050e-02
7.46093750e-02	8.48927815e-04	8.74845649e-02
7.46582031e-02	8.53210368e-04	8.79287801e-02
7.47070312e-02	8.57514665e-04	8.83752623e-02
7.47558594e-02	8.61840820e-04	8.88240231e-02
7.48046875e-02	8.66188942e-04	8.92750742e-02
7.48535156e-02	8.70559145e-04	8.97284273e-02
7.49023438e-02	8.74951541e-04	9.01840942e-02
7.49511719e-02	8.79366242e-04	9.06420868e-02
7.50000000e-02	8.83803364e-04	9.11024169e-02
7.50488281e-02	8.88263020e-04	9.15650966e-02
7.50976563e-02	8.92745326e-04	9.20301379e-02
7.51464844e-02	8.97250396e-04	9.24975529e-02
7.51953125e-02	9.01778348e-04	9.29673538e-02
7.52441406e-02	9.06329298e-04	9.34395528e-02
7.52929688e-02	9.10903363e-04	9.39141621e-02
7.53417969e-02	9.15500662e-04	9.43911942e-02
7.53906250e-02	9.20121313e-04	9.48706614e-02
7.54394531e-02	9.24765435e-04	9.53525763e-02
7.54882813e-02	9.29433148e-04	9.58369514e-02
7.55371094e-02	9.34124572e-04	9.63237992e-02
7.55859375e-02	9.38839829e-04	9.68131325e-02
7.56347656e-02	9.43579041e-04	9.73049640e-02
7.56835938e-02	9.48342329e-04	9.77993066e-02
7.57324219e-02	9.53129816e-04	9.82961730e-02
7.57812500e-02	9.57941626e-04	9.87955762e-02
7.58300781e-02	9.62777884e-04	9.92975292e-02
7.58789063e-02	9.67638713e-04	9.98020451e-02
7.59277344e-02	9.72524240e-04	1.00309137e-01
7.59765625e-02	9.77434590e-04	1.00818818e-01
7.60253906e-02	9.82369891e-04	1.01331102e-01
7.60742188e-02	9.87330270e-04	1.01846002e-01
7.61230469e-02	9.92315854e-04	1.02363530e-01
7.61718750e-02	9.97326773e-04	1.02883702e-01
7.62207031e-02	1.00236316e-03	1.03406530e-01
7.62695313e-02	1.00742513e-03	1.03932027e-01
7.63183594e-02	1.01251283e-03	1.04460209e-01
7.63671875e-02	1.01762639e-03	1.04991087e-01
7.64160156e-02	1.02276594e-03	1.05524677e-01
7.64648438e-02	1.02793160e-03	1.06060992e-01
7.65136719e-02	1.03312352e-03	1.06600046e-01
7.65625000e-02	1.03834183e-03	1.07141853e-01
7.66113281e-02	1.04358666e-03	1.07686428e-01
7.66601562e-02	1.04885815e-03	1.08233783e-01
7.67089844e-02	1.05415643e-03	1.08783935e-01
7.67578125e-02	1.05948165e-03	1.09336896e-01
7.68066406e-02	1.06483393e-03	1.09892682e-01
7.68554688e-02	1.07021343e-03	1.10451306e-01
7.69042969e-02	1.07562026e-03	1.11012785e-01
7.69531250e-02	1.08105459e-03	1.11577131e-01
7.70019531e-02	1.08651654e-03	1.12144360e-01
7.70507813e-02	1.09200626e-03	1.12714486e-01
7.70996094e-02	1.09752388e-03	1.13287525e-01
7.71484375e-02	1.10306956e-03	1.13863492e-01
7.71972656e-02	1.10864344e-03	1.14442400e-01
7.72460938e-02	1.11424565e-03	1.15024266e-01
7.72949219e-02	1.11987635e-03	1.15609105e-01
7.73437500e-02	1.12553568e-03	1.16196932e-01
7.73925781e-02	1.13122378e-03	1.16787762e-01
7.74414063e-02	1.13694080e-03	1.17381610e-01
7.74902344e-02	1.14268690e-03	1.17978493e-01
7.75390625e-02	1.14846222e-03	1.18578425e-01
7.75878906e-02	1.15426690e-03	1.19181423e-01
7.76367188e-02	1.16010110e-03	1.19787501e-01
7.76855469e-02	1.16596497e-03	1.20396676e-01
7.77343750e-02	1.17185867e-03	1.21008965e-01
7.77832031e-02	1.17778233e-03	1.21624381e-01
7.78320313e-02	1.18373612e-03	1.22242943e-01
7.78808594e-02	1.18972020e-03	1.22864665e-01
7.79296875e-02	1.19573470e-03	1.23489564e-01
7.79785156e-02	1.20177980e-03	1.24117657e-01
7.80273438e-02	1.20785565e-03	1.24748960e-01
7.80761719e-02	1.21396240e-03	1.25383488e-01
7.81250000e-02	1.22010021e-03	1.26021260e-01
7.81738281e-02	1.22626924e-03	1.26662290e-01
7.82226563e-02	1.23246965e-03	1.27306597e-01
7.82714844e-02	1.23870160e-03	1.27954197e-01
7.83203125e-02	1.24496526e-03	1.28605107e-01
7.83691406e-02	1.25126078e-03	1.29259343e-01
7.84179688e-02	1.25758832e-03	1.29916924e-01
7.84667969e-02	1.26394806e-03	1.30577865e-01
7.85156250e-02	1.27034015e-03	1.31242185e-01
7.85644531e-02	1.27676476e-03	1.31909900e-01
7.86132812e-02	1.28322206e-03	1.32581028e-01
7.86621094e-02	1.28971221e-03	1.33255587e-01
7.87109375e-02	1.29623538e-03	1.33933594e-01
7.87597656e-02	1.30279175e-03	1.34615066e-01
7.88085938e-02	1.30938147e-03	1.35300023e-01
7.88574219e-02	1.31600473e-03	1.35988480e-01
7.89062500e-02	1.32266168e-03	1.36680458e-01
7.89550781e-02	1.32935251e-03	1.37375972e-01
7.90039063e-02	1.33607739e-03	1.38075043e-01
7.90527344e-02	1.34283649e-03	1.38777687e-01
7.91015625e-02	1.34962999e-03	1.39483924e-01
7.91503906e-02	1.35645806e-03	1.40193771e-01
7.91992188e-02	1.36332088e-03	1.40907247e-01
7.92480469e-02	1.37021862e-03	1.41624372e-01
7.92968750e-02	1.37715147e-03	1.42345163e-01
7.93457031e-02	1.38411960e-03	1.43069639e-01
7.93945313e-02	1.39112320e-03	1.43797819e-01
7.94433594e-02	1.39816245e-03	1.44529723e-01
7.94921875e-02	1.40523753e-03	1.45265369e-01
7.95410156e-02	1.41234861e-03	1.46004777e-01
7.95898438e-02	1.41949590e-03	1.46747966e-01
7.96386719e-02	1.42667956e-03	1.47494955e-01
7.96875000e-02	1.43389980e-03	1.48245764e-01
7.97363281e-02	1.44115678e-03	1.49000413e-01
7.97851563e-02	1.44845071e-03	1.49758920e-01
7.98339844e-02	1.45578177e-03	1.50521307e-01
7.98828125e-02	1.46315015e-03	1.51287592e-01
7.99316406e-02	1.47055605e-03	1.52057796e-01
7.99804688e-02	1.47799964e-03	1.52831939e-01
8.00292969e-02	1.48548114e-03	1.53610042e-01
8.00781250e-02	1.49300072e-03	1.54392124e-01
8.01269531e-02	1.50055859e-03	1.55178206e-01
8.01757813e-02	1.50815494e-03	1.55968308e-01
8.02246094e-02	1.51578997e-03	1.56762452e-01
8.02734375e-02	1.52346387e-03	1.57560657e-01
8.03222656e-02	1.53117685e-03	1.58362946e-01
8.03710938e-02	1.53892911e-03	1.59169338e-01
8.04199219e-02	1.54672083e-03	1.59979854e-01
8.04687500e-02	1.55455224e-03	1.60794517e-01
8.05175781e-02	1.56242352e-03	1.61613347e-01
8.05664062e-02	1.57033489e-03	1.62436366e-01
8.06152344e-02	1.57828655e-03	1.63263594e-01
8.06640625e-02	1.58627871e-03	1.64095055e-01
8.07128906e-02	1.59431157e-03	1.64930768e-01
8.07617188e-02	1.60238533e-03	1.65770758e-01
8.08105469e-02	1.61050022e-03	1.66615044e-01
8.08593750e-02	1.61865644e-03	1.67463650e-01
8.09082031e-02	1.62685420e-03	1.68316597e-01
8.09570313e-02	1.63509371e-03	1.69173908e-01
8.10058594e-02	1.64337520e-03	1.70035606e-01
8.10546875e-02	1.65169886e-03	1.70901712e-01
8.11035156e-02	1.66006492e-03	1.71772249e-01
8.11523438e-02	1.66847360e-03	1.72647241e-01
8.12011719e-02	1.67692512e-03	1.73526709e-01
8.12500000e-02	1.68541968e-03	1.74410678e-01
8.12988281e-02	1.69395752e-03	1.75299169e-01
8.13476563e-02	1.70253885e-03	1.76192207e-01
8.13964844e-02	1.71116390e-03	1.77089815e-01
8.14453125e-02	1.71983289e-03	1.77992016e-01
8.14941406e-02	1.72854605e-03	1.78898833e-01
8.15429688e-02	1.73730359e-03	1.79810291e-01
8.15917969e-02	1.74610576e-03	1.80726414e-01
8.16406250e-02	1.75495277e-03	1.81647224e-01
8.16894531e-02	1.76384486e-03	1.82572747e-01
8.17382813e-02	1.77278226e-03	1.83503006e-01
8.17871094e-02	1.78176519e-03	1.84438026e-01
8.18359375e-02	1.79079390e-03	1.85377832e-01
8.18847656e-02	1.79986861e-03	1.86322447e-01
8.19335938e-02	1.80898957e-03	1.87271897e-01
8.19824219e-02	1.81815700e-03	1.88226206e-01
8.20312500e-02	1.82737115e-03	1.89185400e-01
8.20800781e-02	1.83663226e-03	1.90149503e-01
8.21289063e-02	1.84594056e-03	1.91118541e-01
8.21777344e-02	1.85529630e-03	1.92092539e-01
8.22265625e-02	1.86469972e-03	1.93071522e-01
8.22753906e-02	1.87415106e-03	1.94055517e-01
8.23242188e-02	1.88365058e-03	1.95044548e-01
8.23730469e-02	1.89319851e-03	1.96038642e-01
8.24218750e-02	1.90279510e-03	1.97037825e-01
8.24707031e-02	1.91244061e-03	1.98042123e-01
8.25195312e-02	1.92213528e-03	1.99051562e-01
8.25683594e-02	1.93187936e-03	2.00066168e-01
8.26171875e-02	1.94167312e-03	2.01085969e-01
8.26660156e-02	1.95151679e-03	2.02110990e-01
8.27148438e-02	1.96141064e-03	2.03141260e-01
8.27636719e-02	1.97135493e-03	2.04176803e-01
8.28125000e-02	1.98134992e-03	2.05217649e-01
8.28613281e-02	1.99139585e-03	2.06263823e-01
8.29101563e-02	2.00149300e-03	2.07315354e-01
8.29589844e-02	2.01164162e-03	2.08372268e-01
8.30078125e-02	2.02184198e-03	2.09434594e-01
8.30566406e-02	2.03209435e-03	2.10502359e-01
8.31054688e-02	2.04239899e-03	2.11575592e-01
8.31542969e-02	2.05275616e-03	2.12654320e-01
8.32031250e-02	2.06316615e-03	2.13738571e-01
8.32519531e-02	2.07362921e-03	2.14828375e-01
8.33007813e-02	2.08414562e-03	2.15923759e-01
8.33496094e-02	2.09471565e-03	2.17024752e-01
8.33984375e-02	2.10533958e-03	2.18131383e-01
8.34472656e-02	2.11601768e-03	2.19243681e-01
8.34960938e-02	2.12675023e-03	2.20361675e-01
8.35449219e-02	2.13753751e-03	2.21485395e-01
8.35937500e-02	2.14837981e-03	2.22614870e-01
8.36425781e-02	2.15927739e-03	2.23750128e-01
8.36914063e-02	2.17023055e-03	2.24891201e-01
8.37402344e-02	2.18123956e-03	2.26038118e-01
8.37890625e-02	2.19230472e-03	2.27190909e-01
8.38378906e-02	2.20342632e-03	2.28349604e-01
8.38867188e-02	2.21460464e-03	2.29514234e-01
8.39355469e-02	2.22583996e-03	2.30684829e-01
8.39843750e-02	2.23713260e-03	2.31861419e-01
8.40332031e-02	2.24848283e-03	2.33044036e-01
8.40820313e-02	2.25989095e-03	2.34232711e-01
8.41308594e-02	2.27135726e-03	2.35427474e-01
8.41796875e-02	2.28288207e-03	2.36628357e-01
8.42285156e-02	2.29446565e-03	2.37835391e-01
8.42773438e-02	2.30610833e-03	2.39048609e-01
8.43261719e-02	2.31781040e-03	2.40268041e-01
8.43750000e-02	2.32957216e-03	2.41493720e-01
8.44238281e-02	2.34139392e-03	2.42725678e-01
8.44726562e-02	2.35327599e-03	2.43963948e-01
8.45214844e-02	2.36521868e-03	2.45208560e-01
8.45703125e-02	2.37722229e-03	2.46459549e-01
8.46191406e-02	2.38928715e-03	2.47716947e-01
8.46679688e-02	2.40141356e-03	2.48980787e-01
8.47167969e-02	2.41360184e-03	2.50251102e-01
8.47656250e-02	2.42585230e-03	2.51527925e-01
8.48144531e-02	2.43816527e-03	2.52811290e-01
8.48632813e-02	2.45054107e-03	2.54101230e-01
8.49121094e-02	2.46298001e-03	2.55397780e-01
8.49609375e-02	2.47548242e-03	2.56700973e-01
8.50097656e-02	2.48804862e-03	2.58010843e-01
8.50585938e-02	2.50067895e-03	2.59327425e-01
8.51074219e-02	2.51337373e-03	2.60650753e-01
8.51562500e-02	2.52613329e-03	2.61980862e-01
8.52050781e-02	2.53895797e-03	2.63317787e-01
8.52539063e-02	2.55184809e-03	2.64661563e-01
8.53027344e-02	2.56480399e-03	2.66012225e-01
8.53515625e-02	2.57782601e-03	2.67369808e-01
8.54003906e-02	2.59091449e-03	2.68734348e-01
8.54492188e-02	2.60406977e-03	2.70105881e-01
8.54980469e-02	2.61729219e-03	2.71484443e-01
8.55468750e-02	2.63058210e-03	2.72870070e-01
8.55957031e-02	2.64393983e-03	2.74262798e-01
8.56445313e-02	2.65736575e-03	2.75662663e-01
8.56933594e-02	2.67086019e-03	2.77069704e-01
8.57421875e-02	2.68442351e-03	2.78483955e-01
8.57910156e-02	2.69805607e-03	2.79905455e-01
8.58398438e-02	2.71175821e-03	2.81334241e-01
8.58886719e-02	2.72553029e-03	2.82770350e-01
8.59375000e-02	2.73937268e-03	2.84213820e-01
8.59863281e-02	2.75328573e-03	2.85664689e-01
8.60351563e-02	2.76726980e-03	2.87122995e-01
8.60839844e-02	2.78132527e-03	2.88588775e-01
8.61328125e-02	2.79545249e-03	2.90062069e-01
8.61816406e-02	2.80965183e-03	2.91542915e-01
8.62304688e-02	2.82392366e-03	2.93031352e-01
8.62792969e-02	2.83826836e-03	2.94527420e-01
8.63281250e-02	2.85268629e-03	2.96031156e-01
8.63769531e-02	2.86717784e-03	2.97542601e-01
8.64257812e-02	2.88174337e-03	2.99061795e-01
8.64746094e-02	2.89638328e-03	3.00588776e-01
8.65234375e-02	2.91109794e-03	3.02123587e-01
8.65722656e-02	2.92588773e-03	3.03666265e-01
8.66210938e-02	2.94075304e-03	3.05216853e-01
8.66699219e-02	2.95569426e-03	3.06775390e-01
8.67187500e-02	2.97071177e-03	3.08341918e-01
8.67675781e-02	2.98580597e-03	3.09916478e-01
8.68164063e-02	3.00097725e-03	3.11499111e-01
8.68652344e-02	3.01622600e-03	3.13089858e-01
8.69140625e-02	3.03155263e-03	3.14688762e-01
8.69628906e-02	3.04695752e-03	3.16295864e-01
8.70117188e-02	3.06244110e-03	3.17911207e-01
8.70605469e-02	3.07800374e-03	3.19534832e-01
8.71093750e-02	3.09364587e-03	3.21166783e-01
8.71582031e-02	3.10936789e-03	3.22807102e-01
8.72070313e-02	3.12517021e-03	3.24455833e-01
8.72558594e-02	3.14105324e-03	3.26113018e-01
8.73046875e-02	3.15701739e-03	3.27778702e-01
8.73535156e-02	3.17306308e-03	3.29452927e-01
8.74023438e-02	3.18919074e-03	3.31135738e-01
8.74511719e-02	3.20540077e-03	3.32827180e-01
8.75000000e-02	3.22169360e-03	3.34527295e-01
8.75488281e-02	3.23806966e-03	3.36236130e-01
8.75976563e-02	3.25452938e-03	3.37953729e-01
8.76464844e-02	3.27107317e-03	3.39680136e-01
8.76953125e-02	3.28770148e-03	3.41415398e-01
8.77441406e-02	3.30441474e-03	3.43159560e-01
8.77929688e-02	3.32121338e-03	3.44912668e-01
8.78417969e-02	3.33809783e-03	3.46674768e-01
8.78906250e-02	3.35506855e-03	3.48445905e-01
8.79394531e-02	3.37212598e-03	3.50226128e-01
8.79882813e-02	3.38927055e-03	3.52015481e-01
8.80371094e-02	3.40650271e-03	3.53814013e-01
8.80859375e-02	3.42382292e-03	3.55621770e-01
8.81347656e-02	3.44123163e-03	3.57438801e-01
8.81835938e-02	3.45872928e-03	3.59265152e-01
8.82324219e-02	3.47631634e-03	3.61100872e-01
8.82812500e-02	3.49399327e-03	3.62946009e-01
8.83300781e-02	3.51176052e-03	3.64800611e-01
8.83789062e-02	3.52961856e-03	3.66664727e-01
8.84277344e-02	3.54756786e-03	3.68538407e-01
8.84765625e-02	3.56560888e-03	3.70421699e-01
8.85253906e-02	3.58374209e-03	3.72314652e-01
8.85742188e-02	3.60196797e-03	3.74217318e-01
8.86230469e-02	3.62028699e-03	3.76129745e-01
8.86718750e-02	3.63869963e-03	3.78051983e-01
8.87207031e-02	3.65720637e-03	3.79984084e-01
8.87695313e-02	3.67580769e-03	3.81926098e-01
8.88183594e-02	3.69450408e-03	3.83878076e-01
8.88671875e-02	3.71329603e-03	3.85840070e-01
8.89160156e-02	3.73218402e-03	3.87812131e-01
8.89648438e-02	3.75116855e-03	3.89794310e-01
8.90136719e-02	3.77025012e-03	3.91786660e-01
8.90625000e-02	3.78942922e-03	3.93789234e-01
8.91113281e-02	3.80870635e-03	3.95802083e-01
8.91601563e-02	3.82808202e-03	3.97825261e-01
8.92089844e-02	3.84755673e-03	3.99858822e-01
8.92578125e-02	3.86713098e-03	4.01902817e-01
8.93066406e-02	3.88680530e-03	4.03957302e-01
8.93554688e-02	3.90658020e-03	4.06022330e-01
8.94042969e-02	3.92645618e-03	4.08097955e-01
8.94531250e-02	3.94643377e-03	4.10184233e-01
8.95019531e-02	3.96651350e-03	4.12281217e-01
8.95507813e-02	3.98669587e-03	4.14388964e-01
8.95996094e-02	4.00698143e-03	4.16507527e-01
8.96484375e-02	4.02737070e-03	4.18636964e-01
8.96972656e-02	4.04786421e-03	4.20777330e-01
8.97460938e-02	4.06846251e-03	4.22928682e-01
8.97949219e-02	4.08916611e-03	4.25091075e-01
8.98437500e-02	4.10997558e-03	4.27264568e-01
8.98925781e-02	4.13089144e-03	4.29449216e-01
8.99414063e-02	4.15191425e-03	4.31645078e-01
8.99902344e-02	4.17304456e-03	4.33852210e-01
9.00390625e-02	4.19428291e-03	4.36070673e-01
9.00878906e-02	4.21562986e-03	4.38300522e-01
9.01367188e-02	4.23708597e-03	4.40541818e-01
9.01855469e-02	4.25865180e-03	4.42794620e-01
9.02343750e-02	4.28032792e-03	4.45058985e-01
9.02832031e-02	4.30211488e-03	4.47334975e-01
9.03320312e-02	4.32401326e-03	4.49622649e-01
9.03808594e-02	4.34602363e-03	4.51922066e-01
9.04296875e-02	4.36814656e-03	4.54233289e-01
9.04785156e-02	4.39038264e-03	4.56556376e-01
9.05273438e-02	4.41273244e-03	4.58891390e-01
9.05761719e-02	4.43519654e-03	4.61238392e-01
9.06250000e-02	4.45777554e-03	4.63597444e-01
9.06738281e-02	4.48047003e-03	4.65968608e-01
9.07226563e-02	4.50328059e-03	4.68351945e-01
9.07714844e-02	4.52620782e-03	4.70747520e-01
9.08203125e-02	4.54925232e-03	4.73155394e-01
9.08691406e-02	4.57241470e-03	4.75575632e-01
9.09179688e-02	4.59569556e-03	4.78008296e-01
9.09667969e-02	4.61909550e-03	4.80453452e-01
9.10156250e-02	4.64261515e-03	4.82911163e-01
9.10644531e-02	4.66625511e-03	4.85381494e-01
9.11132813e-02	4.69001599e-03	4.87864510e-01
9.11621094e-02	4.71389844e-03	4.90360276e-01
9.12109375e-02	4.73790305e-03	4.92868859e-01
9.12597656e-02	4.76203047e-03	4.95390323e-01
9.13085938e-02	4.78628133e-03	4.97924736e-01
9.13574219e-02	4.81065626e-03	5.00472165e-01
9.14062500e-02	4.83515589e-03	5.03032675e-01
9.14550781e-02	4.85978086e-03	5.05606335e-01
9.15039063e-02	4.88453183e-03	5.08193213e-01
9.15527344e-02	4.90940943e-03	5.10793376e-01
9.16015625e-02	4.93441432e-03	5.13406894e-01
9.16503906e-02	4.95954715e-03	5.16033834e-01
9.16992188e-02	4.98480858e-03	5.18674266e-01
9.17480469e-02	5.01019926e-03	5.21328259e-01
9.17968750e-02	5.03571987e-03	5.23995884e-01
9.18457031e-02	5.06137107e-03	5.26677211e-01
9.18945313e-02	5.08715353e-03	5.29372310e-01
9.19433594e-02	5.11306792e-03	5.32081252e-01
9.19921875e-02	5.13911493e-03	5.34804109e-01
9.20410156e-02	5.16529523e-03	5.37540952e-01
9.20898438e-02	5.19160951e-03	5.40291854e-01
9.21386719e-02	5.21805845e-03	5.43056886e-01
9.21875000e-02	5.24464275e-03	5.45836123e-01
9.22363281e-02	5.27136311e-03	5.48629636e-01
9.22851562e-02	5.29822022e-03	5.51437499e-01
9.23339844e-02	5.32521478e-03	5.54259787e-01
9.23828125e-02	5.35234750e-03	5.57096574e-01
9.24316406e-02	5.37961910e-03	5.59947934e-01
9.24804688e-02	5.40703027e-03	5.62813943e-01
9.25292969e-02	5.43458175e-03	5.65694677e-01
9.25781250e-02	5.46227426e-03	5.68590210e-01
9.26269531e-02	5.49010851e-03	5.71500620e-01
9.26757813e-02	5.51808523e-03	5.74425982e-01
9.27246094e-02	5.54620516e-03	5.77366375e-01
9.27734375e-02	5.57446903e-03	5.80321876e-01
9.28222656e-02	5.60287759e-03	5.83292562e-01
9.28710938e-02	5.63143157e-03	5.86278512e-01
9.29199219e-02	5.66013172e-03	5.89279804e-01
9.29687500e-02	5.68897880e-03	5.92296518e-01
9.30175781e-02	5.71797356e-03	5.95328734e-01
9.30664063e-02	5.74711675e-03	5.98376530e-01
9.31152344e-02	5.77640915e-03	6.01439988e-01
9.31640625e-02	5.80585151e-03	6.04519187e-01
9.32128906e-02	5.83544461e-03	6.07614210e-01
9.32617188e-02	5.86518923e-03	6.10725139e-01
9.33105469e-02	5.89508613e-03	6.13852053e-01
9.33593750e-02	5.92513611e-03	6.16995038e-01
9.34082031e-02	5.95533995e-03	6.20154174e-01
9.34570313e-02	5.98569844e-03	6.23329546e-01
9.35058594e-02	6.01621237e-03	6.26521238e-01
9.35546875e-02	6.04688255e-03	6.29729332e-01
9.36035156e-02	6.07770978e-03	6.32953915e-01
9.36523438e-02	6.10869486e-03	6.36195070e-01
9.37011719e-02	6.13983861e-03	6.39452885e-01
9.37500000e-02	6.17114184e-03	6.42727443e-01
9.37988281e-02	6.20260537e-03	6.46018833e-01
9.38476563e-02	6.23423003e-03	6.49327139e-01
9.38964844e-02	6.26601664e-03	6.52652451e-01
9.39453125e-02	6.29796604e-03	6.55994855e-01
9.39941406e-02	6.33007906e-03	6.59354440e-01
9.40429688e-02	6.36235654e-03	6.62731295e-01
9.40917969e-02	6.39479934e-03	6.66125507e-01
9.41406250e-02	6.42740829e-03	6.69537168e-01
9.41894531e-02	6.46018425e-03	6.72966366e-01
9.42382812e-02	6.49312809e-03	6.76413193e-01
9.42871094e-02	6.52624066e-03	6.79877740e-01
9.43359375e-02	6.55952283e-03	6.83360097e-01
9.43847656e-02	6.59297548e-03	6.86860356e-01
9.44335938e-02	6.62659948e-03	6.90378611e-01
9.44824219e-02	6.66039571e-03	6.93914953e-01
9.45312500e-02	6.69436506e-03	6.97469477e-01
9.45800781e-02	6.72850841e-03	7.01042275e-01
9.46289063e-02	6.76282666e-03	7.04633443e-01
9.46777344e-02	6.79732072e-03	7.08243075e-01
9.47265625e-02	6.83199148e-03	7.11871266e-01
9.47753906e-02	6.86683985e-03	7.15518112e-01
9.48242188e-02	6.90186675e-03	7.19183709e-01
9.48730469e-02	6.93707310e-03	7.22868155e-01
9.49218750e-02	6.97245981e-03	7.26571546e-01
9.49707031e-02	7.00802782e-03	7.30293979e-01
9.50195313e-02	7.04377805e-03	7.34035554e-01
9.50683594e-02	7.07971145e-03	7.37796369e-01
9.51171875e-02	7.11582895e-03	7.41576524e-01
9.51660156e-02	7.15213150e-03	7.45376118e-01
9.52148438e-02	7.18862006e-03	7.49195251e-01
9.52636719e-02	7.22529558e-03	7.53034025e-01
9.53125000e-02	7.26215902e-03	7.56892540e-01
9.53613281e-02	7.29921135e-03	7.60770899e-01
9.54101563e-02	7.33645354e-03	7.64669204e-01
9.54589844e-02	7.37388657e-03	7.68587558e-01
9.55078125e-02	7.41151141e-03	7.72526064e-01
9.55566406e-02	7.44932906e-03	7.76484827e-01
9.56054688e-02	7.48734051e-03	7.80463951e-01
9.56542969e-02	7.52554674e-03	7.84463541e-01
9.57031250e-02	7.56394878e-03	7.88483702e-01
9.57519531e-02	7.60254761e-03	7.92524542e-01
9.58007813e-02	7.64134426e-03	7.96586167e-01
9.58496094e-02	7.68033974e-03	8.00668683e-01
9.58984375e-02	7.71953507e-03	8.04772199e-01
9.59472656e-02	7.75893129e-03	8.08896824e-01
9.59960938e-02	7.79852942e-03	8.13042665e-01
9.60449219e-02	7.83833051e-03	8.17209834e-01
9.60937500e-02	7.87833559e-03	8.21398439e-01
9.61425781e-02	7.91854572e-03	8.25608592e-01
9.61914062e-02	7.95896196e-03	8.29840404e-01
9.62402344e-02	7.99958536e-03	8.34093987e-01
9.62890625e-02	8.04041698e-03	8.38369452e-01
9.63378906e-02	8.08145791e-03	8.42666914e-01
9.63867188e-02	8.12270922e-03	8.46986485e-01
9.64355469e-02	8.16417198e-03	8.51328280e-01
9.64843750e-02	8.20584729e-03	8.55692413e-01
9.65332031e-02	8.24773624e-03	8.60079001e-01
9.65820313e-02	8.28983993e-03	8.64488158e-01
9.66308594e-02	8.33215946e-03	8.68920002e-01
9.66796875e-02	8.37469595e-03	8.73374650e-01
9.67285156e-02	8.41745052e-03	8.77852219e-01
9.67773438e-02	8.46042427e-03	8.82352827e-01
9.68261719e-02	8.50361835e-03	8.86876594e-01
9.68750000e-02	8.54703388e-03	8.91423640e-01
9.69238281e-02	8.59067201e-03	8.95994085e-01
9.69726563e-02	8.63453388e-03	9.00588048e-01
9.70214844e-02	8.67862064e-03	9.05205653e-01
9.70703125e-02	8.72293345e-03	9.09847021e-01
9.71191406e-02	8.76747347e-03	9.14512275e-01
9.71679688e-02	8.81224188e-03	9.19201538e-01
9.72167969e-02	8.85723984e-03	9.23914934e-01
9.72656250e-02	8.90246854e-03	9.28652588e-01
9.73144531e-02	8.94792916e-03	9.33414625e-01
9.73632813e-02	8.99362291e-03	9.38201172e-01
9.74121094e-02	9.03955097e-03	9.43012354e-01
9.74609375e-02	9.08571456e-03	9.47848300e-01
9.75097656e-02	9.13211489e-03	9.52709137e-01
9.75585938e-02	9.17875317e-03	9.57594993e-01
9.76074219e-02	9.22563064e-03	9.62505999e-01
9.76562500e-02	9.27274852e-03	9.67442283e-01
9.77050781e-02	9.32010804e-03	9.72403977e-01
9.77539063e-02	9.36771047e-03	9.77391212e-01
9.78027344e-02	9.41555703e-03	9.82404120e-01
9.78515625e-02	9.46364900e-03	9.87442833e-01
9.79003906e-02	9.51198763e-03	9.92507485e-01
9.79492188e-02	9.56057419e-03	9.97598210e-01
9.79980469e-02	9.60940997e-03	1.00271514e+00
9.80468750e-02	9.65849624e-03	1.00785842e+00
9.80957031e-02	9.70783429e-03	1.01302817e+00
9.81445312e-02	9.75742542e-03	1.01822455e+00
9.81933594e-02	9.80727093e-03	1.02344767e+00
9.82421875e-02	9.85737214e-03	1.02869769e+00
9.82910156e-02	9.90773035e-03	1.03397474e+00
9.83398438e-02	9.95834690e-03	1.03927896e+00
9.83886719e-02	1.00092231e-02	1.04461049e+00
9.84375000e-02	1.00603603e-02	1.04996947e+00
9.84863281e-02	1.01117599e-02	1.05535605e+00
9.85351563e-02	1.01634231e-02	1.06077036e+00
9.85839844e-02	1.02153514e-02	1.06621256e+00
9.86328125e-02	1.02675461e-02	1.07168278e+00
9.86816406e-02	1.03200086e-02	1.07718117e+00
9.87304688e-02	1.03727403e-02	1.08270787e+00
9.87792969e-02	1.04257425e-02	1.08826304e+00
9.88281250e-02	1.04790167e-02	1.09384681e+00
9.88769531e-02	1.05325642e-02	1.09945935e+00
9.89257813e-02	1.05863864e-02	1.10510078e+00
9.89746094e-02	1.06404849e-02	1.11077128e+00
9.90234375e-02	1.06948609e-02	1.11647097e+00
9.90722656e-02	1.07495160e-02	1.12220003e+00
9.91210938e-02	1.08044515e-02	1.12795859e+00
9.91699219e-02	1.08596689e-02	1.13374681e+00
9.92187500e-02	1.09151697e-02	1.13956485e+00
9.92675781e-02	1.09709553e-02	1.14541285e+00
9.93164063e-02	1.10270271e-02	1.15129098e+00
9.93652344e-02	1.10833868e-02	1.15719939e+00
9.94140625e-02	1.11400356e-02	1.16313824e+00
9.94628906e-02	1.11969752e-02	1.16910767e+00
9.95117188e-02	1.12542070e-02	1.17510786e+00
9.95605469e-02	1.13117326e-02	1.18113896e+00
9.96093750e-02	1.13695534e-02	1.18720113e+00
9.96582031e-02	1.14276710e-02	1.19329453e+00
9.97070313e-02	1.14860868e-02	1.19941933e+00
9.97558594e-02	1.15448025e-02	1.20557568e+00
9.98046875e-02	1.16038196e-02	1.21176375e+00
9.98535156e-02	1.16631396e-02	1.21798370e+00
9.99023438e-02	1.17227641e-02	1.22423570e+00
9.99511719e-02	1.17826947e-02	1.23051992e+00
1.00000000e-01	1.18429329e-02	1.23683651e+00
