0.00000000e+00	0.00000000e+00	9.50643487e-05
4.88281250e-05	4.64184680e-09	9.50656962e-05
9.76562500e-05	9.28380127e-09	9.50687588e-05
1.46484375e-04	1.39259546e-08	9.50738407e-05
1.95312500e-04	1.85684052e-08	9.50809377e-05
2.44140625e-04	2.32112517e-08	9.50900521e-05
2.92968750e-04	2.78545924e-08	9.51011853e-05
3.41796875e-04	3.24985261e-08	9.51143386e-05
3.90625000e-04	3.71431514e-08	9.51295128e-05
4.39453125e-04	4.17885669e-08	9.51467085e-05
4.88281250e-04	4.64348715e-08	9.51659265e-05
5.37109375e-04	5.10821638e-08	9.51871674e-05
5.85937500e-04	5.57305427e-08	9.52104318e-05
6.34765625e-04	6.03801070e-08	9.52357203e-05
6.83593750e-04	6.50309555e-08	9.52630338e-05
7.32421875e-04	6.96831871e-08	9.52923728e-05
7.81250000e-04	7.43369007e-08	9.53237381e-05
8.30078125e-04	7.89921954e-08	9.53571305e-05
8.78906250e-04	8.36491700e-08	9.53925509e-05
9.27734375e-04	8.83079237e-08	9.54300000e-05
9.76562500e-04	9.29685555e-08	9.54694789e-05
1.02539063e-03	9.76311646e-08	9.55109884e-05
1.07421875e-03	1.02295850e-07	9.55545296e-05
1.12304688e-03	1.06962711e-07	9.56001034e-05
1.17187500e-03	1.11631847e-07	9.56477111e-05
1.22070312e-03	1.16303358e-07	9.56973537e-05
1.26953125e-03	1.20977342e-07	9.57490325e-05
1.31835938e-03	1.25653899e-07	9.58027486e-05
1.36718750e-03	1.30333129e-07	9.58585033e-05
1.41601563e-03	1.35015131e-07	9.59162980e-05
1.46484375e-03	1.39700004e-07	9.59761340e-05
1.51367188e-03	1.44387850e-07	9.60380127e-05
1.56250000e-03	1.49078767e-07	9.61019357e-05
1.61132813e-03	1.53772854e-07	9.61679044e-05
1.66015625e-03	1.58470213e-07	9.62359204e-05
1.70898438e-03	1.63170944e-07	9.63059853e-05
1.75781250e-03	1.67875145e-07	9.63781008e-05
1.80664063e-03	1.72582918e-07	9.64522685e-05
1.85546875e-03	1.77294362e-07	9.65284903e-05
1.90429688e-03	1.82009578e-07	9.66067679e-05
1.95312500e-03	1.86728667e-07	9.66871032e-05
2.00195313e-03	1.91451728e-07	9.67694981e-05
2.05078125e-03	1.96178863e-07	9.68539546e-05
2.09960937e-03	2.00910173e-07	9.69404745e-05
2.14843750e-03	2.05645757e-07	9.70290601e-05
2.19726562e-03	2.10385717e-07	9.71197133e-05
2.24609375e-03	2.15130155e-07	9.72124364e-05
2.29492188e-03	2.19879170e-07	9.73072315e-05
2.34375000e-03	2.24632865e-07	9.74041008e-05
2.39257813e-03	2.29391340e-07	9.75030467e-05
2.44140625e-03	2.34154697e-07	9.76040715e-05
2.49023438e-03	2.38923038e-07	9.77071775e-05
2.53906250e-03	2.43696465e-07	9.78123673e-05
2.58789063e-03	2.48475078e-07	9.79196433e-05
2.63671875e-03	2.53258981e-07	9.80290080e-05
2.68554688e-03	2.58048275e-07	9.81404641e-05
2.73437500e-03	2.62843062e-07	9.82540141e-05
2.78320313e-03	2.67643444e-07	9.83696608e-05
2.83203125e-03	2.72449525e-07	9.84874069e-05
2.88085938e-03	2.77261406e-07	9.86072551e-05
2.92968750e-03	2.82079191e-07	9.87292083e-05
2.97851563e-03	2.86902982e-07	9.88532695e-05
3.02734375e-03	2.91732882e-07	9.89794414e-05
3.07617188e-03	2.96568995e-07	9.91077272e-05
3.12500000e-03	3.01411423e-07	9.92381298e-05
3.17382812e-03	3.06260270e-07	9.93706523e-05
3.22265625e-03	3.11115640e-07	9.95052978e-05
3.27148438e-03	3.15977636e-07	9.96420697e-05
3.32031250e-03	3.20846363e-07	9.97809710e-05
3.36914063e-03	3.25721924e-07	9.99220050e-05
3.41796875e-03	3.30604423e-07	1.00065175e-04
3.46679688e-03	3.35493966e-07	1.00210485e-04
3.51562500e-03	3.40390656e-07	1.00357937e-04
3.56445313e-03	3.45294598e-07	1.00507536e-04
3.61328125e-03	3.50205897e-07	1.00659285e-04
3.66210938e-03	3.55124659e-07	1.00813188e-04
3.71093750e-03	3.60050988e-07	1.00969247e-04
3.75976563e-03	3.64984990e-07	1.01127468e-04
3.80859375e-03	3.69926770e-07	1.01287853e-04
3.85742188e-03	3.74876435e-07	1.01450406e-04
3.90625000e-03	3.79834089e-07	1.01615132e-04
3.95507812e-03	3.84799841e-07	1.01782034e-04
4.00390625e-03	3.89773794e-07	1.01951116e-04
4.05273438e-03	3.94756057e-07	1.02122382e-04
4.10156250e-03	3.99746737e-07	1.02295836e-04
4.15039062e-03	4.04745939e-07	1.02471483e-04
4.19921875e-03	4.09753771e-07	1.02649325e-04
4.24804688e-03	4.14770341e-07	1.02829369e-04
4.29687500e-03	4.19795755e-07	1.03011617e-04
4.34570313e-03	4.24830123e-07	1.03196075e-04
4.39453125e-03	4.29873551e-07	1.03382746e-04
4.44335937e-03	4.34926148e-07	1.03571635e-04
4.49218750e-03	4.39988023e-07	1.03762746e-04
4.54101563e-03	4.45059283e-07	1.03956085e-04
4.58984375e-03	4.50140039e-07	1.04151655e-04
4.63867188e-03	4.55230398e-07	1.04349461e-04
4.68750000e-03	4.60330470e-07	1.04549508e-04
4.73632813e-03	4.65440366e-07	1.04751801e-04
4.78515625e-03	4.70560193e-07	1.04956343e-04
4.83398438e-03	4.75690064e-07	1.05163142e-04
4.88281250e-03	4.80830087e-07	1.05372200e-04
4.93164063e-03	4.85980373e-07	1.05583523e-04
4.98046875e-03	4.91141033e-07	1.05797116e-04
5.02929688e-03	4.96312178e-07	1.06012985e-04
5.07812500e-03	5.01493919e-07	1.06231134e-04
5.12695312e-03	5.06686368e-07	1.06451568e-04
5.17578125e-03	5.11889636e-07	1.06674292e-04
5.22460938e-03	5.17103835e-07	1.06899313e-04
5.27343750e-03	5.22329078e-07	1.07126634e-04
5.32226563e-03	5.27565477e-07	1.07356263e-04
5.37109375e-03	5.32813145e-07	1.07588203e-04
5.41992188e-03	5.38072194e-07	1.07822461e-04
5.46875000e-03	5.43342739e-07	1.08059042e-04
5.51757813e-03	5.48624892e-07	1.08297952e-04
5.56640625e-03	5.53918767e-07	1.08539195e-04
5.61523438e-03	5.59224480e-07	1.08782779e-04
5.66406250e-03	5.64542143e-07	1.09028709e-04
5.71289063e-03	5.69871872e-07	1.09276991e-04
5.76171875e-03	5.75213782e-07	1.09527629e-04
5.81054688e-03	5.80567987e-07	1.09780632e-04
5.85937500e-03	5.85934604e-07	1.10036004e-04
5.90820313e-03	5.91313749e-07	1.10293751e-04
5.95703125e-03	5.96705537e-07	1.10553880e-04
6.00585938e-03	6.02110084e-07	1.10816396e-04
6.05468750e-03	6.07527509e-07	1.11081307e-04
6.10351562e-03	6.12957927e-07	1.11348618e-04
6.15234375e-03	6.18401456e-07	1.11618336e-04
6.20117188e-03	6.23858214e-07	1.11890466e-04
6.25000000e-03	6.29328318e-07	1.12165016e-04
6.29882813e-03	6.34811888e-07	1.12441992e-04
6.34765625e-03	6.40309041e-07	1.12721400e-04
6.39648438e-03	6.45819897e-07	1.13003248e-04
6.44531250e-03	6.51344574e-07	1.13287541e-04
6.49414063e-03	6.56883193e-07	1.13574287e-04
6.54296875e-03	6.62435873e-07	1.13863492e-04
6.59179688e-03	6.68002735e-07	1.14155163e-04
6.64062500e-03	6.73583899e-07	1.14449308e-04
6.68945313e-03	6.79179486e-07	1.14745932e-04
6.73828125e-03	6.84789617e-07	1.15045044e-04
6.78710938e-03	6.90414414e-07	1.15346650e-04
6.83593750e-03	6.96053999e-07	1.15650757e-04
6.88476563e-03	7.01708495e-07	1.15957373e-04
6.93359375e-03	7.07378023e-07	1.16266505e-04
6.98242188e-03	7.13062707e-07	1.16578160e-04
7.03125000e-03	7.18762671e-07	1.16892345e-04
7.08007812e-03	7.24478037e-07	1.17209069e-04
7.12890625e-03	7.30208931e-07	1.17528338e-04
7.17773438e-03	7.35955476e-07	1.17850160e-04
7.22656250e-03	7.41717798e-07	1.18174543e-04
7.27539063e-03	7.47496022e-07	1.18501494e-04
7.32421875e-03	7.53290272e-07	1.18831021e-04
7.37304688e-03	7.59100677e-07	1.19163133e-04
7.42187500e-03	7.64927360e-07	1.19497836e-04
7.47070313e-03	7.70770451e-07	1.19835139e-04
7.51953125e-03	7.76630074e-07	1.20175050e-04
7.56835938e-03	7.82506359e-07	1.20517577e-04
7.61718750e-03	7.88399433e-07	1.20862728e-04
7.66601563e-03	7.94309424e-07	1.21210511e-04
7.71484375e-03	8.00236462e-07	1.21560935e-04
7.76367188e-03	8.06180674e-07	1.21914007e-04
7.81250000e-03	8.12142191e-07	1.22269737e-04
7.86132813e-03	8.18121143e-07	1.22628132e-04
7.91015625e-03	8.24117660e-07	1.22989201e-04
7.95898438e-03	8.30131873e-07	1.23352953e-04
8.00781250e-03	8.36163913e-07	1.23719397e-04
8.05664062e-03	8.42213911e-07	1.24088540e-04
8.10546875e-03	8.48282000e-07	1.24460392e-04
8.15429687e-03	8.54368313e-07	1.24834962e-04
8.20312500e-03	8.60472981e-07	1.25212258e-04
8.25195313e-03	8.66596139e-07	1.25592290e-04
8.30078125e-03	8.72737920e-07	1.25975066e-04
8.34960938e-03	8.78898459e-07	1.26360596e-04
8.39843750e-03	8.85077889e-07	1.26748889e-04
8.44726563e-03	8.91276348e-07	1.27139954e-04
8.49609375e-03	8.97493968e-07	1.27533800e-04
8.54492188e-03	9.03730888e-07	1.27930436e-04
8.59375000e-03	9.09987244e-07	1.28329873e-04
8.64257812e-03	9.16263171e-07	1.28732119e-04
8.69140625e-03	9.22558808e-07	1.29137184e-04
8.74023438e-03	9.28874293e-07	1.29545078e-04
8.78906250e-03	9.35209764e-07	1.29955810e-04
8.83789063e-03	9.41565360e-07	1.30369391e-04
8.88671875e-03	9.47941220e-07	1.30785829e-04
8.93554688e-03	9.54337484e-07	1.31205136e-04
8.98437500e-03	9.60754292e-07	1.31627320e-04
9.03320312e-03	9.67191785e-07	1.32052393e-04
9.08203125e-03	9.73650104e-07	1.32480363e-04
9.13085937e-03	9.80129391e-07	1.32911241e-04
9.17968750e-03	9.86629788e-07	1.33345038e-04
9.22851563e-03	9.93151439e-07	1.33781764e-04
9.27734375e-03	9.99694486e-07	1.34221429e-04
9.32617188e-03	1.00625907e-06	1.34664043e-04
9.37500000e-03	1.01284534e-06	1.35109617e-04
9.42382813e-03	1.01945344e-06	1.35558163e-04
9.47265625e-03	1.02608352e-06	1.36009689e-04
9.52148438e-03	1.03273571e-06	1.36464208e-04
9.57031250e-03	1.03941017e-06	1.36921730e-04
9.61914063e-03	1.04610705e-06	1.37382265e-04
9.66796875e-03	1.05282648e-06	1.37845825e-04
9.71679688e-03	1.05956863e-06	1.38312422e-04
9.76562500e-03	1.06633363e-06	1.38782065e-04
9.81445313e-03	1.07312164e-06	1.39254766e-04
9.86328125e-03	1.07993280e-06	1.39730536e-04
9.91210938e-03	1.08676728e-06	1.40209387e-04
9.96093750e-03	1.09362520e-06	1.40691330e-04
1.00097656e-02	1.10050674e-06	1.41176377e-04
1.00585938e-02	1.10741203e-06	1.41664539e-04
1.01074219e-02	1.11434124e-06	1.42155827e-04
1.01562500e-02	1.12129452e-06	1.42650254e-04
1.02050781e-02	1.12827201e-06	1.43147831e-04
1.02539062e-02	1.13527387e-06	1.43648570e-04
1.03027344e-02	1.14230027e-06	1.44152483e-04
1.03515625e-02	1.14935134e-06	1.44659582e-04
1.04003906e-02	1.15642726e-06	1.45169879e-04
1.04492188e-02	1.16352817e-06	1.45683386e-04
1.04980469e-02	1.17065423e-06	1.46200116e-04
1.05468750e-02	1.17780560e-06	1.46720080e-04
1.05957031e-02	1.18498244e-06	1.47243291e-04
1.06445313e-02	1.19218491e-06	1.47769762e-04
1.06933594e-02	1.19941316e-06	1.48299505e-04
1.07421875e-02	1.20666736e-06	1.48832533e-04
1.07910156e-02	1.21394767e-06	1.49368858e-04
1.08398438e-02	1.22125425e-06	1.49908493e-04
1.08886719e-02	1.22858725e-06	1.50451452e-04
1.09375000e-02	1.23594685e-06	1.50997746e-04
1.09863281e-02	1.24333321e-06	1.51547390e-04
1.10351563e-02	1.25074648e-06	1.52100395e-04
1.10839844e-02	1.25818684e-06	1.52656776e-04
1.11328125e-02	1.26565445e-06	1.53216546e-04
1.11816406e-02	1.27314948e-06	1.53779718e-04
1.12304688e-02	1.28067209e-06	1.54346305e-04
1.12792969e-02	1.28822245e-06	1.54916320e-04
1.13281250e-02	1.29580072e-06	1.55489779e-04
1.13769531e-02	1.30340708e-06	1.56066693e-04
1.14257813e-02	1.31104169e-06	1.56647077e-04
1.14746094e-02	1.31870473e-06	1.57230945e-04
1.15234375e-02	1.32639636e-06	1.57818311e-04
1.15722656e-02	1.33411676e-06	1.58409189e-04
1.16210938e-02	1.34186610e-06	1.59003592e-04
1.16699219e-02	1.34964454e-06	1.59601535e-04
1.17187500e-02	1.35745227e-06	1.60203033e-04
1.17675781e-02	1.36528946e-06	1.60808099e-04
1.18164063e-02	1.37315627e-06	1.61416748e-04
1.18652344e-02	1.38105290e-06	1.62028995e-04
1.19140625e-02	1.38897950e-06	1.62644854e-04
1.19628906e-02	1.39693627e-06	1.63264340e-04
1.20117188e-02	1.40492338e-06	1.63887467e-04
1.20605469e-02	1.41294100e-06	1.64514251e-04
1.21093750e-02	1.42098931e-06	1.65144707e-04
1.21582031e-02	1.42906850e-06	1.65778849e-04
1.22070312e-02	1.43717874e-06	1.66416693e-04
1.22558594e-02	1.44532022e-06	1.67058254e-04
1.23046875e-02	1.45349312e-06	1.67703547e-04
1.23535156e-02	1.46169761e-06	1.68352588e-04
1.24023438e-02	1.46993389e-06	1.69005392e-04
1.24511719e-02	1.47820214e-06	1.69661975e-04
1.25000000e-02	1.48650254e-06	1.70322352e-04
1.25488281e-02	1.49483527e-06	1.70986540e-04
1.25976563e-02	1.50320053e-06	1.71654553e-04
1.26464844e-02	1.51159851e-06	1.72326409e-04
1.26953125e-02	1.52002938e-06	1.73002123e-04
1.27441406e-02	1.52849334e-06	1.73681712e-04
1.27929688e-02	1.53699058e-06	1.74365191e-04
1.28417969e-02	1.54552128e-06	1.75052576e-04
1.28906250e-02	1.55408565e-06	1.75743885e-04
1.29394531e-02	1.56268387e-06	1.76439134e-04
1.29882813e-02	1.57131613e-06	1.77138340e-04
1.30371094e-02	1.57998263e-06	1.77841519e-04
1.30859375e-02	1.58868357e-06	1.78548687e-04
1.31347656e-02	1.59741913e-06	1.79259863e-04
1.31835938e-02	1.60618951e-06	1.79975062e-04
1.32324219e-02	1.61499491e-06	1.80694303e-04
1.32812500e-02	1.62383554e-06	1.81417602e-04
1.33300781e-02	1.63271158e-06	1.82144976e-04
1.33789063e-02	1.64162323e-06	1.82876444e-04
1.34277344e-02	1.65057070e-06	1.83612022e-04
1.34765625e-02	1.65955419e-06	1.84351728e-04
1.35253906e-02	1.66857390e-06	1.85095579e-04
1.35742188e-02	1.67763004e-06	1.85843595e-04
1.36230469e-02	1.68672279e-06	1.86595792e-04
1.36718750e-02	1.69585238e-06	1.87352188e-04
1.37207031e-02	1.70501901e-06	1.88112802e-04
1.37695313e-02	1.71422288e-06	1.88877652e-04
1.38183594e-02	1.72346420e-06	1.89646755e-04
1.38671875e-02	1.73274317e-06	1.90420132e-04
1.39160156e-02	1.74206002e-06	1.91197799e-04
1.39648438e-02	1.75141494e-06	1.91979777e-04
1.40136719e-02	1.76080815e-06	1.92766082e-04
1.40625000e-02	1.77023986e-06	1.93556735e-04
1.41113281e-02	1.77971028e-06	1.94351754e-04
1.41601562e-02	1.78921963e-06	1.95151159e-04
1.42089844e-02	1.79876812e-06	1.95954967e-04
1.42578125e-02	1.80835596e-06	1.96763200e-04
1.43066406e-02	1.81798338e-06	1.97575875e-04
1.43554688e-02	1.82765059e-06	1.98393013e-04
1.44042969e-02	1.83735781e-06	1.99214633e-04
1.44531250e-02	1.84710526e-06	2.00040755e-04
1.45019531e-02	1.85689315e-06	2.00871399e-04
1.45507813e-02	1.86672171e-06	2.01706584e-04
1.45996094e-02	1.87659117e-06	2.02546330e-04
1.46484375e-02	1.88650174e-06	2.03390658e-04
1.46972656e-02	1.89645365e-06	2.04239589e-04
1.47460938e-02	1.90644713e-06	2.05093141e-04
1.47949219e-02	1.91648239e-06	2.05951336e-04
1.48437500e-02	1.92655968e-06	2.06814195e-04
1.48925781e-02	1.93667920e-06	2.07681737e-04
1.49414063e-02	1.94684121e-06	2.08553985e-04
1.49902344e-02	1.95704592e-06	2.09430958e-04
1.50390625e-02	1.96729357e-06	2.10312678e-04
1.50878906e-02	1.97758438e-06	2.11199166e-04
1.51367188e-02	1.98791860e-06	2.12090443e-04
1.51855469e-02	1.99829646e-06	2.12986531e-04
1.52343750e-02	2.00871819e-06	2.13887451e-04
1.52832031e-02	2.01918402e-06	2.14793225e-04
1.53320313e-02	2.02969421e-06	2.15703875e-04
1.53808594e-02	2.04024897e-06	2.16619421e-04
1.54296875e-02	2.05084857e-06	2.17539888e-04
1.54785156e-02	2.06149323e-06	2.18465295e-04
1.55273438e-02	2.07218319e-06	2.19395667e-04
1.55761719e-02	2.08291871e-06	2.20331024e-04
1.56250000e-02	2.09370001e-06	2.21271390e-04
1.56738281e-02	2.10452736e-06	2.22216788e-04
1.57226563e-02	2.11540100e-06	2.23167238e-04
1.57714844e-02	2.12632116e-06	2.24122766e-04
1.58203125e-02	2.13728811e-06	2.25083393e-04
1.58691406e-02	2.14830209e-06	2.26049143e-04
1.59179688e-02	2.15936335e-06	2.27020039e-04
1.59667969e-02	2.17047214e-06	2.27996104e-04
1.60156250e-02	2.18162872e-06	2.28977362e-04
1.60644531e-02	2.19283334e-06	2.29963836e-04
1.61132812e-02	2.20408625e-06	2.30955551e-04
1.61621094e-02	2.21538772e-06	2.31952529e-04
1.62109375e-02	2.22673799e-06	2.32954795e-04
1.62597656e-02	2.23813734e-06	2.33962372e-04
1.63085937e-02	2.24958601e-06	2.34975286e-04
1.63574219e-02	2.26108428e-06	2.35993561e-04
1.64062500e-02	2.27263239e-06	2.37017221e-04
1.64550781e-02	2.28423062e-06	2.38046290e-04
1.65039063e-02	2.29587923e-06	2.39080794e-04
1.65527344e-02	2.30757849e-06	2.40120757e-04
1.66015625e-02	2.31932866e-06	2.41166204e-04
1.66503906e-02	2.33113001e-06	2.42217161e-04
1.66992188e-02	2.34298281e-06	2.43273652e-04
1.67480469e-02	2.35488734e-06	2.44335704e-04
1.67968750e-02	2.36684386e-06	2.45403342e-04
1.68457031e-02	2.37885264e-06	2.46476591e-04
1.68945313e-02	2.39091397e-06	2.47555477e-04
1.69433594e-02	2.40302812e-06	2.48640026e-04
1.69921875e-02	2.41519537e-06	2.49730266e-04
1.70410156e-02	2.42741598e-06	2.50826220e-04
1.70898438e-02	2.43969025e-06	2.51927917e-04
1.71386719e-02	2.45201846e-06	2.53035382e-04
1.71875000e-02	2.46440088e-06	2.54148643e-04
1.72363281e-02	2.47683781e-06	2.55267726e-04
1.72851562e-02	2.48932951e-06	2.56392657e-04
1.73339844e-02	2.50187629e-06	2.57523465e-04
1.73828125e-02	2.51447843e-06	2.58660177e-04
1.74316406e-02	2.52713622e-06	2.59802819e-04
1.74804688e-02	2.53984995e-06	2.60951419e-04
1.75292969e-02	2.55261991e-06	2.62106006e-04
1.75781250e-02	2.56544638e-06	2.63266606e-04
1.76269531e-02	2.57832968e-06	2.64433248e-04
1.76757813e-02	2.59127009e-06	2.65605960e-04
1.77246094e-02	2.60426791e-06	2.66784771e-04
1.77734375e-02	2.61732344e-06	2.67969708e-04
1.78222656e-02	2.63043698e-06	2.69160800e-04
1.78710938e-02	2.64360883e-06	2.70358076e-04
1.79199219e-02	2.65683929e-06	2.71561565e-04
1.79687500e-02	2.67012866e-06	2.72771296e-04
1.80175781e-02	2.68347726e-06	2.73987298e-04
1.80664062e-02	2.69688539e-06	2.75209601e-04
1.81152344e-02	2.71035335e-06	2.76438233e-04
1.81640625e-02	2.72388147e-06	2.77673225e-04
1.82128906e-02	2.73747004e-06	2.78914606e-04
1.82617187e-02	2.75111938e-06	2.80162407e-04
1.83105469e-02	2.76482980e-06	2.81416657e-04
1.83593750e-02	2.77860163e-06	2.82677387e-04
1.84082031e-02	2.79243518e-06	2.83944627e-04
1.84570313e-02	2.80633076e-06	2.85218407e-04
1.85058594e-02	2.82028870e-06	2.86498759e-04
1.85546875e-02	2.83430931e-06	2.87785714e-04
1.86035156e-02	2.84839293e-06	2.89079302e-04
1.86523438e-02	2.86253988e-06	2.90379555e-04
1.87011719e-02	2.87675047e-06	2.91686504e-04
1.87500000e-02	2.89102505e-06	2.93000180e-04
1.87988281e-02	2.90536394e-06	2.94320617e-04
1.88476563e-02	2.91976747e-06	2.95647844e-04
1.88964844e-02	2.93423596e-06	2.96981895e-04
1.89453125e-02	2.94876977e-06	2.98322802e-04
1.89941406e-02	2.96336922e-06	2.99670597e-04
1.90429688e-02	2.97803465e-06	3.01025312e-04
1.90917969e-02	2.99276639e-06	3.02386981e-04
1.91406250e-02	3.00756480e-06	3.03755636e-04
1.91894531e-02	3.02243020e-06	3.05131311e-04
1.92382813e-02	3.03736295e-06	3.06514038e-04
1.92871094e-02	3.05236338e-06	3.07903852e-04
1.93359375e-02	3.06743186e-06	3.09300785e-04
1.93847656e-02	3.08256871e-06	3.10704872e-04
1.94335938e-02	3.09777431e-06	3.12116146e-04
1.94824219e-02	3.11304898e-06	3.13534642e-04
1.95312500e-02	3.12839310e-06	3.14960394e-04
1.95800781e-02	3.14380701e-06	3.16393437e-04
1.96289063e-02	3.15929108e-06	3.17833804e-04
1.96777344e-02	3.17484565e-06	3.19281532e-04
1.97265625e-02	3.19047109e-06	3.20736654e-04
1.97753906e-02	3.20616777e-06	3.22199207e-04
1.98242188e-02	3.22193604e-06	3.23669226e-04
1.98730469e-02	3.23777627e-06	3.25146746e-04
1.99218750e-02	3.25368884e-06	3.26631802e-04
1.99707031e-02	3.26967410e-06	3.28124432e-04
2.00195312e-02	3.28573242e-06	3.29624671e-04
2.00683594e-02	3.30186419e-06	3.31132555e-04
2.01171875e-02	3.31806978e-06	3.32648121e-04
2.01660156e-02	3.33434955e-06	3.34171406e-04
2.02148438e-02	3.35070389e-06	3.35702447e-04
2.02636719e-02	3.36713318e-06	3.37241280e-04
2.03125000e-02	3.38363780e-06	3.38787943e-04
2.03613281e-02	3.40021813e-06	3.40342474e-04
2.04101563e-02	3.41687456e-06	3.41904910e-04
2.04589844e-02	3.43360748e-06	3.43475289e-04
2.05078125e-02	3.45041727e-06	3.45053648e-04
2.05566406e-02	3.46730432e-06	3.46640027e-04
2.06054688e-02	3.48426903e-06	3.48234464e-04
2.06542969e-02	3.50131179e-06	3.49836998e-04
2.07031250e-02	3.51843300e-06	3.51447666e-04
2.07519531e-02	3.53563305e-06	3.53066509e-04
2.08007813e-02	3.55291235e-06	3.54693566e-04
2.08496094e-02	3.57027130e-06	3.56328875e-04
2.08984375e-02	3.58771029e-06	3.57972477e-04
2.09472656e-02	3.60522975e-06	3.59624412e-04
2.09960938e-02	3.62283007e-06	3.61284720e-04
2.10449219e-02	3.64051167e-06	3.62953440e-04
2.10937500e-02	3.65827495e-06	3.64630614e-04
2.11425781e-02	3.67612033e-06	3.66316282e-04
2.11914063e-02	3.69404823e-06	3.68010485e-04
2.12402344e-02	3.71205906e-06	3.69713265e-04
2.12890625e-02	3.73015325e-06	3.71424661e-04
2.13378906e-02	3.74833122e-06	3.73144717e-04
2.13867188e-02	3.76659338e-06	3.74873474e-04
2.14355469e-02	3.78494017e-06	3.76610973e-04
2.14843750e-02	3.80337201e-06	3.78357258e-04
2.15332031e-02	3.82188933e-06	3.80112370e-04
2.15820313e-02	3.84049257e-06	3.81876351e-04
2.16308594e-02	3.85918216e-06	3.83649246e-04
2.16796875e-02	3.87795854e-06	3.85431097e-04
2.17285156e-02	3.89682214e-06	3.87221947e-04
2.17773438e-02	3.91577340e-06	3.89021839e-04
2.18261719e-02	3.93481277e-06	3.90830818e-04
2.18750000e-02	3.95394070e-06	3.92648928e-04
2.19238281e-02	3.97315762e-06	3.94476212e-04
2.19726562e-02	3.99246399e-06	3.96312715e-04
2.20214844e-02	4.01186026e-06	3.98158482e-04
2.20703125e-02	4.03134688e-06	4.00013557e-04
2.21191406e-02	4.05092431e-06	4.01877986e-04
2.21679688e-02	4.07059301e-06	4.03751814e-04
2.22167969e-02	4.09035343e-06	4.05635086e-04
2.22656250e-02	4.11020604e-06	4.07527849e-04
2.23144531e-02	4.13015130e-06	4.09430148e-04
2.23632813e-02	4.15018969e-06	4.11342030e-04
2.24121094e-02	4.17032166e-06	4.13263541e-04
2.24609375e-02	4.19054769e-06	4.15194727e-04
2.25097656e-02	4.21086826e-06	4.17135637e-04
2.25585938e-02	4.23128383e-06	4.19086317e-04
2.26074219e-02	4.25179490e-06	4.21046814e-04
2.26562500e-02	4.27240193e-06	4.23017177e-04
2.27050781e-02	4.29310541e-06	4.24997452e-04
2.27539063e-02	4.31390583e-06	4.26987690e-04
2.28027344e-02	4.33480367e-06	4.28987937e-04
2.28515625e-02	4.35579943e-06	4.30998242e-04
2.29003906e-02	4.37689359e-06	4.33018656e-04
2.29492188e-02	4.39808665e-06	4.35049225e-04
2.29980469e-02	4.41937911e-06	4.37090002e-04
2.30468750e-02	4.44077147e-06	4.39141034e-04
2.30957031e-02	4.46226423e-06	4.41202371e-04
2.31445313e-02	4.48385789e-06	4.43274065e-04
2.31933594e-02	4.50555297e-06	4.45356166e-04
2.32421875e-02	4.52734996e-06	4.47448723e-04
2.32910156e-02	4.54924939e-06	4.49551789e-04
2.33398438e-02	4.57125176e-06	4.51665414e-04
2.33886719e-02	4.59335760e-06	4.53789650e-04
2.34375000e-02	4.61556742e-06	4.55924549e-04
2.34863281e-02	4.63788174e-06	4.58070163e-04
2.35351563e-02	4.66030110e-06	4.60226544e-04
2.35839844e-02	4.68282600e-06	4.62393745e-04
2.36328125e-02	4.70545700e-06	4.64571818e-04
2.36816406e-02	4.72819461e-06	4.66760817e-04
2.37304688e-02	4.75103938e-06	4.68960794e-04
2.37792969e-02	4.77399184e-06	4.71171804e-04
2.38281250e-02	4.79705252e-06	4.73393901e-04
2.38769531e-02	4.82022198e-06	4.75627139e-04
2.39257812e-02	4.84350076e-06	4.77871572e-04
2.39746094e-02	4.86688940e-06	4.80127255e-04
2.40234375e-02	4.89038846e-06	4.82394243e-04
2.40722656e-02	4.91399849e-06	4.84672591e-04
2.41210938e-02	4.93772005e-06	4.86962355e-04
2.41699219e-02	4.96155369e-06	4.89263592e-04
2.42187500e-02	4.98549998e-06	4.91576356e-04
2.42675781e-02	5.00955947e-06	4.93900704e-04
2.43164063e-02	5.03373275e-06	4.96236694e-04
2.43652344e-02	5.05802037e-06	4.98584382e-04
2.44140625e-02	5.08242292e-06	5.00943826e-04
2.44628906e-02	5.10694096e-06	5.03315083e-04
2.45117188e-02	5.13157507e-06	5.05698211e-04
2.45605469e-02	5.15632584e-06	5.08093268e-04
2.46093750e-02	5.18119385e-06	5.10500313e-04
2.46582031e-02	5.20617968e-06	5.12919405e-04
2.47070313e-02	5.23128393e-06	5.15350602e-04
2.47558594e-02	5.25650719e-06	5.17793964e-04
2.48046875e-02	5.28185004e-06	5.20249552e-04
2.48535156e-02	5.30731311e-06	5.22717424e-04
2.49023438e-02	5.33289697e-06	5.25197641e-04
2.49511719e-02	5.35860224e-06	5.27690264e-04
2.50000000e-02	5.38442953e-06	5.30195353e-04
2.50488281e-02	5.41037944e-06	5.32712971e-04
2.50976563e-02	5.43645258e-06	5.35243178e-04
2.51464844e-02	5.46264959e-06	5.37786036e-04
2.51953125e-02	5.48897106e-06	5.40341608e-04
2.52441406e-02	5.51541763e-06	5.42909955e-04
2.52929688e-02	5.54198993e-06	5.45491142e-04
2.53417969e-02	5.56868857e-06	5.48085230e-04
2.53906250e-02	5.59551419e-06	5.50692284e-04
2.54394531e-02	5.62246743e-06	5.53312367e-04
2.54882813e-02	5.64954892e-06	5.55945544e-04
2.55371094e-02	5.67675931e-06	5.58591878e-04
2.55859375e-02	5.70409923e-06	5.61251434e-04
2.56347656e-02	5.73156934e-06	5.63924278e-04
2.56835938e-02	5.75917029e-06	5.66610475e-04
2.57324219e-02	5.78690272e-06	5.69310091e-04
2.57812500e-02	5.81476731e-06	5.72023192e-04
2.58300781e-02	5.84276470e-06	5.74749843e-04
2.58789062e-02	5.87089555e-06	5.77490113e-04
2.59277344e-02	5.89916055e-06	5.80244068e-04
2.59765625e-02	5.92756035e-06	5.83011775e-04
2.60253906e-02	5.95609563e-06	5.85793303e-04
2.60742188e-02	5.98476707e-06	5.88588719e-04
2.61230469e-02	6.01357534e-06	5.91398092e-04
2.61718750e-02	6.04252113e-06	5.94221490e-04
2.62207031e-02	6.07160512e-06	5.97058984e-04
2.62695313e-02	6.10082801e-06	5.99910642e-04
2.63183594e-02	6.13019049e-06	6.02776534e-04
2.63671875e-02	6.15969326e-06	6.05656730e-04
2.64160156e-02	6.18933701e-06	6.08551302e-04
2.64648438e-02	6.21912245e-06	6.11460320e-04
2.65136719e-02	6.24905029e-06	6.14383855e-04
2.65625000e-02	6.27912123e-06	6.17321979e-04
2.66113281e-02	6.30933599e-06	6.20274764e-04
2.66601563e-02	6.33969530e-06	6.23242283e-04
2.67089844e-02	6.37019986e-06	6.26224608e-04
2.67578125e-02	6.40085041e-06	6.29221812e-04
2.68066406e-02	6.43164767e-06	6.32233969e-04
2.68554688e-02	6.46259237e-06	6.35261153e-04
2.69042969e-02	6.49368526e-06	6.38303437e-04
2.69531250e-02	6.52492706e-06	6.41360898e-04
2.70019531e-02	6.55631853e-06	6.44433608e-04
2.70507813e-02	6.58786041e-06	6.47521645e-04
2.70996094e-02	6.61955344e-06	6.50625084e-04
2.71484375e-02	6.65139839e-06	6.53744001e-04
2.71972656e-02	6.68339601e-06	6.56878472e-04
2.72460938e-02	6.71554706e-06	6.60028575e-04
2.72949219e-02	6.74785231e-06	6.63194386e-04
2.73437500e-02	6.78031252e-06	6.66375984e-04
2.73925781e-02	6.81292848e-06	6.69573446e-04
2.74414063e-02	6.84570094e-06	6.72786852e-04
2.74902344e-02	6.87863071e-06	6.76016279e-04
2.75390625e-02	6.91171855e-06	6.79261808e-04
2.75878906e-02	6.94496526e-06	6.82523518e-04
2.76367188e-02	6.97837164e-06	6.85801488e-04
2.76855469e-02	7.01193846e-06	6.89095801e-04
2.77343750e-02	7.04566655e-06	6.92406536e-04
2.77832031e-02	7.07955669e-06	6.95733775e-04
2.78320312e-02	7.11360971e-06	6.99077600e-04
2.78808594e-02	7.14782640e-06	7.02438093e-04
2.79296875e-02	7.18220758e-06	7.05815336e-04
2.79785156e-02	7.21675409e-06	7.09209412e-04
2.80273438e-02	7.25146673e-06	7.12620405e-04
2.80761719e-02	7.28634634e-06	7.16048399e-04
2.81250000e-02	7.32139375e-06	7.19493478e-04
2.81738281e-02	7.35660979e-06	7.22955727e-04
2.82226563e-02	7.39199531e-06	7.26435230e-04
2.82714844e-02	7.42755116e-06	7.29932074e-04
2.83203125e-02	7.46327817e-06	7.33446344e-04
2.83691406e-02	7.49917720e-06	7.36978127e-04
2.84179688e-02	7.53524912e-06	7.40527509e-04
2.84667969e-02	7.57149477e-06	7.44094579e-04
2.85156250e-02	7.60791504e-06	7.47679423e-04
2.85644531e-02	7.64451078e-06	7.51282130e-04
2.86132813e-02	7.68128287e-06	7.54902789e-04
2.86621094e-02	7.71823220e-06	7.58541488e-04
2.87109375e-02	7.75535963e-06	7.62198318e-04
2.87597656e-02	7.79266607e-06	7.65873368e-04
2.88085938e-02	7.83015240e-06	7.69566728e-04
2.88574219e-02	7.86781952e-06	7.73278490e-04
2.89062500e-02	7.90566833e-06	7.77008745e-04
2.89550781e-02	7.94369973e-06	7.80757585e-04
2.90039063e-02	7.98191464e-06	7.84525102e-04
2.90527344e-02	8.02031397e-06	7.88311388e-04
2.91015625e-02	8.05889864e-06	7.92116538e-04
2.91503906e-02	8.09766957e-06	7.95940645e-04
2.91992188e-02	8.13662768e-06	7.99783803e-04
2.92480469e-02	8.17577392e-06	8.03646106e-04
2.92968750e-02	8.21510922e-06	8.07527650e-04
2.93457031e-02	8.25463451e-06	8.11428531e-04
2.93945313e-02	8.29435076e-06	8.15348844e-04
2.94433594e-02	8.33425890e-06	8.19288687e-04
2.94921875e-02	8.37435990e-06	8.23248155e-04
2.95410156e-02	8.41465471e-06	8.27227348e-04
2.95898438e-02	8.45514430e-06	8.31226362e-04
2.96386719e-02	8.49582965e-06	8.35245297e-04
2.96875000e-02	8.53671172e-06	8.39284252e-04
2.97363281e-02	8.57779149e-06	8.43343326e-04
2.97851562e-02	8.61906996e-06	8.47422619e-04
2.98339844e-02	8.66054810e-06	8.51522232e-04
2.98828125e-02	8.70222692e-06	8.55642265e-04
2.99316406e-02	8.74410742e-06	8.59782822e-04
2.99804688e-02	8.78619059e-06	8.63944003e-04
3.00292969e-02	8.82847745e-06	8.68125911e-04
3.00781250e-02	8.87096902e-06	8.72328650e-04
3.01269531e-02	8.91366631e-06	8.76552323e-04
3.01757813e-02	8.95657035e-06	8.80797034e-04
3.02246094e-02	8.99968216e-06	8.85062888e-04
3.02734375e-02	9.04300279e-06	8.89349991e-04
3.03222656e-02	9.08653327e-06	8.93658448e-04
3.03710938e-02	9.13027465e-06	8.97988366e-04
3.04199219e-02	9.17422797e-06	9.02339851e-04
3.04687500e-02	9.21839430e-06	9.06713010e-04
3.05175781e-02	9.26277470e-06	9.11107953e-04
3.05664063e-02	9.30737022e-06	9.15524787e-04
3.06152344e-02	9.35218195e-06	9.19963621e-04
3.06640625e-02	9.39721096e-06	9.24424565e-04
3.07128906e-02	9.44245833e-06	9.28907729e-04
3.07617188e-02	9.48792515e-06	9.33413224e-04
3.08105469e-02	9.53361251e-06	9.37941162e-04
3.08593750e-02	9.57952152e-06	9.42491653e-04
3.09082031e-02	9.62565327e-06	9.47064811e-04
3.09570313e-02	9.67200887e-06	9.51660748e-04
3.10058594e-02	9.71858944e-06	9.56279578e-04
3.10546875e-02	9.76539611e-06	9.60921415e-04
3.11035156e-02	9.81242999e-06	9.65586374e-04
3.11523438e-02	9.85969222e-06	9.70274570e-04
3.12011719e-02	9.90718394e-06	9.74986119e-04
3.12500000e-02	9.95490628e-06	9.79721138e-04
3.12988281e-02	1.00028604e-05	9.84479743e-04
3.13476563e-02	1.00510475e-05	9.89262052e-04
3.13964844e-02	1.00994686e-05	9.94068184e-04
3.14453125e-02	1.01481250e-05	9.98898257e-04
3.14941406e-02	1.01970179e-05	1.00375239e-03
3.15429688e-02	1.02461483e-05	1.00863070e-03
3.15917969e-02	1.02955175e-05	1.01353332e-03
3.16406250e-02	1.03451268e-05	1.01846036e-03
3.16894531e-02	1.03949772e-05	1.02341194e-03
3.17382812e-02	1.04450699e-05	1.02838819e-03
3.17871094e-02	1.04954063e-05	1.03338923e-03
3.18359375e-02	1.05459875e-05	1.03841519e-03
3.18847656e-02	1.05968146e-05	1.04346618e-03
3.19335938e-02	1.06478891e-05	1.04854233e-03
3.19824219e-02	1.06992120e-05	1.05364378e-03
3.20312500e-02	1.07507846e-05	1.05877064e-03
3.20800781e-02	1.08026082e-05	1.06392304e-03
3.21289062e-02	1.08546840e-05	1.06910111e-03
3.21777344e-02	1.09070132e-05	1.07430498e-03
3.22265625e-02	1.09595972e-05	1.07953478e-03
3.22753906e-02	1.10124372e-05	1.08479063e-03
3.23242188e-02	1.10655344e-05	1.09007267e-03
3.23730469e-02	1.11188902e-05	1.09538102e-03
3.24218750e-02	1.11725059e-05	1.10071583e-03
3.24707031e-02	1.12263826e-05	1.10607721e-03
3.25195313e-02	1.12805219e-05	1.11146531e-03
3.25683594e-02	1.13349248e-05	1.11688026e-03
3.26171875e-02	1.13895929e-05	1.12232219e-03
3.26660156e-02	1.14445273e-05	1.12779123e-03
3.27148438e-02	1.14997294e-05	1.13328752e-03
3.27636719e-02	1.15552005e-05	1.13881121e-03
3.28125000e-02	1.16109421e-05	1.14436242e-03
3.28613281e-02	1.16669554e-05	1.14994129e-03
3.29101563e-02	1.17232417e-05	1.15554796e-03
3.29589844e-02	1.17798025e-05	1.16118257e-03
3.30078125e-02	1.18366391e-05	1.16684526e-03
3.30566406e-02	1.18937529e-05	1.17253617e-03
3.31054687e-02	1.19511453e-05	1.17825544e-03
3.31542969e-02	1.20088176e-05	1.18400321e-03
3.32031250e-02	1.20667713e-05	1.18977963e-03
3.32519531e-02	1.21250078e-05	1.19558483e-03
3.33007813e-02	1.21835284e-05	1.20141897e-03
3.33496094e-02	1.22423345e-05	1.20728219e-03
3.33984375e-02	1.23014277e-05	1.21317463e-03
3.34472656e-02	1.23608093e-05	1.21909644e-03
3.34960938e-02	1.24204808e-05	1.22504776e-03
3.35449219e-02	1.24804436e-05	1.23102875e-03
3.35937500e-02	1.25406992e-05	1.23703955e-03
3.36425781e-02	1.26012490e-05	1.24308031e-03
3.36914062e-02	1.26620945e-05	1.24915118e-03
3.37402344e-02	1.27232372e-05	1.25525232e-03
3.37890625e-02	1.27846785e-05	1.26138386e-03
3.38378906e-02	1.28464199e-05	1.26754597e-03
3.38867188e-02	1.29084630e-05	1.27373880e-03
3.39355469e-02	1.29708093e-05	1.27996251e-03
3.39843750e-02	1.30334601e-05	1.28621724e-03
3.40332031e-02	1.30964172e-05	1.29250315e-03
3.40820312e-02	1.31596819e-05	1.29882040e-03
3.41308594e-02	1.32232559e-05	1.30516914e-03
3.41796875e-02	1.32871406e-05	1.31154954e-03
3.42285156e-02	1.33513376e-05	1.31796175e-03
3.42773438e-02	1.34158486e-05	1.32440593e-03
3.43261719e-02	1.34806750e-05	1.33088224e-03
3.43750000e-02	1.35458183e-05	1.33739084e-03
3.44238281e-02	1.36112803e-05	1.34393190e-03
3.44726563e-02	1.36770625e-05	1.35050557e-03
3.45214844e-02	1.37431664e-05	1.35711202e-03
3.45703125e-02	1.38095938e-05	1.36375142e-03
3.46191406e-02	1.38763461e-05	1.37042392e-03
3.46679688e-02	1.39434250e-05	1.37712970e-03
3.47167969e-02	1.40108322e-05	1.38386892e-03
3.47656250e-02	1.40785693e-05	1.39064175e-03
3.48144531e-02	1.41466379e-05	1.39744835e-03
3.48632813e-02	1.42150397e-05	1.40428891e-03
3.49121094e-02	1.42837763e-05	1.41116358e-03
3.49609375e-02	1.43528495e-05	1.41807253e-03
3.50097656e-02	1.44222608e-05	1.42501595e-03
3.50585937e-02	1.44920120e-05	1.43199400e-03
3.51074219e-02	1.45621048e-05	1.43900685e-03
3.51562500e-02	1.46325409e-05	1.44605468e-03
3.52050781e-02	1.47033220e-05	1.45313767e-03
3.52539063e-02	1.47744497e-05	1.46025600e-03
3.53027344e-02	1.48459260e-05	1.46740983e-03
3.53515625e-02	1.49177524e-05	1.47459935e-03
3.54003906e-02	1.49899307e-05	1.48182473e-03
3.54492188e-02	1.50624627e-05	1.48908616e-03
3.54980469e-02	1.51353501e-05	1.49638382e-03
3.55468750e-02	1.52085948e-05	1.50371788e-03
3.55957031e-02	1.52821985e-05	1.51108854e-03
3.56445312e-02	1.53561629e-05	1.51849597e-03
3.56933594e-02	1.54304900e-05	1.52594036e-03
3.57421875e-02	1.55051815e-05	1.53342189e-03
3.57910156e-02	1.55802391e-05	1.54094076e-03
3.58398438e-02	1.56556649e-05	1.54849714e-03
3.58886719e-02	1.57314605e-05	1.55609123e-03
3.59375000e-02	1.58076278e-05	1.56372321e-03
3.59863281e-02	1.58841688e-05	1.57139328e-03
3.60351562e-02	1.59610851e-05	1.57910163e-03
3.60839844e-02	1.60383788e-05	1.58684844e-03
3.61328125e-02	1.61160518e-05	1.59463392e-03
3.61816406e-02	1.61941058e-05	1.60245825e-03
3.62304688e-02	1.62725428e-05	1.61032163e-03
3.62792969e-02	1.63513647e-05	1.61822426e-03
3.63281250e-02	1.64305734e-05	1.62616634e-03
3.63769531e-02	1.65101710e-05	1.63414805e-03
3.64257813e-02	1.65901592e-05	1.64216961e-03
3.64746094e-02	1.66705401e-05	1.65023121e-03
3.65234375e-02	1.67513156e-05	1.65833304e-03
3.65722656e-02	1.68324876e-05	1.66647533e-03
3.66210938e-02	1.69140583e-05	1.67465825e-03
3.66699219e-02	1.69960295e-05	1.68288203e-03
3.67187500e-02	1.70784032e-05	1.69114687e-03
3.67675781e-02	1.71611816e-05	1.69945297e-03
3.68164063e-02	1.72443665e-05	1.70780053e-03
3.68652344e-02	1.73279600e-05	1.71618978e-03
3.69140625e-02	1.74119641e-05	1.72462091e-03
3.69628906e-02	1.74963810e-05	1.73309414e-03
3.70117187e-02	1.75812126e-05	1.74160968e-03
3.70605469e-02	1.76664611e-05	1.75016773e-03
3.71093750e-02	1.77521285e-05	1.75876853e-03
3.71582031e-02	1.78382169e-05	1.76741227e-03
3.72070313e-02	1.79247284e-05	1.77609918e-03
3.72558594e-02	1.80116651e-05	1.78482947e-03
3.73046875e-02	1.80990292e-05	1.79360336e-03
3.73535156e-02	1.81868228e-05	1.80242107e-03
3.74023438e-02	1.82750480e-05	1.81128281e-03
3.74511719e-02	1.83637070e-05	1.82018882e-03
3.75000000e-02	1.84528019e-05	1.82913931e-03
3.75488281e-02	1.85423349e-05	1.83813451e-03
3.75976562e-02	1.86323083e-05	1.84717464e-03
3.76464844e-02	1.87227242e-05	1.85625993e-03
3.76953125e-02	1.88135848e-05	1.86539060e-03
3.77441406e-02	1.89048924e-05	1.87456688e-03
3.77929688e-02	1.89966491e-05	1.88378900e-03
3.78417969e-02	1.90888572e-05	1.89305720e-03
3.78906250e-02	1.91815191e-05	1.90237169e-03
3.79394531e-02	1.92746369e-05	1.91173273e-03
3.79882813e-02	1.93682129e-05	1.92114053e-03
3.80371094e-02	1.94622494e-05	1.93059534e-03
3.80859375e-02	1.95567487e-05	1.94009739e-03
3.81347656e-02	1.96517132e-05	1.94964692e-03
3.81835938e-02	1.97471451e-05	1.95924417e-03
3.82324219e-02	1.98430468e-05	1.96888937e-03
3.82812500e-02	1.99394206e-05	1.97858277e-03
3.83300781e-02	2.00362690e-05	1.98832461e-03
3.83789063e-02	2.01335941e-05	1.99811514e-03
3.84277344e-02	2.02313986e-05	2.00795460e-03
3.84765625e-02	2.03296847e-05	2.01784323e-03
3.85253906e-02	2.04284548e-05	2.02778129e-03
3.85742188e-02	2.05277114e-05	2.03776902e-03
3.86230469e-02	2.06274569e-05	2.04780667e-03
3.86718750e-02	2.07276937e-05	2.05789449e-03
3.87207031e-02	2.08284244e-05	2.06803273e-03
3.87695313e-02	2.09296513e-05	2.07822166e-03
3.88183594e-02	2.10313770e-05	2.08846151e-03
3.88671875e-02	2.11336039e-05	2.09875256e-03
3.89160156e-02	2.12363345e-05	2.10909506e-03
3.89648438e-02	2.13395714e-05	2.11948926e-03
3.90136719e-02	2.14433172e-05	2.12993542e-03
3.90625000e-02	2.15475742e-05	2.14043382e-03
3.91113281e-02	2.16523452e-05	2.15098470e-03
3.91601563e-02	2.17576326e-05	2.16158834e-03
3.92089844e-02	2.18634391e-05	2.17224500e-03
3.92578125e-02	2.19697672e-05	2.18295495e-03
3.93066406e-02	2.20766196e-05	2.19371845e-03
3.93554688e-02	2.21839988e-05	2.20453578e-03
3.94042969e-02	2.22919076e-05	2.21540720e-03
3.94531250e-02	2.24003485e-05	2.22633299e-03
3.95019531e-02	2.25093243e-05	2.23731342e-03
3.95507812e-02	2.26188375e-05	2.24834877e-03
3.95996094e-02	2.27288909e-05	2.25943931e-03
3.96484375e-02	2.28394872e-05	2.27058532e-03
3.96972656e-02	2.29506291e-05	2.28178708e-03
3.97460938e-02	2.30623194e-05	2.29304487e-03
3.97949219e-02	2.31745607e-05	2.30435898e-03
3.98437500e-02	2.32873558e-05	2.31572968e-03
3.98925781e-02	2.34007075e-05	2.32715726e-03
3.99414063e-02	2.35146187e-05	2.33864201e-03
3.99902344e-02	2.36290920e-05	2.35018422e-03
4.00390625e-02	2.37441302e-05	2.36178417e-03
4.00878906e-02	2.38597364e-05	2.37344216e-03
4.01367188e-02	2.39759131e-05	2.38515848e-03
4.01855469e-02	2.40926634e-05	2.39693342e-03
4.02343750e-02	2.42099901e-05	2.40876727e-03
4.02832031e-02	2.43278960e-05	2.42066034e-03
4.03320313e-02	2.44463842e-05	2.43261292e-03
4.03808594e-02	2.45654574e-05	2.44462531e-03
4.04296875e-02	2.46851186e-05	2.45669782e-03
4.04785156e-02	2.48053707e-05	2.46883074e-03
4.05273438e-02	2.49262168e-05	2.48102439e-03
4.05761719e-02	2.50476598e-05	2.49327906e-03
4.06250000e-02	2.51697026e-05	2.50559506e-03
4.06738281e-02	2.52923483e-05	2.51797270e-03
4.07226563e-02	2.54155999e-05	2.53041230e-03
4.07714844e-02	2.55394604e-05	2.54291417e-03
4.08203125e-02	2.56639329e-05	2.55547861e-03
4.08691406e-02	2.57890204e-05	2.56810595e-03
4.09179688e-02	2.59147260e-05	2.58079650e-03
4.09667969e-02	2.60410528e-05	2.59355058e-03
4.10156250e-02	2.61680040e-05	2.60636851e-03
4.10644531e-02	2.62955826e-05	2.61925061e-03
4.11132813e-02	2.64237917e-05	2.63219721e-03
4.11621094e-02	2.65526347e-05	2.64520863e-03
4.12109375e-02	2.66821145e-05	2.65828520e-03
4.12597656e-02	2.68122344e-05	2.67142724e-03
4.13085938e-02	2.69429977e-05	2.68463509e-03
4.13574219e-02	2.70744074e-05	2.69790907e-03
4.14062500e-02	2.72064670e-05	2.71124953e-03
4.14550781e-02	2.73391795e-05	2.72465679e-03
4.15039062e-02	2.74725484e-05	2.73813120e-03
4.15527344e-02	2.76065768e-05	2.75167308e-03
4.16015625e-02	2.77412681e-05	2.76528279e-03
4.16503906e-02	2.78766256e-05	2.77896066e-03
4.16992188e-02	2.80126527e-05	2.79270704e-03
4.17480469e-02	2.81493526e-05	2.80652227e-03
4.17968750e-02	2.82867288e-05	2.82040670e-03
4.18457031e-02	2.84247846e-05	2.83436068e-03
4.18945313e-02	2.85635235e-05	2.84838456e-03
4.19433594e-02	2.87029489e-05	2.86247869e-03
4.19921875e-02	2.88430642e-05	2.87664342e-03
4.20410156e-02	2.89838728e-05	2.89087912e-03
4.20898438e-02	2.91253783e-05	2.90518614e-03
4.21386719e-02	2.92675842e-05	2.91956484e-03
4.21875000e-02	2.94104939e-05	2.93401558e-03
4.22363281e-02	2.95541109e-05	2.94853873e-03
4.22851563e-02	2.96984389e-05	2.96313465e-03
4.23339844e-02	2.98434813e-05	2.97780370e-03
4.23828125e-02	2.99892418e-05	2.99254626e-03
4.24316406e-02	3.01357240e-05	3.00736270e-03
4.24804688e-02	3.02829314e-05	3.02225338e-03
4.25292969e-02	3.04308677e-05	3.03721869e-03
4.25781250e-02	3.05795366e-05	3.05225901e-03
4.26269531e-02	3.07289417e-05	3.06737470e-03
4.26757813e-02	3.08790868e-05	3.08256615e-03
4.27246094e-02	3.10299754e-05	3.09783374e-03
4.27734375e-02	3.11816115e-05	3.11317786e-03
4.28222656e-02	3.13339986e-05	3.12859889e-03
4.28710938e-02	3.14871406e-05	3.14409722e-03
4.29199219e-02	3.16410412e-05	3.15967325e-03
4.29687500e-02	3.17957043e-05	3.17532735e-03
4.30175781e-02	3.19511337e-05	3.19105993e-03
4.30664063e-02	3.21073332e-05	3.20687139e-03
4.31152344e-02	3.22643067e-05	3.22276211e-03
4.31640625e-02	3.24220580e-05	3.23873251e-03
4.32128906e-02	3.25805911e-05	3.25478298e-03
4.32617188e-02	3.27399099e-05	3.27091393e-03
4.33105469e-02	3.29000183e-05	3.28712576e-03
4.33593750e-02	3.30609202e-05	3.30341888e-03
4.34082031e-02	3.32226198e-05	3.31979370e-03
4.34570312e-02	3.33851208e-05	3.33625064e-03
4.35058594e-02	3.35484275e-05	3.35279011e-03
4.35546875e-02	3.37125438e-05	3.36941253e-03
4.36035156e-02	3.38774737e-05	3.38611831e-03
4.36523438e-02	3.40432214e-05	3.40290788e-03
4.37011719e-02	3.42097910e-05	3.41978165e-03
4.37500000e-02	3.43771865e-05	3.43674006e-03
4.37988281e-02	3.45454122e-05	3.45378353e-03
4.38476563e-02	3.47144722e-05	3.47091249e-03
4.38964844e-02	3.48843706e-05	3.48812737e-03
4.39453125e-02	3.50551117e-05	3.50542861e-03
4.39941406e-02	3.52266998e-05	3.52281665e-03
4.40429688e-02	3.53991389e-05	3.54029191e-03
4.40917969e-02	3.55724335e-05	3.55785485e-03
4.41406250e-02	3.57465878e-05	3.57550590e-03
4.41894531e-02	3.59216062e-05	3.59324551e-03
4.42382813e-02	3.60974929e-05	3.61107412e-03
4.42871094e-02	3.62742523e-05	3.62899220e-03
4.43359375e-02	3.64518889e-05	3.64700018e-03
4.43847656e-02	3.66304069e-05	3.66509852e-03
4.44335938e-02	3.68098109e-05	3.68328768e-03
4.44824219e-02	3.69901052e-05	3.70156812e-03
4.45312500e-02	3.71712944e-05	3.71994030e-03
4.45800781e-02	3.73533829e-05	3.73840469e-03
4.46289063e-02	3.75363752e-05	3.75696174e-03
4.46777344e-02	3.77202759e-05	3.77561192e-03
4.47265625e-02	3.79050896e-05	3.79435572e-03
4.47753906e-02	3.80908208e-05	3.81319359e-03
4.48242188e-02	3.82774741e-05	3.83212602e-03
4.48730469e-02	3.84650541e-05	3.85115348e-03
4.49218750e-02	3.86535656e-05	3.87027646e-03
4.49707031e-02	3.88430132e-05	3.88949543e-03
4.50195313e-02	3.90334015e-05	3.90881089e-03
4.50683594e-02	3.92247354e-05	3.92822331e-03
4.51171875e-02	3.94170194e-05	3.94773319e-03
4.51660156e-02	3.96102586e-05	3.96734103e-03
4.52148438e-02	3.98044575e-05	3.98704731e-03
4.52636719e-02	3.99996211e-05	4.00685253e-03
4.53125000e-02	4.01957541e-05	4.02675720e-03
4.53613281e-02	4.03928615e-05	4.04676182e-03
4.54101562e-02	4.05909482e-05	4.06686689e-03
4.54589844e-02	4.07900190e-05	4.08707291e-03
4.55078125e-02	4.09900788e-05	4.10738041e-03
4.55566406e-02	4.11911328e-05	4.12778990e-03
4.56054688e-02	4.13931858e-05	4.14830188e-03
4.56542969e-02	4.15962429e-05	4.16891688e-03
4.57031250e-02	4.18003091e-05	4.18963542e-03
4.57519531e-02	4.20053896e-05	4.21045802e-03
4.58007813e-02	4.22114892e-05	4.23138520e-03
4.58496094e-02	4.24186133e-05	4.25241751e-03
4.58984375e-02	4.26267670e-05	4.27355546e-03
4.59472656e-02	4.28359553e-05	4.29479959e-03
4.59960938e-02	4.30461836e-05	4.31615045e-03
4.60449219e-02	4.32574570e-05	4.33760856e-03
4.60937500e-02	4.34697808e-05	4.35917447e-03
4.61425781e-02	4.36831603e-05	4.38084874e-03
4.61914063e-02	4.38976007e-05	4.40263189e-03
4.62402344e-02	4.41131075e-05	4.42452449e-03
4.62890625e-02	4.43296859e-05	4.44652709e-03
4.63378906e-02	4.45473413e-05	4.46864025e-03
4.63867188e-02	4.47660793e-05	4.49086452e-03
4.64355469e-02	4.49859051e-05	4.51320046e-03
4.64843750e-02	4.52068242e-05	4.53564865e-03
4.65332031e-02	4.54288422e-05	4.55820965e-03
4.65820313e-02	4.56519647e-05	4.58088403e-03
4.66308594e-02	4.58761970e-05	4.60367236e-03
4.66796875e-02	4.61015448e-05	4.62657522e-03
4.67285156e-02	4.63280138e-05	4.64959319e-03
4.67773438e-02	4.65556095e-05	4.67272685e-03
4.68261719e-02	4.67843376e-05	4.69597679e-03
4.68750000e-02	4.70142038e-05	4.71934359e-03
4.69238281e-02	4.72452139e-05	4.74282785e-03
4.69726563e-02	4.74773735e-05	4.76643016e-03
4.70214844e-02	4.77106885e-05	4.79015112e-03
4.70703125e-02	4.79451646e-05	4.81399133e-03
4.71191406e-02	4.81808077e-05	4.83795139e-03
4.71679688e-02	4.84176237e-05	4.86203191e-03
4.72167969e-02	4.86556185e-05	4.88623350e-03
4.72656250e-02	4.88947979e-05	4.91055677e-03
4.73144531e-02	4.91351680e-05	4.93500233e-03
4.73632812e-02	4.93767348e-05	4.95957081e-03
4.74121094e-02	4.96195041e-05	4.98426283e-03
4.74609375e-02	4.98634822e-05	5.00907902e-03
4.75097656e-02	5.01086751e-05	5.03401999e-03
4.75585938e-02	5.03550888e-05	5.05908639e-03
4.76074219e-02	5.06027295e-05	5.08427884e-03
4.76562500e-02	5.08516035e-05	5.10959800e-03
4.77050781e-02	5.11017168e-05	5.13504448e-03
4.77539063e-02	5.13530758e-05	5.16061896e-03
4.78027344e-02	5.16056867e-05	5.18632206e-03
4.78515625e-02	5.18595557e-05	5.21215444e-03
4.79003906e-02	5.21146893e-05	5.23811676e-03
4.79492188e-02	5.23710937e-05	5.26420967e-03
4.79980469e-02	5.26287755e-05	5.29043384e-03
4.80468750e-02	5.28877409e-05	5.31678992e-03
4.80957031e-02	5.31479965e-05	5.34327860e-03
4.81445313e-02	5.34095487e-05	5.36990053e-03
4.81933594e-02	5.36724041e-05	5.39665640e-03
4.82421875e-02	5.39365692e-05	5.42354687e-03
4.82910156e-02	5.42020506e-05	5.45057265e-03
4.83398438e-02	5.44688550e-05	5.47773439e-03
4.83886719e-02	5.47369890e-05	5.50503281e-03
4.84375000e-02	5.50064592e-05	5.53246859e-03
4.84863281e-02	5.52772725e-05	5.56004242e-03
4.85351563e-02	5.55494355e-05	5.58775500e-03
4.85839844e-02	5.58229551e-05	5.61560704e-03
4.86328125e-02	5.60978381e-05	5.64359925e-03
4.86816406e-02	5.63740913e-05	5.67173232e-03
4.87304688e-02	5.66517216e-05	5.70000699e-03
4.87792969e-02	5.69307361e-05	5.72842396e-03
4.88281250e-02	5.72111415e-05	5.75698395e-03
4.88769531e-02	5.74929450e-05	5.78568769e-03
4.89257813e-02	5.77761536e-05	5.81453591e-03
4.89746094e-02	5.80607743e-05	5.84352934e-03
4.90234375e-02	5.83468143e-05	5.87266871e-03
4.90722656e-02	5.86342807e-05	5.90195476e-03
4.91210938e-02	5.89231807e-05	5.93138825e-03
4.91699219e-02	5.92135215e-05	5.96096991e-03
4.92187500e-02	5.95053103e-05	5.99070049e-03
4.92675781e-02	5.97985545e-05	6.02058075e-03
4.93164062e-02	6.00932613e-05	6.05061145e-03
4.93652344e-02	6.03894382e-05	6.08079335e-03
4.94140625e-02	6.06870925e-05	6.11112722e-03
4.94628906e-02	6.09862317e-05	6.14161382e-03
4.95117188e-02	6.12868632e-05	6.17225394e-03
4.95605469e-02	6.15889946e-05	6.20304834e-03
4.96093750e-02	6.18926335e-05	6.23399781e-03
4.96582031e-02	6.21977873e-05	6.26510314e-03
4.97070313e-02	6.25044638e-05	6.29636512e-03
4.97558594e-02	6.28126705e-05	6.32778453e-03
4.98046875e-02	6.31224153e-05	6.35936218e-03
4.98535156e-02	6.34337059e-05	6.39109887e-03
4.99023438e-02	6.37465500e-05	6.42299541e-03
4.99511719e-02	6.40609554e-05	6.45505260e-03
5.00000000e-02	6.43769302e-05	6.48727127e-03
5.00488281e-02	6.46944820e-05	6.51965222e-03
5.00976563e-02	6.50136189e-05	6.55219629e-03
5.01464844e-02	6.53343489e-05	6.58490429e-03
5.01953125e-02	6.56566800e-05	6.61777706e-03
5.02441406e-02	6.59806202e-05	6.65081544e-03
5.02929688e-02	6.63061778e-05	6.68402026e-03
5.03417969e-02	6.66333607e-05	6.71739237e-03
5.03906250e-02	6.69621772e-05	6.75093261e-03
5.04394531e-02	6.72926356e-05	6.78464185e-03
5.04882813e-02	6.76247440e-05	6.81852093e-03
5.05371094e-02	6.79585109e-05	6.85257072e-03
5.05859375e-02	6.82939446e-05	6.88679207e-03
5.06347656e-02	6.86310534e-05	6.92118588e-03
5.06835938e-02	6.89698459e-05	6.95575299e-03
5.07324219e-02	6.93103304e-05	6.99049431e-03
5.07812500e-02	6.96525156e-05	7.02541070e-03
5.08300781e-02	6.99964100e-05	7.06050306e-03
5.08789063e-02	7.03420222e-05	7.09577227e-03
5.09277344e-02	7.06893608e-05	7.13121925e-03
5.09765625e-02	7.10384347e-05	7.16684488e-03
5.10253906e-02	7.13892524e-05	7.20265007e-03
5.10742188e-02	7.17418229e-05	7.23863574e-03
5.11230469e-02	7.20961549e-05	7.27480280e-03
5.11718750e-02	7.24522573e-05	7.31115217e-03
5.12207031e-02	7.28101390e-05	7.34768477e-03
5.12695312e-02	7.31698091e-05	7.38440154e-03
5.13183594e-02	7.35312765e-05	7.42130340e-03
5.13671875e-02	7.38945503e-05	7.45839130e-03
5.14160156e-02	7.42596396e-05	7.49566618e-03
5.14648438e-02	7.46265536e-05	7.53312899e-03
5.15136719e-02	7.49953014e-05	7.57078068e-03
5.15625000e-02	7.53658923e-05	7.60862222e-03
5.16113281e-02	7.57383355e-05	7.64665456e-03
5.16601563e-02	7.61126405e-05	7.68487866e-03
5.17089844e-02	7.64888167e-05	7.72329552e-03
5.17578125e-02	7.68668733e-05	7.76190609e-03
5.18066406e-02	7.72468201e-05	7.80071138e-03
5.18554688e-02	7.76286663e-05	7.83971235e-03
5.19042969e-02	7.80124218e-05	7.87891001e-03
5.19531250e-02	7.83980960e-05	7.91830536e-03
5.20019531e-02	7.87856986e-05	7.95789939e-03
5.20507813e-02	7.91752395e-05	7.99769312e-03
5.20996094e-02	7.95667283e-05	8.03768756e-03
5.21484375e-02	7.99601748e-05	8.07788373e-03
5.21972656e-02	8.03555890e-05	8.11828264e-03
5.22460938e-02	8.07529808e-05	8.15888534e-03
5.22949219e-02	8.11523602e-05	8.19969286e-03
5.23437500e-02	8.15537371e-05	8.24070622e-03
5.23925781e-02	8.19571217e-05	8.28192649e-03
5.24414063e-02	8.23625241e-05	8.32335470e-03
5.24902344e-02	8.27699544e-05	8.36499192e-03
5.25390625e-02	8.31794229e-05	8.40683921e-03
5.25878906e-02	8.35909400e-05	8.44889762e-03
5.26367188e-02	8.40045158e-05	8.49116824e-03
5.26855469e-02	8.44201608e-05	8.53365214e-03
5.27343750e-02	8.48378855e-05	8.57635040e-03
5.27832031e-02	8.52577003e-05	8.61926412e-03
5.28320313e-02	8.56796158e-05	8.66239438e-03
5.28808594e-02	8.61036426e-05	8.70574228e-03
5.29296875e-02	8.65297913e-05	8.74930893e-03
5.29785156e-02	8.69580726e-05	8.79309545e-03
5.30273438e-02	8.73884974e-05	8.83710294e-03
5.30761719e-02	8.78210764e-05	8.88133252e-03
5.31250000e-02	8.82558205e-05	8.92578533e-03
5.31738281e-02	8.86927406e-05	8.97046251e-03
5.32226562e-02	8.91318477e-05	9.01536518e-03
5.32714844e-02	8.95731529e-05	9.06049449e-03
5.33203125e-02	9.00166672e-05	9.10585160e-03
5.33691406e-02	9.04624018e-05	9.15143766e-03
5.34179688e-02	9.09103679e-05	9.19725383e-03
5.34667969e-02	9.13605767e-05	9.24330128e-03
5.35156250e-02	9.18130397e-05	9.28958119e-03
5.35644531e-02	9.22677681e-05	9.33609474e-03
5.36132813e-02	9.27247734e-05	9.38284311e-03
5.36621094e-02	9.31840671e-05	9.42982750e-03
5.37109375e-02	9.36456608e-05	9.47704910e-03
5.37597656e-02	9.41095660e-05	9.52450912e-03
5.38085938e-02	9.45757945e-05	9.57220878e-03
5.38574219e-02	9.50443579e-05	9.62014928e-03
5.39062500e-02	9.55152681e-05	9.66833185e-03
5.39550781e-02	9.59885369e-05	9.71675772e-03
5.40039063e-02	9.64641762e-05	9.76542813e-03
5.40527344e-02	9.69421980e-05	9.81434432e-03
5.41015625e-02	9.74226143e-05	9.86350753e-03
5.41503906e-02	9.79054372e-05	9.91291903e-03
5.41992188e-02	9.83906789e-05	9.96258007e-03
5.42480469e-02	9.88783516e-05	1.00124919e-02
5.42968750e-02	9.93684675e-05	1.00626559e-02
5.43457031e-02	9.98610390e-05	1.01130732e-02
5.43945313e-02	1.00356078e-04	1.01637451e-02
5.44433594e-02	1.00853598e-04	1.02146730e-02
5.44921875e-02	1.01353611e-04	1.02658582e-02
5.45410156e-02	1.01856130e-04	1.03173019e-02
5.45898438e-02	1.02361167e-04	1.03690055e-02
5.46386719e-02	1.02868735e-04	1.04209702e-02
5.46875000e-02	1.03378846e-04	1.04731975e-02
5.47363281e-02	1.03891514e-04	1.05256886e-02
5.47851563e-02	1.04406752e-04	1.05784450e-02
5.48339844e-02	1.04924572e-04	1.06314678e-02
5.48828125e-02	1.05444988e-04	1.06847586e-02
5.49316406e-02	1.05968012e-04	1.07383186e-02
5.49804688e-02	1.06493658e-04	1.07921492e-02
5.50292969e-02	1.07021939e-04	1.08462518e-02
5.50781250e-02	1.07552869e-04	1.09006278e-02
5.51269531e-02	1.08086461e-04	1.09552786e-02
5.51757812e-02	1.08622727e-04	1.10102056e-02
5.52246094e-02	1.09161683e-04	1.10654101e-02
5.52734375e-02	1.09703341e-04	1.11208936e-02
5.53222656e-02	1.10247714e-04	1.11766575e-02
5.53710938e-02	1.10794818e-04	1.12327032e-02
5.54199219e-02	1.11344665e-04	1.12890322e-02
5.54687500e-02	1.11897269e-04	1.13456458e-02
5.55175781e-02	1.12452645e-04	1.14025456e-02
5.55664063e-02	1.13010806e-04	1.14597331e-02
5.56152344e-02	1.13571767e-04	1.15172095e-02
5.56640625e-02	1.14135541e-04	1.15749765e-02
5.57128906e-02	1.14702143e-04	1.16330356e-02
5.57617188e-02	1.15271587e-04	1.16913881e-02
5.58105469e-02	1.15843887e-04	1.17500355e-02
5.58593750e-02	1.16419058e-04	1.18089795e-02
5.59082031e-02	1.16997115e-04	1.18682215e-02
5.59570313e-02	1.17578072e-04	1.19277630e-02
5.60058594e-02	1.18161943e-04	1.19876054e-02
5.60546875e-02	1.18748744e-04	1.20477505e-02
5.61035156e-02	1.19338488e-04	1.21081997e-02
5.61523438e-02	1.19931192e-04	1.21689545e-02
5.62011719e-02	1.20526870e-04	1.22300165e-02
5.62500000e-02	1.21125538e-04	1.22913872e-02
5.62988281e-02	1.21727209e-04	1.23530683e-02
5.63476563e-02	1.22331899e-04	1.24150613e-02
5.63964844e-02	1.22939625e-04	1.24773678e-02
5.64453125e-02	1.23550400e-04	1.25399894e-02
5.64941406e-02	1.24164241e-04	1.26029277e-02
5.65429688e-02	1.24781163e-04	1.26661843e-02
5.65917969e-02	1.25401181e-04	1.27297608e-02
5.66406250e-02	1.26024311e-04	1.27936588e-02
5.66894531e-02	1.26650569e-04	1.28578801e-02
5.67382813e-02	1.27279971e-04	1.29224261e-02
5.67871094e-02	1.27912533e-04	1.29872987e-02
5.68359375e-02	1.28548270e-04	1.30524994e-02
5.68847656e-02	1.29187199e-04	1.31180299e-02
5.69335938e-02	1.29829336e-04	1.31838918e-02
5.69824219e-02	1.30474697e-04	1.32500870e-02
5.70312500e-02	1.31123298e-04	1.33166170e-02
5.70800781e-02	1.31775156e-04	1.33834836e-02
5.71289062e-02	1.32430287e-04	1.34506885e-02
5.71777344e-02	1.33088708e-04	1.35182334e-02
5.72265625e-02	1.33750435e-04	1.35861201e-02
5.72753906e-02	1.34415486e-04	1.36543502e-02
5.73242188e-02	1.35083876e-04	1.37229255e-02
5.73730469e-02	1.35755624e-04	1.37918478e-02
5.74218750e-02	1.36430745e-04	1.38611189e-02
5.74707031e-02	1.37109257e-04	1.39307404e-02
5.75195313e-02	1.37791178e-04	1.40007143e-02
5.75683594e-02	1.38476523e-04	1.40710423e-02
5.76171875e-02	1.39165311e-04	1.41417262e-02
5.76660156e-02	1.39857560e-04	1.42127677e-02
5.77148438e-02	1.40553286e-04	1.42841688e-02
5.77636719e-02	1.41252507e-04	1.43559313e-02
5.78125000e-02	1.41955241e-04	1.44280570e-02
5.78613281e-02	1.42661506e-04	1.45005477e-02
5.79101563e-02	1.43371319e-04	1.45734053e-02
5.79589844e-02	1.44084699e-04	1.46466316e-02
5.80078125e-02	1.44801663e-04	1.47202287e-02
5.80566406e-02	1.45522230e-04	1.47941982e-02
5.81054688e-02	1.46246418e-04	1.48685422e-02
5.81542969e-02	1.46974246e-04	1.49432625e-02
5.82031250e-02	1.47705731e-04	1.50183611e-02
5.82519531e-02	1.48440892e-04	1.50938399e-02
5.83007813e-02	1.49179748e-04	1.51697007e-02
5.83496094e-02	1.49922317e-04	1.52459456e-02
5.83984375e-02	1.50668619e-04	1.53225766e-02
5.84472656e-02	1.51418672e-04	1.53995955e-02
5.84960938e-02	1.52172495e-04	1.54770043e-02
5.85449219e-02	1.52930108e-04	1.55548051e-02
5.85937500e-02	1.53691529e-04	1.56329999e-02
5.86425781e-02	1.54456778e-04	1.57115905e-02
5.86914063e-02	1.55225874e-04	1.57905792e-02
5.87402344e-02	1.55998836e-04	1.58699678e-02
5.87890625e-02	1.56775685e-04	1.59497584e-02
5.88378906e-02	1.57556440e-04	1.60299530e-02
5.88867188e-02	1.58341120e-04	1.61105538e-02
5.89355469e-02	1.59129746e-04	1.61915628e-02
5.89843750e-02	1.59922337e-04	1.62729821e-02
5.90332031e-02	1.60718914e-04	1.63548137e-02
5.90820312e-02	1.61519497e-04	1.64370597e-02
5.91308594e-02	1.62324106e-04	1.65197224e-02
5.91796875e-02	1.63132762e-04	1.66028037e-02
5.92285156e-02	1.63945484e-04	1.66863058e-02
5.92773438e-02	1.64762294e-04	1.67702309e-02
5.93261719e-02	1.65583212e-04	1.68545811e-02
5.93750000e-02	1.66408260e-04	1.69393586e-02
5.94238281e-02	1.67237457e-04	1.70245656e-02
5.94726563e-02	1.68070825e-04	1.71102041e-02
5.95214844e-02	1.68908386e-04	1.71962766e-02
5.95703125e-02	1.69750160e-04	1.72827851e-02
5.96191406e-02	1.70596169e-04	1.73697318e-02
5.96679688e-02	1.71446433e-04	1.74571191e-02
5.97167969e-02	1.72300976e-04	1.75449491e-02
5.97656250e-02	1.73159818e-04	1.76332241e-02
5.98144531e-02	1.74022982e-04	1.77219464e-02
5.98632813e-02	1.74890488e-04	1.78111182e-02
5.99121094e-02	1.75762360e-04	1.79007419e-02
5.99609375e-02	1.76638618e-04	1.79908197e-02
6.00097656e-02	1.77519287e-04	1.80813540e-02
6.00585938e-02	1.78404387e-04	1.81723471e-02
6.01074219e-02	1.79293941e-04	1.82638012e-02
6.01562500e-02	1.80187973e-04	1.83557188e-02
6.02050781e-02	1.81086503e-04	1.84481023e-02
6.02539063e-02	1.81989556e-04	1.85409540e-02
6.03027344e-02	1.82897155e-04	1.86342762e-02
6.03515625e-02	1.83809322e-04	1.87280714e-02
6.04003906e-02	1.84726080e-04	1.88223421e-02
6.04492188e-02	1.85647453e-04	1.89170905e-02
6.04980469e-02	1.86573464e-04	1.90123192e-02
6.05468750e-02	1.87504136e-04	1.91080306e-02
6.05957031e-02	1.88439494e-04	1.92042271e-02
6.06445313e-02	1.89379561e-04	1.93009113e-02
6.06933594e-02	1.90324361e-04	1.93980856e-02
6.07421875e-02	1.91273917e-04	1.94957525e-02
6.07910156e-02	1.92228255e-04	1.95939145e-02
6.08398438e-02	1.93187398e-04	1.96925741e-02
6.08886719e-02	1.94151370e-04	1.97917340e-02
6.09375000e-02	1.95120196e-04	1.98913966e-02
6.09863281e-02	1.96093901e-04	1.99915644e-02
6.10351562e-02	1.97072510e-04	2.00922401e-02
6.10839844e-02	1.98056047e-04	2.01934263e-02
6.11328125e-02	1.99044537e-04	2.02951256e-02
6.11816406e-02	2.00038005e-04	2.03973405e-02
6.12304688e-02	2.01036477e-04	2.05000737e-02
6.12792969e-02	2.02039978e-04	2.06033279e-02
6.13281250e-02	2.03048534e-04	2.07071056e-02
6.13769531e-02	2.04062169e-04	2.08114096e-02
6.14257813e-02	2.05080911e-04	2.09162426e-02
6.14746094e-02	2.06104784e-04	2.10216072e-02
6.15234375e-02	2.07133815e-04	2.11275062e-02
6.15722656e-02	2.08168030e-04	2.12339422e-02
6.16210938e-02	2.09207456e-04	2.13409181e-02
6.16699219e-02	2.10252118e-04	2.14484365e-02
6.17187500e-02	2.11302043e-04	2.15565003e-02
6.17675781e-02	2.12357258e-04	2.16651122e-02
6.18164063e-02	2.13417790e-04	2.17742750e-02
6.18652344e-02	2.14483665e-04	2.18839915e-02
6.19140625e-02	2.15554912e-04	2.19942646e-02
6.19628906e-02	2.16631557e-04	2.21050970e-02
6.20117188e-02	2.17713627e-04	2.22164917e-02
6.20605469e-02	2.18801150e-04	2.23284514e-02
6.21093750e-02	2.19894153e-04	2.24409792e-02
6.21582031e-02	2.20992665e-04	2.25540778e-02
6.22070313e-02	2.22096714e-04	2.26677502e-02
6.22558594e-02	2.23206327e-04	2.27819993e-02
6.23046875e-02	2.24321533e-04	2.28968281e-02
6.23535156e-02	2.25442360e-04	2.30122395e-02
6.24023438e-02	2.26568836e-04	2.31282364e-02
6.24511719e-02	2.27700991e-04	2.32448219e-02
6.25000000e-02	2.28838853e-04	2.33619990e-02
6.25488281e-02	2.29982451e-04	2.34797707e-02
6.25976563e-02	2.31131814e-04	2.35981400e-02
6.26464844e-02	2.32286971e-04	2.37171100e-02
6.26953125e-02	2.33447952e-04	2.38366837e-02
6.27441406e-02	2.34614787e-04	2.39568641e-02
6.27929687e-02	2.35787505e-04	2.40776545e-02
6.28417969e-02	2.36966135e-04	2.41990580e-02
6.28906250e-02	2.38150709e-04	2.43210775e-02
6.29394531e-02	2.39341256e-04	2.44437163e-02
6.29882812e-02	2.40537806e-04	2.45669776e-02
6.30371094e-02	2.41740390e-04	2.46908645e-02
6.30859375e-02	2.42949038e-04	2.48153802e-02
6.31347656e-02	2.44163782e-04	2.49405279e-02
6.31835938e-02	2.45384652e-04	2.50663109e-02
6.32324219e-02	2.46611680e-04	2.51927323e-02
6.32812500e-02	2.47844896e-04	2.53197955e-02
6.33300781e-02	2.49084332e-04	2.54475037e-02
6.33789063e-02	2.50330019e-04	2.55758601e-02
6.34277344e-02	2.51581990e-04	2.57048682e-02
6.34765625e-02	2.52840276e-04	2.58345313e-02
6.35253906e-02	2.54104910e-04	2.59648526e-02
6.35742188e-02	2.55375923e-04	2.60958355e-02
6.36230469e-02	2.56653348e-04	2.62274834e-02
6.36718750e-02	2.57937217e-04	2.63597998e-02
6.37207031e-02	2.59227563e-04	2.64927879e-02
6.37695312e-02	2.60524420e-04	2.66264513e-02
6.38183594e-02	2.61827819e-04	2.67607934e-02
6.38671875e-02	2.63137795e-04	2.68958177e-02
6.39160156e-02	2.64454381e-04	2.70315275e-02
6.39648438e-02	2.65777609e-04	2.71679265e-02
6.40136719e-02	2.67107515e-04	2.73050181e-02
6.40625000e-02	2.68444132e-04	2.74428060e-02
6.41113281e-02	2.69787494e-04	2.75812935e-02
6.41601563e-02	2.71137635e-04	2.77204844e-02
6.42089844e-02	2.72494590e-04	2.78603821e-02
6.42578125e-02	2.73858393e-04	2.80009904e-02
6.43066406e-02	2.75229079e-04	2.81423127e-02
6.43554688e-02	2.76606683e-04	2.82843529e-02
6.44042969e-02	2.77991240e-04	2.84271145e-02
6.44531250e-02	2.79382786e-04	2.85706012e-02
6.45019531e-02	2.80781356e-04	2.87148167e-02
6.45507813e-02	2.82186985e-04	2.88597647e-02
6.45996094e-02	2.83599710e-04	2.90054491e-02
6.46484375e-02	2.85019567e-04	2.91518734e-02
6.46972656e-02	2.86446591e-04	2.92990416e-02
6.47460937e-02	2.87880820e-04	2.94469574e-02
6.47949219e-02	2.89322289e-04	2.95956246e-02
6.48437500e-02	2.90771036e-04	2.97450471e-02
6.48925781e-02	2.92227097e-04	2.98952287e-02
6.49414062e-02	2.93690510e-04	3.00461733e-02
6.49902344e-02	2.95161312e-04	3.01978848e-02
6.50390625e-02	2.96639541e-04	3.03503670e-02
6.50878906e-02	2.98125234e-04	3.05036241e-02
6.51367188e-02	2.99618430e-04	3.06576598e-02
6.51855469e-02	3.01119166e-04	3.08124781e-02
6.52343750e-02	3.02627480e-04	3.09680832e-02
6.52832031e-02	3.04143412e-04	3.11244789e-02
6.53320313e-02	3.05666999e-04	3.12816694e-02
6.53808594e-02	3.07198282e-04	3.14396586e-02
6.54296875e-02	3.08737298e-04	3.15984506e-02
6.54785156e-02	3.10284088e-04	3.17580497e-02
6.55273438e-02	3.11838690e-04	3.19184598e-02
6.55761719e-02	3.13401145e-04	3.20796851e-02
6.56250000e-02	3.14971492e-04	3.22417298e-02
6.56738281e-02	3.16549771e-04	3.24045981e-02
6.57226562e-02	3.18136023e-04	3.25682941e-02
6.57714844e-02	3.19730289e-04	3.27328221e-02
6.58203125e-02	3.21332609e-04	3.28981864e-02
6.58691406e-02	3.22943023e-04	3.30643912e-02
6.59179688e-02	3.24561574e-04	3.32314407e-02
6.59667969e-02	3.26188302e-04	3.33993395e-02
6.60156250e-02	3.27823249e-04	3.35680916e-02
6.60644531e-02	3.29466457e-04	3.37377016e-02
6.61132813e-02	3.31117967e-04	3.39081738e-02
6.61621094e-02	3.32777823e-04	3.40795126e-02
6.62109375e-02	3.34446066e-04	3.42517224e-02
6.62597656e-02	3.36122739e-04	3.44248077e-02
6.63085938e-02	3.37807885e-04	3.45987730e-02
6.63574219e-02	3.39501547e-04	3.47736227e-02
6.64062500e-02	3.41203768e-04	3.49493613e-02
6.64550781e-02	3.42914592e-04	3.51259935e-02
6.65039063e-02	3.44634063e-04	3.53035237e-02
6.65527344e-02	3.46362224e-04	3.54819566e-02
6.66015625e-02	3.48099120e-04	3.56612967e-02
6.66503906e-02	3.49844795e-04	3.58415488e-02
6.66992187e-02	3.51599294e-04	3.60227174e-02
6.67480469e-02	3.53362661e-04	3.62048072e-02
6.67968750e-02	3.55134942e-04	3.63878230e-02
6.68457031e-02	3.56916182e-04	3.65717695e-02
6.68945312e-02	3.58706427e-04	3.67566514e-02
6.69433594e-02	3.60505722e-04	3.69424735e-02
6.69921875e-02	3.62314113e-04	3.71292407e-02
6.70410156e-02	3.64131647e-04	3.73169577e-02
6.70898438e-02	3.65958371e-04	3.75056293e-02
6.71386719e-02	3.67794330e-04	3.76952606e-02
6.71875000e-02	3.69639572e-04	3.78858563e-02
6.72363281e-02	3.71494144e-04	3.80774215e-02
6.72851563e-02	3.73358094e-04	3.82699610e-02
6.73339844e-02	3.75231469e-04	3.84634798e-02
6.73828125e-02	3.77114317e-04	3.86579830e-02
6.74316406e-02	3.79006687e-04	3.88534756e-02
6.74804688e-02	3.80908626e-04	3.90499625e-02
6.75292969e-02	3.82820184e-04	3.92474490e-02
6.75781250e-02	3.84741409e-04	3.94459402e-02
6.76269531e-02	3.86672351e-04	3.96454410e-02
6.76757812e-02	3.88613059e-04	3.98459568e-02
6.77246094e-02	3.90563583e-04	4.00474927e-02
6.77734375e-02	3.92523972e-04	4.02500539e-02
6.78222656e-02	3.94494277e-04	4.04536457e-02
6.78710938e-02	3.96474549e-04	4.06582733e-02
6.79199219e-02	3.98464837e-04	4.08639420e-02
6.79687500e-02	4.00465194e-04	4.10706571e-02
6.80175781e-02	4.02475669e-04	4.12784240e-02
6.80664063e-02	4.04496316e-04	4.14872481e-02
6.81152344e-02	4.06527184e-04	4.16971347e-02
6.81640625e-02	4.08568327e-04	4.19080894e-02
6.82128906e-02	4.10619797e-04	4.21201175e-02
6.82617188e-02	4.12681647e-04	4.23332245e-02
6.83105469e-02	4.14753928e-04	4.25474160e-02
6.83593750e-02	4.16836694e-04	4.27626975e-02
6.84082031e-02	4.18929999e-04	4.29790746e-02
6.84570313e-02	4.21033896e-04	4.31965529e-02
6.85058594e-02	4.23148440e-04	4.34151379e-02
6.85546875e-02	4.25273683e-04	4.36348355e-02
6.86035156e-02	4.27409681e-04	4.38556511e-02
6.86523437e-02	4.29556489e-04	4.40775907e-02
6.87011719e-02	4.31714161e-04	4.43006598e-02
6.87500000e-02	4.33882753e-04	4.45248644e-02
6.87988281e-02	4.36062320e-04	4.47502101e-02
6.88476562e-02	4.38252919e-04	4.49767029e-02
6.88964844e-02	4.40454605e-04	4.52043485e-02
6.89453125e-02	4.42667434e-04	4.54331530e-02
6.89941406e-02	4.44891464e-04	4.56631221e-02
6.90429688e-02	4.47126752e-04	4.58942620e-02
6.90917969e-02	4.49373355e-04	4.61265785e-02
6.91406250e-02	4.51631330e-04	4.63600776e-02
6.91894531e-02	4.53900735e-04	4.65947655e-02
6.92382813e-02	4.56181629e-04	4.68306482e-02
6.92871094e-02	4.58474070e-04	4.70677317e-02
6.93359375e-02	4.60778116e-04	4.73060224e-02
6.93847656e-02	4.63093828e-04	4.75455262e-02
6.94335938e-02	4.65421264e-04	4.77862495e-02
6.94824219e-02	4.67760484e-04	4.80281984e-02
6.95312500e-02	4.70111548e-04	4.82713793e-02
6.95800781e-02	4.72474516e-04	4.85157984e-02
6.96289062e-02	4.74849449e-04	4.87614620e-02
6.96777344e-02	4.77236408e-04	4.90083766e-02
6.97265625e-02	4.79635454e-04	4.92565486e-02
6.97753906e-02	4.82046649e-04	4.95059842e-02
6.98242188e-02	4.84470054e-04	4.97566901e-02
6.98730469e-02	4.86905732e-04	5.00086728e-02
6.99218750e-02	4.89353745e-04	5.02619386e-02
6.99707031e-02	4.91814156e-04	5.05164943e-02
7.00195313e-02	4.94287028e-04	5.07723464e-02
7.00683594e-02	4.96772424e-04	5.10295015e-02
7.01171875e-02	4.99270409e-04	5.12879664e-02
7.01660156e-02	5.01781047e-04	5.15477476e-02
7.02148438e-02	5.04304402e-04	5.18088520e-02
7.02636719e-02	5.06840538e-04	5.20712864e-02
7.03125000e-02	5.09389521e-04	5.23350574e-02
7.03613281e-02	5.11951416e-04	5.26001720e-02
7.04101563e-02	5.14526289e-04	5.28666370e-02
7.04589844e-02	5.17114207e-04	5.31344593e-02
7.05078125e-02	5.19715235e-04	5.34036459e-02
7.05566406e-02	5.22329440e-04	5.36742038e-02
7.06054687e-02	5.24956890e-04	5.39461399e-02
7.06542969e-02	5.27597651e-04	5.42194614e-02
7.07031250e-02	5.30251793e-04	5.44941753e-02
7.07519531e-02	5.32919382e-04	5.47702888e-02
7.08007812e-02	5.35600488e-04	5.50478089e-02
7.08496094e-02	5.38295180e-04	5.53267429e-02
7.08984375e-02	5.41003525e-04	5.56070981e-02
7.09472656e-02	5.43725595e-04	5.58888817e-02
7.09960938e-02	5.46461459e-04	5.61721010e-02
7.10449219e-02	5.49211187e-04	5.64567633e-02
7.10937500e-02	5.51974850e-04	5.67428761e-02
7.11425781e-02	5.54752519e-04	5.70304468e-02
7.11914063e-02	5.57544265e-04	5.73194828e-02
7.12402344e-02	5.60350161e-04	5.76099916e-02
7.12890625e-02	5.63170277e-04	5.79019808e-02
7.13378906e-02	5.66004687e-04	5.81954579e-02
7.13867188e-02	5.68853464e-04	5.84904306e-02
7.14355469e-02	5.71716680e-04	5.87869065e-02
7.14843750e-02	5.74594410e-04	5.90848933e-02
7.15332031e-02	5.77486726e-04	5.93843987e-02
7.15820312e-02	5.80393705e-04	5.96854305e-02
7.16308594e-02	5.83315419e-04	5.99879966e-02
7.16796875e-02	5.86251945e-04	6.02921047e-02
7.17285156e-02	5.89203358e-04	6.05977628e-02
7.17773438e-02	5.92169733e-04	6.09049788e-02
7.18261719e-02	5.95151148e-04	6.12137607e-02
7.18750000e-02	5.98147678e-04	6.15241165e-02
7.19238281e-02	6.01159401e-04	6.18360542e-02
7.19726563e-02	6.04186394e-04	6.21495820e-02
7.20214844e-02	6.07228735e-04	6.24647079e-02
7.20703125e-02	6.10286503e-04	6.27814402e-02
7.21191406e-02	6.13359775e-04	6.30997871e-02
7.21679688e-02	6.16448631e-04	6.34197569e-02
7.22167969e-02	6.19553150e-04	6.37413578e-02
7.22656250e-02	6.22673413e-04	6.40645982e-02
7.23144531e-02	6.25809499e-04	6.43894866e-02
7.23632813e-02	6.28961489e-04	6.47160312e-02
7.24121094e-02	6.32129464e-04	6.50442407e-02
7.24609375e-02	6.35313506e-04	6.53741236e-02
7.25097656e-02	6.38513697e-04	6.57056884e-02
7.25585937e-02	6.41730119e-04	6.60389436e-02
7.26074219e-02	6.44962854e-04	6.63738981e-02
7.26562500e-02	6.48211987e-04	6.67105605e-02
7.27050781e-02	6.51477599e-04	6.70489394e-02
7.27539062e-02	6.54759777e-04	6.73890438e-02
7.28027344e-02	6.58058603e-04	6.77308825e-02
7.28515625e-02	6.61374163e-04	6.80744643e-02
7.29003906e-02	6.64706543e-04	6.84197981e-02
7.29492188e-02	6.68055827e-04	6.87668929e-02
7.29980469e-02	6.71422103e-04	6.91157579e-02
7.30468750e-02	6.74805456e-04	6.94664019e-02
7.30957031e-02	6.78205975e-04	6.98188341e-02
7.31445313e-02	6.81623746e-04	7.01730637e-02
7.31933594e-02	6.85058857e-04	7.05290999e-02
7.32421875e-02	6.88511397e-04	7.08869520e-02
7.32910156e-02	6.91981456e-04	7.12466291e-02
7.33398438e-02	6.95469121e-04	7.16081408e-02
7.33886719e-02	6.98974483e-04	7.19714963e-02
7.34375000e-02	7.02497633e-04	7.23367052e-02
7.34863281e-02	7.06038660e-04	7.27037769e-02
7.35351562e-02	7.09597656e-04	7.30727209e-02
7.35839844e-02	7.13174714e-04	7.34435469e-02
7.36328125e-02	7.16769924e-04	7.38162644e-02
7.36816406e-02	7.20383380e-04	7.41908833e-02
7.37304688e-02	7.24015174e-04	7.45674131e-02
7.37792969e-02	7.27665401e-04	7.49458637e-02
7.38281250e-02	7.31334153e-04	7.53262450e-02
7.38769531e-02	7.35021527e-04	7.57085668e-02
7.39257813e-02	7.38727616e-04	7.60928391e-02
7.39746094e-02	7.42452516e-04	7.64790719e-02
7.40234375e-02	7.46196323e-04	7.68672751e-02
7.40722656e-02	7.49959134e-04	7.72574589e-02
7.41210938e-02	7.53741045e-04	7.76496335e-02
7.41699219e-02	7.57542155e-04	7.80438091e-02
7.42187500e-02	7.61362560e-04	7.84399958e-02
7.42675781e-02	7.65202360e-04	7.88382040e-02
7.43164063e-02	7.69061653e-04	7.92384441e-02
7.43652344e-02	7.72940539e-04	7.96407264e-02
7.44140625e-02	7.76839118e-04	8.00450615e-02
7.44628906e-02	7.80757490e-04	8.04514598e-02
7.45117187e-02	7.84695756e-04	8.08599319e-02
7.45605469e-02	7.88654019e-04	8.12704885e-02
7.46093750e-02	7.92632379e-04	8.16831402e-02
7.46582031e-02	7.96630939e-04	8.20978977e-02
7.47070312e-02	8.00649803e-04	8.25147719e-02
7.47558594e-02	8.04689074e-04	8.29337736e-02
7.48046875e-02	8.08748857e-04	8.33549137e-02
7.48535156e-02	8.12829255e-04	8.37782031e-02
7.49023438e-02	8.16930375e-04	8.42036529e-02
7.49511719e-02	8.21052321e-04	8.46312742e-02
7.50000000e-02	8.25195201e-04	8.50610780e-02
7.50488281e-02	8.29359121e-04	8.54930755e-02
7.50976563e-02	8.33544188e-04	8.59272780e-02
7.51464844e-02	8.37750510e-04	8.63636969e-02
7.51953125e-02	8.41978197e-04	8.68023433e-02
7.52441406e-02	8.46227356e-04	8.72432289e-02
7.52929688e-02	8.50498099e-04	8.76863650e-02
7.53417969e-02	8.54790533e-04	8.81317631e-02
7.53906250e-02	8.59104772e-04	8.85794349e-02
7.54394531e-02	8.63440925e-04	8.90293921e-02
7.54882813e-02	8.67799104e-04	8.94816462e-02
7.55371094e-02	8.72179423e-04	8.99362092e-02
7.55859375e-02	8.76581994e-04	9.03930928e-02
7.56347656e-02	8.81006930e-04	9.08523090e-02
7.56835938e-02	8.85454347e-04	9.13138696e-02
7.57324219e-02	8.89924358e-04	9.17777868e-02
7.57812500e-02	8.94417079e-04	9.22440725e-02
7.58300781e-02	8.98932626e-04	9.27127390e-02
7.58789063e-02	9.03471116e-04	9.31837984e-02
7.59277344e-02	9.08032665e-04	9.36572630e-02
7.59765625e-02	9.12617392e-04	9.41331451e-02
7.60253906e-02	9.17225415e-04	9.46114572e-02
7.60742188e-02	9.21856852e-04	9.50922116e-02
7.61230469e-02	9.26511823e-04	9.55754209e-02
7.61718750e-02	9.31190449e-04	9.60610978e-02
7.62207031e-02	9.35892850e-04	9.65492547e-02
7.62695313e-02	9.40619148e-04	9.70399045e-02
7.63183594e-02	9.45369465e-04	9.75330599e-02
7.63671875e-02	9.50143923e-04	9.80287338e-02
7.64160156e-02	9.54942645e-04	9.85269391e-02
7.64648438e-02	9.59765756e-04	9.90276888e-02
7.65136719e-02	9.64613380e-04	9.95309958e-02
7.65625000e-02	9.69485643e-04	1.00036873e-01
7.66113281e-02	9.74382669e-04	1.00545335e-01
7.66601562e-02	9.79304586e-04	1.01056393e-01
7.67089844e-02	9.84251521e-04	1.01570061e-01
7.67578125e-02	9.89223602e-04	1.02086354e-01
7.68066406e-02	9.94220956e-04	1.02605283e-01
7.68554688e-02	9.99243714e-04	1.03126863e-01
7.69042969e-02	1.00429200e-03	1.03651107e-01
7.69531250e-02	1.00936596e-03	1.04178029e-01
7.70019531e-02	1.01446571e-03	1.04707642e-01
7.70507813e-02	1.01959138e-03	1.05239961e-01
7.70996094e-02	1.02474311e-03	1.05775000e-01
7.71484375e-02	1.02992104e-03	1.06312771e-01
7.71972656e-02	1.03512529e-03	1.06853290e-01
7.72460938e-02	1.04035599e-03	1.07396570e-01
7.72949219e-02	1.04561330e-03	1.07942626e-01
7.73437500e-02	1.05089733e-03	1.08491471e-01
7.73925781e-02	1.05620824e-03	1.09043121e-01
7.74414063e-02	1.06154615e-03	1.09597589e-01
7.74902344e-02	1.06691120e-03	1.10154889e-01
7.75390625e-02	1.07230353e-03	1.10715037e-01
7.75878906e-02	1.07772328e-03	1.11278048e-01
7.76367188e-02	1.08317060e-03	1.11843934e-01
7.76855469e-02	1.08864561e-03	1.12412713e-01
7.77343750e-02	1.09414847e-03	1.12984397e-01
7.77832031e-02	1.09967932e-03	1.13559003e-01
7.78320313e-02	1.10523829e-03	1.14136545e-01
7.78808594e-02	1.11082553e-03	1.14717038e-01
7.79296875e-02	1.11644120e-03	1.15300498e-01
7.79785156e-02	1.12208542e-03	1.15886939e-01
7.80273438e-02	1.12775835e-03	1.16476377e-01
7.80761719e-02	1.13346014e-03	1.17068827e-01
7.81250000e-02	1.13919093e-03	1.17664305e-01
7.81738281e-02	1.14495087e-03	1.18262826e-01
7.82226563e-02	1.15074011e-03	1.18864406e-01
7.82714844e-02	1.15655880e-03	1.19469061e-01
7.83203125e-02	1.16240709e-03	1.20076806e-01
7.83691406e-02	1.16828512e-03	1.20687657e-01
7.84179688e-02	1.17419307e-03	1.21301630e-01
7.84667969e-02	1.18013106e-03	1.21918742e-01
7.85156250e-02	1.18609927e-03	1.22539007e-01
7.85644531e-02	1.19209784e-03	1.23162443e-01
7.86132812e-02	1.19812693e-03	1.23789066e-01
7.86621094e-02	1.20418669e-03	1.24418892e-01
7.87109375e-02	1.21027729e-03	1.25051937e-01
7.87597656e-02	1.21639888e-03	1.25688218e-01
7.88085938e-02	1.22255161e-03	1.26327752e-01
7.88574219e-02	1.22873565e-03	1.26970555e-01
7.89062500e-02	1.23495116e-03	1.27616644e-01
7.89550781e-02	1.24119829e-03	1.28266036e-01
7.90039063e-02	1.24747722e-03	1.28918748e-01
7.90527344e-02	1.25378810e-03	1.29574797e-01
7.91015625e-02	1.26013109e-03	1.30234199e-01
7.91503906e-02	1.26650636e-03	1.30896974e-01
7.91992188e-02	1.27291408e-03	1.31563136e-01
7.92480469e-02	1.27935441e-03	1.32232705e-01
7.92968750e-02	1.28582751e-03	1.32905696e-01
7.93457031e-02	1.29233357e-03	1.33582129e-01
7.93945313e-02	1.29887273e-03	1.34262021e-01
7.94433594e-02	1.30544518e-03	1.34945389e-01
7.94921875e-02	1.31205107e-03	1.35632251e-01
7.95410156e-02	1.31869060e-03	1.36322625e-01
7.95898438e-02	1.32536392e-03	1.37016530e-01
7.96386719e-02	1.33207121e-03	1.37713982e-01
7.96875000e-02	1.33881264e-03	1.38415002e-01
7.97363281e-02	1.34558838e-03	1.39119606e-01
7.97851563e-02	1.35239862e-03	1.39827813e-01
7.98339844e-02	1.35924353e-03	1.40539642e-01
7.98828125e-02	1.36612329e-03	1.41255112e-01
7.99316406e-02	1.37303807e-03	1.41974240e-01
7.99804688e-02	1.37998805e-03	1.42697046e-01
8.00292969e-02	1.38697341e-03	1.43423549e-01
8.00781250e-02	1.39399434e-03	1.44153767e-01
8.01269531e-02	1.40105102e-03	1.44887720e-01
8.01757813e-02	1.40814363e-03	1.45625427e-01
8.02246094e-02	1.41527235e-03	1.46366907e-01
8.02734375e-02	1.42243736e-03	1.47112180e-01
8.03222656e-02	1.42963886e-03	1.47861265e-01
8.03710938e-02	1.43687703e-03	1.48614181e-01
8.04199219e-02	1.44415206e-03	1.49370948e-01
8.04687500e-02	1.45146413e-03	1.50131587e-01
8.05175781e-02	1.45881344e-03	1.50896116e-01
8.05664062e-02	1.46620018e-03	1.51664556e-01
8.06152344e-02	1.47362453e-03	1.52436927e-01
8.06640625e-02	1.48108669e-03	1.53213249e-01
8.07128906e-02	1.48858686e-03	1.53993543e-01
8.07617188e-02	1.49612522e-03	1.54777828e-01
8.08105469e-02	1.50370198e-03	1.55566126e-01
8.08593750e-02	1.51131733e-03	1.56358457e-01
8.09082031e-02	1.51897146e-03	1.57154841e-01
8.09570313e-02	1.52666458e-03	1.57955299e-01
8.10058594e-02	1.53439688e-03	1.58759853e-01
8.10546875e-02	1.54216857e-03	1.59568523e-01
8.11035156e-02	1.54997985e-03	1.60381331e-01
8.11523438e-02	1.55783091e-03	1.61198297e-01
8.12011719e-02	1.56572197e-03	1.62019444e-01
8.12500000e-02	1.57365323e-03	1.62844792e-01
8.12988281e-02	1.58162488e-03	1.63674363e-01
8.13476563e-02	1.58963715e-03	1.64508179e-01
8.13964844e-02	1.59769024e-03	1.65346262e-01
8.14453125e-02	1.60578435e-03	1.66188633e-01
8.14941406e-02	1.61391970e-03	1.67035315e-01
8.15429688e-02	1.62209650e-03	1.67886330e-01
8.15917969e-02	1.63031496e-03	1.68741699e-01
8.16406250e-02	1.63857529e-03	1.69601446e-01
8.16894531e-02	1.64687771e-03	1.70465593e-01
8.17382813e-02	1.65522243e-03	1.71334161e-01
8.17871094e-02	1.66360967e-03	1.72207176e-01
8.18359375e-02	1.67203965e-03	1.73084658e-01
8.18847656e-02	1.68051258e-03	1.73966631e-01
8.19335938e-02	1.68902868e-03	1.74853117e-01
8.19824219e-02	1.69758819e-03	1.75744141e-01
8.20312500e-02	1.70619131e-03	1.76639726e-01
8.20800781e-02	1.71483827e-03	1.77539894e-01
8.21289063e-02	1.72352930e-03	1.78444670e-01
8.21777344e-02	1.73226462e-03	1.79354077e-01
8.22265625e-02	1.74104446e-03	1.80268139e-01
8.22753906e-02	1.74986905e-03	1.81186879e-01
8.23242188e-02	1.75873861e-03	1.82110322e-01
8.23730469e-02	1.76765337e-03	1.83038493e-01
8.24218750e-02	1.77661358e-03	1.83971414e-01
8.24707031e-02	1.78561945e-03	1.84909112e-01
8.25195312e-02	1.79467123e-03	1.85851609e-01
8.25683594e-02	1.80376914e-03	1.86798932e-01
8.26171875e-02	1.81291343e-03	1.87751104e-01
8.26660156e-02	1.82210433e-03	1.88708150e-01
8.27148438e-02	1.83134208e-03	1.89670096e-01
8.27636719e-02	1.84062692e-03	1.90636967e-01
8.28125000e-02	1.84995909e-03	1.91608788e-01
8.28613281e-02	1.85933883e-03	1.92585585e-01
8.29101563e-02	1.86876640e-03	1.93567383e-01
8.29589844e-02	1.87824202e-03	1.94554207e-01
8.30078125e-02	1.88776595e-03	1.95546084e-01
8.30566406e-02	1.89733844e-03	1.96543040e-01
8.31054688e-02	1.90695974e-03	1.97545101e-01
8.31542969e-02	1.91663008e-03	1.98552292e-01
8.32031250e-02	1.92634973e-03	1.99564640e-01
8.32519531e-02	1.93611894e-03	2.00582173e-01
8.33007813e-02	1.94593796e-03	2.01604915e-01
8.33496094e-02	1.95580705e-03	2.02632895e-01
8.33984375e-02	1.96572646e-03	2.03666139e-01
8.34472656e-02	1.97569645e-03	2.04704675e-01
8.34960938e-02	1.98571728e-03	2.05748528e-01
8.35449219e-02	1.99578921e-03	2.06797727e-01
8.35937500e-02	2.00591250e-03	2.07852300e-01
8.36425781e-02	2.01608742e-03	2.08912273e-01
8.36914063e-02	2.02631422e-03	2.09977674e-01
8.37402344e-02	2.03659319e-03	2.11048532e-01
8.37890625e-02	2.04692457e-03	2.12124875e-01
8.38378906e-02	2.05730864e-03	2.13206730e-01
8.38867188e-02	2.06774567e-03	2.14294126e-01
8.39355469e-02	2.07823594e-03	2.15387091e-01
8.39843750e-02	2.08877970e-03	2.16485655e-01
8.40332031e-02	2.09937725e-03	2.17589845e-01
8.40820313e-02	2.11002885e-03	2.18699691e-01
8.41308594e-02	2.12073478e-03	2.19815223e-01
8.41796875e-02	2.13149532e-03	2.20936468e-01
8.42285156e-02	2.14231075e-03	2.22063456e-01
8.42773438e-02	2.15318135e-03	2.23196218e-01
8.43261719e-02	2.16410740e-03	2.24334782e-01
8.43750000e-02	2.17508918e-03	2.25479179e-01
8.44238281e-02	2.18612699e-03	2.26629438e-01
8.44726562e-02	2.19722111e-03	2.27785589e-01
8.45214844e-02	2.20837182e-03	2.28947664e-01
8.45703125e-02	2.21957942e-03	2.30115692e-01
8.46191406e-02	2.23084420e-03	2.31289703e-01
8.46679688e-02	2.24216645e-03	2.32469730e-01
8.47167969e-02	2.25354647e-03	2.33655802e-01
8.47656250e-02	2.26498455e-03	2.34847951e-01
8.48144531e-02	2.27648099e-03	2.36046207e-01
8.48632813e-02	2.28803609e-03	2.37250603e-01
8.49121094e-02	2.29965015e-03	2.38461170e-01
8.49609375e-02	2.31132346e-03	2.39677940e-01
8.50097656e-02	2.32305635e-03	2.40900944e-01
8.50585938e-02	2.33484910e-03	2.42130215e-01
8.51074219e-02	2.34670203e-03	2.43365784e-01
8.51562500e-02	2.35861544e-03	2.44607685e-01
8.52050781e-02	2.37058965e-03	2.45855949e-01
8.52539063e-02	2.38262497e-03	2.47110610e-01
8.53027344e-02	2.39472171e-03	2.48371700e-01
8.53515625e-02	2.40688018e-03	2.49639252e-01
8.54003906e-02	2.41910070e-03	2.50913301e-01
8.54492188e-02	2.43138359e-03	2.52193878e-01
8.54980469e-02	2.44372917e-03	2.53481018e-01
8.55468750e-02	2.45613776e-03	2.54774754e-01
8.55957031e-02	2.46860968e-03	2.56075120e-01
8.56445313e-02	2.48114525e-03	2.57382151e-01
8.56933594e-02	2.49374482e-03	2.58695881e-01
8.57421875e-02	2.50640869e-03	2.60016343e-01
8.57910156e-02	2.51913720e-03	2.61343574e-01
8.58398438e-02	2.53193069e-03	2.62677606e-01
8.58886719e-02	2.54478948e-03	2.64018477e-01
8.59375000e-02	2.55771391e-03	2.65366220e-01
8.59863281e-02	2.57070432e-03	2.66720871e-01
8.60351563e-02	2.58376104e-03	2.68082465e-01
8.60839844e-02	2.59688442e-03	2.69451039e-01
8.61328125e-02	2.61007479e-03	2.70826628e-01
8.61816406e-02	2.62333250e-03	2.72209269e-01
8.62304688e-02	2.63665790e-03	2.73598996e-01
8.62792969e-02	2.65005133e-03	2.74995848e-01
8.63281250e-02	2.66351314e-03	2.76399861e-01
8.63769531e-02	2.67704368e-03	2.77811070e-01
8.64257812e-02	2.69064330e-03	2.79229515e-01
8.64746094e-02	2.70431236e-03	2.80655231e-01
8.65234375e-02	2.71805122e-03	2.82088256e-01
8.65722656e-02	2.73186022e-03	2.83528627e-01
8.66210938e-02	2.74573974e-03	2.84976384e-01
8.66699219e-02	2.75969013e-03	2.86431562e-01
8.67187500e-02	2.77371175e-03	2.87894202e-01
8.67675781e-02	2.78780498e-03	2.89364340e-01
8.68164063e-02	2.80197017e-03	2.90842016e-01
8.68652344e-02	2.81620770e-03	2.92327268e-01
8.69140625e-02	2.83051794e-03	2.93820136e-01
8.69628906e-02	2.84490126e-03	2.95320658e-01
8.70117188e-02	2.85935804e-03	2.96828874e-01
8.70605469e-02	2.87388865e-03	2.98344824e-01
8.71093750e-02	2.88849347e-03	2.99868547e-01
8.71582031e-02	2.90317288e-03	3.01400083e-01
8.72070313e-02	2.91792726e-03	3.02939473e-01
8.72558594e-02	2.93275700e-03	3.04486756e-01
8.73046875e-02	2.94766249e-03	3.06041975e-01
8.73535156e-02	2.96264411e-03	3.07605168e-01
8.74023438e-02	2.97770225e-03	3.09176378e-01
8.74511719e-02	2.99283731e-03	3.10755645e-01
8.75000000e-02	3.00804968e-03	3.12343012e-01
8.75488281e-02	3.02333976e-03	3.13938519e-01
8.75976563e-02	3.03870794e-03	3.15542209e-01
8.76464844e-02	3.05415463e-03	3.17154124e-01
8.76953125e-02	3.06968022e-03	3.18774305e-01
8.77441406e-02	3.08528513e-03	3.20402797e-01
8.77929688e-02	3.10096976e-03	3.22039641e-01
8.78417969e-02	3.11673452e-03	3.23684880e-01
8.78906250e-02	3.13257982e-03	3.25338557e-01
8.79394531e-02	3.14850607e-03	3.27000717e-01
8.79882813e-02	3.16451369e-03	3.28671402e-01
8.80371094e-02	3.18060310e-03	3.30350657e-01
8.80859375e-02	3.19677471e-03	3.32038526e-01
8.81347656e-02	3.21302895e-03	3.33735052e-01
8.81835938e-02	3.22936623e-03	3.35440281e-01
8.82324219e-02	3.24578700e-03	3.37154258e-01
8.82812500e-02	3.26229167e-03	3.38877026e-01
8.83300781e-02	3.27888068e-03	3.40608632e-01
8.83789062e-02	3.29555445e-03	3.42349122e-01
8.84277344e-02	3.31231342e-03	3.44098540e-01
8.84765625e-02	3.32915804e-03	3.45856933e-01
8.85253906e-02	3.34608874e-03	3.47624347e-01
8.85742188e-02	3.36310595e-03	3.49400828e-01
8.86230469e-02	3.38021013e-03	3.51186423e-01
8.86718750e-02	3.39740172e-03	3.52981179e-01
8.87207031e-02	3.41468118e-03	3.54785144e-01
8.87695313e-02	3.43204894e-03	3.56598363e-01
8.88183594e-02	3.44950546e-03	3.58420887e-01
8.88671875e-02	3.46705121e-03	3.60252761e-01
8.89160156e-02	3.48468663e-03	3.62094034e-01
8.89648438e-02	3.50241218e-03	3.63944755e-01
8.90136719e-02	3.52022834e-03	3.65804972e-01
8.90625000e-02	3.53813556e-03	3.67674735e-01
8.91113281e-02	3.55613431e-03	3.69554091e-01
8.91601563e-02	3.57422506e-03	3.71443091e-01
8.92089844e-02	3.59240828e-03	3.73341785e-01
8.92578125e-02	3.61068446e-03	3.75250222e-01
8.93066406e-02	3.62905405e-03	3.77168452e-01
8.93554688e-02	3.64751755e-03	3.79096526e-01
8.94042969e-02	3.66607544e-03	3.81034494e-01
8.94531250e-02	3.68472819e-03	3.82982408e-01
8.95019531e-02	3.70347631e-03	3.84940319e-01
8.95507813e-02	3.72232027e-03	3.86908277e-01
8.95996094e-02	3.74126057e-03	3.88886336e-01
8.96484375e-02	3.76029770e-03	3.90874546e-01
8.96972656e-02	3.77943216e-03	3.92872961e-01
8.97460938e-02	3.79866445e-03	3.94881632e-01
8.97949219e-02	3.81799507e-03	3.96900613e-01
8.98437500e-02	3.83742453e-03	3.98929956e-01
8.98925781e-02	3.85695333e-03	4.00969715e-01
8.99414063e-02	3.87658198e-03	4.03019944e-01
8.99902344e-02	3.89631100e-03	4.05080697e-01
9.00390625e-02	3.91614090e-03	4.07152027e-01
9.00878906e-02	3.93607220e-03	4.09233989e-01
9.01367188e-02	3.95610542e-03	4.11326638e-01
9.01855469e-02	3.97624108e-03	4.13430029e-01
9.02343750e-02	3.99647971e-03	4.15544218e-01
9.02832031e-02	4.01682183e-03	4.17669259e-01
9.03320312e-02	4.03726799e-03	4.19805209e-01
9.03808594e-02	4.05781870e-03	4.21952125e-01
9.04296875e-02	4.07847452e-03	4.24110061e-01
9.04785156e-02	4.09923597e-03	4.26279076e-01
9.05273438e-02	4.12010361e-03	4.28459226e-01
9.05761719e-02	4.14107797e-03	4.30650569e-01
9.06250000e-02	4.16215960e-03	4.32853162e-01
9.06738281e-02	4.18334906e-03	4.35067064e-01
9.07226563e-02	4.20464690e-03	4.37292332e-01
9.07714844e-02	4.22605367e-03	4.39529025e-01
9.08203125e-02	4.24756993e-03	4.41777202e-01
9.08691406e-02	4.26919626e-03	4.44036922e-01
9.09179688e-02	4.29093320e-03	4.46308244e-01
9.09667969e-02	4.31278133e-03	4.48591229e-01
9.10156250e-02	4.33474122e-03	4.50885937e-01
9.10644531e-02	4.35681345e-03	4.53192427e-01
9.11132813e-02	4.37899858e-03	4.55510760e-01
9.11621094e-02	4.40129721e-03	4.57840998e-01
9.12109375e-02	4.42370991e-03	4.60183202e-01
9.12597656e-02	4.44623727e-03	4.62537433e-01
9.13085938e-02	4.46887988e-03	4.64903754e-01
9.13574219e-02	4.49163832e-03	4.67282227e-01
9.14062500e-02	4.51451320e-03	4.69672914e-01
9.14550781e-02	4.53750512e-03	4.72075878e-01
9.15039063e-02	4.56061467e-03	4.74491182e-01
9.15527344e-02	4.58384245e-03	4.76918891e-01
9.16015625e-02	4.60718908e-03	4.79359068e-01
9.16503906e-02	4.63065517e-03	4.81811777e-01
9.16992188e-02	4.65424132e-03	4.84277083e-01
9.17480469e-02	4.67794816e-03	4.86755051e-01
9.17968750e-02	4.70177630e-03	4.89245746e-01
9.18457031e-02	4.72572638e-03	4.91749233e-01
9.18945313e-02	4.74979900e-03	4.94265579e-01
9.19433594e-02	4.77399481e-03	4.96794850e-01
9.19921875e-02	4.79831444e-03	4.99337112e-01
9.20410156e-02	4.82275852e-03	5.01892433e-01
9.20898438e-02	4.84732770e-03	5.04460879e-01
9.21386719e-02	4.87202260e-03	5.07042519e-01
9.21875000e-02	4.89684389e-03	5.09637419e-01
9.22363281e-02	4.92179221e-03	5.12245650e-01
9.22851562e-02	4.94686821e-03	5.14867279e-01
9.23339844e-02	4.97207254e-03	5.17502375e-01
9.23828125e-02	4.99740588e-03	5.20151008e-01
9.24316406e-02	5.02286887e-03	5.22813247e-01
9.24804688e-02	5.04846219e-03	5.25489164e-01
9.25292969e-02	5.07418651e-03	5.28178827e-01
9.25781250e-02	5.10004250e-03	5.30882309e-01
9.26269531e-02	5.12603082e-03	5.33599680e-01
9.26757813e-02	5.15215218e-03	5.36331012e-01
9.27246094e-02	5.17840724e-03	5.39076376e-01
9.27734375e-02	5.20479670e-03	5.41835846e-01
9.28222656e-02	5.23132125e-03	5.44609494e-01
9.28710938e-02	5.25798157e-03	5.47397393e-01
9.29199219e-02	5.28477837e-03	5.50199616e-01
9.29687500e-02	5.31171235e-03	5.53016238e-01
9.30175781e-02	5.33878422e-03	5.55847332e-01
9.30664063e-02	5.36599467e-03	5.58692973e-01
9.31152344e-02	5.39334444e-03	5.61553237e-01
9.31640625e-02	5.42083422e-03	5.64428198e-01
9.32128906e-02	5.44846474e-03	5.67317932e-01
9.32617188e-02	5.47623672e-03	5.70222516e-01
9.33105469e-02	5.50415089e-03	5.73142026e-01
9.33593750e-02	5.53220799e-03	5.76076539e-01
9.34082031e-02	5.56040874e-03	5.79026132e-01
9.34570313e-02	5.58875388e-03	5.81990883e-01
9.35058594e-02	5.61724416e-03	5.84970871e-01
9.35546875e-02	5.64588031e-03	5.87966174e-01
9.36035156e-02	5.67466310e-03	5.90976870e-01
9.36523438e-02	5.70359328e-03	5.94003040e-01
9.37011719e-02	5.73267159e-03	5.97044763e-01
9.37500000e-02	5.76189881e-03	6.00102119e-01
9.37988281e-02	5.79127570e-03	6.03175188e-01
9.38476563e-02	5.82080302e-03	6.06264053e-01
9.38964844e-02	5.85048156e-03	6.09368794e-01
9.39453125e-02	5.88031208e-03	6.12489493e-01
9.39941406e-02	5.91029538e-03	6.15626233e-01
9.40429688e-02	5.94043223e-03	6.18779096e-01
9.40917969e-02	5.97072342e-03	6.21948165e-01
9.41406250e-02	6.00116975e-03	6.25133524e-01
9.41894531e-02	6.03177202e-03	6.28335258e-01
9.42382812e-02	6.06253102e-03	6.31553450e-01
9.42871094e-02	6.09344756e-03	6.34788185e-01
9.43359375e-02	6.12452246e-03	6.38039549e-01
9.43847656e-02	6.15575652e-03	6.41307627e-01
9.44335938e-02	6.18715057e-03	6.44592506e-01
9.44824219e-02	6.21870542e-03	6.47894272e-01
9.45312500e-02	6.25042190e-03	6.51213013e-01
9.45800781e-02	6.28230086e-03	6.54548816e-01
9.46289063e-02	6.31434311e-03	6.57901769e-01
9.46777344e-02	6.34654950e-03	6.61271960e-01
9.47265625e-02	6.37892087e-03	6.64659479e-01
9.47753906e-02	6.41145807e-03	6.68064414e-01
9.48242188e-02	6.44416196e-03	6.71486857e-01
9.48730469e-02	6.47703339e-03	6.74926896e-01
9.49218750e-02	6.51007322e-03	6.78384623e-01
9.49707031e-02	6.54328232e-03	6.81860130e-01
9.50195313e-02	6.57666156e-03	6.85353507e-01
9.50683594e-02	6.61021182e-03	6.88864847e-01
9.51171875e-02	6.64393396e-03	6.92394242e-01
9.51660156e-02	6.67782888e-03	6.95941787e-01
9.52148438e-02	6.71189747e-03	6.99507574e-01
9.52636719e-02	6.74614062e-03	7.03091698e-01
9.53125000e-02	6.78055922e-03	7.06694253e-01
9.53613281e-02	6.81515418e-03	7.10315335e-01
9.54101563e-02	6.84992641e-03	7.13955038e-01
9.54589844e-02	6.88487681e-03	7.17613459e-01
9.55078125e-02	6.92000631e-03	7.21290696e-01
9.55566406e-02	6.95531582e-03	7.24986844e-01
9.56054688e-02	6.99080627e-03	7.28702001e-01
9.56542969e-02	7.02647859e-03	7.32436266e-01
9.57031250e-02	7.06233371e-03	7.36189737e-01
9.57519531e-02	7.09837259e-03	7.39962513e-01
9.58007813e-02	7.13459615e-03	7.43754694e-01
9.58496094e-02	7.17100536e-03	7.47566380e-01
9.58984375e-02	7.20760116e-03	7.51397672e-01
9.59472656e-02	7.24438452e-03	7.55248671e-01
9.59960938e-02	7.28135640e-03	7.59119478e-01
9.60449219e-02	7.31851777e-03	7.63010197e-01
9.60937500e-02	7.35586960e-03	7.66920929e-01
9.61425781e-02	7.39341288e-03	7.70851778e-01
9.61914062e-02	7.43114859e-03	7.74802847e-01
9.62402344e-02	7.46907772e-03	7.78774242e-01
9.62890625e-02	7.50720126e-03	7.82766068e-01
9.63378906e-02	7.54552022e-03	7.86778429e-01
9.63867188e-02	7.58403559e-03	7.90811431e-01
9.64355469e-02	7.62274840e-03	7.94865182e-01
9.64843750e-02	7.66165966e-03	7.98939788e-01
9.65332031e-02	7.70077038e-03	8.03035357e-01
9.65820313e-02	7.74008159e-03	8.07151997e-01
9.66308594e-02	7.77959433e-03	8.11289818e-01
9.66796875e-02	7.81930963e-03	8.15448928e-01
9.67285156e-02	7.85922854e-03	8.19629437e-01
9.67773438e-02	7.89935209e-03	8.23831456e-01
9.68261719e-02	7.93968136e-03	8.28055096e-01
9.68750000e-02	7.98021738e-03	8.32300469e-01
9.69238281e-02	8.02096123e-03	8.36567687e-01
9.69726563e-02	8.06191398e-03	8.40856862e-01
9.70214844e-02	8.10307670e-03	8.45168108e-01
9.70703125e-02	8.14445047e-03	8.49501539e-01
9.71191406e-02	8.18603638e-03	8.53857270e-01
9.71679688e-02	8.22783552e-03	8.58235416e-01
9.72167969e-02	8.26984898e-03	8.62636092e-01
9.72656250e-02	8.31207787e-03	8.67059415e-01
9.73144531e-02	8.35452331e-03	8.71505502e-01
9.73632813e-02	8.39718639e-03	8.75974471e-01
9.74121094e-02	8.44006825e-03	8.80466439e-01
9.74609375e-02	8.48317001e-03	8.84981526e-01
9.75097656e-02	8.52649280e-03	8.89519851e-01
9.75585938e-02	8.57003775e-03	8.94081533e-01
9.76074219e-02	8.61380602e-03	8.98666695e-01
9.76562500e-02	8.65779875e-03	9.03275456e-01
9.77050781e-02	8.70201709e-03	9.07907939e-01
9.77539063e-02	8.74646221e-03	9.12564266e-01
9.78027344e-02	8.79113528e-03	9.17244562e-01
9.78515625e-02	8.83603747e-03	9.21948948e-01
9.79003906e-02	8.88116995e-03	9.26677551e-01
9.79492188e-02	8.92653391e-03	9.31430494e-01
9.79980469e-02	8.97213056e-03	9.36207905e-01
9.80468750e-02	9.01796107e-03	9.41009908e-01
9.80957031e-02	9.06402666e-03	9.45836632e-01
9.81445312e-02	9.11032853e-03	9.50688204e-01
9.81933594e-02	9.15686791e-03	9.55564753e-01
9.82421875e-02	9.20364602e-03	9.60466407e-01
9.82910156e-02	9.25066408e-03	9.65393296e-01
9.83398438e-02	9.29792333e-03	9.70345552e-01
9.83886719e-02	9.34542501e-03	9.75323304e-01
9.84375000e-02	9.39317037e-03	9.80326684e-01
9.84863281e-02	9.44116066e-03	9.85355826e-01
9.85351563e-02	9.48939715e-03	9.90410862e-01
9.85839844e-02	9.53788111e-03	9.95491926e-01
9.86328125e-02	9.58661380e-03	1.00059915e+00
9.86816406e-02	9.63559651e-03	1.00573268e+00
9.87304688e-02	9.68483053e-03	1.01089264e+00
9.87792969e-02	9.73431714e-03	1.01607916e+00
9.88281250e-02	9.78405766e-03	1.02129240e+00
9.88769531e-02	9.83405339e-03	1.02653248e+00
9.89257813e-02	9.88430563e-03	1.03179955e+00
9.89746094e-02	9.93481572e-03	1.03709374e+00
9.90234375e-02	9.98558498e-03	1.04241520e+00
9.90722656e-02	1.00366148e-02	1.04776406e+00
9.91210938e-02	1.00879064e-02	1.05314047e+00
9.91699219e-02	1.01394612e-02	1.05854457e+00
9.92187500e-02	1.01912805e-02	1.06397650e+00
9.92675781e-02	1.02433658e-02	1.06943641e+00
9.93164063e-02	1.02957184e-02	1.07492443e+00
9.93652344e-02	1.03483396e-02	1.08044073e+00
9.94140625e-02	1.04012309e-02	1.08598544e+00
9.94628906e-02	1.04543936e-02	1.09155871e+00
9.95117188e-02	1.05078291e-02	1.09716069e+00
9.95605469e-02	1.05615389e-02	1.10279152e+00
9.96093750e-02	1.06155243e-02	1.10845136e+00
9.96582031e-02	1.06697868e-02	1.11414035e+00
9.97070313e-02	1.07243278e-02	1.11985865e+00
9.97558594e-02	1.07791487e-02	1.12560641e+00
9.98046875e-02	1.08342510e-02	1.13138377e+00
9.98535156e-02	1.08896361e-02	1.13719091e+00
9.99023438e-02	1.09453055e-02	1.14302795e+00
9.99511719e-02	1.10012607e-02	1.14889508e+00
1.00000000e-01	1.10575030e-02	1.15479242e+00
